Request id 27
93 86 79 69 64 59 57 54 53 48 34 45 65 65 65 62 67 63 68 77 73 72 75 56 49 46 40 36 35 26 21 
93 86 79 69 80 81 82 84 83 74 67 62 65 65 65 54 57 59 64 69 80 81 71 74 67 62 60 58 55 52 50 46 40 36 35 26 21 
93 86 70 76 79 69 80 81 71 74 67 62 65 65 65 54 57 59 64 69 80 81 71 74 67 63 68 66 78 75 56 49 46 40 36 35 26 21 
93 86 70 76 79 69 64 59 57 54 65 65 65 62 60 58 55 52 50 46 40 36 35 26 21 
93 86 79 69 80 81 71 74 67 63 68 77 73 72 75 56 49 46 50 52 55 58 60 62 65 65 65 54 57 59 64 69 80 81 71 74 67 62 60 58 55 52 50 46 40 37 30 21 
93 86 70 76 79 69 64 59 57 54 65 65 65 62 67 63 68 66 78 75 56 49 46 40 36 35 26 21 
93 86 79 69 64 59 57 54 65 65 65 62 67 63 68 66 78 75 56 49 46 40 36 35 26 21 
93 86 70 76 79 69 64 59 57 54 53 48 34 45 65 65 65 62 60 58 55 52 50 46 40 36 35 26 21 
93 86 79 69 80 81 71 74 67 62 65 65 65 62 60 58 55 52 50 46 40 37 30 21 
93 86 79 69 64 59 57 54 65 65 65 62 60 58 55 52 50 46 40 37 30 21 
93 86 70 76 79 69 80 81 71 74 67 62 65 65 65 62 67 63 68 77 73 72 75 56 49 46 40 36 35 26 21 
93 86 70 76 79 69 64 59 57 54 53 48 34 45 65 65 65 62 67 63 68 77 73 72 75 56 49 46 40 37 30 21 
93 86 70 76 79 69 64 59 57 54 53 48 34 45 65 65 65 54 57 59 64 69 80 81 71 74 67 63 68 66 78 75 56 49 46 40 36 35 26 21 
93 86 79 69 80 81 71 74 67 63 68 77 73 72 75 56 49 46 50 52 55 58 60 62 65 65 65 62 60 58 55 52 50 46 40 36 35 26 21 
93 86 79 69 80 81 71 74 67 62 65 65 65 62 67 63 68 66 78 75 56 49 46 40 37 30 21 
93 86 79 69 64 59 57 54 53 48 34 45 65 65 65 54 57 59 64 69 80 81 71 74 67 62 60 58 55 52 50 46 40 36 35 26 21 
93 86 79 69 64 59 57 54 53 48 34 45 65 65 65 54 57 59 64 69 80 81 71 74 67 63 68 66 78 75 56 49 46 40 37 30 21 
93 86 70 76 79 69 80 81 82 84 83 74 67 62 65 65 65 62 67 63 68 66 78 75 56 49 46 40 37 30 21 
93 86 79 69 80 81 71 74 67 63 68 77 73 72 75 56 49 46 50 52 55 58 60 62 65 65 65 62 67 63 68 77 73 72 75 56 49 46 40 37 30 21 
93 86 79 69 64 59 57 54 65 65 65 54 57 59 64 69 80 81 71 74 67 63 68 66 78 75 56 49 46 40 37 30 21 
93 86 70 76 79 69 64 59 57 54 53 48 34 45 65 65 65 54 57 59 64 69 80 81 71 74 67 62 60 58 55 52 50 46 40 36 35 26 21 
93 86 79 69 80 81 71 74 67 63 68 77 73 72 75 56 49 46 50 52 55 58 60 62 65 65 65 62 67 63 68 77 73 72 75 56 49 46 40 36 35 26 21 
93 86 79 69 80 81 82 84 83 74 67 62 65 65 65 62 67 63 68 77 73 72 75 56 49 46 40 36 35 26 21 
93 86 79 69 80 81 71 74 67 63 68 77 73 72 75 56 49 46 50 52 55 58 60 62 65 65 65 62 67 63 68 66 78 75 56 49 46 40 37 30 21 
93 86 79 69 80 81 82 84 83 74 67 62 65 65 65 62 67 63 68 77 73 72 75 56 49 46 40 37 30 21 
93 86 70 76 79 69 80 81 71 74 67 62 65 65 65 62 67 63 68 77 73 72 75 56 49 46 40 37 30 21 
93 86 70 76 79 69 80 81 82 84 83 74 67 62 65 65 65 54 57 59 64 69 80 81 71 74 67 63 68 66 78 75 56 49 46 40 37 30 21 
93 86 79 69 80 81 82 84 83 74 67 62 65 65 65 54 57 59 64 69 80 81 71 74 67 63 68 66 78 75 56 49 46 40 37 30 21 
93 86 70 76 79 69 80 81 82 84 83 74 67 62 65 65 65 54 57 59 64 69 80 81 71 74 67 63 68 66 78 75 56 49 46 40 36 35 26 21 
93 86 70 76 79 69 64 59 57 54 53 48 34 45 65 65 65 54 57 59 64 69 80 81 71 74 67 63 68 66 78 75 56 49 46 40 37 30 21 
---------------
Request id 6
62 67 74 71 81 80 69 64 59 57 54 53 48 34 45 65 62 60 58 55 52 50 46 49 56 75 72 73 77 68 63 67 74 71 81 80 69 64 59 57 54 53 48 
62 67 74 83 84 82 81 80 69 64 59 57 54 53 48 34 45 65 62 60 58 55 52 50 46 49 56 75 78 66 68 63 67 74 71 81 80 69 64 59 57 54 53 48 
62 67 74 83 84 82 81 80 69 64 59 57 54 65 62 60 58 55 52 50 46 49 56 75 72 73 77 68 63 67 74 83 84 82 81 80 69 64 59 57 54 53 48 
62 60 58 55 52 50 46 49 56 75 78 66 68 63 67 74 83 84 82 81 80 69 64 59 57 54 65 62 60 58 55 52 50 46 49 56 75 72 73 77 68 63 67 74 83 84 82 81 80 69 64 59 57 54 53 48 
62 60 58 55 52 50 46 49 56 75 78 66 68 63 67 74 83 84 82 81 80 69 64 59 57 54 65 62 67 74 71 81 80 69 64 59 57 54 53 48 
62 60 58 55 52 50 46 49 56 75 72 73 77 68 63 67 74 83 84 82 81 80 69 64 59 57 54 65 62 67 74 71 81 80 69 64 59 57 54 53 48 
62 60 58 55 52 50 46 49 56 75 72 73 77 68 63 67 74 83 84 82 81 80 69 64 59 57 54 65 45 34 48 
62 67 74 71 81 80 69 64 59 57 54 65 62 60 58 55 52 50 46 49 56 75 78 66 68 63 67 74 71 81 80 69 64 59 57 54 53 48 
62 60 58 55 52 50 46 49 56 75 78 66 68 63 67 74 71 81 80 69 64 59 57 54 65 62 67 74 83 84 82 81 80 69 64 59 57 54 53 48 
62 60 58 55 52 50 46 49 56 75 72 73 77 68 63 67 74 71 81 80 69 64 59 57 54 65 62 67 74 71 81 80 69 64 59 57 54 53 48 
62 67 74 83 84 82 81 80 69 64 59 57 54 53 48 34 45 65 62 60 58 55 52 50 46 49 56 75 72 73 77 68 63 67 74 83 84 82 81 80 69 64 59 57 54 53 48 
62 67 74 83 84 82 81 80 69 64 59 57 54 53 48 34 45 65 62 67 74 71 81 80 69 64 59 57 54 53 48 
62 60 58 55 52 50 46 49 56 75 78 66 68 63 67 74 71 81 80 69 64 59 57 54 53 48 34 45 65 54 53 48 
62 60 58 55 52 50 46 49 56 75 72 73 77 68 63 67 74 71 81 80 69 64 59 57 54 65 62 67 74 83 84 82 81 80 69 64 59 57 54 53 48 
62 67 74 71 81 80 69 64 59 57 54 65 54 53 48 
62 67 74 83 84 82 81 80 69 64 59 57 54 65 45 34 48 
62 60 58 55 52 50 46 49 56 75 72 73 77 68 63 67 74 71 81 80 69 64 59 57 54 65 62 60 58 55 52 50 46 49 56 75 78 66 68 63 67 74 83 84 82 81 80 69 64 59 57 54 53 48 
62 60 58 55 52 50 46 49 56 75 78 66 68 63 67 74 71 81 80 69 64 59 57 54 53 48 34 45 65 62 60 58 55 52 50 46 49 56 75 78 66 68 63 67 74 83 84 82 81 80 69 64 59 57 54 53 48 
62 67 74 83 84 82 81 80 69 64 59 57 54 65 62 60 58 55 52 50 46 49 56 75 78 66 68 63 67 74 71 81 80 69 64 59 57 54 53 48 
62 67 74 83 84 82 81 80 69 64 59 57 54 65 62 67 74 71 81 80 69 64 59 57 54 53 48 
62 67 74 71 81 80 69 64 59 57 54 53 48 34 45 65 62 67 74 83 84 82 81 80 69 64 59 57 54 53 48 
62 67 74 71 81 80 69 64 59 57 54 65 62 60 58 55 52 50 46 49 56 75 72 73 77 68 63 67 74 83 84 82 81 80 69 64 59 57 54 53 48 
62 60 58 55 52 50 46 49 56 75 72 73 77 68 63 67 74 71 81 80 69 64 59 57 54 65 62 60 58 55 52 50 46 49 56 75 78 66 68 63 67 74 71 81 80 69 64 59 57 54 53 48 
62 60 58 55 52 50 46 49 56 75 72 73 77 68 63 67 74 83 84 82 81 80 69 64 59 57 54 65 62 60 58 55 52 50 46 49 56 75 72 73 77 68 63 67 74 83 84 82 81 80 69 64 59 57 54 53 48 
62 65 54 53 48 
62 65 62 60 58 55 52 50 46 49 56 75 72 73 77 68 63 67 74 83 84 82 81 80 69 64 59 57 54 53 48 
62 60 58 55 52 50 46 49 56 75 72 73 77 68 63 67 74 83 84 82 81 80 69 64 59 57 54 65 62 67 74 83 84 82 81 80 69 64 59 57 54 53 48 
62 60 58 55 52 50 46 49 56 75 78 66 68 63 67 74 83 84 82 81 80 69 64 59 57 54 65 62 60 58 55 52 50 46 49 56 75 72 73 77 68 63 67 74 71 81 80 69 64 59 57 54 53 48 
62 67 74 83 84 82 81 80 69 64 59 57 54 53 48 34 45 65 62 60 58 55 52 50 46 49 56 75 72 73 77 68 63 67 74 71 81 80 69 64 59 57 54 53 48 
62 67 74 71 81 80 69 64 59 57 54 53 48 34 45 65 45 34 48 
---------------
Request id 18
89 88 84 82 81 71 74 67 63 68 77 73 72 75 56 49 46 50 52 55 58 60 62 65 65 65 62 60 58 55 52 50 46 49 56 75 78 66 68 63 67 74 71 81 80 69 64 
89 88 84 83 74 71 81 80 69 64 59 57 54 65 65 65 62 60 58 55 52 50 46 49 56 75 78 66 68 63 67 74 71 81 80 69 64 
89 88 84 83 74 71 81 80 69 64 59 57 54 53 48 34 45 65 65 65 62 60 58 55 52 50 46 49 56 75 72 73 77 68 63 67 74 71 81 80 69 64 
89 88 84 83 74 67 62 65 65 65 54 57 59 64 
89 88 84 82 81 80 69 64 59 57 54 53 48 34 45 65 65 65 62 67 74 83 84 82 81 80 69 64 
89 88 84 82 81 80 69 64 59 57 54 65 65 65 62 67 74 83 84 82 81 80 69 64 
89 88 84 83 74 71 81 80 69 64 59 57 54 65 65 65 45 34 48 53 54 57 59 64 
89 88 84 82 81 71 74 67 63 68 77 73 72 75 56 49 46 50 52 55 58 60 62 65 65 65 62 67 74 71 81 80 69 64 
89 88 84 83 74 67 62 65 65 65 62 60 58 55 52 50 46 49 56 75 72 73 77 68 63 67 74 83 84 82 81 80 69 64 
89 88 84 83 74 71 81 80 69 64 59 57 54 65 65 65 62 60 58 55 52 50 46 49 56 75 78 66 68 63 67 74 83 84 82 81 80 69 64 
89 88 84 83 74 71 81 80 69 64 59 57 54 53 48 34 45 65 65 65 62 60 58 55 52 50 46 49 56 75 78 66 68 63 67 74 83 84 82 81 80 69 64 
89 88 84 83 74 71 81 80 69 64 59 57 54 53 48 34 45 65 65 65 54 57 59 64 
89 88 84 82 81 71 74 67 63 68 66 78 75 56 49 46 50 52 55 58 60 62 65 65 65 45 34 48 53 54 57 59 64 
89 88 84 82 81 71 74 67 62 65 65 65 62 67 74 83 84 82 81 80 69 64 
89 88 84 83 74 67 63 68 77 73 72 75 56 49 46 50 52 55 58 60 62 65 65 65 62 60 58 55 52 50 46 49 56 75 72 73 77 68 63 67 74 83 84 82 81 80 69 64 
89 88 84 83 74 71 81 80 69 64 59 57 54 65 65 65 62 60 58 55 52 50 46 49 56 75 72 73 77 68 63 67 74 71 81 80 69 64 
89 88 84 82 81 71 74 67 62 65 65 65 45 34 48 53 54 57 59 64 
89 88 84 82 81 71 74 67 63 68 66 78 75 56 49 46 50 52 55 58 60 62 65 65 65 62 60 58 55 52 50 46 49 56 75 72 73 77 68 63 67 74 83 84 82 81 80 69 64 
89 88 84 82 81 71 74 67 62 65 65 65 62 60 58 55 52 50 46 49 56 75 78 66 68 63 67 74 83 84 82 81 80 69 64 
89 88 84 82 81 71 74 67 63 68 66 78 75 56 49 46 50 52 55 58 60 62 65 65 65 54 57 59 64 
89 88 84 83 74 71 81 80 69 64 59 57 54 53 48 34 45 65 65 65 62 67 74 83 84 82 81 80 69 64 
89 88 84 83 74 71 81 80 69 64 59 57 54 53 48 34 45 65 65 65 62 60 58 55 52 50 46 49 56 75 78 66 68 63 67 74 71 81 80 69 64 
89 88 84 83 74 67 63 68 77 73 72 75 56 49 46 50 52 55 58 60 62 65 65 65 62 67 74 71 81 80 69 64 
89 88 84 82 81 80 69 64 59 57 54 53 48 34 45 65 65 65 45 34 48 53 54 57 59 64 
89 88 84 82 81 71 74 67 62 65 65 65 62 60 58 55 52 50 46 49 56 75 78 66 68 63 67 74 71 81 80 69 64 
89 88 84 83 74 67 63 68 66 78 75 56 49 46 50 52 55 58 60 62 65 65 65 54 57 59 64 
89 88 84 83 74 67 63 68 66 78 75 56 49 46 50 52 55 58 60 62 65 65 65 62 67 74 71 81 80 69 64 
89 88 84 82 81 80 69 64 59 57 54 65 65 65 62 60 58 55 52 50 46 49 56 75 78 66 68 63 67 74 83 84 82 81 80 69 64 
89 88 84 82 81 80 69 64 59 57 54 53 48 34 45 65 65 65 62 60 58 55 52 50 46 49 56 75 78 66 68 63 67 74 83 84 82 81 80 69 64 
89 88 84 83 74 67 63 68 77 73 72 75 56 49 46 50 52 55 58 60 62 65 65 65 62 67 74 83 84 82 81 80 69 64 
---------------
Request id 22
29 23 17 17 17 23 29 38 
---------------
Request id 7
56 49 46 50 52 55 58 60 62 67 63 68 77 73 72 75 75 75 72 73 77 68 63 67 74 71 81 80 69 79 76 
56 49 46 50 52 55 58 60 62 65 45 34 48 53 54 57 59 64 69 80 81 82 84 83 74 67 63 68 66 78 75 75 75 78 66 68 63 67 74 83 84 82 81 80 69 79 86 70 76 
56 49 46 50 52 55 58 60 62 65 54 57 59 64 69 80 81 71 74 67 63 68 77 73 72 75 75 75 72 73 77 68 63 67 74 71 81 80 69 79 86 70 76 
56 49 46 50 52 55 58 60 62 65 54 57 59 64 69 80 81 82 84 83 74 67 63 68 66 78 75 75 75 78 66 68 63 67 62 65 54 57 59 64 69 79 86 70 76 
56 49 46 50 52 55 58 60 62 65 45 34 48 53 54 57 59 64 69 80 81 71 74 67 63 68 77 73 72 75 75 75 78 66 68 63 67 74 71 81 80 69 79 86 70 76 
56 75 75 75 78 66 68 63 67 74 83 84 82 81 80 69 79 86 70 76 
56 49 46 50 52 55 58 60 62 65 54 57 59 64 69 80 81 82 84 83 74 67 63 68 77 73 72 75 75 75 78 66 68 63 67 74 83 84 82 81 80 69 79 86 70 76 
56 49 46 50 52 55 58 60 62 67 63 68 77 73 72 75 75 75 78 66 68 63 67 62 65 54 57 59 64 69 79 76 
56 49 46 50 52 55 58 60 62 65 45 34 48 53 54 57 59 64 69 80 81 82 84 83 74 67 63 68 66 78 75 75 75 72 73 77 68 63 67 74 71 81 80 69 79 86 70 76 
56 49 46 50 52 55 58 60 62 65 45 34 48 53 54 57 59 64 69 80 81 71 74 67 63 68 66 78 75 75 75 72 73 77 68 63 67 74 71 81 80 69 79 76 
56 49 46 50 52 55 58 60 62 65 45 34 48 53 54 57 59 64 69 80 81 82 84 83 74 67 63 68 66 78 75 75 75 78 66 68 63 67 74 71 81 80 69 79 76 
56 49 46 50 52 55 58 60 62 67 63 68 66 78 75 75 75 78 66 68 63 67 62 65 54 57 59 64 69 79 76 
56 49 46 50 52 55 58 60 62 65 54 57 59 64 69 80 81 71 74 67 63 68 77 73 72 75 75 75 78 66 68 63 67 74 83 84 82 81 80 69 79 76 
56 49 46 50 52 55 58 60 62 65 54 57 59 64 69 80 81 71 74 67 63 68 66 78 75 75 75 72 73 77 68 63 67 62 65 54 57 59 64 69 79 76 
56 49 46 50 52 55 58 60 62 65 54 57 59 64 69 80 81 82 84 83 74 67 63 68 66 78 75 75 75 72 73 77 68 63 67 74 71 81 80 69 79 76 
56 49 46 50 52 55 58 60 62 65 54 57 59 64 69 80 81 71 74 67 63 68 77 73 72 75 75 75 72 73 77 68 63 67 74 83 84 82 81 80 69 79 76 
56 49 46 50 52 55 58 60 62 65 45 34 48 53 54 57 59 64 69 80 81 82 84 83 74 67 63 68 66 78 75 75 75 72 73 77 68 63 67 74 83 84 82 81 80 69 79 76 
56 49 46 50 52 55 58 60 62 67 63 68 66 78 75 75 75 78 66 68 63 67 74 71 81 80 69 79 86 70 76 
56 49 46 50 52 55 58 60 62 65 54 57 59 64 69 80 81 71 74 67 63 68 77 73 72 75 75 75 78 66 68 63 67 62 65 54 57 59 64 69 79 86 70 76 
56 49 46 50 52 55 58 60 62 65 45 34 48 53 54 57 59 64 69 80 81 71 74 67 63 68 66 78 75 75 75 78 66 68 63 67 62 65 54 57 59 64 69 79 86 70 76 
56 49 46 50 52 55 58 60 62 65 45 34 48 53 54 57 59 64 69 80 81 82 84 83 74 67 63 68 66 78 75 75 75 78 66 68 63 67 62 65 54 57 59 64 69 79 86 70 76 
56 49 46 50 52 55 58 60 62 65 45 34 48 53 54 57 59 64 69 80 81 71 74 67 63 68 77 73 72 75 75 75 78 66 68 63 67 74 83 84 82 81 80 69 79 86 70 76 
56 49 46 50 52 55 58 60 62 67 63 68 77 73 72 75 75 75 78 66 68 63 67 62 65 54 57 59 64 69 79 86 70 76 
56 49 46 50 52 55 58 60 62 67 63 68 66 78 75 75 75 72 73 77 68 63 67 74 83 84 82 81 80 69 79 76 
56 49 46 50 52 55 58 60 62 65 54 57 59 64 69 80 81 82 84 83 74 67 63 68 77 73 72 75 75 75 78 66 68 63 67 74 71 81 80 69 79 76 
56 49 46 50 52 55 58 60 62 67 63 68 77 73 72 75 75 75 78 66 68 63 67 74 83 84 82 81 80 69 79 76 
56 49 46 50 52 55 58 60 62 65 45 34 48 53 54 57 59 64 69 80 81 82 84 83 74 67 63 68 66 78 75 75 75 72 73 77 68 63 67 74 71 81 80 69 79 76 
56 49 46 50 52 55 58 60 62 65 45 34 48 53 54 57 59 64 69 80 81 71 74 67 63 68 77 73 72 75 75 75 78 66 68 63 67 74 71 81 80 69 79 76 
56 49 46 50 52 55 58 60 62 65 45 34 48 53 54 57 59 64 69 80 81 82 84 83 74 67 63 68 66 78 75 75 75 78 66 68 63 67 74 83 84 82 81 80 69 79 76 
56 75 75 75 72 73 77 68 63 67 74 71 81 80 69 79 86 70 76 
---------------
Request id 10
76 79 69 80 81 71 74 67 62 65 65 65 62 67 63 68 77 73 72 75 56 49 46 40 36 35 29 23 17 9 3 0 4 
76 79 69 80 81 82 84 83 74 67 62 65 65 65 62 67 63 68 77 73 72 75 56 49 46 40 36 35 29 23 17 9 3 0 4 
76 70 86 79 69 80 81 71 74 67 62 65 65 65 62 67 63 68 66 78 75 56 49 46 40 36 35 29 23 17 12 7 8 1 2 3 0 4 
76 79 69 80 81 71 74 67 62 65 65 65 62 67 63 68 66 78 75 56 49 46 40 36 35 29 23 17 12 7 8 1 2 3 0 4 
76 70 86 79 69 80 81 82 84 83 74 67 62 65 65 65 62 67 63 68 66 78 75 56 49 46 40 36 35 29 23 17 9 3 0 4 
76 70 86 79 69 80 81 82 84 83 74 67 62 65 65 65 62 60 58 55 52 50 46 40 37 30 21 26 35 29 23 17 9 3 0 4 
76 79 69 80 81 71 74 67 63 68 77 73 72 75 56 49 46 50 52 55 58 60 62 65 65 65 62 60 58 55 52 50 46 40 37 30 21 26 35 29 23 17 12 7 8 1 2 3 0 4 
76 79 69 64 59 57 54 65 65 65 62 60 58 55 52 50 46 40 36 35 29 23 17 9 13 32 31 22 14 11 6 4 
76 79 69 80 81 71 74 67 63 68 66 78 75 56 49 46 50 52 55 58 60 62 65 65 65 62 67 63 68 66 78 75 56 49 46 40 36 35 29 23 17 12 7 8 1 2 3 0 4 
76 70 86 79 69 80 81 71 74 67 62 65 65 65 62 60 58 55 52 50 46 40 37 30 21 26 35 29 23 17 12 7 8 1 2 3 0 4 
76 70 86 79 69 64 59 57 54 65 65 65 62 60 58 55 52 50 46 40 37 30 21 26 35 29 23 17 12 7 8 1 2 3 0 4 
76 70 86 79 69 64 59 57 54 65 65 65 62 67 63 68 77 73 72 75 56 49 46 40 36 35 29 23 17 9 3 0 4 
76 70 86 79 69 64 59 57 54 65 65 65 62 60 58 55 52 50 46 40 36 35 29 23 17 9 3 0 4 
76 79 69 80 81 82 84 83 74 67 62 65 65 65 62 67 63 68 77 73 72 75 56 49 46 40 37 30 21 26 35 29 23 17 9 3 0 4 
76 70 86 79 69 64 59 57 54 65 65 65 62 60 58 55 52 50 46 40 36 35 29 23 17 12 7 8 1 2 3 0 4 
76 70 86 79 69 64 59 57 54 53 48 34 45 65 65 65 62 60 58 55 52 50 46 40 37 30 21 26 35 29 23 17 9 3 0 4 
76 70 86 79 69 64 59 57 54 65 65 65 62 60 58 55 52 50 46 40 37 30 21 26 35 29 23 17 9 3 0 4 
76 70 86 79 69 64 59 57 54 65 65 65 62 67 63 68 66 78 75 56 49 46 40 36 35 29 23 17 9 3 0 4 
76 79 69 64 59 57 54 65 65 65 62 67 63 68 66 78 75 56 49 46 40 36 35 29 23 17 9 3 0 4 
76 79 69 64 59 57 54 53 48 34 45 65 65 65 62 67 63 68 66 78 75 56 49 46 40 36 35 29 23 17 9 3 0 4 
76 70 86 79 69 64 59 57 54 53 48 34 45 65 65 65 62 60 58 55 52 50 46 40 36 35 29 23 17 12 7 8 1 2 3 0 4 
76 79 69 64 59 57 54 53 48 34 45 65 65 65 62 67 63 68 66 78 75 56 49 46 40 36 35 29 23 17 12 7 8 1 2 3 0 4 
76 79 69 64 59 57 54 53 48 34 45 65 65 65 62 60 58 55 52 50 46 40 37 30 21 26 35 29 23 17 9 3 0 4 
76 70 86 79 69 64 59 57 54 65 65 65 62 67 63 68 66 78 75 56 49 46 40 36 35 29 23 17 12 7 8 1 2 3 0 4 
76 79 69 80 81 71 74 67 63 68 66 78 75 56 49 46 50 52 55 58 60 62 65 65 65 62 67 63 68 66 78 75 56 49 46 40 36 35 29 23 17 9 3 0 4 
76 79 69 80 81 71 74 67 62 65 65 65 62 60 58 55 52 50 46 40 36 35 29 23 17 12 7 8 1 2 3 0 4 
76 79 69 64 59 57 54 65 65 65 62 60 58 55 52 50 46 40 36 35 29 23 17 9 3 0 4 
76 70 86 79 69 80 81 82 84 83 74 67 62 65 65 65 62 60 58 55 52 50 46 40 37 30 21 26 35 29 23 17 12 7 8 1 2 3 0 4 
76 70 86 79 69 80 81 71 74 67 62 65 65 65 62 67 63 68 77 73 72 75 56 49 46 40 36 35 29 23 17 9 3 0 4 
76 79 69 64 59 57 54 53 48 34 45 65 65 65 62 60 58 55 52 50 46 40 36 35 29 23 17 9 13 32 31 22 14 11 6 4 
---------------
Request id 28
4 6 11 14 22 31 32 13 9 3 2 1 8 7 12 17 23 29 35 36 
4 6 11 14 22 31 32 13 9 17 12 7 8 1 2 3 9 17 23 29 35 36 
4 0 3 0 4 6 11 14 22 31 32 13 9 17 23 29 35 36 
4 0 3 2 1 8 7 12 17 23 29 35 26 21 30 37 40 36 
4 0 3 9 17 23 29 35 36 
4 6 11 14 22 31 32 13 9 17 12 7 8 1 2 3 9 17 23 29 35 26 21 30 37 40 36 
4 6 11 14 22 31 32 13 9 17 12 7 8 1 2 3 0 4 6 11 14 22 31 32 13 9 17 23 29 35 36 
4 6 11 14 22 31 32 13 9 3 2 1 8 7 12 17 23 29 35 26 21 30 37 40 36 
4 6 11 14 22 31 32 13 9 3 9 17 23 29 35 36 
4 6 11 14 22 31 32 13 9 17 12 7 8 1 2 3 0 4 6 11 14 22 31 32 13 9 17 23 29 35 26 21 30 37 40 36 
4 6 11 14 22 31 32 13 9 3 0 4 6 11 14 22 31 32 13 9 17 23 29 35 36 
4 0 3 9 17 23 29 35 26 21 30 37 40 36 
4 6 11 14 22 31 32 13 9 17 12 7 8 1 2 3 2 1 8 7 12 17 23 29 35 26 21 30 37 40 36 
4 6 11 14 22 31 32 13 9 3 9 17 23 29 35 26 21 30 37 40 36 
4 0 3 2 1 8 7 12 17 23 29 35 36 
4 0 3 0 4 6 11 14 22 31 32 13 9 17 23 29 35 26 21 30 37 40 36 
4 6 11 14 22 31 32 13 9 17 12 7 8 1 2 3 2 1 8 7 12 17 23 29 35 36 
4 6 11 14 22 31 32 13 9 3 0 4 6 11 14 22 31 32 13 9 17 23 29 35 26 21 30 37 40 36 
---------------
Request id 1
66 68 63 67 74 71 81 80 69 64 59 57 54 53 48 34 45 65 62 60 58 55 52 50 46 49 56 75 56 49 46 50 52 55 58 60 62 65 45 34 48 
66 68 63 67 74 71 81 80 69 64 59 57 54 65 62 60 58 55 52 50 46 49 56 75 78 66 68 63 67 62 65 54 53 48 
66 68 63 67 74 83 84 82 81 80 69 64 59 57 54 53 48 34 45 65 62 60 58 55 52 50 46 49 56 75 56 49 46 50 52 55 58 60 62 65 54 53 48 
66 68 77 73 72 75 78 66 68 63 67 62 65 45 34 48 
66 68 63 67 74 83 84 82 81 80 69 64 59 57 54 53 48 34 45 65 62 60 58 55 52 50 46 49 56 75 78 66 68 63 67 74 71 81 80 69 64 59 57 54 53 48 
66 68 63 67 62 60 58 55 52 50 46 49 56 75 72 73 77 68 63 67 74 71 81 80 69 64 59 57 54 53 48 
66 68 63 67 62 60 58 55 52 50 46 49 56 75 78 66 68 63 67 62 65 54 53 48 
66 68 63 67 74 71 81 80 69 64 59 57 54 65 62 60 58 55 52 50 46 49 56 75 56 49 46 50 52 55 58 60 62 65 45 34 48 
66 78 75 78 66 68 63 67 74 83 84 82 81 80 69 64 59 57 54 53 48 
66 68 63 67 74 71 81 80 69 64 59 57 54 53 48 34 45 65 62 60 58 55 52 50 46 49 56 75 78 66 68 63 67 74 83 84 82 81 80 69 64 59 57 54 53 48 
66 68 63 67 62 60 58 55 52 50 46 49 56 75 78 66 68 63 67 62 65 45 34 48 
66 68 63 67 74 71 81 80 69 64 59 57 54 65 62 60 58 55 52 50 46 49 56 75 72 73 77 68 63 67 62 65 54 53 48 
66 68 63 67 74 71 81 80 69 64 59 57 54 53 48 34 45 65 62 60 58 55 52 50 46 49 56 75 78 66 68 63 67 62 65 54 53 48 
66 68 63 67 74 71 81 80 69 64 59 57 54 53 48 34 45 65 62 60 58 55 52 50 46 49 56 75 72 73 77 68 63 67 62 65 45 34 48 
66 68 63 67 74 83 84 82 81 80 69 64 59 57 54 53 48 34 45 65 62 60 58 55 52 50 46 49 56 75 72 73 77 68 63 67 62 65 54 53 48 
66 78 75 72 73 77 68 63 67 74 71 81 80 69 64 59 57 54 53 48 
66 68 63 67 74 83 84 82 81 80 69 64 59 57 54 65 62 60 58 55 52 50 46 49 56 75 56 49 46 50 52 55 58 60 62 65 45 34 48 
66 78 75 78 66 68 63 67 74 71 81 80 69 64 59 57 54 53 48 
66 68 77 73 72 75 78 66 68 63 67 74 83 84 82 81 80 69 64 59 57 54 53 48 
66 78 75 72 73 77 68 63 67 62 65 54 53 48 
66 68 77 73 72 75 56 49 46 50 52 55 58 60 62 65 45 34 48 
66 68 77 73 72 75 78 66 68 63 67 74 71 81 80 69 64 59 57 54 53 48 
66 68 63 67 74 71 81 80 69 64 59 57 54 65 62 60 58 55 52 50 46 49 56 75 72 73 77 68 63 67 74 71 81 80 69 64 59 57 54 53 48 
66 68 63 67 74 83 84 82 81 80 69 64 59 57 54 53 48 34 45 65 62 60 58 55 52 50 46 49 56 75 56 49 46 50 52 55 58 60 62 65 45 34 48 
66 68 63 67 74 71 81 80 69 64 59 57 54 65 62 60 58 55 52 50 46 49 56 75 56 49 46 50 52 55 58 60 62 65 54 53 48 
66 78 75 78 66 68 63 67 62 65 54 53 48 
66 68 77 73 72 75 72 73 77 68 63 67 74 71 81 80 69 64 59 57 54 53 48 
66 68 63 67 74 83 84 82 81 80 69 64 59 57 54 53 48 34 45 65 62 60 58 55 52 50 46 49 56 75 72 73 77 68 63 67 74 71 81 80 69 64 59 57 54 53 48 
66 78 75 72 73 77 68 63 67 62 65 45 34 48 
66 68 77 73 72 75 72 73 77 68 63 67 62 65 45 34 48 
---------------
Request id 3
69 64 59 57 54 53 48 34 45 65 65 62 67 63 68 66 78 75 56 49 46 40 36 35 29 23 17 12 7 8 1 2 3 9 13 
69 80 81 82 84 83 74 67 63 68 77 73 72 75 56 49 46 50 52 55 58 60 62 65 65 62 67 63 68 77 73 72 75 56 49 46 40 36 35 29 23 17 9 13 
69 64 59 57 54 53 48 34 45 65 65 62 67 63 68 66 78 75 56 49 46 40 36 35 29 23 17 9 13 
69 64 59 57 54 65 65 62 60 58 55 52 50 46 40 36 35 29 23 17 9 3 0 4 6 11 14 22 31 32 13 
69 64 59 57 54 53 48 34 45 65 65 62 60 58 55 52 50 46 40 37 30 21 26 35 29 23 17 12 7 8 1 2 3 9 13 
69 80 81 82 84 83 74 67 63 68 66 78 75 56 49 46 50 52 55 58 60 62 65 65 62 67 63 68 77 73 72 75 56 49 46 40 36 35 29 23 17 9 13 
69 80 81 82 84 83 74 67 63 68 77 73 72 75 56 49 46 50 52 55 58 60 62 65 65 62 60 58 55 52 50 46 40 36 35 29 23 17 9 13 
69 80 81 82 84 83 74 67 62 65 65 62 60 58 55 52 50 46 40 36 35 29 23 17 12 7 8 1 2 3 9 13 
69 80 81 82 84 83 74 67 62 65 65 62 67 63 68 66 78 75 56 49 46 40 36 35 29 23 17 12 7 8 1 2 3 9 13 
69 80 81 82 84 83 74 67 63 68 77 73 72 75 56 49 46 50 52 55 58 60 62 65 65 62 67 63 68 66 78 75 56 49 46 40 37 30 21 26 35 29 23 17 9 13 
69 80 81 71 74 67 63 68 77 73 72 75 56 49 46 50 52 55 58 60 62 65 65 62 60 58 55 52 50 46 40 36 35 29 23 17 9 3 0 4 6 11 14 22 31 32 13 
69 80 81 82 84 83 74 67 63 68 77 73 72 75 56 49 46 50 52 55 58 60 62 65 65 62 67 63 68 66 78 75 56 49 46 40 36 35 29 23 17 9 13 
69 80 81 71 74 67 63 68 66 78 75 56 49 46 50 52 55 58 60 62 65 65 62 60 58 55 52 50 46 40 36 35 29 23 17 9 3 0 4 6 11 14 22 31 32 13 
69 64 59 57 54 53 48 34 45 65 65 62 67 63 68 77 73 72 75 56 49 46 40 36 35 29 23 17 9 13 
69 80 81 71 74 67 62 65 65 62 67 63 68 66 78 75 56 49 46 40 37 30 21 26 35 29 23 17 9 13 
69 80 81 71 74 67 63 68 77 73 72 75 56 49 46 50 52 55 58 60 62 65 65 62 60 58 55 52 50 46 40 37 30 21 26 35 29 23 17 9 13 
69 64 59 57 54 65 65 62 60 58 55 52 50 46 40 37 30 21 26 35 29 23 17 9 13 
69 80 81 82 84 83 74 67 63 68 66 78 75 56 49 46 50 52 55 58 60 62 65 65 62 67 63 68 66 78 75 56 49 46 40 36 35 29 23 17 9 13 
69 80 81 71 74 67 62 65 65 62 67 63 68 77 73 72 75 56 49 46 40 36 35 29 23 17 9 13 
69 80 81 82 84 83 74 67 62 65 65 62 67 63 68 66 78 75 56 49 46 40 37 30 21 26 35 29 23 17 9 13 
69 80 81 82 84 83 74 67 62 65 65 62 67 63 68 66 78 75 56 49 46 40 36 35 29 23 17 9 13 
69 64 59 57 54 65 65 62 67 63 68 66 78 75 56 49 46 40 37 30 21 26 35 29 23 17 9 13 
69 80 81 71 74 67 63 68 66 78 75 56 49 46 50 52 55 58 60 62 65 65 62 60 58 55 52 50 46 40 36 35 29 23 17 12 7 8 1 2 3 9 13 
69 80 81 82 84 83 74 67 63 68 66 78 75 56 49 46 50 52 55 58 60 62 65 65 62 60 58 55 52 50 46 40 37 30 21 26 35 29 23 17 12 7 8 1 2 3 9 13 
69 80 81 82 84 83 74 67 62 65 65 62 67 63 68 77 73 72 75 56 49 46 40 36 35 29 23 17 9 13 
69 64 59 57 54 53 48 34 45 65 65 62 60 58 55 52 50 46 40 36 35 29 23 17 9 13 
69 80 81 71 74 67 63 68 77 73 72 75 56 49 46 50 52 55 58 60 62 65 65 62 60 58 55 52 50 46 40 37 30 21 26 35 29 23 17 12 7 8 1 2 3 9 13 
69 80 81 82 84 83 74 67 63 68 66 78 75 56 49 46 50 52 55 58 60 62 65 65 62 67 63 68 77 73 72 75 56 49 46 40 37 30 21 26 35 29 23 17 9 13 
69 80 81 71 74 67 63 68 77 73 72 75 56 49 46 50 52 55 58 60 62 65 65 62 67 63 68 66 78 75 56 49 46 40 36 35 29 23 17 9 13 
69 80 81 71 74 67 63 68 66 78 75 56 49 46 50 52 55 58 60 62 65 65 62 67 63 68 66 78 75 56 49 46 40 37 30 21 26 35 29 23 17 9 13 
---------------
Request id 11
97 99 100 94 98 102 101 85 83 74 71 81 80 69 64 59 57 54 65 54 57 59 64 69 80 81 71 74 67 63 68 66 78 75 56 49 46 50 52 55 58 60 62 
97 99 100 94 87 85 83 84 82 81 80 69 64 59 57 54 65 54 57 59 64 69 80 81 82 84 83 74 67 63 68 77 73 72 75 56 49 46 50 52 55 58 60 62 
97 99 100 94 98 102 101 85 83 84 82 81 80 69 64 59 57 54 65 54 57 59 64 69 80 81 71 74 67 63 68 66 78 75 56 49 46 50 52 55 58 60 62 
97 99 100 94 87 85 83 84 82 81 71 74 67 62 65 54 57 59 64 69 80 81 82 84 83 74 67 63 68 77 73 72 75 56 49 46 50 52 55 58 60 62 
97 99 100 94 87 85 83 84 82 81 80 69 64 59 57 54 65 45 34 48 53 54 57 59 64 69 80 81 71 74 67 62 
97 99 100 94 87 85 83 84 82 81 80 69 64 59 57 54 53 48 34 45 65 54 57 59 64 69 80 81 71 74 67 63 68 77 73 72 75 56 49 46 50 52 55 58 60 62 
97 99 100 94 87 85 83 84 82 81 80 69 64 59 57 54 65 45 34 48 53 54 57 59 64 69 80 81 71 74 67 63 68 66 78 75 56 49 46 50 52 55 58 60 62 
97 99 100 94 98 102 101 85 83 74 71 81 80 69 64 59 57 54 65 54 57 59 64 69 80 81 71 74 67 63 68 77 73 72 75 56 49 46 50 52 55 58 60 62 
97 99 100 94 98 102 101 85 83 74 71 81 80 69 64 59 57 54 65 45 34 48 53 54 57 59 64 69 80 81 71 74 67 62 
97 99 100 94 98 102 101 85 83 74 67 62 65 54 57 59 64 69 80 81 71 74 67 63 68 66 78 75 56 49 46 50 52 55 58 60 62 
97 99 100 94 87 85 83 84 82 81 80 69 64 59 57 54 65 62 
97 99 100 94 87 85 83 84 82 81 80 69 64 59 57 54 65 54 57 59 64 69 80 81 71 74 67 62 
97 99 100 94 98 102 101 85 83 84 82 81 80 69 64 59 57 54 65 62 
97 99 100 94 87 85 83 74 71 81 80 69 64 59 57 54 53 48 34 45 65 62 
97 99 100 94 87 85 83 84 82 81 80 69 64 59 57 54 53 48 34 45 65 45 34 48 53 54 57 59 64 69 80 81 71 74 67 63 68 66 78 75 56 49 46 50 52 55 58 60 62 
97 99 100 94 87 85 83 74 71 81 80 69 64 59 57 54 53 48 34 45 65 54 57 59 64 69 80 81 71 74 67 63 68 77 73 72 75 56 49 46 50 52 55 58 60 62 
97 99 100 94 87 85 83 84 82 81 71 74 67 62 65 54 57 59 64 69 80 81 71 74 67 63 68 66 78 75 56 49 46 50 52 55 58 60 62 
97 99 100 94 98 102 101 85 83 74 71 81 80 69 64 59 57 54 65 45 34 48 53 54 57 59 64 69 80 81 71 74 67 63 68 66 78 75 56 49 46 50 52 55 58 60 62 
97 99 100 94 87 85 83 74 71 81 80 69 64 59 57 54 65 54 57 59 64 69 80 81 71 74 67 62 
97 99 100 94 87 85 83 74 71 81 80 69 64 59 57 54 65 45 34 48 53 54 57 59 64 69 80 81 82 84 83 74 67 62 
97 99 100 94 87 85 83 74 67 62 65 45 34 48 53 54 57 59 64 69 80 81 71 74 67 63 68 66 78 75 56 49 46 50 52 55 58 60 62 
97 99 100 94 87 85 83 74 71 81 80 69 64 59 57 54 53 48 34 45 65 45 34 48 53 54 57 59 64 69 80 81 71 74 67 63 68 66 78 75 56 49 46 50 52 55 58 60 62 
97 99 100 94 87 85 83 84 82 81 71 74 67 62 65 62 
97 99 100 94 87 85 83 84 82 81 71 74 67 62 65 45 34 48 53 54 57 59 64 69 80 81 71 74 67 63 68 66 78 75 56 49 46 50 52 55 58 60 62 
97 99 100 94 98 102 101 85 83 74 71 81 80 69 64 59 57 54 65 54 57 59 64 69 80 81 71 74 67 62 
97 99 100 94 87 85 83 74 71 81 80 69 64 59 57 54 65 54 57 59 64 69 80 81 71 74 67 63 68 77 73 72 75 56 49 46 50 52 55 58 60 62 
97 99 100 94 87 85 83 74 67 62 65 54 57 59 64 69 80 81 71 74 67 63 68 77 73 72 75 56 49 46 50 52 55 58 60 62 
97 99 100 94 87 85 83 74 71 81 80 69 64 59 57 54 53 48 34 45 65 54 57 59 64 69 80 81 82 84 83 74 67 63 68 77 73 72 75 56 49 46 50 52 55 58 60 62 
97 99 100 94 87 85 83 84 82 81 71 74 67 62 65 54 57 59 64 69 80 81 82 84 83 74 67 62 
97 99 100 94 87 85 83 74 67 62 65 45 34 48 53 54 57 59 64 69 80 81 71 74 67 62 
---------------
Request id 30
37 40 40 46 50 52 55 58 60 62 67 74 83 85 101 102 98 94 100 99 97 
37 30 21 26 35 36 40 40 46 50 52 55 58 60 62 67 74 83 85 87 94 100 99 97 
37 30 21 26 35 36 40 40 46 50 52 55 58 60 62 67 74 83 85 101 102 98 94 100 99 97 
37 40 40 46 49 56 75 72 73 77 68 63 67 74 83 85 101 102 98 94 100 99 97 
37 30 21 26 35 36 40 40 46 49 56 75 72 73 77 68 63 67 74 83 85 87 94 100 99 97 
37 40 40 46 49 56 75 78 66 68 63 67 74 83 85 101 102 98 94 100 99 97 
37 30 21 26 35 36 40 40 46 49 56 75 78 66 68 63 67 74 71 81 82 84 83 85 87 94 100 99 97 
37 30 21 26 35 36 40 40 46 49 56 75 72 73 77 68 63 67 74 83 85 101 102 98 94 100 99 97 
37 30 21 26 35 36 40 40 46 49 56 75 78 66 68 63 67 74 83 85 101 102 98 94 100 99 97 
37 40 40 46 49 56 75 72 73 77 68 63 67 74 83 85 87 94 100 99 97 
37 40 40 46 50 52 55 58 60 62 67 74 83 85 87 94 100 99 97 
37 30 21 26 35 36 40 40 46 49 56 75 72 73 77 68 63 67 74 71 81 82 84 83 85 87 94 100 99 97 
37 30 21 26 35 36 40 40 46 49 56 75 78 66 68 63 67 74 83 85 87 94 100 99 97 
37 40 40 46 49 56 75 72 73 77 68 63 67 74 71 81 82 84 83 85 87 94 100 99 97 
37 40 40 46 50 52 55 58 60 62 67 74 71 81 82 84 83 85 101 102 98 94 100 99 97 
37 40 40 46 50 52 55 58 60 62 67 74 71 81 82 84 83 85 87 94 100 99 97 
37 40 40 46 49 56 75 78 66 68 63 67 74 71 81 82 84 83 85 87 94 100 99 97 
37 30 21 26 35 36 40 40 46 50 52 55 58 60 62 67 74 71 81 82 84 83 85 87 94 100 99 97 
37 40 40 46 49 56 75 78 66 68 63 67 74 83 85 87 94 100 99 97 
37 30 21 26 35 36 40 40 46 50 52 55 58 60 62 67 74 71 81 82 84 83 85 101 102 98 94 100 99 97 
---------------
Request id 21
38 29 23 17 9 3 0 4 
38 29 23 17 9 13 32 31 22 14 11 6 4 
38 29 23 17 12 7 8 1 2 3 0 4 
38 29 23 17 12 7 8 1 2 3 9 13 32 31 22 14 11 6 4 
---------------
Request id 25
52 55 58 60 62 65 45 34 48 53 54 57 59 64 69 80 81 71 74 67 63 68 66 78 75 56 49 46 49 56 75 78 66 68 63 67 74 71 81 80 69 79 76 70 86 93 92 
52 55 58 60 62 67 63 68 66 78 75 56 49 46 49 56 75 78 66 68 63 67 74 83 84 82 81 80 69 79 86 93 92 
52 55 58 60 62 65 54 57 59 64 69 80 81 71 74 67 63 68 66 78 75 56 49 46 50 52 55 58 60 62 67 74 71 81 80 69 79 86 93 92 
52 55 58 60 62 65 54 57 59 64 69 80 81 82 84 83 74 67 63 68 66 78 75 56 49 46 50 52 55 58 60 62 67 74 71 81 80 69 79 86 93 92 
52 55 58 60 62 65 54 57 59 64 69 80 81 71 74 67 63 68 77 73 72 75 56 49 46 50 52 55 58 60 62 67 74 71 81 80 69 79 76 70 86 93 92 
52 55 58 60 62 65 54 57 59 64 69 80 81 82 84 83 74 67 63 68 66 78 75 56 49 46 49 56 75 78 66 68 63 67 74 83 84 82 81 80 69 79 86 93 92 
52 55 58 60 62 65 54 57 59 64 69 80 81 71 74 67 63 68 66 78 75 56 49 46 49 56 75 78 66 68 63 67 74 71 81 80 69 79 86 93 92 
52 55 58 60 62 65 45 34 48 53 54 57 59 64 69 80 81 71 74 67 63 68 66 78 75 56 49 46 49 56 75 78 66 68 63 67 74 83 84 82 81 80 69 79 86 93 92 
52 55 58 60 62 65 54 57 59 64 69 80 81 82 84 83 74 67 63 68 66 78 75 56 49 46 50 52 55 58 60 62 65 54 57 59 64 69 79 86 93 92 
52 55 58 60 62 65 54 57 59 64 69 80 81 82 84 83 74 67 63 68 66 78 75 56 49 46 49 56 75 78 66 68 63 67 74 71 81 80 69 79 86 93 92 
52 55 58 60 62 65 54 57 59 64 69 80 81 71 74 67 63 68 66 78 75 56 49 46 49 56 75 78 66 68 63 67 74 83 84 82 81 80 69 79 86 93 92 
52 55 58 60 62 65 45 34 48 53 54 57 59 64 69 80 81 71 74 67 63 68 77 73 72 75 56 49 46 49 56 75 78 66 68 63 67 74 71 81 80 69 79 86 93 92 
52 55 58 60 62 65 54 57 59 64 69 80 81 82 84 83 74 67 63 68 66 78 75 56 49 46 50 52 55 58 60 62 67 74 83 84 82 81 80 69 79 86 93 92 
52 55 58 60 62 65 45 34 48 53 54 57 59 64 69 80 81 71 74 67 63 68 77 73 72 75 56 49 46 49 56 75 78 66 68 63 67 74 83 84 82 81 80 69 79 86 93 92 
52 55 58 60 62 67 63 68 77 73 72 75 56 49 46 49 56 75 78 66 68 63 67 74 83 84 82 81 80 69 79 86 93 92 
52 55 58 60 62 65 45 34 48 53 54 57 59 64 69 80 81 71 74 67 63 68 66 78 75 56 49 46 50 52 55 58 60 62 65 54 57 59 64 69 79 76 70 86 93 92 
52 55 58 60 62 65 54 57 59 64 69 80 81 82 84 83 74 67 63 68 66 78 75 56 49 46 50 52 55 58 60 62 67 74 71 81 80 69 79 76 70 86 93 92 
52 55 58 60 62 67 63 68 77 73 72 75 56 49 46 50 52 55 58 60 62 67 74 71 81 80 69 79 86 93 92 
52 55 58 60 62 65 54 57 59 64 69 80 81 71 74 67 63 68 66 78 75 56 49 46 50 52 55 58 60 62 65 54 57 59 64 69 79 86 93 92 
52 55 58 60 62 65 45 34 48 53 54 57 59 64 69 80 81 71 74 67 63 68 66 78 75 56 49 46 49 56 75 78 66 68 63 67 62 65 54 57 59 64 69 79 86 93 92 
52 55 58 60 62 65 54 57 59 64 69 80 81 82 84 83 74 67 63 68 77 73 72 75 56 49 46 49 56 75 72 73 77 68 63 67 74 71 81 80 69 79 86 93 92 
52 55 58 60 62 67 63 68 77 73 72 75 56 49 46 49 56 75 78 66 68 63 67 74 71 81 80 69 79 86 93 92 
52 55 58 60 62 65 45 34 48 53 54 57 59 64 69 80 81 71 74 67 63 68 77 73 72 75 56 49 46 50 52 55 58 60 62 65 54 57 59 64 69 79 86 93 92 
52 55 58 60 62 65 54 57 59 64 69 80 81 82 84 83 74 67 63 68 77 73 72 75 56 49 46 49 56 75 78 66 68 63 67 62 65 54 57 59 64 69 79 86 93 92 
52 55 58 60 62 65 54 57 59 64 69 80 81 71 74 67 63 68 66 78 75 56 49 46 50 52 55 58 60 62 67 74 83 84 82 81 80 69 79 86 93 92 
52 55 58 60 62 65 54 57 59 64 69 80 81 71 74 67 63 68 66 78 75 56 49 46 49 56 75 78 66 68 63 67 62 65 54 57 59 64 69 79 86 93 92 
52 55 58 60 62 65 54 57 59 64 69 80 81 82 84 83 74 67 63 68 77 73 72 75 56 49 46 49 56 75 78 66 68 63 67 74 71 81 80 69 79 86 93 92 
52 55 58 60 62 65 54 57 59 64 69 80 81 82 84 83 74 67 63 68 66 78 75 56 49 46 49 56 75 78 66 68 63 67 62 65 54 57 59 64 69 79 86 93 92 
52 55 58 60 62 65 45 34 48 53 54 57 59 64 69 80 81 71 74 67 63 68 77 73 72 75 56 49 46 50 52 55 58 60 62 65 54 57 59 64 69 79 76 70 86 93 92 
52 55 58 60 62 65 54 57 59 64 69 80 81 71 74 67 63 68 77 73 72 75 56 49 46 49 56 75 78 66 68 63 67 74 71 81 80 69 79 86 93 92 
---------------
Request id 12
57 59 64 69 80 81 71 74 67 62 65 65 54 57 59 64 69 80 81 82 84 83 85 101 102 98 94 100 99 
57 54 53 48 34 45 65 65 54 57 59 64 69 80 81 82 84 83 85 87 94 100 99 
57 59 64 69 80 81 71 74 67 63 68 66 78 75 56 49 46 50 52 55 58 60 62 65 65 45 34 48 53 54 57 59 64 69 80 81 71 74 83 85 87 94 100 99 
57 59 64 69 80 81 71 74 67 63 68 77 73 72 75 56 49 46 50 52 55 58 60 62 65 65 62 67 74 83 85 87 94 100 99 
57 59 64 69 80 81 82 84 83 74 67 63 68 66 78 75 56 49 46 50 52 55 58 60 62 65 65 62 67 74 83 85 101 102 98 94 100 99 
57 54 53 48 34 45 65 65 62 67 74 83 85 101 102 98 94 100 99 
57 59 64 69 80 81 71 74 67 63 68 77 73 72 75 56 49 46 50 52 55 58 60 62 65 65 54 57 59 64 69 80 81 71 74 83 85 101 102 98 94 100 99 
57 59 64 69 80 81 82 84 83 74 67 63 68 77 73 72 75 56 49 46 50 52 55 58 60 62 65 65 62 67 74 83 85 87 94 100 99 
57 59 64 69 80 81 82 84 83 74 67 63 68 66 78 75 56 49 46 50 52 55 58 60 62 65 65 54 57 59 64 69 80 81 71 74 83 85 87 94 100 99 
57 54 65 65 54 57 59 64 69 80 81 82 84 83 85 87 94 100 99 
57 59 64 69 80 81 82 84 83 74 67 63 68 77 73 72 75 56 49 46 50 52 55 58 60 62 65 65 54 57 59 64 69 80 81 82 84 83 85 101 102 98 94 100 99 
57 54 53 48 34 45 65 65 54 57 59 64 69 80 81 82 84 83 85 101 102 98 94 100 99 
57 54 53 48 34 45 65 65 54 57 59 64 69 80 81 71 74 83 85 101 102 98 94 100 99 
57 59 64 69 80 81 82 84 83 74 67 63 68 77 73 72 75 56 49 46 50 52 55 58 60 62 65 65 45 34 48 53 54 57 59 64 69 80 81 82 84 83 85 87 94 100 99 
57 59 64 69 80 81 71 74 67 63 68 66 78 75 56 49 46 50 52 55 58 60 62 65 65 54 57 59 64 69 80 81 71 74 83 85 101 102 98 94 100 99 
57 59 64 69 80 81 82 84 83 74 67 62 65 65 54 57 59 64 69 80 81 82 84 83 85 87 94 100 99 
57 59 64 69 80 81 82 84 83 74 67 63 68 66 78 75 56 49 46 50 52 55 58 60 62 65 65 54 57 59 64 69 80 81 82 84 83 85 101 102 98 94 100 99 
57 54 53 48 34 45 65 65 62 67 74 71 81 82 84 83 85 87 94 100 99 
57 59 64 69 80 81 71 74 67 63 68 77 73 72 75 56 49 46 50 52 55 58 60 62 65 65 54 57 59 64 69 80 81 71 74 83 85 87 94 100 99 
57 59 64 69 80 81 82 84 83 74 67 63 68 77 73 72 75 56 49 46 50 52 55 58 60 62 65 65 62 67 74 71 81 82 84 83 85 87 94 100 99 
57 54 65 65 54 57 59 64 69 80 81 82 84 83 85 101 102 98 94 100 99 
57 59 64 69 80 81 82 84 83 74 67 63 68 77 73 72 75 56 49 46 50 52 55 58 60 62 65 65 62 67 74 71 81 82 84 83 85 101 102 98 94 100 99 
57 59 64 69 80 81 71 74 67 63 68 66 78 75 56 49 46 50 52 55 58 60 62 65 65 62 67 74 71 81 82 84 83 85 101 102 98 94 100 99 
57 59 64 69 80 81 71 74 67 62 65 65 62 67 74 71 81 82 84 83 85 87 94 100 99 
57 59 64 69 80 81 82 84 83 74 67 63 68 66 78 75 56 49 46 50 52 55 58 60 62 65 65 45 34 48 53 54 57 59 64 69 80 81 71 74 83 85 87 94 100 99 
57 59 64 69 80 81 82 84 83 74 67 63 68 77 73 72 75 56 49 46 50 52 55 58 60 62 65 65 54 57 59 64 69 80 81 71 74 83 85 87 94 100 99 
57 59 64 69 80 81 82 84 83 74 67 63 68 77 73 72 75 56 49 46 50 52 55 58 60 62 65 65 62 67 74 83 85 101 102 98 94 100 99 
57 59 64 69 80 81 71 74 67 63 68 77 73 72 75 56 49 46 50 52 55 58 60 62 65 65 45 34 48 53 54 57 59 64 69 80 81 71 74 83 85 87 94 100 99 
57 54 65 65 45 34 48 53 54 57 59 64 69 80 81 71 74 83 85 87 94 100 99 
57 59 64 69 80 81 71 74 67 62 65 65 54 57 59 64 69 80 81 82 84 83 85 87 94 100 99 
---------------
Request id 8
20 25 24 16 10 15 5 19 28 40 41 33 33 33 43 40 46 50 52 55 58 60 62 65 54 57 59 64 69 
20 33 33 33 43 40 46 49 56 75 72 73 77 68 63 67 74 71 81 80 69 
20 15 5 19 28 40 41 33 33 33 41 40 46 50 52 55 58 60 62 65 54 57 59 64 69 
20 33 33 33 41 40 46 50 52 55 58 60 62 67 74 71 81 80 69 
20 25 24 16 10 15 5 19 28 40 41 33 33 33 41 40 46 50 52 55 58 60 62 65 54 57 59 64 69 
20 25 24 16 10 15 5 19 28 40 41 33 33 33 41 40 46 49 56 75 78 66 68 63 67 74 71 81 80 69 
20 15 5 19 28 40 43 33 33 33 41 40 46 50 52 55 58 60 62 67 74 83 84 82 81 80 69 
20 15 5 19 28 40 41 33 33 33 43 40 46 49 56 75 78 66 68 63 67 74 71 81 80 69 
20 25 24 16 10 15 5 19 28 40 43 33 33 33 43 40 46 50 52 55 58 60 62 65 54 57 59 64 69 
20 33 33 33 41 40 46 50 52 55 58 60 62 65 54 57 59 64 69 
20 25 24 16 10 15 5 19 28 40 43 33 33 33 41 40 46 50 52 55 58 60 62 65 54 57 59 64 69 
20 15 5 19 28 40 43 33 33 33 41 40 46 50 52 55 58 60 62 67 74 71 81 80 69 
20 25 24 16 10 15 5 19 28 40 43 33 33 33 43 40 46 49 56 75 72 73 77 68 63 67 74 71 81 80 69 
20 15 5 19 28 40 41 33 33 33 43 40 46 50 52 55 58 60 62 65 54 57 59 64 69 
20 25 24 16 10 15 5 19 28 40 41 33 33 33 43 40 46 50 52 55 58 60 62 67 74 83 84 82 81 80 69 
20 15 5 19 28 40 43 33 33 33 41 40 46 49 56 75 72 73 77 68 63 67 74 71 81 80 69 
20 15 5 19 28 40 43 33 33 33 43 40 46 49 56 75 78 66 68 63 67 74 71 81 80 69 
20 15 5 19 28 40 41 33 33 33 43 40 46 50 52 55 58 60 62 67 74 83 84 82 81 80 69 
20 33 33 33 43 40 46 49 56 75 78 66 68 63 67 74 71 81 80 69 
20 33 33 33 43 40 46 50 52 55 58 60 62 67 74 71 81 80 69 
20 25 24 16 10 15 5 19 28 40 43 33 33 33 43 40 46 50 52 55 58 60 62 67 74 83 84 82 81 80 69 
20 25 24 16 10 15 5 19 28 40 41 33 33 33 43 40 46 49 56 75 72 73 77 68 63 67 74 71 81 80 69 
20 33 33 33 41 40 46 49 56 75 78 66 68 63 67 74 71 81 80 69 
20 25 24 16 10 15 5 19 28 40 41 33 33 33 43 40 46 50 52 55 58 60 62 67 74 71 81 80 69 
20 25 24 16 10 15 5 19 28 40 43 33 33 33 43 40 46 50 52 55 58 60 62 67 74 71 81 80 69 
20 25 24 16 10 15 5 19 28 40 41 33 33 33 41 40 46 50 52 55 58 60 62 67 74 71 81 80 69 
20 25 24 16 10 15 5 19 28 40 43 33 33 33 43 40 46 49 56 75 78 66 68 63 67 74 71 81 80 69 
20 33 33 33 43 40 46 50 52 55 58 60 62 67 74 83 84 82 81 80 69 
20 33 33 33 41 40 46 50 52 55 58 60 62 67 74 83 84 82 81 80 69 
20 15 5 19 28 40 43 33 33 33 43 40 46 49 56 75 72 73 77 68 63 67 74 71 81 80 69 
---------------
Request id 15
48 53 54 57 59 64 69 80 81 82 84 83 74 67 62 65 62 67 63 68 66 78 75 56 49 46 40 36 35 29 23 17 9 13 32 31 
48 53 54 57 59 64 69 80 81 71 74 67 62 65 62 60 58 55 52 50 46 40 37 30 21 26 35 29 23 17 9 3 0 4 6 11 14 22 31 
48 53 54 57 59 64 69 80 81 71 74 67 63 68 66 78 75 56 49 46 50 52 55 58 60 62 65 62 67 63 68 77 73 72 75 56 49 46 40 37 30 21 26 35 29 23 17 9 13 32 31 
48 53 54 57 59 64 69 80 81 82 84 83 74 67 63 68 77 73 72 75 56 49 46 50 52 55 58 60 62 65 62 67 63 68 77 73 72 75 56 49 46 40 37 30 21 26 35 29 23 17 9 13 32 31 
48 53 54 57 59 64 69 80 81 82 84 83 74 67 63 68 77 73 72 75 56 49 46 50 52 55 58 60 62 65 62 60 58 55 52 50 46 40 37 30 21 26 35 29 23 17 9 3 0 4 6 11 14 22 31 
48 53 54 57 59 64 69 80 81 82 84 83 74 67 63 68 77 73 72 75 56 49 46 50 52 55 58 60 62 65 62 60 58 55 52 50 46 40 36 35 29 23 17 9 3 0 4 6 11 14 22 31 
48 53 54 57 59 64 69 80 81 82 84 83 74 67 63 68 66 78 75 56 49 46 50 52 55 58 60 62 65 62 67 63 68 66 78 75 56 49 46 40 37 30 21 26 35 29 23 17 9 13 32 31 
48 53 54 57 59 64 69 80 81 82 84 83 74 67 63 68 77 73 72 75 56 49 46 50 52 55 58 60 62 65 62 67 63 68 66 78 75 56 49 46 40 37 30 21 26 35 29 23 17 9 13 32 31 
48 53 54 57 59 64 69 80 81 82 84 83 74 67 63 68 77 73 72 75 56 49 46 50 52 55 58 60 62 65 62 67 63 68 77 73 72 75 56 49 46 40 36 35 29 23 17 9 13 32 31 
48 53 54 65 62 60 58 55 52 50 46 40 36 35 29 23 17 9 3 0 4 6 11 14 22 31 
48 53 54 57 59 64 69 80 81 71 74 67 63 68 77 73 72 75 56 49 46 50 52 55 58 60 62 65 62 60 58 55 52 50 46 40 37 30 21 26 35 29 23 17 9 3 0 4 6 11 14 22 31 
48 53 54 57 59 64 69 80 81 71 74 67 62 65 62 60 58 55 52 50 46 40 36 35 29 23 17 12 7 8 1 2 3 9 13 32 31 
48 53 54 57 59 64 69 80 81 71 74 67 62 65 62 67 63 68 66 78 75 56 49 46 40 37 30 21 26 35 29 23 17 9 13 32 31 
48 53 54 57 59 64 69 80 81 71 74 67 63 68 77 73 72 75 56 49 46 50 52 55 58 60 62 65 62 60 58 55 52 50 46 40 36 35 29 23 17 9 13 32 31 
48 53 54 57 59 64 69 80 81 71 74 67 62 65 62 67 63 68 77 73 72 75 56 49 46 40 37 30 21 26 35 29 23 17 9 13 32 31 
48 53 54 57 59 64 69 80 81 82 84 83 74 67 63 68 77 73 72 75 56 49 46 50 52 55 58 60 62 65 62 60 58 55 52 50 46 40 37 30 21 26 35 29 23 17 9 13 32 31 
48 53 54 57 59 64 69 80 81 71 74 67 63 68 77 73 72 75 56 49 46 50 52 55 58 60 62 65 62 60 58 55 52 50 46 40 36 35 29 23 17 9 3 0 4 6 11 14 22 31 
48 53 54 65 62 60 58 55 52 50 46 40 36 35 29 23 17 12 7 8 1 2 3 9 13 32 31 
48 53 54 57 59 64 69 80 81 82 84 83 74 67 62 65 62 67 63 68 77 73 72 75 56 49 46 40 37 30 21 26 35 29 23 17 9 13 32 31 
48 53 54 65 62 60 58 55 52 50 46 40 37 30 21 26 35 29 23 17 9 13 32 31 
48 53 54 57 59 64 69 80 81 71 74 67 63 68 77 73 72 75 56 49 46 50 52 55 58 60 62 65 62 67 63 68 77 73 72 75 56 49 46 40 36 35 29 23 17 9 13 32 31 
48 34 45 65 62 60 58 55 52 50 46 40 37 30 21 26 35 29 23 17 9 3 0 4 6 11 14 22 31 
48 53 54 57 59 64 69 80 81 71 74 67 63 68 66 78 75 56 49 46 50 52 55 58 60 62 65 62 60 58 55 52 50 46 40 37 30 21 26 35 29 23 17 9 13 32 31 
48 34 45 65 62 60 58 55 52 50 46 40 36 35 29 23 17 12 7 8 1 2 3 9 13 32 31 
48 53 54 65 62 60 58 55 52 50 46 40 36 35 29 23 17 9 13 32 31 
48 53 54 65 62 67 63 68 77 73 72 75 56 49 46 40 37 30 21 26 35 29 23 17 9 13 32 31 
48 53 54 57 59 64 69 80 81 82 84 83 74 67 63 68 66 78 75 56 49 46 50 52 55 58 60 62 65 62 60 58 55 52 50 46 40 37 30 21 26 35 29 23 17 9 13 32 31 
48 53 54 57 59 64 69 80 81 82 84 83 74 67 62 65 62 67 63 68 66 78 75 56 49 46 40 37 30 21 26 35 29 23 17 9 13 32 31 
48 53 54 57 59 64 69 80 81 71 74 67 63 68 77 73 72 75 56 49 46 50 52 55 58 60 62 65 62 67 63 68 66 78 75 56 49 46 40 36 35 29 23 17 9 3 0 4 6 11 14 22 31 
48 53 54 57 59 64 69 80 81 82 84 83 74 67 63 68 77 73 72 75 56 49 46 50 52 55 58 60 62 65 62 67 63 68 66 78 75 56 49 46 40 36 35 29 23 17 9 13 32 31 
---------------
Request id 2
85 83 74 71 81 80 69 64 59 57 54 65 62 60 58 55 52 50 46 49 56 75 72 73 77 68 63 67 74 83 84 88 
85 83 74 67 62 65 62 67 74 83 84 88 
85 83 74 67 62 65 62 60 58 55 52 50 46 49 56 75 78 66 68 63 67 74 83 84 88 
85 83 74 71 81 80 69 64 59 57 54 53 48 34 45 65 62 60 58 55 52 50 46 49 56 75 78 66 68 63 67 74 71 81 82 84 88 
85 83 84 82 81 80 69 64 59 57 54 53 48 34 45 65 62 67 74 83 84 88 
85 83 84 82 81 71 74 67 63 68 77 73 72 75 56 49 46 50 52 55 58 60 62 65 54 57 59 64 69 80 81 82 84 88 
85 83 74 71 81 80 69 64 59 57 54 65 54 57 59 64 69 80 81 71 74 83 84 88 
85 83 84 82 81 71 74 67 62 65 54 57 59 64 69 80 81 71 74 83 84 88 
85 83 84 82 81 71 74 67 63 68 66 78 75 56 49 46 50 52 55 58 60 62 65 45 34 48 53 54 57 59 64 69 80 81 82 84 88 
85 83 74 67 63 68 77 73 72 75 56 49 46 50 52 55 58 60 62 65 62 60 58 55 52 50 46 49 56 75 78 66 68 63 67 74 83 84 88 
85 83 84 82 81 71 74 67 63 68 77 73 72 75 56 49 46 50 52 55 58 60 62 65 62 60 58 55 52 50 46 49 56 75 72 73 77 68 63 67 74 83 84 88 
85 83 84 82 81 71 74 67 62 65 54 57 59 64 69 80 81 82 84 88 
85 83 74 71 81 80 69 64 59 57 54 53 48 34 45 65 62 60 58 55 52 50 46 49 56 75 78 66 68 63 67 74 83 84 88 
85 83 84 82 81 71 74 67 63 68 77 73 72 75 56 49 46 50 52 55 58 60 62 65 45 34 48 53 54 57 59 64 69 80 81 71 74 83 84 88 
85 83 84 82 81 71 74 67 62 65 62 67 74 83 84 88 
85 83 74 67 63 68 66 78 75 56 49 46 50 52 55 58 60 62 65 62 60 58 55 52 50 46 49 56 75 78 66 68 63 67 74 83 84 88 
85 83 84 82 81 80 69 64 59 57 54 65 45 34 48 53 54 57 59 64 69 80 81 82 84 88 
85 83 84 82 81 80 69 64 59 57 54 53 48 34 45 65 62 60 58 55 52 50 46 49 56 75 78 66 68 63 67 74 71 81 82 84 88 
85 83 74 71 81 80 69 64 59 57 54 53 48 34 45 65 54 57 59 64 69 80 81 82 84 88 
85 83 74 71 81 80 69 64 59 57 54 53 48 34 45 65 45 34 48 53 54 57 59 64 69 80 81 71 74 83 84 88 
85 83 74 67 63 68 66 78 75 56 49 46 50 52 55 58 60 62 65 54 57 59 64 69 80 81 82 84 88 
85 83 84 82 81 80 69 64 59 57 54 65 62 60 58 55 52 50 46 49 56 75 72 73 77 68 63 67 74 71 81 82 84 88 
85 83 74 71 81 80 69 64 59 57 54 65 62 67 74 83 84 88 
85 83 74 71 81 80 69 64 59 57 54 53 48 34 45 65 45 34 48 53 54 57 59 64 69 80 81 82 84 88 
85 83 84 82 81 71 74 67 63 68 66 78 75 56 49 46 50 52 55 58 60 62 65 62 60 58 55 52 50 46 49 56 75 78 66 68 63 67 74 83 84 88 
85 83 74 67 62 65 45 34 48 53 54 57 59 64 69 80 81 71 74 83 84 88 
85 83 84 82 81 71 74 67 63 68 66 78 75 56 49 46 50 52 55 58 60 62 65 62 67 74 83 84 88 
85 83 84 82 81 80 69 64 59 57 54 65 62 60 58 55 52 50 46 49 56 75 78 66 68 63 67 74 83 84 88 
85 83 84 82 81 80 69 64 59 57 54 53 48 34 45 65 54 57 59 64 69 80 81 71 74 83 84 88 
85 83 84 82 81 71 74 67 63 68 66 78 75 56 49 46 50 52 55 58 60 62 65 54 57 59 64 69 80 81 71 74 83 84 88 
---------------
Request id 19
20 25 24 16 10 15 20 33 43 40 37 30 21 26 35 29 23 17 18 
20 25 24 16 10 15 20 33 43 40 36 35 29 23 17 18 
20 25 24 16 10 15 10 16 24 25 20 33 41 40 36 35 29 23 17 18 
20 15 10 16 24 25 20 33 43 40 36 35 29 23 17 18 
20 15 5 19 28 40 36 35 29 23 17 18 
20 25 24 16 10 15 10 16 24 25 20 33 41 40 37 30 21 26 35 29 23 17 18 
20 33 43 40 28 19 5 15 10 16 24 25 20 33 41 40 37 30 21 26 35 29 23 17 18 
20 33 43 40 28 19 5 15 20 33 41 40 37 30 21 26 35 29 23 17 18 
20 33 41 40 28 19 5 15 10 16 24 25 20 33 41 40 37 30 21 26 35 29 23 17 18 
20 25 24 16 10 15 5 19 28 40 37 30 21 26 35 29 23 17 18 
20 25 24 16 10 15 10 16 24 25 20 33 43 40 36 35 29 23 17 18 
20 33 41 40 28 19 5 15 10 16 24 25 20 33 43 40 36 35 29 23 17 18 
20 15 10 16 24 25 20 33 41 40 37 30 21 26 35 29 23 17 18 
20 33 41 40 28 19 5 15 10 16 24 25 20 33 43 40 37 30 21 26 35 29 23 17 18 
20 33 43 40 28 19 5 15 20 33 41 40 36 35 29 23 17 18 
20 33 43 40 28 19 5 15 5 19 28 40 37 30 21 26 35 29 23 17 18 
20 15 5 19 28 40 37 30 21 26 35 29 23 17 18 
20 33 43 40 28 19 5 15 10 16 24 25 20 33 41 40 36 35 29 23 17 18 
20 33 43 40 28 19 5 15 20 33 43 40 37 30 21 26 35 29 23 17 18 
20 25 24 16 10 15 20 33 41 40 36 35 29 23 17 18 
20 33 43 40 28 19 5 15 10 16 24 25 20 33 43 40 36 35 29 23 17 18 
20 25 24 16 10 15 5 19 28 40 36 35 29 23 17 18 
20 15 10 16 24 25 20 33 41 40 36 35 29 23 17 18 
20 15 10 16 24 25 20 33 43 40 37 30 21 26 35 29 23 17 18 
20 15 20 33 43 40 36 35 29 23 17 18 
20 33 43 40 28 19 5 15 5 19 28 40 36 35 29 23 17 18 
20 33 41 40 28 19 5 15 5 19 28 40 37 30 21 26 35 29 23 17 18 
20 15 20 33 43 40 37 30 21 26 35 29 23 17 18 
20 33 41 40 28 19 5 15 20 33 41 40 37 30 21 26 35 29 23 17 18 
20 15 20 33 41 40 36 35 29 23 17 18 
---------------
Request id 24
85 83 84 82 81 80 69 64 59 57 54 65 65 62 60 58 55 52 50 46 40 43 33 20 15 5 19 28 
85 83 74 71 81 80 69 64 59 57 54 65 65 62 67 63 68 77 73 72 75 56 49 46 40 41 33 20 15 5 19 28 
85 83 84 82 81 71 74 67 63 68 77 73 72 75 56 49 46 50 52 55 58 60 62 65 65 62 67 63 68 66 78 75 56 49 46 40 41 33 20 15 5 19 28 
85 83 84 82 81 80 69 64 59 57 54 65 65 62 67 63 68 77 73 72 75 56 49 46 40 28 
85 83 84 82 81 71 74 67 63 68 77 73 72 75 56 49 46 50 52 55 58 60 62 65 65 62 60 58 55 52 50 46 40 43 33 20 25 24 16 10 15 5 19 28 
85 83 84 82 81 80 69 64 59 57 54 53 48 34 45 65 65 62 67 63 68 66 78 75 56 49 46 40 43 33 20 15 5 19 28 
85 83 84 82 81 80 69 64 59 57 54 65 65 62 60 58 55 52 50 46 40 28 
85 83 74 67 63 68 66 78 75 56 49 46 50 52 55 58 60 62 65 65 62 67 63 68 66 78 75 56 49 46 40 28 
85 83 84 82 81 71 74 67 62 65 65 62 67 63 68 66 78 75 56 49 46 40 43 33 20 15 5 19 28 
85 83 74 71 81 80 69 64 59 57 54 53 48 34 45 65 65 62 60 58 55 52 50 46 40 28 
85 83 74 67 62 65 65 54 57 59 64 69 80 81 71 74 67 62 60 58 55 52 50 46 40 28 
85 83 84 82 81 71 74 67 62 65 65 62 67 63 68 77 73 72 75 56 49 46 40 28 
85 83 84 82 81 71 74 67 62 65 65 62 60 58 55 52 50 46 40 28 
85 83 84 82 81 71 74 67 62 65 65 62 67 63 68 66 78 75 56 49 46 40 28 
85 83 74 67 63 68 77 73 72 75 56 49 46 50 52 55 58 60 62 65 65 62 60 58 55 52 50 46 40 41 33 20 15 5 19 28 
85 83 74 67 63 68 66 78 75 56 49 46 50 52 55 58 60 62 65 65 62 60 58 55 52 50 46 40 28 
85 83 74 71 81 80 69 64 59 57 54 53 48 34 45 65 65 62 60 58 55 52 50 46 40 43 33 20 15 5 19 28 
85 83 74 71 81 80 69 64 59 57 54 65 65 62 60 58 55 52 50 46 40 43 33 20 15 5 19 28 
85 83 84 82 81 71 74 67 63 68 66 78 75 56 49 46 50 52 55 58 60 62 65 65 62 67 63 68 77 73 72 75 56 49 46 40 41 33 20 15 5 19 28 
85 83 74 71 81 80 69 64 59 57 54 53 48 34 45 65 65 62 60 58 55 52 50 46 40 43 33 20 25 24 16 10 15 5 19 28 
85 83 84 82 81 80 69 64 59 57 54 53 48 34 45 65 65 62 60 58 55 52 50 46 40 43 33 20 25 24 16 10 15 5 19 28 
85 83 84 82 81 71 74 67 63 68 66 78 75 56 49 46 50 52 55 58 60 62 65 65 62 60 58 55 52 50 46 40 28 
85 83 84 82 81 80 69 64 59 57 54 53 48 34 45 65 65 62 60 58 55 52 50 46 40 41 33 20 15 5 19 28 
85 83 74 67 63 68 77 73 72 75 56 49 46 50 52 55 58 60 62 65 65 62 67 63 68 77 73 72 75 56 49 46 40 41 33 20 15 5 19 28 
85 83 84 82 81 71 74 67 62 65 65 54 57 59 64 69 80 81 71 74 67 62 60 58 55 52 50 46 40 28 
85 83 74 67 62 65 65 62 67 63 68 66 78 75 56 49 46 40 28 
85 83 84 82 81 71 74 67 62 65 65 62 60 58 55 52 50 46 40 43 33 20 15 5 19 28 
85 83 84 82 81 71 74 67 63 68 66 78 75 56 49 46 50 52 55 58 60 62 65 65 54 57 59 64 69 80 81 71 74 67 62 60 58 55 52 50 46 40 28 
85 83 74 67 63 68 66 78 75 56 49 46 50 52 55 58 60 62 65 65 62 67 63 68 77 73 72 75 56 49 46 40 41 33 20 15 5 19 28 
85 83 84 82 81 71 74 67 63 68 66 78 75 56 49 46 50 52 55 58 60 62 65 65 62 60 58 55 52 50 46 40 43 33 20 15 5 19 28 
---------------
Request id 4
49 56 75 78 66 68 63 67 74 83 84 82 81 80 69 64 59 57 54 53 48 34 45 65 62 60 58 55 52 50 46 40 37 30 21 26 
49 56 75 72 73 77 68 63 67 74 71 81 80 69 64 59 57 54 65 62 60 58 55 52 50 46 40 36 35 26 
49 56 75 72 73 77 68 63 67 74 71 81 80 69 64 59 57 54 53 48 34 45 65 62 60 58 55 52 50 46 40 36 35 26 
49 56 75 72 73 77 68 63 67 74 71 81 80 69 64 59 57 54 53 48 34 45 65 62 60 58 55 52 50 46 40 37 30 21 26 
49 46 40 37 30 21 26 
49 56 75 78 66 68 63 67 74 71 81 80 69 64 59 57 54 65 62 60 58 55 52 50 46 40 37 30 21 26 
49 56 75 78 66 68 63 67 74 83 84 82 81 80 69 64 59 57 54 65 62 60 58 55 52 50 46 40 36 35 26 
49 56 75 72 73 77 68 63 67 62 60 58 55 52 50 46 40 37 30 21 26 
49 56 75 78 66 68 63 67 62 60 58 55 52 50 46 40 37 30 21 26 
49 56 75 78 66 68 63 67 74 83 84 82 81 80 69 64 59 57 54 65 62 60 58 55 52 50 46 40 37 30 21 26 
49 56 75 78 66 68 63 67 74 71 81 80 69 64 59 57 54 53 48 34 45 65 62 60 58 55 52 50 46 40 37 30 21 26 
49 56 75 78 66 68 63 67 62 60 58 55 52 50 46 40 36 35 26 
49 56 75 72 73 77 68 63 67 74 71 81 80 69 64 59 57 54 65 62 60 58 55 52 50 46 40 37 30 21 26 
49 56 75 78 66 68 63 67 74 83 84 82 81 80 69 64 59 57 54 53 48 34 45 65 62 60 58 55 52 50 46 40 36 35 26 
49 46 40 36 35 26 
49 56 75 78 66 68 63 67 74 71 81 80 69 64 59 57 54 53 48 34 45 65 62 60 58 55 52 50 46 40 36 35 26 
49 56 75 72 73 77 68 63 67 62 60 58 55 52 50 46 40 36 35 26 
49 56 75 72 73 77 68 63 67 74 83 84 82 81 80 69 64 59 57 54 65 62 60 58 55 52 50 46 40 36 35 26 
49 56 75 78 66 68 63 67 74 71 81 80 69 64 59 57 54 65 62 60 58 55 52 50 46 40 36 35 26 
49 56 75 72 73 77 68 63 67 74 83 84 82 81 80 69 64 59 57 54 65 62 60 58 55 52 50 46 40 37 30 21 26 
---------------
Request id 5
101 85 83 84 82 81 80 69 64 59 57 54 53 48 34 45 65 62 60 58 55 52 50 46 47 
101 85 83 74 71 81 80 69 64 59 57 54 53 48 34 45 65 62 67 63 68 77 73 72 75 56 49 46 47 
101 85 83 84 82 81 71 74 67 62 65 45 34 48 53 54 57 59 64 69 80 81 71 74 67 62 60 58 55 52 50 46 47 
101 85 83 84 82 81 71 74 67 62 65 54 57 59 64 69 80 81 71 74 67 63 68 77 73 72 75 56 49 46 47 
101 85 83 74 71 81 80 69 64 59 57 54 65 45 34 48 53 54 57 59 64 69 80 81 71 74 67 62 60 58 55 52 50 46 47 
101 102 98 94 87 85 83 74 67 62 65 54 57 59 64 69 80 81 71 74 67 63 68 66 78 75 56 49 46 47 
101 102 98 94 87 85 83 84 82 81 80 69 64 59 57 54 65 62 67 63 68 77 73 72 75 56 49 46 47 
101 85 83 74 71 81 80 69 64 59 57 54 53 48 34 45 65 62 67 63 68 66 78 75 56 49 46 47 
101 85 83 84 82 81 80 69 64 59 57 54 65 62 67 63 68 77 73 72 75 56 49 46 47 
101 102 98 94 87 85 83 74 67 62 65 54 57 59 64 69 80 81 82 84 83 74 67 62 60 58 55 52 50 46 47 
101 85 83 84 82 81 71 74 67 62 65 62 67 63 68 77 73 72 75 56 49 46 47 
101 102 98 94 87 85 83 84 82 81 80 69 64 59 57 54 65 45 34 48 53 54 57 59 64 69 80 81 71 74 67 62 60 58 55 52 50 46 47 
101 85 83 74 71 81 80 69 64 59 57 54 65 54 57 59 64 69 80 81 82 84 83 74 67 63 68 66 78 75 56 49 46 47 
101 85 83 74 71 81 80 69 64 59 57 54 65 62 67 63 68 77 73 72 75 56 49 46 47 
101 85 83 74 67 62 65 54 57 59 64 69 80 81 82 84 83 74 67 63 68 66 78 75 56 49 46 47 
101 102 98 94 87 85 83 84 82 81 71 74 67 62 65 54 57 59 64 69 80 81 71 74 67 63 68 77 73 72 75 56 49 46 47 
101 85 83 84 82 81 80 69 64 59 57 54 53 48 34 45 65 54 57 59 64 69 80 81 82 84 83 74 67 63 68 77 73 72 75 56 49 46 47 
101 102 98 94 87 85 83 84 82 81 71 74 67 62 65 62 67 63 68 77 73 72 75 56 49 46 47 
101 85 83 84 82 81 71 74 67 62 65 62 60 58 55 52 50 46 47 
101 85 83 84 82 81 71 74 67 62 65 54 57 59 64 69 80 81 71 74 67 62 60 58 55 52 50 46 47 
101 102 98 94 87 85 83 74 67 62 65 54 57 59 64 69 80 81 82 84 83 74 67 63 68 66 78 75 56 49 46 47 
101 102 98 94 87 85 83 74 67 62 65 62 67 63 68 66 78 75 56 49 46 47 
101 85 83 84 82 81 80 69 64 59 57 54 53 48 34 45 65 54 57 59 64 69 80 81 71 74 67 62 60 58 55 52 50 46 47 
101 85 83 74 71 81 80 69 64 59 57 54 65 62 60 58 55 52 50 46 47 
101 85 83 74 71 81 80 69 64 59 57 54 65 54 57 59 64 69 80 81 71 74 67 63 68 77 73 72 75 56 49 46 47 
101 85 83 84 82 81 80 69 64 59 57 54 65 54 57 59 64 69 80 81 71 74 67 63 68 77 73 72 75 56 49 46 47 
101 85 83 84 82 81 80 69 64 59 57 54 65 54 57 59 64 69 80 81 71 74 67 62 60 58 55 52 50 46 47 
101 102 98 94 87 85 83 84 82 81 71 74 67 62 65 54 57 59 64 69 80 81 82 84 83 74 67 63 68 66 78 75 56 49 46 47 
101 85 83 84 82 81 80 69 64 59 57 54 53 48 34 45 65 54 57 59 64 69 80 81 71 74 67 63 68 66 78 75 56 49 46 47 
101 85 83 74 67 62 65 45 34 48 53 54 57 59 64 69 80 81 71 74 67 62 60 58 55 52 50 46 47 
---------------
Request id 20
92 93 86 70 76 79 69 80 81 71 74 67 62 65 65 45 34 48 53 54 57 59 64 69 80 81 82 84 88 89 
92 93 86 79 69 80 81 71 74 67 62 65 65 62 67 74 71 81 82 84 88 89 
92 93 86 70 76 79 69 64 59 57 54 53 48 34 45 65 65 45 34 48 53 54 57 59 64 69 80 81 71 74 83 84 88 89 
92 93 86 79 69 80 81 82 84 83 74 67 62 65 65 62 60 58 55 52 50 46 49 56 75 78 66 68 63 67 74 71 81 82 84 88 89 
92 93 86 79 69 64 59 57 54 53 48 34 45 65 65 62 60 58 55 52 50 46 49 56 75 78 66 68 63 67 74 83 84 88 89 
92 93 86 79 69 80 81 71 74 67 63 68 77 73 72 75 56 49 46 50 52 55 58 60 62 65 65 62 67 74 71 81 82 84 88 89 
92 93 86 79 69 64 59 57 54 53 48 34 45 65 65 62 67 74 83 84 88 89 
92 93 86 70 76 79 69 80 81 82 84 83 74 67 62 65 65 62 60 58 55 52 50 46 49 56 75 72 73 77 68 63 67 74 83 84 88 89 
92 93 86 70 76 79 69 64 59 57 54 53 48 34 45 65 65 62 60 58 55 52 50 46 49 56 75 72 73 77 68 63 67 74 83 84 88 89 
92 93 86 70 76 79 69 80 81 71 74 67 62 65 65 45 34 48 53 54 57 59 64 69 80 81 71 74 83 84 88 89 
92 93 86 70 76 79 69 64 59 57 54 65 65 54 57 59 64 69 80 81 71 74 83 84 88 89 
92 93 86 70 76 79 69 80 81 71 74 67 62 65 65 62 60 58 55 52 50 46 49 56 75 78 66 68 63 67 74 71 81 82 84 88 89 
92 93 86 79 69 80 81 71 74 67 62 65 65 54 57 59 64 69 80 81 82 84 88 89 
92 93 86 79 69 80 81 71 74 67 63 68 66 78 75 56 49 46 50 52 55 58 60 62 65 65 62 60 58 55 52 50 46 49 56 75 72 73 77 68 63 67 74 71 81 82 84 88 89 
92 93 86 79 69 80 81 82 84 83 74 67 62 65 65 62 67 74 71 81 82 84 88 89 
92 93 86 79 69 80 81 71 74 67 62 65 65 62 60 58 55 52 50 46 49 56 75 72 73 77 68 63 67 74 83 84 88 89 
92 93 86 79 69 64 59 57 54 65 65 62 60 58 55 52 50 46 49 56 75 78 66 68 63 67 74 83 84 88 89 
92 93 86 79 69 64 59 57 54 53 48 34 45 65 65 62 67 74 71 81 82 84 88 89 
92 93 86 79 69 80 81 71 74 67 63 68 77 73 72 75 56 49 46 50 52 55 58 60 62 65 65 54 57 59 64 69 80 81 71 74 83 84 88 89 
92 93 86 79 69 64 59 57 54 65 65 62 60 58 55 52 50 46 49 56 75 72 73 77 68 63 67 74 71 81 82 84 88 89 
92 93 86 79 69 80 81 71 74 67 63 68 66 78 75 56 49 46 50 52 55 58 60 62 65 65 62 60 58 55 52 50 46 49 56 75 72 73 77 68 63 67 74 83 84 88 89 
92 93 86 70 76 79 69 64 59 57 54 53 48 34 45 65 65 45 34 48 53 54 57 59 64 69 80 81 82 84 88 89 
92 93 86 79 69 64 59 57 54 65 65 62 60 58 55 52 50 46 49 56 75 78 66 68 63 67 74 71 81 82 84 88 89 
92 93 86 70 76 79 69 80 81 71 74 67 62 65 65 62 60 58 55 52 50 46 49 56 75 78 66 68 63 67 74 83 84 88 89 
92 93 86 79 69 64 59 57 54 65 65 54 57 59 64 69 80 81 82 84 88 89 
92 93 86 70 76 79 69 64 59 57 54 53 48 34 45 65 65 62 60 58 55 52 50 46 49 56 75 78 66 68 63 67 74 71 81 82 84 88 89 
92 93 86 70 76 79 69 80 81 71 74 67 62 65 65 62 67 74 83 84 88 89 
92 93 86 70 76 79 69 64 59 57 54 65 65 45 34 48 53 54 57 59 64 69 80 81 71 74 83 84 88 89 
92 93 86 70 76 79 69 64 59 57 54 65 65 62 67 74 71 81 82 84 88 89 
92 93 86 70 76 79 69 80 81 82 84 83 74 67 62 65 65 62 60 58 55 52 50 46 49 56 75 78 66 68 63 67 74 83 84 88 89 
---------------
Request id 13
96 97 99 100 94 98 102 101 85 83 84 82 81 80 69 64 59 57 54 65 65 65 62 60 58 55 52 50 46 40 43 33 20 25 24 
96 97 99 100 94 98 102 101 85 83 74 71 81 80 69 64 59 57 54 65 65 65 62 60 58 55 52 50 46 40 28 19 5 15 20 25 24 
96 97 99 100 94 87 85 83 84 82 81 80 69 64 59 57 54 53 48 34 45 65 65 65 62 60 58 55 52 50 46 40 28 19 5 15 10 16 24 
96 97 99 100 94 87 85 83 84 82 81 80 69 64 59 57 54 65 65 65 62 60 58 55 52 50 46 40 28 19 5 15 10 16 24 
96 97 99 100 94 87 85 83 84 82 81 71 74 67 62 65 65 65 62 60 58 55 52 50 46 40 28 19 5 15 10 16 24 
96 97 99 100 94 87 85 83 84 82 81 71 74 67 62 65 65 65 62 67 63 68 66 78 75 56 49 46 40 41 33 20 25 24 
96 97 99 100 94 98 102 101 85 83 74 67 62 65 65 65 62 60 58 55 52 50 46 40 28 19 5 15 20 25 24 
96 97 99 100 94 87 85 83 84 82 81 80 69 64 59 57 54 65 65 65 62 60 58 55 52 50 46 40 41 33 20 25 24 
96 97 99 100 94 98 102 101 85 83 74 71 81 80 69 64 59 57 54 65 65 65 62 67 63 68 66 78 75 56 49 46 40 41 33 20 25 24 
96 97 99 100 94 87 85 83 84 82 81 80 69 64 59 57 54 65 65 65 62 67 63 68 66 78 75 56 49 46 40 43 33 20 25 24 
96 97 99 100 94 98 102 101 85 83 74 71 81 80 69 64 59 57 54 65 65 65 62 67 63 68 66 78 75 56 49 46 40 43 33 20 25 24 
96 97 99 100 94 98 102 101 85 83 84 82 81 80 69 64 59 57 54 65 65 65 62 67 63 68 77 73 72 75 56 49 46 40 43 33 20 25 24 
96 97 99 100 94 98 102 101 85 83 74 67 62 65 65 65 62 67 63 68 66 78 75 56 49 46 40 43 33 20 25 24 
96 97 99 100 94 87 85 83 74 67 62 65 65 65 62 60 58 55 52 50 46 40 28 19 5 15 20 25 24 
96 97 99 100 94 87 85 83 74 71 81 80 69 64 59 57 54 65 65 65 62 67 63 68 77 73 72 75 56 49 46 40 41 33 20 25 24 
96 97 99 100 94 87 85 83 74 71 81 80 69 64 59 57 54 65 65 65 62 67 63 68 66 78 75 56 49 46 40 41 33 20 25 24 
96 97 99 100 94 87 85 83 84 82 81 80 69 64 59 57 54 65 65 65 62 60 58 55 52 50 46 40 43 33 20 15 10 16 24 
96 97 99 100 94 98 102 101 85 83 84 82 81 80 69 64 59 57 54 65 65 65 62 60 58 55 52 50 46 40 28 19 5 15 10 16 24 
96 97 99 100 94 87 85 83 84 82 81 80 69 64 59 57 54 53 48 34 45 65 65 65 62 60 58 55 52 50 46 40 43 33 20 25 24 
96 97 99 100 94 98 102 101 85 83 74 71 81 80 69 64 59 57 54 65 65 65 62 60 58 55 52 50 46 40 28 19 5 15 10 16 24 
96 97 99 100 94 98 102 101 85 83 84 82 81 71 74 67 62 65 65 65 62 60 58 55 52 50 46 40 41 33 20 15 10 16 24 
96 97 99 100 94 98 102 101 85 83 74 67 62 65 65 65 62 67 63 68 77 73 72 75 56 49 46 40 43 33 20 25 24 
96 97 99 100 94 98 102 101 85 83 84 82 81 71 74 67 62 65 65 65 62 60 58 55 52 50 46 40 43 33 20 25 24 
96 97 99 100 94 98 102 101 85 83 74 67 62 65 65 65 62 67 63 68 77 73 72 75 56 49 46 40 41 33 20 25 24 
96 97 99 100 94 87 85 83 74 67 62 65 65 65 62 60 58 55 52 50 46 40 28 19 5 15 10 16 24 
96 97 99 100 94 87 85 83 74 71 81 80 69 64 59 57 54 53 48 34 45 65 65 65 62 67 63 68 66 78 75 56 49 46 40 43 33 20 25 24 
96 97 99 100 94 87 85 83 84 82 81 71 74 67 62 65 65 65 62 60 58 55 52 50 46 40 43 33 20 15 10 16 24 
96 97 99 100 94 98 102 101 85 83 74 71 81 80 69 64 59 57 54 65 65 65 62 60 58 55 52 50 46 40 41 33 20 25 24 
96 97 99 100 94 87 85 83 74 71 81 80 69 64 59 57 54 53 48 34 45 65 65 65 62 67 63 68 66 78 75 56 49 46 40 41 33 20 25 24 
96 97 99 100 94 87 85 83 84 82 81 71 74 67 62 65 65 65 62 67 63 68 77 73 72 75 56 49 46 40 43 33 20 25 24 
---------------
Request id 14
81 82 84 83 74 67 62 65 65 65 62 60 58 55 52 50 46 40 36 35 29 23 17 9 3 2 1 8 7 12 
81 82 84 83 74 67 63 68 77 73 72 75 56 49 46 50 52 55 58 60 62 65 65 65 62 67 63 68 66 78 75 56 49 46 40 36 35 29 23 17 12 
81 80 69 64 59 57 54 53 48 34 45 65 65 65 62 60 58 55 52 50 46 40 37 30 21 26 35 29 23 17 9 3 2 1 8 7 12 
81 80 69 64 59 57 54 65 65 65 62 60 58 55 52 50 46 40 37 30 21 26 35 29 23 17 9 3 2 1 8 7 12 
81 82 84 83 74 67 63 68 66 78 75 56 49 46 50 52 55 58 60 62 65 65 65 54 57 59 64 69 80 81 71 74 67 62 60 58 55 52 50 46 40 36 35 29 23 17 12 
81 82 84 83 74 67 63 68 66 78 75 56 49 46 50 52 55 58 60 62 65 65 65 62 67 63 68 66 78 75 56 49 46 40 36 35 29 23 17 9 3 2 1 8 7 12 
81 80 69 64 59 57 54 65 65 65 62 67 63 68 66 78 75 56 49 46 40 36 35 29 23 17 9 3 2 1 8 7 12 
81 71 74 67 63 68 66 78 75 56 49 46 50 52 55 58 60 62 65 65 65 62 67 63 68 66 78 75 56 49 46 40 36 35 29 23 17 12 
81 80 69 64 59 57 54 53 48 34 45 65 65 65 62 67 63 68 66 78 75 56 49 46 40 37 30 21 26 35 29 23 17 12 
81 71 74 67 63 68 66 78 75 56 49 46 50 52 55 58 60 62 65 65 65 62 60 58 55 52 50 46 40 37 30 21 26 35 29 23 17 9 3 2 1 8 7 12 
81 80 69 64 59 57 54 53 48 34 45 65 65 65 62 67 63 68 77 73 72 75 56 49 46 40 37 30 21 26 35 29 23 17 12 
81 82 84 83 74 67 62 65 65 65 54 57 59 64 69 80 81 71 74 67 62 60 58 55 52 50 46 40 36 35 29 23 17 12 
81 71 74 67 63 68 77 73 72 75 56 49 46 50 52 55 58 60 62 65 65 65 62 60 58 55 52 50 46 40 37 30 21 26 35 29 23 17 12 
81 80 69 64 59 57 54 65 65 65 62 60 58 55 52 50 46 40 36 35 29 23 17 12 
81 71 74 67 62 65 65 65 62 67 63 68 77 73 72 75 56 49 46 40 36 35 29 23 17 12 
81 71 74 67 62 65 65 65 62 60 58 55 52 50 46 40 37 30 21 26 35 29 23 17 9 3 2 1 8 7 12 
81 71 74 67 63 68 66 78 75 56 49 46 50 52 55 58 60 62 65 65 65 62 67 63 68 66 78 75 56 49 46 40 36 35 29 23 17 9 3 2 1 8 7 12 
81 71 74 67 63 68 77 73 72 75 56 49 46 50 52 55 58 60 62 65 65 65 62 60 58 55 52 50 46 40 36 35 29 23 17 9 3 2 1 8 7 12 
81 71 74 67 62 65 65 65 62 60 58 55 52 50 46 40 37 30 21 26 35 29 23 17 12 
81 80 69 64 59 57 54 65 65 65 62 60 58 55 52 50 46 40 37 30 21 26 35 29 23 17 12 
81 71 74 67 63 68 66 78 75 56 49 46 50 52 55 58 60 62 65 65 65 62 67 63 68 66 78 75 56 49 46 40 37 30 21 26 35 29 23 17 12 
81 71 74 67 62 65 65 65 62 67 63 68 66 78 75 56 49 46 40 37 30 21 26 35 29 23 17 12 
81 82 84 83 74 67 62 65 65 65 62 67 63 68 66 78 75 56 49 46 40 36 35 29 23 17 9 3 2 1 8 7 12 
81 71 74 67 63 68 77 73 72 75 56 49 46 50 52 55 58 60 62 65 65 65 62 67 63 68 66 78 75 56 49 46 40 36 35 29 23 17 12 
81 71 74 67 62 65 65 65 54 57 59 64 69 80 81 71 74 67 62 60 58 55 52 50 46 40 36 35 29 23 17 12 
81 71 74 67 63 68 66 78 75 56 49 46 50 52 55 58 60 62 65 65 65 62 67 63 68 77 73 72 75 56 49 46 40 37 30 21 26 35 29 23 17 12 
81 82 84 83 74 67 63 68 77 73 72 75 56 49 46 50 52 55 58 60 62 65 65 65 62 60 58 55 52 50 46 40 36 35 29 23 17 12 
81 71 74 67 63 68 77 73 72 75 56 49 46 50 52 55 58 60 62 65 65 65 54 57 59 64 69 80 81 71 74 67 62 60 58 55 52 50 46 40 36 35 29 23 17 12 
81 82 84 83 74 67 62 65 65 65 62 67 63 68 77 73 72 75 56 49 46 40 37 30 21 26 35 29 23 17 12 
81 71 74 67 63 68 77 73 72 75 56 49 46 50 52 55 58 60 62 65 65 65 62 67 63 68 77 73 72 75 56 49 46 40 37 30 21 26 35 29 23 17 12 
---------------
Request id 23
102 101 85 83 84 82 81 80 69 64 59 57 54 53 48 34 45 65 65 65 45 34 48 53 54 57 59 64 69 80 81 71 74 83 
102 98 94 87 85 83 74 67 62 65 65 65 45 34 48 53 54 57 59 64 69 80 81 82 84 83 
102 101 85 83 84 82 81 80 69 64 59 57 54 65 65 65 62 67 74 83 
102 98 94 87 85 83 74 67 62 65 65 65 62 60 58 55 52 50 46 49 56 75 78 66 68 63 67 74 83 
102 101 85 83 74 67 62 65 65 65 62 60 58 55 52 50 46 49 56 75 72 73 77 68 63 67 74 71 81 82 84 83 
102 98 94 87 85 83 84 82 81 80 69 64 59 57 54 65 65 65 62 60 58 55 52 50 46 49 56 75 72 73 77 68 63 67 74 71 81 82 84 83 
102 98 94 87 85 83 74 71 81 80 69 64 59 57 54 65 65 65 54 57 59 64 69 80 81 71 74 83 
102 98 94 87 85 83 74 67 62 65 65 65 54 57 59 64 69 80 81 82 84 83 
102 98 94 87 85 83 74 67 62 65 65 65 54 57 59 64 69 80 81 71 74 83 
102 101 85 83 84 82 81 80 69 64 59 57 54 65 65 65 62 60 58 55 52 50 46 49 56 75 78 66 68 63 67 74 83 
102 98 94 87 85 83 74 71 81 80 69 64 59 57 54 65 65 65 62 60 58 55 52 50 46 49 56 75 78 66 68 63 67 74 71 81 82 84 83 
102 98 94 87 85 83 84 82 81 71 74 67 62 65 65 65 45 34 48 53 54 57 59 64 69 80 81 71 74 83 
102 101 85 83 84 82 81 71 74 67 62 65 65 65 62 60 58 55 52 50 46 49 56 75 72 73 77 68 63 67 74 71 81 82 84 83 
102 101 85 83 84 82 81 80 69 64 59 57 54 65 65 65 62 67 74 71 81 82 84 83 
102 101 85 83 74 71 81 80 69 64 59 57 54 53 48 34 45 65 65 65 62 60 58 55 52 50 46 49 56 75 78 66 68 63 67 74 83 
102 101 85 83 74 71 81 80 69 64 59 57 54 53 48 34 45 65 65 65 54 57 59 64 69 80 81 82 84 83 
102 98 94 87 85 83 84 82 81 80 69 64 59 57 54 65 65 65 62 67 74 71 81 82 84 83 
102 101 85 83 74 67 62 65 65 65 62 60 58 55 52 50 46 49 56 75 72 73 77 68 63 67 74 83 
102 98 94 87 85 83 74 67 62 65 65 65 62 60 58 55 52 50 46 49 56 75 78 66 68 63 67 74 71 81 82 84 83 
102 101 85 83 74 71 81 80 69 64 59 57 54 65 65 65 62 60 58 55 52 50 46 49 56 75 78 66 68 63 67 74 83 
102 98 94 87 85 83 74 71 81 80 69 64 59 57 54 65 65 65 45 34 48 53 54 57 59 64 69 80 81 71 74 83 
102 101 85 83 84 82 81 80 69 64 59 57 54 53 48 34 45 65 65 65 54 57 59 64 69 80 81 82 84 83 
102 101 85 83 74 67 62 65 65 65 45 34 48 53 54 57 59 64 69 80 81 82 84 83 
102 101 85 83 84 82 81 80 69 64 59 57 54 65 65 65 54 57 59 64 69 80 81 71 74 83 
102 101 85 83 84 82 81 80 69 64 59 57 54 53 48 34 45 65 65 65 62 67 74 83 
102 98 94 87 85 83 74 71 81 80 69 64 59 57 54 65 65 65 62 60 58 55 52 50 46 49 56 75 72 73 77 68 63 67 74 83 
102 101 85 83 84 82 81 80 69 64 59 57 54 65 65 65 62 60 58 55 52 50 46 49 56 75 72 73 77 68 63 67 74 83 
102 98 94 87 85 83 84 82 81 71 74 67 62 65 65 65 54 57 59 64 69 80 81 82 84 83 
102 98 94 87 85 83 84 82 81 80 69 64 59 57 54 65 65 65 62 67 74 83 
102 98 94 87 85 83 84 82 81 71 74 67 62 65 65 65 62 60 58 55 52 50 46 49 56 75 72 73 77 68 63 67 74 83 
---------------
Request id 26
41 33 43 40 46 50 52 55 58 60 62 65 54 57 59 64 69 80 81 71 74 67 63 68 66 78 
41 40 46 50 52 55 58 60 62 65 54 57 59 64 69 80 81 71 74 67 63 68 66 78 
41 33 20 15 5 19 28 40 46 50 52 55 58 60 62 65 45 34 48 53 54 57 59 64 69 80 81 82 84 83 74 67 63 68 66 78 
41 33 43 40 46 50 52 55 58 60 62 65 54 57 59 64 69 80 81 82 84 83 74 67 63 68 66 78 
41 33 20 25 24 16 10 15 5 19 28 40 46 50 52 55 58 60 62 65 54 57 59 64 69 80 81 71 74 67 63 68 66 78 
41 33 43 40 46 50 52 55 58 60 62 65 45 34 48 53 54 57 59 64 69 80 81 82 84 83 74 67 63 68 66 78 
41 33 20 25 24 16 10 15 5 19 28 40 46 50 52 55 58 60 62 65 45 34 48 53 54 57 59 64 69 80 81 71 74 67 63 68 66 78 
41 33 20 15 5 19 28 40 46 50 52 55 58 60 62 67 63 68 66 78 
41 33 20 25 24 16 10 15 5 19 28 40 46 50 52 55 58 60 62 65 54 57 59 64 69 80 81 82 84 83 74 67 63 68 77 73 72 75 78 
41 40 46 50 52 55 58 60 62 65 45 34 48 53 54 57 59 64 69 80 81 71 74 67 63 68 66 78 
41 40 46 50 52 55 58 60 62 65 54 57 59 64 69 80 81 82 84 83 74 67 63 68 77 73 72 75 78 
41 33 43 40 46 49 56 75 78 
41 33 20 25 24 16 10 15 5 19 28 40 46 49 56 75 78 
41 33 43 40 46 49 56 75 72 73 77 68 66 78 
41 33 20 15 5 19 28 40 46 50 52 55 58 60 62 65 45 34 48 53 54 57 59 64 69 80 81 71 74 67 63 68 66 78 
41 33 43 40 46 50 52 55 58 60 62 65 45 34 48 53 54 57 59 64 69 80 81 71 74 67 63 68 66 78 
41 33 43 40 46 50 52 55 58 60 62 67 63 68 77 73 72 75 78 
41 33 20 15 5 19 28 40 46 50 52 55 58 60 62 65 54 57 59 64 69 80 81 71 74 67 63 68 66 78 
41 40 46 50 52 55 58 60 62 65 45 34 48 53 54 57 59 64 69 80 81 82 84 83 74 67 63 68 66 78 
41 33 43 40 46 50 52 55 58 60 62 65 54 57 59 64 69 80 81 82 84 83 74 67 63 68 77 73 72 75 78 
41 33 20 15 5 19 28 40 46 50 52 55 58 60 62 65 54 57 59 64 69 80 81 82 84 83 74 67 63 68 66 78 
41 33 20 25 24 16 10 15 5 19 28 40 46 49 56 75 72 73 77 68 66 78 
41 33 43 40 46 50 52 55 58 60 62 67 63 68 66 78 
41 40 46 50 52 55 58 60 62 65 54 57 59 64 69 80 81 71 74 67 63 68 77 73 72 75 78 
41 40 46 49 56 75 72 73 77 68 66 78 
41 40 46 50 52 55 58 60 62 67 63 68 77 73 72 75 78 
41 33 20 25 24 16 10 15 5 19 28 40 46 50 52 55 58 60 62 65 54 57 59 64 69 80 81 82 84 83 74 67 63 68 66 78 
41 33 20 15 5 19 28 40 46 49 56 75 72 73 77 68 66 78 
41 40 46 50 52 55 58 60 62 65 54 57 59 64 69 80 81 82 84 83 74 67 63 68 66 78 
41 33 20 15 5 19 28 40 46 49 56 75 78 
---------------
Request id 29
90 87 85 83 84 82 81 80 69 64 59 57 54 65 65 62 67 63 68 77 73 72 75 56 49 46 40 43 33 41 
90 87 94 98 102 101 85 83 74 67 62 65 65 62 67 63 68 77 73 72 75 56 49 46 40 41 
90 87 85 83 74 71 81 80 69 64 59 57 54 53 48 34 45 65 65 62 67 63 68 66 78 75 56 49 46 40 41 
90 87 85 83 74 71 81 80 69 64 59 57 54 53 48 34 45 65 65 62 67 63 68 66 78 75 56 49 46 40 28 19 5 15 20 33 41 
90 87 85 83 74 71 81 80 69 64 59 57 54 65 65 62 67 63 68 66 78 75 56 49 46 40 43 33 41 
90 87 85 83 74 71 81 80 69 64 59 57 54 65 65 62 60 58 55 52 50 46 40 41 
90 87 85 83 84 82 81 80 69 64 59 57 54 65 65 62 67 63 68 77 73 72 75 56 49 46 40 41 
90 87 85 83 84 82 81 71 74 67 62 65 65 62 67 63 68 77 73 72 75 56 49 46 40 28 19 5 15 20 33 41 
90 87 85 83 84 82 81 80 69 64 59 57 54 65 65 62 67 63 68 66 78 75 56 49 46 40 43 33 41 
90 87 85 83 84 82 81 71 74 67 62 65 65 62 67 63 68 66 78 75 56 49 46 40 43 33 41 
90 87 94 98 102 101 85 83 84 82 81 80 69 64 59 57 54 65 65 62 60 58 55 52 50 46 40 41 
90 87 94 98 102 101 85 83 74 71 81 80 69 64 59 57 54 65 65 62 60 58 55 52 50 46 40 41 
90 87 94 98 102 101 85 83 84 82 81 71 74 67 62 65 65 62 67 63 68 66 78 75 56 49 46 40 28 19 5 15 20 33 41 
90 87 85 83 74 67 62 65 65 62 60 58 55 52 50 46 40 43 33 41 
90 87 85 83 84 82 81 80 69 64 59 57 54 53 48 34 45 65 65 62 67 63 68 66 78 75 56 49 46 40 28 19 5 15 20 33 41 
90 87 85 83 74 71 81 80 69 64 59 57 54 65 65 62 67 63 68 77 73 72 75 56 49 46 40 28 19 5 15 20 33 41 
90 87 85 83 84 82 81 80 69 64 59 57 54 65 65 54 57 59 64 69 80 81 71 74 67 62 60 58 55 52 50 46 40 41 
90 87 85 83 74 71 81 80 69 64 59 57 54 53 48 34 45 65 65 62 67 63 68 77 73 72 75 56 49 46 40 28 19 5 15 20 33 41 
90 87 94 98 102 101 85 83 84 82 81 71 74 67 62 65 65 62 67 63 68 77 73 72 75 56 49 46 40 41 
90 87 85 83 74 71 81 80 69 64 59 57 54 53 48 34 45 65 65 62 60 58 55 52 50 46 40 43 33 41 
90 87 85 83 84 82 81 80 69 64 59 57 54 65 65 62 60 58 55 52 50 46 40 28 19 5 15 20 33 41 
90 87 85 83 84 82 81 80 69 64 59 57 54 53 48 34 45 65 65 62 67 63 68 66 78 75 56 49 46 40 41 
90 87 85 83 84 82 81 80 69 64 59 57 54 53 48 34 45 65 65 62 60 58 55 52 50 46 40 43 33 41 
90 87 94 98 102 101 85 83 74 71 81 80 69 64 59 57 54 65 65 62 67 63 68 66 78 75 56 49 46 40 28 19 5 15 20 33 41 
90 87 94 98 102 101 85 83 74 67 62 65 65 62 67 63 68 77 73 72 75 56 49 46 40 43 33 41 
90 87 85 83 74 71 81 80 69 64 59 57 54 53 48 34 45 65 65 54 57 59 64 69 80 81 71 74 67 62 60 58 55 52 50 46 40 41 
90 87 85 83 84 82 81 71 74 67 62 65 65 62 60 58 55 52 50 46 40 43 33 41 
90 87 85 83 74 71 81 80 69 64 59 57 54 65 65 62 67 63 68 66 78 75 56 49 46 40 41 
90 87 85 83 74 71 81 80 69 64 59 57 54 65 65 54 57 59 64 69 80 81 71 74 67 62 60 58 55 52 50 46 40 41 
90 87 85 83 84 82 81 80 69 64 59 57 54 53 48 34 45 65 65 62 67 63 68 77 73 72 75 56 49 46 40 41 
---------------
Request id 9
11 6 4 0 3 2 1 8 7 12 17 9 13 32 32 13 9 17 23 29 35 26 21 30 37 40 43 33 20 25 24 16 10 
11 14 22 31 32 32 13 9 17 23 29 35 26 21 30 37 40 43 33 20 25 24 16 10 
11 6 4 0 3 2 1 8 7 12 17 9 13 32 32 13 9 17 23 29 35 26 21 30 37 40 28 19 5 15 10 
11 6 4 0 3 2 1 8 7 12 17 9 13 32 32 13 9 17 23 29 35 36 40 41 33 20 25 24 16 10 
11 14 22 31 32 32 13 9 17 23 29 35 26 21 30 37 40 43 33 20 15 10 
11 14 22 31 32 32 13 9 17 23 29 35 26 21 30 37 40 28 19 5 15 10 
11 6 4 0 3 2 1 8 7 12 17 9 13 32 32 13 9 17 23 29 35 36 40 28 19 5 15 10 
11 6 4 0 3 2 1 8 7 12 17 9 13 32 32 13 9 17 23 29 35 36 40 43 33 20 25 24 16 10 
11 6 4 0 3 2 1 8 7 12 17 9 13 32 32 13 9 17 23 29 35 26 21 30 37 40 43 33 20 15 10 
11 6 4 0 3 9 13 32 32 13 9 17 23 29 35 26 21 30 37 40 28 19 5 15 10 
11 14 22 31 32 32 13 9 17 23 29 35 36 40 28 19 5 15 20 25 24 16 10 
11 6 4 0 3 2 1 8 7 12 17 9 13 32 32 13 9 17 23 29 35 36 40 41 33 20 15 10 
11 6 4 0 3 9 13 32 32 13 9 17 23 29 35 36 40 43 33 20 15 10 
11 14 22 31 32 32 13 9 17 23 29 35 26 21 30 37 40 41 33 20 15 10 
11 6 4 0 3 9 13 32 32 13 9 17 23 29 35 26 21 30 37 40 43 33 20 15 10 
11 6 4 0 3 9 13 32 32 13 9 17 23 29 35 26 21 30 37 40 43 33 20 25 24 16 10 
11 6 4 0 3 9 13 32 32 13 9 17 23 29 35 26 21 30 37 40 41 33 20 15 10 
11 14 22 31 32 32 13 9 17 23 29 35 36 40 43 33 20 15 10 
11 6 4 0 3 2 1 8 7 12 17 9 13 32 32 13 9 17 23 29 35 36 40 43 33 20 15 10 
11 6 4 0 3 9 13 32 32 13 9 17 23 29 35 36 40 28 19 5 15 10 
11 6 4 0 3 9 13 32 32 13 9 17 23 29 35 36 40 28 19 5 15 20 25 24 16 10 
11 6 4 0 3 9 13 32 32 13 9 17 23 29 35 36 40 43 33 20 25 24 16 10 
11 14 22 31 32 32 13 9 17 23 29 35 36 40 41 33 20 25 24 16 10 
11 6 4 0 3 2 1 8 7 12 17 9 13 32 32 13 9 17 23 29 35 36 40 28 19 5 15 20 25 24 16 10 
11 6 4 0 3 9 13 32 32 13 9 17 23 29 35 36 40 41 33 20 15 10 
11 14 22 31 32 32 13 9 17 23 29 35 36 40 43 33 20 25 24 16 10 
11 14 22 31 32 32 13 9 17 23 29 35 36 40 41 33 20 15 10 
11 6 4 0 3 2 1 8 7 12 17 9 13 32 32 13 9 17 23 29 35 26 21 30 37 40 41 33 20 15 10 
11 14 22 31 32 32 13 9 17 23 29 35 36 40 28 19 5 15 10 
11 6 4 0 3 9 13 32 32 13 9 17 23 29 35 36 40 41 33 20 25 24 16 10 
---------------
Request id 16
90 87 94 98 102 101 85 83 84 82 81 80 69 64 59 57 54 65 65 65 62 67 63 68 66 78 75 56 49 46 40 37 30 21 26 35 29 38 
90 87 94 98 102 101 85 83 84 82 81 80 69 64 59 57 54 65 65 65 54 57 59 64 69 80 81 71 74 67 63 68 77 73 72 75 56 49 46 40 36 35 29 38 
90 87 85 83 84 82 81 71 74 67 62 65 65 65 62 60 58 55 52 50 46 40 37 30 21 26 35 29 38 
90 87 94 98 102 101 85 83 74 71 81 80 69 64 59 57 54 65 65 65 62 67 63 68 77 73 72 75 56 49 46 40 36 35 29 38 
90 87 85 83 74 71 81 80 69 64 59 57 54 53 48 34 45 65 65 65 62 67 63 68 66 78 75 56 49 46 40 36 35 29 38 
90 87 85 83 74 71 81 80 69 64 59 57 54 65 65 65 62 60 58 55 52 50 46 40 36 35 29 38 
90 87 85 83 74 67 62 65 65 65 62 67 63 68 66 78 75 56 49 46 40 37 30 21 26 35 29 38 
90 87 85 83 84 82 81 80 69 64 59 57 54 65 65 65 62 60 58 55 52 50 46 40 37 30 21 26 35 29 38 
90 87 94 98 102 101 85 83 74 67 62 65 65 65 62 67 63 68 66 78 75 56 49 46 40 36 35 29 38 
90 87 85 83 74 71 81 80 69 64 59 57 54 53 48 34 45 65 65 65 62 67 63 68 77 73 72 75 56 49 46 40 36 35 29 38 
90 87 85 83 74 67 62 65 65 65 62 60 58 55 52 50 46 40 36 35 29 38 
90 87 85 83 84 82 81 80 69 64 59 57 54 53 48 34 45 65 65 65 54 57 59 64 69 80 81 71 74 67 63 68 77 73 72 75 56 49 46 40 36 35 29 38 
90 87 94 98 102 101 85 83 74 71 81 80 69 64 59 57 54 65 65 65 54 57 59 64 69 80 81 82 84 83 74 67 62 60 58 55 52 50 46 40 36 35 29 38 
90 87 85 83 84 82 81 71 74 67 62 65 65 65 54 57 59 64 69 80 81 71 74 67 63 68 77 73 72 75 56 49 46 40 36 35 29 38 
90 87 94 98 102 101 85 83 84 82 81 80 69 64 59 57 54 65 65 65 62 60 58 55 52 50 46 40 36 35 29 38 
90 87 85 83 74 67 62 65 65 65 62 67 63 68 77 73 72 75 56 49 46 40 37 30 21 26 35 29 38 
90 87 94 98 102 101 85 83 74 71 81 80 69 64 59 57 54 65 65 65 62 67 63 68 66 78 75 56 49 46 40 36 35 29 38 
90 87 85 83 74 67 62 65 65 65 54 57 59 64 69 80 81 82 84 83 74 67 62 60 58 55 52 50 46 40 36 35 29 38 
90 87 85 83 74 71 81 80 69 64 59 57 54 65 65 65 62 67 63 68 77 73 72 75 56 49 46 40 36 35 29 38 
90 87 94 98 102 101 85 83 84 82 81 80 69 64 59 57 54 65 65 65 54 57 59 64 69 80 81 71 74 67 62 60 58 55 52 50 46 40 36 35 29 38 
90 87 85 83 84 82 81 80 69 64 59 57 54 53 48 34 45 65 65 65 54 57 59 64 69 80 81 82 84 83 74 67 62 60 58 55 52 50 46 40 36 35 29 38 
90 87 85 83 84 82 81 71 74 67 62 65 65 65 62 60 58 55 52 50 46 40 36 35 29 38 
90 87 94 98 102 101 85 83 74 71 81 80 69 64 59 57 54 65 65 65 54 57 59 64 69 80 81 71 74 67 63 68 66 78 75 56 49 46 40 36 35 29 38 
90 87 85 83 74 71 81 80 69 64 59 57 54 65 65 65 54 57 59 64 69 80 81 82 84 83 74 67 62 60 58 55 52 50 46 40 36 35 29 38 
90 87 85 83 84 82 81 71 74 67 62 65 65 65 54 57 59 64 69 80 81 71 74 67 62 60 58 55 52 50 46 40 36 35 29 38 
90 87 94 98 102 101 85 83 84 82 81 80 69 64 59 57 54 65 65 65 62 60 58 55 52 50 46 40 37 30 21 26 35 29 38 
90 87 85 83 74 71 81 80 69 64 59 57 54 53 48 34 45 65 65 65 62 60 58 55 52 50 46 40 37 30 21 26 35 29 38 
90 87 94 98 102 101 85 83 74 71 81 80 69 64 59 57 54 65 65 65 62 60 58 55 52 50 46 40 36 35 29 38 
90 87 85 83 74 71 81 80 69 64 59 57 54 65 65 65 62 67 63 68 66 78 75 56 49 46 40 36 35 29 38 
90 87 85 83 74 67 62 65 65 65 62 60 58 55 52 50 46 40 37 30 21 26 35 29 38 
---------------
Request id 17
20 15 5 19 28 40 43 33 41 40 37 30 21 26 35 29 23 17 9 13 32 39 
20 25 24 16 10 15 5 19 28 40 43 33 41 40 36 35 29 23 17 12 7 8 1 2 3 9 13 32 39 
20 15 5 19 28 40 43 33 41 40 36 35 29 23 17 12 7 8 1 2 3 9 13 32 39 
20 33 41 40 36 35 29 23 17 9 13 32 39 
20 15 5 19 28 40 41 33 41 40 36 35 29 23 17 9 3 0 4 6 11 14 22 31 32 39 
20 15 5 19 28 40 41 33 20 15 5 19 28 40 36 35 29 23 17 9 13 32 39 
20 25 24 16 10 15 5 19 28 40 41 33 43 40 36 35 29 23 17 12 7 8 1 2 3 9 13 32 39 
20 15 5 19 28 40 43 33 41 40 36 35 29 23 17 9 3 0 4 6 11 14 22 31 32 39 
20 25 24 16 10 15 5 19 28 40 43 33 43 40 37 30 21 26 35 29 23 17 9 13 32 39 
20 15 5 19 28 40 41 33 43 40 36 35 29 23 17 12 7 8 1 2 3 9 13 32 39 
20 25 24 16 10 15 5 19 28 40 43 33 20 15 5 19 28 40 37 30 21 26 35 29 23 17 9 13 32 39 
20 15 5 19 28 40 41 33 43 40 37 30 21 26 35 29 23 17 9 13 32 39 
20 25 24 16 10 15 5 19 28 40 41 33 20 15 5 19 28 40 36 35 29 23 17 9 13 32 39 
20 15 5 19 28 40 43 33 43 40 36 35 29 23 17 12 7 8 1 2 3 9 13 32 39 
20 15 5 19 28 40 41 33 43 40 36 35 29 23 17 9 13 32 39 
20 25 24 16 10 15 5 19 28 40 43 33 20 15 5 19 28 40 36 35 29 23 17 9 13 32 39 
20 25 24 16 10 15 5 19 28 40 41 33 20 15 5 19 28 40 37 30 21 26 35 29 23 17 9 13 32 39 
20 25 24 16 10 15 5 19 28 40 41 33 41 40 36 35 29 23 17 12 7 8 1 2 3 9 13 32 39 
20 25 24 16 10 15 5 19 28 40 41 33 43 40 37 30 21 26 35 29 23 17 9 13 32 39 
20 25 24 16 10 15 5 19 28 40 41 33 43 40 36 35 29 23 17 9 13 32 39 
20 25 24 16 10 15 5 19 28 40 43 33 43 40 36 35 29 23 17 9 13 32 39 
20 25 24 16 10 15 5 19 28 40 43 33 41 40 36 35 29 23 17 9 13 32 39 
20 25 24 16 10 15 5 19 28 40 41 33 41 40 36 35 29 23 17 9 13 32 39 
20 15 5 19 28 40 43 33 43 40 36 35 29 23 17 9 13 32 39 
20 15 5 19 28 40 43 33 20 15 5 19 28 40 37 30 21 26 35 29 23 17 9 13 32 39 
20 25 24 16 10 15 5 19 28 40 43 33 43 40 36 35 29 23 17 12 7 8 1 2 3 9 13 32 39 
20 25 24 16 10 15 5 19 28 40 41 33 41 40 37 30 21 26 35 29 23 17 9 13 32 39 
20 25 24 16 10 15 5 19 28 40 41 33 43 40 36 35 29 23 17 9 3 0 4 6 11 14 22 31 32 39 
20 33 41 40 37 30 21 26 35 29 23 17 9 13 32 39 
20 15 5 19 28 40 41 33 41 40 36 35 29 23 17 12 7 8 1 2 3 9 13 32 39 
---------------
