Request id 18
9 5 4 4 4 5 2 0 1 3 
9 5 2 1 3 4 4 4 5 2 1 3 
9 8 7 0 2 5 4 4 4 6 7 8 13 10 3 
9 8 7 6 4 4 4 5 2 0 1 3 
9 5 2 1 3 4 4 4 6 7 8 11 10 3 
9 8 13 12 5 4 4 4 3 
9 8 11 12 5 4 4 4 6 7 8 11 10 3 
9 8 11 10 3 4 4 4 5 12 13 10 3 
9 8 7 6 4 4 4 6 7 0 1 3 
9 8 7 6 4 4 4 6 7 8 13 10 3 
9 5 12 11 10 3 4 4 4 5 12 13 10 3 
9 8 13 10 3 4 4 4 5 2 1 3 
9 5 2 0 1 3 4 4 4 5 12 11 10 3 
9 8 13 12 5 4 4 4 6 7 8 11 10 3 
9 8 11 10 3 4 4 4 6 7 8 11 10 3 
9 5 4 4 4 5 2 1 3 
9 5 4 4 4 6 7 8 13 10 3 
9 5 2 0 1 3 4 4 4 6 7 0 2 1 3 
9 5 12 11 10 3 4 4 4 6 7 0 2 1 3 
9 8 13 10 3 4 4 4 3 
---------------
Request id 2
8 11 10 3 4 6 7 0 2 1 3 4 6 
8 9 5 2 0 7 8 13 10 3 4 6 
8 9 5 4 6 7 0 1 2 5 4 6 
8 11 12 5 2 0 7 8 13 12 5 4 6 
8 9 5 2 1 0 7 0 2 5 4 6 
8 11 10 3 4 6 7 8 13 10 3 4 6 
8 9 5 4 6 7 8 13 12 5 4 6 
8 11 12 5 2 0 7 0 2 1 3 4 6 
8 11 12 5 2 0 7 8 9 5 4 6 
8 7 8 11 10 3 4 6 
8 11 10 3 4 6 7 0 2 5 4 6 
8 9 5 4 6 7 8 11 12 5 4 6 
8 9 5 2 1 0 7 8 13 10 3 4 6 
8 11 12 5 4 6 7 8 13 10 3 4 6 
8 13 12 5 2 0 7 8 9 5 4 6 
8 13 12 5 2 0 7 6 
8 11 10 3 4 6 7 8 11 12 5 4 6 
8 9 5 4 6 7 0 2 1 3 4 6 
8 9 5 2 1 0 7 6 
8 9 5 2 0 7 0 1 2 5 4 6 
---------------
Request id 17
2 5 12 11 10 3 4 3 10 11 8 13 8 
2 0 7 8 11 12 5 4 3 1 2 5 12 13 12 5 9 8 
2 0 7 8 11 12 5 4 5 2 1 3 10 13 12 5 2 0 7 8 
2 1 3 4 5 12 13 8 
2 0 7 8 9 5 4 3 10 11 8 13 12 11 8 
2 0 7 8 11 12 5 4 5 9 8 13 8 
2 5 9 8 7 6 4 5 12 11 8 13 12 5 9 8 
2 0 1 3 4 3 10 11 8 13 10 11 8 
2 5 12 11 10 3 4 3 10 13 12 5 2 0 7 8 
2 0 7 6 4 3 1 2 5 12 13 12 5 4 6 7 8 
2 1 3 4 3 1 2 5 12 13 12 5 9 8 
2 5 9 8 7 6 4 5 12 13 10 3 1 0 7 8 
2 1 0 7 6 4 3 1 2 5 12 13 12 5 4 6 7 8 
2 5 12 13 10 3 4 5 12 11 10 13 10 3 1 0 7 8 
2 5 4 6 7 8 13 10 3 4 5 9 8 
2 5 9 8 7 6 4 3 10 13 10 11 8 
2 5 4 3 10 13 10 11 12 5 9 8 
2 5 9 8 7 6 4 3 10 11 12 13 10 3 1 0 7 8 
2 0 1 3 4 5 12 11 10 13 10 3 1 0 7 8 
2 0 7 8 11 12 5 4 5 12 11 8 13 10 3 1 0 7 8 
---------------
Request id 3
9 5 4 5 12 11 8 7 8 13 12 5 2 1 3 
9 8 7 0 1 3 4 3 1 0 7 8 11 12 13 12 5 2 1 3 
9 5 4 5 2 0 7 8 13 12 11 10 3 
9 8 11 12 5 4 3 1 2 0 7 8 9 5 12 13 8 9 5 4 3 
9 8 11 10 3 4 5 2 1 0 7 8 13 8 7 6 4 3 
9 8 11 10 3 4 5 2 1 0 7 0 1 3 10 13 12 5 2 1 3 
9 8 11 10 3 4 3 1 2 0 7 6 4 3 10 13 12 5 2 1 3 
9 8 11 12 5 4 3 10 13 8 7 8 11 10 13 10 11 12 5 4 3 
9 5 12 13 10 3 4 3 1 0 7 6 4 5 9 8 13 12 11 10 3 
9 8 11 12 5 4 3 10 13 8 7 6 4 3 10 13 8 9 5 4 3 
9 8 13 12 5 4 5 9 8 7 0 1 3 10 13 8 7 0 2 1 3 
9 8 13 10 3 4 3 1 2 0 7 8 9 5 12 13 8 11 10 3 
9 8 13 10 3 4 3 10 13 8 7 0 1 3 10 13 8 7 6 4 3 
9 8 11 12 5 4 5 12 13 8 7 6 4 5 12 13 8 7 0 1 3 
9 8 11 10 3 4 3 10 13 8 7 6 4 3 10 13 12 5 2 1 3 
9 5 2 0 7 6 4 3 10 11 8 7 0 1 2 5 12 13 12 5 4 3 
9 5 2 0 7 6 4 6 7 6 4 3 10 13 8 7 0 2 1 3 
9 5 2 0 7 6 4 5 12 13 8 7 8 13 8 11 10 3 
9 8 13 10 3 4 3 1 2 0 7 6 4 3 10 13 8 11 10 3 
9 8 13 10 3 4 5 12 13 8 7 8 11 12 13 8 7 0 1 3 
---------------
Request id 9
6 4 5 9 8 7 0 1 3 4 4 5 2 1 0 
6 4 3 10 11 8 7 0 1 2 5 4 4 3 1 0 
6 4 5 2 0 7 0 2 1 3 4 4 3 1 2 0 
6 4 3 10 13 8 7 6 4 4 5 2 0 
6 4 5 2 0 7 8 11 12 5 4 4 5 2 1 0 
6 4 3 10 11 8 7 0 2 1 3 4 4 5 9 8 7 0 
6 7 0 1 3 4 4 3 1 2 0 
6 4 5 2 1 0 7 8 9 5 4 4 5 12 13 8 7 0 
6 4 3 1 2 0 7 8 11 12 5 4 4 5 2 1 0 
6 4 3 10 11 8 7 8 11 12 5 4 4 5 9 8 7 0 
6 4 5 12 11 8 7 0 2 5 4 4 5 9 8 7 0 
6 4 5 9 8 7 0 1 3 4 4 3 1 2 0 
6 4 3 1 2 0 7 0 1 3 4 4 6 7 0 
6 4 3 1 2 0 7 8 13 12 5 4 4 5 12 11 8 7 0 
6 7 8 13 10 3 4 4 5 12 13 8 7 0 
6 4 3 10 13 8 7 8 11 12 5 4 4 5 12 13 8 7 0 
6 4 3 10 11 8 7 6 4 4 5 12 11 8 7 0 
6 7 0 2 5 4 4 5 2 1 0 
6 4 3 1 0 7 6 4 4 3 1 0 
6 4 5 12 13 8 7 0 2 1 3 4 4 5 2 0 
---------------
Request id 10
12 13 10 3 4 5 12 11 8 13 10 3 4 3 10 11 8 7 6 
12 11 8 7 6 4 5 12 11 8 13 12 11 10 3 4 5 12 13 8 7 6 
12 13 8 9 5 4 6 7 8 13 8 11 10 3 4 3 10 13 8 7 6 
12 13 8 9 5 4 5 12 11 8 13 8 9 5 4 5 9 8 7 6 
12 13 10 3 4 5 9 8 13 8 9 5 4 3 10 11 8 7 6 
12 5 9 8 7 6 4 3 10 11 8 13 8 7 6 4 3 10 13 8 7 6 
12 13 10 3 4 6 7 8 11 10 13 12 11 10 3 4 5 12 11 8 7 6 
12 13 10 3 4 6 7 8 11 10 13 8 11 12 5 4 3 10 13 8 7 6 
12 5 4 6 7 8 11 10 13 10 3 4 5 12 11 8 7 6 
12 5 2 1 3 4 6 7 8 13 8 11 12 5 4 5 2 0 7 6 
12 5 9 8 7 6 4 3 10 11 8 13 8 11 12 5 4 3 1 2 0 7 6 
12 5 2 0 7 6 4 5 9 8 13 8 11 12 5 4 5 2 0 7 6 
12 11 8 9 5 4 3 10 11 8 13 10 11 12 5 4 5 2 1 0 7 6 
12 5 4 5 12 11 10 13 10 11 12 5 4 3 1 2 0 7 6 
12 13 10 3 4 5 9 8 13 8 11 12 5 4 3 10 11 8 7 6 
12 5 2 0 7 6 4 3 10 11 8 13 8 9 5 4 5 9 8 7 6 
12 11 8 9 5 4 5 12 13 12 11 10 3 4 6 
12 13 8 7 6 4 3 10 13 12 11 10 3 4 3 1 2 0 7 6 
12 11 8 7 6 4 5 12 11 8 13 8 11 10 3 4 5 9 8 7 6 
12 13 10 3 4 3 10 11 8 13 12 11 10 3 4 5 12 13 8 7 6 
---------------
Request id 13
8 7 6 4 5 12 13 10 3 4 5 12 11 
8 7 0 1 3 10 13 8 7 6 4 3 10 11 
8 11 10 13 10 11 
8 9 5 12 13 12 11 
8 7 0 2 5 12 13 10 3 4 5 9 8 11 
8 9 5 4 3 10 13 12 5 4 3 10 11 
8 7 6 4 5 12 13 10 11 
8 7 6 4 5 12 13 8 9 5 12 11 
8 7 0 2 5 12 13 8 7 6 4 3 10 11 
8 11 10 13 10 3 4 5 9 8 11 
8 9 5 12 11 10 13 8 7 6 4 3 10 11 
8 7 0 1 3 10 13 12 5 4 3 10 11 
8 7 0 2 5 12 13 8 11 
8 7 6 4 3 10 13 12 5 4 6 7 8 11 
8 11 12 13 8 7 6 4 3 10 11 
8 13 10 3 4 5 12 11 
8 7 6 4 5 12 13 10 3 4 5 9 8 11 
8 13 10 11 
8 7 6 4 5 12 13 8 7 6 4 3 10 11 
8 7 0 1 3 10 13 10 3 4 5 12 11 
---------------
Request id 7
1 3 10 13 12 5 9 8 7 0 2 5 12 11 8 
1 2 5 9 8 13 10 3 1 0 7 0 2 5 12 13 8 
1 0 7 8 13 8 9 5 4 6 7 0 2 5 12 11 8 
1 2 0 7 8 13 8 7 8 
1 3 10 11 8 13 8 7 0 2 5 12 13 8 
1 3 10 13 10 3 4 6 7 0 2 5 12 13 8 
1 3 10 11 8 13 12 5 2 0 7 0 2 5 12 11 8 
1 3 4 5 12 13 12 5 9 8 7 0 1 3 10 11 8 
1 2 5 9 8 13 8 7 0 2 5 12 13 8 
1 0 2 5 12 13 10 3 1 2 0 7 0 2 5 9 8 
1 3 10 11 12 13 12 5 4 6 7 6 4 5 9 8 
1 2 5 12 11 8 13 10 3 4 6 7 6 4 5 9 8 
1 2 5 12 13 10 3 1 0 7 6 4 5 9 8 
1 3 10 11 8 13 8 7 6 4 5 12 11 8 
1 2 5 9 8 13 10 3 1 2 0 7 0 2 5 12 13 8 
1 0 2 5 12 13 10 3 1 0 7 0 2 5 12 11 8 
1 3 10 13 10 3 1 0 7 6 4 5 9 8 
1 2 5 12 11 8 13 12 5 2 0 7 8 
1 3 4 5 12 13 12 11 8 7 6 4 3 10 11 8 
1 0 7 8 13 8 9 5 4 6 7 0 2 5 12 13 8 
---------------
Request id 20
9 5 2 1 3 4 3 10 11 8 7 0 
9 8 11 10 3 4 3 1 0 
9 5 2 0 1 3 4 5 12 13 8 7 0 
9 8 13 12 5 4 5 9 8 7 0 
9 5 4 3 1 2 0 
9 5 4 5 12 11 8 7 0 
9 8 13 12 5 4 5 12 13 8 7 0 
9 8 11 10 3 4 5 2 1 0 
9 8 11 12 5 4 5 2 0 
9 8 13 12 5 4 3 1 0 
9 5 2 1 3 4 5 12 13 8 7 0 
9 5 4 6 7 0 
9 8 11 12 5 4 6 7 0 
9 8 13 10 3 4 5 9 8 7 0 
9 5 2 1 3 4 3 1 2 0 
9 5 2 1 3 4 5 2 0 
9 8 13 12 5 4 5 2 1 0 
9 8 13 12 5 4 5 2 0 
9 5 12 11 10 3 4 6 7 0 
9 8 7 6 4 3 1 0 
---------------
Request id 12
0 2 5 12 13 13 12 11 10 3 1 2 
0 1 2 5 12 13 13 8 7 0 1 2 
0 1 3 10 13 13 12 5 2 
0 7 8 11 12 13 13 8 9 5 2 
0 1 3 10 13 13 8 7 0 1 2 
0 2 5 12 13 13 10 3 1 0 2 
0 1 3 10 13 13 12 11 10 3 1 2 
0 7 8 11 12 13 13 8 7 0 1 2 
0 7 6 4 3 10 13 13 10 3 1 0 2 
0 2 5 12 13 13 12 5 2 
0 1 2 5 9 8 13 13 8 11 12 5 2 
0 2 5 9 8 13 13 10 3 1 0 2 
0 2 5 12 13 13 10 3 1 2 
0 7 8 11 12 13 13 10 3 1 2 
0 7 8 11 10 13 13 8 11 12 5 2 
0 1 2 5 12 13 13 8 9 5 2 
0 2 5 9 8 13 13 12 11 10 3 1 2 
0 1 3 10 13 13 10 3 1 0 2 
0 7 8 11 12 13 13 8 11 12 5 2 
0 2 1 3 10 13 13 10 3 4 5 2 
---------------
Request id 15
8 11 12 5 4 5 12 11 
8 7 0 2 5 4 3 10 11 
8 9 5 2 1 3 4 3 10 13 8 11 
8 13 10 3 4 3 10 13 8 11 
8 9 5 4 5 12 11 
8 7 0 1 3 4 3 10 13 8 11 
8 11 12 5 4 3 10 11 
8 11 10 13 12 5 4 5 12 11 
8 9 5 4 3 10 13 8 11 
8 11 10 3 4 5 12 13 8 11 
8 9 5 4 3 10 13 12 11 
8 7 6 4 3 10 13 8 11 
8 13 12 5 4 5 12 13 8 11 
8 13 10 3 4 5 12 11 
8 13 10 3 4 6 7 8 11 
8 7 0 2 5 4 5 12 11 
8 9 5 2 1 3 4 5 12 13 10 11 
8 7 6 4 5 12 13 10 11 
8 7 0 1 3 4 5 12 13 10 11 
8 13 12 5 4 5 12 11 
---------------
Request id 11
3 4 6 7 8 13 13 10 3 1 2 0 
3 4 5 9 8 13 13 10 3 1 2 0 
3 1 2 5 12 13 13 8 11 12 5 2 0 
3 10 13 13 12 5 4 3 1 0 
3 1 2 5 9 8 13 13 12 5 2 0 
3 4 6 7 8 13 13 12 5 2 1 0 
3 4 5 9 8 13 13 8 11 12 5 2 0 
3 10 11 8 13 13 12 11 8 7 0 
3 1 0 7 8 13 13 8 7 0 
3 10 11 12 13 13 8 7 0 
3 10 13 13 10 3 1 2 0 
3 10 11 12 13 13 12 5 2 0 
3 1 2 5 9 8 13 13 12 5 2 1 0 
3 10 11 12 13 13 8 9 5 2 0 
3 10 11 8 13 13 12 5 2 0 
3 4 5 12 11 10 13 13 12 5 2 0 
3 4 6 7 8 13 13 8 7 0 
3 1 2 5 12 13 13 12 5 2 1 0 
3 4 5 12 13 13 10 3 1 2 0 
3 4 5 9 8 13 13 12 5 4 3 1 0 
---------------
Request id 14
6 7 8 11 12 13 8 11 12 5 4 3 1 2 0 7 8 9 5 12 
6 4 5 12 13 12 11 10 3 4 5 12 11 8 7 0 2 5 12 
6 4 5 12 13 10 11 8 9 5 4 5 2 0 7 6 4 5 12 
6 4 3 10 13 8 7 6 4 5 2 1 0 7 8 11 12 
6 7 8 11 12 13 10 3 1 2 5 4 5 12 13 8 7 6 4 5 12 
6 7 0 1 3 10 13 8 9 5 4 3 1 2 0 7 6 4 5 12 
6 7 8 11 10 13 12 5 4 5 2 0 7 6 4 3 10 13 12 
6 7 8 11 10 13 10 3 1 2 5 4 5 2 1 0 7 6 4 5 12 
6 7 0 2 5 12 13 10 3 4 5 12 13 8 7 8 13 12 
6 7 0 1 3 10 13 8 11 12 5 4 3 10 13 8 7 0 1 2 5 12 
6 7 0 2 5 12 13 8 11 10 3 4 3 1 0 7 8 13 10 11 12 
6 7 8 9 5 12 13 8 9 5 4 3 10 13 8 7 8 11 12 
6 4 5 9 8 13 8 9 5 4 5 12 11 8 7 0 2 5 12 
6 4 5 9 8 13 10 11 12 5 4 3 1 2 0 7 8 11 10 13 12 
6 7 8 13 8 11 10 3 4 3 1 0 7 0 1 2 5 12 
6 4 5 12 11 10 13 10 11 12 5 4 5 2 0 7 8 11 10 13 12 
6 7 8 13 10 11 8 9 5 4 5 12 11 8 7 6 4 5 12 
6 7 0 2 5 12 13 12 5 4 5 2 1 0 7 6 4 3 10 13 12 
6 4 3 10 13 10 11 8 9 5 4 5 2 1 0 7 8 13 10 11 12 
6 7 8 9 5 12 13 8 9 5 4 5 9 8 7 6 4 3 10 13 12 
---------------
Request id 1
12 5 4 5 9 8 13 10 3 1 
12 11 8 7 6 4 5 2 1 
12 5 4 6 7 0 1 
12 11 10 3 4 5 12 11 10 3 1 
12 5 9 8 7 6 4 5 12 13 10 3 1 
12 11 8 7 6 4 6 7 0 1 
12 11 8 7 6 4 5 2 0 1 
12 5 9 8 7 6 4 5 9 8 7 0 1 
12 5 2 0 1 3 4 6 7 0 1 
12 13 8 7 6 4 3 1 
12 13 8 9 5 4 5 12 13 10 3 1 
12 5 4 5 12 11 10 3 1 
12 13 10 3 4 5 12 11 10 3 1 
12 13 8 7 6 4 6 7 0 2 1 
12 11 8 9 5 4 5 9 8 13 10 3 1 
12 5 2 0 1 3 4 5 9 8 7 0 1 
12 13 8 7 6 4 5 2 1 
12 5 2 1 3 4 5 9 8 7 0 1 
12 11 8 9 5 4 6 7 0 2 1 
12 13 8 7 6 4 6 7 0 1 
---------------
Request id 8
1 3 10 11 12 5 4 5 2 1 0 7 8 13 12 5 4 5 2 0 7 6 
1 3 10 13 12 5 4 5 2 1 0 7 8 11 12 5 4 5 12 13 8 7 6 
1 3 10 13 12 5 4 5 2 1 0 7 8 13 12 5 4 5 2 0 7 6 
1 3 10 13 12 5 4 3 1 2 0 7 8 13 10 3 4 3 1 0 7 6 
1 2 0 7 6 4 3 1 2 0 7 8 11 10 3 4 3 1 2 0 7 6 
1 0 7 8 9 5 4 5 2 0 7 8 13 10 3 4 6 
1 0 2 5 4 5 2 0 7 0 1 3 4 3 1 2 0 7 6 
1 3 4 5 12 13 8 7 6 4 5 9 8 7 6 
1 3 10 13 8 9 5 4 5 2 0 7 0 1 3 4 5 12 11 8 7 6 
1 2 0 7 6 4 3 1 2 0 7 0 2 1 3 4 5 12 13 8 7 6 
1 3 4 6 7 0 2 1 3 4 5 12 11 8 7 6 
1 3 10 13 8 9 5 4 3 10 11 8 7 8 11 12 5 4 6 
1 3 10 13 12 5 4 5 9 8 7 8 13 10 3 4 5 9 8 7 6 
1 3 10 13 12 5 4 5 2 1 0 7 8 13 10 3 4 6 
1 2 5 4 3 1 2 0 7 0 1 2 5 4 3 10 11 8 7 6 
1 3 10 13 8 9 5 4 3 10 13 8 7 8 13 12 5 4 3 10 11 8 7 6 
1 3 10 11 12 5 4 3 10 13 8 7 8 9 5 4 5 2 0 7 6 
1 3 10 13 12 5 4 5 12 11 8 7 6 4 5 12 13 8 7 6 
1 0 7 8 9 5 4 5 12 13 8 7 8 13 12 5 4 5 2 1 0 7 6 
1 0 2 5 4 3 10 11 8 7 8 11 10 3 4 5 9 8 7 6 
---------------
Request id 16
5 4 6 7 8 13 10 11 8 7 6 4 3 1 0 2 
5 2 0 7 8 13 8 11 12 5 4 6 7 0 1 2 
5 9 8 11 10 13 12 11 10 3 4 3 1 2 
5 4 6 7 8 13 8 11 10 3 4 6 7 8 11 12 5 2 
5 12 13 10 11 8 7 6 4 3 10 13 12 5 2 
5 4 3 10 13 8 11 10 3 4 3 1 2 
5 4 3 10 13 8 11 12 5 4 6 7 0 1 2 
5 12 11 8 13 8 11 12 5 4 3 1 2 
5 2 1 3 10 13 10 11 12 5 4 3 1 2 
5 4 6 7 8 13 8 11 10 3 4 3 1 2 
5 2 0 7 8 13 8 7 6 4 3 1 0 2 
5 12 11 10 13 8 11 12 5 4 6 7 8 11 12 5 2 
5 9 8 13 8 9 5 4 5 2 
5 12 11 8 13 10 3 4 6 7 8 9 5 2 
5 12 13 12 5 4 3 10 11 12 5 2 
5 12 13 8 7 6 4 3 10 11 12 5 2 
5 2 0 7 8 13 12 11 10 3 4 6 7 8 9 5 2 
5 4 3 10 13 10 11 12 5 4 5 2 
5 9 8 11 12 13 12 5 4 5 2 
5 12 13 12 11 10 3 4 3 1 0 2 
---------------
Request id 4
8 9 5 12 13 13 8 11 12 
8 11 10 13 13 10 11 12 
8 11 10 13 13 8 7 0 1 2 5 12 
8 9 5 12 11 10 13 13 10 3 4 5 12 
8 13 13 8 7 0 1 2 5 12 
8 9 5 12 11 10 13 13 10 11 12 
8 11 12 13 13 10 3 1 2 5 12 
8 11 12 13 13 10 11 12 
8 7 6 4 3 10 13 13 10 3 4 5 12 
8 7 0 1 3 10 13 13 10 3 1 2 5 12 
8 7 0 2 5 12 13 13 10 3 4 5 12 
8 7 0 2 5 12 13 13 8 7 6 4 5 12 
8 7 0 1 3 10 13 13 10 3 4 5 12 
8 7 0 2 5 12 13 13 10 11 12 
8 7 6 4 5 12 13 13 10 3 4 5 12 
8 11 12 13 13 8 9 5 12 
8 11 12 13 13 8 7 0 2 5 12 
8 7 6 4 5 12 13 13 8 7 0 2 5 12 
8 9 5 12 11 10 13 13 10 11 8 9 5 12 
8 9 5 4 3 10 13 13 8 11 12 
---------------
Request id 19
3 10 11 8 7 6 4 5 9 8 7 6 4 5 9 8 
3 1 0 2 5 4 6 7 6 4 3 10 13 8 
3 4 5 2 0 7 0 2 5 12 11 8 
3 4 6 7 0 1 2 5 9 8 
3 10 11 12 5 4 3 10 13 8 7 0 1 2 5 9 8 
3 1 2 5 4 5 12 13 8 7 6 4 3 10 13 8 
3 10 13 8 7 6 4 5 12 11 8 7 6 4 3 10 13 8 
3 4 3 1 2 0 7 8 
3 10 13 12 5 4 6 7 0 1 3 10 11 8 
3 1 0 2 5 4 6 7 0 2 5 12 13 8 
3 1 2 5 4 5 2 0 7 6 4 5 12 13 8 
3 1 0 2 5 4 3 10 11 8 7 0 2 5 12 13 8 
3 10 11 8 7 6 4 3 10 13 8 7 6 4 5 12 13 8 
3 10 11 12 5 4 5 12 11 8 7 0 1 2 5 9 8 
3 10 11 8 9 5 4 3 1 2 0 7 6 4 5 12 13 8 
3 1 2 5 4 5 2 1 0 7 6 4 3 10 13 8 
3 1 0 2 5 4 3 10 11 8 7 6 4 3 10 13 8 
3 10 11 12 5 4 3 10 11 8 7 6 4 5 12 13 8 
3 10 13 12 5 4 5 2 1 0 7 0 1 3 10 11 8 
3 10 11 12 5 4 3 1 0 7 8 
---------------
Request id 5
11 8 7 6 4 4 3 1 2 0 7 6 
11 12 13 10 3 4 4 3 1 0 7 6 
11 12 5 4 4 3 1 0 7 6 
11 10 3 4 4 3 10 13 8 7 6 
11 8 9 5 4 4 3 10 13 8 7 6 
11 10 13 8 9 5 4 4 5 9 8 7 6 
11 8 9 5 4 4 3 10 11 8 7 6 
11 10 13 12 5 4 4 5 12 11 8 7 6 
11 10 3 1 2 5 4 4 3 1 2 0 7 6 
11 10 3 1 2 5 4 4 5 12 11 8 7 6 
11 8 9 5 4 4 5 12 13 8 7 6 
11 12 13 10 3 4 4 5 12 11 8 7 6 
11 8 13 12 5 4 4 3 1 0 7 6 
11 8 7 6 4 4 3 10 11 8 7 6 
11 10 3 1 2 5 4 4 3 10 11 8 7 6 
11 8 9 5 4 4 5 2 0 7 6 
11 10 13 12 5 4 4 3 10 13 8 7 6 
11 8 13 10 3 4 4 5 12 13 8 7 6 
11 8 7 6 4 4 6 
11 12 5 4 4 5 12 13 8 7 6 
---------------
Request id 6
9 8 11 12 13 10 3 1 0 7 8 
9 5 4 3 10 13 12 5 9 8 
9 5 4 3 10 13 10 3 1 0 7 8 
9 5 4 3 10 13 10 11 12 5 9 8 
9 8 13 10 3 1 0 7 8 
9 5 4 6 7 8 13 10 3 1 0 7 8 
9 8 11 10 13 8 
9 5 2 0 7 8 13 10 3 1 0 7 8 
9 5 12 13 10 3 4 6 7 8 
9 5 12 11 8 13 12 5 9 8 
9 8 11 12 13 12 5 4 6 7 8 
9 8 13 10 11 12 5 9 8 
9 8 13 12 11 8 
9 5 4 6 7 8 13 10 3 4 5 9 8 
9 5 4 3 10 13 12 5 4 6 7 8 
9 5 4 3 10 13 10 3 4 5 9 8 
9 8 11 12 13 10 3 4 6 7 8 
9 8 13 8 
9 5 12 11 10 13 12 5 9 8 
9 5 2 1 3 10 13 10 3 4 5 9 8 
---------------
