Request id 1
100 94 87 85 83 84 83 74 67 62 60 58 55 52 50 46 47 
100 94 87 85 83 84 83 74 67 63 68 66 78 75 56 49 46 47 
100 94 87 85 83 84 83 74 67 63 68 77 73 72 75 56 49 46 47 
100 94 87 85 83 84 83 84 82 81 71 74 67 62 60 58 55 52 50 46 47 
100 94 87 85 83 84 83 84 82 81 71 74 67 63 68 66 78 75 56 49 46 47 
100 94 87 85 83 84 83 84 82 81 71 74 67 63 68 77 73 72 75 56 49 46 47 
100 94 87 85 83 84 83 84 82 81 80 69 64 59 57 54 65 62 60 58 55 52 50 46 47 
100 94 87 85 83 84 83 74 71 81 80 69 64 59 57 54 65 62 60 58 55 52 50 46 47 
100 94 87 85 83 84 83 74 71 81 80 69 64 59 57 54 65 62 67 63 68 66 78 75 56 49 46 47 
100 94 87 85 83 84 83 84 82 81 80 69 64 59 57 54 65 62 67 63 68 66 78 75 56 49 46 47 
100 94 87 85 83 84 82 81 71 74 83 74 67 62 60 58 55 52 50 46 47 
100 94 87 85 83 84 82 81 71 74 83 74 67 63 68 66 78 75 56 49 46 47 
100 94 87 85 83 84 82 81 71 74 83 74 67 63 68 77 73 72 75 56 49 46 47 
100 94 87 85 83 84 82 81 71 74 83 84 82 81 71 74 67 62 60 58 55 52 50 46 47 
100 94 87 85 83 84 82 81 71 74 83 84 82 81 71 74 67 63 68 66 78 75 56 49 46 47 
100 94 87 85 83 84 82 81 71 74 83 84 82 81 71 74 67 63 68 77 73 72 75 56 49 46 47 
100 94 87 85 83 84 82 81 71 74 83 84 82 81 80 69 64 59 57 54 65 62 60 58 55 52 50 46 47 
100 94 87 85 83 84 82 81 71 74 83 74 71 81 80 69 64 59 57 54 65 62 60 58 55 52 50 46 47 
100 94 87 85 83 84 82 81 71 74 83 74 71 81 80 69 64 59 57 54 65 62 67 63 68 66 78 75 56 49 46 47 
100 94 87 85 83 84 82 81 71 74 83 84 82 81 80 69 64 59 57 54 65 62 67 63 68 66 78 75 56 49 46 47 
100 94 87 85 83 84 82 81 80 69 64 59 57 54 65 62 67 74 83 74 67 62 60 58 55 52 50 46 47 
100 94 87 85 83 84 82 81 80 69 64 59 57 54 65 62 67 74 83 74 67 63 68 66 78 75 56 49 46 47 
100 94 87 85 83 84 82 81 80 69 64 59 57 54 65 62 67 74 83 74 67 63 68 77 73 72 75 56 49 46 47 
100 94 87 85 83 84 82 81 80 69 64 59 57 54 65 62 67 74 83 84 82 81 71 74 67 62 60 58 55 52 50 46 47 
100 94 87 85 83 84 82 81 80 69 64 59 57 54 65 62 67 74 83 84 82 81 71 74 67 63 68 66 78 75 56 49 46 47 
100 94 87 85 83 84 82 81 80 69 64 59 57 54 65 62 67 74 83 84 82 81 71 74 67 63 68 77 73 72 75 56 49 46 47 
100 94 87 85 83 84 82 81 80 69 64 59 57 54 65 62 67 74 83 84 82 81 80 69 64 59 57 54 65 62 60 58 55 52 50 46 47 
100 94 87 85 83 84 82 81 80 69 64 59 57 54 65 62 67 74 83 74 71 81 80 69 64 59 57 54 65 62 60 58 55 52 50 46 47 
100 94 87 85 83 84 82 81 80 69 64 59 57 54 65 62 67 74 83 74 71 81 80 69 64 59 57 54 65 62 67 63 68 66 78 75 56 49 46 47 
100 94 87 85 83 84 82 81 80 69 64 59 57 54 65 62 67 74 83 84 82 81 80 69 64 59 57 54 65 62 67 63 68 66 78 75 56 49 46 47 
100 94 87 85 83 84 82 81 80 69 64 59 57 54 53 48 34 45 65 62 67 74 83 74 67 62 60 58 55 52 50 46 47 
100 94 87 85 83 84 82 81 80 69 64 59 57 54 53 48 34 45 65 62 67 74 83 74 67 63 68 66 78 75 56 49 46 47 
100 94 87 85 83 84 82 81 80 69 64 59 57 54 53 48 34 45 65 62 67 74 83 74 67 63 68 77 73 72 75 56 49 46 47 
100 94 87 85 83 84 82 81 80 69 64 59 57 54 53 48 34 45 65 62 67 74 83 84 82 81 71 74 67 62 60 58 55 52 50 46 47 
100 94 87 85 83 84 82 81 80 69 64 59 57 54 53 48 34 45 65 62 67 74 83 84 82 81 71 74 67 63 68 66 78 75 56 49 46 47 
100 94 87 85 83 84 82 81 80 69 64 59 57 54 53 48 34 45 65 62 67 74 83 84 82 81 71 74 67 63 68 77 73 72 75 56 49 46 47 
100 94 87 85 83 84 82 81 80 69 64 59 57 54 53 48 34 45 65 62 67 74 83 84 82 81 80 69 64 59 57 54 65 62 60 58 55 52 50 46 47 
100 94 87 85 83 84 82 81 80 69 64 59 57 54 53 48 34 45 65 62 67 74 83 74 71 81 80 69 64 59 57 54 65 62 60 58 55 52 50 46 47 
100 94 87 85 83 84 82 81 80 69 64 59 57 54 53 48 34 45 65 62 67 74 83 74 71 81 80 69 64 59 57 54 65 62 67 63 68 66 78 75 56 49 46 47 
100 94 87 85 83 84 82 81 80 69 64 59 57 54 53 48 34 45 65 62 67 74 83 84 82 81 80 69 64 59 57 54 65 62 67 63 68 66 78 75 56 49 46 47 
---------------
Request id 19
100 94 87 85 83 84 83 74 67 62 60 58 55 52 50 46 40 41 33 43 40 36 35 26 21 
100 94 87 85 83 84 83 74 67 62 60 58 55 52 50 46 40 41 33 43 40 36 35 36 40 37 30 21 
100 94 87 85 83 84 83 74 67 62 60 58 55 52 50 46 40 41 33 41 40 36 35 26 21 
100 94 87 85 83 84 83 74 67 62 60 58 55 52 50 46 40 41 33 41 40 36 35 36 40 37 30 21 
100 94 87 85 83 84 83 74 67 62 60 58 55 52 50 46 40 41 33 43 40 37 30 21 26 35 26 21 
100 94 87 85 83 84 83 74 67 62 60 58 55 52 50 46 40 41 33 43 40 37 30 21 26 35 36 40 37 30 21 
100 94 87 85 83 84 83 74 67 62 60 58 55 52 50 46 40 41 33 41 40 37 30 21 26 35 26 21 
100 94 87 85 83 84 83 74 67 62 60 58 55 52 50 46 40 41 33 41 40 37 30 21 26 35 36 40 37 30 21 
100 94 87 85 83 84 83 74 67 62 60 58 55 52 50 46 40 41 33 20 15 5 19 28 40 36 35 26 21 
100 94 87 85 83 84 83 74 67 62 60 58 55 52 50 46 40 41 33 20 15 5 19 28 40 36 35 36 40 37 30 21 
100 94 87 85 83 84 83 74 67 62 60 58 55 52 50 46 40 41 33 20 15 5 19 28 40 37 30 21 26 35 26 21 
100 94 87 85 83 84 83 74 67 62 60 58 55 52 50 46 40 41 33 20 15 5 19 28 40 37 30 21 26 35 36 40 37 30 21 
100 94 87 85 83 84 83 74 67 62 60 58 55 52 50 46 40 41 33 20 25 24 16 10 15 5 19 28 40 36 35 26 21 
100 94 87 85 83 84 83 74 67 62 60 58 55 52 50 46 40 41 33 20 25 24 16 10 15 5 19 28 40 36 35 36 40 37 30 21 
100 94 87 85 83 84 83 74 67 62 60 58 55 52 50 46 40 41 33 20 25 24 16 10 15 5 19 28 40 37 30 21 26 35 26 21 
100 94 87 85 83 84 83 74 67 62 60 58 55 52 50 46 40 41 33 20 25 24 16 10 15 5 19 28 40 37 30 21 26 35 36 40 37 30 21 
100 94 87 85 83 84 83 74 67 62 60 58 55 52 50 46 40 43 33 43 40 36 35 26 21 
100 94 87 85 83 84 83 74 67 62 60 58 55 52 50 46 40 43 33 43 40 36 35 36 40 37 30 21 
100 94 87 85 83 84 83 74 67 62 60 58 55 52 50 46 40 43 33 41 40 36 35 26 21 
100 94 87 85 83 84 83 74 67 62 60 58 55 52 50 46 40 43 33 41 40 36 35 36 40 37 30 21 
100 94 87 85 83 84 83 74 67 62 60 58 55 52 50 46 40 43 33 43 40 37 30 21 26 35 26 21 
100 94 87 85 83 84 83 74 67 62 60 58 55 52 50 46 40 43 33 43 40 37 30 21 26 35 36 40 37 30 21 
100 94 87 85 83 84 83 74 67 62 60 58 55 52 50 46 40 43 33 41 40 37 30 21 26 35 26 21 
100 94 87 85 83 84 83 74 67 62 60 58 55 52 50 46 40 43 33 41 40 37 30 21 26 35 36 40 37 30 21 
100 94 87 85 83 84 83 74 67 62 60 58 55 52 50 46 40 43 33 20 15 5 19 28 40 36 35 26 21 
100 94 87 85 83 84 83 74 67 62 60 58 55 52 50 46 40 43 33 20 15 5 19 28 40 36 35 36 40 37 30 21 
100 94 87 85 83 84 83 74 67 62 60 58 55 52 50 46 40 43 33 20 15 5 19 28 40 37 30 21 26 35 26 21 
100 94 87 85 83 84 83 74 67 62 60 58 55 52 50 46 40 43 33 20 15 5 19 28 40 37 30 21 26 35 36 40 37 30 21 
100 94 87 85 83 84 83 74 67 62 60 58 55 52 50 46 40 43 33 20 25 24 16 10 15 5 19 28 40 36 35 26 21 
100 94 87 85 83 84 83 74 67 62 60 58 55 52 50 46 40 43 33 20 25 24 16 10 15 5 19 28 40 36 35 36 40 37 30 21 
100 94 87 85 83 84 83 74 67 62 60 58 55 52 50 46 40 43 33 20 25 24 16 10 15 5 19 28 40 37 30 21 26 35 26 21 
100 94 87 85 83 84 83 74 67 62 60 58 55 52 50 46 40 43 33 20 25 24 16 10 15 5 19 28 40 37 30 21 26 35 36 40 37 30 21 
100 94 87 85 83 84 83 74 67 63 68 66 78 75 56 49 46 40 41 33 43 40 36 35 26 21 
100 94 87 85 83 84 83 74 67 63 68 66 78 75 56 49 46 40 41 33 43 40 36 35 36 40 37 30 21 
100 94 87 85 83 84 83 74 67 63 68 66 78 75 56 49 46 40 41 33 41 40 36 35 26 21 
100 94 87 85 83 84 83 74 67 63 68 66 78 75 56 49 46 40 41 33 41 40 36 35 36 40 37 30 21 
100 94 87 85 83 84 83 74 67 63 68 66 78 75 56 49 46 40 41 33 43 40 37 30 21 26 35 26 21 
100 94 87 85 83 84 83 74 67 63 68 66 78 75 56 49 46 40 41 33 43 40 37 30 21 26 35 36 40 37 30 21 
100 94 87 85 83 84 83 74 67 63 68 66 78 75 56 49 46 40 41 33 41 40 37 30 21 26 35 26 21 
100 94 87 85 83 84 83 74 67 63 68 66 78 75 56 49 46 40 41 33 41 40 37 30 21 26 35 36 40 37 30 21 
---------------
Request id 4
34 45 65 62 67 63 68 66 78 75 56 
34 45 65 62 67 63 68 77 73 72 75 56 
34 45 65 62 67 62 60 58 55 52 50 46 49 56 
34 45 65 62 67 74 71 81 80 69 64 59 57 54 65 62 60 58 55 52 50 46 49 56 
34 45 65 62 67 74 83 84 82 81 80 69 64 59 57 54 65 62 60 58 55 52 50 46 49 56 
34 45 65 62 67 74 71 81 80 69 64 59 57 54 53 48 34 45 65 62 60 58 55 52 50 46 49 56 
34 45 65 62 67 74 83 84 82 81 80 69 64 59 57 54 53 48 34 45 65 62 60 58 55 52 50 46 49 56 
34 48 53 54 65 62 67 63 68 66 78 75 56 
34 48 53 54 65 62 67 63 68 77 73 72 75 56 
34 48 53 54 65 62 67 62 60 58 55 52 50 46 49 56 
34 48 53 54 65 62 67 74 71 81 80 69 64 59 57 54 65 62 60 58 55 52 50 46 49 56 
34 48 53 54 65 62 67 74 83 84 82 81 80 69 64 59 57 54 65 62 60 58 55 52 50 46 49 56 
34 48 53 54 65 62 67 74 71 81 80 69 64 59 57 54 53 48 34 45 65 62 60 58 55 52 50 46 49 56 
34 48 53 54 65 62 67 74 83 84 82 81 80 69 64 59 57 54 53 48 34 45 65 62 60 58 55 52 50 46 49 56 
34 45 65 54 57 59 64 69 80 81 71 74 67 63 68 66 78 75 56 
34 45 65 54 57 59 64 69 80 81 71 74 67 63 68 77 73 72 75 56 
34 45 65 54 57 59 64 69 80 81 71 74 67 62 60 58 55 52 50 46 49 56 
34 45 65 54 57 59 64 69 80 81 71 74 67 74 71 81 80 69 64 59 57 54 65 62 60 58 55 52 50 46 49 56 
34 45 65 54 57 59 64 69 80 81 71 74 67 74 83 84 82 81 80 69 64 59 57 54 65 62 60 58 55 52 50 46 49 56 
34 45 65 54 57 59 64 69 80 81 71 74 67 74 71 81 80 69 64 59 57 54 53 48 34 45 65 62 60 58 55 52 50 46 49 56 
34 45 65 54 57 59 64 69 80 81 71 74 67 74 83 84 82 81 80 69 64 59 57 54 53 48 34 45 65 62 60 58 55 52 50 46 49 56 
34 48 53 54 57 59 64 69 80 81 71 74 67 63 68 66 78 75 56 
34 48 53 54 57 59 64 69 80 81 71 74 67 63 68 77 73 72 75 56 
34 48 53 54 57 59 64 69 80 81 71 74 67 62 60 58 55 52 50 46 49 56 
34 48 53 54 57 59 64 69 80 81 71 74 67 74 71 81 80 69 64 59 57 54 65 62 60 58 55 52 50 46 49 56 
34 48 53 54 57 59 64 69 80 81 71 74 67 74 83 84 82 81 80 69 64 59 57 54 65 62 60 58 55 52 50 46 49 56 
34 48 53 54 57 59 64 69 80 81 71 74 67 74 71 81 80 69 64 59 57 54 53 48 34 45 65 62 60 58 55 52 50 46 49 56 
34 48 53 54 57 59 64 69 80 81 71 74 67 74 83 84 82 81 80 69 64 59 57 54 53 48 34 45 65 62 60 58 55 52 50 46 49 56 
34 45 65 54 57 59 64 69 80 81 82 84 83 74 67 63 68 66 78 75 56 
34 45 65 54 57 59 64 69 80 81 82 84 83 74 67 63 68 77 73 72 75 56 
34 45 65 54 57 59 64 69 80 81 82 84 83 74 67 62 60 58 55 52 50 46 49 56 
34 45 65 54 57 59 64 69 80 81 82 84 83 74 67 74 71 81 80 69 64 59 57 54 65 62 60 58 55 52 50 46 49 56 
34 45 65 54 57 59 64 69 80 81 82 84 83 74 67 74 83 84 82 81 80 69 64 59 57 54 65 62 60 58 55 52 50 46 49 56 
34 45 65 54 57 59 64 69 80 81 82 84 83 74 67 74 71 81 80 69 64 59 57 54 53 48 34 45 65 62 60 58 55 52 50 46 49 56 
34 45 65 54 57 59 64 69 80 81 82 84 83 74 67 74 83 84 82 81 80 69 64 59 57 54 53 48 34 45 65 62 60 58 55 52 50 46 49 56 
34 48 53 54 57 59 64 69 80 81 82 84 83 74 67 63 68 66 78 75 56 
34 48 53 54 57 59 64 69 80 81 82 84 83 74 67 63 68 77 73 72 75 56 
34 48 53 54 57 59 64 69 80 81 82 84 83 74 67 62 60 58 55 52 50 46 49 56 
34 48 53 54 57 59 64 69 80 81 82 84 83 74 67 74 71 81 80 69 64 59 57 54 65 62 60 58 55 52 50 46 49 56 
34 48 53 54 57 59 64 69 80 81 82 84 83 74 67 74 83 84 82 81 80 69 64 59 57 54 65 62 60 58 55 52 50 46 49 56 
---------------
Request id 3
66 68 63 67 74 71 81 80 
66 68 63 67 74 83 84 82 81 80 
66 68 63 67 74 67 62 65 54 57 59 64 69 80 
66 68 63 67 74 67 62 65 45 34 48 53 54 57 59 64 69 80 
66 68 63 67 74 67 63 68 66 78 75 56 49 46 50 52 55 58 60 62 65 54 57 59 64 69 80 
66 68 63 67 74 67 63 68 77 73 72 75 56 49 46 50 52 55 58 60 62 65 54 57 59 64 69 80 
66 68 63 67 74 67 63 68 66 78 75 56 49 46 50 52 55 58 60 62 65 45 34 48 53 54 57 59 64 69 80 
66 68 63 67 74 67 63 68 77 73 72 75 56 49 46 50 52 55 58 60 62 65 45 34 48 53 54 57 59 64 69 80 
66 78 75 72 73 77 68 63 67 74 71 81 80 
66 78 75 72 73 77 68 63 67 74 83 84 82 81 80 
66 78 75 72 73 77 68 63 67 74 67 62 65 54 57 59 64 69 80 
66 78 75 72 73 77 68 63 67 74 67 62 65 45 34 48 53 54 57 59 64 69 80 
66 78 75 72 73 77 68 63 67 74 67 63 68 66 78 75 56 49 46 50 52 55 58 60 62 65 54 57 59 64 69 80 
66 78 75 72 73 77 68 63 67 74 67 63 68 77 73 72 75 56 49 46 50 52 55 58 60 62 65 54 57 59 64 69 80 
66 78 75 72 73 77 68 63 67 74 67 63 68 66 78 75 56 49 46 50 52 55 58 60 62 65 45 34 48 53 54 57 59 64 69 80 
66 78 75 72 73 77 68 63 67 74 67 63 68 77 73 72 75 56 49 46 50 52 55 58 60 62 65 45 34 48 53 54 57 59 64 69 80 
66 78 75 56 49 46 50 52 55 58 60 62 67 74 71 81 80 
66 78 75 56 49 46 50 52 55 58 60 62 67 74 83 84 82 81 80 
66 78 75 56 49 46 50 52 55 58 60 62 67 74 67 62 65 54 57 59 64 69 80 
66 78 75 56 49 46 50 52 55 58 60 62 67 74 67 62 65 45 34 48 53 54 57 59 64 69 80 
66 78 75 56 49 46 50 52 55 58 60 62 67 74 67 63 68 66 78 75 56 49 46 50 52 55 58 60 62 65 54 57 59 64 69 80 
66 78 75 56 49 46 50 52 55 58 60 62 67 74 67 63 68 77 73 72 75 56 49 46 50 52 55 58 60 62 65 54 57 59 64 69 80 
66 78 75 56 49 46 50 52 55 58 60 62 67 74 67 63 68 66 78 75 56 49 46 50 52 55 58 60 62 65 45 34 48 53 54 57 59 64 69 80 
66 78 75 56 49 46 50 52 55 58 60 62 67 74 67 63 68 77 73 72 75 56 49 46 50 52 55 58 60 62 65 45 34 48 53 54 57 59 64 69 80 
66 68 63 67 62 65 54 57 59 64 69 80 81 71 74 71 81 80 
66 68 63 67 62 65 54 57 59 64 69 80 81 71 74 83 84 82 81 80 
66 68 63 67 62 65 54 57 59 64 69 80 81 71 74 67 62 65 54 57 59 64 69 80 
66 68 63 67 62 65 54 57 59 64 69 80 81 71 74 67 62 65 45 34 48 53 54 57 59 64 69 80 
66 68 63 67 62 65 54 57 59 64 69 80 81 71 74 67 63 68 66 78 75 56 49 46 50 52 55 58 60 62 65 54 57 59 64 69 80 
66 68 63 67 62 65 54 57 59 64 69 80 81 71 74 67 63 68 77 73 72 75 56 49 46 50 52 55 58 60 62 65 54 57 59 64 69 80 
66 68 63 67 62 65 54 57 59 64 69 80 81 71 74 67 63 68 66 78 75 56 49 46 50 52 55 58 60 62 65 45 34 48 53 54 57 59 64 69 80 
66 68 63 67 62 65 54 57 59 64 69 80 81 71 74 67 63 68 77 73 72 75 56 49 46 50 52 55 58 60 62 65 45 34 48 53 54 57 59 64 69 80 
66 68 77 73 72 75 56 49 46 50 52 55 58 60 62 67 74 71 81 80 
66 68 77 73 72 75 56 49 46 50 52 55 58 60 62 67 74 83 84 82 81 80 
66 68 77 73 72 75 56 49 46 50 52 55 58 60 62 67 74 67 62 65 54 57 59 64 69 80 
66 68 77 73 72 75 56 49 46 50 52 55 58 60 62 67 74 67 62 65 45 34 48 53 54 57 59 64 69 80 
66 68 77 73 72 75 56 49 46 50 52 55 58 60 62 67 74 67 63 68 66 78 75 56 49 46 50 52 55 58 60 62 65 54 57 59 64 69 80 
66 68 77 73 72 75 56 49 46 50 52 55 58 60 62 67 74 67 63 68 77 73 72 75 56 49 46 50 52 55 58 60 62 65 54 57 59 64 69 80 
66 68 77 73 72 75 56 49 46 50 52 55 58 60 62 67 74 67 63 68 66 78 75 56 49 46 50 52 55 58 60 62 65 45 34 48 53 54 57 59 64 69 80 
66 68 77 73 72 75 56 49 46 50 52 55 58 60 62 67 74 67 63 68 77 73 72 75 56 49 46 50 52 55 58 60 62 65 45 34 48 53 54 57 59 64 69 80 
---------------
Request id 20
37 40 46 40 36 35 29 23 17 9 13 32 31 
37 40 46 40 37 30 21 26 35 29 23 17 9 13 32 31 
37 40 46 40 36 35 29 23 17 9 3 0 4 6 11 14 22 31 
37 40 46 40 36 35 29 23 17 12 7 8 1 2 3 9 13 32 31 
37 40 46 40 37 30 21 26 35 29 23 17 9 3 0 4 6 11 14 22 31 
37 40 46 40 36 35 29 23 17 12 7 8 1 2 3 0 4 6 11 14 22 31 
37 40 46 40 37 30 21 26 35 29 23 17 12 7 8 1 2 3 9 13 32 31 
37 40 46 40 37 30 21 26 35 29 23 17 12 7 8 1 2 3 0 4 6 11 14 22 31 
37 30 21 26 35 36 40 46 40 36 35 29 23 17 9 13 32 31 
37 30 21 26 35 36 40 46 40 37 30 21 26 35 29 23 17 9 13 32 31 
37 30 21 26 35 36 40 46 40 36 35 29 23 17 9 3 0 4 6 11 14 22 31 
37 30 21 26 35 36 40 46 40 36 35 29 23 17 12 7 8 1 2 3 9 13 32 31 
37 30 21 26 35 36 40 46 40 37 30 21 26 35 29 23 17 9 3 0 4 6 11 14 22 31 
37 30 21 26 35 36 40 46 40 36 35 29 23 17 12 7 8 1 2 3 0 4 6 11 14 22 31 
37 30 21 26 35 36 40 46 40 37 30 21 26 35 29 23 17 12 7 8 1 2 3 9 13 32 31 
37 30 21 26 35 36 40 46 40 37 30 21 26 35 29 23 17 12 7 8 1 2 3 0 4 6 11 14 22 31 
---------------
Request id 7
42 49 46 40 41 33 41 40 36 35 36 40 41 33 20 33 43 40 46 49 56 75 78 66 68 63 
42 49 46 40 41 33 41 40 36 35 36 40 41 33 20 33 41 40 46 49 56 75 78 66 68 63 
42 49 46 40 41 33 41 40 36 35 36 40 41 33 20 33 43 40 46 49 56 75 72 73 77 68 63 
42 49 46 40 41 33 41 40 36 35 36 40 41 33 20 33 41 40 46 49 56 75 72 73 77 68 63 
42 49 46 40 41 33 41 40 36 35 36 40 41 33 20 33 43 40 46 50 52 55 58 60 62 67 63 
42 49 46 40 41 33 41 40 36 35 36 40 41 33 20 33 41 40 46 50 52 55 58 60 62 67 63 
42 49 46 40 41 33 41 40 36 35 36 40 41 33 20 15 5 19 28 40 46 49 56 75 78 66 68 63 
42 49 46 40 41 33 41 40 36 35 36 40 41 33 20 15 5 19 28 40 46 49 56 75 72 73 77 68 63 
42 49 46 40 41 33 41 40 36 35 36 40 41 33 20 15 5 19 28 40 46 50 52 55 58 60 62 67 63 
42 49 46 40 41 33 41 40 36 35 36 40 41 33 20 25 24 16 10 15 5 19 28 40 46 49 56 75 78 66 68 63 
42 49 46 40 41 33 41 40 36 35 36 40 43 33 20 33 43 40 46 49 56 75 78 66 68 63 
42 49 46 40 41 33 41 40 36 35 36 40 43 33 20 33 41 40 46 49 56 75 78 66 68 63 
42 49 46 40 41 33 41 40 36 35 36 40 43 33 20 33 43 40 46 49 56 75 72 73 77 68 63 
42 49 46 40 41 33 41 40 36 35 36 40 43 33 20 33 41 40 46 49 56 75 72 73 77 68 63 
42 49 46 40 41 33 41 40 36 35 36 40 43 33 20 33 43 40 46 50 52 55 58 60 62 67 63 
42 49 46 40 41 33 41 40 36 35 36 40 43 33 20 33 41 40 46 50 52 55 58 60 62 67 63 
42 49 46 40 41 33 41 40 36 35 36 40 43 33 20 15 5 19 28 40 46 49 56 75 78 66 68 63 
42 49 46 40 41 33 41 40 36 35 36 40 43 33 20 15 5 19 28 40 46 49 56 75 72 73 77 68 63 
42 49 46 40 41 33 41 40 36 35 36 40 43 33 20 15 5 19 28 40 46 50 52 55 58 60 62 67 63 
42 49 46 40 41 33 41 40 36 35 36 40 43 33 20 25 24 16 10 15 5 19 28 40 46 49 56 75 78 66 68 63 
42 49 46 40 41 33 41 40 36 35 36 40 28 19 5 15 20 33 43 40 46 49 56 75 78 66 68 63 
42 49 46 40 41 33 41 40 36 35 36 40 28 19 5 15 20 33 41 40 46 49 56 75 78 66 68 63 
42 49 46 40 41 33 41 40 36 35 36 40 28 19 5 15 20 33 43 40 46 49 56 75 72 73 77 68 63 
42 49 46 40 41 33 41 40 36 35 36 40 28 19 5 15 20 33 41 40 46 49 56 75 72 73 77 68 63 
42 49 46 40 41 33 41 40 36 35 36 40 28 19 5 15 20 33 43 40 46 50 52 55 58 60 62 67 63 
42 49 46 40 41 33 41 40 36 35 36 40 28 19 5 15 20 33 41 40 46 50 52 55 58 60 62 67 63 
42 49 46 40 41 33 41 40 36 35 36 40 28 19 5 15 20 15 5 19 28 40 46 49 56 75 78 66 68 63 
42 49 46 40 41 33 41 40 36 35 36 40 28 19 5 15 20 15 5 19 28 40 46 49 56 75 72 73 77 68 63 
42 49 46 40 41 33 41 40 36 35 36 40 28 19 5 15 20 15 5 19 28 40 46 50 52 55 58 60 62 67 63 
42 49 46 40 41 33 41 40 36 35 36 40 28 19 5 15 20 25 24 16 10 15 5 19 28 40 46 49 56 75 78 66 68 63 
42 49 46 40 41 33 41 40 36 35 26 21 30 37 40 41 33 20 33 43 40 46 49 56 75 78 66 68 63 
42 49 46 40 41 33 41 40 36 35 26 21 30 37 40 41 33 20 33 41 40 46 49 56 75 78 66 68 63 
42 49 46 40 41 33 41 40 36 35 26 21 30 37 40 41 33 20 33 43 40 46 49 56 75 72 73 77 68 63 
42 49 46 40 41 33 41 40 36 35 26 21 30 37 40 41 33 20 33 41 40 46 49 56 75 72 73 77 68 63 
42 49 46 40 41 33 41 40 36 35 26 21 30 37 40 41 33 20 33 43 40 46 50 52 55 58 60 62 67 63 
42 49 46 40 41 33 41 40 36 35 26 21 30 37 40 41 33 20 33 41 40 46 50 52 55 58 60 62 67 63 
42 49 46 40 41 33 41 40 36 35 26 21 30 37 40 41 33 20 15 5 19 28 40 46 49 56 75 78 66 68 63 
42 49 46 40 41 33 41 40 36 35 26 21 30 37 40 41 33 20 15 5 19 28 40 46 49 56 75 72 73 77 68 63 
42 49 46 40 41 33 41 40 36 35 26 21 30 37 40 41 33 20 15 5 19 28 40 46 50 52 55 58 60 62 67 63 
42 49 46 40 41 33 41 40 36 35 26 21 30 37 40 41 33 20 25 24 16 10 15 5 19 28 40 46 49 56 75 78 66 68 63 
---------------
Request id 13
39 32 13 9 3 0 4 0 3 9 17 23 29 35 36 40 46 50 52 55 58 60 62 67 74 83 85 87 94 100 99 97 96 
39 32 13 9 3 0 4 0 3 9 17 23 29 35 36 40 46 49 56 75 78 66 68 63 67 74 83 85 87 94 100 99 97 96 
39 32 13 9 3 0 4 0 3 9 17 23 29 35 36 40 46 50 52 55 58 60 62 67 74 83 85 101 102 98 94 100 99 97 96 
39 32 13 9 3 0 4 0 3 9 17 23 29 35 36 40 46 49 56 75 72 73 77 68 63 67 74 83 85 87 94 100 99 97 96 
39 32 13 9 3 0 4 0 3 9 17 23 29 35 26 21 30 37 40 46 50 52 55 58 60 62 67 74 83 85 87 94 100 99 97 96 
39 32 13 9 3 0 4 0 3 9 17 23 29 35 36 40 46 49 56 75 78 66 68 63 67 74 83 85 101 102 98 94 100 99 97 96 
39 32 13 9 3 0 4 0 3 9 17 23 29 35 36 40 46 50 52 55 58 60 62 67 74 71 81 82 84 83 85 87 94 100 99 97 96 
39 32 13 9 3 0 4 0 3 2 1 8 7 12 17 23 29 35 36 40 46 50 52 55 58 60 62 67 74 83 85 87 94 100 99 97 96 
39 32 13 9 3 0 4 0 3 9 17 23 29 35 26 21 30 37 40 46 49 56 75 78 66 68 63 67 74 83 85 87 94 100 99 97 96 
39 32 13 9 3 0 4 0 3 9 17 23 29 35 36 40 46 49 56 75 72 73 77 68 63 67 74 83 85 101 102 98 94 100 99 97 96 
39 32 31 22 14 11 6 4 0 3 9 17 23 29 35 36 40 46 50 52 55 58 60 62 67 74 83 85 87 94 100 99 97 96 
39 32 31 22 14 11 6 4 0 3 9 17 23 29 35 36 40 46 49 56 75 78 66 68 63 67 74 83 85 87 94 100 99 97 96 
39 32 31 22 14 11 6 4 0 3 9 17 23 29 35 36 40 46 50 52 55 58 60 62 67 74 83 85 101 102 98 94 100 99 97 96 
39 32 31 22 14 11 6 4 0 3 9 17 23 29 35 36 40 46 49 56 75 72 73 77 68 63 67 74 83 85 87 94 100 99 97 96 
39 32 31 22 14 11 6 4 0 3 9 17 23 29 35 26 21 30 37 40 46 50 52 55 58 60 62 67 74 83 85 87 94 100 99 97 96 
39 32 31 22 14 11 6 4 0 3 9 17 23 29 35 36 40 46 49 56 75 78 66 68 63 67 74 83 85 101 102 98 94 100 99 97 96 
39 32 31 22 14 11 6 4 0 3 9 17 23 29 35 36 40 46 50 52 55 58 60 62 67 74 71 81 82 84 83 85 87 94 100 99 97 96 
39 32 31 22 14 11 6 4 0 3 2 1 8 7 12 17 23 29 35 36 40 46 50 52 55 58 60 62 67 74 83 85 87 94 100 99 97 96 
39 32 31 22 14 11 6 4 0 3 9 17 23 29 35 26 21 30 37 40 46 49 56 75 78 66 68 63 67 74 83 85 87 94 100 99 97 96 
39 32 31 22 14 11 6 4 0 3 9 17 23 29 35 36 40 46 49 56 75 72 73 77 68 63 67 74 83 85 101 102 98 94 100 99 97 96 
39 32 13 9 17 12 7 8 1 2 3 0 4 0 3 9 17 23 29 35 36 40 46 50 52 55 58 60 62 67 74 83 85 87 94 100 99 97 96 
39 32 13 9 17 12 7 8 1 2 3 0 4 0 3 9 17 23 29 35 36 40 46 49 56 75 78 66 68 63 67 74 83 85 87 94 100 99 97 96 
39 32 13 9 17 12 7 8 1 2 3 0 4 0 3 9 17 23 29 35 36 40 46 50 52 55 58 60 62 67 74 83 85 101 102 98 94 100 99 97 96 
39 32 13 9 17 12 7 8 1 2 3 0 4 0 3 9 17 23 29 35 36 40 46 49 56 75 72 73 77 68 63 67 74 83 85 87 94 100 99 97 96 
39 32 13 9 17 12 7 8 1 2 3 0 4 0 3 9 17 23 29 35 26 21 30 37 40 46 50 52 55 58 60 62 67 74 83 85 87 94 100 99 97 96 
39 32 13 9 17 12 7 8 1 2 3 0 4 0 3 9 17 23 29 35 36 40 46 49 56 75 78 66 68 63 67 74 83 85 101 102 98 94 100 99 97 96 
39 32 13 9 17 12 7 8 1 2 3 0 4 0 3 9 17 23 29 35 36 40 46 50 52 55 58 60 62 67 74 71 81 82 84 83 85 87 94 100 99 97 96 
39 32 13 9 17 12 7 8 1 2 3 0 4 0 3 2 1 8 7 12 17 23 29 35 36 40 46 50 52 55 58 60 62 67 74 83 85 87 94 100 99 97 96 
39 32 13 9 17 12 7 8 1 2 3 0 4 0 3 9 17 23 29 35 26 21 30 37 40 46 49 56 75 78 66 68 63 67 74 83 85 87 94 100 99 97 96 
39 32 13 9 17 12 7 8 1 2 3 0 4 0 3 9 17 23 29 35 36 40 46 49 56 75 72 73 77 68 63 67 74 83 85 101 102 98 94 100 99 97 96 
---------------
Request id 11
41 40 28 
41 40 43 33 20 15 5 19 28 
41 40 41 33 20 15 5 19 28 
41 40 43 33 20 25 24 16 10 15 5 19 28 
41 40 41 33 20 25 24 16 10 15 5 19 28 
41 33 43 40 28 
41 33 43 40 43 33 20 15 5 19 28 
41 33 43 40 41 33 20 15 5 19 28 
41 33 43 40 43 33 20 25 24 16 10 15 5 19 28 
41 33 43 40 41 33 20 25 24 16 10 15 5 19 28 
41 33 20 15 5 19 28 40 28 
41 33 20 15 5 19 28 40 43 33 20 15 5 19 28 
41 33 20 15 5 19 28 40 41 33 20 15 5 19 28 
41 33 20 15 5 19 28 40 43 33 20 25 24 16 10 15 5 19 28 
41 33 20 15 5 19 28 40 41 33 20 25 24 16 10 15 5 19 28 
41 33 20 25 24 16 10 15 5 19 28 40 28 
41 33 20 25 24 16 10 15 5 19 28 40 43 33 20 15 5 19 28 
41 33 20 25 24 16 10 15 5 19 28 40 41 33 20 15 5 19 28 
41 33 20 25 24 16 10 15 5 19 28 40 43 33 20 25 24 16 10 15 5 19 28 
41 33 20 25 24 16 10 15 5 19 28 40 41 33 20 25 24 16 10 15 5 19 28 
---------------
Request id 8
89 88 84 83 85 87 94 87 85 83 74 67 62 60 58 55 52 50 46 40 36 35 26 
89 88 84 83 85 87 94 87 85 83 74 67 63 68 66 78 75 56 49 46 40 36 35 26 
89 88 84 83 85 87 94 87 85 83 74 67 62 60 58 55 52 50 46 40 37 30 21 26 
89 88 84 83 85 87 94 87 85 83 74 67 63 68 66 78 75 56 49 46 40 37 30 21 26 
89 88 84 83 85 87 94 87 85 83 74 67 63 68 77 73 72 75 56 49 46 40 36 35 26 
89 88 84 83 85 87 94 87 85 83 74 67 63 68 77 73 72 75 56 49 46 40 37 30 21 26 
89 88 84 83 85 87 94 87 85 83 84 82 81 71 74 67 62 60 58 55 52 50 46 40 36 35 26 
89 88 84 83 85 87 94 87 85 83 84 82 81 71 74 67 63 68 66 78 75 56 49 46 40 36 35 26 
89 88 84 83 85 87 94 87 85 83 84 82 81 71 74 67 62 60 58 55 52 50 46 40 37 30 21 26 
89 88 84 83 85 87 94 87 85 83 84 82 81 71 74 67 63 68 77 73 72 75 56 49 46 40 36 35 26 
89 88 84 83 85 87 94 98 102 101 85 83 74 67 62 60 58 55 52 50 46 40 36 35 26 
89 88 84 83 85 87 94 98 102 101 85 83 74 67 63 68 66 78 75 56 49 46 40 36 35 26 
89 88 84 83 85 87 94 98 102 101 85 83 74 67 62 60 58 55 52 50 46 40 37 30 21 26 
89 88 84 83 85 87 94 98 102 101 85 83 74 67 63 68 66 78 75 56 49 46 40 37 30 21 26 
89 88 84 83 85 87 94 98 102 101 85 83 74 67 63 68 77 73 72 75 56 49 46 40 36 35 26 
89 88 84 83 85 87 94 98 102 101 85 83 74 67 63 68 77 73 72 75 56 49 46 40 37 30 21 26 
89 88 84 83 85 87 94 98 102 101 85 83 84 82 81 71 74 67 62 60 58 55 52 50 46 40 36 35 26 
89 88 84 83 85 87 94 98 102 101 85 83 84 82 81 71 74 67 63 68 66 78 75 56 49 46 40 36 35 26 
89 88 84 83 85 87 94 98 102 101 85 83 84 82 81 71 74 67 62 60 58 55 52 50 46 40 37 30 21 26 
89 88 84 83 85 87 94 98 102 101 85 83 84 82 81 71 74 67 63 68 77 73 72 75 56 49 46 40 36 35 26 
89 88 84 83 85 101 102 98 94 87 85 83 74 67 62 60 58 55 52 50 46 40 36 35 26 
89 88 84 83 85 101 102 98 94 87 85 83 74 67 63 68 66 78 75 56 49 46 40 36 35 26 
89 88 84 83 85 101 102 98 94 87 85 83 74 67 62 60 58 55 52 50 46 40 37 30 21 26 
89 88 84 83 85 101 102 98 94 87 85 83 74 67 63 68 66 78 75 56 49 46 40 37 30 21 26 
89 88 84 83 85 101 102 98 94 87 85 83 74 67 63 68 77 73 72 75 56 49 46 40 36 35 26 
89 88 84 83 85 101 102 98 94 87 85 83 74 67 63 68 77 73 72 75 56 49 46 40 37 30 21 26 
89 88 84 83 85 101 102 98 94 87 85 83 84 82 81 71 74 67 62 60 58 55 52 50 46 40 36 35 26 
89 88 84 83 85 101 102 98 94 87 85 83 84 82 81 71 74 67 63 68 66 78 75 56 49 46 40 36 35 26 
89 88 84 83 85 101 102 98 94 87 85 83 84 82 81 71 74 67 62 60 58 55 52 50 46 40 37 30 21 26 
89 88 84 83 85 101 102 98 94 87 85 83 84 82 81 71 74 67 63 68 77 73 72 75 56 49 46 40 36 35 26 
89 88 84 83 85 101 102 98 94 98 102 101 85 83 74 67 62 60 58 55 52 50 46 40 36 35 26 
89 88 84 83 85 101 102 98 94 98 102 101 85 83 74 67 63 68 66 78 75 56 49 46 40 36 35 26 
89 88 84 83 85 101 102 98 94 98 102 101 85 83 74 67 62 60 58 55 52 50 46 40 37 30 21 26 
89 88 84 83 85 101 102 98 94 98 102 101 85 83 74 67 63 68 66 78 75 56 49 46 40 37 30 21 26 
89 88 84 83 85 101 102 98 94 98 102 101 85 83 74 67 63 68 77 73 72 75 56 49 46 40 36 35 26 
89 88 84 83 85 101 102 98 94 98 102 101 85 83 74 67 63 68 77 73 72 75 56 49 46 40 37 30 21 26 
89 88 84 83 85 101 102 98 94 98 102 101 85 83 84 82 81 71 74 67 62 60 58 55 52 50 46 40 36 35 26 
89 88 84 83 85 101 102 98 94 98 102 101 85 83 84 82 81 71 74 67 63 68 66 78 75 56 49 46 40 36 35 26 
89 88 84 83 85 101 102 98 94 98 102 101 85 83 84 82 81 71 74 67 62 60 58 55 52 50 46 40 37 30 21 26 
89 88 84 83 85 101 102 98 94 98 102 101 85 83 84 82 81 71 74 67 63 68 77 73 72 75 56 49 46 40 36 35 26 
---------------
Request id 18
44 33 43 40 46 50 52 55 58 60 62 65 62 67 74 83 74 67 62 60 58 55 52 50 46 40 28 19 
44 33 43 40 46 50 52 55 58 60 62 65 62 67 74 83 74 67 63 68 66 78 75 56 49 46 40 28 19 
44 33 43 40 46 50 52 55 58 60 62 65 62 67 74 83 74 67 63 68 77 73 72 75 56 49 46 40 28 19 
44 33 43 40 46 50 52 55 58 60 62 65 62 67 74 83 84 82 81 71 74 67 62 60 58 55 52 50 46 40 28 19 
44 33 43 40 46 50 52 55 58 60 62 65 62 67 74 83 74 67 62 60 58 55 52 50 46 40 43 33 20 15 5 19 
44 33 43 40 46 50 52 55 58 60 62 65 62 67 74 83 74 67 62 60 58 55 52 50 46 40 41 33 20 15 5 19 
44 33 43 40 46 50 52 55 58 60 62 65 62 67 74 83 74 67 63 68 66 78 75 56 49 46 40 43 33 20 15 5 19 
44 33 43 40 46 50 52 55 58 60 62 65 62 67 74 83 84 82 81 71 74 67 63 68 66 78 75 56 49 46 40 28 19 
44 33 43 40 46 50 52 55 58 60 62 65 62 67 74 83 74 67 63 68 66 78 75 56 49 46 40 41 33 20 15 5 19 
44 33 43 40 46 50 52 55 58 60 62 65 62 67 74 83 74 67 63 68 77 73 72 75 56 49 46 40 43 33 20 15 5 19 
44 33 43 40 46 50 52 55 58 60 62 65 62 67 74 71 81 82 84 83 74 67 62 60 58 55 52 50 46 40 28 19 
44 33 43 40 46 50 52 55 58 60 62 65 62 67 74 71 81 82 84 83 74 67 63 68 66 78 75 56 49 46 40 28 19 
44 33 43 40 46 50 52 55 58 60 62 65 62 67 74 71 81 82 84 83 74 67 63 68 77 73 72 75 56 49 46 40 28 19 
44 33 43 40 46 50 52 55 58 60 62 65 62 67 74 71 81 82 84 83 84 82 81 71 74 67 62 60 58 55 52 50 46 40 28 19 
44 33 43 40 46 50 52 55 58 60 62 65 62 67 74 71 81 82 84 83 74 67 62 60 58 55 52 50 46 40 43 33 20 15 5 19 
44 33 43 40 46 50 52 55 58 60 62 65 62 67 74 71 81 82 84 83 74 67 62 60 58 55 52 50 46 40 41 33 20 15 5 19 
44 33 43 40 46 50 52 55 58 60 62 65 62 67 74 71 81 82 84 83 74 67 63 68 66 78 75 56 49 46 40 43 33 20 15 5 19 
44 33 43 40 46 50 52 55 58 60 62 65 62 67 74 71 81 82 84 83 84 82 81 71 74 67 63 68 66 78 75 56 49 46 40 28 19 
44 33 43 40 46 50 52 55 58 60 62 65 62 67 74 71 81 82 84 83 74 67 63 68 66 78 75 56 49 46 40 41 33 20 15 5 19 
44 33 43 40 46 50 52 55 58 60 62 65 62 67 74 71 81 82 84 83 74 67 63 68 77 73 72 75 56 49 46 40 43 33 20 15 5 19 
44 33 43 40 46 50 52 55 58 60 62 65 54 57 59 64 69 80 81 82 84 83 74 67 62 60 58 55 52 50 46 40 28 19 
44 33 43 40 46 50 52 55 58 60 62 65 54 57 59 64 69 80 81 82 84 83 74 67 63 68 66 78 75 56 49 46 40 28 19 
44 33 43 40 46 50 52 55 58 60 62 65 54 57 59 64 69 80 81 82 84 83 74 67 63 68 77 73 72 75 56 49 46 40 28 19 
44 33 43 40 46 50 52 55 58 60 62 65 54 57 59 64 69 80 81 82 84 83 84 82 81 71 74 67 62 60 58 55 52 50 46 40 28 19 
44 33 43 40 46 50 52 55 58 60 62 65 54 57 59 64 69 80 81 82 84 83 74 67 62 60 58 55 52 50 46 40 43 33 20 15 5 19 
44 33 43 40 46 50 52 55 58 60 62 65 54 57 59 64 69 80 81 82 84 83 74 67 62 60 58 55 52 50 46 40 41 33 20 15 5 19 
44 33 43 40 46 50 52 55 58 60 62 65 54 57 59 64 69 80 81 82 84 83 74 67 63 68 66 78 75 56 49 46 40 43 33 20 15 5 19 
44 33 43 40 46 50 52 55 58 60 62 65 54 57 59 64 69 80 81 82 84 83 84 82 81 71 74 67 63 68 66 78 75 56 49 46 40 28 19 
44 33 43 40 46 50 52 55 58 60 62 65 54 57 59 64 69 80 81 82 84 83 74 67 63 68 66 78 75 56 49 46 40 41 33 20 15 5 19 
44 33 43 40 46 50 52 55 58 60 62 65 54 57 59 64 69 80 81 82 84 83 74 67 63 68 77 73 72 75 56 49 46 40 43 33 20 15 5 19 
44 33 43 40 46 50 52 55 58 60 62 65 54 57 59 64 69 80 81 71 74 83 74 67 62 60 58 55 52 50 46 40 28 19 
44 33 43 40 46 50 52 55 58 60 62 65 54 57 59 64 69 80 81 71 74 83 74 67 63 68 66 78 75 56 49 46 40 28 19 
44 33 43 40 46 50 52 55 58 60 62 65 54 57 59 64 69 80 81 71 74 83 74 67 63 68 77 73 72 75 56 49 46 40 28 19 
44 33 43 40 46 50 52 55 58 60 62 65 54 57 59 64 69 80 81 71 74 83 84 82 81 71 74 67 62 60 58 55 52 50 46 40 28 19 
44 33 43 40 46 50 52 55 58 60 62 65 54 57 59 64 69 80 81 71 74 83 74 67 62 60 58 55 52 50 46 40 43 33 20 15 5 19 
44 33 43 40 46 50 52 55 58 60 62 65 54 57 59 64 69 80 81 71 74 83 74 67 62 60 58 55 52 50 46 40 41 33 20 15 5 19 
44 33 43 40 46 50 52 55 58 60 62 65 54 57 59 64 69 80 81 71 74 83 74 67 63 68 66 78 75 56 49 46 40 43 33 20 15 5 19 
44 33 43 40 46 50 52 55 58 60 62 65 54 57 59 64 69 80 81 71 74 83 84 82 81 71 74 67 63 68 66 78 75 56 49 46 40 28 19 
44 33 43 40 46 50 52 55 58 60 62 65 54 57 59 64 69 80 81 71 74 83 74 67 63 68 66 78 75 56 49 46 40 41 33 20 15 5 19 
44 33 43 40 46 50 52 55 58 60 62 65 54 57 59 64 69 80 81 71 74 83 74 67 63 68 77 73 72 75 56 49 46 40 43 33 20 15 5 19 
---------------
Request id 2
50 46 40 41 33 20 33 41 40 36 35 29 23 17 9 13 32 31 
50 46 40 41 33 20 33 41 40 36 35 29 23 17 9 3 0 4 6 11 14 22 31 
50 46 40 41 33 20 33 41 40 36 35 29 23 17 12 7 8 1 2 3 9 13 32 31 
50 46 40 41 33 20 33 41 40 36 35 29 23 17 12 7 8 1 2 3 0 4 6 11 14 22 31 
50 46 40 41 33 20 33 43 40 36 35 29 23 17 9 13 32 31 
50 46 40 41 33 20 33 43 40 36 35 29 23 17 9 3 0 4 6 11 14 22 31 
50 46 40 41 33 20 33 43 40 36 35 29 23 17 12 7 8 1 2 3 9 13 32 31 
50 46 40 41 33 20 33 43 40 36 35 29 23 17 12 7 8 1 2 3 0 4 6 11 14 22 31 
50 46 40 41 33 20 15 5 19 28 40 36 35 29 23 17 9 13 32 31 
50 46 40 41 33 20 15 5 19 28 40 36 35 29 23 17 9 3 0 4 6 11 14 22 31 
50 46 40 41 33 20 15 5 19 28 40 36 35 29 23 17 12 7 8 1 2 3 9 13 32 31 
50 46 40 41 33 20 15 5 19 28 40 36 35 29 23 17 12 7 8 1 2 3 0 4 6 11 14 22 31 
50 46 40 41 33 20 33 41 40 37 30 21 26 35 29 23 17 9 13 32 31 
50 46 40 41 33 20 33 41 40 37 30 21 26 35 29 23 17 9 3 0 4 6 11 14 22 31 
50 46 40 41 33 20 33 41 40 37 30 21 26 35 29 23 17 12 7 8 1 2 3 9 13 32 31 
50 46 40 41 33 20 33 41 40 37 30 21 26 35 29 23 17 12 7 8 1 2 3 0 4 6 11 14 22 31 
50 46 40 41 33 20 33 43 40 37 30 21 26 35 29 23 17 9 13 32 31 
50 46 40 41 33 20 33 43 40 37 30 21 26 35 29 23 17 9 3 0 4 6 11 14 22 31 
50 46 40 41 33 20 33 43 40 37 30 21 26 35 29 23 17 12 7 8 1 2 3 9 13 32 31 
50 46 40 41 33 20 33 43 40 37 30 21 26 35 29 23 17 12 7 8 1 2 3 0 4 6 11 14 22 31 
50 46 40 41 33 20 15 5 19 28 40 37 30 21 26 35 29 23 17 9 13 32 31 
50 46 40 41 33 20 15 5 19 28 40 37 30 21 26 35 29 23 17 9 3 0 4 6 11 14 22 31 
50 46 40 41 33 20 15 5 19 28 40 37 30 21 26 35 29 23 17 12 7 8 1 2 3 9 13 32 31 
50 46 40 41 33 20 15 5 19 28 40 37 30 21 26 35 29 23 17 12 7 8 1 2 3 0 4 6 11 14 22 31 
50 46 40 41 33 20 25 24 16 10 15 5 19 28 40 36 35 29 23 17 9 13 32 31 
50 46 40 41 33 20 25 24 16 10 15 5 19 28 40 36 35 29 23 17 9 3 0 4 6 11 14 22 31 
50 46 40 41 33 20 25 24 16 10 15 5 19 28 40 36 35 29 23 17 12 7 8 1 2 3 9 13 32 31 
50 46 40 41 33 20 25 24 16 10 15 5 19 28 40 36 35 29 23 17 12 7 8 1 2 3 0 4 6 11 14 22 31 
50 46 40 41 33 20 25 24 16 10 15 5 19 28 40 37 30 21 26 35 29 23 17 9 13 32 31 
50 46 40 41 33 20 25 24 16 10 15 5 19 28 40 37 30 21 26 35 29 23 17 9 3 0 4 6 11 14 22 31 
50 46 40 41 33 20 25 24 16 10 15 5 19 28 40 37 30 21 26 35 29 23 17 12 7 8 1 2 3 9 13 32 31 
50 46 40 41 33 20 25 24 16 10 15 5 19 28 40 37 30 21 26 35 29 23 17 12 7 8 1 2 3 0 4 6 11 14 22 31 
50 46 40 43 33 20 33 41 40 36 35 29 23 17 9 13 32 31 
50 46 40 43 33 20 33 41 40 36 35 29 23 17 9 3 0 4 6 11 14 22 31 
50 46 40 43 33 20 33 41 40 36 35 29 23 17 12 7 8 1 2 3 9 13 32 31 
50 46 40 43 33 20 33 41 40 36 35 29 23 17 12 7 8 1 2 3 0 4 6 11 14 22 31 
50 46 40 43 33 20 33 43 40 36 35 29 23 17 9 13 32 31 
50 46 40 43 33 20 33 43 40 36 35 29 23 17 9 3 0 4 6 11 14 22 31 
50 46 40 43 33 20 33 43 40 36 35 29 23 17 12 7 8 1 2 3 9 13 32 31 
50 46 40 43 33 20 33 43 40 36 35 29 23 17 12 7 8 1 2 3 0 4 6 11 14 22 31 
---------------
Request id 15
23 17 9 3 9 17 23 29 35 36 40 46 50 52 55 58 60 62 65 61 51 
23 17 9 3 9 17 23 29 35 36 40 46 49 56 75 78 66 68 63 67 62 65 61 51 
23 17 9 3 9 17 23 29 35 36 40 46 49 56 75 72 73 77 68 63 67 62 65 61 51 
23 17 9 3 9 17 23 29 35 36 40 46 50 52 55 58 60 62 67 74 71 81 80 69 64 59 57 54 65 61 51 
23 17 9 3 9 17 23 29 35 36 40 46 49 56 75 78 66 68 63 67 74 71 81 80 69 64 59 57 54 65 61 51 
23 17 9 3 9 17 23 29 35 36 40 46 49 56 75 72 73 77 68 63 67 74 71 81 80 69 64 59 57 54 65 61 51 
23 17 9 3 9 17 23 29 35 36 40 46 50 52 55 58 60 62 67 74 83 84 82 81 80 69 64 59 57 54 65 61 51 
23 17 9 3 9 17 23 29 35 36 40 46 49 56 75 78 66 68 63 67 74 83 84 82 81 80 69 64 59 57 54 65 61 51 
23 17 9 3 9 17 23 29 35 36 40 46 50 52 55 58 60 62 67 74 71 81 80 69 64 59 57 54 53 48 34 45 65 61 51 
23 17 9 3 9 17 23 29 35 36 40 46 49 56 75 72 73 77 68 63 67 74 83 84 82 81 80 69 64 59 57 54 65 61 51 
23 17 9 3 9 17 23 29 35 26 21 30 37 40 46 50 52 55 58 60 62 65 61 51 
23 17 9 3 9 17 23 29 35 26 21 30 37 40 46 49 56 75 78 66 68 63 67 62 65 61 51 
23 17 9 3 9 17 23 29 35 26 21 30 37 40 46 49 56 75 72 73 77 68 63 67 62 65 61 51 
23 17 9 3 9 17 23 29 35 26 21 30 37 40 46 50 52 55 58 60 62 67 74 71 81 80 69 64 59 57 54 65 61 51 
23 17 9 3 9 17 23 29 35 26 21 30 37 40 46 49 56 75 78 66 68 63 67 74 71 81 80 69 64 59 57 54 65 61 51 
23 17 9 3 9 17 23 29 35 26 21 30 37 40 46 49 56 75 72 73 77 68 63 67 74 71 81 80 69 64 59 57 54 65 61 51 
23 17 9 3 9 17 23 29 35 26 21 30 37 40 46 50 52 55 58 60 62 67 74 83 84 82 81 80 69 64 59 57 54 65 61 51 
23 17 9 3 9 17 23 29 35 26 21 30 37 40 46 49 56 75 78 66 68 63 67 74 83 84 82 81 80 69 64 59 57 54 65 61 51 
23 17 9 3 9 17 23 29 35 26 21 30 37 40 46 50 52 55 58 60 62 67 74 71 81 80 69 64 59 57 54 53 48 34 45 65 61 51 
23 17 9 3 9 17 23 29 35 26 21 30 37 40 46 49 56 75 72 73 77 68 63 67 74 83 84 82 81 80 69 64 59 57 54 65 61 51 
23 17 9 3 2 1 8 7 12 17 23 29 35 36 40 46 50 52 55 58 60 62 65 61 51 
23 17 9 3 2 1 8 7 12 17 23 29 35 36 40 46 49 56 75 78 66 68 63 67 62 65 61 51 
23 17 9 3 2 1 8 7 12 17 23 29 35 36 40 46 49 56 75 72 73 77 68 63 67 62 65 61 51 
23 17 9 3 2 1 8 7 12 17 23 29 35 36 40 46 50 52 55 58 60 62 67 74 71 81 80 69 64 59 57 54 65 61 51 
23 17 9 3 2 1 8 7 12 17 23 29 35 36 40 46 49 56 75 78 66 68 63 67 74 71 81 80 69 64 59 57 54 65 61 51 
23 17 9 3 2 1 8 7 12 17 23 29 35 36 40 46 49 56 75 72 73 77 68 63 67 74 71 81 80 69 64 59 57 54 65 61 51 
23 17 9 3 2 1 8 7 12 17 23 29 35 36 40 46 50 52 55 58 60 62 67 74 83 84 82 81 80 69 64 59 57 54 65 61 51 
23 17 9 3 2 1 8 7 12 17 23 29 35 36 40 46 49 56 75 78 66 68 63 67 74 83 84 82 81 80 69 64 59 57 54 65 61 51 
23 17 9 3 2 1 8 7 12 17 23 29 35 36 40 46 50 52 55 58 60 62 67 74 71 81 80 69 64 59 57 54 53 48 34 45 65 61 51 
23 17 9 3 2 1 8 7 12 17 23 29 35 36 40 46 49 56 75 72 73 77 68 63 67 74 83 84 82 81 80 69 64 59 57 54 65 61 51 
23 17 9 3 2 1 8 7 12 17 23 29 35 26 21 30 37 40 46 50 52 55 58 60 62 65 61 51 
23 17 9 3 2 1 8 7 12 17 23 29 35 26 21 30 37 40 46 49 56 75 78 66 68 63 67 62 65 61 51 
23 17 9 3 2 1 8 7 12 17 23 29 35 26 21 30 37 40 46 49 56 75 72 73 77 68 63 67 62 65 61 51 
23 17 9 3 2 1 8 7 12 17 23 29 35 26 21 30 37 40 46 50 52 55 58 60 62 67 74 71 81 80 69 64 59 57 54 65 61 51 
23 17 9 3 2 1 8 7 12 17 23 29 35 26 21 30 37 40 46 49 56 75 78 66 68 63 67 74 71 81 80 69 64 59 57 54 65 61 51 
23 17 9 3 2 1 8 7 12 17 23 29 35 26 21 30 37 40 46 49 56 75 72 73 77 68 63 67 74 71 81 80 69 64 59 57 54 65 61 51 
23 17 9 3 2 1 8 7 12 17 23 29 35 26 21 30 37 40 46 50 52 55 58 60 62 67 74 83 84 82 81 80 69 64 59 57 54 65 61 51 
23 17 9 3 2 1 8 7 12 17 23 29 35 26 21 30 37 40 46 49 56 75 78 66 68 63 67 74 83 84 82 81 80 69 64 59 57 54 65 61 51 
23 17 9 3 2 1 8 7 12 17 23 29 35 26 21 30 37 40 46 50 52 55 58 60 62 67 74 71 81 80 69 64 59 57 54 53 48 34 45 65 61 51 
23 17 9 3 2 1 8 7 12 17 23 29 35 26 21 30 37 40 46 49 56 75 72 73 77 68 63 67 74 83 84 82 81 80 69 64 59 57 54 65 61 51 
---------------
Request id 10
47 46 40 36 35 29 23 
47 46 40 37 30 21 26 35 29 23 
---------------
Request id 6
59 64 69 80 81 71 74 83 85 87 85 83 74 67 62 60 58 55 52 50 46 40 36 35 29 38 
59 64 69 80 81 71 74 83 85 87 85 83 74 67 63 68 66 78 75 56 49 46 40 36 35 29 38 
59 64 69 80 81 71 74 83 85 87 85 83 74 67 63 68 77 73 72 75 56 49 46 40 36 35 29 38 
59 64 69 80 81 71 74 83 85 87 85 83 74 67 62 60 58 55 52 50 46 40 37 30 21 26 35 29 38 
59 64 69 80 81 71 74 83 85 87 85 83 74 67 63 68 66 78 75 56 49 46 40 37 30 21 26 35 29 38 
59 64 69 80 81 71 74 83 85 87 94 98 102 101 85 83 74 67 62 60 58 55 52 50 46 40 36 35 29 38 
59 64 69 80 81 71 74 83 85 87 85 83 84 82 81 71 74 67 62 60 58 55 52 50 46 40 36 35 29 38 
59 64 69 80 81 71 74 83 85 87 94 98 102 101 85 83 74 67 63 68 66 78 75 56 49 46 40 36 35 29 38 
59 64 69 80 81 71 74 83 85 87 85 83 84 82 81 71 74 67 63 68 66 78 75 56 49 46 40 36 35 29 38 
59 64 69 80 81 71 74 83 85 87 85 83 74 67 63 68 77 73 72 75 56 49 46 40 37 30 21 26 35 29 38 
59 57 54 65 62 67 74 83 85 87 85 83 74 67 62 60 58 55 52 50 46 40 36 35 29 38 
59 57 54 65 62 67 74 83 85 87 85 83 74 67 63 68 66 78 75 56 49 46 40 36 35 29 38 
59 57 54 65 62 67 74 83 85 87 85 83 74 67 63 68 77 73 72 75 56 49 46 40 36 35 29 38 
59 57 54 65 62 67 74 83 85 87 85 83 74 67 62 60 58 55 52 50 46 40 37 30 21 26 35 29 38 
59 57 54 65 62 67 74 83 85 87 85 83 74 67 63 68 66 78 75 56 49 46 40 37 30 21 26 35 29 38 
59 57 54 65 62 67 74 83 85 87 94 98 102 101 85 83 74 67 62 60 58 55 52 50 46 40 36 35 29 38 
59 57 54 65 62 67 74 83 85 87 85 83 84 82 81 71 74 67 62 60 58 55 52 50 46 40 36 35 29 38 
59 57 54 65 62 67 74 83 85 87 94 98 102 101 85 83 74 67 63 68 66 78 75 56 49 46 40 36 35 29 38 
59 57 54 65 62 67 74 83 85 87 85 83 84 82 81 71 74 67 63 68 66 78 75 56 49 46 40 36 35 29 38 
59 57 54 65 62 67 74 83 85 87 85 83 74 67 63 68 77 73 72 75 56 49 46 40 37 30 21 26 35 29 38 
59 64 69 80 81 82 84 83 85 87 85 83 74 67 62 60 58 55 52 50 46 40 36 35 29 38 
59 64 69 80 81 82 84 83 85 87 85 83 74 67 63 68 66 78 75 56 49 46 40 36 35 29 38 
59 64 69 80 81 82 84 83 85 87 85 83 74 67 63 68 77 73 72 75 56 49 46 40 36 35 29 38 
59 64 69 80 81 82 84 83 85 87 85 83 74 67 62 60 58 55 52 50 46 40 37 30 21 26 35 29 38 
59 64 69 80 81 82 84 83 85 87 85 83 74 67 63 68 66 78 75 56 49 46 40 37 30 21 26 35 29 38 
59 64 69 80 81 82 84 83 85 87 94 98 102 101 85 83 74 67 62 60 58 55 52 50 46 40 36 35 29 38 
59 64 69 80 81 82 84 83 85 87 85 83 84 82 81 71 74 67 62 60 58 55 52 50 46 40 36 35 29 38 
59 64 69 80 81 82 84 83 85 87 94 98 102 101 85 83 74 67 63 68 66 78 75 56 49 46 40 36 35 29 38 
59 64 69 80 81 82 84 83 85 87 85 83 84 82 81 71 74 67 63 68 66 78 75 56 49 46 40 36 35 29 38 
59 64 69 80 81 82 84 83 85 87 85 83 74 67 63 68 77 73 72 75 56 49 46 40 37 30 21 26 35 29 38 
59 57 54 65 62 67 74 83 85 101 102 98 94 87 85 83 74 67 62 60 58 55 52 50 46 40 36 35 29 38 
59 57 54 65 62 67 74 83 85 101 102 98 94 87 85 83 74 67 63 68 66 78 75 56 49 46 40 36 35 29 38 
59 57 54 65 62 67 74 83 85 101 102 98 94 87 85 83 74 67 63 68 77 73 72 75 56 49 46 40 36 35 29 38 
59 57 54 65 62 67 74 83 85 101 102 98 94 87 85 83 74 67 62 60 58 55 52 50 46 40 37 30 21 26 35 29 38 
59 57 54 65 62 67 74 83 85 101 102 98 94 87 85 83 74 67 63 68 66 78 75 56 49 46 40 37 30 21 26 35 29 38 
59 57 54 65 62 67 74 83 85 101 102 98 94 87 94 98 102 101 85 83 74 67 62 60 58 55 52 50 46 40 36 35 29 38 
59 57 54 65 62 67 74 83 85 101 102 98 94 87 85 83 84 82 81 71 74 67 62 60 58 55 52 50 46 40 36 35 29 38 
59 57 54 65 62 67 74 83 85 101 102 98 94 87 94 98 102 101 85 83 74 67 63 68 66 78 75 56 49 46 40 36 35 29 38 
59 57 54 65 62 67 74 83 85 101 102 98 94 87 85 83 84 82 81 71 74 67 63 68 66 78 75 56 49 46 40 36 35 29 38 
59 57 54 65 62 67 74 83 85 101 102 98 94 87 85 83 74 67 63 68 77 73 72 75 56 49 46 40 37 30 21 26 35 29 38 
---------------
Request id 16
57 54 65 62 67 74 83 85 87 85 83 74 67 62 60 58 55 52 50 46 40 36 35 29 23 17 12 7 
57 54 65 62 67 74 83 85 87 85 83 74 67 63 68 66 78 75 56 49 46 40 36 35 29 23 17 12 7 
57 54 65 62 67 74 83 85 87 85 83 74 67 63 68 77 73 72 75 56 49 46 40 36 35 29 23 17 12 7 
57 54 65 62 67 74 83 85 87 85 83 74 67 62 60 58 55 52 50 46 40 37 30 21 26 35 29 23 17 12 7 
57 54 65 62 67 74 83 85 87 85 83 84 82 81 71 74 67 62 60 58 55 52 50 46 40 36 35 29 23 17 12 7 
57 54 65 62 67 74 83 85 87 94 98 102 101 85 83 74 67 62 60 58 55 52 50 46 40 36 35 29 23 17 12 7 
57 54 65 62 67 74 83 85 87 85 83 74 67 63 68 66 78 75 56 49 46 40 37 30 21 26 35 29 23 17 12 7 
57 54 65 62 67 74 83 85 87 85 83 74 67 62 60 58 55 52 50 46 40 36 35 29 23 17 9 3 2 1 8 7 
57 54 65 62 67 74 83 85 87 85 83 74 67 63 68 66 78 75 56 49 46 40 36 35 29 23 17 9 3 2 1 8 7 
57 54 65 62 67 74 83 85 87 94 98 102 101 85 83 74 67 63 68 66 78 75 56 49 46 40 36 35 29 23 17 12 7 
57 54 65 62 67 74 71 81 82 84 83 85 87 85 83 74 67 62 60 58 55 52 50 46 40 36 35 29 23 17 12 7 
57 54 65 62 67 74 71 81 82 84 83 85 87 85 83 74 67 63 68 66 78 75 56 49 46 40 36 35 29 23 17 12 7 
57 54 65 62 67 74 71 81 82 84 83 85 87 85 83 74 67 63 68 77 73 72 75 56 49 46 40 36 35 29 23 17 12 7 
57 54 65 62 67 74 71 81 82 84 83 85 87 85 83 74 67 62 60 58 55 52 50 46 40 37 30 21 26 35 29 23 17 12 7 
57 54 65 62 67 74 71 81 82 84 83 85 87 85 83 84 82 81 71 74 67 62 60 58 55 52 50 46 40 36 35 29 23 17 12 7 
57 54 65 62 67 74 71 81 82 84 83 85 87 94 98 102 101 85 83 74 67 62 60 58 55 52 50 46 40 36 35 29 23 17 12 7 
57 54 65 62 67 74 71 81 82 84 83 85 87 85 83 74 67 63 68 66 78 75 56 49 46 40 37 30 21 26 35 29 23 17 12 7 
57 54 65 62 67 74 71 81 82 84 83 85 87 85 83 74 67 62 60 58 55 52 50 46 40 36 35 29 23 17 9 3 2 1 8 7 
57 54 65 62 67 74 71 81 82 84 83 85 87 85 83 74 67 63 68 66 78 75 56 49 46 40 36 35 29 23 17 9 3 2 1 8 7 
57 54 65 62 67 74 71 81 82 84 83 85 87 94 98 102 101 85 83 74 67 63 68 66 78 75 56 49 46 40 36 35 29 23 17 12 7 
57 54 65 62 67 74 83 85 101 102 98 94 87 85 83 74 67 62 60 58 55 52 50 46 40 36 35 29 23 17 12 7 
57 54 65 62 67 74 83 85 101 102 98 94 87 85 83 74 67 63 68 66 78 75 56 49 46 40 36 35 29 23 17 12 7 
57 54 65 62 67 74 83 85 101 102 98 94 87 85 83 74 67 63 68 77 73 72 75 56 49 46 40 36 35 29 23 17 12 7 
57 54 65 62 67 74 83 85 101 102 98 94 87 85 83 74 67 62 60 58 55 52 50 46 40 37 30 21 26 35 29 23 17 12 7 
57 54 65 62 67 74 83 85 101 102 98 94 87 85 83 84 82 81 71 74 67 62 60 58 55 52 50 46 40 36 35 29 23 17 12 7 
57 54 65 62 67 74 83 85 101 102 98 94 87 94 98 102 101 85 83 74 67 62 60 58 55 52 50 46 40 36 35 29 23 17 12 7 
57 54 65 62 67 74 83 85 101 102 98 94 87 85 83 74 67 63 68 66 78 75 56 49 46 40 37 30 21 26 35 29 23 17 12 7 
57 54 65 62 67 74 83 85 101 102 98 94 87 85 83 74 67 62 60 58 55 52 50 46 40 36 35 29 23 17 9 3 2 1 8 7 
57 54 65 62 67 74 83 85 101 102 98 94 87 85 83 74 67 63 68 66 78 75 56 49 46 40 36 35 29 23 17 9 3 2 1 8 7 
57 54 65 62 67 74 83 85 101 102 98 94 87 94 98 102 101 85 83 74 67 63 68 66 78 75 56 49 46 40 36 35 29 23 17 12 7 
57 54 65 62 67 74 71 81 82 84 83 85 101 102 98 94 87 85 83 74 67 62 60 58 55 52 50 46 40 36 35 29 23 17 12 7 
57 54 65 62 67 74 71 81 82 84 83 85 101 102 98 94 87 85 83 74 67 63 68 66 78 75 56 49 46 40 36 35 29 23 17 12 7 
57 54 65 62 67 74 71 81 82 84 83 85 101 102 98 94 87 85 83 74 67 63 68 77 73 72 75 56 49 46 40 36 35 29 23 17 12 7 
57 54 65 62 67 74 71 81 82 84 83 85 101 102 98 94 87 85 83 74 67 62 60 58 55 52 50 46 40 37 30 21 26 35 29 23 17 12 7 
57 54 65 62 67 74 71 81 82 84 83 85 101 102 98 94 87 85 83 84 82 81 71 74 67 62 60 58 55 52 50 46 40 36 35 29 23 17 12 7 
57 54 65 62 67 74 71 81 82 84 83 85 101 102 98 94 87 94 98 102 101 85 83 74 67 62 60 58 55 52 50 46 40 36 35 29 23 17 12 7 
57 54 65 62 67 74 71 81 82 84 83 85 101 102 98 94 87 85 83 74 67 63 68 66 78 75 56 49 46 40 37 30 21 26 35 29 23 17 12 7 
57 54 65 62 67 74 71 81 82 84 83 85 101 102 98 94 87 85 83 74 67 62 60 58 55 52 50 46 40 36 35 29 23 17 9 3 2 1 8 7 
57 54 65 62 67 74 71 81 82 84 83 85 101 102 98 94 87 85 83 74 67 63 68 66 78 75 56 49 46 40 36 35 29 23 17 9 3 2 1 8 7 
57 54 65 62 67 74 71 81 82 84 83 85 101 102 98 94 87 94 98 102 101 85 83 74 67 63 68 66 78 75 56 49 46 40 36 35 29 23 17 12 7 
---------------
Request id 14
95 96 97 99 100 94 87 85 83 74 67 62 65 45 
95 96 97 99 100 94 87 85 83 84 82 81 71 74 67 62 65 45 
95 96 97 99 100 94 87 85 83 74 67 62 65 54 53 48 34 45 
95 96 97 99 100 94 87 85 83 74 71 81 80 69 64 59 57 54 65 45 
95 96 97 99 100 94 87 85 83 84 82 81 80 69 64 59 57 54 65 45 
95 96 97 99 100 94 87 85 83 84 82 81 80 69 64 59 57 54 53 48 34 45 
95 96 97 99 100 94 87 85 83 74 71 81 80 69 64 59 57 54 53 48 34 45 
95 96 97 99 100 94 87 85 83 84 82 81 71 74 67 62 65 54 53 48 34 45 
95 96 97 99 100 94 87 85 83 74 67 63 68 66 78 75 56 49 46 50 52 55 58 60 62 65 45 
95 96 97 99 100 94 87 85 83 74 67 63 68 77 73 72 75 56 49 46 50 52 55 58 60 62 65 45 
95 96 97 99 100 94 98 102 101 85 83 74 67 62 65 45 
95 96 97 99 100 94 98 102 101 85 83 84 82 81 71 74 67 62 65 45 
95 96 97 99 100 94 98 102 101 85 83 74 67 62 65 54 53 48 34 45 
95 96 97 99 100 94 98 102 101 85 83 74 71 81 80 69 64 59 57 54 65 45 
95 96 97 99 100 94 98 102 101 85 83 84 82 81 80 69 64 59 57 54 65 45 
95 96 97 99 100 94 98 102 101 85 83 84 82 81 80 69 64 59 57 54 53 48 34 45 
95 96 97 99 100 94 98 102 101 85 83 74 71 81 80 69 64 59 57 54 53 48 34 45 
95 96 97 99 100 94 98 102 101 85 83 84 82 81 71 74 67 62 65 54 53 48 34 45 
95 96 97 99 100 94 98 102 101 85 83 74 67 63 68 66 78 75 56 49 46 50 52 55 58 60 62 65 45 
95 96 97 99 100 94 98 102 101 85 83 74 67 63 68 77 73 72 75 56 49 46 50 52 55 58 60 62 65 45 
---------------
Request id 5
5 19 28 40 36 35 29 23 17 23 29 35 36 40 46 40 36 35 36 40 43 33 20 25 24 
5 19 28 40 36 35 29 23 17 23 29 35 36 40 46 40 36 35 36 40 41 33 20 25 24 
5 19 28 40 36 35 29 23 17 23 29 35 36 40 46 40 36 35 36 40 43 33 20 15 10 16 24 
5 19 28 40 36 35 29 23 17 23 29 35 36 40 46 40 36 35 36 40 41 33 20 15 10 16 24 
5 19 28 40 36 35 29 23 17 23 29 35 36 40 46 40 36 35 36 40 28 19 5 15 20 25 24 
5 19 28 40 36 35 29 23 17 23 29 35 36 40 46 40 36 35 36 40 28 19 5 15 10 16 24 
5 19 28 40 36 35 29 23 17 23 29 35 36 40 46 40 36 35 26 21 30 37 40 43 33 20 25 24 
5 19 28 40 36 35 29 23 17 23 29 35 36 40 46 40 36 35 26 21 30 37 40 41 33 20 25 24 
5 19 28 40 36 35 29 23 17 23 29 35 36 40 46 40 36 35 26 21 30 37 40 41 33 20 15 10 16 24 
5 19 28 40 36 35 29 23 17 23 29 35 36 40 46 40 36 35 26 21 30 37 40 43 33 20 15 10 16 24 
5 19 28 40 36 35 29 23 17 23 29 35 36 40 46 40 37 30 21 26 35 36 40 43 33 20 25 24 
5 19 28 40 36 35 29 23 17 23 29 35 36 40 46 40 37 30 21 26 35 36 40 41 33 20 25 24 
5 19 28 40 36 35 29 23 17 23 29 35 36 40 46 40 37 30 21 26 35 36 40 43 33 20 15 10 16 24 
5 19 28 40 36 35 29 23 17 23 29 35 36 40 46 40 37 30 21 26 35 36 40 41 33 20 15 10 16 24 
5 19 28 40 36 35 29 23 17 23 29 35 36 40 46 40 37 30 21 26 35 36 40 28 19 5 15 20 25 24 
5 19 28 40 36 35 29 23 17 23 29 35 36 40 46 40 37 30 21 26 35 36 40 28 19 5 15 10 16 24 
5 19 28 40 36 35 29 23 17 23 29 35 36 40 46 40 37 30 21 26 35 26 21 30 37 40 43 33 20 25 24 
5 19 28 40 36 35 29 23 17 23 29 35 36 40 46 40 37 30 21 26 35 26 21 30 37 40 41 33 20 25 24 
5 19 28 40 36 35 29 23 17 23 29 35 36 40 46 40 37 30 21 26 35 26 21 30 37 40 41 33 20 15 10 16 24 
5 19 28 40 36 35 29 23 17 23 29 35 36 40 46 40 37 30 21 26 35 26 21 30 37 40 43 33 20 15 10 16 24 
5 19 28 40 36 35 29 23 17 23 29 35 26 21 30 37 40 46 40 36 35 36 40 43 33 20 25 24 
5 19 28 40 36 35 29 23 17 23 29 35 26 21 30 37 40 46 40 36 35 36 40 41 33 20 25 24 
5 19 28 40 36 35 29 23 17 23 29 35 26 21 30 37 40 46 40 36 35 36 40 43 33 20 15 10 16 24 
5 19 28 40 36 35 29 23 17 23 29 35 26 21 30 37 40 46 40 36 35 36 40 41 33 20 15 10 16 24 
5 19 28 40 36 35 29 23 17 23 29 35 26 21 30 37 40 46 40 36 35 36 40 28 19 5 15 20 25 24 
5 19 28 40 36 35 29 23 17 23 29 35 26 21 30 37 40 46 40 36 35 36 40 28 19 5 15 10 16 24 
5 19 28 40 36 35 29 23 17 23 29 35 26 21 30 37 40 46 40 36 35 26 21 30 37 40 43 33 20 25 24 
5 19 28 40 36 35 29 23 17 23 29 35 26 21 30 37 40 46 40 36 35 26 21 30 37 40 41 33 20 25 24 
5 19 28 40 36 35 29 23 17 23 29 35 26 21 30 37 40 46 40 36 35 26 21 30 37 40 41 33 20 15 10 16 24 
5 19 28 40 36 35 29 23 17 23 29 35 26 21 30 37 40 46 40 36 35 26 21 30 37 40 43 33 20 15 10 16 24 
5 19 28 40 36 35 29 23 17 23 29 35 26 21 30 37 40 46 40 37 30 21 26 35 36 40 43 33 20 25 24 
5 19 28 40 36 35 29 23 17 23 29 35 26 21 30 37 40 46 40 37 30 21 26 35 36 40 41 33 20 25 24 
5 19 28 40 36 35 29 23 17 23 29 35 26 21 30 37 40 46 40 37 30 21 26 35 36 40 43 33 20 15 10 16 24 
5 19 28 40 36 35 29 23 17 23 29 35 26 21 30 37 40 46 40 37 30 21 26 35 36 40 41 33 20 15 10 16 24 
5 19 28 40 36 35 29 23 17 23 29 35 26 21 30 37 40 46 40 37 30 21 26 35 36 40 28 19 5 15 20 25 24 
5 19 28 40 36 35 29 23 17 23 29 35 26 21 30 37 40 46 40 37 30 21 26 35 36 40 28 19 5 15 10 16 24 
5 19 28 40 36 35 29 23 17 23 29 35 26 21 30 37 40 46 40 37 30 21 26 35 26 21 30 37 40 43 33 20 25 24 
5 19 28 40 36 35 29 23 17 23 29 35 26 21 30 37 40 46 40 37 30 21 26 35 26 21 30 37 40 41 33 20 25 24 
5 19 28 40 36 35 29 23 17 23 29 35 26 21 30 37 40 46 40 37 30 21 26 35 26 21 30 37 40 41 33 20 15 10 16 24 
5 19 28 40 36 35 29 23 17 23 29 35 26 21 30 37 40 46 40 37 30 21 26 35 26 21 30 37 40 43 33 20 15 10 16 24 
---------------
Request id 9
1 8 7 12 17 23 29 35 36 40 46 40 36 35 29 23 17 9 13 32 39 
1 8 7 12 17 23 29 35 36 40 46 40 37 30 21 26 35 29 23 17 9 13 32 39 
1 8 7 12 17 23 29 35 36 40 46 40 36 35 29 23 17 12 7 8 1 2 3 9 13 32 39 
1 8 7 12 17 23 29 35 36 40 46 40 36 35 29 23 17 9 3 0 4 6 11 14 22 31 32 39 
1 8 7 12 17 23 29 35 36 40 46 40 37 30 21 26 35 29 23 17 12 7 8 1 2 3 9 13 32 39 
1 8 7 12 17 23 29 35 36 40 46 40 37 30 21 26 35 29 23 17 9 3 0 4 6 11 14 22 31 32 39 
1 8 7 12 17 23 29 35 36 40 46 40 36 35 29 23 17 12 7 8 1 2 3 0 4 6 11 14 22 31 32 39 
1 8 7 12 17 23 29 35 36 40 46 40 37 30 21 26 35 29 23 17 12 7 8 1 2 3 0 4 6 11 14 22 31 32 39 
1 2 3 9 17 23 29 35 36 40 46 40 36 35 29 23 17 9 13 32 39 
1 2 3 9 17 23 29 35 36 40 46 40 37 30 21 26 35 29 23 17 9 13 32 39 
1 2 3 9 17 23 29 35 36 40 46 40 36 35 29 23 17 12 7 8 1 2 3 9 13 32 39 
1 2 3 9 17 23 29 35 36 40 46 40 36 35 29 23 17 9 3 0 4 6 11 14 22 31 32 39 
1 2 3 9 17 23 29 35 36 40 46 40 37 30 21 26 35 29 23 17 12 7 8 1 2 3 9 13 32 39 
1 2 3 9 17 23 29 35 36 40 46 40 37 30 21 26 35 29 23 17 9 3 0 4 6 11 14 22 31 32 39 
1 2 3 9 17 23 29 35 36 40 46 40 36 35 29 23 17 12 7 8 1 2 3 0 4 6 11 14 22 31 32 39 
1 2 3 9 17 23 29 35 36 40 46 40 37 30 21 26 35 29 23 17 12 7 8 1 2 3 0 4 6 11 14 22 31 32 39 
1 8 7 12 17 23 29 35 26 21 30 37 40 46 40 36 35 29 23 17 9 13 32 39 
1 8 7 12 17 23 29 35 26 21 30 37 40 46 40 37 30 21 26 35 29 23 17 9 13 32 39 
1 8 7 12 17 23 29 35 26 21 30 37 40 46 40 36 35 29 23 17 12 7 8 1 2 3 9 13 32 39 
1 8 7 12 17 23 29 35 26 21 30 37 40 46 40 36 35 29 23 17 9 3 0 4 6 11 14 22 31 32 39 
1 8 7 12 17 23 29 35 26 21 30 37 40 46 40 37 30 21 26 35 29 23 17 12 7 8 1 2 3 9 13 32 39 
1 8 7 12 17 23 29 35 26 21 30 37 40 46 40 37 30 21 26 35 29 23 17 9 3 0 4 6 11 14 22 31 32 39 
1 8 7 12 17 23 29 35 26 21 30 37 40 46 40 36 35 29 23 17 12 7 8 1 2 3 0 4 6 11 14 22 31 32 39 
1 8 7 12 17 23 29 35 26 21 30 37 40 46 40 37 30 21 26 35 29 23 17 12 7 8 1 2 3 0 4 6 11 14 22 31 32 39 
1 2 3 9 17 23 29 35 26 21 30 37 40 46 40 36 35 29 23 17 9 13 32 39 
1 2 3 9 17 23 29 35 26 21 30 37 40 46 40 37 30 21 26 35 29 23 17 9 13 32 39 
1 2 3 9 17 23 29 35 26 21 30 37 40 46 40 36 35 29 23 17 12 7 8 1 2 3 9 13 32 39 
1 2 3 9 17 23 29 35 26 21 30 37 40 46 40 36 35 29 23 17 9 3 0 4 6 11 14 22 31 32 39 
1 2 3 9 17 23 29 35 26 21 30 37 40 46 40 37 30 21 26 35 29 23 17 12 7 8 1 2 3 9 13 32 39 
1 2 3 9 17 23 29 35 26 21 30 37 40 46 40 37 30 21 26 35 29 23 17 9 3 0 4 6 11 14 22 31 32 39 
1 2 3 9 17 23 29 35 26 21 30 37 40 46 40 36 35 29 23 17 12 7 8 1 2 3 0 4 6 11 14 22 31 32 39 
1 2 3 9 17 23 29 35 26 21 30 37 40 46 40 37 30 21 26 35 29 23 17 12 7 8 1 2 3 0 4 6 11 14 22 31 32 39 
1 2 3 0 4 6 11 14 22 31 32 13 9 17 23 29 35 36 40 46 40 36 35 29 23 17 9 13 32 39 
1 2 3 0 4 6 11 14 22 31 32 13 9 17 23 29 35 36 40 46 40 37 30 21 26 35 29 23 17 9 13 32 39 
1 2 3 0 4 6 11 14 22 31 32 13 9 17 23 29 35 36 40 46 40 36 35 29 23 17 12 7 8 1 2 3 9 13 32 39 
1 2 3 0 4 6 11 14 22 31 32 13 9 17 23 29 35 36 40 46 40 36 35 29 23 17 9 3 0 4 6 11 14 22 31 32 39 
1 2 3 0 4 6 11 14 22 31 32 13 9 17 23 29 35 36 40 46 40 37 30 21 26 35 29 23 17 12 7 8 1 2 3 9 13 32 39 
1 2 3 0 4 6 11 14 22 31 32 13 9 17 23 29 35 36 40 46 40 37 30 21 26 35 29 23 17 9 3 0 4 6 11 14 22 31 32 39 
1 2 3 0 4 6 11 14 22 31 32 13 9 17 23 29 35 36 40 46 40 36 35 29 23 17 12 7 8 1 2 3 0 4 6 11 14 22 31 32 39 
1 2 3 0 4 6 11 14 22 31 32 13 9 17 23 29 35 36 40 46 40 37 30 21 26 35 29 23 17 12 7 8 1 2 3 0 4 6 11 14 22 31 32 39 
---------------
Request id 17
10 15 20 33 43 40 46 49 56 75 72 73 
10 15 20 33 43 40 46 49 56 75 78 66 68 77 73 
10 15 20 33 43 40 46 49 56 75 56 49 46 50 52 55 58 60 62 67 63 68 77 73 
10 15 20 33 43 40 46 49 56 75 56 49 46 50 52 55 58 60 62 65 54 57 59 64 69 80 81 71 74 67 63 68 77 73 
10 15 20 33 43 40 46 49 56 75 56 49 46 50 52 55 58 60 62 65 54 57 59 64 69 80 81 82 84 83 74 67 63 68 77 73 
10 15 20 33 43 40 46 49 56 75 56 49 46 50 52 55 58 60 62 65 45 34 48 53 54 57 59 64 69 80 81 71 74 67 63 68 77 73 
10 15 20 33 43 40 46 49 56 75 56 49 46 50 52 55 58 60 62 65 45 34 48 53 54 57 59 64 69 80 81 82 84 83 74 67 63 68 77 73 
10 15 20 33 43 40 46 50 52 55 58 60 62 67 63 68 66 78 75 72 73 
10 15 20 33 43 40 46 50 52 55 58 60 62 67 63 68 66 78 75 78 66 68 77 73 
10 15 20 33 43 40 46 50 52 55 58 60 62 67 63 68 66 78 75 56 49 46 50 52 55 58 60 62 67 63 68 77 73 
10 15 20 33 43 40 46 50 52 55 58 60 62 67 63 68 66 78 75 56 49 46 50 52 55 58 60 62 65 54 57 59 64 69 80 81 71 74 67 63 68 77 73 
10 15 20 33 43 40 46 50 52 55 58 60 62 67 63 68 66 78 75 56 49 46 50 52 55 58 60 62 65 54 57 59 64 69 80 81 82 84 83 74 67 63 68 77 73 
10 15 20 33 43 40 46 50 52 55 58 60 62 67 63 68 66 78 75 56 49 46 50 52 55 58 60 62 65 45 34 48 53 54 57 59 64 69 80 81 71 74 67 63 68 77 73 
10 15 20 33 43 40 46 50 52 55 58 60 62 67 63 68 66 78 75 56 49 46 50 52 55 58 60 62 65 45 34 48 53 54 57 59 64 69 80 81 82 84 83 74 67 63 68 77 73 
10 15 20 33 43 40 46 50 52 55 58 60 62 67 63 68 77 73 72 75 72 73 
10 15 20 33 43 40 46 50 52 55 58 60 62 67 63 68 77 73 72 75 78 66 68 77 73 
10 15 20 33 43 40 46 50 52 55 58 60 62 67 63 68 77 73 72 75 56 49 46 50 52 55 58 60 62 67 63 68 77 73 
10 15 20 33 43 40 46 50 52 55 58 60 62 67 63 68 77 73 72 75 56 49 46 50 52 55 58 60 62 65 54 57 59 64 69 80 81 71 74 67 63 68 77 73 
10 15 20 33 43 40 46 50 52 55 58 60 62 67 63 68 77 73 72 75 56 49 46 50 52 55 58 60 62 65 54 57 59 64 69 80 81 82 84 83 74 67 63 68 77 73 
10 15 20 33 43 40 46 50 52 55 58 60 62 67 63 68 77 73 72 75 56 49 46 50 52 55 58 60 62 65 45 34 48 53 54 57 59 64 69 80 81 71 74 67 63 68 77 73 
10 15 20 33 43 40 46 50 52 55 58 60 62 67 63 68 77 73 72 75 56 49 46 50 52 55 58 60 62 65 45 34 48 53 54 57 59 64 69 80 81 82 84 83 74 67 63 68 77 73 
10 15 20 33 43 40 46 50 52 55 58 60 62 65 54 57 59 64 69 80 81 71 74 67 63 68 66 78 75 72 73 
10 15 20 33 43 40 46 50 52 55 58 60 62 65 54 57 59 64 69 80 81 71 74 67 63 68 66 78 75 78 66 68 77 73 
10 15 20 33 43 40 46 50 52 55 58 60 62 65 54 57 59 64 69 80 81 71 74 67 63 68 66 78 75 56 49 46 50 52 55 58 60 62 67 63 68 77 73 
10 15 20 33 43 40 46 50 52 55 58 60 62 65 54 57 59 64 69 80 81 71 74 67 63 68 66 78 75 56 49 46 50 52 55 58 60 62 65 54 57 59 64 69 80 81 71 74 67 63 68 77 73 
10 15 20 33 43 40 46 50 52 55 58 60 62 65 54 57 59 64 69 80 81 71 74 67 63 68 66 78 75 56 49 46 50 52 55 58 60 62 65 54 57 59 64 69 80 81 82 84 83 74 67 63 68 77 73 
10 15 20 33 43 40 46 50 52 55 58 60 62 65 54 57 59 64 69 80 81 71 74 67 63 68 66 78 75 56 49 46 50 52 55 58 60 62 65 45 34 48 53 54 57 59 64 69 80 81 71 74 67 63 68 77 73 
10 15 20 33 43 40 46 50 52 55 58 60 62 65 54 57 59 64 69 80 81 71 74 67 63 68 66 78 75 56 49 46 50 52 55 58 60 62 65 45 34 48 53 54 57 59 64 69 80 81 82 84 83 74 67 63 68 77 73 
10 15 20 33 43 40 46 50 52 55 58 60 62 65 54 57 59 64 69 80 81 71 74 67 63 68 77 73 72 75 72 73 
10 15 20 33 43 40 46 50 52 55 58 60 62 65 54 57 59 64 69 80 81 71 74 67 63 68 77 73 72 75 78 66 68 77 73 
10 15 20 33 43 40 46 50 52 55 58 60 62 65 54 57 59 64 69 80 81 71 74 67 63 68 77 73 72 75 56 49 46 50 52 55 58 60 62 67 63 68 77 73 
10 15 20 33 43 40 46 50 52 55 58 60 62 65 54 57 59 64 69 80 81 71 74 67 63 68 77 73 72 75 56 49 46 50 52 55 58 60 62 65 54 57 59 64 69 80 81 71 74 67 63 68 77 73 
10 15 20 33 43 40 46 50 52 55 58 60 62 65 54 57 59 64 69 80 81 71 74 67 63 68 77 73 72 75 56 49 46 50 52 55 58 60 62 65 54 57 59 64 69 80 81 82 84 83 74 67 63 68 77 73 
10 15 20 33 43 40 46 50 52 55 58 60 62 65 54 57 59 64 69 80 81 71 74 67 63 68 77 73 72 75 56 49 46 50 52 55 58 60 62 65 45 34 48 53 54 57 59 64 69 80 81 71 74 67 63 68 77 73 
10 15 20 33 43 40 46 50 52 55 58 60 62 65 54 57 59 64 69 80 81 71 74 67 63 68 77 73 72 75 56 49 46 50 52 55 58 60 62 65 45 34 48 53 54 57 59 64 69 80 81 82 84 83 74 67 63 68 77 73 
10 15 20 33 43 40 46 50 52 55 58 60 62 65 54 57 59 64 69 80 81 82 84 83 74 67 63 68 66 78 75 72 73 
10 15 20 33 43 40 46 50 52 55 58 60 62 65 54 57 59 64 69 80 81 82 84 83 74 67 63 68 66 78 75 78 66 68 77 73 
10 15 20 33 43 40 46 50 52 55 58 60 62 65 54 57 59 64 69 80 81 82 84 83 74 67 63 68 66 78 75 56 49 46 50 52 55 58 60 62 67 63 68 77 73 
10 15 20 33 43 40 46 50 52 55 58 60 62 65 54 57 59 64 69 80 81 82 84 83 74 67 63 68 66 78 75 56 49 46 50 52 55 58 60 62 65 54 57 59 64 69 80 81 71 74 67 63 68 77 73 
10 15 20 33 43 40 46 50 52 55 58 60 62 65 54 57 59 64 69 80 81 82 84 83 74 67 63 68 66 78 75 56 49 46 50 52 55 58 60 62 65 54 57 59 64 69 80 81 82 84 83 74 67 63 68 77 73 
---------------
Request id 12
60 62 67 74 83 85 87 85 83 74 67 62 60 58 55 52 50 46 40 41 33 41 40 46 50 52 55 58 60 62 67 74 71 81 80 69 79 86 93 
60 62 67 74 83 85 87 85 83 74 67 62 60 58 55 52 50 46 40 41 33 43 40 46 50 52 55 58 60 62 65 54 57 59 64 69 79 86 93 
60 62 67 74 83 85 87 85 83 74 67 62 60 58 55 52 50 46 40 41 33 41 40 46 50 52 55 58 60 62 65 54 57 59 64 69 79 86 93 
60 62 67 74 83 85 87 85 83 74 67 62 60 58 55 52 50 46 40 41 33 43 40 46 50 52 55 58 60 62 67 74 71 81 80 69 79 86 93 
60 62 67 74 83 85 87 85 83 74 67 62 60 58 55 52 50 46 40 41 33 41 40 46 49 56 75 78 66 68 63 67 74 71 81 80 69 79 86 93 
60 62 67 74 83 85 87 85 83 74 67 62 60 58 55 52 50 46 40 41 33 43 40 46 49 56 75 78 66 68 63 67 74 71 81 80 69 79 86 93 
60 62 67 74 83 85 87 85 83 74 67 62 60 58 55 52 50 46 40 41 33 43 40 46 50 52 55 58 60 62 67 74 71 81 80 69 79 76 70 86 93 
60 62 67 74 83 85 87 85 83 74 67 62 60 58 55 52 50 46 40 41 33 41 40 46 50 52 55 58 60 62 67 74 83 84 82 81 80 69 79 86 93 
60 62 67 74 83 85 87 85 83 74 67 62 60 58 55 52 50 46 40 41 33 41 40 46 49 56 75 72 73 77 68 63 67 74 71 81 80 69 79 86 93 
60 62 67 74 83 85 87 85 83 74 67 62 60 58 55 52 50 46 40 41 33 43 40 46 50 52 55 58 60 62 67 74 83 84 82 81 80 69 79 86 93 
60 62 67 74 83 85 87 85 83 74 67 62 60 58 55 52 50 46 40 43 33 41 40 46 50 52 55 58 60 62 67 74 71 81 80 69 79 86 93 
60 62 67 74 83 85 87 85 83 74 67 62 60 58 55 52 50 46 40 43 33 43 40 46 50 52 55 58 60 62 65 54 57 59 64 69 79 86 93 
60 62 67 74 83 85 87 85 83 74 67 62 60 58 55 52 50 46 40 43 33 41 40 46 50 52 55 58 60 62 65 54 57 59 64 69 79 86 93 
60 62 67 74 83 85 87 85 83 74 67 62 60 58 55 52 50 46 40 43 33 43 40 46 50 52 55 58 60 62 67 74 71 81 80 69 79 86 93 
60 62 67 74 83 85 87 85 83 74 67 62 60 58 55 52 50 46 40 43 33 41 40 46 49 56 75 78 66 68 63 67 74 71 81 80 69 79 86 93 
60 62 67 74 83 85 87 85 83 74 67 62 60 58 55 52 50 46 40 43 33 43 40 46 49 56 75 78 66 68 63 67 74 71 81 80 69 79 86 93 
60 62 67 74 83 85 87 85 83 74 67 62 60 58 55 52 50 46 40 43 33 43 40 46 50 52 55 58 60 62 67 74 71 81 80 69 79 76 70 86 93 
60 62 67 74 83 85 87 85 83 74 67 62 60 58 55 52 50 46 40 43 33 41 40 46 50 52 55 58 60 62 67 74 83 84 82 81 80 69 79 86 93 
60 62 67 74 83 85 87 85 83 74 67 62 60 58 55 52 50 46 40 43 33 41 40 46 49 56 75 72 73 77 68 63 67 74 71 81 80 69 79 86 93 
60 62 67 74 83 85 87 85 83 74 67 62 60 58 55 52 50 46 40 43 33 43 40 46 50 52 55 58 60 62 67 74 83 84 82 81 80 69 79 86 93 
60 62 67 74 83 85 87 85 83 74 67 63 68 66 78 75 56 49 46 40 41 33 41 40 46 50 52 55 58 60 62 67 74 71 81 80 69 79 86 93 
60 62 67 74 83 85 87 85 83 74 67 63 68 66 78 75 56 49 46 40 41 33 43 40 46 50 52 55 58 60 62 65 54 57 59 64 69 79 86 93 
60 62 67 74 83 85 87 85 83 74 67 63 68 66 78 75 56 49 46 40 41 33 41 40 46 50 52 55 58 60 62 65 54 57 59 64 69 79 86 93 
60 62 67 74 83 85 87 85 83 74 67 63 68 66 78 75 56 49 46 40 41 33 43 40 46 50 52 55 58 60 62 67 74 71 81 80 69 79 86 93 
60 62 67 74 83 85 87 85 83 74 67 63 68 66 78 75 56 49 46 40 41 33 41 40 46 49 56 75 78 66 68 63 67 74 71 81 80 69 79 86 93 
60 62 67 74 83 85 87 85 83 74 67 63 68 66 78 75 56 49 46 40 41 33 43 40 46 49 56 75 78 66 68 63 67 74 71 81 80 69 79 86 93 
60 62 67 74 83 85 87 85 83 74 67 63 68 66 78 75 56 49 46 40 41 33 43 40 46 50 52 55 58 60 62 67 74 71 81 80 69 79 76 70 86 93 
60 62 67 74 83 85 87 85 83 74 67 63 68 66 78 75 56 49 46 40 41 33 41 40 46 50 52 55 58 60 62 67 74 83 84 82 81 80 69 79 86 93 
60 62 67 74 83 85 87 85 83 74 67 63 68 66 78 75 56 49 46 40 41 33 41 40 46 49 56 75 72 73 77 68 63 67 74 71 81 80 69 79 86 93 
60 62 67 74 83 85 87 85 83 74 67 63 68 66 78 75 56 49 46 40 41 33 43 40 46 50 52 55 58 60 62 67 74 83 84 82 81 80 69 79 86 93 
60 62 67 74 83 85 87 85 83 74 67 63 68 66 78 75 56 49 46 40 43 33 41 40 46 50 52 55 58 60 62 67 74 71 81 80 69 79 86 93 
60 62 67 74 83 85 87 85 83 74 67 63 68 66 78 75 56 49 46 40 43 33 43 40 46 50 52 55 58 60 62 65 54 57 59 64 69 79 86 93 
60 62 67 74 83 85 87 85 83 74 67 63 68 66 78 75 56 49 46 40 43 33 41 40 46 50 52 55 58 60 62 65 54 57 59 64 69 79 86 93 
60 62 67 74 83 85 87 85 83 74 67 63 68 66 78 75 56 49 46 40 43 33 43 40 46 50 52 55 58 60 62 67 74 71 81 80 69 79 86 93 
60 62 67 74 83 85 87 85 83 74 67 63 68 66 78 75 56 49 46 40 43 33 41 40 46 49 56 75 78 66 68 63 67 74 71 81 80 69 79 86 93 
60 62 67 74 83 85 87 85 83 74 67 63 68 66 78 75 56 49 46 40 43 33 43 40 46 49 56 75 78 66 68 63 67 74 71 81 80 69 79 86 93 
60 62 67 74 83 85 87 85 83 74 67 63 68 66 78 75 56 49 46 40 43 33 43 40 46 50 52 55 58 60 62 67 74 71 81 80 69 79 76 70 86 93 
60 62 67 74 83 85 87 85 83 74 67 63 68 66 78 75 56 49 46 40 43 33 41 40 46 50 52 55 58 60 62 67 74 83 84 82 81 80 69 79 86 93 
60 62 67 74 83 85 87 85 83 74 67 63 68 66 78 75 56 49 46 40 43 33 41 40 46 49 56 75 72 73 77 68 63 67 74 71 81 80 69 79 86 93 
60 62 67 74 83 85 87 85 83 74 67 63 68 66 78 75 56 49 46 40 43 33 43 40 46 50 52 55 58 60 62 67 74 83 84 82 81 80 69 79 86 93 
---------------
