Request id 24
32 40 41 61 62 66 63 58 56 59 61 62 54 65 68 67 69 71 69 67 66 62 61 41 40 56 58 55 49 50 49 42 51 56 40 32 28 25 18 
32 40 39 38 42 51 56 59 61 62 66 67 69 71 69 67 66 62 61 59 56 51 42 49 50 49 42 51 56 40 39 33 30 24 16 18 
32 40 56 59 56 58 63 66 67 68 69 71 69 68 67 66 63 58 55 49 50 49 42 38 34 31 27 22 21 17 16 18 
32 40 56 59 61 41 46 54 65 68 67 69 71 69 68 67 66 63 58 56 51 42 49 50 49 42 38 39 33 30 24 16 18 
32 40 56 59 61 41 46 54 62 66 67 69 71 69 67 66 62 61 41 40 56 58 55 49 50 49 55 58 56 40 39 33 30 24 16 18 
32 40 56 58 63 66 62 61 59 61 41 46 54 62 66 67 69 71 69 68 65 54 62 61 59 56 58 55 49 50 53 52 47 43 34 31 27 24 16 18 
32 40 39 38 42 49 55 58 56 59 61 62 66 67 68 69 71 69 67 66 63 58 55 49 50 49 42 38 34 31 27 22 21 17 16 18 
32 40 41 46 54 62 66 63 58 56 59 61 41 46 54 65 68 67 69 71 69 68 65 54 62 61 59 56 58 55 49 50 53 52 47 43 34 31 27 24 16 18 
32 40 41 46 54 62 61 59 61 41 46 54 65 68 67 69 71 69 68 65 54 46 41 40 56 58 55 49 50 49 42 51 56 40 32 28 25 18 
32 40 39 38 42 51 56 59 61 62 66 67 69 71 69 67 66 63 58 55 49 50 53 52 47 43 34 31 27 24 16 18 
32 40 41 46 54 62 61 59 61 41 46 54 65 68 69 71 69 67 66 63 58 56 51 42 49 50 49 42 51 56 40 32 28 25 18 
32 28 26 23 24 30 33 39 40 56 59 61 62 54 65 68 67 69 71 69 68 65 54 62 61 59 56 58 55 49 50 49 42 51 56 40 32 28 25 18 
32 40 41 46 54 62 66 63 58 56 59 56 58 63 66 67 69 71 69 68 67 66 63 58 55 49 50 49 42 38 34 31 27 22 21 17 16 18 
32 40 56 58 63 66 62 61 59 56 40 41 61 62 66 67 69 71 69 67 66 62 61 59 56 51 42 49 50 49 42 51 56 40 39 33 30 24 16 18 
32 40 39 38 42 49 55 58 56 59 61 41 46 54 65 68 67 69 71 69 67 66 63 58 55 49 50 49 42 38 39 40 32 28 25 18 
32 40 56 59 61 62 54 65 68 69 71 69 68 65 54 46 41 40 56 58 55 49 50 49 42 38 34 31 27 24 16 18 
32 40 39 38 42 51 56 59 61 62 66 67 68 69 71 69 67 66 62 61 59 56 58 55 49 50 49 55 58 56 40 39 33 30 24 16 18 
32 40 39 38 42 49 55 58 56 59 61 41 46 54 65 68 69 71 69 67 66 62 61 59 56 51 42 49 50 49 42 38 34 31 27 24 16 18 
32 40 41 46 54 62 61 59 56 58 63 66 67 68 69 71 69 68 67 66 63 58 56 51 42 49 50 53 52 47 43 34 31 27 24 16 18 
32 40 41 61 62 66 63 58 56 59 56 40 41 61 62 66 67 69 71 69 67 66 62 61 59 56 51 42 49 50 49 42 38 34 31 27 24 16 11 13 18 
---------------
Request id 5
24 30 33 39 40 56 58 55 49 42 51 42 38 39 40 56 58 63 58 56 40 32 28 25 18 13 11 6 8 
24 27 31 34 38 42 51 56 59 61 62 66 63 58 56 40 39 33 30 24 20 17 16 11 6 8 
24 20 17 21 22 27 31 34 38 42 51 42 38 39 40 56 58 63 58 56 40 32 28 25 18 13 11 6 8 
24 27 31 34 38 39 40 56 51 56 40 41 46 54 62 66 63 58 56 40 32 28 25 18 13 11 6 8 
24 16 18 25 28 32 40 56 51 42 49 55 58 56 59 61 62 66 63 58 56 40 39 33 30 24 16 11 6 8 
24 23 26 28 32 40 39 38 42 51 56 40 41 61 62 66 63 58 56 40 39 33 30 24 16 11 6 8 
24 20 17 21 22 27 31 34 38 42 51 42 49 55 58 56 59 61 62 66 63 58 56 40 32 28 25 18 16 11 13 3 6 8 
24 30 33 39 40 56 58 55 49 42 51 56 40 41 46 54 62 66 63 58 56 40 39 33 30 24 16 11 12 10 8 
24 27 31 34 38 42 51 56 40 41 46 54 62 66 63 58 56 40 32 28 25 18 13 11 12 10 8 
24 30 33 39 38 42 51 56 58 63 58 56 40 32 28 25 18 13 3 6 8 
24 27 31 34 38 39 40 56 51 42 49 55 58 63 58 56 40 32 28 25 18 13 11 6 8 
24 27 31 34 38 42 51 56 58 63 58 56 40 32 28 25 18 13 11 6 8 
24 23 26 28 32 40 56 51 42 38 39 40 41 61 62 66 63 58 56 40 39 33 30 24 16 11 12 10 8 
24 23 26 28 32 40 56 51 56 58 63 58 56 40 32 28 25 18 13 11 12 10 8 
24 23 26 28 32 40 39 38 42 51 42 49 55 58 63 58 56 40 32 28 25 18 16 11 6 8 
24 16 18 25 28 32 40 56 51 56 40 41 46 54 62 66 63 58 56 40 32 28 25 18 13 3 6 8 
24 20 17 21 22 27 31 34 38 42 51 42 49 55 58 56 59 61 62 66 63 58 56 40 32 28 25 18 13 11 12 10 8 
24 27 31 34 38 39 40 56 51 42 49 55 58 63 58 56 40 39 33 30 24 16 11 6 8 
24 30 33 39 40 41 61 59 56 51 42 49 55 58 56 59 61 62 66 63 58 56 40 39 33 30 24 20 17 16 11 6 8 
24 16 18 25 28 32 40 56 51 42 38 39 40 56 58 63 58 56 40 32 28 25 18 13 11 6 8 
---------------
Request id 15
24 30 33 39 40 56 51 56 59 61 41 40 32 28 25 29 36 37 35 32 40 41 46 54 62 61 59 56 40 41 61 62 
24 30 33 39 38 42 51 56 40 41 46 48 44 45 37 36 37 35 32 40 41 46 54 62 61 59 56 58 63 66 62 
24 23 26 28 32 40 39 38 42 51 56 40 32 28 25 29 36 37 45 44 48 46 41 61 59 61 62 
24 27 31 34 38 42 51 56 59 61 41 40 32 35 37 36 37 45 44 48 46 41 61 59 61 41 46 54 62 
24 30 33 39 40 56 51 42 38 39 40 32 35 37 36 29 19 15 18 25 28 32 40 56 59 61 41 46 54 65 68 67 66 62 
24 16 18 25 28 32 40 56 51 56 40 32 28 25 29 36 37 35 32 40 41 61 59 56 58 63 66 62 
24 23 26 28 32 40 56 51 56 59 61 41 46 48 44 45 37 36 37 45 44 48 46 41 40 56 59 56 40 41 46 54 62 
24 27 31 34 38 42 51 56 59 61 41 46 48 44 45 37 36 29 25 28 32 40 41 61 59 61 41 40 56 58 63 66 62 
24 27 31 34 38 42 51 56 59 61 41 40 32 35 37 36 29 25 28 32 40 41 61 59 61 62 
24 27 31 34 38 42 51 56 40 32 35 37 36 37 45 44 48 46 41 61 59 56 58 63 66 67 68 65 54 62 
24 30 33 39 38 42 49 55 58 56 51 56 59 61 41 40 32 35 37 36 37 45 44 48 46 41 40 56 59 56 40 41 46 54 62 
24 30 33 39 38 42 49 55 58 56 51 56 59 61 41 40 32 28 25 29 36 29 25 28 32 40 41 61 59 61 62 
24 27 31 34 38 42 51 56 40 32 28 25 18 15 19 29 36 29 25 28 32 40 41 61 59 61 41 40 56 58 63 66 62 
24 30 33 39 38 42 49 55 58 56 51 56 59 61 41 46 48 44 45 37 36 37 45 44 48 46 54 62 61 59 61 41 40 56 58 63 66 62 
24 16 18 25 28 32 40 56 51 56 40 32 28 25 18 15 19 29 36 37 45 44 48 46 41 40 56 59 56 40 41 46 54 62 
24 30 33 39 40 56 51 56 59 61 41 46 48 44 45 37 36 37 35 32 40 56 59 56 40 41 61 62 
24 23 26 28 32 40 39 38 42 51 56 59 61 41 40 32 35 37 36 37 35 32 40 39 38 42 51 56 59 61 41 40 56 58 63 66 62 
24 16 18 25 28 32 40 39 38 42 51 56 59 61 41 40 32 28 25 29 36 29 19 15 18 25 28 32 40 56 59 56 40 41 61 62 
24 23 26 28 32 40 56 51 42 38 39 40 32 28 25 29 36 37 35 32 40 41 61 59 61 41 46 54 62 
24 16 18 25 28 32 40 56 51 56 59 61 41 40 32 35 37 36 37 35 32 40 41 61 59 56 40 41 61 62 
---------------
Request id 22
7 4 1 3 6 11 16 24 27 31 34 38 39 40 41 61 62 66 63 58 56 59 61 62 54 65 68 69 71 69 68 65 54 46 48 
7 8 6 3 13 18 16 24 27 31 34 38 39 40 56 59 61 62 66 63 66 62 54 65 68 67 69 71 69 67 68 65 54 46 48 
7 4 1 3 6 11 16 24 27 31 27 24 30 33 39 40 56 58 63 66 62 61 41 46 54 65 68 69 71 69 68 67 66 62 54 46 48 
7 8 6 3 13 18 16 24 27 31 34 38 42 51 56 59 61 62 66 63 58 56 40 41 46 54 65 68 69 71 69 68 67 66 62 54 46 48 
7 8 10 12 11 16 24 27 31 34 38 39 40 41 46 54 62 66 63 66 67 69 71 69 68 67 66 62 54 46 48 
7 8 6 11 13 18 16 24 27 31 34 38 42 51 56 58 63 58 56 40 41 46 54 65 68 69 71 69 68 65 64 60 57 48 
7 8 6 3 13 11 16 24 27 31 34 38 39 40 41 46 54 62 66 63 58 56 59 61 62 66 67 69 71 69 68 67 66 62 61 41 46 48 
7 8 6 11 16 24 27 31 34 38 42 51 56 58 63 58 56 59 61 62 54 65 68 69 71 69 67 68 65 64 60 57 48 
7 8 6 11 16 17 20 24 27 31 27 24 30 33 39 40 56 58 63 66 62 54 65 64 70 74 73 72 71 72 73 74 70 64 60 57 48 
7 4 1 3 13 11 16 24 27 31 34 38 39 40 56 59 61 62 66 63 66 62 54 65 68 69 71 69 67 66 62 61 41 46 48 
7 4 1 3 13 11 16 24 27 31 34 38 42 51 56 59 61 62 66 63 58 56 40 41 46 54 65 68 69 71 69 68 67 66 62 61 41 46 48 
7 8 10 12 11 16 24 27 31 27 24 30 33 39 40 56 58 63 58 56 59 61 62 54 65 68 69 71 69 68 67 66 62 61 41 46 48 
7 8 6 11 16 24 27 31 34 38 42 49 55 58 63 66 67 68 69 71 69 67 68 65 64 60 57 48 
7 4 1 3 6 11 16 24 27 31 34 38 39 40 41 61 59 56 58 63 58 56 40 41 46 54 65 68 69 71 69 68 65 64 60 57 48 
7 8 6 3 13 11 16 24 27 31 34 38 39 40 56 58 63 58 56 59 61 62 66 67 69 71 69 67 66 62 54 46 48 
7 8 6 3 13 11 16 24 27 31 34 43 47 52 53 50 49 55 58 63 66 62 61 41 46 54 65 68 69 71 69 67 66 62 61 41 46 48 
7 4 1 3 6 11 16 24 27 31 34 38 39 40 41 61 62 66 63 58 56 59 61 62 66 67 69 71 69 68 65 64 60 57 48 
7 8 6 11 16 17 21 22 27 31 34 38 42 49 55 58 63 66 67 68 69 71 69 68 65 54 46 48 
7 8 6 3 13 11 16 24 27 31 34 43 47 52 53 50 49 55 58 63 66 62 54 65 68 69 71 72 73 74 70 64 65 54 46 48 
7 8 6 11 13 18 16 24 27 31 27 24 30 33 39 40 56 58 63 58 56 40 41 46 54 65 68 69 71 69 68 65 64 60 57 48 
---------------
Request id 18
67 69 68 65 54 46 41 61 59 61 41 40 39 38 34 43 47 52 47 43 34 31 27 24 16 18 15 19 29 
67 68 65 54 46 41 61 59 61 41 40 56 51 42 49 50 53 52 47 43 34 38 39 40 32 35 37 36 29 
67 68 65 54 46 41 61 59 56 58 55 49 50 53 52 53 50 49 42 51 56 40 32 28 25 29 
67 66 63 58 56 59 56 51 42 49 50 53 52 53 50 49 42 38 39 40 32 28 25 29 
67 66 62 54 46 41 61 59 56 40 39 38 34 43 47 52 47 43 34 38 39 40 32 28 25 29 
67 68 65 54 46 41 61 59 61 41 40 56 58 55 49 50 53 52 53 50 49 42 38 39 40 32 28 25 29 
67 68 65 54 46 41 61 59 61 41 40 56 58 55 49 50 53 52 47 43 34 31 27 24 23 26 28 25 29 
67 66 62 54 46 41 61 59 56 51 42 38 34 43 47 52 53 50 49 42 51 56 40 32 28 25 29 
67 66 62 54 46 41 61 59 61 62 66 63 58 55 49 50 53 52 53 50 49 42 51 56 40 32 28 25 29 
67 68 65 54 46 41 61 59 61 41 40 39 38 34 43 47 52 53 50 49 42 38 39 40 32 28 25 29 
67 68 65 54 62 61 59 56 40 39 38 34 43 47 52 47 43 34 31 27 24 16 18 25 29 
67 66 62 54 46 41 40 56 59 61 41 40 56 51 42 49 50 53 52 53 50 49 42 51 56 40 32 28 25 29 
67 69 68 65 54 46 41 61 59 61 41 40 56 58 55 49 50 53 52 47 43 34 31 27 24 16 18 25 29 
67 66 62 61 41 40 56 59 56 40 39 38 34 43 47 52 53 50 49 55 58 56 40 32 28 25 29 
67 68 65 54 46 41 61 59 56 40 39 38 42 49 50 53 52 47 43 34 31 27 24 16 18 25 29 
67 69 68 65 54 62 61 59 61 41 40 39 38 34 43 47 52 47 43 34 31 27 24 16 18 15 19 29 
67 66 63 58 56 40 41 61 59 61 41 40 56 51 42 49 50 53 52 47 43 34 38 39 33 30 24 16 18 25 29 
67 69 68 65 54 46 41 61 59 61 41 40 56 51 42 49 50 53 52 47 43 34 38 39 40 32 35 37 36 29 
67 66 62 54 46 41 61 59 56 51 42 38 34 43 47 52 47 43 34 31 27 24 23 26 28 25 29 
67 69 68 65 54 62 61 59 56 40 39 38 42 49 50 53 52 53 50 49 42 51 56 40 32 28 25 29 
---------------
Request id 20
22 21 17 16 11 13 18 25 29 36 37 35 32 28 26 23 24 27 31 34 43 47 43 34 31 27 24 23 26 28 25 18 16 
22 21 17 16 11 13 18 25 29 36 29 25 18 13 11 16 24 27 31 34 43 47 43 34 31 27 22 21 17 16 
22 21 17 16 18 15 19 29 36 37 45 44 48 46 41 40 39 38 34 43 47 43 34 31 27 24 16 
22 27 24 16 11 13 18 25 29 36 29 25 28 26 23 24 27 31 34 43 47 43 34 31 27 24 20 17 14 12 11 16 
22 21 17 20 24 16 18 25 29 36 29 25 18 16 24 27 31 34 43 47 43 34 38 39 33 30 24 20 17 16 
22 27 24 23 26 28 25 29 36 37 35 32 40 39 38 34 43 47 43 34 31 27 22 21 17 16 
22 21 17 16 18 25 29 36 29 25 18 13 11 16 24 27 31 34 43 47 43 34 31 27 24 23 26 28 25 18 16 
22 27 24 23 26 28 32 35 37 36 37 45 44 48 46 41 40 39 38 34 43 47 43 34 31 27 24 16 
22 27 24 23 26 28 32 35 37 36 29 25 28 26 23 24 27 31 34 43 47 43 34 31 27 22 21 17 20 24 16 
22 21 17 20 24 16 18 25 29 36 29 25 28 26 23 24 27 31 34 43 47 43 34 31 27 22 21 17 16 
22 21 17 16 18 15 19 29 36 29 19 15 18 16 24 27 31 34 43 47 43 34 31 27 24 23 26 28 25 18 16 
22 27 24 16 18 15 19 29 36 37 35 32 40 39 38 34 43 47 43 34 31 27 22 21 17 20 24 16 
22 27 24 20 17 16 18 25 29 36 29 25 28 26 23 24 27 31 34 43 47 43 34 31 27 22 21 17 16 
22 21 17 16 11 13 18 25 29 36 37 35 32 40 39 38 34 43 47 43 34 31 27 22 21 17 16 
22 21 17 20 24 16 18 25 29 36 37 35 32 28 26 23 24 27 31 34 43 47 43 34 31 27 24 20 17 14 12 11 16 
22 21 17 16 11 13 18 25 29 36 29 25 28 26 23 24 27 31 34 43 47 43 34 38 39 33 30 24 16 
22 27 24 20 17 16 18 25 29 36 29 25 18 16 24 27 31 34 43 47 43 34 38 39 40 32 28 25 18 16 
22 27 24 16 18 15 19 29 36 29 19 15 18 16 24 27 31 34 43 47 52 53 50 49 42 38 34 31 27 24 16 
22 21 17 16 18 15 19 29 36 29 19 15 18 16 24 27 31 34 43 47 43 34 31 27 24 16 
22 21 17 20 24 16 18 25 29 36 29 25 28 32 40 39 38 34 43 47 52 53 50 49 42 38 34 31 27 24 16 
---------------
Request id 6
17 20 24 30 33 39 38 42 51 56 58 63 58 56 40 41 61 62 66 67 69 71 69 67 66 62 61 59 56 51 42 38 
17 20 24 30 33 39 40 56 58 63 58 56 59 61 62 54 65 68 69 71 69 68 65 54 62 61 41 40 39 38 
17 16 24 23 26 28 32 40 56 58 63 58 56 59 61 62 66 67 69 71 69 67 66 63 58 56 40 39 38 
17 20 24 23 26 28 32 40 56 58 63 58 56 59 61 62 54 65 68 69 71 69 68 65 54 62 61 41 40 39 38 
17 16 24 23 26 28 32 40 56 58 63 58 56 59 61 62 54 65 68 69 71 69 67 68 65 54 46 41 40 39 38 
17 16 18 25 28 32 40 56 58 63 58 56 40 41 61 62 66 67 69 71 69 67 66 63 58 56 40 39 38 
17 16 18 25 28 32 40 41 61 62 66 63 66 67 69 71 69 67 68 65 54 46 41 40 39 38 
17 16 24 30 33 39 40 56 58 63 66 62 54 65 64 70 74 73 72 71 69 67 66 63 58 55 49 42 38 
17 20 24 23 26 28 32 40 56 58 63 66 62 54 65 68 69 71 69 67 66 63 58 56 51 42 38 
17 16 18 25 28 32 40 56 58 63 66 62 54 65 68 67 69 71 69 67 66 62 54 46 41 40 39 38 
17 20 24 23 26 28 32 40 56 58 63 66 62 54 65 68 69 71 69 67 68 65 54 46 41 40 39 38 
17 16 24 23 26 28 32 40 56 58 63 66 62 54 65 68 67 69 71 69 68 67 66 63 58 56 51 42 38 
17 20 24 30 33 39 40 56 58 63 66 67 68 69 71 69 67 66 63 58 56 51 42 38 
17 21 22 27 24 30 33 39 40 56 58 63 66 62 54 65 68 67 69 71 69 67 66 62 54 46 41 40 39 38 
17 20 24 30 33 39 40 56 58 63 58 56 59 61 62 54 65 68 69 71 69 68 67 66 63 58 56 51 42 38 
17 16 24 30 33 39 40 56 58 63 66 67 69 71 69 68 65 54 62 61 41 40 39 38 
17 16 24 30 33 39 40 56 58 63 66 62 54 65 68 67 69 71 69 68 67 66 63 58 56 51 42 38 
17 20 24 23 26 28 32 40 56 58 63 66 67 68 69 71 69 67 66 63 58 56 40 39 38 
17 16 18 25 28 32 40 56 58 63 66 67 69 71 69 67 68 65 54 46 41 40 39 38 
17 16 24 30 33 39 40 56 58 63 66 62 54 65 68 69 71 69 67 66 62 54 46 41 40 39 38 
---------------
Request id 28
17 16 24 30 33 39 40 41 61 62 54 65 64 70 64 65 54 62 61 41 40 32 35 37 36 29 25 18 15 9 
17 16 24 23 26 28 32 40 41 46 54 65 64 70 64 65 54 46 48 44 45 37 36 29 25 18 16 11 13 0 2 9 
17 20 24 23 26 28 32 40 41 46 54 65 64 70 64 65 54 62 61 41 40 32 28 25 29 36 29 25 18 13 3 5 0 2 9 
17 16 18 25 28 32 40 41 61 62 54 65 64 70 64 65 54 62 61 41 46 48 44 45 37 36 29 19 15 18 13 0 2 9 
17 16 18 25 28 32 40 41 46 54 65 64 70 64 60 57 48 44 45 37 36 37 35 32 28 25 18 15 9 
17 16 18 25 29 36 37 45 44 48 57 60 64 70 64 65 54 62 61 41 46 48 44 45 37 36 29 25 18 15 9 
17 20 24 30 33 39 40 41 46 48 57 60 64 70 64 65 54 46 41 40 32 28 25 29 36 29 19 15 18 13 0 2 9 
17 20 24 30 33 39 40 41 46 54 65 64 70 64 65 54 62 61 59 56 40 32 35 37 36 29 25 18 16 11 13 0 2 9 
17 20 24 30 33 39 40 41 46 48 57 60 64 70 64 65 54 46 41 40 32 35 37 36 29 25 18 15 9 
17 16 18 25 28 32 40 41 46 54 65 64 70 64 60 57 48 46 41 40 32 28 25 29 36 29 25 18 15 9 
17 16 18 25 28 32 40 41 46 48 57 60 64 70 64 65 54 62 61 59 56 40 32 35 37 36 29 25 18 13 3 5 0 2 9 
17 20 24 23 26 28 32 40 41 46 54 65 64 70 64 65 54 46 41 40 32 28 25 29 36 29 25 28 26 23 24 16 18 15 9 
17 16 18 25 28 32 40 41 46 54 65 64 70 64 60 57 48 46 41 40 32 28 25 29 36 37 35 32 28 25 18 13 0 2 9 
17 16 18 25 28 32 40 41 46 48 57 60 64 70 64 60 57 48 46 41 40 32 28 25 29 36 29 19 15 18 13 0 2 9 
17 20 24 30 33 39 40 41 46 48 57 60 64 70 64 65 54 46 48 44 45 37 36 29 25 18 15 9 
17 16 18 25 28 32 40 41 46 54 65 64 70 64 65 54 62 61 41 40 32 28 25 29 36 37 35 32 28 25 29 19 15 9 
17 20 24 30 33 39 40 41 46 48 57 60 64 70 64 65 54 62 61 41 40 32 28 25 29 36 29 19 15 9 
17 20 24 23 26 28 32 40 41 46 54 65 64 70 64 60 57 48 44 45 37 36 29 25 18 16 11 13 0 2 9 
17 16 18 25 29 36 37 45 44 48 57 60 64 70 64 65 54 62 61 41 40 32 28 25 29 36 37 35 32 28 25 18 13 0 2 9 
17 16 18 25 28 32 40 41 46 54 65 64 70 64 65 54 62 61 41 40 32 35 37 36 37 35 32 28 25 29 19 15 9 
---------------
Request id 8
25 28 32 40 41 61 59 56 51 42 49 50 49 55 58 56 40 41 46 48 44 45 37 36 29 25 18 16 24 30 33 39 38 42 49 50 49 55 58 56 40 41 61 62 
25 28 26 23 24 30 33 39 38 42 49 50 49 42 51 56 40 41 46 48 44 45 37 36 37 35 32 40 56 58 55 49 50 49 55 58 56 40 41 46 54 62 
25 28 26 23 24 30 33 39 38 42 49 50 49 42 51 56 40 41 46 48 44 45 37 36 29 25 28 32 40 56 58 55 49 50 49 42 38 39 40 56 59 61 62 
25 29 36 37 35 32 40 39 38 42 49 50 49 42 51 56 40 32 28 25 29 36 29 25 28 32 40 56 58 55 49 50 49 55 58 56 40 41 46 54 62 
25 29 36 37 35 32 40 39 38 42 49 50 49 42 51 56 40 32 28 25 29 36 37 35 32 40 56 58 55 49 50 49 55 58 63 66 62 
25 18 16 24 30 33 39 38 42 49 50 49 55 58 56 59 61 41 40 32 35 37 36 37 35 32 40 56 58 55 49 50 49 55 58 56 40 41 61 62 
25 29 36 37 35 32 40 39 38 42 49 50 49 42 51 56 59 61 41 40 32 35 37 36 29 25 28 32 40 39 38 42 49 50 49 55 58 56 59 61 62 
25 18 16 24 27 31 34 43 47 52 53 50 49 42 38 39 40 32 35 37 36 29 25 28 32 40 56 58 55 49 50 49 55 58 56 40 41 61 62 
25 28 26 23 24 30 33 39 38 42 49 50 49 55 58 56 59 61 41 40 32 35 37 36 29 25 28 32 40 56 58 55 49 50 49 55 58 56 59 61 62 
25 28 32 40 39 38 42 49 50 49 42 51 56 40 32 35 37 36 29 25 18 16 24 27 31 34 38 42 49 50 49 55 58 56 59 61 62 
25 18 16 24 27 31 34 43 47 52 53 50 49 42 51 56 40 32 35 37 36 29 25 18 16 24 27 31 34 38 42 49 50 49 42 38 39 40 56 59 61 62 
25 18 16 24 30 33 39 38 42 49 50 49 42 51 56 40 41 46 48 44 45 37 36 37 35 32 40 41 61 59 56 51 42 49 50 49 42 38 39 40 56 59 61 62 
25 28 32 40 41 61 59 56 58 55 49 50 49 42 51 56 59 61 41 40 32 35 37 36 37 35 32 40 56 51 42 49 50 49 42 51 56 40 41 46 54 62 
25 28 32 40 41 61 59 56 51 42 49 50 49 42 51 56 40 32 28 25 29 36 37 35 32 40 41 61 59 56 58 55 49 50 49 55 58 63 66 62 
25 28 26 23 24 30 33 39 38 42 49 50 49 42 51 56 40 32 35 37 36 37 35 32 40 41 61 59 56 51 42 49 50 49 42 38 39 40 56 59 61 62 
25 28 32 40 39 38 42 49 50 49 55 58 56 40 41 46 48 44 45 37 36 29 25 28 32 40 56 51 42 49 50 49 42 51 56 40 41 61 62 
25 28 32 40 41 61 59 56 58 55 49 50 49 42 51 56 59 61 41 40 32 35 37 36 37 35 32 40 41 61 59 56 58 55 49 50 49 42 51 56 40 41 46 54 62 
25 28 32 40 41 61 59 56 58 55 49 50 49 42 51 56 40 41 46 48 44 45 37 36 37 35 32 40 41 61 59 56 58 55 49 50 49 55 58 56 59 61 62 
25 28 32 40 56 58 55 49 50 49 42 38 39 40 32 35 37 36 37 35 32 40 41 61 59 56 51 42 49 50 49 42 38 39 40 56 59 61 62 
25 18 16 24 30 33 39 38 42 49 50 49 55 58 56 40 41 46 48 44 45 37 36 37 35 32 40 39 38 42 49 50 49 55 58 56 40 41 46 54 62 
---------------
Request id 13
6 11 16 24 30 33 39 40 56 51 56 59 61 41 40 39 38 42 49 
6 11 16 24 30 33 39 40 56 51 56 58 55 49 
6 3 13 18 25 28 32 40 56 51 56 40 41 46 54 62 66 63 58 55 49 
6 11 16 24 30 33 39 40 56 51 42 38 39 40 56 58 55 49 
6 11 16 24 23 26 28 32 40 56 51 42 38 39 40 41 61 59 56 58 55 49 
6 3 13 18 25 28 32 40 56 51 56 58 55 49 
6 11 16 24 23 26 28 32 40 56 51 56 40 41 46 54 62 66 63 58 55 49 
6 11 16 24 30 33 39 38 42 51 42 49 
6 3 13 18 25 28 32 40 56 51 56 59 61 62 66 63 58 55 49 
6 11 16 24 30 33 39 40 56 51 42 38 39 40 41 61 59 56 58 55 49 
6 11 16 24 30 33 39 40 56 51 56 59 61 62 66 63 58 55 49 
6 11 13 18 16 24 30 33 39 40 56 51 42 38 39 40 56 58 55 49 
6 11 13 18 16 24 30 33 39 40 56 51 42 38 39 40 41 61 59 56 58 55 49 
6 11 16 24 23 26 28 32 40 56 51 56 58 55 49 
6 11 16 24 23 26 28 32 40 56 51 56 40 41 61 62 66 63 58 55 49 
6 11 16 18 25 28 32 40 56 51 56 59 61 41 40 39 38 42 49 
6 11 16 24 27 31 34 38 39 40 56 51 42 38 34 43 47 52 53 50 49 
6 11 16 17 20 24 30 33 39 38 42 51 56 40 41 46 54 62 66 63 58 55 49 
6 11 16 24 27 31 34 38 39 40 56 51 56 59 61 41 40 39 38 42 49 
6 11 16 24 27 31 34 38 39 40 56 51 56 40 41 61 62 66 63 58 55 49 
---------------
Request id 9
7 8 6 3 13 18 25 28 32 40 41 46 48 57 60 64 70 64 65 68 67 66 62 61 41 40 39 
7 8 6 11 13 18 25 28 32 40 41 61 62 54 65 64 70 64 65 54 62 61 41 40 39 
7 8 6 11 13 18 25 28 32 40 41 46 54 65 64 70 64 65 54 46 41 40 56 51 42 38 39 
7 8 6 3 13 18 25 28 32 40 41 46 48 57 60 64 70 64 60 57 48 44 45 37 35 32 40 39 
7 8 10 12 11 13 18 25 28 32 40 41 46 54 65 64 70 64 65 54 62 61 41 40 39 
7 8 6 11 13 18 25 28 32 40 41 46 48 57 60 64 70 64 60 57 48 44 45 37 35 32 40 39 
7 8 6 11 16 18 25 28 32 40 41 46 54 65 64 70 64 60 57 48 44 45 37 35 32 40 39 
7 8 6 11 16 18 25 28 32 40 41 46 54 65 64 70 64 65 54 46 41 40 56 51 42 38 39 
7 8 10 12 11 13 18 25 28 32 40 41 46 54 65 64 70 64 65 54 62 61 59 56 40 39 
7 8 6 11 13 18 25 28 32 40 41 61 62 54 65 64 70 64 65 54 46 41 40 39 
7 8 6 3 13 18 25 28 32 40 41 61 62 54 65 64 70 64 65 54 62 61 59 56 40 39 
7 8 6 3 13 18 25 28 32 40 41 46 48 57 60 64 70 64 65 54 46 41 40 39 
7 8 6 3 13 18 25 28 32 40 41 61 62 54 65 64 70 64 60 57 48 44 45 37 35 32 40 39 
7 4 1 3 13 18 25 28 32 40 41 46 54 65 64 70 64 65 54 46 41 40 39 
7 8 6 3 13 18 25 28 32 40 41 46 48 57 60 64 70 64 65 54 62 66 63 58 56 40 39 
7 8 6 11 13 18 25 28 32 40 41 46 48 57 60 64 70 64 65 68 67 66 63 58 56 40 39 
7 8 6 3 13 18 25 28 32 40 41 61 62 54 65 64 70 64 65 54 62 66 63 58 56 40 39 
7 8 6 11 16 18 25 28 32 40 41 46 54 65 64 70 64 65 54 62 61 59 56 40 39 
7 8 6 3 13 18 25 28 32 40 41 61 62 54 65 64 70 64 65 68 67 66 63 58 56 40 39 
7 8 6 3 13 18 25 28 32 40 41 46 48 57 60 64 70 64 65 54 46 41 61 59 56 40 39 
---------------
Request id 14
65 54 46 41 40 39 38 42 49 50 49 42 38 34 31 27 24 16 18 25 29 36 37 35 32 40 41 46 48 57 48 46 41 40 32 28 25 18 16 11 6 3 1 
65 54 46 41 40 56 58 55 49 50 49 55 58 56 40 32 35 37 36 37 35 32 40 41 46 48 57 48 44 45 37 36 29 25 18 13 3 1 
65 54 62 61 41 40 56 58 55 49 50 49 55 58 56 40 41 46 48 44 45 37 36 29 25 28 32 40 56 59 61 41 46 48 57 48 44 45 37 35 32 28 25 18 13 3 1 
65 54 46 41 40 56 58 55 49 50 49 42 51 56 40 32 35 37 36 37 45 44 48 57 48 44 45 37 36 29 25 18 13 0 5 3 1 
65 54 62 61 59 56 58 55 49 50 49 55 58 56 40 32 28 25 29 36 37 35 32 40 41 46 48 57 48 44 45 37 36 29 19 15 18 13 3 1 
65 54 62 61 59 56 51 42 49 50 49 42 38 39 40 32 35 37 36 37 35 32 40 41 46 54 65 64 60 57 48 44 45 37 36 29 25 18 13 0 5 3 1 
65 54 62 66 63 58 56 51 42 49 50 49 42 51 56 40 32 35 37 36 29 25 28 32 40 41 46 48 57 48 44 45 37 36 29 25 18 13 11 6 3 1 
65 54 62 61 59 56 51 42 49 50 49 55 58 56 59 61 41 40 32 35 37 36 37 35 32 40 41 46 54 65 64 60 57 48 44 45 37 35 32 28 25 18 13 3 1 
65 54 62 66 63 58 56 51 42 49 50 49 42 51 56 40 32 28 25 29 36 37 35 32 40 41 61 62 54 46 48 57 48 46 41 40 32 28 25 18 13 0 5 3 1 
65 54 62 66 63 58 55 49 50 49 55 58 56 59 61 41 40 32 35 37 36 37 35 32 40 56 59 61 41 46 48 57 48 44 45 37 36 29 25 18 13 11 6 3 1 
65 54 62 61 41 40 56 58 55 49 50 49 42 38 39 33 30 24 16 18 25 29 36 37 35 32 40 56 59 61 41 46 48 57 48 44 45 37 36 29 25 18 13 11 6 3 1 
65 54 46 41 40 39 38 42 49 50 49 42 38 39 40 32 35 37 36 29 25 28 32 35 37 45 44 48 57 48 46 41 40 32 28 25 18 13 3 1 
65 54 62 61 59 56 58 55 49 50 49 42 38 39 40 32 35 37 36 37 35 32 40 41 61 62 54 46 48 57 48 44 45 37 35 32 28 25 18 13 3 1 
65 68 67 66 63 58 55 49 50 49 55 58 56 59 61 41 40 32 35 37 36 29 25 28 32 40 41 46 48 57 48 44 45 37 36 29 25 18 16 11 13 3 1 
65 54 62 66 63 58 55 49 50 49 42 51 56 40 32 35 37 36 29 25 28 32 40 41 46 48 57 48 46 41 40 32 28 25 18 13 0 5 3 1 
65 54 46 41 40 39 38 42 49 50 49 55 58 56 59 61 41 40 32 35 37 36 37 45 44 48 57 48 44 45 37 36 29 25 18 13 3 1 
65 54 46 41 40 39 38 42 49 50 49 42 51 56 40 32 28 25 29 36 37 45 44 48 46 54 65 64 60 57 48 44 45 37 35 32 28 25 18 13 3 1 
65 54 62 61 59 56 51 42 49 50 49 42 38 39 40 32 28 25 29 36 37 45 44 48 57 48 44 45 37 36 29 25 18 16 11 13 3 1 
65 54 62 61 41 40 56 58 55 49 50 49 42 51 56 40 32 28 25 29 36 29 25 28 32 40 56 59 61 41 46 48 57 48 46 41 40 32 28 25 18 13 3 1 
65 68 67 66 63 58 55 49 50 49 55 58 56 40 32 35 37 36 37 45 44 48 57 48 44 45 37 36 29 25 18 13 11 6 3 1 
---------------
Request id 12
32 40 41 61 59 56 58 63 66 62 61 41 40 56 51 42 49 50 49 42 38 34 31 27 24 16 11 6 3 
32 40 41 46 54 65 68 67 66 63 66 62 61 41 40 56 51 42 49 50 49 55 58 56 40 32 28 25 18 13 3 
32 40 56 58 63 66 62 61 41 40 56 51 42 49 50 49 42 51 56 40 32 28 25 18 13 3 
32 40 56 59 61 62 66 63 58 56 40 39 38 42 49 50 49 42 51 56 40 32 28 25 18 13 3 
32 40 41 46 54 65 68 67 66 63 66 62 61 59 56 58 55 49 50 49 42 38 39 33 30 24 16 11 6 3 
32 40 41 46 54 62 66 63 58 56 51 42 49 50 49 42 38 34 31 27 24 16 11 6 3 
32 40 56 51 42 49 55 58 63 66 62 61 41 40 56 58 55 49 50 49 42 38 39 33 30 24 16 11 6 3 
32 40 41 46 54 62 66 63 66 62 61 41 40 56 51 42 49 50 49 42 38 34 31 27 24 16 18 13 3 
32 40 41 46 54 65 68 67 66 63 66 62 61 59 56 58 55 49 50 53 52 47 43 34 31 27 24 16 11 13 3 
32 40 41 46 54 65 68 67 66 63 66 62 61 59 56 40 39 38 42 49 50 49 42 38 39 33 30 24 16 11 13 3 
32 40 56 59 61 62 66 63 66 62 54 46 41 40 56 58 55 49 50 49 42 38 39 33 30 24 16 11 13 3 
32 40 41 46 54 65 68 67 66 63 66 62 61 41 40 56 51 42 49 50 49 42 38 39 33 30 24 16 11 6 3 
32 40 39 38 42 51 56 58 63 58 55 49 50 49 42 38 34 31 27 24 16 11 6 3 
32 40 39 38 42 49 55 58 63 58 56 40 39 38 42 49 50 49 42 38 34 31 27 24 16 11 6 3 
32 40 41 61 62 66 63 66 62 61 59 56 51 42 49 50 49 55 58 56 40 32 28 25 18 13 3 
32 40 41 61 59 56 58 63 66 62 61 41 40 39 38 42 49 50 49 42 38 34 31 27 24 16 11 6 3 
32 40 39 38 42 51 56 58 63 58 56 51 42 49 50 49 42 38 34 31 27 24 16 11 6 3 
32 40 41 61 62 66 63 66 62 61 59 56 58 55 49 50 49 42 51 56 40 32 28 25 18 13 3 
32 40 41 61 62 54 65 68 67 66 63 66 62 54 46 41 40 56 58 55 49 50 49 42 38 39 40 32 28 25 18 13 3 
32 40 41 46 54 62 66 63 66 62 61 41 40 39 38 42 49 50 49 42 38 34 31 27 24 16 18 13 3 
---------------
Request id 4
13 18 15 19 29 36 29 25 28 32 40 41 61 59 56 51 42 38 34 43 47 52 53 50 49 42 38 34 31 27 24 16 11 6 3 
13 3 6 11 16 18 25 29 36 37 45 44 48 46 41 40 56 59 56 40 39 38 42 49 50 53 52 47 43 34 31 27 24 16 11 13 3 
13 18 25 29 36 37 45 44 48 46 54 62 61 59 61 62 66 63 58 55 49 50 49 42 38 34 31 27 24 16 18 13 3 
13 11 16 18 15 19 29 36 37 35 32 40 56 59 56 51 42 38 34 43 47 52 53 50 49 42 38 39 40 32 28 25 18 13 3 
13 11 16 18 15 19 29 36 37 35 32 40 41 61 59 61 62 66 63 58 56 51 42 49 50 49 42 38 34 31 27 24 16 11 13 3 
13 11 16 18 15 19 29 36 37 35 32 40 41 46 54 62 61 59 56 58 55 49 50 49 42 38 39 33 30 24 16 11 13 3 
13 0 2 9 15 18 25 29 36 37 35 32 40 39 38 42 51 56 59 61 41 40 56 58 55 49 50 49 55 58 56 40 32 28 25 18 13 3 
13 3 6 11 16 18 25 29 36 37 45 44 48 46 54 62 61 59 56 40 39 38 34 43 47 52 53 50 49 42 51 56 40 32 28 25 18 13 3 
13 18 15 19 29 36 29 19 15 18 25 28 32 40 56 59 56 40 39 38 34 43 47 52 53 50 53 52 47 43 34 31 27 24 16 11 13 3 
13 11 16 18 25 29 36 29 25 28 32 40 41 61 59 61 62 66 63 58 56 51 42 49 50 53 52 47 43 34 31 27 24 16 11 13 3 
13 0 2 9 15 19 29 36 37 35 32 40 56 59 56 40 39 38 34 43 47 52 53 50 49 42 51 56 40 32 28 25 18 13 3 
13 11 16 18 25 28 32 35 37 36 29 25 28 32 40 41 61 59 61 41 40 56 51 42 49 50 49 42 38 34 31 27 24 16 11 6 3 
13 11 16 18 25 29 36 37 45 44 48 46 41 61 59 56 40 39 38 42 49 50 53 52 47 43 34 31 27 24 16 11 13 3 
13 18 25 29 36 37 45 44 48 46 41 61 59 56 58 55 49 50 49 55 58 56 40 32 28 25 18 13 3 
13 3 6 11 16 18 25 29 36 37 45 44 48 46 41 61 59 56 40 39 38 34 43 47 52 53 50 49 42 38 34 31 27 24 16 11 13 3 
13 18 25 29 36 37 45 44 48 46 41 61 59 61 62 66 63 58 55 49 50 49 55 58 56 40 32 28 25 18 13 3 
13 11 16 18 15 19 29 36 29 25 28 32 40 41 61 59 56 58 55 49 50 49 42 51 56 40 32 28 25 18 13 3 
13 18 25 28 32 35 37 36 29 25 28 32 40 56 59 61 41 40 56 51 42 49 50 49 42 51 56 40 32 28 25 18 13 3 
13 18 15 19 29 36 29 25 28 32 40 56 59 61 41 40 39 38 42 49 50 49 42 38 34 31 27 24 16 11 6 3 
13 11 16 18 15 19 29 36 37 45 44 48 46 41 61 59 56 40 39 38 34 43 47 52 53 50 49 42 38 34 31 27 24 16 11 13 3 
---------------
Request id 10
42 38 39 40 56 58 63 66 67 69 71 69 68 65 64 60 64 65 54 62 61 41 40 32 28 25 18 15 9 
42 51 56 40 41 46 54 65 68 69 71 69 68 65 54 46 48 57 60 64 65 54 46 41 40 32 28 25 18 15 9 
42 51 56 59 61 62 66 67 68 69 71 69 68 65 64 60 64 65 54 46 41 40 32 28 25 29 19 15 9 
42 49 55 58 63 66 67 69 71 69 67 68 65 54 46 48 57 60 64 65 54 62 61 41 40 32 28 25 18 15 9 
42 49 55 58 63 66 67 69 71 69 67 68 65 64 60 57 48 46 41 40 39 33 30 24 16 18 15 9 
42 51 56 58 63 66 67 68 69 71 69 67 66 62 61 41 46 48 57 60 64 65 54 62 61 41 40 32 28 25 18 15 9 
42 51 56 59 61 62 66 67 68 69 71 69 67 66 62 54 46 48 57 60 57 48 44 45 37 36 29 25 18 15 9 
42 38 39 40 41 46 54 65 68 69 71 72 73 74 70 64 60 57 48 46 41 40 32 35 37 36 29 19 15 9 
42 51 56 59 61 62 66 67 68 69 71 69 67 66 62 54 65 64 60 64 65 54 46 41 40 32 28 25 18 15 9 
42 51 56 40 41 46 54 65 68 69 71 69 68 67 66 62 54 46 48 57 60 57 48 46 41 40 32 28 25 29 19 15 9 
42 38 39 40 56 58 63 66 67 69 71 69 68 65 54 46 48 57 60 64 65 54 62 61 41 40 32 28 25 18 15 9 
42 51 56 40 41 46 54 65 68 69 71 69 68 65 64 60 64 65 54 62 61 41 40 32 28 25 18 15 9 
42 51 56 40 41 46 54 65 68 69 71 69 67 66 62 54 46 48 57 60 57 48 46 41 40 32 35 37 36 29 19 15 9 
42 51 56 58 63 66 67 68 69 71 69 68 67 66 62 54 65 64 60 64 65 54 46 41 40 32 28 25 29 19 15 9 
42 51 56 58 63 66 67 69 71 72 73 74 70 64 60 57 48 44 45 37 36 29 25 18 15 9 
42 38 39 40 41 61 62 66 67 69 71 69 68 65 64 60 57 48 46 41 40 32 28 25 18 15 9 
42 51 56 59 61 62 66 67 68 69 71 69 67 68 65 64 60 57 48 46 41 40 39 33 30 24 16 18 15 9 
42 51 56 58 63 66 67 69 71 72 73 74 70 64 60 57 48 46 41 40 32 28 25 18 15 9 
42 51 56 59 61 62 66 67 68 69 71 69 67 66 62 61 41 46 48 57 60 57 48 44 45 37 36 29 25 18 15 9 
42 51 56 59 61 62 66 67 68 69 71 69 68 65 54 46 48 57 60 57 48 46 41 40 39 33 30 24 16 18 15 9 
---------------
Request id 26
67 66 63 58 56 40 39 38 42 49 50 53 52 47 43 34 38 42 51 56 58 63 66 67 69 71 69 67 66 62 61 41 40 32 28 26 23 24 20 
67 66 62 61 59 56 51 42 49 50 53 52 53 50 49 42 51 56 58 63 66 67 69 71 69 67 66 62 61 41 40 32 28 26 23 24 20 
67 66 63 58 55 49 42 38 34 43 47 52 53 50 49 55 58 63 66 67 69 71 69 68 65 54 62 61 41 40 39 33 30 24 20 
67 66 63 58 56 40 39 38 34 43 47 52 53 50 49 42 51 56 58 63 66 67 69 71 69 68 65 54 62 61 41 40 39 33 30 24 20 
67 66 62 61 59 56 51 42 38 34 43 47 52 53 50 49 42 51 56 58 63 66 67 69 71 69 68 67 66 62 61 41 40 39 33 30 24 20 
67 66 63 58 55 49 42 38 34 43 47 52 53 50 49 42 51 56 58 63 66 67 68 69 71 69 67 66 63 58 56 40 39 33 30 24 20 
67 66 63 58 55 49 42 38 34 43 47 52 53 50 49 55 58 56 59 61 62 66 67 69 71 69 68 65 54 46 41 40 39 33 30 24 20 
67 66 63 58 55 49 42 38 34 43 47 52 47 43 34 38 42 51 56 58 63 66 67 69 71 69 67 66 62 61 41 40 39 33 30 24 20 
67 66 63 58 56 40 39 38 34 43 47 52 53 50 49 42 51 56 59 61 62 66 67 69 71 69 67 66 62 54 46 41 40 39 33 30 24 20 
67 66 62 61 41 40 39 38 34 43 47 52 47 43 34 38 39 40 41 61 62 66 67 69 71 69 67 66 62 61 59 56 40 39 33 30 24 20 
67 66 62 61 59 56 58 55 49 50 53 52 53 50 49 42 51 56 59 61 62 66 67 69 71 69 67 66 62 61 41 40 32 28 26 23 24 20 
67 66 62 61 59 56 51 42 49 50 53 52 47 43 34 38 39 40 41 61 62 66 67 69 71 69 67 68 65 54 46 41 40 39 33 30 24 20 
67 66 62 61 59 56 58 55 49 50 53 52 47 43 34 38 39 40 41 46 54 65 68 69 71 69 67 66 63 58 56 40 39 33 30 24 20 
67 66 63 58 56 51 42 49 50 53 52 53 50 49 55 58 63 66 67 68 69 71 69 68 65 54 46 41 40 39 33 30 24 20 
67 66 63 58 56 51 42 49 50 53 52 47 43 34 38 42 51 56 58 63 66 67 69 71 69 67 66 62 61 41 40 32 28 26 23 24 20 
67 66 63 58 55 49 42 38 34 43 47 52 53 50 49 42 51 56 59 61 62 66 67 69 71 69 67 66 63 58 56 40 39 33 30 24 20 
67 66 62 61 41 40 39 38 34 43 47 52 53 50 49 55 58 63 66 67 69 71 69 67 68 65 54 46 41 40 39 33 30 24 20 
67 66 62 61 59 56 51 42 49 50 53 52 47 43 34 38 39 40 41 46 54 65 68 69 71 69 68 65 54 46 41 40 39 33 30 24 20 
67 66 62 61 59 56 58 55 49 50 53 52 53 50 49 55 58 56 59 61 62 66 67 69 71 69 67 66 62 61 41 40 39 33 30 24 20 
67 66 63 58 56 51 42 49 50 53 52 47 43 34 38 39 40 41 61 62 66 67 69 71 69 67 68 65 54 46 41 40 39 33 30 24 20 
---------------
Request id 27
54 46 41 40 56 59 61 62 66 63 58 56 40 32 28 25 29 19 15 9 2 
54 46 41 40 56 58 63 58 56 40 39 33 30 24 16 18 13 0 2 
54 62 61 41 40 56 58 63 58 56 40 32 28 25 18 13 3 5 0 2 
54 65 68 67 66 63 58 56 40 32 28 25 18 13 0 2 
54 46 41 61 62 66 63 58 56 40 32 28 25 29 19 15 9 2 
54 65 68 67 66 63 66 62 61 41 40 32 28 25 18 15 9 2 
54 62 66 63 58 56 40 32 28 25 18 16 11 13 0 2 
54 62 61 59 56 58 63 58 56 40 32 28 25 29 19 15 9 2 
54 65 68 67 66 62 61 59 56 58 63 66 62 61 41 40 32 28 25 18 15 9 2 
54 65 68 67 66 63 58 56 40 32 35 37 36 29 19 15 9 2 
54 65 68 67 66 63 58 56 40 32 28 25 18 15 9 2 
54 46 41 40 56 59 61 62 66 63 58 56 40 39 33 30 24 16 11 13 0 2 
54 62 61 41 40 56 58 63 58 56 40 32 28 25 18 16 11 13 0 2 
54 65 68 67 66 62 61 59 56 58 63 58 56 40 39 33 30 24 16 11 13 0 2 
54 62 61 41 40 56 58 63 58 56 40 39 33 30 24 16 18 13 0 2 
54 65 68 69 67 66 63 58 56 40 32 35 37 36 29 19 15 9 2 
54 65 68 67 66 63 58 56 40 32 28 25 29 19 15 9 2 
54 65 68 67 66 62 61 59 56 58 63 66 62 61 41 40 32 28 25 18 13 0 2 
54 46 41 40 56 58 63 58 56 40 32 35 37 36 29 19 15 9 2 
54 65 68 67 66 63 58 56 40 32 28 25 18 13 3 5 0 2 
---------------
Request id 29
38 39 40 41 46 48 44 45 37 36 29 25 18 16 24 23 26 28 32 35 37 45 37 36 29 25 18 16 24 20 17 
38 42 51 56 40 32 28 25 29 36 29 25 28 32 40 41 46 48 44 45 37 36 29 19 15 18 16 24 20 17 
38 39 40 32 28 25 18 15 19 29 36 29 25 28 32 35 37 45 37 35 32 28 25 18 16 24 20 17 
38 39 33 30 24 16 18 25 29 36 29 19 15 18 16 24 23 26 28 32 35 37 45 37 35 32 28 25 18 16 24 20 17 
38 34 31 27 24 16 18 25 29 36 37 35 32 40 41 61 62 54 46 48 44 45 37 36 29 25 18 16 17 
38 34 31 27 24 16 18 25 29 36 29 25 28 32 40 41 46 48 44 45 37 36 29 25 18 13 11 12 14 17 
38 39 40 32 28 25 18 15 19 29 36 37 45 37 36 29 25 18 13 11 16 17 
38 39 33 30 24 16 18 25 29 36 29 19 15 18 25 28 32 40 41 46 48 44 45 37 36 29 25 18 16 17 
38 42 51 56 40 32 28 25 29 36 29 25 28 32 40 41 46 48 44 45 37 35 32 28 26 23 24 20 17 
38 39 40 32 28 25 18 15 19 29 36 37 35 32 40 41 46 48 44 45 37 36 29 25 18 16 24 20 17 
38 42 49 55 58 56 40 32 35 37 36 29 25 28 32 35 37 45 37 35 32 28 26 23 24 20 17 
38 34 31 27 24 23 26 28 25 29 36 29 19 15 18 25 28 32 40 41 46 48 44 45 37 36 29 25 18 13 11 12 14 17 
38 39 40 32 28 25 18 15 19 29 36 29 19 15 18 16 24 23 26 28 32 35 37 45 37 36 29 25 18 13 11 12 14 17 
38 42 49 55 58 56 40 32 35 37 36 29 19 15 18 25 28 32 40 41 46 48 44 45 37 35 32 28 26 23 24 20 17 
38 39 40 32 28 25 18 15 19 29 36 29 19 15 18 25 28 32 40 41 46 48 44 45 37 35 32 28 25 18 16 17 
38 42 51 56 40 32 28 25 29 36 37 35 32 40 41 46 48 44 45 37 35 32 28 25 18 16 24 20 17 
38 39 40 41 46 48 44 45 37 36 29 19 15 18 25 28 32 40 41 46 48 44 45 37 36 29 19 15 18 16 24 20 17 
38 39 40 32 35 37 36 37 45 37 36 29 25 18 16 24 20 17 
38 42 51 56 40 32 28 25 29 36 29 19 15 18 16 24 23 26 28 32 35 37 45 37 36 29 25 18 13 11 12 14 17 
38 42 49 55 58 56 40 32 35 37 36 37 35 32 40 41 61 62 54 46 48 44 45 37 36 29 19 15 18 16 24 20 17 
---------------
Request id 30
17 16 18 25 28 32 35 37 36 29 25 28 32 40 56 51 42 49 50 53 52 47 43 34 38 39 33 30 24 16 17 21 22 
17 20 24 23 26 28 25 29 36 29 25 28 32 40 39 38 42 49 50 49 55 58 63 66 62 61 41 40 39 38 34 43 47 52 47 43 34 38 39 40 32 28 26 23 24 27 22 
17 20 24 16 18 25 29 36 29 25 28 32 40 56 51 42 49 50 49 55 58 56 51 42 38 34 43 47 52 53 50 49 42 38 34 31 27 22 
17 16 24 23 26 28 25 29 36 37 35 32 40 56 58 55 49 50 49 55 58 63 66 62 61 41 40 39 38 34 43 47 52 53 50 49 42 38 39 33 30 24 27 22 
17 16 24 23 26 28 25 29 36 29 25 28 32 40 56 58 55 49 50 49 42 51 56 59 61 41 40 39 38 34 43 47 52 47 43 34 31 27 22 
17 16 18 25 29 36 37 35 32 40 56 58 55 49 50 49 55 58 56 40 39 38 34 43 47 52 47 43 34 31 27 22 
17 16 11 13 18 15 19 29 36 29 25 18 16 24 30 33 39 38 42 49 50 49 55 58 56 40 39 38 34 43 47 52 47 43 34 31 27 24 16 17 21 22 
17 14 12 11 13 18 25 29 36 29 25 18 16 24 27 31 34 38 42 49 50 49 42 38 34 43 47 52 53 50 49 42 38 39 33 30 24 27 22 
17 16 11 13 18 25 29 36 29 25 28 32 40 56 58 55 49 50 49 55 58 56 40 39 38 34 43 47 52 47 43 34 31 27 22 
17 16 18 25 29 36 37 35 32 40 56 51 42 49 50 49 42 51 56 59 61 41 40 39 38 34 43 47 52 47 43 34 31 27 22 
17 16 11 13 18 25 29 36 29 25 18 16 24 30 33 39 38 42 49 50 49 55 58 56 59 61 41 40 39 38 34 43 47 52 47 43 34 31 27 22 
17 20 24 23 26 28 25 29 36 29 25 28 32 40 39 38 42 49 50 49 55 58 56 51 42 38 34 43 47 52 47 43 34 31 27 24 20 17 21 22 
17 14 12 11 16 18 25 29 36 37 35 32 40 56 58 55 49 50 49 42 51 56 59 61 41 40 39 38 34 43 47 52 47 43 34 31 27 22 
17 14 12 11 16 18 25 29 36 37 35 32 40 39 38 42 49 50 49 42 51 56 59 61 41 40 39 38 34 43 47 52 47 43 34 38 39 33 30 24 27 22 
17 20 24 23 26 28 25 29 36 29 25 18 16 24 30 33 39 38 42 49 50 49 55 58 63 66 62 61 41 40 39 38 34 43 47 52 53 50 49 42 38 34 31 27 22 
17 14 12 11 16 18 25 29 36 29 25 18 16 24 30 33 39 38 42 49 50 49 55 58 56 51 42 38 34 43 47 52 47 43 34 31 27 24 16 11 12 14 17 21 22 
17 16 18 15 19 29 36 29 25 28 32 40 56 58 55 49 50 49 55 58 56 51 42 38 34 43 47 52 47 43 34 31 27 24 16 11 12 14 17 21 22 
17 14 12 11 13 18 25 29 36 37 35 32 40 56 58 55 49 50 49 42 38 39 33 30 24 27 31 34 43 47 52 47 43 34 31 27 24 20 17 21 22 
17 16 18 25 29 36 37 35 32 40 56 51 42 49 50 53 52 47 43 34 38 39 33 30 24 20 17 21 22 
17 16 18 15 19 29 36 29 25 18 16 24 27 31 34 38 42 49 50 49 42 51 56 40 39 33 30 24 27 31 34 43 47 52 47 43 34 31 27 24 16 11 12 14 17 21 22 
---------------
Request id 1
56 51 42 38 34 31 27 24 30 33 30 24 27 31 34 38 42 51 56 58 
56 51 42 38 39 33 39 40 56 51 42 49 55 58 
56 51 42 38 34 31 27 24 30 33 39 38 42 51 56 58 
56 58 63 66 62 61 41 40 39 33 39 40 56 58 
56 59 61 62 54 46 41 40 39 33 39 40 41 61 62 66 63 58 
56 59 61 41 40 39 33 30 24 27 31 34 38 42 51 56 58 
56 40 39 38 34 31 27 24 30 33 39 40 41 61 59 56 58 
56 40 39 38 34 31 27 24 30 33 39 40 56 58 
56 40 32 28 26 23 24 30 33 39 38 42 51 56 58 
56 58 63 66 62 61 41 40 39 33 30 24 27 31 34 38 42 51 56 58 
56 58 55 49 42 38 39 33 39 40 41 46 54 62 66 63 58 
56 40 39 38 34 31 27 24 30 33 30 24 23 26 28 32 40 56 58 
56 40 39 33 39 40 41 61 59 56 58 
56 59 61 41 40 39 33 39 40 41 61 62 66 63 58 
56 58 63 66 62 61 41 40 39 33 39 40 41 61 62 66 63 58 
56 58 55 49 42 38 39 33 30 24 27 31 34 38 42 51 56 58 
56 51 42 38 34 31 27 24 30 33 39 40 41 61 62 66 63 58 
56 40 39 33 39 40 56 51 42 49 55 58 
56 59 61 41 40 39 33 39 40 56 58 
56 58 63 66 62 61 41 40 39 33 39 40 41 46 54 62 66 63 58 
---------------
Request id 2
65 54 46 41 40 39 38 34 43 47 43 34 31 27 24 16 18 15 19 29 36 29 25 28 32 40 41 61 62 54 65 64 
65 54 62 66 63 58 55 49 50 53 52 47 43 34 31 27 24 23 26 28 25 29 36 37 45 44 48 46 54 65 64 
65 54 62 66 63 58 55 49 42 38 34 43 47 43 34 31 27 22 21 17 16 18 25 29 36 37 45 44 48 46 54 65 64 
65 54 62 61 41 40 39 38 34 43 47 43 34 31 27 24 16 18 15 19 29 36 37 35 32 40 56 59 61 62 54 65 64 
65 54 46 41 40 39 38 34 43 47 43 34 31 27 22 21 17 16 18 25 29 36 37 35 32 40 41 46 54 65 64 
65 54 46 41 61 59 56 51 42 38 34 43 47 43 34 38 42 51 56 40 32 28 25 29 36 37 45 44 48 57 60 64 
65 54 62 61 59 56 40 39 38 34 43 47 43 34 31 27 24 16 18 15 19 29 36 29 25 28 32 40 41 46 54 65 64 
65 54 62 61 59 56 51 42 38 34 43 47 43 34 38 39 40 32 35 37 36 37 45 44 48 46 54 65 64 
65 54 62 66 63 58 55 49 42 38 34 43 47 43 34 31 27 24 16 18 25 29 36 29 25 28 32 40 41 61 62 54 65 64 
65 54 62 66 63 58 55 49 50 53 52 47 43 34 31 27 24 16 18 15 19 29 36 37 45 44 48 57 60 64 
65 68 67 66 63 58 55 49 50 53 52 47 43 34 38 42 51 56 40 32 35 37 36 37 35 32 40 41 46 54 65 64 
65 54 62 61 59 56 40 39 38 34 43 47 43 34 38 39 33 30 24 16 18 25 29 36 29 25 28 32 40 41 61 62 54 65 64 
65 68 67 66 63 58 55 49 50 53 52 47 43 34 31 27 24 23 26 28 25 29 36 29 25 28 32 40 41 46 48 57 60 64 
65 54 46 41 61 59 56 51 42 38 34 43 47 43 34 31 27 24 23 26 28 25 29 36 37 45 44 48 46 41 61 62 54 65 64 
65 54 62 61 41 40 39 38 34 43 47 43 34 38 39 40 32 28 25 29 36 37 35 32 40 41 46 54 65 64 
65 54 62 61 41 40 39 38 34 43 47 43 34 38 39 33 30 24 16 18 25 29 36 29 25 28 32 40 41 46 54 65 64 
65 54 62 66 63 58 55 49 50 53 52 47 43 34 38 42 51 56 40 32 35 37 36 29 25 28 32 40 41 46 48 57 60 64 
65 68 67 66 63 58 55 49 42 38 34 43 47 43 34 31 27 24 16 18 25 29 36 37 35 32 40 41 46 54 65 64 
65 54 62 66 63 58 55 49 42 38 34 43 47 43 34 31 27 24 16 18 25 29 36 37 35 32 40 41 46 48 57 60 64 
65 54 46 41 40 39 38 34 43 47 43 34 31 27 24 23 26 28 25 29 36 37 45 44 48 46 54 65 64 
---------------
Request id 17
49 42 38 39 40 56 59 59 59 56 40 39 33 30 24 20 17 14 12 
49 55 58 56 40 41 61 59 59 59 56 40 32 28 25 18 16 17 14 12 
49 42 51 56 58 63 66 62 61 59 59 59 56 40 39 33 30 24 16 11 12 
49 55 58 56 40 41 61 59 59 59 61 41 40 32 28 25 18 16 11 12 
49 42 51 56 59 59 59 56 40 39 33 30 24 16 17 14 12 
49 55 58 63 66 62 61 41 40 56 59 59 59 56 40 32 28 26 23 24 16 11 12 
49 42 51 56 40 41 61 59 59 59 56 40 39 33 30 24 16 11 12 
49 42 51 56 58 63 66 62 61 59 59 59 61 41 40 32 28 25 18 16 11 12 
49 55 58 63 66 62 61 59 59 59 56 40 39 33 30 24 16 11 12 
49 55 58 56 40 41 46 54 62 61 59 59 59 61 41 40 32 28 25 18 16 11 12 
49 42 51 56 58 63 66 62 61 59 59 59 56 40 32 28 25 18 13 11 12 
49 42 38 39 40 41 61 59 59 59 61 41 40 39 33 30 24 16 11 12 
49 42 51 56 58 63 66 62 61 59 59 59 56 40 32 28 26 23 24 16 11 12 
49 55 58 63 66 62 61 41 40 56 59 59 59 61 41 40 32 28 25 18 16 11 12 
49 42 51 56 58 63 66 62 61 59 59 59 61 41 40 32 28 25 18 13 11 12 
49 42 38 39 40 41 61 59 59 59 56 40 39 33 30 24 16 17 14 12 
49 42 38 39 40 41 61 59 59 59 56 40 32 28 25 18 16 17 14 12 
49 42 51 56 58 63 66 62 61 59 59 59 56 40 39 33 30 24 16 17 14 12 
49 55 58 56 40 41 61 59 59 59 56 40 39 33 30 24 16 11 12 
49 42 38 39 40 41 61 59 59 59 56 40 32 28 25 18 13 11 12 
---------------
Request id 3
54 65 64 70 64 65 54 46 48 44 45 37 36 29 25 28 32 40 41 46 54 65 
54 62 66 67 68 69 71 72 73 74 70 64 65 54 46 48 44 45 37 36 37 35 32 40 41 61 62 54 65 
54 65 64 70 64 65 54 62 61 41 40 32 35 37 36 37 45 44 48 46 54 65 
54 62 66 67 68 69 71 72 73 74 70 64 65 54 62 61 41 40 32 28 25 29 36 29 25 28 32 40 56 59 61 62 54 65 
54 62 66 67 69 71 72 73 74 70 64 60 57 48 44 45 37 36 29 25 28 32 40 41 46 54 65 
54 46 48 57 60 64 70 64 65 54 62 61 59 56 40 32 35 37 36 29 25 28 32 40 56 59 61 62 54 65 
54 62 66 67 68 65 64 70 64 65 54 62 61 41 40 32 35 37 36 37 45 44 48 46 41 61 62 54 65 
54 65 68 67 69 71 72 73 74 70 64 65 54 62 61 41 40 32 35 37 36 37 35 32 40 41 61 62 54 65 
54 46 41 61 62 66 67 68 65 64 70 64 60 57 48 46 41 40 32 28 25 29 36 29 25 28 32 40 41 61 62 54 65 
54 62 66 67 68 65 64 70 64 65 54 62 61 59 56 40 32 35 37 36 37 45 44 48 46 54 65 
54 65 68 67 69 71 72 73 74 70 64 65 54 62 61 41 46 48 44 45 37 36 37 45 44 48 46 54 65 
54 46 41 61 62 66 67 68 65 64 70 64 60 57 48 44 45 37 36 37 35 32 40 41 46 48 57 60 64 65 
54 65 68 67 69 71 72 73 74 70 64 60 57 48 44 45 37 36 37 45 44 48 46 41 61 62 54 65 
54 65 68 69 71 72 73 74 70 64 65 54 46 48 44 45 37 36 29 25 28 32 40 41 61 62 54 65 
54 46 48 57 60 64 70 64 65 54 62 61 41 40 32 35 37 36 29 25 28 32 40 41 61 62 54 65 
54 46 48 57 60 64 70 64 60 57 48 44 45 37 36 37 35 32 40 56 59 61 62 54 65 
54 65 68 69 71 72 73 74 70 64 65 54 62 61 41 40 32 28 25 29 36 29 25 28 32 40 41 61 62 54 65 
54 46 48 57 60 64 70 64 60 57 48 46 41 40 32 28 25 29 36 29 25 28 32 40 41 46 54 65 
54 62 66 67 69 71 72 73 74 70 64 65 54 46 41 40 32 28 25 29 36 37 35 32 40 41 46 48 57 60 64 65 
54 46 48 57 60 64 70 64 65 54 46 41 40 32 28 25 29 36 37 35 32 40 41 61 62 54 65 
---------------
Request id 11
0 13 11 16 24 30 33 39 40 56 51 42 38 34 31 27 24 20 17 14 12 10 
0 5 3 13 18 25 28 32 40 56 51 42 38 34 31 27 24 20 17 14 12 10 
0 13 18 25 28 32 40 56 51 56 40 32 28 25 18 16 11 12 10 
0 5 3 13 18 25 28 32 40 56 51 56 40 39 33 30 24 16 11 12 10 
0 2 9 15 18 25 28 32 40 56 51 42 38 34 31 27 24 20 17 14 12 10 
0 13 11 16 18 25 28 32 40 56 51 56 40 32 28 25 18 13 3 6 8 10 
0 13 11 16 24 27 31 34 38 42 51 42 38 34 31 27 24 16 11 12 10 
0 13 18 25 28 32 40 39 38 42 51 42 38 34 31 27 24 20 17 14 12 10 
0 2 9 15 18 25 28 32 40 56 51 42 38 39 33 30 24 20 17 14 12 10 
0 13 11 16 24 30 33 39 40 56 51 42 38 34 31 27 24 16 11 12 10 
0 2 9 15 18 25 28 32 40 56 51 56 40 32 28 25 18 16 11 12 10 
0 2 9 15 18 25 28 32 40 56 51 42 38 39 33 30 24 16 11 12 10 
0 13 18 25 28 32 40 56 51 56 40 32 28 25 18 13 3 6 8 10 
0 13 11 16 24 30 33 39 40 56 51 42 38 34 31 27 22 21 17 14 12 10 
0 13 18 16 24 30 33 39 38 42 51 42 38 34 31 27 22 21 17 14 12 10 
0 13 18 25 28 32 40 39 38 42 51 42 38 34 31 27 22 21 17 14 12 10 
0 13 18 16 24 27 31 34 38 42 51 42 38 34 31 27 24 20 17 14 12 10 
0 13 18 25 28 32 40 56 51 42 38 39 33 30 24 20 17 14 12 10 
0 13 18 25 28 32 40 56 51 56 40 32 28 25 18 13 11 6 8 10 
0 13 18 25 28 32 40 39 38 42 51 56 40 32 28 25 18 13 11 6 8 10 
---------------
Request id 16
2 9 15 18 25 29 36 29 25 18 16 17 20 24 27 31 34 43 47 52 53 50 49 42 51 56 59 61 41 40 39 38 34 43 34 31 27 24 20 17 14 12 11 
2 9 15 18 25 28 32 35 37 36 29 25 18 13 11 16 24 27 31 34 43 47 52 53 50 49 42 51 56 59 61 41 40 39 38 34 43 34 38 39 33 30 24 20 17 16 11 
2 9 15 19 29 36 29 25 18 16 24 27 31 34 43 47 43 34 31 27 22 21 17 14 12 11 
2 0 13 18 15 19 29 36 29 25 18 13 11 16 24 27 31 34 43 47 52 53 50 49 55 58 56 59 61 41 40 39 38 34 43 34 31 27 22 21 17 14 12 11 
2 0 5 3 13 18 15 19 29 36 29 25 18 16 24 27 31 34 43 47 52 53 50 49 55 58 56 51 42 38 34 43 34 31 27 24 20 17 16 11 
2 9 15 18 25 28 32 35 37 36 37 35 32 40 56 51 42 38 34 43 47 52 53 50 49 55 58 56 40 39 33 30 24 27 31 34 43 34 31 27 22 21 17 16 18 13 11 
2 0 5 3 13 18 25 29 36 37 45 44 48 46 41 40 39 38 34 43 47 52 53 50 49 55 58 56 51 42 38 34 43 34 31 27 22 21 17 14 12 11 
2 0 13 11 16 18 15 19 29 36 37 35 32 40 56 51 42 38 34 43 47 52 53 50 49 42 51 56 40 39 38 34 43 34 38 39 33 30 24 16 11 
2 0 13 18 25 29 36 37 35 32 28 26 23 24 27 31 34 43 47 52 53 50 49 42 51 56 40 39 33 30 24 27 31 34 43 34 38 39 33 30 24 16 11 
2 0 13 11 16 18 15 19 29 36 29 19 15 18 16 24 27 31 34 43 47 52 53 50 49 42 51 56 40 39 38 34 43 34 31 27 24 20 17 14 12 11 
2 0 5 3 13 18 15 19 29 36 29 19 15 18 16 24 27 31 34 43 47 52 53 50 49 55 58 56 59 61 41 40 39 38 34 43 34 31 27 22 21 17 16 11 
2 0 13 18 25 28 32 35 37 36 37 35 32 28 26 23 24 27 31 34 43 47 52 53 50 49 42 38 39 33 30 24 27 31 34 43 34 31 27 24 20 17 16 11 
2 0 13 18 15 19 29 36 37 35 32 40 39 38 34 43 47 52 53 50 49 55 58 56 59 61 41 40 39 38 34 43 34 31 27 24 20 17 14 12 11 
2 0 13 11 16 18 15 19 29 36 29 25 18 16 24 27 31 34 43 47 52 53 50 49 55 58 56 40 39 33 30 24 27 31 34 43 34 31 27 24 20 17 14 12 11 
2 0 5 3 13 18 25 29 36 29 25 28 32 40 39 38 34 43 47 52 53 50 49 55 58 56 40 39 38 34 43 34 31 27 22 21 17 14 12 11 
2 0 13 11 16 18 25 29 36 37 35 32 40 56 51 42 38 34 43 47 43 34 38 39 33 30 24 16 11 
2 0 5 3 13 18 15 19 29 36 37 45 44 48 46 41 40 39 38 34 43 47 52 53 50 49 42 38 39 33 30 24 27 31 34 43 34 31 27 24 20 17 16 11 
2 0 13 11 16 18 15 19 29 36 29 25 28 32 40 39 38 34 43 47 52 53 50 49 42 51 56 40 39 33 30 24 27 31 34 43 34 31 27 24 16 17 14 12 11 
2 0 13 18 25 29 36 29 19 15 18 16 24 27 31 34 43 47 52 53 50 49 55 58 56 40 39 33 30 24 27 31 34 43 34 38 39 33 30 24 20 17 16 11 
2 9 15 18 25 28 32 35 37 36 37 45 44 48 46 41 40 39 38 34 43 47 52 53 50 49 42 38 39 33 30 24 27 31 34 43 34 31 27 22 21 17 14 12 11 
---------------
Request id 19
21 22 27 31 34 38 39 33 39 40 32 28 25 18 13 11 16 24 30 33 39 40 32 28 26 23 24 20 
21 22 27 24 23 26 28 32 40 39 33 39 40 32 28 25 18 16 17 20 24 30 33 39 40 32 28 25 18 16 24 20 
21 17 20 24 30 33 39 40 32 28 26 23 24 30 33 39 38 34 31 27 24 20 
21 22 27 24 30 33 39 38 42 51 56 40 32 28 26 23 24 30 24 16 11 12 14 17 20 
21 17 20 24 27 31 34 38 39 33 39 40 32 28 25 18 16 24 30 33 39 40 32 28 25 18 16 24 20 
21 17 16 24 30 33 39 40 32 28 25 18 16 17 20 24 30 33 39 40 32 28 25 18 16 24 20 
21 22 27 31 34 38 39 33 39 40 32 28 25 18 16 17 20 24 30 33 39 40 32 28 25 18 16 24 20 
21 22 27 31 34 38 39 33 39 40 32 28 25 18 16 17 20 24 30 24 23 26 28 25 18 16 17 20 
21 17 14 12 11 16 24 30 33 39 40 32 28 25 18 16 24 30 33 39 40 32 28 25 18 16 24 20 
21 17 14 12 11 13 18 16 24 30 33 39 40 32 28 25 18 16 17 20 24 30 24 16 17 20 
21 22 27 24 23 26 28 32 40 39 33 39 40 32 28 25 18 16 17 20 24 30 24 27 22 21 17 20 
21 22 27 24 30 33 39 40 32 28 26 23 24 30 33 39 40 32 28 25 18 16 24 20 
21 17 14 12 11 16 24 30 33 30 33 39 38 34 31 27 24 20 
21 17 14 12 11 16 24 30 33 39 40 32 28 26 23 24 30 33 39 38 34 31 27 22 21 17 20 
21 17 14 12 11 16 24 30 33 39 40 32 28 25 18 16 24 30 24 16 11 12 14 17 20 
21 22 27 24 23 26 28 32 40 39 33 39 40 32 28 25 18 13 11 16 24 30 24 27 22 21 17 20 
21 17 16 18 25 28 32 40 39 33 39 38 34 31 27 24 30 24 16 17 20 
21 22 27 31 34 38 39 33 39 38 34 31 27 24 30 24 16 11 12 14 17 20 
21 17 16 24 27 31 34 38 39 33 39 38 42 51 56 40 32 28 26 23 24 30 24 20 
21 22 27 31 34 38 39 33 39 40 56 51 42 38 34 31 27 24 30 33 39 40 32 28 25 18 16 24 20 
---------------
Request id 23
23 24 27 31 34 38 39 33 30 24 23 26 28 32 40 41 
23 26 28 25 18 13 11 16 24 30 24 20 17 16 18 25 28 32 40 41 
23 26 28 25 18 16 24 30 33 39 38 42 51 56 59 61 41 
23 26 28 32 40 39 38 34 31 27 24 30 24 23 26 28 32 40 41 
23 26 28 25 18 16 17 20 24 30 24 16 18 25 28 32 40 41 
23 26 28 25 18 13 11 16 24 30 33 39 40 56 58 63 66 62 61 41 
23 26 28 25 18 13 11 16 24 30 33 39 38 42 51 56 59 61 41 
23 26 28 25 18 16 17 21 22 27 24 30 24 23 26 28 32 40 41 
23 24 27 31 34 38 39 33 30 33 39 40 41 
23 24 16 18 25 28 32 40 39 33 30 33 39 40 56 58 63 66 62 61 41 
23 24 16 18 25 28 32 40 39 33 30 24 23 26 28 32 40 41 
23 24 27 31 34 38 39 33 30 24 20 17 16 18 25 28 32 40 41 
23 26 28 32 40 39 33 30 33 39 40 56 59 61 41 
23 26 28 25 29 19 15 18 16 24 30 33 39 38 42 51 56 59 61 41 
23 26 28 32 40 39 38 34 31 27 24 30 33 39 40 56 59 61 41 
23 26 28 25 18 16 24 30 24 27 31 34 38 39 40 41 
23 26 28 25 18 16 24 30 33 39 38 42 49 55 58 56 40 41 
23 26 28 32 40 39 38 34 31 27 24 30 33 39 40 41 
23 26 28 25 18 13 11 16 24 30 33 39 40 41 
23 26 28 32 40 39 33 30 24 23 26 28 32 40 41 
---------------
Request id 25
1 3 13 11 16 17 20 24 27 31 34 43 34 31 27 22 21 17 16 24 30 33 30 24 20 17 14 12 10 8 7 4 
1 3 13 18 16 24 27 31 34 43 34 31 27 22 21 17 16 24 30 24 23 26 28 32 40 39 33 30 24 16 11 12 10 8 7 4 
1 3 6 11 16 24 27 31 34 43 34 31 27 24 23 26 28 32 40 39 33 30 33 30 24 16 17 14 12 10 8 7 4 
1 3 13 11 16 17 20 24 27 31 34 43 34 38 39 40 32 28 26 23 24 30 24 20 17 21 22 27 31 34 38 39 33 30 24 16 11 6 3 1 4 
1 3 13 18 16 17 20 24 27 31 34 43 34 31 27 22 21 17 16 24 30 24 23 26 28 32 40 39 33 30 24 16 11 6 3 1 4 
1 4 7 8 6 11 16 24 27 31 34 43 34 31 27 22 21 17 16 24 30 24 20 17 21 22 27 31 34 38 39 33 30 24 16 11 6 3 1 4 
1 3 5 0 13 11 16 24 27 31 34 43 34 31 27 22 21 17 20 24 30 24 23 26 28 32 40 39 33 30 24 16 11 12 10 8 7 4 
1 3 13 18 25 28 32 40 39 38 34 43 34 38 42 51 56 40 39 33 30 24 16 18 25 28 32 40 39 33 30 24 16 18 13 3 1 4 
1 3 13 11 16 24 30 33 39 38 34 43 34 31 27 24 23 26 28 32 40 39 33 30 24 16 18 15 19 29 25 28 32 40 39 33 30 24 16 11 6 3 1 4 
1 3 13 11 16 24 30 33 39 38 34 43 47 52 53 50 49 42 38 39 33 30 24 16 11 13 18 25 28 32 40 39 33 30 24 16 18 13 11 6 3 1 4 
1 3 13 18 25 28 32 40 39 38 34 43 34 31 27 24 30 24 16 17 21 22 27 31 34 38 39 33 30 24 16 18 13 3 1 4 
1 3 5 0 13 18 16 24 27 31 34 43 34 38 42 51 56 40 39 33 30 24 20 17 21 22 27 31 34 38 39 33 30 24 16 11 13 3 1 4 
1 3 5 0 13 18 16 24 27 31 34 43 34 38 39 40 32 28 25 18 16 24 30 24 16 11 13 18 25 28 32 40 39 33 30 24 16 17 14 12 10 8 7 4 
1 3 13 18 16 24 27 31 34 43 34 38 39 33 30 24 16 11 13 18 25 28 32 40 39 33 30 24 16 18 13 11 6 3 1 4 
1 3 13 11 16 24 30 33 39 38 34 43 34 38 39 40 32 28 26 23 24 30 24 16 18 25 28 32 40 39 33 30 24 16 18 13 3 6 8 7 4 
1 3 13 11 16 24 30 33 39 38 34 43 34 38 39 40 32 28 26 23 24 30 24 23 26 28 32 40 39 33 39 40 32 28 25 18 13 3 1 4 
1 3 13 11 16 17 20 24 27 31 34 43 34 38 42 51 56 40 39 33 30 24 16 17 21 22 27 31 34 38 39 33 30 24 16 11 6 3 1 4 
1 3 13 18 25 28 32 40 39 38 34 43 34 38 39 40 32 28 25 18 16 24 30 24 23 26 28 32 40 39 33 30 24 16 18 13 11 6 3 1 4 
1 3 13 11 16 24 30 33 39 38 34 43 34 31 27 22 21 17 20 24 30 33 30 24 16 18 13 3 6 8 7 4 
1 3 13 11 16 24 27 31 34 43 34 31 27 22 21 17 16 24 30 24 27 31 34 38 39 33 39 40 32 28 25 18 13 3 1 4 
---------------
Request id 21
56 58 63 66 62 54 46 41 61 59 61 62 54 46 48 44 45 37 36 29 25 18 13 11 12 
56 51 42 38 39 40 41 46 54 62 61 59 56 40 32 35 37 36 37 35 32 28 25 18 13 11 12 
56 40 41 61 59 56 51 42 38 39 40 32 35 37 36 29 25 18 13 11 12 
56 51 42 38 39 40 41 46 54 62 61 59 56 40 32 28 25 29 36 29 25 18 16 11 12 
56 58 63 66 62 61 59 56 40 41 46 48 44 45 37 36 29 25 18 13 11 12 
56 58 63 66 67 68 65 54 62 61 59 61 41 46 48 44 45 37 36 29 25 18 16 17 14 12 
56 51 42 38 39 40 41 46 54 62 61 59 61 41 40 32 28 25 29 36 29 25 18 13 3 6 11 12 
56 40 41 46 54 62 61 59 61 41 46 48 44 45 37 36 29 19 15 18 13 11 12 
56 40 41 46 54 62 61 59 61 62 54 46 48 44 45 37 36 29 19 15 18 16 11 12 
56 58 55 49 42 38 39 40 41 61 59 61 41 40 32 28 25 29 36 29 19 15 18 16 11 12 
56 58 63 66 62 61 59 61 62 54 46 48 44 45 37 36 29 25 18 13 3 6 11 12 
56 58 63 66 62 61 59 56 40 32 28 25 18 15 19 29 36 29 25 18 13 11 12 
56 58 63 66 67 68 65 54 62 61 59 56 40 32 35 37 36 29 25 28 26 23 24 16 11 12 
56 51 42 49 55 58 63 66 62 61 59 56 40 41 46 48 44 45 37 36 29 25 18 13 3 6 11 12 
56 51 42 38 39 40 41 61 59 56 40 32 28 25 29 36 29 25 18 16 11 12 
56 51 42 38 39 40 41 46 54 62 61 59 56 40 32 28 25 29 36 37 35 32 28 25 18 13 11 12 
56 59 61 62 54 46 41 40 32 35 37 36 29 25 18 16 11 12 
56 58 63 66 62 61 59 56 40 32 28 25 18 15 19 29 36 29 25 18 13 3 6 8 10 12 
56 58 63 66 62 54 46 41 61 59 56 40 32 28 25 18 15 19 29 36 29 19 15 18 16 17 14 12 
56 51 42 38 39 40 41 61 59 56 51 42 38 39 40 32 35 37 36 29 25 18 13 3 6 11 12 
---------------
Request id 7
3 13 18 25 28 32 40 41 46 48 57 60 64 70 64 65 54 46 41 40 56 59 56 40 39 33 30 24 20 17 21 
3 13 18 25 28 32 40 41 46 48 57 60 64 70 64 65 54 46 41 61 59 61 41 40 39 38 34 31 27 22 21 
3 13 11 16 18 25 28 32 40 41 46 54 65 64 70 64 60 57 48 46 54 62 61 59 56 40 39 38 34 31 27 22 21 
3 13 18 25 28 32 40 41 61 62 54 65 64 70 64 65 54 46 41 61 59 56 40 39 38 34 31 27 22 21 
3 5 0 13 18 25 28 32 40 41 46 54 65 64 70 64 65 68 67 66 63 58 56 59 61 41 40 32 28 25 18 16 17 21 
3 13 18 25 28 32 40 41 61 62 54 65 64 70 64 65 54 46 41 40 56 59 56 40 32 28 25 18 16 17 21 
3 13 18 25 28 32 40 41 46 54 65 64 70 64 60 57 48 46 41 61 59 56 40 39 33 30 24 27 22 21 
3 13 18 25 28 32 40 41 61 62 54 65 64 70 64 65 68 69 67 66 62 61 59 56 40 39 33 30 24 20 17 21 
3 13 18 16 24 30 33 39 40 41 46 54 65 64 70 64 65 54 62 66 63 58 56 59 56 40 39 33 30 24 16 17 21 
3 13 18 16 24 30 33 39 40 41 46 54 65 64 70 64 65 54 62 66 63 58 56 59 61 41 40 39 38 34 31 27 22 21 
3 13 18 25 29 36 37 45 44 48 57 60 64 70 64 60 57 48 46 54 62 61 59 61 41 40 39 38 34 31 27 22 21 
3 13 11 16 24 30 33 39 40 41 46 54 65 64 70 64 65 68 67 66 62 61 59 61 41 40 39 38 34 31 27 22 21 
3 13 18 25 28 32 40 41 46 48 57 60 64 70 64 65 54 46 41 40 56 59 56 40 39 38 34 31 27 22 21 
3 13 18 16 24 30 33 39 40 41 46 54 65 64 70 64 65 54 46 41 61 59 56 51 42 38 34 31 27 22 21 
3 5 0 13 18 25 28 32 40 41 46 54 65 64 70 64 65 54 46 41 61 59 61 41 40 39 33 30 24 27 22 21 
3 13 18 25 28 32 40 41 46 48 57 60 64 70 64 65 68 67 66 62 61 59 56 40 32 28 26 23 24 27 22 21 
3 13 11 16 18 25 28 32 40 41 46 54 65 64 70 64 65 68 67 66 62 61 59 56 40 32 28 25 18 16 17 21 
3 13 11 16 18 25 28 32 40 41 46 54 65 64 70 64 65 68 67 66 62 61 59 56 40 39 33 30 24 27 22 21 
3 13 11 16 18 25 28 32 40 41 46 54 65 64 70 64 60 57 48 46 54 62 61 59 56 40 39 33 30 24 27 22 21 
3 13 18 25 28 32 40 41 46 48 57 60 64 70 64 65 68 69 67 66 62 61 59 56 40 32 28 25 18 16 17 21 
---------------
