Request id 18
69 67 66 62 61 59 56 40 39 33 30 24 24 24 20 17 16 18 25 28 32 40 41 46 
69 67 66 62 61 59 56 40 39 33 30 24 24 24 27 31 34 38 39 40 41 46 
69 68 67 66 63 58 56 40 39 33 30 24 24 24 30 33 39 40 56 59 61 41 46 
69 68 67 66 63 58 56 40 39 33 30 24 24 24 27 31 34 38 39 40 41 46 
69 68 65 54 62 61 41 40 39 33 30 24 24 24 30 33 39 40 41 46 
69 68 65 54 46 41 40 39 33 30 24 24 24 30 33 39 40 41 61 62 54 46 
69 67 66 62 54 46 41 40 39 33 30 24 24 24 30 33 39 40 56 59 61 41 46 
69 67 68 65 54 46 41 40 39 33 30 24 24 24 30 33 39 40 56 59 61 41 46 
69 67 66 63 58 56 40 39 33 30 24 24 24 27 31 34 38 42 51 56 40 41 46 
69 67 66 62 54 46 41 40 39 33 30 24 24 24 30 33 39 40 41 61 62 54 46 
69 67 66 62 61 41 40 39 33 30 24 24 24 30 33 39 40 56 59 61 62 54 46 
69 67 66 62 61 41 40 39 33 30 24 24 24 30 33 39 40 41 46 
69 67 68 65 54 46 41 40 39 33 30 24 24 24 27 31 34 38 42 51 56 40 41 46 
69 68 67 66 62 61 41 40 39 33 30 24 24 24 27 31 34 38 39 40 41 46 
69 67 66 62 54 46 41 40 39 33 30 24 24 24 30 33 39 38 42 51 56 40 41 46 
69 67 66 62 54 46 41 40 39 33 30 24 24 24 16 18 25 28 32 40 41 46 
69 67 66 62 61 59 56 40 39 33 30 24 24 24 16 18 25 28 32 40 41 46 
69 68 65 54 62 61 41 40 39 33 30 24 24 24 27 31 34 38 42 51 56 40 41 46 
69 67 66 63 58 56 40 39 33 30 24 24 24 23 26 28 32 40 41 46 
69 67 66 63 58 56 40 32 28 26 23 24 24 24 16 18 25 28 32 40 41 46 
69 67 66 62 54 46 41 40 39 33 30 24 24 24 27 31 34 38 42 51 56 40 41 46 
69 67 68 65 54 46 41 40 39 33 30 24 24 24 27 31 34 38 39 40 41 46 
69 67 66 62 61 59 56 40 39 33 30 24 24 24 30 33 39 40 41 61 62 54 46 
69 68 67 66 62 61 41 40 39 33 30 24 24 24 23 26 28 32 40 41 46 
69 67 66 63 58 56 40 32 28 26 23 24 24 24 23 26 28 32 40 41 46 
69 68 65 54 46 41 40 39 33 30 24 24 24 27 31 34 38 42 51 56 40 41 46 
69 67 66 62 54 46 41 40 39 33 30 24 24 24 27 31 34 38 39 40 41 46 
69 68 67 66 62 61 41 40 39 33 30 24 24 24 20 17 16 18 25 28 32 40 41 46 
69 67 66 62 61 41 40 39 33 30 24 24 24 30 33 39 40 41 61 62 54 46 
69 67 66 63 58 56 40 32 28 26 23 24 24 24 30 33 39 40 56 59 61 62 54 46 
---------------
Request id 26
40 32 28 26 23 24 24 24 30 33 39 40 41 61 62 
40 39 38 34 31 27 24 24 24 30 33 39 40 41 46 54 62 
40 32 28 25 18 16 24 24 24 23 26 28 32 40 41 46 54 62 
40 56 51 42 38 34 31 27 24 24 24 30 33 39 40 56 59 61 62 
40 32 28 26 23 24 24 24 23 26 28 32 40 41 61 62 
40 32 35 37 36 29 25 18 16 24 24 24 30 33 39 40 41 46 54 62 
40 56 51 42 38 34 31 27 24 24 24 23 26 28 32 40 56 59 61 62 
40 32 28 25 29 19 15 18 16 24 24 24 30 33 39 40 41 46 54 62 
40 32 28 25 29 19 15 18 16 24 24 24 30 33 39 40 56 59 61 62 
40 56 51 42 38 39 33 30 24 24 24 30 33 39 40 41 46 54 62 
40 39 33 30 24 24 24 30 33 39 38 42 51 56 59 61 62 
40 32 28 25 29 19 15 18 16 24 24 24 30 33 39 40 41 61 62 
40 56 51 42 38 34 31 27 24 24 24 30 33 39 38 42 51 56 59 61 62 
40 39 33 30 24 24 24 30 33 39 40 41 46 54 62 
40 32 28 25 18 16 17 20 24 24 24 27 31 34 38 39 40 41 61 62 
40 32 28 25 18 13 11 16 24 24 24 30 33 39 40 41 61 62 
40 32 28 25 18 16 24 24 24 23 26 28 32 40 41 61 62 
40 32 28 25 18 16 17 20 24 24 24 30 33 39 40 56 58 63 66 62 
40 39 38 34 31 27 24 24 24 23 26 28 32 40 56 59 61 62 
40 39 33 30 24 24 24 23 26 28 32 40 56 59 61 62 
40 32 28 26 23 24 24 24 27 31 34 38 39 40 41 61 62 
40 32 28 25 18 16 17 20 24 24 24 23 26 28 32 40 56 59 61 62 
40 39 38 34 31 27 24 24 24 27 31 34 38 39 40 41 61 62 
40 32 28 25 18 16 17 20 24 24 24 23 26 28 32 40 41 61 62 
40 56 51 42 38 39 33 30 24 24 24 23 26 28 32 40 41 46 54 62 
40 32 35 37 36 29 25 18 16 24 24 24 23 26 28 32 40 41 61 62 
40 56 51 42 38 39 33 30 24 24 24 23 26 28 32 40 41 61 62 
40 32 28 25 18 16 24 24 24 30 33 39 40 56 59 61 62 
40 39 38 34 31 27 24 24 24 30 33 39 40 41 61 62 
40 56 51 42 38 39 33 30 24 24 24 27 31 34 38 39 40 41 61 62 
---------------
Request id 21
48 46 41 40 32 28 26 23 24 24 24 30 33 39 40 41 46 54 62 
48 46 41 40 39 33 30 24 24 24 16 18 25 28 32 40 41 61 62 
48 46 41 61 59 56 40 39 33 30 24 24 24 30 33 39 40 41 61 62 
48 46 54 62 61 41 40 39 33 30 24 24 24 23 26 28 32 40 41 46 54 62 
48 44 45 37 36 29 25 28 26 23 24 24 24 30 33 39 40 56 59 61 62 
48 44 45 37 36 29 19 15 18 16 24 24 24 23 26 28 32 40 41 61 62 
48 46 41 40 39 38 34 31 27 24 24 24 30 33 39 40 41 46 54 62 
48 46 41 40 32 28 26 23 24 24 24 16 18 25 28 32 40 41 61 62 
48 46 41 40 39 33 30 24 24 24 23 26 28 32 40 41 46 54 62 
48 44 45 37 35 32 28 26 23 24 24 24 27 31 34 38 39 40 41 61 62 
48 44 45 37 36 29 19 15 18 16 24 24 24 30 33 39 40 41 46 54 62 
48 46 41 40 32 28 25 18 16 24 24 24 30 33 39 38 42 51 56 59 61 62 
48 46 54 62 61 41 40 39 33 30 24 24 24 23 26 28 32 40 56 59 61 62 
48 44 45 37 36 29 25 28 26 23 24 24 24 23 26 28 32 40 41 61 62 
48 46 41 40 39 33 30 24 24 24 30 33 39 38 42 51 56 59 61 62 
48 44 45 37 36 29 25 18 16 24 24 24 30 33 39 40 56 58 63 66 62 
48 44 45 37 36 29 25 18 16 24 24 24 30 33 39 40 41 46 54 62 
48 44 45 37 36 29 19 15 18 16 24 24 24 23 26 28 32 40 41 46 54 62 
48 46 41 61 59 56 40 39 33 30 24 24 24 23 26 28 32 40 41 46 54 62 
48 44 45 37 35 32 28 26 23 24 24 24 23 26 28 32 40 56 59 61 62 
48 46 41 40 32 28 25 18 16 24 24 24 30 33 39 40 41 61 62 
48 44 45 37 36 29 19 15 18 16 24 24 24 30 33 39 40 41 61 62 
48 46 41 40 32 28 26 23 24 24 24 23 26 28 32 40 56 59 61 62 
48 46 41 40 32 28 26 23 24 24 24 23 26 28 32 40 41 46 54 62 
48 46 41 40 32 28 25 18 16 24 24 24 16 18 25 28 32 40 41 61 62 
48 46 41 40 32 28 25 18 16 24 24 24 30 33 39 40 41 46 54 62 
48 46 54 62 61 41 40 39 33 30 24 24 24 23 26 28 32 40 41 61 62 
48 46 41 40 32 28 26 23 24 24 24 30 33 39 40 41 61 62 
48 46 41 40 39 33 30 24 24 24 30 33 39 40 41 61 62 
48 44 45 37 36 29 19 15 18 16 24 24 24 16 18 25 28 32 40 41 61 62 
---------------
Request id 11
31 27 22 21 17 16 24 24 24 16 11 13 0 
31 27 22 21 17 14 12 11 13 18 16 24 24 24 20 17 16 18 13 0 
31 34 38 39 33 30 24 24 24 16 11 13 0 
31 34 38 39 40 32 28 26 23 24 24 24 16 18 13 3 5 0 
31 27 22 21 17 16 18 25 28 26 23 24 24 24 16 11 6 3 5 0 
31 27 22 21 17 20 24 24 24 16 11 13 3 5 0 
31 34 38 39 33 30 24 24 24 16 11 13 3 5 0 
31 27 22 21 17 20 24 24 24 16 18 13 0 
31 27 22 21 17 16 24 24 24 16 18 13 0 
31 27 22 21 17 20 24 24 24 16 11 13 0 
31 34 38 39 33 30 24 24 24 20 17 16 11 13 0 
31 27 22 21 17 14 12 11 16 24 24 24 16 11 13 3 5 0 
31 34 38 39 33 30 24 24 24 20 17 14 12 11 13 0 
31 34 38 39 40 32 28 26 23 24 24 24 16 11 13 3 5 0 
31 27 22 21 17 14 12 11 13 18 16 24 24 24 16 18 15 9 2 0 
31 27 22 21 17 14 12 11 13 18 16 24 24 24 20 17 16 11 13 0 
31 34 38 42 51 56 40 39 33 30 24 24 24 16 18 15 9 2 0 
31 34 38 42 51 56 40 39 33 30 24 24 24 20 17 16 18 13 0 
31 34 38 42 51 56 40 39 33 30 24 24 24 16 18 13 0 
31 34 38 39 33 30 24 24 24 16 18 13 0 
31 27 22 21 17 16 24 24 24 20 17 16 18 13 0 
31 27 24 24 24 16 11 13 3 5 0 
31 27 22 21 17 14 12 11 16 24 24 24 16 18 13 3 5 0 
31 27 24 24 24 16 18 13 0 
31 34 38 39 40 32 28 26 23 24 24 24 20 17 16 11 13 0 
31 34 38 39 40 32 28 26 23 24 24 24 16 18 13 0 
31 27 22 21 17 14 12 11 16 24 24 24 20 17 16 11 13 0 
31 34 38 42 51 56 40 39 33 30 24 24 24 16 11 13 3 5 0 
31 27 22 21 17 14 12 11 16 24 24 24 20 17 16 18 13 0 
31 34 38 39 40 32 28 25 18 16 24 24 24 16 18 15 9 2 0 
---------------
Request id 15
52 47 43 34 38 39 40 32 28 26 23 24 16 18 13 11 6 3 1 
52 47 43 34 31 27 22 21 17 16 24 16 18 13 3 1 
52 47 43 34 38 39 33 30 24 16 11 13 0 5 3 1 
52 53 50 49 42 51 56 40 39 33 30 24 20 17 16 11 6 3 1 
52 47 43 34 38 39 40 32 28 26 23 24 16 11 6 3 1 
52 53 50 49 42 38 39 33 30 24 16 11 6 8 7 4 1 
52 53 50 49 42 38 34 31 27 24 16 11 6 3 1 
52 47 43 34 31 27 24 16 11 6 8 7 4 1 
52 53 50 49 42 38 34 31 27 24 16 11 13 3 1 
52 53 50 49 42 38 34 31 27 24 20 17 16 11 13 3 1 
52 47 43 34 31 27 22 21 17 16 24 20 17 16 11 6 3 1 
52 47 43 34 31 27 24 16 18 13 3 1 
52 47 43 34 38 39 40 32 28 26 23 24 16 11 6 8 7 4 1 
52 47 43 34 31 27 24 20 17 16 18 13 3 1 
52 47 43 34 31 27 22 21 17 16 24 16 11 6 3 1 
52 53 50 49 55 58 56 40 39 33 30 24 16 11 13 0 5 3 1 
52 47 43 34 38 39 40 32 28 26 23 24 20 17 16 11 6 3 1 
52 53 50 49 42 38 39 33 30 24 16 11 6 3 1 
52 47 43 34 31 27 22 21 17 20 24 16 11 6 3 1 
52 53 50 49 42 38 39 33 30 24 16 11 13 0 5 3 1 
52 53 50 49 55 58 56 40 39 33 30 24 20 17 16 11 13 3 1 
52 53 50 49 42 38 34 31 27 24 20 17 16 11 6 3 1 
52 53 50 49 42 38 34 31 27 24 16 11 6 8 7 4 1 
52 53 50 49 55 58 56 40 39 33 30 24 16 18 13 11 6 3 1 
52 47 43 34 38 42 51 56 40 39 33 30 24 20 17 16 11 6 3 1 
52 47 43 34 31 27 22 21 17 16 24 16 11 6 8 7 4 1 
52 47 43 34 38 42 51 56 40 39 33 30 24 16 18 13 0 5 3 1 
52 53 50 49 42 51 56 40 39 33 30 24 16 11 6 3 1 
52 53 50 49 42 38 34 31 27 24 16 11 13 0 5 3 1 
52 47 43 34 38 39 33 30 24 20 17 16 11 13 3 1 
---------------
Request id 30
27 22 21 17 16 18 25 28 26 23 24 24 24 16 18 25 28 32 40 41 61 59 
27 31 34 38 39 40 32 28 25 18 16 24 24 24 30 33 39 40 41 61 59 
27 24 24 24 30 33 39 40 56 59 
27 22 21 17 20 24 24 24 23 26 28 32 40 41 61 59 
27 22 21 17 14 12 11 16 24 24 24 30 33 39 38 42 51 56 59 
27 22 21 17 16 24 24 24 30 33 39 40 56 59 
27 31 34 38 39 33 30 24 24 24 27 31 34 38 39 40 56 59 
27 31 34 38 39 33 30 24 24 24 23 26 28 32 40 56 59 
27 22 21 17 14 12 11 16 24 24 24 23 26 28 32 40 56 59 
27 22 21 17 16 24 24 24 16 18 25 28 32 40 56 59 
27 31 34 38 39 40 32 28 25 18 16 24 24 24 30 33 39 38 42 51 56 59 
27 22 21 17 14 12 11 13 18 16 24 24 24 23 26 28 32 40 56 59 
27 24 24 24 16 18 25 28 32 40 56 59 
27 22 21 17 14 12 10 8 6 11 16 24 24 24 23 26 28 32 40 56 59 
27 31 34 38 39 40 32 28 26 23 24 24 24 30 33 39 38 42 51 56 59 
27 22 21 17 14 12 11 16 24 24 24 23 26 28 32 40 41 61 59 
27 22 21 17 14 12 10 8 6 11 16 24 24 24 27 31 34 38 42 51 56 59 
27 31 34 38 39 40 32 28 26 23 24 24 24 30 33 39 40 41 61 59 
27 31 34 38 39 40 32 28 25 18 16 24 24 24 23 26 28 32 40 56 59 
27 22 21 17 14 12 11 13 18 16 24 24 24 27 31 34 38 39 40 41 61 59 
27 22 21 17 14 12 11 13 18 16 24 24 24 16 18 25 28 32 40 41 61 59 
27 31 34 38 39 40 32 28 25 18 16 24 24 24 27 31 34 38 39 40 56 59 
27 22 21 17 16 18 25 28 26 23 24 24 24 27 31 34 38 39 40 56 59 
27 31 34 38 39 40 32 28 25 18 16 24 24 24 16 18 25 28 32 40 41 61 59 
27 31 34 38 39 40 32 28 26 23 24 24 24 27 31 34 38 39 40 56 59 
27 24 24 24 27 31 34 38 39 40 41 61 59 
27 31 34 38 39 40 32 28 26 23 24 24 24 23 26 28 32 40 41 61 59 
27 24 24 24 23 26 28 32 40 56 59 
27 22 21 17 14 12 10 8 6 11 16 24 24 24 16 18 25 28 32 40 41 61 59 
27 22 21 17 14 12 11 13 18 16 24 24 24 30 33 39 40 56 59 
---------------
Request id 24
36 29 25 18 18 18 25 28 32 35 37 45 44 48 57 60 64 
36 29 19 15 18 18 18 25 28 32 40 41 46 48 57 60 64 
36 37 35 32 28 26 23 24 16 18 18 18 25 28 32 35 37 45 44 48 57 60 64 
36 29 25 28 26 23 24 16 11 13 18 18 18 25 29 36 37 45 44 48 57 60 64 
36 37 35 32 28 26 23 24 16 18 18 18 25 28 32 40 41 61 62 54 65 64 
36 37 35 32 28 26 23 24 16 18 18 18 25 28 32 40 41 46 54 65 64 
36 37 35 32 40 39 33 30 24 16 18 18 18 25 28 32 40 41 61 62 54 65 64 
36 29 25 28 26 23 24 16 18 18 18 15 19 29 36 37 45 44 48 57 60 64 
36 37 35 32 28 25 18 18 18 25 28 32 40 41 46 48 57 60 64 
36 29 19 15 9 2 0 13 11 16 18 18 18 25 28 32 40 41 46 54 65 64 
36 29 25 28 26 23 24 16 11 13 18 18 18 25 28 32 35 37 45 44 48 57 60 64 
36 29 25 18 18 18 25 28 32 40 56 59 61 62 54 65 64 
36 29 25 28 26 23 24 16 18 18 18 16 24 30 33 39 40 41 46 54 65 64 
36 29 19 15 18 18 18 25 29 36 37 45 44 48 57 60 64 
36 29 19 15 9 2 0 13 18 18 18 25 29 36 37 45 44 48 46 54 65 64 
36 29 19 15 9 2 0 13 11 16 18 18 18 25 28 32 40 56 59 61 62 54 65 64 
36 37 35 32 28 26 23 24 16 18 18 18 25 28 32 40 41 61 62 66 67 68 65 64 
36 29 19 15 9 2 0 13 18 18 18 16 24 30 33 39 40 41 46 54 65 64 
36 29 25 18 18 18 15 19 29 36 37 45 44 48 57 60 64 
36 37 35 32 28 25 29 19 15 18 18 18 25 29 36 37 45 44 48 57 60 64 
36 37 35 32 28 25 29 19 15 18 18 18 15 19 29 36 37 45 44 48 57 60 64 
36 29 19 15 18 18 18 15 19 29 36 37 45 44 48 57 60 64 
36 29 25 28 26 23 24 16 18 18 18 25 28 32 35 37 45 44 48 57 60 64 
36 29 25 28 26 23 24 16 18 18 18 25 29 36 37 45 44 48 46 54 65 64 
36 37 35 32 40 39 33 30 24 16 18 18 18 16 24 30 33 39 40 41 46 54 65 64 
36 29 25 28 26 23 24 16 11 13 18 18 18 16 24 30 33 39 40 41 46 54 65 64 
36 29 25 18 18 18 25 29 36 37 45 44 48 57 60 64 
36 29 25 28 26 23 24 16 18 18 18 25 28 32 40 41 46 48 57 60 64 
36 37 35 32 40 39 33 30 24 16 18 18 18 25 28 32 40 41 46 48 57 60 64 
36 29 19 15 9 2 0 13 11 16 18 18 18 25 28 32 35 37 45 44 48 57 60 64 
---------------
Request id 4
38 42 51 56 40 32 28 26 23 24 24 24 16 11 13 18 25 28 32 40 39 33 
38 39 40 32 28 25 18 16 17 20 24 24 24 16 18 15 19 29 25 28 32 40 39 33 
38 39 33 30 24 24 24 30 33 
38 34 31 27 22 21 17 20 24 24 24 20 17 16 18 25 28 32 40 39 33 
38 34 31 27 22 21 17 20 24 24 24 16 11 13 18 25 28 32 40 39 33 
38 42 49 55 58 56 40 39 33 30 24 24 24 16 18 25 28 32 40 39 33 
38 42 51 56 40 32 28 26 23 24 24 24 30 33 
38 42 51 56 40 39 33 30 24 24 24 23 26 28 32 40 39 33 
38 42 51 56 40 32 28 26 23 24 24 24 20 17 21 22 27 31 34 38 39 33 
38 39 40 32 28 26 23 24 24 24 16 11 13 18 25 28 32 40 39 33 
38 42 49 55 58 56 40 39 33 30 24 24 24 27 31 34 38 42 51 56 40 39 33 
38 42 51 56 40 39 33 30 24 24 24 16 18 25 28 32 40 39 33 
38 42 49 55 58 56 40 39 33 30 24 24 24 30 33 
38 34 31 27 22 21 17 16 24 24 24 16 18 15 19 29 25 28 32 40 39 33 
38 39 40 32 28 25 18 16 24 24 24 16 11 13 18 25 28 32 40 39 33 
38 39 40 32 28 26 23 24 24 24 16 18 15 19 29 25 28 32 40 39 33 
38 39 40 32 28 25 18 16 17 20 24 24 24 20 17 16 18 25 28 32 40 39 33 
38 42 51 56 40 39 33 30 24 24 24 30 33 
38 34 31 27 24 24 24 16 18 15 19 29 25 28 32 40 39 33 
38 39 40 32 28 25 18 16 24 24 24 16 17 21 22 27 31 34 38 39 33 
38 34 31 27 22 21 17 20 24 24 24 27 31 34 38 42 51 56 40 39 33 
38 34 31 27 24 24 24 20 17 16 18 25 28 32 40 39 33 
38 34 31 27 22 21 17 16 24 24 24 27 31 34 38 39 33 
38 39 40 32 28 26 23 24 24 24 27 31 34 38 42 51 56 40 39 33 
38 42 49 55 58 56 40 39 33 30 24 24 24 16 17 21 22 27 31 34 38 39 33 
38 39 40 32 28 25 18 16 24 24 24 16 18 15 19 29 25 28 32 40 39 33 
38 39 40 32 28 25 18 16 24 24 24 27 31 34 38 42 51 56 40 39 33 
38 34 31 27 22 21 17 16 24 24 24 30 33 
38 39 40 32 28 25 18 16 24 24 24 30 33 
38 34 31 27 22 21 17 20 24 24 24 16 18 25 28 32 40 39 33 
---------------
Request id 8
66 62 54 46 41 40 32 28 25 18 13 11 16 24 27 31 
66 62 61 41 40 32 28 25 29 19 15 18 13 11 16 24 27 31 
66 62 61 41 40 32 28 25 29 19 15 18 16 24 27 31 
66 63 58 56 40 39 33 30 24 16 18 16 24 30 33 39 38 34 31 
66 63 58 56 40 32 28 25 18 25 28 26 23 24 27 31 
66 62 61 41 40 32 28 25 29 19 15 18 16 24 30 33 39 38 34 31 
66 63 58 56 40 32 28 25 18 13 11 16 17 20 24 27 31 
66 63 58 56 40 32 28 25 18 16 24 27 31 
66 63 58 56 59 61 41 40 32 28 25 18 16 24 30 33 39 38 34 31 
66 67 68 65 54 46 41 40 32 28 25 18 16 24 27 31 
66 62 61 41 40 32 28 25 18 16 17 21 22 27 31 
66 62 54 46 48 44 45 37 36 29 25 18 16 17 20 24 27 31 
66 63 58 56 59 61 41 40 32 28 25 18 16 24 27 31 
66 63 58 56 40 39 33 30 24 16 18 16 24 20 17 21 22 27 31 
66 62 61 59 56 40 32 28 25 18 16 24 20 17 21 22 27 31 
66 67 68 65 54 46 41 40 32 28 25 18 16 24 30 33 39 38 34 31 
66 62 61 41 40 39 33 30 24 16 18 13 3 6 11 16 24 27 31 
66 63 58 56 59 61 41 40 32 28 25 18 13 11 16 24 27 31 
66 63 58 56 59 61 41 40 32 28 25 18 13 3 6 11 16 24 27 31 
66 67 68 65 54 46 41 40 32 28 25 18 16 24 20 17 21 22 27 31 
66 63 58 56 59 61 41 40 32 28 25 18 16 17 21 22 27 31 
66 63 58 56 40 32 28 25 18 16 24 30 33 39 38 34 31 
66 62 54 46 41 40 32 28 25 18 13 3 6 11 16 24 27 31 
66 62 61 41 40 32 28 25 18 16 24 20 17 21 22 27 31 
66 62 61 59 56 40 32 28 25 18 16 17 21 22 27 31 
66 62 61 41 40 32 28 25 29 19 15 18 16 24 20 17 21 22 27 31 
66 62 61 59 56 40 32 28 25 18 13 11 16 17 20 24 27 31 
66 62 61 41 40 32 28 25 29 19 15 18 16 17 21 22 27 31 
66 62 61 41 40 32 28 25 18 25 28 32 40 39 38 34 31 
66 62 54 46 41 40 32 28 25 18 25 28 32 40 39 38 34 31 
---------------
Request id 25
5 0 13 11 12 10 8 6 3 3 3 13 11 16 24 27 
5 0 13 11 6 8 7 4 1 3 3 3 13 18 16 24 27 
5 0 2 9 15 18 16 11 6 3 3 3 13 11 16 17 21 22 27 
5 0 13 3 3 3 5 0 13 11 16 24 27 
5 0 13 3 3 3 13 11 16 24 27 
5 0 13 18 16 11 6 3 3 3 6 11 13 18 16 24 27 
5 0 2 9 15 18 13 3 3 3 6 11 16 17 20 24 27 
5 0 2 9 15 18 13 11 6 3 3 3 5 0 13 11 16 24 27 
5 3 3 3 6 11 16 17 21 22 27 
5 0 13 11 12 10 8 6 3 3 3 6 11 16 24 27 
5 0 13 3 3 3 6 11 16 17 21 22 27 
5 0 2 9 15 18 16 11 6 3 3 3 6 11 13 18 16 24 27 
5 0 2 9 15 18 13 3 3 3 6 11 13 18 16 24 27 
5 0 13 3 3 3 6 11 13 18 16 24 27 
5 0 13 11 12 10 8 6 3 3 3 5 0 13 18 16 24 27 
5 0 13 11 6 3 3 3 6 11 16 17 21 22 27 
5 0 13 11 12 10 8 6 3 3 3 6 11 13 18 16 24 27 
5 0 13 11 12 10 8 6 3 3 3 5 0 13 11 16 24 27 
5 0 13 3 3 3 13 11 16 17 20 24 27 
5 0 13 18 16 11 6 3 3 3 6 11 16 17 21 22 27 
5 0 2 9 15 18 13 11 6 3 3 3 6 11 16 17 21 22 27 
5 0 2 9 15 18 13 3 3 3 5 0 13 11 16 24 27 
5 0 2 9 15 18 16 11 6 3 3 3 5 0 13 18 16 24 27 
5 0 2 9 15 18 16 11 6 3 3 3 6 11 16 24 27 
5 3 3 3 13 11 16 17 20 24 27 
5 0 13 11 6 3 3 3 6 11 16 17 20 24 27 
5 0 2 9 15 18 13 3 3 3 13 18 16 24 27 
5 0 2 9 15 18 16 11 6 3 3 3 6 11 16 17 20 24 27 
5 0 2 9 15 18 13 3 3 3 13 11 16 24 27 
5 0 2 9 15 18 13 3 3 3 5 0 13 18 16 24 27 
---------------
Request id 13
15 9 2 0 13 3 6 11 16 18 18 18 15 19 29 25 28 32 40 41 46 48 57 
15 9 2 0 13 3 6 11 16 18 18 18 25 28 32 40 56 59 61 41 46 48 57 
15 9 2 0 13 18 18 18 16 24 30 33 39 40 41 46 48 57 
15 18 18 18 15 19 29 36 37 45 44 48 57 
15 9 2 0 5 3 13 11 16 18 18 18 25 28 32 35 37 45 44 48 57 
15 9 2 0 5 3 6 11 13 18 18 18 16 24 30 33 39 40 41 46 48 57 
15 19 29 25 28 26 23 24 16 18 18 18 15 19 29 25 28 32 40 41 46 48 57 
15 9 2 0 5 3 6 11 13 18 18 18 15 19 29 25 28 32 40 41 46 48 57 
15 9 2 0 13 18 18 18 25 28 32 40 56 59 61 41 46 48 57 
15 18 18 18 25 29 36 37 45 44 48 57 
15 19 29 25 18 18 18 25 28 32 40 41 46 48 57 
15 19 29 25 28 26 23 24 16 18 18 18 25 28 32 40 41 61 62 54 46 48 57 
15 19 29 25 18 18 18 25 29 36 37 45 44 48 57 
15 9 2 0 5 3 13 11 16 18 18 18 15 19 29 36 37 45 44 48 57 
15 9 2 0 13 11 16 18 18 18 25 28 32 40 41 46 48 57 
15 18 18 18 25 28 32 40 41 46 54 65 64 60 57 
15 9 2 0 13 18 18 18 25 28 32 40 41 61 62 54 46 48 57 
15 9 2 0 5 3 13 18 18 18 25 28 32 40 41 46 54 65 64 60 57 
15 9 2 0 5 3 6 11 13 18 18 18 15 19 29 36 37 45 44 48 57 
15 9 2 0 13 11 16 18 18 18 25 28 32 40 41 61 62 54 46 48 57 
15 9 2 0 13 3 6 11 16 18 18 18 25 28 32 40 41 46 54 65 64 60 57 
15 18 18 18 25 28 32 40 41 46 48 57 
15 9 2 0 5 3 13 18 18 18 25 28 32 40 41 46 48 57 
15 9 2 0 5 3 6 11 13 18 18 18 25 28 32 40 41 61 62 54 46 48 57 
15 9 2 0 5 3 13 11 16 18 18 18 15 19 29 25 28 32 40 41 46 48 57 
15 9 2 0 5 3 13 11 16 18 18 18 16 24 30 33 39 40 41 46 48 57 
15 19 29 36 37 35 32 28 25 18 18 18 25 29 36 37 45 44 48 57 
15 18 18 18 16 24 30 33 39 40 41 46 48 57 
15 19 29 25 18 18 18 15 19 29 36 37 45 44 48 57 
15 19 29 36 37 35 32 28 25 18 18 18 15 19 29 25 28 32 40 41 46 48 57 
---------------
Request id 10
23 26 28 25 18 13 3 6 11 16 24 24 20 17 16 11 12 
23 26 28 32 40 39 33 30 24 24 20 17 14 12 
23 26 28 25 18 13 11 16 17 20 24 24 27 22 21 17 14 12 
23 26 28 25 29 19 15 18 16 24 24 16 11 12 
23 26 28 25 18 13 11 16 17 20 24 24 20 17 16 11 12 
23 26 28 25 18 13 3 6 11 16 24 24 16 18 13 3 6 11 12 
23 26 28 32 40 39 38 34 31 27 24 24 16 11 12 
23 26 28 25 29 19 15 18 16 24 24 27 22 21 17 16 11 12 
23 26 28 25 18 16 17 20 24 24 16 11 6 8 10 12 
23 24 24 27 22 21 17 16 11 12 
23 26 28 25 18 16 17 21 22 27 24 24 16 18 13 3 6 11 12 
23 26 28 25 18 16 24 24 16 17 14 12 
23 26 28 25 18 16 17 20 24 24 20 17 16 18 13 11 12 
23 26 28 32 40 39 38 34 31 27 24 24 20 17 16 18 13 11 12 
23 26 28 25 18 13 11 16 17 20 24 24 16 11 6 8 10 12 
23 26 28 25 18 16 17 21 22 27 24 24 20 17 16 18 13 11 12 
23 26 28 32 40 39 33 30 24 24 16 11 6 8 10 12 
23 26 28 25 18 13 11 16 17 20 24 24 16 17 14 12 
23 26 28 32 40 39 38 34 31 27 24 24 16 18 13 3 6 11 12 
23 26 28 32 40 39 33 30 24 24 16 17 14 12 
23 26 28 25 18 16 17 20 24 24 20 17 16 11 12 
23 26 28 25 18 16 24 24 16 11 12 
23 26 28 25 29 19 15 18 16 24 24 27 22 21 17 14 12 
23 26 28 32 40 39 38 34 31 27 24 24 20 17 14 12 
23 26 28 25 29 19 15 18 16 24 24 20 17 16 18 13 11 12 
23 26 28 25 18 16 17 21 22 27 24 24 16 11 12 
23 26 28 25 18 13 11 16 17 20 24 24 16 18 13 11 12 
23 26 28 25 18 16 24 24 20 17 16 18 13 11 12 
23 26 28 25 18 13 11 16 17 20 24 24 20 17 16 18 13 11 12 
23 26 28 32 40 39 33 30 24 24 16 18 13 3 6 11 12 
---------------
Request id 12
51 56 59 61 41 40 32 28 25 18 18 25 28 32 40 56 59 61 62 66 63 
51 56 40 39 33 30 24 16 18 18 16 24 23 26 28 32 40 56 58 63 
51 42 38 39 40 32 28 25 18 18 25 28 32 40 39 38 42 49 55 58 63 
51 42 38 34 31 27 24 16 18 18 25 28 32 40 41 46 54 62 66 63 
51 42 38 34 31 27 24 16 11 13 18 18 25 29 36 37 35 32 40 56 58 63 
51 56 40 32 28 26 23 24 16 18 18 25 28 32 40 41 46 54 62 66 63 
51 42 38 39 33 30 24 16 18 18 25 28 32 40 41 46 54 62 66 63 
51 56 40 39 33 30 24 16 18 18 25 28 32 40 39 38 42 49 55 58 63 
51 56 40 32 28 25 29 19 15 18 18 25 28 32 40 41 61 62 66 63 
51 42 38 34 31 27 24 16 11 13 18 18 25 28 32 40 41 61 59 56 58 63 
51 56 40 32 35 37 36 29 25 18 18 25 29 36 37 35 32 40 56 58 63 
51 42 38 34 31 27 24 16 11 13 18 18 25 28 32 40 41 46 54 62 66 63 
51 56 40 32 28 25 18 18 25 28 32 40 56 58 63 
51 42 38 34 31 27 24 16 11 13 18 18 25 28 32 40 56 59 61 62 66 63 
51 42 38 39 40 32 28 25 18 18 25 29 36 37 35 32 40 56 58 63 
51 56 59 61 41 40 32 28 25 18 18 25 28 32 40 41 61 59 56 58 63 
51 42 38 34 31 27 24 16 18 18 25 28 32 40 39 38 42 49 55 58 63 
51 56 40 32 28 25 18 18 16 24 30 33 39 40 56 58 63 
51 42 38 39 33 30 24 16 18 18 25 28 32 40 41 61 59 56 58 63 
51 56 40 32 28 26 23 24 16 18 18 25 28 32 40 41 61 62 66 63 
51 56 59 61 41 40 32 28 25 18 18 25 28 32 40 41 46 54 62 66 63 
51 42 38 39 33 30 24 16 18 18 16 24 23 26 28 32 40 56 58 63 
51 56 40 32 35 37 36 29 25 18 18 25 28 32 40 41 61 62 66 63 
51 56 40 32 28 25 29 19 15 18 18 15 19 29 25 28 32 40 56 58 63 
51 56 40 32 28 26 23 24 16 18 18 25 28 32 40 39 38 42 49 55 58 63 
51 42 38 39 33 30 24 16 18 18 25 28 32 40 41 61 62 66 63 
51 56 40 32 35 37 36 29 25 18 18 16 24 30 33 39 40 56 58 63 
51 56 40 32 28 25 29 19 15 18 18 16 24 23 26 28 32 40 56 58 63 
51 56 40 39 33 30 24 16 18 18 25 28 32 40 41 61 59 56 58 63 
51 42 38 34 31 27 24 16 18 18 16 24 30 33 39 40 56 58 63 
---------------
Request id 3
65 54 62 61 59 56 40 39 33 30 24 24 16 18 25 28 32 35 37 45 44 48 57 
65 54 62 61 41 40 39 33 30 24 24 30 33 39 40 41 46 48 57 
65 54 62 61 41 40 32 28 26 23 24 24 16 18 25 28 32 35 37 45 44 48 57 
65 54 62 61 59 56 40 39 33 30 24 24 30 33 39 40 41 46 54 65 64 60 57 
65 54 46 41 40 39 38 34 31 27 24 24 16 18 25 29 36 37 45 44 48 57 
65 54 46 41 61 59 56 40 39 33 30 24 24 30 33 39 40 41 46 54 65 64 60 57 
65 54 62 66 63 58 56 40 39 33 30 24 24 30 33 39 40 41 46 54 65 64 60 57 
65 54 46 41 40 32 28 25 18 16 24 24 16 18 25 28 32 35 37 45 44 48 57 
65 54 46 41 40 32 28 25 18 16 24 24 23 26 28 25 29 36 37 45 44 48 57 
65 54 46 41 40 32 28 26 23 24 24 16 18 25 29 36 37 45 44 48 57 
65 54 46 41 61 59 56 40 39 33 30 24 24 23 26 28 32 40 41 46 48 57 
65 54 62 61 59 56 40 39 33 30 24 24 16 18 15 19 29 36 37 45 44 48 57 
65 54 46 41 40 39 33 30 24 24 30 33 39 40 41 46 54 65 64 60 57 
65 54 46 41 40 32 28 26 23 24 24 16 18 25 28 32 35 37 45 44 48 57 
65 54 46 41 40 39 38 34 31 27 24 24 16 18 25 28 32 35 37 45 44 48 57 
65 54 62 66 63 58 56 40 39 33 30 24 24 23 26 28 32 35 37 45 44 48 57 
65 54 46 41 61 59 56 40 39 33 30 24 24 16 18 15 19 29 36 37 45 44 48 57 
65 54 46 41 40 39 33 30 24 24 16 18 25 29 36 37 45 44 48 57 
65 54 46 41 40 39 33 30 24 24 16 18 25 28 32 40 41 46 48 57 
65 68 67 66 62 61 41 40 39 33 30 24 24 16 18 25 28 32 35 37 45 44 48 57 
65 54 62 61 59 56 40 39 33 30 24 24 16 18 25 28 32 40 41 46 48 57 
65 54 62 61 41 40 39 33 30 24 24 23 26 28 25 29 36 37 45 44 48 57 
65 54 46 41 40 39 38 34 31 27 24 24 30 33 39 40 41 46 48 57 
65 54 62 61 41 40 32 28 26 23 24 24 23 26 28 25 29 36 37 45 44 48 57 
65 54 62 61 59 56 40 39 33 30 24 24 27 31 34 38 39 40 41 46 48 57 
65 54 62 61 41 40 39 33 30 24 24 16 18 25 28 32 35 37 45 44 48 57 
65 54 62 66 63 58 56 40 39 33 30 24 24 27 31 34 38 39 40 41 46 48 57 
65 54 62 66 63 58 56 40 39 33 30 24 24 16 18 25 28 32 35 37 45 44 48 57 
65 68 67 66 62 61 41 40 39 33 30 24 24 16 18 15 19 29 36 37 45 44 48 57 
65 54 46 41 40 39 38 34 31 27 24 24 16 18 15 19 29 36 37 45 44 48 57 
---------------
Request id 14
19 15 9 2 0 13 3 6 11 16 18 16 11 6 3 13 0 
19 15 9 2 0 13 11 16 18 16 11 13 3 5 0 
19 15 9 2 0 13 18 16 11 13 3 5 0 
19 29 25 28 26 23 24 16 11 13 18 15 9 2 0 
19 15 9 2 0 13 3 6 11 16 18 16 11 6 3 5 0 
19 15 9 2 0 5 3 13 11 16 18 16 11 13 3 5 0 
19 29 25 28 26 23 24 16 18 25 29 19 15 9 2 0 
19 29 36 37 35 32 28 25 18 16 11 13 0 
19 15 9 2 0 13 3 6 11 16 18 13 0 
19 15 9 2 0 5 3 13 18 16 11 13 3 5 0 
19 15 9 2 0 5 3 13 18 16 11 6 3 13 0 
19 29 25 28 26 23 24 16 11 13 18 13 0 
19 29 25 28 26 23 24 16 11 13 18 16 11 13 0 
19 29 25 28 26 23 24 16 11 13 18 16 17 14 12 11 13 0 
19 29 25 28 26 23 24 16 18 16 17 14 12 11 13 0 
19 29 25 18 15 9 2 0 
19 15 9 2 0 5 3 13 11 16 18 13 11 6 3 5 0 
19 15 9 2 0 5 3 13 18 25 29 19 15 9 2 0 
19 15 9 2 0 13 18 13 0 
19 15 9 2 0 5 3 13 18 16 11 13 0 
19 15 18 16 11 6 3 5 0 
19 15 9 2 0 13 18 16 11 6 3 13 0 
19 29 25 28 26 23 24 16 18 13 11 6 3 5 0 
19 29 25 28 26 23 24 16 11 13 18 16 11 6 3 13 0 
19 15 9 2 0 5 3 13 18 13 0 
19 15 9 2 0 13 3 6 11 16 18 16 17 14 12 11 13 0 
19 29 25 28 26 23 24 16 11 13 18 13 11 6 3 5 0 
19 15 9 2 0 13 11 16 18 16 17 14 12 11 13 0 
19 15 9 2 0 5 3 13 11 16 18 15 9 2 0 
19 29 36 37 35 32 28 25 18 16 11 6 3 5 0 
---------------
Request id 7
30 33 39 40 32 28 25 18 16 17 20 24 24 30 33 39 38 42 49 55 58 63 
30 33 39 38 34 31 27 22 21 17 20 24 24 30 33 39 38 42 51 56 58 63 
30 33 39 40 56 51 42 38 34 31 27 24 24 23 26 28 32 40 41 61 62 66 63 
30 33 39 40 32 28 25 18 13 11 16 24 24 23 26 28 32 40 56 58 63 
30 33 39 40 32 28 25 18 16 24 24 30 33 39 38 42 51 56 58 63 
30 33 39 38 34 31 27 24 24 30 33 39 38 42 49 55 58 63 
30 33 39 40 32 28 26 23 24 24 30 33 39 40 56 58 63 
30 33 39 40 32 28 25 18 16 17 20 24 24 16 18 25 28 32 40 56 58 63 
30 33 39 40 32 28 25 18 16 17 20 24 24 27 31 34 38 39 40 56 58 63 
30 33 39 38 42 51 56 40 32 28 26 23 24 24 30 33 39 38 42 51 56 58 63 
30 33 39 40 32 28 25 18 13 11 16 24 24 27 31 34 38 39 40 56 58 63 
30 33 39 38 34 31 27 22 21 17 20 24 24 27 31 34 38 39 40 56 58 63 
30 33 39 40 32 28 25 18 16 17 20 24 24 30 33 39 40 56 58 63 
30 33 39 38 42 51 56 40 32 28 26 23 24 24 23 26 28 32 40 41 61 62 66 63 
30 33 39 38 34 31 27 22 21 17 20 24 24 30 33 39 40 41 61 62 66 63 
30 24 24 27 31 34 38 42 49 55 58 63 
30 33 39 40 32 28 25 18 16 24 24 23 26 28 32 40 56 58 63 
30 33 39 38 34 31 27 22 21 17 16 24 24 27 31 34 38 39 40 56 58 63 
30 33 39 40 32 28 25 18 13 11 16 24 24 27 31 34 38 42 49 55 58 63 
30 24 24 23 26 28 32 40 56 58 63 
30 33 39 40 32 28 25 18 16 17 20 24 24 30 33 39 38 42 51 56 58 63 
30 33 39 40 32 28 25 18 13 11 16 24 24 27 31 34 38 42 51 56 58 63 
30 24 24 30 33 39 38 42 49 55 58 63 
30 33 39 40 32 28 25 18 16 17 20 24 24 30 33 39 40 41 61 62 66 63 
30 33 39 38 34 31 27 22 21 17 16 24 24 30 33 39 38 42 49 55 58 63 
30 33 39 40 32 28 26 23 24 24 30 33 39 40 41 61 62 66 63 
30 33 39 38 42 51 56 40 32 28 26 23 24 24 16 18 25 28 32 40 56 58 63 
30 33 39 40 32 28 25 18 16 24 24 30 33 39 38 42 49 55 58 63 
30 33 39 38 34 31 27 22 21 17 20 24 24 27 31 34 38 42 49 55 58 63 
30 33 39 38 42 51 56 40 32 28 26 23 24 24 30 33 39 40 56 58 63 
---------------
Request id 2
50 49 55 58 56 40 32 28 26 23 24 24 24 30 33 39 40 41 61 62 66 67 69 71 72 73 
50 49 55 58 56 40 39 33 30 24 24 24 30 33 39 40 41 61 62 54 65 64 70 74 73 
50 49 55 58 56 40 32 28 26 23 24 24 24 23 26 28 32 40 41 46 54 65 64 70 74 73 
50 49 55 58 56 40 39 38 34 31 27 24 24 24 30 33 39 40 56 58 63 66 67 68 69 71 72 73 
50 49 42 38 34 31 27 24 24 24 27 31 34 38 39 40 41 46 54 65 64 70 74 73 
50 49 42 51 56 40 32 28 26 23 24 24 24 30 33 39 40 41 46 54 65 68 69 71 72 73 
50 49 42 38 34 31 27 24 24 24 30 33 39 40 41 61 62 54 65 64 70 74 73 
50 49 42 51 56 40 39 33 30 24 24 24 30 33 39 40 41 46 48 57 60 64 70 74 73 
50 49 42 38 39 33 30 24 24 24 30 33 39 40 41 61 62 54 65 68 69 71 72 73 
50 49 55 58 56 40 39 38 34 31 27 24 24 24 23 26 28 32 40 41 46 54 65 64 70 74 73 
50 49 55 58 56 40 39 38 34 31 27 24 24 24 30 33 39 40 41 61 62 54 65 68 69 71 72 73 
50 49 42 51 56 40 39 33 30 24 24 24 30 33 39 40 41 46 54 65 68 69 71 72 73 
50 53 52 47 43 34 38 39 33 30 24 24 24 30 33 39 40 41 61 62 66 67 69 71 72 73 
50 49 42 51 56 40 39 33 30 24 24 24 30 33 39 40 56 58 63 66 67 68 69 71 72 73 
50 53 52 47 43 34 38 39 33 30 24 24 24 30 33 39 40 41 46 54 65 68 69 71 72 73 
50 53 52 47 43 34 38 39 33 30 24 24 24 23 26 28 32 40 41 46 54 65 64 70 74 73 
50 49 42 51 56 40 32 28 26 23 24 24 24 30 33 39 40 41 46 54 65 64 70 74 73 
50 53 52 47 43 34 31 27 24 24 24 30 33 39 40 56 58 63 66 67 69 71 72 73 
50 53 52 47 43 34 31 27 24 24 24 30 33 39 40 41 61 62 66 67 69 71 72 73 
50 49 42 51 56 40 32 28 26 23 24 24 24 30 33 39 40 41 46 48 57 60 64 70 74 73 
50 53 52 47 43 34 31 27 24 24 24 30 33 39 40 56 58 63 66 67 68 69 71 72 73 
50 49 42 38 34 31 27 24 24 24 30 33 39 40 41 46 54 65 68 69 71 72 73 
50 53 52 47 43 34 31 27 24 24 24 30 33 39 40 41 61 62 54 65 68 69 71 72 73 
50 49 42 38 39 33 30 24 24 24 23 26 28 32 40 41 46 54 65 64 70 74 73 
50 49 42 38 39 40 32 28 26 23 24 24 24 30 33 39 40 41 46 54 65 68 69 71 72 73 
50 49 55 58 56 40 39 33 30 24 24 24 30 33 39 40 41 46 54 65 64 70 74 73 
50 49 42 38 34 31 27 24 24 24 30 33 39 40 41 46 48 57 60 64 70 74 73 
50 49 55 58 56 40 32 28 26 23 24 24 24 30 33 39 40 56 58 63 66 67 69 71 72 73 
50 49 42 38 39 33 30 24 24 24 30 33 39 40 56 58 63 66 67 69 71 72 73 
50 49 42 38 34 31 27 24 24 24 23 26 28 32 40 41 46 54 65 64 70 74 73 
---------------
Request id 20
67 68 65 54 46 41 40 32 28 25 18 15 19 29 36 37 
67 68 65 54 62 61 41 40 32 28 25 18 15 19 29 36 37 
67 66 62 61 41 40 32 28 26 23 24 16 18 16 24 23 26 28 32 35 37 
67 66 62 54 46 41 40 32 28 25 18 13 0 2 9 15 19 29 36 37 
67 66 62 61 41 40 39 33 30 24 16 18 15 19 29 25 28 32 35 37 
67 66 62 61 41 40 32 28 25 18 25 28 32 40 41 46 48 44 45 37 
67 66 62 61 41 40 32 28 26 23 24 16 18 15 19 29 36 37 
67 66 62 54 46 41 40 32 28 25 18 15 19 29 36 37 
67 66 62 54 46 41 40 32 28 25 18 25 28 32 35 37 
67 66 62 61 59 56 40 32 28 25 18 16 24 30 33 39 40 32 35 37 
67 69 68 65 54 46 41 40 32 28 25 18 25 29 36 37 
67 66 62 54 46 41 40 32 28 25 18 16 24 23 26 28 32 35 37 
67 66 62 61 41 40 32 28 25 18 15 19 29 36 37 
67 66 62 61 41 40 39 33 30 24 16 18 15 19 29 36 37 
67 66 62 54 46 41 40 32 28 25 18 15 19 29 25 28 32 35 37 
67 66 63 58 56 40 32 28 25 18 25 29 36 37 
67 66 62 61 41 40 39 33 30 24 16 18 25 28 32 40 41 46 48 44 45 37 
67 66 63 58 56 40 39 33 30 24 16 18 25 29 36 37 
67 66 62 61 41 40 32 28 26 23 24 16 18 25 29 36 37 
67 68 65 54 62 61 41 40 32 28 25 18 25 28 32 40 41 46 48 44 45 37 
67 66 63 58 56 40 32 28 25 18 16 24 23 26 28 25 29 36 37 
67 66 62 61 41 40 32 28 25 18 13 0 2 9 15 19 29 36 37 
67 68 65 54 62 61 41 40 32 28 25 18 25 28 32 35 37 
67 66 62 54 46 41 40 32 28 25 18 16 24 30 33 39 40 32 35 37 
67 66 63 58 56 40 32 28 25 18 13 0 2 9 15 19 29 36 37 
67 68 65 54 46 41 40 32 28 25 18 25 28 32 35 37 
67 69 68 65 54 46 41 40 32 28 25 18 15 19 29 36 37 
67 66 62 61 59 56 40 32 28 25 18 16 24 23 26 28 25 29 36 37 
67 66 62 61 59 56 40 32 28 25 18 25 28 32 35 37 
67 66 63 58 56 40 32 28 25 18 25 28 32 40 41 46 48 44 45 37 
---------------
Request id 1
10 8 7 4 1 3 13 11 11 16 24 20 17 14 
10 12 14 17 20 24 16 11 11 16 24 20 17 14 
10 8 6 11 11 13 3 6 8 10 12 14 
10 12 14 17 20 24 16 11 11 13 18 16 17 14 
10 8 6 3 5 0 13 11 11 13 18 16 17 14 
10 8 7 4 1 3 13 11 11 13 18 16 17 14 
10 12 14 17 16 18 13 11 11 6 8 10 12 14 
10 8 6 3 5 0 13 11 11 6 8 10 12 14 
10 8 6 3 13 18 16 11 11 6 3 13 18 16 24 20 17 14 
10 8 6 3 5 0 13 11 11 16 24 20 17 14 
10 8 6 11 11 12 14 
10 8 6 3 13 11 11 6 8 10 12 14 
10 8 6 3 13 11 11 13 3 6 8 10 12 14 
10 12 14 17 20 24 16 11 11 6 8 10 12 14 
10 12 14 17 16 18 13 11 11 16 24 20 17 14 
10 8 6 11 11 6 8 10 12 14 
10 12 11 11 6 3 13 18 16 17 14 
10 8 6 3 13 18 16 11 11 6 3 13 18 16 17 14 
10 12 14 17 16 11 11 13 18 16 17 14 
10 12 14 17 16 18 13 11 11 12 14 
10 8 6 11 11 16 24 20 17 14 
10 12 14 17 16 11 11 16 24 20 17 14 
10 8 6 3 5 0 13 11 11 12 14 
10 12 11 11 13 18 16 17 14 
10 12 14 17 16 11 11 13 3 6 8 10 12 14 
10 8 6 3 5 0 13 11 11 6 3 13 18 16 17 14 
10 8 7 4 1 3 13 11 11 6 3 13 18 16 17 14 
10 12 14 17 20 24 16 11 11 6 3 13 18 16 24 20 17 14 
10 12 11 11 13 18 16 24 20 17 14 
10 8 6 3 13 11 11 16 17 14 
---------------
Request id 9
53 50 49 42 51 56 40 39 33 30 24 16 11 6 3 13 18 25 
53 50 49 42 38 39 40 32 28 26 23 24 27 22 21 17 16 18 25 
53 50 49 42 38 34 31 27 24 20 17 16 18 25 
53 52 47 43 34 31 27 22 21 17 16 24 16 11 13 18 25 
53 50 49 55 58 56 40 32 28 26 23 24 20 17 16 11 13 18 25 
53 50 49 42 38 34 31 27 24 27 22 21 17 16 18 25 
53 52 47 43 34 38 39 33 30 24 16 18 15 19 29 25 
53 50 49 55 58 56 40 39 33 30 24 27 22 21 17 16 18 25 
53 50 49 42 38 34 31 27 24 23 26 28 25 
53 52 47 43 34 31 27 22 21 17 20 24 16 11 13 18 25 
53 52 47 43 34 31 27 24 16 11 13 18 15 19 29 25 
53 52 47 43 34 31 27 24 27 22 21 17 16 18 25 
53 50 49 42 38 39 33 30 24 27 22 21 17 16 18 25 
53 50 49 42 38 39 40 32 28 26 23 24 23 26 28 25 
53 52 47 43 34 38 39 33 30 24 27 22 21 17 16 18 25 
53 52 47 43 34 31 27 22 21 17 16 24 16 11 13 18 15 19 29 25 
53 50 49 55 58 56 40 32 28 26 23 24 16 11 13 18 15 19 29 25 
53 52 47 43 34 31 27 22 21 17 20 24 27 22 21 17 16 18 25 
53 52 47 43 34 31 27 22 21 17 20 24 23 26 28 25 
53 50 49 42 38 39 40 32 28 26 23 24 16 18 15 19 29 25 
53 52 47 43 34 38 39 33 30 24 16 11 6 3 13 18 25 
53 50 49 42 38 39 33 30 24 20 17 16 18 25 
53 50 49 42 38 34 31 27 24 16 11 13 18 15 19 29 25 
53 50 49 55 58 56 40 39 33 30 24 16 11 6 3 13 18 25 
53 52 47 43 34 31 27 22 21 17 20 24 16 11 13 18 15 19 29 25 
53 50 49 42 38 34 31 27 24 30 33 39 40 32 28 25 
53 50 49 42 51 56 40 39 33 30 24 20 17 16 11 13 18 25 
53 50 49 42 38 39 40 32 28 26 23 24 20 17 16 18 25 
53 50 49 55 58 56 40 39 33 30 24 16 18 25 
53 50 49 42 51 56 40 39 33 30 24 16 18 25 
---------------
Request id 17
36 29 19 15 18 18 18 16 11 13 0 2 
36 37 35 32 28 25 18 18 18 16 11 13 0 2 
36 37 35 32 28 26 23 24 16 18 18 18 16 17 14 12 11 13 0 2 
36 29 19 15 18 18 18 13 11 6 3 5 0 2 
36 29 25 18 18 18 16 17 14 12 11 13 0 2 
36 29 19 15 9 2 0 13 11 16 18 18 18 13 11 6 3 5 0 2 
36 29 19 15 9 2 0 13 11 16 18 18 18 13 3 5 0 2 
36 29 19 15 9 2 0 13 18 18 18 16 17 14 12 11 13 0 2 
36 29 25 28 26 23 24 16 18 18 18 13 3 5 0 2 
36 29 25 28 26 23 24 16 18 18 18 16 17 14 12 11 13 0 2 
36 29 25 28 26 23 24 16 11 13 18 18 18 16 11 6 3 13 0 2 
36 29 19 15 9 2 0 13 18 18 18 16 11 6 3 5 0 2 
36 29 19 15 18 18 18 16 11 6 3 5 0 2 
36 29 25 28 26 23 24 16 11 13 18 18 18 13 0 2 
36 29 25 28 26 23 24 16 18 18 18 13 11 6 3 5 0 2 
36 29 25 28 26 23 24 16 18 18 18 16 11 6 3 5 0 2 
36 29 25 28 26 23 24 16 11 13 18 18 18 15 9 2 
36 37 35 32 28 26 23 24 16 18 18 18 13 0 2 
36 29 19 15 18 18 18 16 17 14 12 11 13 0 2 
36 29 19 15 9 2 0 13 18 18 18 16 11 6 3 13 0 2 
36 37 35 32 40 39 33 30 24 16 18 18 18 13 11 6 3 5 0 2 
36 29 25 28 26 23 24 16 18 18 18 16 11 13 3 5 0 2 
36 29 19 15 9 2 0 13 11 16 18 18 18 15 9 2 
36 29 25 18 18 18 16 11 6 3 13 0 2 
36 29 19 15 9 2 0 13 11 16 18 18 18 25 29 19 15 9 2 
36 29 19 15 18 18 18 13 0 2 
36 29 25 18 18 18 25 29 19 15 9 2 
36 37 35 32 40 39 33 30 24 16 18 18 18 16 11 13 3 5 0 2 
36 29 25 18 18 18 16 11 13 3 5 0 2 
36 37 35 32 28 26 23 24 16 18 18 18 13 11 6 3 5 0 2 
---------------
Request id 5
0 5 3 6 8 10 12 11 13 13 13 3 1 
0 5 3 1 4 7 8 6 11 13 13 13 3 6 8 7 4 1 
0 5 3 6 11 16 18 13 13 13 0 5 3 6 8 7 4 1 
0 5 3 1 4 7 8 6 11 13 13 13 11 6 8 7 4 1 
0 2 9 15 18 16 11 6 3 13 13 13 18 16 11 6 3 1 
0 2 9 15 18 13 13 13 3 1 
0 5 3 13 13 13 11 12 10 8 7 4 1 
0 5 3 6 11 13 13 13 18 16 11 6 3 1 
0 5 3 13 13 13 0 5 3 6 8 7 4 1 
0 5 3 6 11 13 13 13 0 5 3 1 
0 5 3 6 8 10 12 11 13 13 13 3 6 8 7 4 1 
0 13 13 13 11 12 10 8 7 4 1 
0 2 9 15 18 16 11 13 13 13 11 6 8 7 4 1 
0 5 3 13 13 13 11 6 8 7 4 1 
0 2 9 15 19 29 25 18 13 13 13 11 12 10 8 7 4 1 
0 5 3 6 11 13 13 13 11 6 8 7 4 1 
0 2 9 15 19 29 25 18 13 13 13 18 16 11 6 8 7 4 1 
0 5 3 13 13 13 18 16 11 6 3 1 
0 13 13 13 0 5 3 1 
0 5 3 6 8 10 12 11 13 13 13 0 5 3 1 
0 13 13 13 3 1 
0 5 3 6 11 16 18 13 13 13 0 5 3 1 
0 5 3 6 8 10 12 11 13 13 13 11 12 10 8 6 3 1 
0 5 3 13 13 13 3 1 
0 2 9 15 18 16 11 6 3 13 13 13 3 6 8 7 4 1 
0 2 9 15 18 16 11 13 13 13 3 1 
0 5 3 13 13 13 11 12 10 8 6 3 1 
0 2 9 15 19 29 25 18 13 13 13 3 1 
0 5 3 6 8 10 12 11 13 13 13 0 5 3 6 8 7 4 1 
0 13 13 13 3 6 8 7 4 1 
---------------
Request id 28
28 26 23 24 20 17 16 18 18 18 16 24 20 17 21 
28 25 29 19 15 18 18 18 13 11 16 24 27 22 21 
28 32 40 39 33 30 24 16 18 18 18 13 3 6 11 16 17 21 
28 26 23 24 16 11 6 3 13 18 18 18 13 11 16 24 27 22 21 
28 26 23 24 20 17 16 18 18 18 13 11 12 14 17 21 
28 26 23 24 16 11 6 3 13 18 18 18 16 17 21 
28 32 35 37 36 29 19 15 18 18 18 13 11 16 24 27 22 21 
28 32 35 37 36 29 25 18 18 18 13 3 6 11 16 17 21 
28 26 23 24 16 18 18 18 16 24 27 22 21 
28 26 23 24 20 17 16 11 13 18 18 18 13 11 12 14 17 21 
28 26 23 24 20 17 16 11 13 18 18 18 16 24 20 17 21 
28 26 23 24 20 17 16 11 13 18 18 18 16 17 21 
28 32 35 37 36 29 25 18 18 18 16 24 20 17 21 
28 26 23 24 20 17 16 11 13 18 18 18 13 11 16 17 21 
28 26 23 24 16 18 18 18 16 17 21 
28 32 40 39 33 30 24 16 18 18 18 13 11 16 24 27 22 21 
28 32 35 37 36 29 19 15 18 18 18 16 11 12 14 17 21 
28 32 40 39 33 30 24 16 18 18 18 13 11 16 17 21 
28 26 23 24 20 17 16 18 18 18 13 3 6 11 16 17 21 
28 26 23 24 16 18 18 18 13 3 6 11 16 17 21 
28 32 35 37 36 29 25 18 18 18 16 17 21 
28 25 18 18 18 16 11 12 14 17 21 
28 32 40 39 33 30 24 16 18 18 18 16 24 27 22 21 
28 25 18 18 18 16 17 21 
28 26 23 24 16 11 13 18 18 18 16 17 20 24 27 22 21 
28 26 23 24 20 17 16 11 13 18 18 18 16 17 20 24 27 22 21 
28 26 23 24 16 18 18 18 13 11 12 14 17 21 
28 26 23 24 16 11 13 18 18 18 16 24 20 17 21 
28 25 29 19 15 18 18 18 16 24 27 22 21 
28 32 40 39 33 30 24 16 18 18 18 13 11 12 14 17 21 
---------------
Request id 6
41 40 32 35 37 36 29 19 15 18 16 24 27 31 34 
41 40 39 33 30 24 16 18 25 28 32 40 39 38 34 
41 40 32 28 25 18 16 17 21 22 27 31 34 
41 40 39 33 30 24 20 17 16 18 16 17 20 24 27 31 34 
41 46 48 44 45 37 36 29 25 18 25 28 32 40 39 38 34 
41 40 32 28 25 29 19 15 18 25 28 32 40 56 51 42 38 34 
41 40 32 35 37 36 29 19 15 18 16 17 21 22 27 31 34 
41 40 39 33 30 24 16 18 25 28 26 23 24 27 31 34 
41 40 39 33 30 24 16 18 13 3 6 11 16 24 27 31 34 
41 46 48 44 45 37 36 29 25 18 16 17 21 22 27 31 34 
41 40 32 28 25 18 13 3 6 11 16 24 27 31 34 
41 40 39 33 30 24 16 11 13 18 16 24 27 31 34 
41 40 39 33 30 24 16 11 13 18 13 11 16 24 30 33 39 38 34 
41 40 32 28 26 23 24 16 18 16 17 20 24 27 31 34 
41 40 39 33 30 24 20 17 16 18 13 11 16 24 30 33 39 38 34 
41 40 39 33 30 24 16 18 16 24 27 31 34 
41 40 32 28 26 23 24 16 18 16 17 21 22 27 31 34 
41 40 32 35 37 36 29 25 18 25 28 26 23 24 27 31 34 
41 40 32 35 37 36 29 25 18 25 28 32 40 39 38 34 
41 46 48 44 45 37 36 29 25 18 25 28 26 23 24 27 31 34 
41 61 59 56 40 32 28 25 18 25 28 32 40 56 51 42 38 34 
41 40 32 28 25 18 16 24 27 31 34 
41 40 39 33 30 24 20 17 16 18 25 28 32 40 39 38 34 
41 40 32 35 37 36 29 25 18 25 28 32 40 56 51 42 38 34 
41 40 32 28 26 23 24 16 18 13 3 6 11 16 24 27 31 34 
41 61 59 56 40 32 28 25 18 13 11 16 24 27 31 34 
41 61 59 56 40 32 28 25 18 16 24 27 31 34 
41 40 32 28 26 23 24 16 18 16 24 27 31 34 
41 40 39 33 30 24 16 18 13 11 16 24 30 33 39 38 34 
41 40 32 28 25 29 19 15 18 25 28 32 40 39 38 34 
---------------
Request id 19
1 4 7 8 6 11 16 18 13 3 3 6 11 16 24 27 31 34 
1 4 7 8 10 12 11 6 3 3 13 18 16 24 27 31 34 
1 4 7 8 10 12 14 17 16 11 6 3 3 6 11 16 24 30 33 39 38 34 
1 4 7 8 10 12 11 16 18 13 3 3 13 18 25 28 32 40 39 38 34 
1 4 7 8 6 3 3 13 11 16 24 30 33 39 38 34 
1 3 3 6 11 16 17 21 22 27 31 34 
1 4 7 8 10 12 11 6 3 3 6 11 16 24 27 31 34 
1 4 7 8 10 12 11 13 3 3 13 18 16 24 27 31 34 
1 4 7 8 6 11 13 0 5 3 3 6 11 16 17 21 22 27 31 34 
1 4 7 8 6 11 13 0 5 3 3 13 18 25 28 32 40 39 38 34 
1 4 7 8 10 12 11 13 0 5 3 3 13 11 16 24 30 33 39 38 34 
1 4 7 8 6 11 13 3 3 13 18 16 17 21 22 27 31 34 
1 4 7 8 10 12 11 6 3 3 13 11 16 24 30 33 39 38 34 
1 4 7 8 6 11 13 3 3 13 11 16 24 27 31 34 
1 3 3 13 18 16 24 27 31 34 
1 4 7 8 6 11 13 0 5 3 3 6 11 16 24 30 33 39 38 34 
1 4 7 8 10 12 11 6 3 3 13 11 16 24 27 31 34 
1 4 7 8 6 11 13 3 3 6 11 16 17 21 22 27 31 34 
1 3 3 5 0 13 11 16 24 27 31 34 
1 4 7 8 6 3 3 13 18 16 24 30 33 39 38 34 
1 4 7 8 10 12 11 13 0 5 3 3 13 18 16 24 30 33 39 38 34 
1 4 7 8 10 12 11 6 3 3 13 18 16 17 21 22 27 31 34 
1 4 7 8 6 3 3 13 18 16 24 27 31 34 
1 4 7 8 10 12 14 17 16 11 6 3 3 6 11 16 17 21 22 27 31 34 
1 4 7 8 10 12 11 16 18 13 3 3 13 11 16 24 30 33 39 38 34 
1 4 7 8 10 12 11 13 0 5 3 3 13 18 16 24 27 31 34 
1 4 7 8 10 12 11 13 0 5 3 3 5 0 13 11 16 24 27 31 34 
1 4 7 8 10 12 11 13 0 5 3 3 6 11 16 24 27 31 34 
1 4 7 8 6 11 13 0 5 3 3 13 18 16 24 30 33 39 38 34 
1 4 7 8 10 12 11 13 3 3 13 18 16 17 21 22 27 31 34 
---------------
Request id 22
59 56 40 32 28 25 29 19 15 18 18 16 17 14 12 
59 56 40 32 28 26 23 24 16 18 18 16 17 14 12 
59 56 40 32 35 37 36 29 25 18 18 13 11 16 17 14 12 
59 56 40 32 35 37 36 29 25 18 18 16 17 14 12 
59 61 41 40 32 28 25 18 18 13 11 6 8 10 12 
59 61 41 40 32 35 37 36 29 25 18 18 16 17 14 12 
59 56 40 39 33 30 24 16 18 18 16 17 14 12 
59 61 41 40 32 28 25 29 19 15 18 18 13 0 5 3 6 11 12 
59 56 40 32 28 26 23 24 16 18 18 13 11 6 8 10 12 
59 56 51 42 38 34 31 27 24 16 18 18 16 24 20 17 14 12 
59 56 51 42 38 34 31 27 24 16 18 18 16 11 12 
59 61 41 40 32 35 37 36 29 25 18 18 16 11 6 8 10 12 
59 61 41 40 32 28 25 18 18 13 0 5 3 6 11 12 
59 56 40 39 33 30 24 16 18 18 13 3 6 8 10 12 
59 61 41 40 39 33 30 24 16 18 18 16 11 12 
59 61 41 40 32 28 25 29 19 15 18 18 13 11 6 8 10 12 
59 61 41 40 32 35 37 36 29 25 18 18 13 11 6 8 10 12 
59 61 41 40 32 35 37 36 29 25 18 18 13 3 6 8 10 12 
59 61 41 40 32 28 25 18 18 16 11 12 
59 56 40 32 28 26 23 24 16 18 18 16 11 6 8 10 12 
59 61 41 40 39 33 30 24 16 18 18 13 11 6 8 10 12 
59 61 41 40 39 33 30 24 16 18 18 13 11 12 
59 56 40 32 28 26 23 24 16 18 18 13 0 5 3 6 11 12 
59 56 40 32 28 25 29 19 15 18 18 16 24 20 17 14 12 
59 61 41 40 39 33 30 24 16 18 18 16 17 14 12 
59 56 40 39 33 30 24 16 18 18 13 11 12 
59 56 40 32 28 25 18 18 13 11 12 
59 56 40 32 28 25 18 18 16 17 14 12 
59 56 40 32 35 37 36 29 25 18 18 13 11 6 8 10 12 
59 61 41 40 32 35 37 36 29 25 18 18 13 11 12 
---------------
Request id 27
25 28 26 23 24 20 17 16 11 13 18 18 18 25 28 32 40 56 58 63 66 67 69 71 
25 29 19 15 18 18 18 25 28 32 40 41 61 62 54 65 68 69 71 
25 28 32 35 37 36 29 19 15 18 18 18 25 28 32 40 41 61 62 66 67 69 71 
25 18 18 18 16 24 30 33 39 40 56 58 63 66 67 69 71 
25 28 26 23 24 16 18 18 18 25 28 32 40 41 46 54 65 68 67 69 71 
25 18 18 18 25 28 32 40 41 46 54 62 66 67 69 71 
25 28 32 40 39 33 30 24 16 18 18 18 25 28 32 40 41 46 54 62 66 67 69 71 
25 28 26 23 24 20 17 16 11 13 18 18 18 25 28 32 40 41 61 62 66 67 69 71 
25 29 19 15 9 2 0 13 11 16 18 18 18 25 28 32 40 41 61 62 66 67 69 71 
25 28 32 35 37 36 29 19 15 18 18 18 25 28 32 40 41 46 54 62 66 67 69 71 
25 28 26 23 24 20 17 16 11 13 18 18 18 25 28 32 40 41 61 62 66 67 68 69 71 
25 29 19 15 9 2 0 13 18 18 18 25 28 32 40 56 58 63 66 67 69 71 
25 18 18 18 25 28 32 40 41 61 62 66 67 69 71 
25 28 26 23 24 20 17 16 11 13 18 18 18 16 24 30 33 39 40 56 58 63 66 67 69 71 
25 29 19 15 9 2 0 13 11 16 18 18 18 25 28 32 40 56 59 61 62 66 67 69 71 
25 28 32 35 37 36 29 19 15 18 18 18 25 28 32 40 41 61 62 66 67 68 69 71 
25 18 18 18 25 28 32 40 41 46 54 65 68 67 69 71 
25 29 19 15 9 2 0 13 11 16 18 18 18 25 28 32 40 56 58 63 66 67 68 69 71 
25 28 26 23 24 16 18 18 18 25 28 32 40 41 61 62 66 67 69 71 
25 28 26 23 24 16 11 13 18 18 18 25 28 32 40 56 59 61 62 66 67 69 71 
25 28 26 23 24 16 18 18 18 25 28 32 40 56 58 63 66 67 68 69 71 
25 18 18 18 25 28 32 40 56 58 63 66 67 68 69 71 
25 28 32 35 37 36 29 19 15 18 18 18 16 24 30 33 39 40 56 58 63 66 67 69 71 
25 28 32 40 39 33 30 24 16 18 18 18 16 24 30 33 39 40 56 58 63 66 67 69 71 
25 28 26 23 24 16 18 18 18 25 28 32 40 41 46 54 65 68 69 71 
25 28 26 23 24 20 17 16 18 18 18 25 28 32 40 56 59 61 62 66 67 69 71 
25 28 26 23 24 16 18 18 18 25 28 32 40 56 59 61 62 66 67 69 71 
25 29 19 15 18 18 18 25 28 32 40 56 58 63 66 67 68 69 71 
25 28 26 23 24 20 17 16 18 18 18 25 28 32 40 41 46 54 62 66 67 69 71 
25 29 19 15 9 2 0 13 11 16 18 18 18 25 28 32 40 41 46 54 65 68 67 69 71 
---------------
Request id 23
64 65 68 67 66 63 58 56 40 32 28 25 18 18 25 28 32 40 56 59 61 62 54 65 64 70 
64 65 54 46 48 44 45 37 36 29 25 18 18 15 19 29 36 37 45 44 48 57 60 64 70 
64 60 57 48 44 45 37 35 32 28 25 18 18 25 28 32 40 41 46 54 65 64 70 
64 60 57 48 46 41 40 32 28 25 18 18 25 28 32 40 41 46 48 57 60 64 70 
64 65 54 62 61 41 40 32 28 25 18 18 25 28 32 40 41 61 62 54 65 64 70 
64 60 57 48 44 45 37 36 29 25 18 18 15 19 29 36 37 45 44 48 57 60 64 70 
64 60 57 48 46 41 40 32 28 25 18 18 15 19 29 36 37 45 44 48 57 60 64 70 
64 60 57 48 44 45 37 36 29 19 15 18 18 25 28 32 40 41 46 48 57 60 64 70 
64 65 54 46 41 40 39 33 30 24 16 18 18 25 29 36 37 45 44 48 46 54 65 64 70 
64 60 57 48 44 45 37 35 32 28 25 18 18 25 28 32 40 41 61 62 54 65 64 70 
64 65 54 62 61 41 40 32 28 25 18 18 15 19 29 36 37 45 44 48 57 60 64 70 
64 60 57 48 46 41 40 32 28 25 18 18 25 29 36 37 45 44 48 46 54 65 64 70 
64 65 68 67 66 63 58 56 40 32 28 25 18 18 25 29 36 37 45 44 48 57 60 64 70 
64 60 57 48 44 45 37 36 29 25 18 18 25 28 32 40 41 61 62 54 65 64 70 
64 65 54 62 61 41 40 32 28 25 18 18 25 28 32 40 41 46 54 65 64 70 
64 65 54 62 61 59 56 40 32 28 25 18 18 25 28 32 40 41 61 62 54 65 64 70 
64 60 57 48 44 45 37 35 32 28 25 18 18 15 19 29 36 37 45 44 48 57 60 64 70 
64 60 57 48 44 45 37 35 32 28 25 18 18 25 29 36 37 45 44 48 46 54 65 64 70 
64 65 54 46 41 40 39 33 30 24 16 18 18 25 28 32 40 56 59 61 62 54 65 64 70 
64 60 57 48 46 41 40 32 28 25 18 18 25 28 32 40 41 46 54 65 64 70 
64 60 57 48 44 45 37 35 32 28 25 18 18 25 29 36 37 45 44 48 57 60 64 70 
64 65 68 67 66 63 58 56 40 32 28 25 18 18 25 28 32 40 41 46 54 65 64 70 
64 65 54 46 41 40 39 33 30 24 16 18 18 25 28 32 40 41 46 54 65 64 70 
64 60 57 48 44 45 37 35 32 28 25 18 18 25 28 32 35 37 45 44 48 46 54 65 64 70 
64 65 54 62 61 59 56 40 32 28 25 18 18 16 24 30 33 39 40 41 46 54 65 64 70 
64 65 54 46 48 44 45 37 36 29 25 18 18 25 28 32 35 37 45 44 48 46 54 65 64 70 
64 65 54 46 41 40 32 28 25 18 18 25 28 32 35 37 45 44 48 57 60 64 70 
64 65 68 67 66 63 58 56 40 32 28 25 18 18 25 28 32 40 41 46 48 57 60 64 70 
64 60 57 48 44 45 37 35 32 28 25 18 18 25 28 32 40 56 59 61 62 54 65 64 70 
64 65 54 62 61 59 56 40 32 28 25 18 18 25 28 32 35 37 45 44 48 57 60 64 70 
---------------
Request id 16
33 39 40 32 28 25 18 16 24 24 16 11 6 3 13 18 15 
33 39 38 42 51 56 40 32 28 26 23 24 24 23 26 28 25 29 19 15 
33 39 38 34 31 27 24 24 16 18 15 
33 39 38 34 31 27 22 21 17 20 24 24 23 26 28 25 18 15 
33 39 38 34 31 27 22 21 17 20 24 24 16 11 13 18 15 
33 39 40 32 28 26 23 24 24 27 22 21 17 16 18 15 
33 39 40 32 28 25 18 16 17 20 24 24 20 17 16 18 15 
33 39 38 34 31 27 24 24 16 18 25 29 19 15 
33 39 38 34 31 27 22 21 17 16 24 24 16 11 6 3 13 18 15 
33 39 38 34 31 27 22 21 17 16 24 24 27 22 21 17 16 18 15 
33 39 38 34 31 27 22 21 17 20 24 24 16 11 6 3 13 18 15 
33 39 40 32 28 25 18 16 24 24 20 17 16 18 15 
33 39 38 34 31 27 24 24 23 26 28 25 29 19 15 
33 39 40 32 28 25 18 13 11 16 24 24 16 18 15 
33 30 24 24 16 11 13 18 15 
33 39 40 56 51 42 38 34 31 27 24 24 20 17 16 18 15 
33 39 38 34 31 27 22 21 17 20 24 24 16 11 13 0 2 9 15 
33 39 40 32 28 25 18 13 11 16 24 24 16 11 13 18 15 
33 39 38 34 31 27 24 24 20 17 16 18 15 
33 39 40 32 28 25 18 16 24 24 27 22 21 17 16 18 15 
33 39 40 32 28 25 18 16 17 20 24 24 16 11 6 3 13 18 15 
33 39 38 34 31 27 22 21 17 16 24 24 23 26 28 25 18 15 
33 39 40 32 28 26 23 24 24 20 17 16 11 13 18 15 
33 39 40 32 28 25 18 13 11 16 24 24 20 17 16 11 13 18 15 
33 39 40 32 28 25 18 16 17 20 24 24 20 17 16 11 13 18 15 
33 39 40 56 51 42 38 34 31 27 24 24 16 11 6 3 13 18 15 
33 39 38 34 31 27 22 21 17 20 24 24 23 26 28 25 29 19 15 
33 39 40 32 28 25 18 16 17 20 24 24 23 26 28 25 29 19 15 
33 39 38 34 31 27 24 24 23 26 28 25 18 15 
33 39 38 42 51 56 40 32 28 26 23 24 24 27 22 21 17 16 18 15 
---------------
Request id 29
7 8 10 12 14 17 16 11 16 24 30 33 39 40 41 46 48 
7 8 10 12 14 17 16 11 13 18 25 29 36 37 45 44 48 
7 8 6 3 13 11 16 18 25 28 32 35 37 45 44 48 
7 4 1 3 6 11 16 18 15 19 29 36 37 45 44 48 
7 8 6 11 16 18 25 28 32 40 41 46 48 
7 8 10 12 11 16 18 25 29 36 37 45 44 48 
7 8 6 3 13 11 13 18 15 19 29 36 37 45 44 48 
7 8 6 3 13 11 16 18 25 28 32 40 41 46 48 
7 8 6 11 16 24 23 26 28 32 40 41 46 48 
7 4 1 3 13 18 16 11 16 24 30 33 39 40 41 46 48 
7 4 1 3 13 18 16 11 13 18 15 19 29 36 37 45 44 48 
7 4 1 3 13 18 16 11 16 24 23 26 28 32 40 41 46 48 
7 8 6 3 5 0 13 11 13 18 25 29 36 37 45 44 48 
7 8 10 12 11 16 18 25 28 32 35 37 45 44 48 
7 4 1 3 13 18 16 11 13 18 25 28 32 40 41 46 48 
7 8 10 12 11 16 24 23 26 28 32 40 41 46 48 
7 4 1 3 13 18 16 11 16 18 15 19 29 36 37 45 44 48 
7 8 6 3 5 0 13 11 16 24 30 33 39 40 41 46 48 
7 8 10 12 14 17 16 11 13 18 25 28 32 40 41 46 48 
7 4 1 3 5 0 13 11 13 18 15 19 29 36 37 45 44 48 
7 8 6 11 13 18 25 29 36 37 45 44 48 
7 4 1 3 5 0 13 11 16 18 25 28 32 40 41 46 48 
7 4 1 3 6 11 16 24 23 26 28 32 40 41 46 48 
7 4 1 3 13 11 16 24 30 33 39 40 41 46 48 
7 8 10 12 11 16 18 25 28 32 40 41 46 48 
7 4 1 3 5 0 13 11 16 18 25 28 32 35 37 45 44 48 
7 8 6 3 5 0 13 11 16 18 25 28 32 35 37 45 44 48 
7 4 1 3 6 11 13 18 15 19 29 36 37 45 44 48 
7 8 6 3 5 0 13 11 16 18 25 28 32 40 41 46 48 
7 4 1 3 13 11 16 24 23 26 28 32 40 41 46 48 
---------------
