Request id 8
11 10 13 8 9 5 5 5 2 1 0 
11 12 5 5 5 12 13 10 3 1 0 
11 10 3 4 5 5 5 12 13 10 3 1 0 
11 12 5 5 5 12 11 8 7 0 
11 12 13 8 9 5 5 5 4 3 1 0 
11 8 7 0 2 5 5 5 2 1 0 
11 12 13 8 9 5 5 5 2 0 
11 8 9 5 5 5 12 11 8 7 0 
11 10 13 12 5 5 5 4 3 1 2 0 
11 8 13 12 5 5 5 12 13 8 7 0 
11 8 7 6 4 5 5 5 12 11 10 3 1 0 
11 10 13 8 9 5 5 5 12 13 8 7 0 
11 10 3 4 5 5 5 12 11 8 7 0 
11 10 3 4 5 5 5 4 6 7 0 
11 10 13 12 5 5 5 12 13 8 7 0 
11 8 7 0 2 5 5 5 12 11 8 7 0 
11 8 9 5 5 5 4 3 1 0 
11 8 9 5 5 5 12 11 10 3 1 0 
11 10 13 12 5 5 5 12 13 10 3 1 0 
11 10 13 8 9 5 5 5 12 11 10 3 1 0 
11 8 9 5 5 5 2 1 0 
11 8 7 0 2 5 5 5 4 6 7 0 
11 8 9 5 5 5 9 8 7 0 
11 8 13 12 5 5 5 4 3 1 0 
11 10 13 12 5 5 5 12 11 8 7 0 
11 10 13 12 5 5 5 9 8 7 0 
11 10 13 8 9 5 5 5 2 0 
11 8 13 12 5 5 5 12 11 8 7 0 
11 10 13 8 9 5 5 5 12 11 8 7 0 
11 10 3 4 5 5 5 2 0 
11 12 13 8 9 5 5 5 2 1 0 
11 12 5 5 5 4 3 1 2 0 
11 10 13 12 5 5 5 2 1 0 
11 8 13 12 5 5 5 12 11 10 3 1 0 
11 12 13 8 9 5 5 5 4 6 7 0 
11 8 7 6 4 5 5 5 12 13 10 3 1 0 
11 8 9 5 5 5 4 3 1 2 0 
11 10 3 4 5 5 5 12 13 8 7 0 
11 12 13 8 9 5 5 5 4 3 1 2 0 
11 12 5 5 5 4 3 1 0 
---------------
Request id 19
9 8 13 10 11 12 5 5 2 1 0 7 6 
9 8 7 0 2 5 5 2 0 1 3 4 6 
9 8 13 10 11 12 5 5 12 11 10 3 4 6 
9 8 13 10 11 12 5 5 9 8 7 6 
9 8 7 0 1 2 5 5 4 3 1 0 7 6 
9 8 13 10 11 12 5 5 2 1 3 4 6 
9 8 13 10 3 4 5 5 2 0 7 6 
9 8 7 0 2 5 5 12 11 10 3 4 6 
9 8 11 12 5 5 12 13 8 7 6 
9 5 5 2 1 3 4 6 
9 8 11 12 5 5 12 11 8 7 6 
9 8 7 0 2 5 5 2 1 3 4 6 
9 5 5 4 6 
9 8 13 10 11 12 5 5 12 13 8 7 6 
9 8 7 0 1 2 5 5 2 1 3 4 6 
9 8 7 0 1 2 5 5 12 11 10 3 4 6 
9 8 13 10 11 12 5 5 12 11 8 7 6 
9 8 11 10 13 12 5 5 9 8 7 6 
9 8 13 10 3 4 5 5 12 13 8 7 6 
9 8 11 10 13 12 5 5 2 0 1 3 4 6 
9 8 7 6 4 5 5 2 0 7 6 
9 8 7 6 4 5 5 2 1 0 7 6 
9 8 11 10 13 12 5 5 2 1 0 7 6 
9 8 13 12 5 5 4 6 
9 8 11 10 13 12 5 5 2 1 3 4 6 
9 5 5 2 1 0 7 6 
9 8 11 10 3 4 5 5 2 1 3 4 6 
9 8 11 12 5 5 2 1 3 4 6 
9 8 11 10 3 4 5 5 12 11 8 7 6 
9 5 5 12 11 8 7 6 
9 8 7 6 4 5 5 12 11 8 7 6 
9 8 13 12 5 5 12 11 10 3 4 6 
9 8 13 10 3 4 5 5 4 3 1 0 7 6 
9 5 5 12 11 10 3 4 6 
9 5 5 9 8 7 6 
9 8 7 0 2 5 5 4 3 1 0 7 6 
9 8 11 10 13 12 5 5 12 11 10 3 4 6 
9 5 5 12 13 8 7 6 
9 8 11 12 5 5 2 0 1 3 4 6 
9 8 7 0 2 5 5 2 1 0 7 6 
---------------
Request id 12
13 12 11 8 9 5 4 
13 12 5 4 
13 12 5 2 0 7 6 4 
13 10 3 1 2 5 12 11 10 3 4 
13 10 3 1 2 5 9 8 7 6 4 
13 12 5 12 13 10 3 4 
13 10 3 4 5 9 8 7 6 4 
13 12 11 8 9 5 12 13 10 3 4 
13 8 7 6 4 5 2 1 0 7 6 4 
13 8 9 5 2 1 3 4 
13 10 3 4 5 2 0 7 6 4 
13 10 11 8 9 5 12 11 10 3 4 
13 12 11 8 9 5 2 0 1 3 4 
13 8 7 0 2 5 2 1 3 4 
13 8 9 5 12 13 8 7 6 4 
13 8 7 0 2 5 9 8 7 6 4 
13 10 11 12 5 9 8 7 6 4 
13 12 5 2 1 3 4 
13 8 9 5 9 8 7 6 4 
13 8 7 6 4 5 9 8 7 6 4 
13 10 3 1 2 5 2 0 1 3 4 
13 8 9 5 12 13 10 3 4 
13 10 3 4 5 2 1 0 7 6 4 
13 12 11 8 9 5 12 13 8 7 6 4 
13 10 11 12 5 2 0 1 3 4 
13 10 3 1 2 5 2 1 3 4 
13 8 11 12 5 12 13 8 7 6 4 
13 10 11 12 5 9 8 13 10 3 4 
13 8 11 12 5 9 8 13 10 3 4 
13 8 7 6 4 5 2 0 7 6 4 
13 8 11 12 5 12 13 10 3 4 
13 10 3 4 5 12 11 10 3 4 
13 12 11 8 9 5 9 8 13 10 3 4 
13 8 7 0 2 5 12 13 10 3 4 
13 8 9 5 2 0 1 3 4 
13 8 11 12 5 12 11 10 3 4 
13 8 7 0 2 5 2 0 7 6 4 
13 10 3 4 5 2 0 1 3 4 
13 8 7 6 4 5 9 8 13 10 3 4 
13 10 11 8 9 5 2 0 7 6 4 
---------------
Request id 13
13 12 5 5 12 11 8 7 0 
13 8 9 5 5 4 6 7 0 
13 8 9 5 5 4 3 1 0 
13 12 5 5 12 13 8 7 0 
13 10 11 8 9 5 5 4 6 7 0 
13 8 7 0 2 5 5 12 13 8 7 0 
13 8 7 6 4 5 5 4 3 1 0 
13 10 3 1 2 5 5 12 11 8 7 0 
13 10 3 1 2 5 5 12 13 10 3 1 0 
13 10 3 1 2 5 5 2 0 
13 8 11 12 5 5 2 0 
13 12 11 8 9 5 5 12 11 10 3 1 0 
13 8 7 0 2 5 5 9 8 7 0 
13 8 7 0 2 5 5 4 3 1 2 0 
13 10 11 8 9 5 5 2 0 
13 8 7 6 4 5 5 12 11 10 3 1 0 
13 10 11 12 5 5 4 3 1 2 0 
13 10 11 12 5 5 9 8 7 0 
13 10 3 1 2 5 5 4 3 1 0 
13 8 9 5 5 12 11 8 7 0 
13 8 9 5 5 2 0 
13 10 3 4 5 5 4 3 1 0 
13 8 7 0 2 5 5 4 6 7 0 
13 12 5 5 2 1 0 
13 8 11 12 5 5 12 13 10 3 1 0 
13 12 11 8 9 5 5 12 11 8 7 0 
13 10 3 4 5 5 12 13 8 7 0 
13 10 3 1 2 5 5 4 3 1 2 0 
13 12 5 5 9 8 7 0 
13 12 11 8 9 5 5 12 13 8 7 0 
13 12 5 5 4 6 7 0 
13 10 11 8 9 5 5 2 1 0 
13 12 11 8 9 5 5 4 3 1 2 0 
13 10 3 1 2 5 5 9 8 7 0 
13 10 11 8 9 5 5 4 3 1 2 0 
13 10 11 8 9 5 5 12 13 8 7 0 
13 8 9 5 5 12 13 8 7 0 
13 10 3 4 5 5 4 6 7 0 
13 10 11 12 5 5 12 11 8 7 0 
13 12 5 5 12 11 10 3 1 0 
---------------
Request id 17
0 1 3 10 13 12 5 5 5 12 13 10 11 8 7 
0 2 1 3 4 5 5 5 12 11 10 13 8 7 
0 1 3 10 11 12 5 5 5 12 13 8 7 
0 7 8 9 5 5 5 12 13 8 7 
0 7 6 4 5 5 5 12 11 8 7 
0 1 2 5 5 5 9 8 7 
0 1 3 4 5 5 5 12 13 8 7 
0 7 8 11 12 5 5 5 2 0 7 
0 7 8 11 12 5 5 5 4 3 1 2 0 7 
0 2 5 5 5 2 1 0 7 
0 2 1 3 4 5 5 5 2 1 0 7 
0 7 8 11 12 5 5 5 12 13 8 7 
0 7 6 4 5 5 5 4 6 7 
0 7 8 9 5 5 5 4 6 7 
0 7 6 4 5 5 5 4 3 1 0 7 
0 7 8 11 12 5 5 5 12 11 8 7 
0 1 3 4 5 5 5 4 6 7 
0 1 2 5 5 5 4 3 1 2 0 7 
0 1 3 10 13 12 5 5 5 12 11 8 7 
0 1 2 5 5 5 4 3 1 0 7 
0 7 6 4 5 5 5 12 13 8 7 
0 7 8 13 12 5 5 5 12 11 10 13 8 7 
0 7 6 4 5 5 5 12 11 10 13 8 7 
0 7 8 13 12 5 5 5 2 0 7 
0 1 3 10 11 12 5 5 5 4 3 1 2 0 7 
0 1 3 10 13 12 5 5 5 9 8 7 
0 1 3 10 11 12 5 5 5 9 8 7 
0 2 1 3 4 5 5 5 12 13 10 11 8 7 
0 7 6 4 5 5 5 12 13 10 11 8 7 
0 7 8 11 12 5 5 5 4 3 1 0 7 
0 2 5 5 5 4 3 1 2 0 7 
0 1 3 10 13 12 5 5 5 2 0 7 
0 1 3 4 5 5 5 2 0 7 
0 7 8 11 12 5 5 5 12 11 10 13 8 7 
0 7 8 13 12 5 5 5 4 3 1 2 0 7 
0 2 1 3 4 5 5 5 4 3 1 2 0 7 
0 7 8 13 12 5 5 5 2 1 0 7 
0 7 8 11 12 5 5 5 9 8 7 
0 1 2 5 5 5 4 6 7 
0 1 3 10 11 12 5 5 5 2 0 7 
---------------
Request id 5
3 10 13 8 11 12 5 12 11 8 13 10 
3 10 13 12 5 12 11 8 13 10 
3 4 5 4 6 7 8 13 10 
3 10 13 8 9 5 12 13 10 
3 10 13 8 9 5 12 11 10 
3 4 6 7 0 2 5 9 8 11 10 
3 10 13 12 5 9 8 11 10 
3 10 11 8 13 12 5 12 13 10 
3 10 13 12 5 12 11 10 
3 4 5 4 3 10 
3 10 13 8 9 5 9 8 11 10 
3 10 11 12 5 12 11 8 13 10 
3 1 2 5 4 3 10 
3 10 11 8 9 5 4 3 10 
3 10 11 12 5 12 13 10 
3 4 5 9 8 11 10 
3 4 6 7 0 2 5 12 13 10 
3 4 6 7 0 2 5 12 11 8 13 10 
3 10 11 8 13 12 5 4 3 10 
3 10 11 8 13 12 5 2 0 1 3 10 
3 1 2 5 12 11 10 
3 1 2 5 12 13 10 
3 4 5 12 13 8 11 10 
3 10 11 8 9 5 9 8 11 10 
3 10 11 12 5 12 11 10 
3 10 13 8 11 12 5 9 8 11 10 
3 10 11 8 9 5 4 6 7 8 13 10 
3 10 11 8 13 12 5 12 13 8 11 10 
3 10 11 8 9 5 9 8 13 10 
3 10 11 12 5 9 8 11 10 
3 10 11 12 5 2 1 3 10 
3 10 13 12 5 4 3 10 
3 1 0 2 5 12 11 8 13 10 
3 4 5 9 8 13 10 
3 10 13 8 9 5 2 1 3 10 
3 10 13 12 5 12 13 8 11 10 
3 10 13 12 5 12 13 10 
3 1 0 2 5 12 13 8 11 10 
3 4 6 7 0 2 5 9 8 13 10 
3 1 2 5 12 11 8 13 10 
---------------
Request id 10
10 11 8 7 0 2 5 5 9 8 7 6 
10 3 1 2 5 5 2 0 7 6 
10 11 8 7 0 2 5 5 2 0 7 6 
10 13 8 9 5 5 12 11 10 3 4 6 
10 3 1 0 2 5 5 2 1 0 7 6 
10 11 8 13 12 5 5 2 0 7 6 
10 11 12 5 5 4 6 
10 13 12 5 5 12 11 8 7 6 
10 3 4 5 5 4 3 1 0 7 6 
10 11 8 9 5 5 4 6 
10 3 4 5 5 2 1 3 4 6 
10 13 8 11 12 5 5 2 1 0 7 6 
10 13 8 9 5 5 12 13 8 7 6 
10 3 4 5 5 2 0 7 6 
10 11 8 13 12 5 5 4 6 
10 13 12 5 5 2 1 0 7 6 
10 13 8 11 12 5 5 12 11 8 7 6 
10 11 8 7 0 2 5 5 2 1 3 4 6 
10 11 12 5 5 2 0 1 3 4 6 
10 3 4 5 5 9 8 7 6 
10 13 8 9 5 5 2 1 0 7 6 
10 3 1 0 2 5 5 4 6 
10 11 8 7 0 2 5 5 4 6 
10 13 12 5 5 12 11 10 3 4 6 
10 3 1 0 2 5 5 12 11 8 7 6 
10 3 1 2 5 5 12 11 8 7 6 
10 13 8 11 12 5 5 2 1 3 4 6 
10 3 4 5 5 2 0 1 3 4 6 
10 11 8 13 12 5 5 2 1 0 7 6 
10 3 1 2 5 5 12 11 10 3 4 6 
10 11 8 7 0 2 5 5 4 3 1 0 7 6 
10 11 8 7 0 2 5 5 12 11 8 7 6 
10 3 4 5 5 4 6 
10 11 8 9 5 5 4 3 1 0 7 6 
10 3 1 0 2 5 5 12 13 8 7 6 
10 11 8 7 0 2 5 5 12 11 10 3 4 6 
10 13 8 9 5 5 4 3 1 0 7 6 
10 3 4 5 5 2 1 0 7 6 
10 11 8 13 12 5 5 2 1 3 4 6 
10 13 8 11 12 5 5 2 0 1 3 4 6 
---------------
Request id 1
4 3 1 0 2 5 5 5 4 3 10 
4 6 7 0 2 5 5 5 9 8 11 10 
4 3 1 0 2 5 5 5 12 13 10 
4 5 5 5 12 11 10 
4 5 5 5 4 3 10 
4 3 10 13 8 9 5 5 5 12 11 10 
4 3 1 0 2 5 5 5 2 0 1 3 10 
4 3 10 13 8 9 5 5 5 4 3 10 
4 6 7 8 11 12 5 5 5 12 13 10 
4 3 1 0 2 5 5 5 2 1 3 10 
4 3 1 2 5 5 5 2 1 3 10 
4 3 10 13 12 5 5 5 2 1 3 10 
4 6 7 8 11 12 5 5 5 9 8 13 10 
4 5 5 5 12 13 8 11 10 
4 3 1 0 2 5 5 5 12 11 10 
4 6 7 8 13 12 5 5 5 2 0 1 3 10 
4 6 7 8 11 12 5 5 5 12 11 10 
4 5 5 5 12 11 8 13 10 
4 5 5 5 9 8 13 10 
4 6 7 8 9 5 5 5 9 8 11 10 
4 3 1 0 2 5 5 5 12 11 8 13 10 
4 3 10 13 8 9 5 5 5 12 13 10 
4 3 10 11 12 5 5 5 12 11 10 
4 6 7 8 11 12 5 5 5 4 3 10 
4 6 7 0 2 5 5 5 4 3 10 
4 6 7 8 9 5 5 5 12 13 8 11 10 
4 3 10 11 12 5 5 5 4 3 10 
4 3 10 13 12 5 5 5 4 6 7 8 11 10 
4 5 5 5 2 1 3 10 
4 6 7 8 11 12 5 5 5 12 13 8 11 10 
4 3 10 13 8 9 5 5 5 9 8 11 10 
4 5 5 5 4 6 7 8 11 10 
4 3 10 11 12 5 5 5 2 0 1 3 10 
4 5 5 5 12 13 10 
4 6 7 0 2 5 5 5 12 11 8 13 10 
4 3 10 13 8 9 5 5 5 9 8 13 10 
4 6 7 0 2 5 5 5 2 0 1 3 10 
4 3 1 0 2 5 5 5 12 13 8 11 10 
4 3 10 13 8 9 5 5 5 12 13 8 11 10 
4 3 1 2 5 5 5 4 6 7 8 11 10 
---------------
Request id 2
4 3 10 13 8 9 5 5 12 11 8 7 
4 3 10 13 12 5 5 2 0 7 
4 6 7 8 9 5 5 12 11 10 13 8 7 
4 6 7 8 9 5 5 4 3 1 2 0 7 
4 6 7 8 9 5 5 12 13 10 11 8 7 
4 6 7 8 9 5 5 2 1 0 7 
4 3 1 0 2 5 5 12 11 8 7 
4 6 7 8 11 12 5 5 4 6 7 
4 3 10 13 8 9 5 5 9 8 7 
4 3 10 13 8 9 5 5 2 0 7 
4 6 7 0 1 2 5 5 4 6 7 
4 3 10 13 12 5 5 2 1 0 7 
4 3 10 11 12 5 5 12 11 8 7 
4 6 7 0 1 2 5 5 12 13 8 7 
4 5 5 4 3 1 0 7 
4 3 1 0 2 5 5 12 13 10 11 8 7 
4 3 1 2 5 5 2 1 0 7 
4 3 10 13 8 9 5 5 4 6 7 
4 5 5 4 6 7 
4 3 10 13 12 5 5 4 3 1 0 7 
4 3 1 0 2 5 5 2 0 7 
4 6 7 0 1 2 5 5 4 3 1 2 0 7 
4 3 10 13 8 9 5 5 4 3 1 2 0 7 
4 6 7 0 2 5 5 12 13 8 7 
4 3 10 11 12 5 5 4 6 7 
4 3 1 2 5 5 4 3 1 2 0 7 
4 3 1 0 2 5 5 2 1 0 7 
4 5 5 2 1 0 7 
4 3 10 13 8 9 5 5 12 13 8 7 
4 6 7 8 11 12 5 5 9 8 7 
4 3 1 2 5 5 2 0 7 
4 3 10 13 12 5 5 12 13 8 7 
4 3 10 13 12 5 5 4 3 1 2 0 7 
4 6 7 8 11 12 5 5 2 0 7 
4 3 1 0 2 5 5 4 3 1 0 7 
4 3 10 11 12 5 5 4 3 1 2 0 7 
4 3 10 13 12 5 5 12 11 8 7 
4 3 10 13 12 5 5 12 13 10 11 8 7 
4 6 7 8 11 12 5 5 12 11 8 7 
4 3 10 11 12 5 5 12 13 8 7 
---------------
Request id 6
13 10 3 4 5 5 5 9 8 7 6 
13 10 11 12 5 5 5 12 13 10 3 4 6 
13 8 7 0 2 5 5 5 12 11 10 3 4 6 
13 10 3 1 2 5 5 5 12 13 10 3 4 6 
13 10 3 4 5 5 5 4 6 
13 10 3 4 5 5 5 12 11 8 7 6 
13 8 7 0 2 5 5 5 2 0 7 6 
13 8 11 12 5 5 5 12 11 8 7 6 
13 8 7 6 4 5 5 5 12 11 8 7 6 
13 10 3 1 2 5 5 5 4 3 1 0 7 6 
13 12 11 8 9 5 5 5 12 11 8 7 6 
13 8 7 6 4 5 5 5 2 0 7 6 
13 12 5 5 5 2 1 0 7 6 
13 10 3 1 2 5 5 5 12 13 8 7 6 
13 8 7 6 4 5 5 5 4 3 1 0 7 6 
13 8 7 6 4 5 5 5 2 1 0 7 6 
13 10 11 12 5 5 5 2 1 0 7 6 
13 12 5 5 5 9 8 7 6 
13 8 7 0 2 5 5 5 12 13 8 7 6 
13 10 11 12 5 5 5 2 0 7 6 
13 12 5 5 5 12 11 8 7 6 
13 10 11 8 9 5 5 5 12 13 8 7 6 
13 10 11 8 9 5 5 5 2 1 0 7 6 
13 10 3 1 2 5 5 5 12 11 8 7 6 
13 12 5 5 5 12 11 10 3 4 6 
13 8 7 0 2 5 5 5 12 13 10 3 4 6 
13 12 5 5 5 12 13 8 7 6 
13 8 9 5 5 5 4 6 
13 8 7 6 4 5 5 5 4 6 
13 8 9 5 5 5 12 11 10 3 4 6 
13 8 7 6 4 5 5 5 2 1 3 4 6 
13 12 11 8 9 5 5 5 12 13 8 7 6 
13 8 11 12 5 5 5 12 13 8 7 6 
13 10 3 1 2 5 5 5 9 8 7 6 
13 12 5 5 5 2 1 3 4 6 
13 8 11 12 5 5 5 2 1 0 7 6 
13 8 7 6 4 5 5 5 12 13 10 3 4 6 
13 8 11 12 5 5 5 12 13 10 3 4 6 
13 10 11 8 9 5 5 5 4 3 1 0 7 6 
13 8 7 0 2 5 5 5 4 3 1 0 7 6 
---------------
Request id 7
13 10 3 1 2 5 5 12 13 10 
13 8 9 5 5 12 11 10 
13 10 11 12 5 5 4 3 10 
13 8 7 0 2 5 5 2 0 1 3 10 
13 10 3 4 5 5 2 0 1 3 10 
13 10 11 8 9 5 5 9 8 13 10 
13 12 11 8 9 5 5 12 11 8 13 10 
13 10 3 1 2 5 5 2 1 3 10 
13 8 11 12 5 5 9 8 13 10 
13 8 11 12 5 5 2 1 3 10 
13 12 11 8 9 5 5 9 8 11 10 
13 8 11 12 5 5 4 3 10 
13 8 7 6 4 5 5 12 13 8 11 10 
13 10 11 8 9 5 5 4 3 10 
13 8 7 6 4 5 5 12 13 10 
13 12 5 5 4 3 10 
13 8 11 12 5 5 9 8 11 10 
13 10 11 8 9 5 5 9 8 13 12 11 10 
13 8 7 0 2 5 5 12 11 8 13 10 
13 8 9 5 5 12 13 10 
13 8 7 6 4 5 5 12 11 10 
13 10 11 8 9 5 5 9 8 11 10 
13 8 11 12 5 5 9 8 13 12 11 10 
13 8 9 5 5 9 8 13 12 11 10 
13 12 5 5 2 1 3 10 
13 8 11 12 5 5 2 0 1 3 10 
13 12 5 5 12 13 10 
13 8 11 12 5 5 12 13 8 11 10 
13 12 5 5 9 8 13 12 11 10 
13 10 3 4 5 5 12 13 10 
13 8 7 0 2 5 5 12 13 8 11 10 
13 12 5 5 9 8 11 10 
13 8 7 0 2 5 5 4 3 10 
13 8 11 12 5 5 12 11 8 13 10 
13 10 3 1 2 5 5 9 8 11 10 
13 12 5 5 12 11 10 
13 10 11 12 5 5 12 11 8 13 10 
13 8 7 0 2 5 5 2 1 3 10 
13 12 11 8 9 5 5 12 13 10 
13 10 11 12 5 5 12 13 8 11 10 
---------------
Request id 3
3 10 11 8 9 5 9 8 11 10 3 4 
3 10 11 8 9 5 12 11 10 3 4 
3 10 13 8 11 12 5 2 1 3 4 
3 1 2 5 2 1 0 7 6 4 
3 10 13 8 11 12 5 9 8 11 10 3 4 
3 4 6 7 8 9 5 2 0 7 6 4 
3 10 11 8 13 12 5 12 11 10 3 4 
3 10 11 8 13 12 5 2 1 0 7 6 4 
3 1 2 5 2 0 1 3 4 
3 4 5 9 8 7 6 4 
3 10 13 8 11 12 5 12 11 8 7 6 4 
3 10 13 8 9 5 12 11 8 7 6 4 
3 10 11 8 13 12 5 2 0 1 3 4 
3 10 11 8 13 12 5 2 1 3 4 
3 10 13 8 11 12 5 2 0 7 6 4 
3 10 11 8 13 12 5 12 11 8 7 6 4 
3 1 2 5 12 11 10 3 4 
3 4 5 2 0 1 3 4 
3 10 13 8 9 5 2 1 3 4 
3 1 2 5 12 11 8 7 6 4 
3 10 13 12 5 2 1 0 7 6 4 
3 4 6 7 8 9 5 2 1 0 7 6 4 
3 4 5 9 8 11 10 3 4 
3 1 0 2 5 2 0 1 3 4 
3 10 11 8 9 5 12 13 10 3 4 
3 10 11 12 5 12 11 8 7 6 4 
3 4 5 12 13 10 3 4 
3 1 2 5 2 0 7 6 4 
3 10 13 8 9 5 4 
3 4 6 7 8 9 5 12 11 10 3 4 
3 10 13 12 5 12 11 8 7 6 4 
3 4 5 2 1 0 7 6 4 
3 10 13 12 5 12 13 10 3 4 
3 1 0 2 5 2 1 3 4 
3 1 2 5 9 8 7 6 4 
3 10 11 8 9 5 2 0 7 6 4 
3 4 5 12 11 10 3 4 
3 10 11 12 5 4 
3 10 13 8 9 5 2 0 1 3 4 
3 10 13 8 9 5 12 13 10 3 4 
---------------
Request id 18
13 12 11 8 9 5 5 12 13 8 7 6 
13 10 11 12 5 5 4 3 1 0 7 6 
13 8 11 12 5 5 4 3 1 0 7 6 
13 8 7 6 4 5 5 2 1 3 4 6 
13 8 9 5 5 4 3 1 0 7 6 
13 10 11 8 9 5 5 12 13 8 7 6 
13 12 5 5 9 8 7 6 
13 8 9 5 5 9 8 7 6 
13 12 5 5 4 3 1 0 7 6 
13 10 11 8 9 5 5 2 1 3 4 6 
13 8 9 5 5 4 6 
13 12 5 5 12 13 10 3 4 6 
13 10 3 4 5 5 2 1 0 7 6 
13 10 11 12 5 5 12 13 8 7 6 
13 10 11 8 9 5 5 2 0 7 6 
13 12 11 8 9 5 5 2 1 0 7 6 
13 12 5 5 12 11 10 3 4 6 
13 8 9 5 5 12 13 10 3 4 6 
13 12 11 8 9 5 5 2 0 7 6 
13 12 5 5 2 1 0 7 6 
13 10 3 4 5 5 4 6 
13 12 5 5 12 11 8 7 6 
13 10 3 4 5 5 12 11 10 3 4 6 
13 12 11 8 9 5 5 4 6 
13 8 11 12 5 5 12 11 8 7 6 
13 8 9 5 5 12 13 8 7 6 
13 10 3 1 2 5 5 2 0 7 6 
13 10 11 8 9 5 5 4 6 
13 10 3 1 2 5 5 4 6 
13 8 7 0 2 5 5 9 8 7 6 
13 12 11 8 9 5 5 4 3 1 0 7 6 
13 8 7 6 4 5 5 9 8 7 6 
13 10 11 8 9 5 5 4 3 1 0 7 6 
13 10 3 1 2 5 5 12 11 10 3 4 6 
13 10 11 12 5 5 2 0 7 6 
13 8 7 6 4 5 5 12 13 8 7 6 
13 8 11 12 5 5 9 8 7 6 
13 10 3 4 5 5 2 1 3 4 6 
13 10 11 8 9 5 5 12 11 8 7 6 
13 10 11 8 9 5 5 12 13 10 3 4 6 
---------------
Request id 14
9 8 7 0 2 5 2 0 1 3 
9 5 4 6 7 0 1 3 
9 8 13 10 11 12 5 4 3 
9 8 11 10 13 12 5 12 11 8 13 10 3 
9 8 11 12 5 9 8 11 10 3 
9 8 13 10 3 4 5 4 6 7 0 1 3 
9 8 11 10 3 4 5 9 8 11 10 3 
9 8 7 6 4 5 2 1 3 
9 8 11 10 13 12 5 12 11 10 3 
9 8 13 10 11 12 5 9 8 13 10 3 
9 5 12 11 10 3 
9 8 11 12 5 12 11 8 13 10 3 
9 8 13 10 11 12 5 12 11 8 13 10 3 
9 8 13 12 5 12 13 10 3 
9 8 7 0 2 5 4 6 7 0 1 3 
9 8 13 10 11 12 5 2 0 7 6 4 3 
9 8 11 12 5 2 0 7 6 4 3 
9 8 7 0 1 2 5 2 1 3 
9 8 11 10 3 4 5 4 3 
9 8 7 6 4 5 2 0 7 6 4 3 
9 8 11 12 5 9 8 13 10 3 
9 8 7 0 1 2 5 2 0 7 6 4 3 
9 8 7 6 4 5 9 8 13 10 3 
9 8 7 0 2 5 9 8 13 10 3 
9 8 13 12 5 4 3 
9 8 13 10 3 4 5 9 8 13 10 3 
9 8 7 0 2 5 4 3 
9 8 13 10 3 4 5 12 11 8 13 10 3 
9 8 7 6 4 5 12 11 8 13 10 3 
9 8 7 0 1 2 5 4 3 
9 8 7 6 4 5 4 6 7 0 1 3 
9 5 2 0 7 6 4 3 
9 5 2 1 3 
9 8 13 10 3 4 5 12 13 10 3 
9 8 13 10 3 4 5 2 1 3 
9 8 13 12 5 2 0 1 3 
9 8 13 10 11 12 5 12 13 10 3 
9 8 7 0 2 5 12 11 10 3 
9 5 2 0 1 3 
9 8 13 10 3 4 5 12 11 10 3 
---------------
Request id 15
3 10 13 8 11 12 5 5 12 13 10 3 1 
3 1 2 5 5 12 11 10 3 1 
3 4 5 5 12 11 10 3 1 
3 10 13 12 5 5 9 8 7 0 2 1 
3 10 13 12 5 5 4 3 1 
3 10 13 8 11 12 5 5 9 8 7 0 1 
3 4 5 5 12 13 8 7 0 1 
3 10 11 12 5 5 12 11 10 3 1 
3 10 11 8 9 5 5 4 3 1 
3 4 6 7 0 2 5 5 9 8 7 0 2 1 
3 10 11 8 13 12 5 5 4 6 7 0 1 
3 1 0 2 5 5 2 0 1 
3 10 13 8 11 12 5 5 12 11 8 7 0 1 
3 10 11 8 9 5 5 4 6 7 0 1 
3 10 11 12 5 5 12 11 8 7 0 1 
3 10 13 12 5 5 12 13 8 7 0 1 
3 10 11 8 9 5 5 2 1 
3 1 0 2 5 5 12 11 10 3 1 
3 4 6 7 0 2 5 5 12 13 10 3 1 
3 10 13 8 11 12 5 5 2 1 
3 10 11 8 9 5 5 12 11 10 3 1 
3 10 11 8 9 5 5 12 13 8 7 0 1 
3 10 13 8 9 5 5 4 6 7 0 1 
3 4 5 5 9 8 7 0 1 
3 10 11 8 13 12 5 5 4 3 1 
3 4 5 5 2 1 
3 10 11 12 5 5 12 13 10 3 1 
3 4 5 5 2 0 1 
3 10 11 8 9 5 5 12 13 10 3 1 
3 10 11 8 13 12 5 5 12 13 8 7 0 1 
3 1 2 5 5 2 1 
3 1 2 5 5 12 13 10 3 1 
3 10 11 8 13 12 5 5 9 8 7 0 1 
3 10 13 12 5 5 2 1 
3 10 13 12 5 5 12 11 10 3 1 
3 10 11 8 13 12 5 5 2 1 
3 10 13 8 11 12 5 5 2 0 1 
3 10 11 8 13 12 5 5 9 8 7 0 2 1 
3 4 5 5 12 11 8 7 0 1 
3 1 0 2 5 5 2 1 
---------------
Request id 4
9 8 13 10 11 12 5 5 4 6 7 8 
9 8 7 6 4 5 5 12 11 8 
9 8 7 0 2 5 5 2 1 0 7 8 
9 8 13 10 3 4 5 5 12 13 10 11 8 
9 8 11 12 5 5 2 0 7 8 
9 8 7 0 1 2 5 5 12 13 8 
9 8 13 12 5 5 12 13 10 11 8 
9 8 13 10 11 12 5 5 2 1 0 7 8 
9 8 13 12 5 5 4 6 7 8 
9 8 11 10 13 12 5 5 9 8 
9 8 7 0 1 2 5 5 2 0 7 8 
9 8 7 0 2 5 5 12 11 8 
9 8 13 10 11 12 5 5 12 13 8 
9 8 11 10 13 12 5 5 12 13 8 
9 8 7 6 4 5 5 12 13 8 
9 8 7 0 2 5 5 4 3 10 13 8 
9 8 7 0 1 2 5 5 4 3 10 13 8 
9 8 7 6 4 5 5 12 11 10 13 8 
9 8 11 10 13 12 5 5 12 13 10 11 8 
9 8 7 0 2 5 5 2 0 7 8 
9 8 13 12 5 5 12 13 8 
9 8 11 10 3 4 5 5 12 13 8 
9 8 11 10 3 4 5 5 12 13 10 11 8 
9 8 7 0 1 2 5 5 4 6 7 8 
9 8 7 0 1 2 5 5 2 1 0 7 8 
9 8 7 0 1 2 5 5 12 11 10 13 8 
9 8 13 10 3 4 5 5 12 13 8 
9 8 7 0 1 2 5 5 4 3 10 11 8 
9 8 11 10 3 4 5 5 12 11 10 13 8 
9 8 7 0 2 5 5 4 3 10 11 8 
9 8 7 6 4 5 5 2 0 7 8 
9 8 13 12 5 5 9 8 
9 8 11 10 3 4 5 5 9 8 
9 8 13 12 5 5 2 0 7 8 
9 8 7 6 4 5 5 9 8 
9 8 13 10 3 4 5 5 2 0 7 8 
9 8 13 10 11 12 5 5 12 13 10 11 8 
9 8 13 10 11 12 5 5 12 11 8 
9 8 13 10 3 4 5 5 2 1 0 7 8 
9 8 13 12 5 5 12 11 10 13 8 
---------------
Request id 16
11 8 13 12 5 5 12 13 8 7 0 
11 10 13 8 9 5 5 2 1 0 
11 12 13 8 9 5 5 12 13 8 7 0 
11 8 7 6 4 5 5 2 0 
11 8 9 5 5 12 11 8 7 0 
11 10 13 8 9 5 5 2 0 
11 12 5 5 4 6 7 0 
11 10 3 4 5 5 12 11 10 3 1 0 
11 10 3 4 5 5 2 1 0 
11 12 13 8 9 5 5 9 8 7 0 
11 10 13 12 5 5 4 3 1 2 0 
11 8 9 5 5 12 13 8 7 0 
11 10 3 1 2 5 5 12 13 10 3 1 0 
11 10 3 4 5 5 2 0 
11 10 13 12 5 5 12 13 10 3 1 0 
11 10 13 12 5 5 4 3 1 0 
11 12 5 5 2 1 0 
11 10 3 4 5 5 4 6 7 0 
11 8 7 6 4 5 5 12 13 10 3 1 0 
11 10 13 12 5 5 4 6 7 0 
11 10 13 12 5 5 2 1 0 
11 8 9 5 5 4 3 1 2 0 
11 8 7 0 2 5 5 4 3 1 2 0 
11 10 3 4 5 5 4 3 1 2 0 
11 8 7 0 2 5 5 2 1 0 
11 12 13 8 9 5 5 12 11 8 7 0 
11 8 7 6 4 5 5 2 1 0 
11 10 3 1 2 5 5 4 6 7 0 
11 10 3 4 5 5 4 3 1 0 
11 10 13 8 9 5 5 9 8 7 0 
11 8 9 5 5 12 13 10 3 1 0 
11 8 7 0 2 5 5 12 11 8 7 0 
11 8 13 12 5 5 4 3 1 2 0 
11 10 13 12 5 5 12 11 8 7 0 
11 12 13 8 9 5 5 4 6 7 0 
11 12 13 8 9 5 5 12 13 10 3 1 0 
11 12 5 5 12 13 10 3 1 0 
11 10 3 1 2 5 5 4 3 1 0 
11 8 7 0 2 5 5 4 3 1 0 
11 8 7 6 4 5 5 12 11 10 3 1 0 
---------------
Request id 20
11 8 7 0 2 5 5 2 0 7 8 11 12 
11 10 13 12 5 5 2 0 7 8 13 12 
11 8 7 0 2 5 5 2 1 3 10 11 12 
11 10 3 4 5 5 2 0 7 8 11 12 
11 8 7 6 4 5 5 2 0 7 8 11 12 
11 8 9 5 5 2 0 7 8 13 12 
11 10 13 8 9 5 5 4 6 7 8 11 12 
11 10 13 12 5 5 9 8 11 12 
11 10 13 12 5 5 2 0 7 8 11 12 
11 10 13 8 9 5 5 9 8 13 12 
11 10 3 1 2 5 5 9 8 13 12 
11 8 9 5 5 4 3 10 13 12 
11 10 13 12 5 5 4 3 10 13 12 
11 10 3 4 5 5 4 6 7 8 11 12 
11 10 3 4 5 5 12 
11 12 5 5 2 0 7 8 11 12 
11 12 13 8 9 5 5 4 6 7 8 11 12 
11 8 7 0 2 5 5 2 0 7 8 13 12 
11 10 3 4 5 5 9 8 13 12 
11 10 13 8 9 5 5 9 8 11 12 
11 8 7 6 4 5 5 4 6 7 8 11 12 
11 8 9 5 5 9 8 13 12 
11 8 7 0 2 5 5 4 3 10 11 12 
11 10 3 4 5 5 4 3 10 13 12 
11 10 13 12 5 5 12 
11 12 13 8 9 5 5 2 0 7 8 13 12 
11 12 13 8 9 5 5 12 
11 10 13 8 9 5 5 9 8 13 10 11 12 
11 8 7 0 2 5 5 12 
11 10 13 12 5 5 4 6 7 8 11 12 
11 8 13 12 5 5 4 3 10 13 12 
11 12 13 8 9 5 5 4 3 10 11 12 
11 8 13 12 5 5 4 6 7 8 11 12 
11 8 9 5 5 12 
11 12 5 5 4 3 10 11 12 
11 10 3 4 5 5 9 8 13 10 11 12 
11 8 7 6 4 5 5 2 1 3 10 11 12 
11 10 3 4 5 5 4 3 10 11 12 
11 8 9 5 5 9 8 11 12 
11 10 3 1 2 5 5 12 
---------------
Request id 9
13 12 11 8 9 5 5 5 2 0 7 8 13 12 
13 12 11 8 9 5 5 5 4 6 7 8 13 12 
13 8 7 0 2 5 5 5 4 3 10 13 12 
13 8 11 12 5 5 5 2 1 3 10 13 12 
13 10 11 8 9 5 5 5 9 8 11 10 13 12 
13 10 3 4 5 5 5 9 8 11 10 13 12 
13 12 5 5 5 2 1 3 10 13 12 
13 10 11 12 5 5 5 2 1 3 10 13 12 
13 10 11 12 5 5 5 9 8 13 12 
13 10 11 12 5 5 5 4 3 10 13 12 
13 10 3 4 5 5 5 9 8 13 12 
13 12 5 5 5 4 3 10 13 12 
13 8 7 6 4 5 5 5 9 8 13 12 
13 10 11 12 5 5 5 2 0 7 8 13 12 
13 8 7 6 4 5 5 5 2 1 3 10 13 12 
13 10 3 4 5 5 5 2 1 3 10 11 12 
13 10 3 1 2 5 5 5 2 1 3 10 13 12 
13 10 3 1 2 5 5 5 9 8 13 12 
13 10 3 1 2 5 5 5 2 1 3 10 11 12 
13 8 9 5 5 5 2 1 3 10 13 12 
13 12 11 8 9 5 5 5 9 8 13 12 
13 8 7 0 2 5 5 5 2 1 3 10 11 12 
13 10 3 4 5 5 5 2 1 3 10 13 12 
13 12 5 5 5 9 8 11 10 13 12 
13 8 9 5 5 5 4 3 10 13 12 
13 10 11 8 9 5 5 5 12 
13 10 11 8 9 5 5 5 2 1 3 10 13 12 
13 12 11 8 9 5 5 5 2 1 3 10 11 12 
13 12 11 8 9 5 5 5 9 8 11 10 13 12 
13 12 11 8 9 5 5 5 12 
13 10 3 4 5 5 5 12 
13 8 7 0 2 5 5 5 2 0 7 8 13 12 
13 8 9 5 5 5 4 3 10 11 12 
13 12 11 8 9 5 5 5 2 1 3 10 13 12 
13 8 7 6 4 5 5 5 9 8 11 12 
13 10 11 8 9 5 5 5 4 3 10 13 12 
13 10 11 8 9 5 5 5 2 0 7 8 13 12 
13 10 3 1 2 5 5 5 12 
13 12 5 5 5 9 8 13 12 
13 10 11 8 9 5 5 5 2 1 3 10 11 12 
---------------
Request id 11
6 7 8 13 12 5 4 3 10 
6 4 5 9 8 11 12 13 10 
6 4 3 10 11 12 5 4 3 10 
6 7 8 9 5 9 8 11 10 
6 7 8 9 5 12 11 8 13 10 
6 7 8 9 5 12 11 10 
6 4 3 1 2 5 9 8 13 10 
6 7 0 2 5 9 8 11 10 
6 7 0 1 2 5 9 8 13 10 
6 4 3 1 2 5 2 0 1 3 10 
6 7 8 13 12 5 9 8 13 10 
6 4 3 1 2 5 12 13 8 11 10 
6 4 3 10 13 12 5 9 8 11 10 
6 4 5 2 0 1 3 10 
6 7 0 1 2 5 4 3 10 
6 7 0 1 2 5 12 13 8 11 10 
6 4 3 1 2 5 2 1 3 10 
6 7 8 11 12 5 2 1 3 10 
6 7 0 1 3 4 5 4 3 10 
6 4 3 10 13 12 5 2 1 3 10 
6 7 8 9 5 4 3 10 
6 7 8 9 5 9 8 13 10 
6 4 3 10 13 12 5 12 11 10 
6 4 3 10 11 12 5 2 0 1 3 10 
6 4 3 10 11 12 5 9 8 11 10 
6 4 5 9 8 13 10 
6 7 8 13 12 5 12 11 8 13 10 
6 4 3 1 2 5 9 8 11 12 13 10 
6 7 8 13 12 5 12 11 10 
6 4 3 10 13 12 5 12 13 8 11 10 
6 7 8 11 12 5 4 3 10 
6 7 0 2 5 12 13 10 
6 7 8 11 12 5 12 13 8 11 10 
6 4 3 10 11 12 5 2 1 3 10 
6 7 0 1 3 4 5 12 13 8 11 10 
6 7 0 1 3 4 5 9 8 11 12 13 10 
6 4 3 10 11 12 5 12 13 8 11 10 
6 4 5 12 13 10 
6 4 3 10 13 12 5 9 8 13 10 
6 7 8 13 12 5 9 8 11 12 13 10 
---------------
