Request id 9
30 37 40 46 49 56 75 78 66 68 63 67 74 83 84 88 89 88 84 82 81 71 74 67 63 68 66 78 75 56 49 46 50 52 55 58 60 62 65 54 57 59 64 
30 37 40 46 49 56 75 78 66 68 63 67 74 71 81 82 84 88 89 88 84 83 74 67 62 65 54 57 59 64 
30 37 40 46 49 56 75 78 66 68 63 67 74 71 81 82 84 88 89 88 84 82 81 80 69 64 
30 37 40 46 50 52 55 58 60 62 67 74 83 84 88 89 88 84 83 74 67 63 68 77 73 72 75 56 49 46 50 52 55 58 60 62 65 54 57 59 64 
30 21 26 35 36 40 46 50 52 55 58 60 62 67 74 83 84 88 89 88 84 82 81 71 74 67 62 65 54 57 59 64 
30 21 26 35 36 40 46 50 52 55 58 60 62 67 74 83 84 88 89 88 84 83 74 67 62 65 54 57 59 64 
30 21 26 35 36 40 46 49 56 75 78 66 68 63 67 74 83 84 88 89 88 84 83 74 67 63 68 66 78 75 56 49 46 50 52 55 58 60 62 65 54 57 59 64 
30 37 40 46 49 56 75 72 73 77 68 63 67 74 83 84 88 89 88 84 83 74 67 63 68 77 73 72 75 56 49 46 50 52 55 58 60 62 65 54 57 59 64 
30 21 26 35 36 40 46 50 52 55 58 60 62 67 74 71 81 82 84 88 89 88 84 83 74 71 81 80 69 64 
30 21 26 35 36 40 46 50 52 55 58 60 62 67 74 83 84 88 89 88 84 83 74 67 62 65 45 34 48 53 54 57 59 64 
30 21 26 35 36 40 46 49 56 75 72 73 77 68 63 67 74 83 84 88 89 88 84 82 81 80 69 64 
30 37 40 46 49 56 75 72 73 77 68 63 67 74 83 84 88 89 88 84 82 81 80 69 64 
30 21 26 35 36 40 46 49 56 75 78 66 68 63 67 74 83 84 88 89 88 84 82 81 71 74 67 63 68 66 78 75 56 49 46 50 52 55 58 60 62 65 54 57 59 64 
30 21 26 35 36 40 46 49 56 75 78 66 68 63 67 74 83 84 88 89 88 84 83 74 67 63 68 77 73 72 75 56 49 46 50 52 55 58 60 62 65 54 57 59 64 
30 37 40 46 49 56 75 72 73 77 68 63 67 74 83 84 88 89 88 84 83 74 71 81 80 69 64 
30 37 40 46 49 56 75 72 73 77 68 63 67 74 71 81 82 84 88 89 88 84 83 74 67 62 65 54 57 59 64 
30 21 26 35 36 40 46 49 56 75 72 73 77 68 63 67 74 83 84 88 89 88 84 83 74 67 63 68 66 78 75 56 49 46 50 52 55 58 60 62 65 54 57 59 64 
30 21 26 35 36 40 46 49 56 75 78 66 68 63 67 74 83 84 88 89 88 84 82 81 71 74 67 63 68 77 73 72 75 56 49 46 50 52 55 58 60 62 65 54 57 59 64 
30 37 40 46 49 56 75 78 66 68 63 67 74 83 84 88 89 88 84 83 74 67 63 68 66 78 75 56 49 46 50 52 55 58 60 62 65 54 57 59 64 
30 37 40 46 50 52 55 58 60 62 67 74 71 81 82 84 88 89 88 84 83 74 71 81 80 69 64 
30 37 40 46 49 56 75 78 66 68 63 67 74 71 81 82 84 88 89 88 84 82 81 71 74 67 63 68 66 78 75 56 49 46 50 52 55 58 60 62 65 54 57 59 64 
30 21 26 35 36 40 46 50 52 55 58 60 62 67 74 83 84 88 89 88 84 83 74 71 81 80 69 64 
30 37 40 46 49 56 75 72 73 77 68 63 67 74 71 81 82 84 88 89 88 84 82 81 71 74 67 63 68 77 73 72 75 56 49 46 50 52 55 58 60 62 65 54 57 59 64 
30 37 40 46 49 56 75 72 73 77 68 63 67 74 83 84 88 89 88 84 83 74 67 62 65 54 57 59 64 
30 21 26 35 36 40 46 50 52 55 58 60 62 67 74 83 84 88 89 88 84 83 74 67 63 68 66 78 75 56 49 46 50 52 55 58 60 62 65 54 57 59 64 
30 21 26 35 36 40 46 50 52 55 58 60 62 67 74 71 81 82 84 88 89 88 84 82 81 71 74 67 62 65 54 57 59 64 
30 37 40 46 49 56 75 72 73 77 68 63 67 74 71 81 82 84 88 89 88 84 83 74 67 62 65 45 34 48 53 54 57 59 64 
30 37 40 46 49 56 75 72 73 77 68 63 67 74 71 81 82 84 88 89 88 84 82 81 80 69 64 
30 37 40 46 49 56 75 78 66 68 63 67 74 71 81 82 84 88 89 88 84 82 81 71 74 67 62 65 54 57 59 64 
30 21 26 35 36 40 46 49 56 75 72 73 77 68 63 67 74 83 84 88 89 88 84 82 81 71 74 67 62 65 45 34 48 53 54 57 59 64 
---------------
Request id 8
58 60 62 65 45 34 48 53 54 57 59 64 69 80 81 71 74 83 84 82 81 80 69 64 59 57 54 65 62 60 58 55 52 50 46 49 56 75 72 73 77 68 63 67 74 83 84 88 89 88 84 83 74 67 63 68 77 73 72 75 56 49 46 50 52 55 58 60 62 65 54 57 59 64 69 79 
58 60 62 65 54 57 59 64 69 80 81 82 81 80 69 64 59 57 54 53 48 34 45 65 62 67 74 83 84 88 89 88 84 83 74 71 81 80 69 79 
58 55 52 50 46 49 56 75 78 66 68 63 67 74 83 84 82 81 71 74 83 84 88 89 88 84 83 74 67 62 65 45 34 48 53 54 57 59 64 69 79 
58 60 62 67 74 71 81 82 81 80 69 64 59 57 54 65 62 60 58 55 52 50 46 49 56 75 78 66 68 63 67 74 83 84 88 89 88 84 82 81 80 69 79 
58 55 52 50 46 49 56 75 72 73 77 68 63 67 74 83 84 82 81 80 69 64 59 57 54 65 62 60 58 55 52 50 46 49 56 75 72 73 77 68 63 67 74 83 84 88 89 88 84 82 81 71 74 67 62 65 54 57 59 64 69 79 
58 60 62 65 54 57 59 64 69 80 81 82 81 80 69 64 59 57 54 65 62 67 74 83 84 88 89 88 84 82 81 71 74 67 63 68 66 78 75 56 49 46 50 52 55 58 60 62 65 54 57 59 64 69 79 
58 60 62 65 45 34 48 53 54 57 59 64 69 80 81 82 81 80 69 64 59 57 54 65 62 67 74 83 84 88 89 88 84 82 81 80 69 79 
58 60 62 67 74 83 84 82 81 80 69 64 59 57 54 65 62 60 58 55 52 50 46 49 56 75 78 66 68 63 67 74 83 84 88 89 88 84 83 74 71 81 80 69 79 
58 60 62 65 45 34 48 53 54 57 59 64 69 80 81 71 74 83 84 82 81 80 69 64 59 57 54 65 62 67 74 83 84 88 89 88 84 82 81 71 74 67 62 65 54 57 59 64 69 79 
58 55 52 50 46 49 56 75 78 66 68 63 67 74 83 84 82 81 71 74 83 84 88 89 88 84 82 81 71 74 67 62 65 45 34 48 53 54 57 59 64 69 79 
58 55 52 50 46 49 56 75 72 73 77 68 63 67 74 83 84 82 81 80 69 64 59 57 54 53 48 34 45 65 62 67 74 83 84 88 89 88 84 83 74 67 63 68 66 78 75 56 49 46 50 52 55 58 60 62 65 54 57 59 64 69 79 
58 60 62 65 54 57 59 64 69 80 81 71 74 83 84 82 81 80 69 64 59 57 54 65 62 60 58 55 52 50 46 49 56 75 78 66 68 63 67 74 83 84 88 89 88 84 82 81 71 74 67 62 65 45 34 48 53 54 57 59 64 69 79 
58 55 52 50 46 49 56 75 78 66 68 63 67 74 83 84 82 84 88 89 88 84 82 81 71 74 67 63 68 66 78 75 56 49 46 50 52 55 58 60 62 65 54 57 59 64 69 79 
58 60 62 65 54 57 59 64 69 80 81 71 74 83 84 82 81 80 69 64 59 57 54 65 62 60 58 55 52 50 46 49 56 75 72 73 77 68 63 67 74 83 84 88 89 88 84 82 81 71 74 67 62 65 45 34 48 53 54 57 59 64 69 79 
58 55 52 50 46 49 56 75 72 73 77 68 63 67 74 71 81 82 81 80 69 64 59 57 54 65 62 67 74 83 84 88 89 88 84 82 81 71 74 67 63 68 77 73 72 75 56 49 46 50 52 55 58 60 62 65 54 57 59 64 69 79 
58 55 52 50 46 49 56 75 72 73 77 68 63 67 74 71 81 82 81 80 69 64 59 57 54 53 48 34 45 65 62 60 58 55 52 50 46 49 56 75 72 73 77 68 63 67 74 83 84 88 89 88 84 82 81 71 74 67 63 68 77 73 72 75 56 49 46 50 52 55 58 60 62 65 54 57 59 64 69 79 
58 55 52 50 46 49 56 75 72 73 77 68 63 67 74 83 84 82 81 80 69 64 59 57 54 65 62 60 58 55 52 50 46 49 56 75 78 66 68 63 67 74 83 84 88 89 88 84 83 74 67 62 65 54 57 59 64 69 79 
58 60 62 67 74 83 84 82 81 80 69 64 59 57 54 65 62 60 58 55 52 50 46 49 56 75 72 73 77 68 63 67 74 83 84 88 89 88 84 82 81 71 74 67 62 65 54 57 59 64 69 79 
58 60 62 65 54 57 59 64 69 80 81 82 84 88 89 88 84 82 81 71 74 67 63 68 77 73 72 75 56 49 46 50 52 55 58 60 62 65 54 57 59 64 69 79 
58 60 62 67 74 83 84 82 81 80 69 64 59 57 54 53 48 34 45 65 62 60 58 55 52 50 46 49 56 75 72 73 77 68 63 67 74 83 84 88 89 88 84 83 74 67 63 68 77 73 72 75 56 49 46 50 52 55 58 60 62 65 54 57 59 64 69 79 
58 55 52 50 46 49 56 75 72 73 77 68 63 67 74 83 84 82 84 88 89 88 84 82 81 71 74 67 63 68 77 73 72 75 56 49 46 50 52 55 58 60 62 65 54 57 59 64 69 79 
58 60 62 65 45 34 48 53 54 57 59 64 69 80 81 71 74 83 84 82 81 80 69 64 59 57 54 65 62 67 74 83 84 88 89 88 84 82 81 80 69 79 
58 60 62 65 54 57 59 64 69 80 81 82 81 80 69 64 59 57 54 65 62 67 74 83 84 88 89 88 84 83 74 67 62 65 45 34 48 53 54 57 59 64 69 79 
58 60 62 65 45 34 48 53 54 57 59 64 69 80 81 82 81 80 69 64 59 57 54 65 62 60 58 55 52 50 46 49 56 75 78 66 68 63 67 74 83 84 88 89 88 84 83 74 67 63 68 66 78 75 56 49 46 50 52 55 58 60 62 65 54 57 59 64 69 79 
58 55 52 50 46 49 56 75 72 73 77 68 63 67 74 71 81 82 84 88 89 88 84 82 81 71 74 67 62 65 45 34 48 53 54 57 59 64 69 79 
58 60 62 65 54 57 59 64 69 80 81 82 81 71 74 83 84 88 89 88 84 83 74 67 63 68 77 73 72 75 56 49 46 50 52 55 58 60 62 65 54 57 59 64 69 79 
58 55 52 50 46 49 56 75 72 73 77 68 63 67 74 83 84 82 81 80 69 64 59 57 54 53 48 34 45 65 62 60 58 55 52 50 46 49 56 75 78 66 68 63 67 74 83 84 88 89 88 84 83 74 67 63 68 66 78 75 56 49 46 50 52 55 58 60 62 65 54 57 59 64 69 79 
58 60 62 65 45 34 48 53 54 57 59 64 69 80 81 82 81 80 69 64 59 57 54 65 62 60 58 55 52 50 46 49 56 75 78 66 68 63 67 74 83 84 88 89 88 84 82 81 71 74 67 63 68 77 73 72 75 56 49 46 50 52 55 58 60 62 65 54 57 59 64 69 79 
58 55 52 50 46 49 56 75 72 73 77 68 63 67 74 83 84 82 81 80 69 64 59 57 54 53 48 34 45 65 62 60 58 55 52 50 46 49 56 75 78 66 68 63 67 74 83 84 88 89 88 84 83 74 67 62 65 45 34 48 53 54 57 59 64 69 79 
58 60 62 65 45 34 48 53 54 57 59 64 69 80 81 82 84 88 89 88 84 83 74 67 63 68 77 73 72 75 56 49 46 50 52 55 58 60 62 65 54 57 59 64 69 79 
---------------
Request id 6
29 38 29 35 26 21 30 37 40 41 33 
29 38 29 35 26 21 30 37 40 28 19 5 15 10 16 24 25 20 33 
29 38 29 35 36 40 28 19 5 15 20 33 
29 38 29 35 36 40 41 33 
29 38 29 35 26 21 30 37 40 28 19 5 15 20 33 
29 38 29 35 36 40 43 33 
29 38 29 35 26 21 30 37 40 43 33 
29 38 29 35 36 40 28 19 5 15 10 16 24 25 20 33 
---------------
Request id 10
23 29 35 36 40 46 49 56 75 72 73 77 68 63 67 74 71 81 82 84 88 89 88 84 83 74 67 63 68 77 73 72 75 56 49 46 40 43 33 20 25 24 
23 29 35 26 21 30 37 40 46 50 52 55 58 60 62 67 74 83 84 88 89 88 84 83 74 67 62 60 58 55 52 50 46 40 41 33 20 25 24 
23 29 35 26 21 30 37 40 46 50 52 55 58 60 62 67 74 83 84 88 89 88 84 83 74 67 62 60 58 55 52 50 46 40 28 19 5 15 10 16 24 
23 29 35 26 21 30 37 40 46 50 52 55 58 60 62 67 74 83 84 88 89 88 84 83 74 67 63 68 66 78 75 56 49 46 40 43 33 20 25 24 
23 29 35 26 21 30 37 40 46 50 52 55 58 60 62 67 74 83 84 88 89 88 84 83 74 67 62 60 58 55 52 50 46 40 43 33 20 25 24 
23 29 35 36 40 46 49 56 75 78 66 68 63 67 74 71 81 82 84 88 89 88 84 82 81 71 74 67 62 60 58 55 52 50 46 40 43 33 20 25 24 
23 29 35 36 40 46 50 52 55 58 60 62 67 74 71 81 82 84 88 89 88 84 82 81 71 74 67 62 60 58 55 52 50 46 40 43 33 20 25 24 
23 29 35 36 40 46 49 56 75 72 73 77 68 63 67 74 71 81 82 84 88 89 88 84 83 74 67 63 68 66 78 75 56 49 46 40 41 33 20 25 24 
23 29 35 36 40 46 49 56 75 78 66 68 63 67 74 83 84 88 89 88 84 83 74 67 63 68 66 78 75 56 49 46 40 41 33 20 25 24 
23 29 35 36 40 46 50 52 55 58 60 62 67 74 83 84 88 89 88 84 83 74 67 63 68 66 78 75 56 49 46 40 43 33 20 25 24 
23 29 35 36 40 46 49 56 75 78 66 68 63 67 74 83 84 88 89 88 84 83 74 67 63 68 77 73 72 75 56 49 46 40 43 33 20 25 24 
23 29 35 36 40 46 49 56 75 72 73 77 68 63 67 74 83 84 88 89 88 84 83 74 67 63 68 77 73 72 75 56 49 46 40 43 33 20 25 24 
23 29 35 26 21 30 37 40 46 49 56 75 78 66 68 63 67 74 83 84 88 89 88 84 82 81 71 74 67 62 60 58 55 52 50 46 40 43 33 20 25 24 
23 29 35 26 21 30 37 40 46 50 52 55 58 60 62 67 74 83 84 88 89 88 84 83 74 67 63 68 66 78 75 56 49 46 40 41 33 20 25 24 
23 29 35 36 40 46 49 56 75 72 73 77 68 63 67 74 83 84 88 89 88 84 83 74 67 63 68 66 78 75 56 49 46 40 43 33 20 25 24 
23 29 35 26 21 30 37 40 46 50 52 55 58 60 62 67 74 71 81 82 84 88 89 88 84 83 74 67 62 60 58 55 52 50 46 40 43 33 20 25 24 
23 29 35 36 40 46 49 56 75 78 66 68 63 67 74 83 84 88 89 88 84 83 74 67 63 68 66 78 75 56 49 46 40 43 33 20 25 24 
23 29 35 36 40 46 49 56 75 72 73 77 68 63 67 74 83 84 88 89 88 84 82 81 71 74 67 62 60 58 55 52 50 46 40 43 33 20 25 24 
23 29 35 26 21 30 37 40 46 50 52 55 58 60 62 67 74 71 81 82 84 88 89 88 84 83 74 67 62 60 58 55 52 50 46 40 41 33 20 25 24 
23 29 35 36 40 46 49 56 75 78 66 68 63 67 74 83 84 88 89 88 84 82 81 71 74 67 62 60 58 55 52 50 46 40 41 33 20 25 24 
23 29 35 36 40 46 49 56 75 78 66 68 63 67 74 71 81 82 84 88 89 88 84 83 74 67 62 60 58 55 52 50 46 40 41 33 20 25 24 
23 29 35 26 21 30 37 40 46 49 56 75 72 73 77 68 63 67 74 83 84 88 89 88 84 83 74 67 62 60 58 55 52 50 46 40 43 33 20 25 24 
23 29 35 36 40 46 49 56 75 78 66 68 63 67 74 71 81 82 84 88 89 88 84 83 74 67 63 68 66 78 75 56 49 46 40 41 33 20 25 24 
23 29 35 26 21 30 37 40 46 49 56 75 78 66 68 63 67 74 83 84 88 89 88 84 83 74 67 63 68 77 73 72 75 56 49 46 40 43 33 20 25 24 
23 29 35 26 21 30 37 40 46 50 52 55 58 60 62 67 74 83 84 88 89 88 84 82 81 71 74 67 62 60 58 55 52 50 46 40 43 33 20 25 24 
23 29 35 26 21 30 37 40 46 49 56 75 72 73 77 68 63 67 74 83 84 88 89 88 84 83 74 67 62 60 58 55 52 50 46 40 41 33 20 25 24 
23 29 35 36 40 46 49 56 75 78 66 68 63 67 74 71 81 82 84 88 89 88 84 83 74 67 62 60 58 55 52 50 46 40 43 33 20 25 24 
23 29 35 36 40 46 50 52 55 58 60 62 67 74 83 84 88 89 88 84 83 74 67 62 60 58 55 52 50 46 40 41 33 20 25 24 
23 29 35 26 21 30 37 40 46 50 52 55 58 60 62 67 74 71 81 82 84 88 89 88 84 83 74 67 63 68 77 73 72 75 56 49 46 40 43 33 20 25 24 
23 29 35 36 40 46 49 56 75 78 66 68 63 67 74 83 84 88 89 88 84 83 74 67 62 60 58 55 52 50 46 40 28 19 5 15 10 16 24 
---------------
Request id 2
84 82 81 71 74 83 85 101 102 98 94 87 85 83 74 71 81 82 84 83 74 67 62 65 45 
84 83 85 101 102 98 94 87 85 83 74 67 62 65 54 57 59 64 69 80 81 82 84 83 74 71 81 80 69 64 59 57 54 65 45 
84 82 81 80 69 64 59 57 54 65 62 60 58 55 52 50 46 49 56 75 72 73 77 68 63 67 74 83 85 101 102 98 94 87 85 83 74 67 62 65 45 34 48 53 54 57 59 64 69 80 81 82 81 80 69 64 59 57 54 65 45 
84 82 81 80 69 64 59 57 54 65 62 60 58 55 52 50 46 49 56 75 72 73 77 68 63 67 74 83 85 101 102 101 85 83 74 67 62 65 54 57 59 64 69 80 81 82 81 71 74 67 62 65 54 53 48 34 45 
84 83 85 87 94 98 102 98 94 87 85 83 74 67 62 65 45 34 48 53 54 57 59 64 69 80 81 82 81 71 74 67 62 65 45 
84 82 81 80 69 64 59 57 54 53 48 34 45 65 62 67 74 83 85 87 94 98 102 101 85 83 84 82 84 83 74 67 63 68 66 78 75 56 49 46 50 52 55 58 60 62 65 45 
84 83 85 87 94 98 102 98 94 87 85 83 74 67 62 65 45 34 48 53 54 57 59 64 69 80 81 82 84 83 74 71 81 80 69 64 59 57 54 65 45 
84 82 81 80 69 64 59 57 54 65 62 67 74 83 85 101 102 98 94 87 85 83 74 67 62 65 45 34 48 53 54 57 59 64 69 80 81 82 81 80 69 64 59 57 54 53 48 34 45 
84 82 81 80 69 64 59 57 54 65 62 67 74 83 85 87 94 98 102 101 85 83 74 67 63 68 77 73 72 75 56 49 46 50 52 55 58 60 62 65 54 57 59 64 69 80 81 82 84 83 74 71 81 80 69 64 59 57 54 65 45 
84 82 81 80 69 64 59 57 54 65 62 60 58 55 52 50 46 49 56 75 72 73 77 68 63 67 74 83 85 101 102 101 85 83 74 67 62 65 45 34 48 53 54 57 59 64 69 80 81 82 81 71 74 67 62 65 54 53 48 34 45 
84 82 81 80 69 64 59 57 54 65 62 67 74 83 85 101 102 101 85 83 74 67 62 65 45 34 48 53 54 57 59 64 69 80 81 82 84 83 74 71 81 80 69 64 59 57 54 65 45 
84 82 81 80 69 64 59 57 54 53 48 34 45 65 62 67 74 83 85 87 94 98 102 98 94 87 85 83 74 67 62 65 54 57 59 64 69 80 81 82 81 80 69 64 59 57 54 53 48 34 45 
84 82 81 71 74 83 85 87 94 98 102 98 94 87 85 83 74 67 62 65 54 57 59 64 69 80 81 82 81 80 69 64 59 57 54 53 48 34 45 
84 82 81 71 74 83 85 101 102 101 85 83 74 67 63 68 66 78 75 56 49 46 50 52 55 58 60 62 65 54 57 59 64 69 80 81 82 81 71 74 67 63 68 66 78 75 56 49 46 50 52 55 58 60 62 65 45 
84 82 81 80 69 64 59 57 54 65 62 60 58 55 52 50 46 49 56 75 78 66 68 63 67 74 83 85 101 102 98 94 87 85 83 74 71 81 82 81 80 69 64 59 57 54 53 48 34 45 
84 82 81 80 69 64 59 57 54 53 48 34 45 65 62 67 74 83 85 101 102 98 94 87 85 83 74 67 62 65 45 34 48 53 54 57 59 64 69 80 81 82 81 80 69 64 59 57 54 65 45 
84 82 81 80 69 64 59 57 54 53 48 34 45 65 62 67 74 83 85 101 102 101 85 83 74 71 81 82 84 83 74 67 63 68 66 78 75 56 49 46 50 52 55 58 60 62 65 45 
84 82 81 71 74 83 85 87 94 98 102 98 94 87 85 83 84 82 84 83 74 67 63 68 66 78 75 56 49 46 50 52 55 58 60 62 65 45 
84 82 81 80 69 64 59 57 54 65 62 60 58 55 52 50 46 49 56 75 78 66 68 63 67 74 83 85 101 102 98 94 87 85 83 74 67 62 65 54 57 59 64 69 80 81 82 81 71 74 67 62 65 54 53 48 34 45 
84 82 81 80 69 64 59 57 54 65 62 67 74 83 85 101 102 101 85 83 84 82 81 80 69 64 59 57 54 53 48 34 45 
84 82 81 80 69 64 59 57 54 65 62 60 58 55 52 50 46 49 56 75 72 73 77 68 63 67 74 83 85 101 102 101 85 83 74 67 62 65 45 34 48 53 54 57 59 64 69 80 81 82 81 80 69 64 59 57 54 65 45 
84 82 81 80 69 64 59 57 54 53 48 34 45 65 62 67 74 83 85 87 94 98 102 101 85 83 74 67 62 65 45 34 48 53 54 57 59 64 69 80 81 82 84 83 74 67 63 68 66 78 75 56 49 46 50 52 55 58 60 62 65 45 
84 82 81 71 74 83 85 101 102 101 85 83 74 67 63 68 77 73 72 75 56 49 46 50 52 55 58 60 62 65 54 57 59 64 69 80 81 82 84 83 74 67 63 68 66 78 75 56 49 46 50 52 55 58 60 62 65 45 
84 83 85 101 102 98 94 87 85 83 74 71 81 82 84 83 74 67 62 65 54 53 48 34 45 
84 82 81 80 69 64 59 57 54 65 62 67 74 83 85 87 94 98 102 98 94 87 85 83 74 67 62 65 45 34 48 53 54 57 59 64 69 80 81 82 84 83 74 67 62 65 54 53 48 34 45 
84 82 81 80 69 64 59 57 54 65 62 67 74 83 85 101 102 101 85 83 74 71 81 82 84 83 74 71 81 80 69 64 59 57 54 65 45 
84 82 81 71 74 83 85 87 94 98 102 101 85 83 74 67 63 68 66 78 75 56 49 46 50 52 55 58 60 62 65 54 57 59 64 69 80 81 82 84 83 74 67 62 65 54 53 48 34 45 
84 83 85 87 94 98 102 101 85 83 74 67 63 68 66 78 75 56 49 46 50 52 55 58 60 62 65 54 57 59 64 69 80 81 82 81 71 74 67 62 65 54 53 48 34 45 
84 82 81 80 69 64 59 57 54 65 62 67 74 83 85 87 94 98 102 98 94 87 85 83 84 82 81 71 74 67 63 68 66 78 75 56 49 46 50 52 55 58 60 62 65 45 
84 82 81 80 69 64 59 57 54 65 62 67 74 83 85 101 102 98 94 87 85 83 74 71 81 82 81 80 69 64 59 57 54 53 48 34 45 
---------------
Request id 3
24 25 20 33 43 40 46 50 52 55 58 60 62 67 63 68 66 78 75 56 49 42 49 46 50 52 55 58 60 62 65 54 57 59 64 69 80 81 71 74 83 84 82 81 80 69 64 59 57 54 65 61 51 61 65 45 34 48 53 54 57 59 64 69 80 81 82 84 83 74 67 62 
24 25 20 33 41 40 46 50 52 55 58 60 62 67 63 68 77 73 72 75 56 49 42 49 46 50 52 55 58 60 62 65 54 57 59 64 69 80 81 82 84 83 74 71 81 80 69 64 59 57 54 65 61 51 61 65 54 57 59 64 69 80 81 82 84 83 74 67 63 68 66 78 75 56 49 46 50 52 55 58 60 62 
24 25 20 33 41 40 46 49 42 49 46 50 52 55 58 60 62 65 54 57 59 64 69 80 81 71 81 80 69 64 59 57 54 65 61 51 61 65 54 57 59 64 69 80 81 82 84 83 74 67 62 
24 25 20 33 43 40 46 50 52 55 58 60 62 67 63 68 66 78 75 56 49 42 49 46 50 52 55 58 60 62 67 74 71 81 82 84 83 74 67 63 68 77 73 72 75 56 49 46 50 52 55 58 60 62 65 61 51 61 65 54 57 59 64 69 80 81 82 84 83 74 67 62 
24 25 20 33 43 40 46 50 52 55 58 60 62 67 63 68 77 73 72 75 56 49 42 49 46 50 52 55 58 60 62 67 74 83 84 82 81 71 81 80 69 64 59 57 54 53 48 34 45 65 61 51 61 65 54 57 59 64 69 80 81 82 84 83 74 67 63 68 77 73 72 75 56 49 46 50 52 55 58 60 62 
24 16 10 15 20 33 41 40 46 49 42 49 56 75 72 73 77 68 63 67 62 65 54 57 59 64 69 80 81 71 74 67 63 68 77 73 72 75 56 49 46 50 52 55 58 60 62 65 61 51 61 65 54 57 59 64 69 80 81 71 74 67 63 68 66 78 75 56 49 46 50 52 55 58 60 62 
24 25 20 33 43 40 46 50 52 55 58 60 62 67 63 68 66 78 75 56 49 42 49 56 75 72 73 77 68 63 67 74 83 84 82 81 71 74 83 84 82 81 80 69 64 59 57 54 65 61 51 61 65 54 57 59 64 69 80 81 82 84 83 74 67 62 
24 25 20 15 5 19 28 40 46 49 42 49 56 75 78 66 68 63 67 74 71 81 82 84 83 74 67 63 68 77 73 72 75 56 49 46 50 52 55 58 60 62 65 61 51 61 65 45 34 48 53 54 57 59 64 69 80 81 82 84 83 74 67 62 
24 16 10 15 20 33 43 40 46 49 42 49 46 50 52 55 58 60 62 65 54 57 59 64 69 80 81 71 81 82 84 83 74 67 62 65 61 51 61 65 54 57 59 64 69 80 81 71 74 67 62 
24 25 20 33 43 40 46 50 52 55 58 60 62 67 63 68 77 73 72 75 56 49 42 49 56 75 72 73 77 68 63 67 62 65 54 57 59 64 69 80 81 71 81 82 84 83 74 67 63 68 77 73 72 75 56 49 46 50 52 55 58 60 62 65 61 51 61 65 54 57 59 64 69 80 81 71 74 67 62 
24 25 20 33 43 40 46 50 52 55 58 60 62 67 63 68 77 73 72 75 56 49 42 49 56 75 78 66 68 63 67 74 71 81 82 84 83 74 67 62 65 61 51 61 65 45 34 48 53 54 57 59 64 69 80 81 71 74 67 62 
24 16 10 15 20 33 43 40 46 49 42 49 56 75 78 66 68 63 67 74 83 84 82 81 71 81 80 69 64 59 57 54 53 48 34 45 65 61 51 61 65 54 57 59 64 69 80 81 82 84 83 74 67 63 68 66 78 75 56 49 46 50 52 55 58 60 62 
24 16 10 15 20 33 43 40 46 49 42 49 56 75 72 73 77 68 63 67 62 65 54 57 59 64 69 80 81 71 81 82 84 83 74 67 63 68 77 73 72 75 56 49 46 50 52 55 58 60 62 65 61 51 61 65 45 34 48 53 54 57 59 64 69 80 81 71 74 67 63 68 66 78 75 56 49 46 50 52 55 58 60 62 
24 16 10 15 20 33 43 40 46 49 42 49 56 75 78 66 68 63 67 74 83 84 82 81 71 74 67 62 65 61 51 61 65 54 57 59 64 69 80 81 71 74 67 63 68 77 73 72 75 56 49 46 50 52 55 58 60 62 
24 25 20 15 5 19 28 40 46 49 42 49 46 50 52 55 58 60 62 67 74 71 74 67 62 65 61 51 61 65 54 57 59 64 69 80 81 71 74 67 63 68 66 78 75 56 49 46 50 52 55 58 60 62 
24 25 20 33 41 40 46 49 42 49 56 75 78 66 68 63 67 74 83 84 82 81 71 74 67 63 68 77 73 72 75 56 49 46 50 52 55 58 60 62 65 61 51 61 65 54 57 59 64 69 80 81 71 74 67 63 68 77 73 72 75 56 49 46 50 52 55 58 60 62 
24 25 20 33 41 40 46 50 52 55 58 60 62 67 63 68 66 78 75 56 49 42 49 56 75 78 66 68 63 67 74 71 81 82 84 83 74 67 63 68 66 78 75 56 49 46 50 52 55 58 60 62 65 61 51 61 65 54 57 59 64 69 80 81 82 84 83 74 67 63 68 66 78 75 56 49 46 50 52 55 58 60 62 
24 16 10 15 20 33 43 40 46 49 42 49 46 50 52 55 58 60 62 65 54 57 59 64 69 80 81 82 84 83 74 71 81 82 84 83 74 67 63 68 77 73 72 75 56 49 46 50 52 55 58 60 62 65 61 51 61 65 54 57 59 64 69 80 81 71 74 67 63 68 66 78 75 56 49 46 50 52 55 58 60 62 
24 25 20 33 43 40 46 50 52 55 58 60 62 67 63 68 77 73 72 75 56 49 42 49 46 50 52 55 58 60 62 67 74 83 84 82 81 71 81 80 69 64 59 57 54 53 48 34 45 65 61 51 61 65 54 57 59 64 69 80 81 82 84 83 74 67 63 68 66 78 75 56 49 46 50 52 55 58 60 62 
24 25 20 33 41 40 46 49 42 49 56 75 78 66 68 63 67 74 71 74 83 84 82 81 80 69 64 59 57 54 53 48 34 45 65 61 51 61 65 54 57 59 64 69 80 81 82 84 83 74 67 62 
24 16 10 15 20 33 41 40 46 49 42 49 46 50 52 55 58 60 62 65 54 57 59 64 69 80 81 71 74 67 63 68 77 73 72 75 56 49 46 50 52 55 58 60 62 65 61 51 61 65 54 57 59 64 69 80 81 71 74 67 63 68 66 78 75 56 49 46 50 52 55 58 60 62 
24 25 20 33 41 40 46 50 52 55 58 60 62 67 63 68 66 78 75 56 49 42 49 46 50 52 55 58 60 62 65 54 57 59 64 69 80 81 71 81 80 69 64 59 57 54 53 48 34 45 65 61 51 61 65 54 57 59 64 69 80 81 71 74 67 63 68 66 78 75 56 49 46 50 52 55 58 60 62 
24 16 10 15 20 33 43 40 46 49 42 49 46 50 52 55 58 60 62 67 74 83 84 82 81 71 81 82 84 83 74 67 63 68 66 78 75 56 49 46 50 52 55 58 60 62 65 61 51 61 65 54 57 59 64 69 80 81 82 84 83 74 67 63 68 66 78 75 56 49 46 50 52 55 58 60 62 
24 25 20 33 43 40 46 50 52 55 58 60 62 67 63 68 66 78 75 56 49 42 49 46 50 52 55 58 60 62 65 54 57 59 64 69 80 81 82 84 83 74 71 74 83 84 82 81 80 69 64 59 57 54 65 61 51 61 65 54 57 59 64 69 80 81 71 74 67 63 68 66 78 75 56 49 46 50 52 55 58 60 62 
24 25 20 33 41 40 46 49 42 49 46 50 52 55 58 60 62 65 54 57 59 64 69 80 81 82 84 83 74 71 81 82 84 83 74 67 62 65 61 51 61 65 62 
24 25 20 33 41 40 46 49 42 49 46 50 52 55 58 60 62 67 74 71 74 67 62 65 61 51 61 65 45 34 48 53 54 57 59 64 69 80 81 82 84 83 74 67 62 
24 25 20 33 43 40 46 49 42 49 56 75 72 73 77 68 63 67 74 83 84 82 81 71 81 82 84 83 74 67 62 65 61 51 61 65 54 57 59 64 69 80 81 71 74 67 63 68 77 73 72 75 56 49 46 50 52 55 58 60 62 
24 16 10 15 20 33 43 40 46 49 42 49 56 75 72 73 77 68 63 67 74 83 84 82 81 71 74 83 84 82 81 80 69 64 59 57 54 65 61 51 61 65 54 57 59 64 69 80 81 82 84 83 74 67 63 68 77 73 72 75 56 49 46 50 52 55 58 60 62 
24 25 20 33 41 40 46 50 52 55 58 60 62 67 63 68 66 78 75 56 49 42 49 56 75 72 73 77 68 63 67 74 71 74 83 84 82 81 80 69 64 59 57 54 53 48 34 45 65 61 51 61 65 45 34 48 53 54 57 59 64 69 80 81 71 74 67 63 68 66 78 75 56 49 46 50 52 55 58 60 62 
24 25 20 33 41 40 46 50 52 55 58 60 62 67 63 68 66 78 75 56 49 42 49 56 75 78 66 68 63 67 74 83 84 82 81 71 74 83 84 82 81 80 69 64 59 57 54 65 61 51 61 65 45 34 48 53 54 57 59 64 69 80 81 71 74 67 62 
---------------
Request id 5
75 72 73 77 68 66 78 66 68 63 67 62 65 54 57 59 64 69 80 81 82 84 88 89 88 84 83 74 67 63 68 66 78 75 56 49 46 40 41 33 20 15 5 
75 56 49 46 50 52 55 58 60 62 65 45 34 48 53 54 57 59 64 69 80 81 82 84 83 74 67 63 68 66 78 66 68 63 67 74 71 81 82 84 88 89 88 84 83 74 67 62 60 58 55 52 50 46 40 43 33 20 15 5 
75 56 49 46 50 52 55 58 60 62 67 63 68 66 78 66 68 63 67 74 83 84 88 89 88 84 82 81 71 74 67 63 68 66 78 75 56 49 46 40 28 19 5 
75 56 49 46 50 52 55 58 60 62 65 54 57 59 64 69 80 81 71 74 67 63 68 66 78 66 68 77 73 72 75 56 49 46 50 52 55 58 60 62 67 74 83 84 88 89 88 84 83 74 67 63 68 66 78 75 56 49 46 40 41 33 20 15 5 
75 56 49 46 50 52 55 58 60 62 65 45 34 48 53 54 57 59 64 69 80 81 82 84 83 74 67 63 68 66 78 75 56 49 46 50 52 55 58 60 62 67 74 83 84 88 89 88 84 82 81 71 74 67 63 68 66 78 75 56 49 46 40 28 19 5 
75 56 49 46 50 52 55 58 60 62 65 45 34 48 53 54 57 59 64 69 80 81 82 84 83 74 67 63 68 66 78 75 72 73 77 68 63 67 74 71 81 82 84 88 89 88 84 82 81 71 74 67 62 60 58 55 52 50 46 40 28 19 5 
75 72 73 77 68 66 78 66 68 63 67 74 71 81 82 84 88 89 88 84 83 74 67 62 60 58 55 52 50 46 40 28 19 5 
75 56 49 46 50 52 55 58 60 62 65 54 57 59 64 69 80 81 82 84 83 74 67 63 68 66 78 66 68 63 67 62 65 54 57 59 64 69 80 81 71 74 83 84 88 89 88 84 82 81 71 74 67 62 60 58 55 52 50 46 40 28 19 5 
75 78 66 68 63 67 74 83 84 88 89 88 84 83 74 67 63 68 77 73 72 75 56 49 46 40 43 33 20 15 5 
75 78 75 56 49 46 50 52 55 58 60 62 67 74 71 81 82 84 88 89 88 84 83 74 67 62 60 58 55 52 50 46 40 28 19 5 
75 56 49 46 50 52 55 58 60 62 67 63 68 66 78 66 68 77 73 72 75 56 49 46 50 52 55 58 60 62 67 74 83 84 88 89 88 84 82 81 71 74 67 62 60 58 55 52 50 46 40 28 19 5 
75 56 49 46 50 52 55 58 60 62 65 54 57 59 64 69 80 81 71 74 67 63 68 66 78 66 68 63 67 62 65 54 57 59 64 69 80 81 82 84 88 89 88 84 83 74 67 63 68 66 78 75 56 49 46 40 41 33 20 15 5 
75 78 75 72 73 77 68 63 67 74 83 84 88 89 88 84 82 81 71 74 67 63 68 66 78 75 56 49 46 40 28 19 5 
75 56 49 46 50 52 55 58 60 62 67 63 68 66 78 75 72 73 77 68 63 67 62 65 54 57 59 64 69 80 81 82 84 88 89 88 84 83 74 67 62 60 58 55 52 50 46 40 41 33 20 15 5 
75 56 49 46 50 52 55 58 60 62 65 45 34 48 53 54 57 59 64 69 80 81 82 84 83 74 67 63 68 66 78 75 72 73 77 68 63 67 74 71 81 82 84 88 89 88 84 83 74 67 63 68 66 78 75 56 49 46 40 28 19 5 
75 56 49 46 50 52 55 58 60 62 65 54 57 59 64 69 80 81 82 84 83 74 67 63 68 66 78 66 68 63 67 74 83 84 88 89 88 84 83 74 67 62 60 58 55 52 50 46 40 28 19 5 
75 56 49 46 50 52 55 58 60 62 65 45 34 48 53 54 57 59 64 69 80 81 71 74 67 63 68 66 78 66 68 63 67 62 65 54 57 59 64 69 80 81 71 74 83 84 88 89 88 84 82 81 71 74 67 62 60 58 55 52 50 46 40 28 19 5 
75 72 73 77 68 66 78 66 68 63 67 74 83 84 88 89 88 84 83 74 67 63 68 77 73 72 75 56 49 46 40 28 19 5 
75 56 49 46 50 52 55 58 60 62 65 54 57 59 64 69 80 81 71 74 67 63 68 66 78 66 68 63 67 62 65 54 57 59 64 69 80 81 82 84 88 89 88 84 83 74 67 62 60 58 55 52 50 46 40 41 33 20 15 5 
75 56 49 46 50 52 55 58 60 62 65 54 57 59 64 69 80 81 71 74 67 63 68 66 78 75 72 73 77 68 63 67 74 83 84 88 89 88 84 83 74 67 62 60 58 55 52 50 46 40 43 33 20 15 5 
75 56 49 46 50 52 55 58 60 62 67 63 68 66 78 66 68 63 67 62 65 54 57 59 64 69 80 81 71 74 83 84 88 89 88 84 83 74 67 63 68 66 78 75 56 49 46 40 28 19 5 
75 56 49 46 50 52 55 58 60 62 65 54 57 59 64 69 80 81 82 84 83 74 67 63 68 66 78 66 68 63 67 74 71 81 82 84 88 89 88 84 83 74 67 63 68 77 73 72 75 56 49 46 40 28 19 5 
75 78 75 72 73 77 68 63 67 74 71 81 82 84 88 89 88 84 83 74 67 62 60 58 55 52 50 46 40 43 33 20 15 5 
75 56 49 46 50 52 55 58 60 62 65 45 34 48 53 54 57 59 64 69 80 81 71 74 67 63 68 66 78 75 56 49 46 50 52 55 58 60 62 67 74 83 84 88 89 88 84 83 74 67 63 68 77 73 72 75 56 49 46 40 43 33 20 15 5 
75 72 73 77 68 66 78 75 56 49 46 50 52 55 58 60 62 67 74 71 81 82 84 88 89 88 84 83 74 67 63 68 66 78 75 56 49 46 40 28 19 5 
75 56 49 46 50 52 55 58 60 62 65 45 34 48 53 54 57 59 64 69 80 81 71 74 67 63 68 66 78 66 68 63 67 74 83 84 88 89 88 84 83 74 67 63 68 66 78 75 56 49 46 40 43 33 20 15 5 
75 56 49 46 50 52 55 58 60 62 65 45 34 48 53 54 57 59 64 69 80 81 82 84 83 74 67 63 68 66 78 75 72 73 77 68 63 67 74 83 84 88 89 88 84 82 81 71 74 67 63 68 66 78 75 56 49 46 40 28 19 5 
75 56 49 46 50 52 55 58 60 62 65 54 57 59 64 69 80 81 82 84 83 74 67 63 68 66 78 75 56 49 46 50 52 55 58 60 62 67 74 83 84 88 89 88 84 83 74 67 63 68 77 73 72 75 56 49 46 40 28 19 5 
75 56 49 46 50 52 55 58 60 62 67 63 68 66 78 66 68 77 73 72 75 56 49 46 50 52 55 58 60 62 67 74 83 84 88 89 88 84 83 74 67 62 60 58 55 52 50 46 40 43 33 20 15 5 
75 56 49 46 50 52 55 58 60 62 65 45 34 48 53 54 57 59 64 69 80 81 82 84 83 74 67 63 68 66 78 75 56 49 46 50 52 55 58 60 62 67 74 83 84 88 89 88 84 83 74 67 63 68 77 73 72 75 56 49 46 40 43 33 20 15 5 
---------------
Request id 4
55 52 50 46 47 46 49 56 75 72 73 77 68 63 67 74 83 84 82 81 80 69 64 59 57 54 65 62 60 58 55 52 50 46 49 56 75 91 75 72 73 77 68 63 67 62 60 58 55 52 50 46 40 37 30 21 26 35 29 23 17 12 7 
55 58 60 62 67 63 68 77 73 72 75 56 49 46 47 46 50 52 55 58 60 62 65 54 57 59 64 69 80 81 82 84 83 74 67 63 68 77 73 72 75 91 75 78 66 68 63 67 62 60 58 55 52 50 46 40 36 35 29 23 17 9 3 2 1 8 7 
55 58 60 62 65 45 34 48 53 54 57 59 64 69 80 81 82 84 83 74 67 63 68 66 78 75 56 49 46 47 46 50 52 55 58 60 62 65 54 57 59 64 69 80 81 71 74 67 63 68 66 78 75 91 75 78 66 68 63 67 62 60 58 55 52 50 46 40 36 35 29 23 17 9 3 2 1 8 7 
55 58 60 62 65 54 57 59 64 69 80 81 82 84 83 74 67 63 68 66 78 75 56 49 46 47 46 50 52 55 58 60 62 65 45 34 48 53 54 57 59 64 69 80 81 71 74 67 63 67 74 83 84 82 81 80 69 64 59 57 54 53 48 34 45 65 62 60 58 55 52 50 46 49 56 75 91 75 56 49 46 40 36 35 29 23 17 12 7 
55 58 60 62 65 45 34 48 53 54 57 59 64 69 80 81 71 74 67 63 68 77 73 72 75 56 49 46 47 46 50 52 55 58 60 62 65 45 34 48 53 54 57 59 64 69 80 81 71 74 67 63 68 66 78 75 91 75 72 73 77 68 63 67 62 60 58 55 52 50 46 40 37 30 21 26 35 29 23 17 12 7 
55 58 60 62 67 63 68 66 78 75 56 49 46 47 46 50 52 55 58 60 62 65 54 57 59 64 69 80 81 82 84 83 74 67 63 67 74 83 84 82 81 80 69 64 59 57 54 65 62 60 58 55 52 50 46 49 56 75 91 75 56 49 46 40 36 35 29 23 17 9 13 32 31 22 14 11 6 4 0 3 2 1 8 7 
55 52 50 46 47 46 50 52 55 58 60 62 65 45 34 48 53 54 57 59 64 69 80 81 71 74 67 63 68 77 73 72 75 91 75 56 49 46 40 37 30 21 26 35 29 23 17 12 7 
55 58 60 62 65 45 34 48 53 54 57 59 64 69 80 81 71 74 67 63 68 77 73 72 75 56 49 46 47 46 50 52 55 58 60 62 65 54 57 59 64 69 80 81 71 74 67 63 67 74 83 84 82 81 80 69 64 59 57 54 53 48 34 45 65 62 60 58 55 52 50 46 49 56 75 91 75 56 49 46 40 37 30 21 26 35 29 23 17 9 3 2 1 8 7 
55 58 60 62 67 63 68 66 78 75 56 49 46 47 46 49 56 75 78 66 68 63 67 62 60 58 55 52 50 46 49 56 75 91 75 78 66 68 63 67 62 60 58 55 52 50 46 40 36 35 29 23 17 12 7 
55 58 60 62 65 45 34 48 53 54 57 59 64 69 80 81 82 84 83 74 67 63 68 66 78 75 56 49 46 47 46 50 52 55 58 60 62 65 54 57 59 64 69 80 81 71 74 67 63 68 66 78 75 91 75 72 73 77 68 63 67 62 60 58 55 52 50 46 40 36 35 29 23 17 12 7 
55 58 60 62 65 45 34 48 53 54 57 59 64 69 80 81 71 74 67 63 68 66 78 75 56 49 46 47 46 50 52 55 58 60 62 65 45 34 48 53 54 57 59 64 69 80 81 71 74 67 63 67 74 83 84 82 81 80 69 64 59 57 54 53 48 34 45 65 62 60 58 55 52 50 46 49 56 75 91 75 72 73 77 68 63 67 62 60 58 55 52 50 46 40 36 35 29 23 17 12 7 
55 58 60 62 65 54 57 59 64 69 80 81 82 84 83 74 67 63 68 77 73 72 75 56 49 46 47 46 50 52 55 58 60 62 65 54 57 59 64 69 80 81 71 74 67 63 67 74 71 81 80 69 64 59 57 54 65 62 60 58 55 52 50 46 49 56 75 91 75 78 66 68 63 67 62 60 58 55 52 50 46 40 36 35 29 23 17 12 7 
55 58 60 62 65 54 57 59 64 69 80 81 82 84 83 74 67 63 68 77 73 72 75 56 49 46 47 46 50 52 55 58 60 62 65 45 34 48 53 54 57 59 64 69 80 81 71 74 67 63 67 74 83 84 82 81 80 69 64 59 57 54 53 48 34 45 65 62 60 58 55 52 50 46 49 56 75 91 75 56 49 46 40 36 35 29 23 17 12 7 
55 58 60 62 65 54 57 59 64 69 80 81 71 74 67 63 68 66 78 75 56 49 46 47 46 50 52 55 58 60 62 65 45 34 48 53 54 57 59 64 69 80 81 82 84 83 74 67 63 67 74 83 84 82 81 80 69 64 59 57 54 53 48 34 45 65 62 60 58 55 52 50 46 49 56 75 91 75 72 73 77 68 63 67 62 60 58 55 52 50 46 40 36 35 29 23 17 12 7 
55 58 60 62 65 54 57 59 64 69 80 81 71 74 67 63 68 66 78 75 56 49 46 47 46 50 52 55 58 60 62 65 45 34 48 53 54 57 59 64 69 80 81 82 84 83 74 67 63 67 74 83 84 82 81 80 69 64 59 57 54 65 62 60 58 55 52 50 46 49 56 75 91 75 56 49 46 40 37 30 21 26 35 29 23 17 12 7 
55 58 60 62 65 54 57 59 64 69 80 81 71 74 67 63 68 77 73 72 75 56 49 46 47 46 50 52 55 58 60 62 65 45 34 48 53 54 57 59 64 69 80 81 71 74 67 63 67 74 83 84 82 81 80 69 64 59 57 54 53 48 34 45 65 62 60 58 55 52 50 46 49 56 75 91 75 56 49 46 40 37 30 21 26 35 29 23 17 9 3 2 1 8 7 
55 58 60 62 65 45 34 48 53 54 57 59 64 69 80 81 82 84 83 74 67 63 68 66 78 75 56 49 46 47 46 50 52 55 58 60 62 67 63 68 77 73 72 75 91 75 72 73 77 68 63 67 62 60 58 55 52 50 46 40 36 35 29 23 17 12 7 
55 52 50 46 47 46 49 56 75 72 73 77 68 63 68 77 73 72 75 91 75 78 66 68 63 67 62 60 58 55 52 50 46 40 37 30 21 26 35 29 23 17 12 7 
55 52 50 46 47 46 50 52 55 58 60 62 65 45 34 48 53 54 57 59 64 69 80 81 82 84 83 74 67 63 68 77 73 72 75 91 75 56 49 46 40 37 30 21 26 35 29 23 17 12 7 
55 58 60 62 65 45 34 48 53 54 57 59 64 69 80 81 71 74 67 63 68 66 78 75 56 49 46 47 46 50 52 55 58 60 62 65 54 57 59 64 69 80 81 82 84 83 74 67 63 67 74 71 81 80 69 64 59 57 54 53 48 34 45 65 62 60 58 55 52 50 46 49 56 75 91 75 78 66 68 63 67 62 60 58 55 52 50 46 40 36 35 29 23 17 12 7 
55 58 60 62 65 54 57 59 64 69 80 81 82 84 83 74 67 63 68 77 73 72 75 56 49 46 47 46 49 56 75 72 73 77 68 63 68 77 73 72 75 91 75 56 49 46 40 36 35 29 23 17 12 7 
55 58 60 62 65 54 57 59 64 69 80 81 71 74 67 63 68 66 78 75 56 49 46 47 46 50 52 55 58 60 62 65 54 57 59 64 69 80 81 82 84 83 74 67 63 67 74 71 81 80 69 64 59 57 54 53 48 34 45 65 62 60 58 55 52 50 46 49 56 75 91 75 56 49 46 40 37 30 21 26 35 29 23 17 9 3 2 1 8 7 
55 58 60 62 65 54 57 59 64 69 80 81 71 74 67 63 68 77 73 72 75 56 49 46 47 46 49 56 75 78 66 68 63 68 77 73 72 75 91 75 78 66 68 63 67 62 60 58 55 52 50 46 40 36 35 29 23 17 9 3 2 1 8 7 
55 58 60 62 65 45 34 48 53 54 57 59 64 69 80 81 71 74 67 63 68 77 73 72 75 56 49 46 47 46 50 52 55 58 60 62 65 45 34 48 53 54 57 59 64 69 80 81 71 74 67 63 67 74 71 81 80 69 64 59 57 54 65 62 60 58 55 52 50 46 49 56 75 91 75 78 66 68 63 67 62 60 58 55 52 50 46 40 36 35 29 23 17 9 3 2 1 8 7 
55 58 60 62 65 54 57 59 64 69 80 81 82 84 83 74 67 63 68 66 78 75 56 49 46 47 46 50 52 55 58 60 62 65 45 34 48 53 54 57 59 64 69 80 81 71 74 67 63 67 62 60 58 55 52 50 46 49 56 75 91 75 72 73 77 68 63 67 62 60 58 55 52 50 46 40 37 30 21 26 35 29 23 17 12 7 
55 52 50 46 47 46 49 56 75 78 66 68 63 67 74 83 84 82 81 80 69 64 59 57 54 53 48 34 45 65 62 60 58 55 52 50 46 49 56 75 91 75 78 66 68 63 67 62 60 58 55 52 50 46 40 36 35 29 23 17 12 7 
55 58 60 62 65 45 34 48 53 54 57 59 64 69 80 81 71 74 67 63 68 77 73 72 75 56 49 46 47 46 50 52 55 58 60 62 65 45 34 48 53 54 57 59 64 69 80 81 71 74 67 63 68 66 78 75 91 75 72 73 77 68 63 67 62 60 58 55 52 50 46 40 36 35 29 23 17 12 7 
55 58 60 62 65 54 57 59 64 69 80 81 71 74 67 63 68 66 78 75 56 49 46 47 46 49 56 75 78 66 68 63 68 77 73 72 75 91 75 56 49 46 40 36 35 29 23 17 9 13 32 31 22 14 11 6 4 0 3 2 1 8 7 
55 58 60 62 65 54 57 59 64 69 80 81 71 74 67 63 68 77 73 72 75 56 49 46 47 46 50 52 55 58 60 62 67 63 68 66 78 75 91 75 78 66 68 63 67 62 60 58 55 52 50 46 40 36 35 29 23 17 12 7 
55 58 60 62 65 54 57 59 64 69 80 81 71 74 67 63 68 77 73 72 75 56 49 46 47 46 50 52 55 58 60 62 65 45 34 48 53 54 57 59 64 69 80 81 82 84 83 74 67 63 68 66 78 75 91 75 78 66 68 63 67 62 60 58 55 52 50 46 40 36 35 29 23 17 9 3 2 1 8 7 
---------------
Request id 7
45 34 48 53 54 57 59 64 69 80 81 82 81 80 69 64 59 57 54 53 48 34 45 65 61 51 61 65 62 60 58 55 52 50 46 40 41 33 43 
45 65 54 57 59 64 69 80 81 82 81 80 69 64 59 57 54 65 61 51 61 65 54 57 59 64 69 80 81 71 74 67 62 60 58 55 52 50 46 40 43 
45 65 62 60 58 55 52 50 46 49 56 75 78 66 68 63 67 74 71 81 82 84 83 74 71 81 80 69 64 59 57 54 53 48 34 45 65 61 51 61 65 62 67 63 68 77 73 72 75 56 49 46 40 43 
45 65 62 67 74 71 81 82 81 71 74 67 63 68 77 73 72 75 56 49 46 50 52 55 58 60 62 65 61 51 61 65 62 67 63 68 77 73 72 75 56 49 46 40 28 19 5 15 20 33 43 
45 65 62 60 58 55 52 50 46 49 56 75 78 66 68 63 67 74 71 81 82 81 80 69 64 59 57 54 65 61 51 61 65 62 67 63 68 66 78 75 56 49 46 40 41 33 43 
45 34 48 53 54 57 59 64 69 80 81 71 74 83 84 82 81 80 69 64 59 57 54 65 61 51 61 65 62 67 63 68 66 78 75 56 49 46 40 41 33 43 
45 65 54 57 59 64 69 80 81 71 74 83 84 82 84 83 74 67 62 65 61 51 61 65 54 57 59 64 69 80 81 71 74 67 62 60 58 55 52 50 46 40 43 
45 34 48 53 54 57 59 64 69 80 81 71 74 83 84 82 84 83 74 67 63 68 77 73 72 75 56 49 46 50 52 55 58 60 62 65 61 51 61 65 62 60 58 55 52 50 46 40 43 
45 34 48 53 54 57 59 64 69 80 81 71 74 83 84 82 81 71 74 67 62 65 61 51 61 65 62 67 63 68 66 78 75 56 49 46 40 43 
45 65 62 60 58 55 52 50 46 49 56 75 78 66 68 63 67 74 83 84 82 84 83 74 71 81 80 69 64 59 57 54 65 61 51 61 65 62 67 63 68 66 78 75 56 49 46 40 41 33 43 
45 65 54 57 59 64 69 80 81 71 74 83 84 82 81 71 74 67 63 68 77 73 72 75 56 49 46 50 52 55 58 60 62 65 61 51 61 65 62 67 63 68 66 78 75 56 49 46 40 41 33 43 
45 65 54 57 59 64 69 80 81 82 84 83 74 71 81 80 69 64 59 57 54 53 48 34 45 65 61 51 61 65 62 67 63 68 66 78 75 56 49 46 40 43 
45 65 62 60 58 55 52 50 46 49 56 75 78 66 68 63 67 74 83 84 82 84 83 74 67 63 68 66 78 75 56 49 46 50 52 55 58 60 62 65 61 51 61 65 62 67 63 68 66 78 75 56 49 46 40 41 33 43 
45 34 48 53 54 57 59 64 69 80 81 71 74 83 84 82 84 83 74 67 63 68 66 78 75 56 49 46 50 52 55 58 60 62 65 61 51 61 65 54 57 59 64 69 80 81 71 74 67 62 60 58 55 52 50 46 40 43 
45 34 48 53 54 57 59 64 69 80 81 82 81 80 69 64 59 57 54 65 61 51 61 65 62 67 63 68 66 78 75 56 49 46 40 28 19 5 15 20 33 43 
45 65 54 57 59 64 69 80 81 82 81 80 69 64 59 57 54 65 61 51 61 65 62 67 63 68 77 73 72 75 56 49 46 40 28 19 5 15 20 33 43 
45 65 54 57 59 64 69 80 81 82 81 71 74 67 62 65 61 51 61 65 54 57 59 64 69 80 81 71 74 67 62 60 58 55 52 50 46 40 43 
45 34 48 53 54 65 62 67 74 83 84 82 84 83 74 67 63 68 66 78 75 56 49 46 50 52 55 58 60 62 65 61 51 61 65 62 60 58 55 52 50 46 40 28 19 5 15 20 33 43 
45 65 62 60 58 55 52 50 46 49 56 75 78 66 68 63 67 74 83 84 82 81 71 74 67 63 68 77 73 72 75 56 49 46 50 52 55 58 60 62 65 61 51 61 65 62 60 58 55 52 50 46 40 41 33 43 
45 65 54 57 59 64 69 80 81 82 84 83 74 71 81 80 69 64 59 57 54 53 48 34 45 65 61 51 61 65 54 57 59 64 69 80 81 71 74 67 62 60 58 55 52 50 46 40 43 
45 65 62 67 74 83 84 82 81 80 69 64 59 57 54 65 61 51 61 65 62 67 63 68 66 78 75 56 49 46 40 41 33 43 
45 65 54 57 59 64 69 80 81 71 74 83 84 82 81 71 74 67 62 65 61 51 61 65 62 67 63 68 66 78 75 56 49 46 40 43 
45 34 48 53 54 57 59 64 69 80 81 82 84 83 74 67 63 68 77 73 72 75 56 49 46 50 52 55 58 60 62 65 61 51 61 65 62 67 63 68 77 73 72 75 56 49 46 40 43 
45 65 54 57 59 64 69 80 81 82 81 71 74 67 62 65 61 51 61 65 62 67 63 68 66 78 75 56 49 46 40 28 19 5 15 20 33 43 
45 65 62 60 58 55 52 50 46 49 56 75 78 66 68 63 67 74 83 84 82 84 83 74 67 62 65 61 51 61 65 54 57 59 64 69 80 81 71 74 67 62 60 58 55 52 50 46 40 43 
45 65 62 60 58 55 52 50 46 49 56 75 78 66 68 63 67 74 83 84 82 81 80 69 64 59 57 54 65 61 51 61 65 62 60 58 55 52 50 46 40 28 19 5 15 20 33 43 
45 65 62 60 58 55 52 50 46 49 56 75 78 66 68 63 67 74 83 84 82 81 71 74 67 63 68 77 73 72 75 56 49 46 50 52 55 58 60 62 65 61 51 61 65 62 67 63 68 77 73 72 75 56 49 46 40 41 33 43 
45 65 62 67 74 71 81 82 84 83 74 67 63 68 77 73 72 75 56 49 46 50 52 55 58 60 62 65 61 51 61 65 62 67 63 68 66 78 75 56 49 46 40 28 19 5 15 20 33 43 
45 65 62 67 74 71 81 82 84 83 74 67 62 65 61 51 61 65 62 60 58 55 52 50 46 40 28 19 5 15 20 33 43 
45 65 54 57 59 64 69 80 81 82 81 80 69 64 59 57 54 65 61 51 61 65 62 67 63 68 77 73 72 75 56 49 46 40 43 
---------------
Request id 1
64 59 57 54 65 62 67 74 71 81 80 69 79 76 79 69 80 81 71 74 67 63 68 66 78 75 56 49 46 50 52 55 58 60 62 65 61 51 61 65 62 67 63 68 66 78 75 56 49 46 40 36 35 29 23 17 12 7 8 1 2 3 9 13 32 
64 59 57 54 53 48 34 45 65 62 67 74 71 81 80 69 79 76 79 69 80 81 71 74 67 63 68 66 78 75 56 49 46 50 52 55 58 60 62 65 61 51 61 65 62 60 58 55 52 50 46 40 36 35 29 23 17 9 13 32 
64 59 57 54 65 62 67 74 71 81 80 69 79 76 79 69 80 81 71 74 67 62 65 61 51 61 65 62 67 63 68 66 78 75 56 49 46 40 36 35 29 23 17 12 7 8 1 2 3 9 13 32 
64 69 79 76 70 86 79 69 80 81 71 74 67 62 65 61 51 61 65 62 67 63 68 77 73 72 75 56 49 46 40 37 30 21 26 35 29 23 17 9 13 32 
64 59 57 54 53 48 34 45 65 62 67 74 71 81 80 69 79 76 79 69 80 81 71 74 67 63 68 66 78 75 56 49 46 50 52 55 58 60 62 65 61 51 61 65 62 60 58 55 52 50 46 40 36 35 29 23 17 12 7 8 1 2 3 9 13 32 
64 59 57 54 65 62 67 74 83 84 82 81 80 69 79 86 70 76 79 69 80 81 71 74 67 62 65 61 51 61 65 62 60 58 55 52 50 46 40 37 30 21 26 35 29 23 17 12 7 8 1 2 3 9 13 32 
64 59 57 54 65 62 67 74 83 84 82 81 80 69 79 76 70 86 79 69 80 81 82 84 83 74 67 62 65 61 51 61 65 62 67 63 68 77 73 72 75 56 49 46 40 36 35 29 23 17 9 13 32 
64 59 57 54 65 62 67 74 71 81 80 69 79 86 70 76 70 86 79 69 80 81 71 74 67 62 65 61 51 61 65 62 67 63 68 66 78 75 56 49 46 40 36 35 29 23 17 9 13 32 
64 59 57 54 65 62 67 74 83 84 82 81 80 69 79 76 79 69 80 81 82 84 83 74 67 62 65 61 51 61 65 62 67 63 68 77 73 72 75 56 49 46 40 37 30 21 26 35 29 23 17 9 13 32 
64 59 57 54 65 62 67 74 83 84 82 81 80 69 79 86 70 76 70 86 79 69 64 59 57 54 65 61 51 61 65 62 60 58 55 52 50 46 40 36 35 29 23 17 9 13 32 
64 59 57 54 65 62 67 74 71 81 80 69 79 76 79 69 80 81 71 74 67 63 68 66 78 75 56 49 46 50 52 55 58 60 62 65 61 51 61 65 62 67 63 68 77 73 72 75 56 49 46 40 36 35 29 23 17 9 13 32 
64 59 57 54 65 62 67 74 83 84 82 81 80 69 79 86 70 76 70 86 79 69 64 59 57 54 65 61 51 61 65 62 67 63 68 66 78 75 56 49 46 40 36 35 29 23 17 12 7 8 1 2 3 9 13 32 
64 59 57 54 53 48 34 45 65 62 67 74 83 84 82 81 80 69 79 86 70 76 79 69 64 59 57 54 53 48 34 45 65 61 51 61 65 62 60 58 55 52 50 46 40 36 35 29 23 17 9 3 0 4 6 11 14 22 31 32 
64 59 57 54 53 48 34 45 65 62 67 74 71 81 80 69 79 76 70 86 79 69 64 59 57 54 65 61 51 61 65 62 67 63 68 66 78 75 56 49 46 40 36 35 29 23 17 12 7 8 1 2 3 9 13 32 
64 59 57 54 53 48 34 45 65 62 67 74 71 81 80 69 79 86 70 76 79 69 64 59 57 54 65 61 51 61 65 62 67 63 68 66 78 75 56 49 46 40 36 35 29 23 17 9 13 32 
64 59 57 54 65 62 67 74 71 81 80 69 79 86 70 76 79 69 80 81 71 74 67 63 68 77 73 72 75 56 49 46 50 52 55 58 60 62 65 61 51 61 65 62 60 58 55 52 50 46 40 36 35 29 23 17 12 7 8 1 2 3 9 13 32 
64 59 57 54 53 48 34 45 65 62 67 74 83 84 82 81 80 69 79 76 79 69 80 81 82 84 83 74 67 62 65 61 51 61 65 62 60 58 55 52 50 46 40 37 30 21 26 35 29 23 17 9 13 32 
64 59 57 54 53 48 34 45 65 62 67 74 71 81 80 69 79 76 79 69 64 59 57 54 53 48 34 45 65 61 51 61 65 62 60 58 55 52 50 46 40 37 30 21 26 35 29 23 17 12 7 8 1 2 3 9 13 32 
64 59 57 54 53 48 34 45 65 62 67 74 71 81 80 69 79 76 79 69 80 81 71 74 67 63 68 66 78 75 56 49 46 50 52 55 58 60 62 65 61 51 61 65 62 67 63 68 77 73 72 75 56 49 46 40 36 35 29 23 17 9 13 32 
64 59 57 54 53 48 34 45 65 62 67 74 83 84 82 81 80 69 79 76 79 69 80 81 82 84 83 74 67 62 65 61 51 61 65 62 67 63 68 66 78 75 56 49 46 40 36 35 29 23 17 12 7 8 1 2 3 9 13 32 
64 59 57 54 65 62 67 74 71 81 80 69 79 76 79 69 64 59 57 54 53 48 34 45 65 61 51 61 65 62 67 63 68 77 73 72 75 56 49 46 40 37 30 21 26 35 29 23 17 9 13 32 
64 59 57 54 53 48 34 45 65 62 67 74 83 84 82 81 80 69 79 76 70 86 79 69 64 59 57 54 53 48 34 45 65 61 51 61 65 62 67 63 68 77 73 72 75 56 49 46 40 37 30 21 26 35 29 23 17 9 13 32 
64 59 57 54 53 48 34 45 65 62 67 74 83 84 82 81 80 69 79 86 70 76 70 86 79 69 64 59 57 54 53 48 34 45 65 61 51 61 65 62 67 63 68 66 78 75 56 49 46 40 37 30 21 26 35 29 23 17 9 13 32 
64 59 57 54 53 48 34 45 65 62 67 74 71 81 80 69 79 76 79 69 64 59 57 54 65 61 51 61 65 62 67 63 68 66 78 75 56 49 46 40 37 30 21 26 35 29 23 17 9 13 32 
64 59 57 54 65 62 67 74 71 81 80 69 79 76 70 86 79 69 64 59 57 54 65 61 51 61 65 62 60 58 55 52 50 46 40 37 30 21 26 35 29 23 17 12 7 8 1 2 3 9 13 32 
64 69 79 76 79 69 64 59 57 54 65 61 51 61 65 62 67 63 68 66 78 75 56 49 46 40 36 35 29 23 17 12 7 8 1 2 3 9 13 32 
64 59 57 54 65 62 67 74 83 84 82 81 80 69 79 86 70 76 79 69 80 81 71 74 67 62 65 61 51 61 65 62 67 63 68 77 73 72 75 56 49 46 40 36 35 29 23 17 9 13 32 
64 69 79 86 70 76 70 86 79 69 64 59 57 54 65 61 51 61 65 62 67 63 68 77 73 72 75 56 49 46 40 37 30 21 26 35 29 23 17 9 13 32 
64 59 57 54 53 48 34 45 65 62 67 74 83 84 82 81 80 69 79 76 70 86 79 69 64 59 57 54 53 48 34 45 65 61 51 61 65 62 67 63 68 66 78 75 56 49 46 40 37 30 21 26 35 29 23 17 9 13 32 
64 59 57 54 65 62 67 74 83 84 82 81 80 69 79 76 79 69 80 81 71 74 67 63 68 77 73 72 75 56 49 46 50 52 55 58 60 62 65 61 51 61 65 62 67 63 68 77 73 72 75 56 49 46 40 36 35 29 23 17 9 13 32 
---------------
