Request id 11
54 65 64 60 57 48 44 45 37 35 32 40 41 46 54 65 64 60 64 65 54 62 66 67 69 71 69 67 66 62 61 59 56 40 32 28 25 18 13 3 1 4 
54 65 64 60 57 48 46 41 61 62 66 67 69 68 65 64 60 64 65 54 62 66 67 68 69 71 69 68 65 54 46 41 40 32 28 25 18 13 3 1 4 
54 65 64 60 57 48 46 54 62 66 67 68 65 64 60 57 48 46 54 62 66 67 69 71 69 68 67 66 63 58 56 40 32 28 25 18 13 3 1 4 
54 62 61 59 56 40 41 46 48 57 48 46 41 61 62 66 67 68 65 64 60 57 48 46 41 61 62 66 67 69 71 69 67 66 62 61 59 56 40 32 28 25 18 13 3 1 4 
54 62 61 41 46 48 57 48 46 41 61 62 66 67 69 68 65 64 60 57 48 46 54 62 66 67 69 71 69 68 65 54 62 61 41 40 32 28 25 18 13 3 1 4 
54 62 61 59 56 40 41 46 48 57 48 46 41 61 62 66 67 69 68 65 64 60 64 65 68 69 71 69 67 66 62 61 41 40 32 28 25 18 13 3 1 4 
54 65 64 60 57 48 46 54 62 66 67 68 65 64 60 57 48 46 54 62 66 67 68 69 71 69 68 65 54 46 41 40 32 28 25 18 13 3 1 4 
54 65 64 60 57 48 46 54 65 64 60 57 48 46 54 65 68 69 71 69 67 66 62 61 59 56 40 32 28 25 18 13 3 1 4 
54 65 64 60 57 48 46 54 65 64 60 64 65 68 67 69 71 69 68 65 54 46 41 40 32 28 25 18 13 3 1 4 
54 62 61 59 56 40 41 46 48 57 48 46 54 62 66 67 69 68 65 64 60 64 65 54 62 66 67 69 71 69 68 67 66 63 58 56 40 32 28 25 18 13 3 1 4 
54 62 61 41 46 48 57 48 46 41 40 56 58 63 66 67 68 65 64 60 64 65 68 69 71 69 68 67 66 62 61 41 40 32 28 25 18 13 3 1 4 
54 62 66 63 58 56 40 41 46 48 57 48 44 45 37 35 32 40 41 46 54 65 64 60 57 48 46 54 62 66 67 68 69 71 69 68 65 54 62 61 41 40 32 28 25 18 13 3 1 4 
54 62 61 41 46 48 57 48 46 54 62 66 67 69 68 65 64 60 64 65 68 69 71 69 68 65 54 46 41 40 32 28 25 18 13 3 1 4 
54 62 61 41 46 48 57 48 46 41 40 56 59 61 62 54 65 64 60 64 65 68 69 71 69 68 67 66 62 61 41 40 32 28 25 18 13 3 1 4 
54 62 66 67 69 68 65 64 60 57 48 46 54 62 66 67 68 65 64 60 64 70 74 73 72 71 69 68 65 54 46 41 40 32 28 25 18 13 3 1 4 
54 46 48 57 48 46 54 62 66 67 69 68 65 64 60 57 48 46 54 65 68 67 69 71 69 68 65 54 46 41 40 32 28 25 18 13 3 1 4 
54 46 41 40 32 35 37 45 44 48 57 60 57 48 46 54 65 68 67 69 71 69 68 67 66 63 58 56 40 32 28 25 18 13 3 1 4 
54 65 64 60 57 48 44 45 37 35 32 40 41 46 54 65 64 60 57 48 46 54 62 66 67 68 69 71 69 68 67 66 63 58 56 40 32 28 25 18 13 3 1 4 
54 65 64 60 57 48 46 41 40 56 58 63 66 67 68 65 64 60 64 70 74 73 72 71 69 68 65 54 46 48 44 45 37 36 29 25 18 13 3 1 4 
54 65 68 67 66 62 61 41 46 48 57 48 46 41 61 62 66 67 69 68 65 64 60 64 65 68 69 71 69 67 66 62 61 59 56 40 32 28 25 18 13 3 1 4 
54 46 48 57 48 46 41 61 62 54 65 64 60 64 70 74 73 72 71 69 67 66 62 61 59 56 40 32 28 25 18 13 3 1 4 
54 62 61 59 56 40 41 46 48 57 48 46 41 40 56 58 63 66 67 68 65 64 60 57 48 46 54 62 66 67 68 69 71 69 68 67 66 63 58 56 40 32 28 25 18 13 3 1 4 
54 62 66 67 69 68 65 64 60 57 48 46 54 62 66 67 69 68 65 64 60 57 48 46 54 62 66 67 69 71 69 67 66 62 61 41 40 32 28 25 18 13 3 1 4 
54 46 48 57 48 46 41 61 62 66 67 68 65 64 60 57 48 46 54 62 66 67 68 69 71 69 68 65 54 62 61 41 40 32 28 25 18 13 3 1 4 
54 62 66 63 58 56 59 61 41 46 48 57 48 46 41 61 62 66 67 68 65 64 60 57 48 46 54 62 66 67 68 69 71 69 68 67 66 63 58 56 40 32 28 25 18 13 3 1 4 
54 65 68 67 66 62 61 41 46 48 57 48 46 54 65 64 60 64 65 68 69 71 69 68 65 54 62 61 41 40 32 28 25 18 13 3 1 4 
54 46 48 57 48 46 41 40 56 59 61 62 54 65 64 60 57 48 46 54 62 66 67 68 69 71 69 68 65 54 46 41 40 32 28 25 18 13 3 1 4 
54 62 66 63 58 56 40 41 46 48 57 48 46 41 61 62 54 65 64 60 57 48 46 54 62 66 67 68 69 71 69 68 65 54 62 61 41 40 32 28 25 18 13 3 1 4 
54 62 61 59 56 40 41 46 48 57 48 46 54 62 66 67 68 65 64 60 57 48 46 54 62 66 67 69 71 69 67 66 62 61 59 56 40 32 28 25 18 13 3 1 4 
54 46 41 40 32 35 37 45 44 48 57 48 46 41 40 56 58 63 66 67 68 65 64 60 57 48 46 41 61 62 66 67 69 71 69 68 65 54 46 48 44 45 37 36 29 25 18 13 3 1 4 
54 65 68 67 66 62 61 41 46 48 57 48 46 41 61 62 54 65 64 60 57 48 46 54 62 66 67 68 69 71 69 67 66 62 61 41 40 32 28 25 18 13 3 1 4 
54 62 66 63 58 56 59 61 41 46 48 57 48 46 54 62 66 67 69 68 65 64 60 64 65 68 67 69 71 69 68 67 66 62 61 41 40 32 28 25 18 13 3 1 4 
54 62 66 67 69 68 65 64 60 57 60 57 48 46 54 65 68 67 69 71 69 67 68 65 54 46 41 40 32 28 25 18 13 3 1 4 
54 62 66 67 69 68 65 64 60 57 48 44 45 37 35 32 40 41 46 54 65 64 60 57 48 46 54 65 68 67 69 71 69 67 68 65 54 46 41 40 32 28 25 18 13 3 1 4 
54 62 66 67 69 68 65 64 60 57 48 46 54 65 64 60 57 48 46 54 65 68 67 69 71 69 68 67 66 63 58 56 40 32 28 25 18 13 3 1 4 
54 65 68 67 66 62 61 41 46 48 57 48 44 45 37 35 32 40 41 46 54 65 64 60 57 48 46 41 61 62 66 67 69 71 69 67 66 62 61 41 40 32 28 25 18 13 3 1 4 
54 62 66 63 58 56 40 41 46 48 57 48 46 54 65 64 60 57 48 46 54 62 66 67 68 69 71 69 67 66 62 54 46 41 40 32 28 25 18 13 3 1 4 
54 65 68 67 66 62 61 41 46 48 57 48 46 41 61 62 66 67 69 68 65 64 60 64 65 68 69 71 69 68 67 66 63 58 56 40 32 28 25 18 13 3 1 4 
54 62 66 67 69 68 65 64 60 57 48 46 41 61 62 54 65 64 60 57 48 46 54 62 66 67 68 69 71 69 67 68 65 54 46 41 40 32 28 25 18 13 3 1 4 
54 62 61 59 56 40 41 46 48 57 48 46 41 40 56 59 61 62 54 65 64 60 64 65 54 62 66 67 69 71 69 68 67 66 63 58 56 40 32 28 25 18 13 3 1 4 
---------------
Request id 2
54 65 64 70 74 73 74 70 64 65 54 46 41 40 32 28 25 29 19 15 9 
54 62 66 67 69 68 65 64 70 74 73 74 70 64 60 57 48 44 45 37 36 29 25 18 15 9 
54 46 48 57 60 64 70 74 73 74 70 64 65 54 46 48 44 45 37 36 29 19 15 9 
54 65 64 70 74 73 74 70 64 60 57 48 46 41 40 32 28 25 18 15 9 
54 65 68 69 71 72 73 74 70 64 60 57 48 44 45 37 36 29 19 15 9 
54 46 48 57 60 64 70 74 73 72 71 69 67 66 62 61 41 40 32 28 25 18 15 9 
54 62 61 41 46 48 57 60 64 70 74 73 72 71 69 68 65 54 46 41 40 32 28 25 18 15 9 
54 62 61 41 46 48 57 60 64 70 74 73 72 71 69 67 66 63 58 56 40 32 28 25 18 15 9 
54 65 68 69 71 72 73 72 71 69 68 65 54 46 41 40 32 28 25 18 15 9 
54 62 61 41 46 48 57 60 64 70 74 73 74 70 64 60 57 48 46 41 40 32 28 25 18 15 9 
54 46 48 57 60 64 70 74 73 72 71 69 67 66 63 58 56 40 32 28 25 18 15 9 
54 46 48 57 60 64 70 74 73 74 70 64 65 54 46 41 40 32 28 25 18 15 9 
54 65 68 69 71 72 73 74 70 64 65 54 46 41 40 32 28 25 29 19 15 9 
54 62 66 67 69 71 72 73 74 70 64 60 57 48 44 45 37 36 29 19 15 9 
54 65 64 70 74 73 72 71 69 67 66 63 58 56 40 32 28 25 18 15 9 
54 62 66 67 69 68 65 64 70 74 73 72 71 69 67 66 63 58 56 40 32 28 25 18 15 9 
54 62 66 67 68 65 64 70 74 73 74 70 64 60 57 48 44 45 37 36 29 19 15 9 
54 62 61 41 46 48 57 60 64 70 74 73 74 70 64 65 54 46 41 40 32 28 25 18 15 9 
54 62 61 41 46 48 57 60 64 70 74 73 74 70 64 60 57 48 44 45 37 36 29 19 15 9 
54 62 66 67 68 65 64 70 74 73 72 71 69 68 65 54 46 41 40 32 28 25 18 15 9 
54 62 66 67 68 69 71 72 73 74 70 64 65 54 46 48 44 45 37 36 29 19 15 9 
54 65 64 70 74 73 72 71 69 68 65 54 46 41 40 32 28 25 18 15 9 
54 62 66 67 68 65 64 70 74 73 74 70 64 65 54 62 61 41 40 32 28 25 18 15 9 
54 46 48 57 60 64 70 74 73 74 70 64 60 57 48 46 41 40 32 28 25 18 15 9 
54 46 41 61 62 66 67 69 71 72 73 74 70 64 65 54 46 41 40 32 28 25 29 19 15 9 
54 65 64 70 74 73 74 70 64 60 57 48 44 45 37 36 29 25 18 15 9 
54 65 68 67 69 71 72 73 74 70 64 65 54 46 48 44 45 37 36 29 19 15 9 
54 65 64 70 74 73 74 70 64 65 54 46 48 44 45 37 36 29 19 15 9 
54 62 66 67 69 71 72 73 74 70 64 60 57 48 46 41 40 32 28 25 18 15 9 
54 62 66 67 68 65 64 70 74 73 74 70 64 65 54 46 41 40 32 28 25 29 19 15 9 
54 62 66 67 69 68 65 64 70 74 73 74 70 64 65 54 46 41 40 32 28 25 18 15 9 
54 46 48 57 60 64 70 74 73 72 71 69 68 65 54 46 41 40 32 28 25 18 15 9 
54 62 66 67 68 69 71 72 73 74 70 64 65 54 62 61 41 40 32 28 25 18 15 9 
54 62 66 67 69 68 65 64 70 74 73 74 70 64 60 57 48 46 41 40 32 28 25 18 15 9 
54 65 68 67 69 71 72 73 74 70 64 65 54 46 41 40 32 28 25 29 19 15 9 
54 46 41 61 62 66 67 69 71 72 73 74 70 64 65 54 62 61 41 40 32 28 25 18 15 9 
54 65 64 70 74 73 74 70 64 65 54 46 41 40 32 28 25 18 15 9 
54 46 41 61 62 66 67 69 71 72 73 74 70 64 60 57 48 44 45 37 36 29 25 18 15 9 
54 62 66 67 68 65 64 70 74 73 74 70 64 60 57 48 44 45 37 36 29 25 18 15 9 
54 62 66 67 69 71 72 73 72 71 69 67 66 62 61 41 40 32 28 25 18 15 9 
---------------
Request id 14
62 61 59 56 51 56 40 39 38 42 49 55 58 63 66 62 61 59 56 51 42 49 50 53 52 47 43 34 31 27 24 30 33 39 
62 66 63 58 55 49 42 51 56 58 55 58 63 66 62 61 41 40 39 38 42 49 50 53 50 49 42 51 56 59 61 41 40 39 
62 66 63 58 55 49 42 51 56 40 39 38 42 49 55 58 63 66 62 61 59 56 51 42 49 50 53 52 47 43 34 31 27 24 30 33 39 
62 66 63 58 55 49 42 51 42 38 39 40 56 58 55 49 42 38 34 43 47 52 53 50 49 42 51 56 59 61 41 40 39 
62 61 41 40 56 51 56 58 55 49 50 53 50 49 42 51 56 59 61 41 40 39 
62 66 63 58 56 51 56 40 39 38 42 49 55 49 42 38 34 43 47 52 53 52 47 43 34 38 42 51 56 40 39 
62 66 63 58 55 49 42 51 42 38 39 40 56 58 55 58 63 66 62 61 59 56 51 42 49 50 53 50 49 55 58 56 59 61 41 40 39 
62 66 63 58 55 49 42 51 42 38 39 40 41 61 59 56 58 55 58 56 51 42 49 50 53 52 47 43 34 38 42 51 56 40 39 
62 61 59 56 51 42 38 39 40 41 61 59 56 58 55 58 63 66 62 61 59 56 51 42 49 50 53 50 49 42 51 56 59 61 41 40 39 
62 54 46 41 40 56 51 42 38 34 43 47 52 53 50 49 55 58 63 66 62 61 59 56 51 42 49 50 53 50 49 42 51 56 59 61 41 40 39 
62 61 59 56 40 39 38 42 51 56 59 61 41 40 39 38 42 49 55 49 42 51 56 40 39 38 34 43 47 52 53 52 47 43 34 31 27 24 30 33 39 
62 54 46 41 40 56 51 56 40 41 46 54 62 66 63 58 55 58 56 40 39 38 42 49 50 53 50 49 55 58 56 59 61 41 40 39 
62 54 46 41 40 39 38 42 51 42 38 39 40 41 61 59 56 58 55 49 42 38 34 43 47 52 53 50 49 55 58 56 51 42 38 39 
62 61 59 56 58 55 49 42 51 42 38 34 43 47 52 53 50 49 55 58 63 66 62 61 59 56 51 42 49 50 53 52 47 43 34 38 42 51 56 40 39 
62 61 59 56 40 39 38 42 51 42 38 34 43 47 52 53 50 49 55 49 50 53 50 49 55 58 56 51 42 38 39 
62 54 46 41 61 59 56 51 56 40 41 61 62 66 63 58 55 58 56 40 39 38 42 49 50 53 50 49 42 38 34 31 27 24 30 33 39 
62 61 41 40 56 51 56 59 61 41 40 39 38 42 49 55 49 50 53 52 47 43 34 38 42 51 56 40 39 
62 54 46 41 40 56 51 56 40 39 38 42 49 55 58 56 40 39 38 42 49 50 53 50 49 42 51 56 59 61 41 40 39 
62 61 41 40 56 51 42 38 34 43 47 52 53 50 49 55 49 50 53 52 47 43 34 38 42 51 56 40 39 
62 54 46 41 40 56 51 56 58 55 58 56 51 42 49 50 53 50 49 42 51 56 59 61 41 40 39 
62 54 46 41 61 59 56 51 56 58 55 49 50 53 50 49 55 58 56 59 61 41 40 39 
62 61 41 40 56 51 56 59 61 41 40 39 38 42 49 55 58 56 40 39 38 42 49 50 53 50 49 42 38 34 31 27 24 30 33 39 
62 54 46 41 40 56 51 42 38 39 40 41 61 59 56 58 55 49 50 53 50 49 55 58 56 40 39 
62 54 46 41 40 56 51 56 59 61 41 40 39 38 42 49 55 58 63 66 62 61 59 56 51 42 49 50 53 50 49 55 58 56 59 61 41 40 39 
62 61 59 56 58 55 49 42 51 56 40 39 38 42 49 55 58 56 40 39 38 34 43 47 52 53 50 49 42 38 39 
62 61 59 56 40 39 38 42 51 42 38 39 40 56 58 55 49 42 51 56 40 39 38 34 43 47 52 53 50 49 55 58 56 51 42 38 39 
62 66 63 58 55 49 42 51 42 38 39 40 41 61 59 56 58 55 58 56 40 39 38 34 43 47 52 53 52 47 43 34 31 27 24 30 33 39 
62 54 46 41 40 56 51 56 59 61 62 66 63 58 55 58 63 66 62 61 41 40 39 38 42 49 50 53 50 49 55 58 56 40 39 
62 54 46 41 40 39 38 42 51 56 40 39 38 42 49 55 58 63 66 62 61 59 56 51 42 49 50 53 52 47 43 34 38 42 51 56 40 39 
62 66 63 58 56 51 42 38 34 43 47 52 53 50 49 55 49 42 51 56 40 39 38 34 43 47 52 53 50 49 55 58 56 51 42 38 39 
62 54 46 41 40 56 51 42 38 39 40 56 58 55 49 42 38 34 43 47 52 53 52 47 43 34 38 39 
62 66 63 58 55 49 42 51 56 59 61 62 66 63 58 55 58 63 66 62 61 59 56 51 42 49 50 53 52 47 43 34 38 39 
62 61 41 40 56 51 42 38 34 43 47 52 53 50 49 55 58 63 66 62 61 41 40 39 38 42 49 50 53 50 49 42 38 34 31 27 24 30 33 39 
62 66 63 58 55 49 42 51 42 49 55 49 42 51 56 40 39 38 34 43 47 52 53 50 49 42 51 56 59 61 41 40 39 
62 66 63 58 55 49 42 51 42 38 34 43 47 52 53 50 49 55 58 56 51 42 38 34 43 47 52 53 50 49 42 51 56 40 39 
62 54 46 41 40 56 51 42 38 39 40 56 58 55 49 42 51 56 40 39 38 34 43 47 52 53 52 47 43 34 38 42 51 56 40 39 
62 61 59 56 51 56 40 41 46 54 62 66 63 58 55 58 63 66 62 61 41 40 39 38 42 49 50 53 52 47 43 34 38 42 51 56 40 39 
62 61 41 40 39 38 42 51 56 40 39 38 42 49 55 58 63 66 62 61 41 40 39 38 42 49 50 53 50 49 42 51 56 40 39 
62 61 59 56 51 42 38 39 40 56 58 55 49 50 53 50 49 42 38 39 
62 66 63 58 56 51 42 38 39 40 56 58 55 58 56 59 61 41 40 39 38 42 49 50 53 50 49 55 58 56 59 61 41 40 39 
---------------
Request id 5
1 3 5 0 13 18 16 24 27 31 27 24 30 33 39 38 42 49 50 49 42 51 42 38 39 33 30 24 16 18 15 
1 3 6 11 16 24 27 31 34 43 47 52 53 50 49 42 51 56 59 61 41 40 32 28 25 18 15 
1 3 6 11 13 18 16 24 27 31 27 24 30 33 39 40 56 51 42 49 50 53 52 47 43 34 38 39 40 56 51 42 38 39 40 32 28 25 29 19 15 
1 3 6 11 16 24 27 31 27 24 30 33 39 38 42 49 50 49 55 58 56 40 39 38 42 51 56 40 39 33 30 24 16 18 15 
1 3 6 11 16 17 21 22 27 31 34 38 42 51 56 58 55 49 50 49 55 58 63 66 62 61 59 56 51 42 38 39 40 32 28 25 29 19 15 
1 3 5 0 13 11 16 24 27 31 27 24 30 33 39 40 56 58 55 49 50 49 55 58 56 40 39 38 42 51 56 40 32 28 25 29 19 15 
1 3 6 11 16 24 27 31 27 24 23 26 28 32 40 56 58 55 49 50 49 42 38 39 40 56 51 56 59 61 41 40 32 28 25 18 15 
1 3 5 0 13 18 16 24 27 31 34 38 39 40 56 58 55 49 50 49 42 38 39 40 41 61 59 56 51 56 59 61 41 40 32 28 25 18 15 
1 3 13 11 16 17 21 22 27 31 27 24 30 33 39 38 34 43 47 52 53 50 49 42 38 39 40 56 51 42 38 34 31 27 24 16 18 15 
1 3 6 11 16 17 20 24 27 31 34 38 39 40 56 51 42 49 50 49 55 58 63 66 62 61 41 40 56 51 56 59 61 41 40 32 28 25 18 15 
1 3 6 11 16 17 21 22 27 31 34 43 47 52 53 50 49 42 38 39 40 41 61 59 56 51 42 38 39 33 30 24 16 18 15 
1 3 13 11 16 24 27 31 27 24 30 33 39 38 34 43 47 52 53 50 49 55 58 63 66 62 61 41 40 56 51 42 38 39 40 32 28 25 29 19 15 
1 3 5 0 13 11 16 24 27 31 27 24 30 33 39 40 56 58 55 49 50 49 42 38 39 40 56 51 42 38 34 31 27 24 16 18 15 
1 3 5 0 13 11 16 24 27 31 34 38 39 40 56 51 42 49 50 49 55 58 56 51 56 40 32 35 37 36 29 19 15 
1 3 5 0 13 11 16 24 27 31 34 38 42 49 50 49 55 58 63 66 62 61 59 56 51 56 40 32 35 37 36 29 19 15 
1 3 6 11 16 24 27 31 34 38 39 40 56 51 42 49 50 49 55 58 63 66 62 54 46 41 40 56 51 56 40 32 35 37 36 29 25 18 15 
1 3 6 11 16 17 21 22 27 31 34 43 47 52 53 50 49 55 58 63 66 62 54 46 41 40 56 51 42 38 34 31 27 24 16 18 15 
1 4 7 8 6 11 16 24 27 31 27 24 30 33 39 40 56 51 42 49 50 49 55 58 56 40 39 38 42 51 42 38 34 31 27 24 16 18 15 
1 3 13 18 16 24 27 31 34 43 47 52 53 50 49 55 58 56 40 39 38 42 51 42 38 39 33 30 24 16 18 15 
1 3 6 11 16 17 20 24 27 31 27 24 30 33 39 38 34 43 47 52 53 50 49 42 38 39 40 41 61 59 56 51 56 40 39 33 30 24 16 18 15 
1 3 5 0 13 18 16 24 27 31 27 24 30 33 39 40 56 51 42 49 50 49 42 38 39 40 56 51 56 40 39 33 30 24 16 18 15 
1 3 6 11 16 17 20 24 27 31 34 38 39 40 56 51 42 49 50 49 42 38 39 40 41 61 59 56 51 42 38 34 31 27 24 16 18 15 
1 3 6 11 16 17 20 24 27 31 27 24 23 26 28 32 40 56 58 55 49 50 49 42 38 39 40 41 61 59 56 51 56 40 32 28 25 18 15 
1 3 5 0 13 18 16 24 27 31 34 38 42 51 56 58 55 49 50 49 55 58 56 51 56 40 32 28 25 29 19 15 
1 3 13 18 16 24 27 31 27 24 30 33 39 38 42 49 50 49 55 58 63 66 62 61 59 56 51 56 40 32 28 25 29 19 15 
1 4 7 8 6 11 16 24 27 31 34 43 47 52 53 50 53 52 47 43 34 38 39 40 56 51 42 38 39 40 32 28 25 18 15 
1 3 13 11 16 17 21 22 27 31 27 24 30 33 39 40 56 51 42 49 50 49 42 38 39 40 56 51 56 59 61 41 40 32 28 25 18 15 
1 3 5 0 13 11 16 24 27 31 27 24 30 33 39 40 56 58 55 49 50 49 55 58 63 66 62 54 46 41 40 56 51 56 59 61 41 40 32 28 25 18 15 
1 3 13 11 16 24 27 31 34 38 42 51 56 58 55 49 50 49 42 51 42 38 39 40 32 28 25 29 19 15 
1 3 13 11 16 17 21 22 27 31 27 24 23 26 28 32 40 56 58 55 49 50 49 55 58 63 66 62 61 59 56 51 56 40 32 28 25 29 19 15 
1 3 6 11 16 24 27 31 34 38 42 49 50 49 55 58 63 66 62 61 59 56 51 56 40 32 35 37 36 29 25 18 15 
1 3 13 11 16 17 21 22 27 31 34 38 39 40 56 51 42 49 50 49 55 58 56 40 39 38 42 51 42 38 39 40 32 28 25 18 15 
1 3 6 11 16 24 27 31 27 24 30 33 39 38 34 43 47 52 53 50 53 52 47 43 34 38 39 40 56 51 42 38 39 40 32 28 25 29 19 15 
1 3 13 11 16 24 27 31 34 38 39 40 56 58 55 49 50 49 55 58 63 66 62 61 41 40 56 51 56 40 32 35 37 36 29 19 15 
1 3 13 11 16 24 27 31 34 38 42 51 56 58 55 49 50 49 55 58 63 66 62 61 59 56 51 56 40 32 28 25 18 15 
1 3 6 11 16 17 21 22 27 31 27 24 23 26 28 32 40 56 58 55 49 50 53 52 47 43 34 38 42 51 42 38 39 40 32 28 25 18 15 
1 4 7 8 6 11 16 24 27 31 27 24 30 33 39 40 56 51 42 49 50 49 42 38 39 40 41 61 59 56 51 42 38 34 31 27 24 16 18 15 
1 3 6 11 16 24 27 31 34 38 42 49 50 49 42 38 39 40 56 51 42 38 39 40 32 28 25 18 15 
1 3 5 0 13 18 16 24 27 31 27 24 30 33 39 40 56 58 55 49 50 49 42 38 39 40 41 61 59 56 51 42 38 39 33 30 24 16 18 15 
1 3 13 18 16 24 27 31 27 24 30 33 39 38 42 49 50 49 55 58 63 66 62 54 46 41 40 56 51 56 40 39 33 30 24 16 18 15 
---------------
Request id 9
5 3 6 11 13 18 16 24 27 31 27 24 30 33 39 40 56 58 55 49 50 49 42 38 39 40 41 61 59 61 41 40 39 38 42 49 55 58 
5 0 13 11 16 24 27 31 34 43 47 52 53 50 49 55 58 56 40 41 61 59 56 40 41 61 62 66 63 58 
5 0 13 18 16 17 20 24 27 31 27 24 23 26 28 32 40 56 58 55 49 50 49 55 58 56 59 61 62 54 46 41 40 56 58 
5 3 13 18 16 24 27 31 34 38 42 51 56 58 55 49 50 53 52 47 43 34 38 42 51 56 59 61 62 66 63 58 
5 0 2 9 15 18 16 24 27 31 34 38 39 40 56 51 42 49 50 49 42 38 39 40 56 59 61 62 66 63 58 
5 3 13 11 16 24 27 31 27 24 30 33 39 40 56 51 42 49 50 53 52 47 43 34 38 42 51 56 59 56 51 42 49 55 58 
5 3 13 11 16 17 21 22 27 31 34 38 39 40 56 58 55 49 50 49 55 58 63 66 62 61 59 61 62 66 63 58 
5 3 6 11 16 17 20 24 27 31 34 43 47 52 53 50 49 42 51 56 59 56 58 
5 3 6 11 16 17 20 24 27 31 34 38 42 49 50 49 55 58 56 40 41 61 59 61 41 46 54 62 66 63 58 
5 0 2 9 15 18 16 24 27 31 27 24 30 33 39 40 56 58 55 49 50 49 42 51 56 58 63 66 62 61 59 61 41 46 54 62 66 63 58 
5 3 6 11 13 18 16 24 27 31 34 43 47 52 53 50 53 52 47 43 34 38 39 40 56 59 61 41 46 54 62 66 63 58 
5 0 13 18 16 24 27 31 27 24 23 26 28 32 40 56 58 55 49 50 49 55 58 63 66 62 61 59 61 41 40 56 58 
5 3 6 11 16 24 27 31 27 24 30 33 39 40 56 51 42 49 50 49 55 58 56 59 56 40 39 38 42 49 55 58 
5 3 6 11 13 18 16 24 27 31 27 24 30 33 39 40 56 51 42 49 50 49 42 51 56 40 41 61 59 61 41 46 54 62 66 63 58 
5 3 13 11 16 17 21 22 27 31 34 38 42 51 56 58 55 49 50 49 55 58 63 66 62 61 59 61 41 40 39 38 42 49 55 58 
5 3 6 11 13 18 16 24 27 31 34 43 47 52 53 50 49 42 51 56 40 41 61 59 56 40 39 38 42 49 55 58 
5 3 13 11 16 24 27 31 34 38 42 49 50 49 42 38 39 40 41 61 59 61 41 40 56 58 
5 3 13 11 16 24 27 31 34 38 42 51 56 58 55 49 50 53 52 47 43 34 38 39 40 56 59 56 40 39 38 42 49 55 58 
5 3 13 18 16 24 27 31 34 38 39 40 56 51 42 49 50 49 55 58 63 66 62 61 59 56 51 42 49 55 58 
5 0 13 18 16 17 20 24 27 31 34 43 47 52 53 50 53 52 47 43 34 38 42 51 56 59 61 62 54 65 68 67 66 63 58 
5 0 13 18 16 17 20 24 27 31 34 38 42 51 56 58 55 49 50 49 55 58 56 59 56 51 42 49 55 58 
5 3 6 11 13 18 16 24 27 31 34 38 42 51 56 58 55 49 50 53 52 47 43 34 38 39 40 56 59 61 41 40 39 38 42 49 55 58 
5 3 6 11 16 24 27 31 34 38 42 51 56 58 55 49 50 53 52 47 43 34 38 39 40 56 59 56 40 41 61 62 66 63 58 
5 3 13 11 16 24 27 31 34 38 42 51 56 58 55 49 50 49 55 58 56 40 41 61 59 56 40 41 61 62 66 63 58 
5 0 13 11 16 24 27 31 34 38 42 49 50 49 42 51 56 40 41 61 59 61 62 54 46 41 40 56 58 
5 0 2 9 15 18 16 24 27 31 27 24 30 33 39 38 34 43 47 52 53 50 53 52 47 43 34 38 42 51 56 59 61 41 40 56 58 
5 3 13 11 16 24 27 31 27 24 30 33 39 40 56 51 42 49 50 49 42 51 56 58 63 66 62 61 59 56 58 
5 0 13 18 16 17 20 24 27 31 27 24 30 33 39 40 56 58 55 49 50 53 52 47 43 34 38 42 51 56 59 56 40 39 38 42 49 55 58 
5 3 6 11 16 17 20 24 27 31 27 24 30 33 39 40 56 51 42 49 50 49 55 58 56 40 41 61 59 61 62 54 46 41 40 56 58 
5 0 13 18 16 24 27 31 27 24 30 33 39 40 56 58 55 49 50 53 52 47 43 34 38 42 51 56 59 61 62 54 46 41 40 56 58 
5 3 13 18 16 24 27 31 34 43 47 52 53 50 49 42 38 39 40 41 61 59 61 41 46 54 62 66 63 58 
5 0 13 11 16 24 27 31 34 38 39 40 56 58 55 49 50 49 42 38 39 40 41 61 59 61 62 66 63 58 
5 3 13 11 16 17 21 22 27 31 27 24 30 33 39 40 56 58 55 49 50 49 42 51 56 59 61 62 54 65 68 67 66 63 58 
5 0 2 9 15 18 16 24 27 31 27 24 30 33 39 40 56 51 42 49 50 49 55 58 56 59 56 51 42 49 55 58 
5 3 6 11 16 17 20 24 27 31 34 43 47 52 53 50 49 55 58 63 66 62 61 59 56 51 42 49 55 58 
5 3 6 11 13 18 16 24 27 31 27 24 30 33 39 40 56 51 42 49 50 49 42 51 56 40 41 61 59 56 51 42 49 55 58 
5 3 6 11 16 17 20 24 27 31 34 43 47 52 53 50 53 52 47 43 34 38 39 40 56 59 61 41 40 56 58 
5 3 13 11 16 17 21 22 27 31 27 24 30 33 39 40 56 51 42 49 50 49 55 58 63 66 62 61 59 61 62 54 65 68 67 66 63 58 
5 0 13 11 16 24 27 31 27 24 30 33 39 38 34 43 47 52 53 50 49 42 38 39 40 41 61 59 56 51 42 49 55 58 
5 0 13 18 16 24 27 31 27 24 30 33 39 38 42 49 50 49 42 51 56 59 61 41 46 54 62 66 63 58 
---------------
Request id 10
1 3 13 11 16 24 27 31 34 38 42 49 50 53 52 47 43 34 38 39 40 41 61 62 66 63 58 55 49 50 53 52 53 50 49 42 38 39 33 30 24 20 17 
1 4 7 8 6 11 16 24 27 31 27 24 30 33 39 38 42 49 50 53 52 47 43 34 38 39 40 41 61 62 66 63 58 55 49 50 53 52 53 50 49 42 38 34 31 27 24 20 17 
1 3 13 18 16 24 27 31 27 24 23 26 28 32 40 39 38 34 43 47 43 34 38 39 40 41 61 59 56 51 42 49 50 53 52 47 43 34 31 27 24 16 11 12 14 17 
1 3 6 11 13 18 16 24 27 31 34 38 42 51 56 58 55 49 50 53 52 47 43 34 38 39 40 56 51 42 49 50 53 52 53 50 49 42 38 34 31 27 22 21 17 
1 4 7 8 6 11 16 24 27 31 27 22 21 17 20 24 30 33 39 38 34 43 47 43 34 38 39 40 41 61 59 56 58 55 49 50 53 52 47 43 34 31 27 24 16 11 12 14 17 
1 3 13 18 16 24 27 31 27 22 21 17 20 24 30 33 39 38 34 43 47 43 34 31 27 24 30 33 39 40 56 58 55 49 50 53 52 47 43 34 31 27 24 16 11 12 14 17 
1 3 6 11 16 17 21 22 27 31 34 38 39 40 56 51 42 49 50 53 52 47 43 34 31 27 24 30 33 39 40 56 58 55 49 50 53 52 47 43 34 31 27 24 16 11 12 14 17 
1 3 6 11 16 17 21 22 27 31 27 24 30 33 39 38 42 49 50 53 52 47 43 34 38 39 40 41 61 59 56 51 42 49 50 53 52 53 50 49 42 38 34 31 27 22 21 17 
1 4 7 8 6 11 16 24 27 31 27 24 30 33 39 38 34 43 47 43 34 38 42 51 56 58 55 49 50 53 52 53 50 49 42 38 34 31 27 24 16 17 
1 3 13 18 16 17 21 22 27 31 34 38 39 40 56 51 42 49 50 53 52 47 43 34 38 42 51 56 58 55 49 50 53 52 53 50 49 42 38 34 31 27 24 16 17 
1 4 7 8 6 11 16 24 27 31 27 24 30 33 39 38 34 43 47 43 34 38 39 40 56 58 55 49 50 53 52 53 50 49 42 38 34 31 27 22 21 17 
1 3 13 18 16 24 27 31 34 38 42 49 50 53 52 47 43 34 38 42 49 50 53 52 53 50 49 42 38 34 31 27 24 16 17 
1 3 5 0 13 11 16 24 27 31 34 43 47 52 53 50 49 42 38 34 31 27 24 16 17 
1 3 5 0 13 18 16 24 27 31 27 22 21 17 20 24 30 33 39 38 34 43 47 43 34 38 39 40 41 61 59 56 51 42 49 50 53 52 47 43 34 31 27 24 20 17 
1 3 5 0 13 18 16 24 27 31 34 38 42 51 56 58 55 49 50 53 52 47 43 34 38 39 40 41 61 62 66 63 58 55 49 50 53 52 47 43 34 31 27 24 16 11 12 14 17 
1 3 5 0 13 11 16 24 27 31 34 38 42 51 56 58 55 49 50 53 52 47 43 34 38 39 40 41 61 59 56 51 42 49 50 53 52 53 50 49 42 38 39 33 30 24 20 17 
1 3 5 0 13 18 16 24 27 31 27 24 23 26 28 32 40 39 38 34 43 47 43 34 38 39 40 41 61 59 56 51 42 49 50 53 52 53 50 49 42 38 34 31 27 22 21 17 
1 3 6 11 13 18 16 24 27 31 34 38 42 51 56 58 55 49 50 53 52 47 43 34 38 39 40 41 61 59 56 51 42 49 50 53 52 53 50 49 42 38 34 31 27 24 16 17 
1 3 13 18 16 17 21 22 27 31 27 22 21 17 20 24 30 33 39 38 34 43 47 43 34 31 27 24 30 33 39 38 42 49 50 53 52 47 43 34 38 39 33 30 24 20 17 
1 3 5 0 13 18 16 24 27 31 34 38 42 51 56 58 55 49 50 53 52 47 43 34 38 39 40 56 58 55 49 50 53 52 47 43 34 31 27 24 16 11 12 14 17 
1 3 5 0 13 11 16 24 27 31 27 22 21 17 20 24 30 33 39 38 34 43 47 43 34 38 39 40 56 58 55 49 50 53 52 47 43 34 31 27 22 21 17 
1 3 6 11 16 24 27 31 27 24 23 26 28 32 40 39 38 34 43 47 43 34 38 39 40 41 61 59 56 51 42 49 50 53 52 53 50 49 42 38 34 31 27 24 16 17 
1 3 6 11 13 18 16 24 27 31 27 22 21 17 20 24 30 33 39 38 34 43 47 43 34 38 39 40 41 61 59 56 58 55 49 50 53 52 53 50 49 42 38 39 33 30 24 20 17 
1 4 7 8 6 11 16 24 27 31 34 38 42 49 50 53 52 47 43 34 38 39 40 56 58 55 49 50 53 52 53 50 49 42 38 34 31 27 24 20 17 
1 3 13 18 16 17 21 22 27 31 27 24 30 33 39 38 42 49 50 53 52 47 43 34 31 27 24 30 33 39 40 56 58 55 49 50 53 52 53 50 49 42 38 34 31 27 22 21 17 
1 3 6 11 13 18 16 24 27 31 27 24 23 26 28 32 40 39 38 34 43 47 43 34 38 39 40 41 61 59 56 51 42 49 50 53 52 53 50 49 42 38 34 31 27 22 21 17 
1 3 5 0 13 11 16 24 27 31 34 38 39 40 56 51 42 49 50 53 52 47 43 34 38 39 40 41 61 62 66 63 58 55 49 50 53 52 53 50 49 42 38 39 33 30 24 20 17 
1 3 5 0 13 18 16 24 27 31 27 24 30 33 39 38 42 49 50 53 52 47 43 34 31 27 24 30 33 39 40 56 58 55 49 50 53 52 47 43 34 31 27 22 21 17 
1 3 6 11 16 17 20 24 27 31 34 38 42 49 50 53 52 47 43 34 38 42 49 50 53 52 47 43 34 31 27 24 16 17 
1 4 7 8 6 11 16 24 27 31 34 38 42 51 56 58 55 49 50 53 52 47 43 34 31 27 24 30 33 39 38 42 49 50 53 52 47 43 34 38 39 33 30 24 20 17 
1 3 5 0 13 18 16 24 27 31 34 38 39 40 56 58 55 49 50 53 52 47 43 34 31 27 24 30 33 39 38 42 49 50 53 52 53 50 49 42 38 34 31 27 22 21 17 
1 3 5 0 13 11 16 24 27 31 27 24 16 18 25 28 32 40 39 38 34 43 47 43 34 38 39 40 56 58 55 49 50 53 52 53 50 49 42 38 34 31 27 22 21 17 
1 3 13 18 16 17 21 22 27 31 34 43 47 43 34 38 39 40 41 61 62 66 63 58 55 49 50 53 52 47 43 34 31 27 24 20 17 
1 3 13 18 16 17 21 22 27 31 34 38 42 51 56 58 55 49 50 53 52 47 43 34 38 39 40 56 58 55 49 50 53 52 47 43 34 31 27 22 21 17 
1 4 7 8 6 11 16 24 27 31 27 24 23 26 28 32 40 39 38 34 43 47 43 34 31 27 24 30 33 39 40 56 58 55 49 50 53 52 53 50 49 42 38 34 31 27 22 21 17 
1 3 6 11 16 17 20 24 27 31 34 38 42 51 56 58 55 49 50 53 52 47 43 34 38 39 40 41 61 59 56 51 42 49 50 53 52 47 43 34 31 27 24 16 17 
1 3 6 11 13 18 16 24 27 31 27 24 23 26 28 32 40 39 38 34 43 47 52 53 50 49 42 38 34 31 27 24 20 17 
1 3 6 11 16 17 21 22 27 31 27 24 16 18 25 28 32 40 39 38 34 43 47 43 34 38 42 51 56 58 55 49 50 53 52 47 43 34 31 27 22 21 17 
1 4 7 8 6 11 16 24 27 31 34 38 39 40 56 58 55 49 50 53 52 47 43 34 38 39 40 41 61 62 66 63 58 55 49 50 53 52 47 43 34 38 39 33 30 24 20 17 
1 3 5 0 13 18 16 24 27 31 27 24 30 33 39 38 42 49 50 53 52 47 43 34 38 39 40 41 61 59 56 51 42 49 50 53 52 47 43 34 38 39 33 30 24 16 17 
---------------
Request id 15
41 40 56 58 63 66 62 54 46 48 57 48 44 48 46 54 62 66 63 58 56 59 56 40 32 28 26 23 24 20 
41 40 32 35 37 45 44 48 57 60 64 65 68 69 67 66 62 54 46 48 44 48 46 54 62 66 63 58 56 59 61 41 40 39 33 30 24 20 
41 46 48 57 60 64 65 54 62 61 41 46 48 44 45 37 35 32 40 56 59 56 51 42 38 34 31 27 24 20 
41 40 56 58 63 66 62 54 46 48 57 60 64 65 68 67 66 62 54 46 48 44 48 46 54 62 61 41 40 56 59 56 40 39 33 30 24 20 
41 40 56 59 61 62 54 46 48 57 60 64 65 54 46 48 44 48 46 41 40 56 59 56 40 32 28 26 23 24 20 
41 61 62 54 65 64 60 57 48 46 41 40 32 35 37 45 44 48 46 54 62 66 63 58 56 59 61 41 40 32 28 26 23 24 20 
41 46 54 65 64 60 57 60 64 65 54 46 41 40 32 35 37 45 44 45 37 35 32 40 41 61 59 56 40 39 38 34 31 27 24 20 
41 61 62 66 67 68 65 64 60 57 48 46 41 40 32 28 25 29 36 37 45 44 48 46 41 40 56 59 61 41 40 39 33 30 24 20 
41 40 56 59 61 62 54 65 64 60 57 60 64 65 68 69 67 66 62 54 46 48 44 48 46 54 65 68 67 66 62 61 59 56 40 32 28 25 18 16 24 20 
41 61 62 54 46 48 57 48 46 41 40 32 28 25 29 36 37 45 44 48 46 54 62 61 41 40 56 59 56 40 32 28 25 18 16 24 20 
41 40 56 59 61 62 54 46 48 57 60 64 65 54 62 61 41 46 48 44 48 46 54 62 61 59 61 41 40 39 33 30 24 20 
41 40 56 58 63 66 62 54 46 48 57 48 46 41 40 32 35 37 45 44 48 46 54 65 68 67 66 62 61 59 56 40 39 33 30 24 20 
41 46 54 62 66 67 68 65 64 60 57 48 46 54 62 61 41 40 32 35 37 45 44 48 57 60 64 65 54 62 61 59 56 40 32 28 26 23 24 20 
41 40 56 59 61 62 54 46 48 57 48 44 48 46 54 62 66 63 58 56 59 56 40 39 33 30 24 20 
41 46 54 62 66 67 68 65 64 60 57 48 46 41 40 32 28 25 29 36 37 45 44 45 37 35 32 40 41 61 59 56 51 42 38 34 31 27 24 20 
41 40 56 58 63 66 62 54 46 48 57 48 46 41 40 32 35 37 45 44 45 37 35 32 40 41 61 59 56 40 32 28 26 23 24 20 
41 61 62 66 67 68 65 64 60 57 48 46 41 40 32 35 37 45 44 48 57 60 64 65 54 62 61 59 56 40 32 28 25 18 16 17 20 
41 40 56 58 63 66 62 54 46 48 57 48 46 41 40 32 35 37 45 44 48 46 54 62 61 59 56 40 39 33 30 24 20 
41 40 56 58 63 66 62 54 46 48 57 48 46 41 40 32 28 25 29 36 37 45 44 48 57 60 64 65 54 62 61 59 61 41 40 39 33 30 24 20 
41 46 54 65 64 60 57 48 44 48 46 41 40 56 59 56 40 39 38 34 31 27 24 20 
41 46 48 57 60 64 65 54 62 61 41 46 48 44 48 46 54 62 61 41 40 56 59 56 40 39 33 30 24 20 
41 46 48 57 60 64 65 68 67 66 62 54 46 48 44 48 46 41 61 62 66 63 58 56 59 56 40 32 28 26 23 24 20 
41 61 62 54 46 48 57 60 64 65 54 46 41 40 32 35 37 45 44 48 46 41 61 62 66 63 58 56 59 56 40 39 33 30 24 20 
41 40 56 59 61 62 54 65 64 60 57 60 64 65 68 67 66 62 54 46 48 44 48 46 54 62 61 41 40 56 59 56 40 32 28 26 23 24 20 
41 61 62 54 65 64 60 57 48 46 41 40 32 35 37 45 44 48 46 54 65 68 67 66 62 61 59 56 40 39 38 34 31 27 24 20 
41 40 32 35 37 45 44 48 57 60 64 65 54 62 61 41 46 48 44 48 46 54 62 61 41 40 56 59 56 51 42 38 39 33 30 24 20 
41 61 62 66 67 68 65 64 60 57 60 64 65 54 46 48 44 48 46 54 62 61 41 40 56 59 56 40 39 33 30 24 20 
41 61 62 66 67 68 65 64 60 57 60 64 65 54 62 61 41 46 48 44 45 37 35 32 40 56 59 61 41 40 32 28 26 23 24 20 
41 61 62 54 65 64 60 57 60 64 65 54 46 48 44 48 46 41 61 62 66 63 58 56 59 56 40 32 28 25 18 16 17 20 
41 40 56 59 61 62 54 46 48 57 48 46 41 40 32 28 25 29 36 37 45 44 48 46 41 61 59 56 51 42 38 34 31 27 24 20 
41 61 62 54 46 48 57 48 46 54 62 61 41 40 32 35 37 45 44 45 37 35 32 40 56 59 56 40 32 28 25 18 16 17 20 
41 46 54 62 66 67 68 65 64 60 57 48 46 41 40 32 28 25 29 36 37 45 44 48 46 54 65 68 67 66 62 61 59 56 40 32 28 26 23 24 20 
41 61 62 66 67 68 65 64 60 57 60 64 65 68 67 66 62 61 41 46 48 44 45 37 35 32 40 41 61 59 56 51 42 38 39 33 30 24 20 
41 46 54 62 66 67 68 65 64 60 57 60 64 65 68 69 67 66 62 54 46 48 44 45 37 35 32 40 56 59 56 40 39 33 30 24 20 
41 61 62 54 65 64 60 57 60 64 65 68 69 67 66 62 54 46 48 44 48 46 41 61 59 61 41 40 32 28 26 23 24 20 
41 40 56 59 61 62 54 65 64 60 57 48 44 48 46 54 62 61 59 56 51 42 38 34 31 27 24 20 
41 46 54 65 64 60 57 60 64 65 68 67 66 62 61 41 46 48 44 48 57 60 64 65 54 62 61 59 56 40 32 28 26 23 24 20 
41 61 62 66 67 68 65 64 60 57 48 46 54 62 61 41 40 32 35 37 45 44 48 46 54 65 68 67 66 62 61 59 56 51 42 38 34 31 27 24 20 
41 46 54 65 64 60 57 48 46 41 40 32 35 37 45 44 48 46 41 61 59 56 40 32 28 25 18 16 17 20 
41 40 56 59 61 62 54 46 48 57 48 44 48 46 41 61 59 56 40 32 28 25 18 16 17 20 
---------------
Request id 13
16 17 21 22 27 31 34 43 47 52 47 43 34 38 42 49 50 49 55 58 63 66 62 61 59 56 51 42 
16 24 27 31 34 38 42 49 50 53 52 47 43 34 38 39 40 41 61 59 56 58 55 49 50 53 52 47 43 34 38 39 40 56 51 42 
16 24 27 31 34 43 47 52 47 43 34 38 42 49 50 49 42 
16 18 25 28 32 40 39 38 34 43 47 52 47 43 34 38 39 40 56 58 55 49 50 53 52 47 43 34 38 39 40 56 51 42 
16 17 20 24 27 31 34 43 47 52 47 43 34 38 39 40 41 61 59 56 58 55 49 50 49 55 58 56 40 39 38 42 
16 24 27 31 34 38 42 49 50 53 52 47 43 34 38 39 40 41 61 59 56 51 42 49 50 49 55 58 63 66 62 61 41 40 56 51 42 
16 17 20 24 30 33 39 38 34 43 47 52 47 43 34 38 39 40 41 61 59 56 51 42 49 50 49 55 58 56 40 39 38 42 
16 24 27 31 34 38 42 49 50 53 52 53 50 49 55 58 56 40 39 38 42 
16 24 30 33 39 40 56 51 42 49 50 53 52 47 43 34 38 39 40 41 61 59 56 58 55 49 50 53 52 47 43 34 31 27 24 30 33 39 38 42 
16 24 20 17 21 22 27 31 34 43 47 52 53 50 53 52 47 43 34 38 39 40 56 51 42 
16 24 30 33 39 38 34 43 47 52 47 43 34 38 42 51 56 58 55 49 50 49 42 
16 24 30 33 39 40 56 51 42 49 50 53 52 47 43 34 38 39 40 41 61 59 56 51 42 49 50 49 55 58 63 66 62 61 41 40 56 51 42 
16 24 30 33 39 38 34 43 47 52 47 43 34 38 39 40 56 58 55 49 50 49 55 58 63 66 62 61 41 40 56 51 42 
16 17 20 24 30 33 39 38 34 43 47 52 47 43 34 38 39 40 41 61 59 56 58 55 49 50 49 55 58 63 66 62 61 41 40 56 51 42 
16 24 30 33 39 38 42 49 50 53 52 47 43 34 38 42 49 50 49 42 
16 17 20 24 30 33 39 38 34 43 47 52 47 43 34 31 27 24 30 33 39 38 42 49 50 49 42 
16 24 30 33 39 38 42 49 50 53 52 47 43 34 38 39 40 41 61 59 56 58 55 49 50 49 55 58 63 66 62 61 41 40 39 38 42 
16 24 30 33 39 40 56 51 42 49 50 53 52 47 43 34 38 39 40 41 61 59 56 51 42 49 50 49 55 58 56 40 39 38 42 
16 24 27 31 34 43 47 52 47 43 34 38 39 40 56 51 42 49 50 53 52 47 43 34 38 39 40 56 51 42 
16 24 27 31 34 43 47 52 47 43 34 38 39 40 56 58 55 49 50 53 52 47 43 34 38 39 40 56 51 42 
16 17 20 24 30 33 39 38 34 43 47 52 47 43 34 38 39 40 41 61 62 66 63 58 55 49 50 53 52 47 43 34 38 42 
16 17 21 22 27 31 34 43 47 52 47 43 34 38 39 40 41 61 59 56 51 42 49 50 49 55 58 56 40 39 38 42 
16 17 20 24 27 31 34 43 47 52 47 43 34 38 42 49 50 53 52 47 43 34 38 42 
16 18 25 28 32 40 39 38 34 43 47 52 47 43 34 38 39 40 41 61 59 56 51 42 49 50 53 52 47 43 34 31 27 24 30 33 39 38 42 
16 24 20 17 21 22 27 31 34 43 47 52 53 50 49 55 58 63 66 62 61 41 40 39 38 42 
16 24 20 17 21 22 27 31 34 43 47 52 47 43 34 38 42 49 50 49 55 58 56 51 42 
16 24 30 33 39 38 34 43 47 52 47 43 34 38 39 40 41 61 59 56 58 55 49 50 53 52 47 43 34 31 27 24 30 33 39 38 42 
16 24 20 17 21 22 27 31 34 43 47 52 47 43 34 38 39 40 56 58 55 49 50 53 52 47 43 34 31 27 24 30 33 39 38 42 
16 24 27 31 34 43 47 52 47 43 34 31 27 24 30 33 39 38 42 49 50 53 52 47 43 34 31 27 24 30 33 39 38 42 
16 17 20 24 30 33 39 38 34 43 47 52 47 43 34 31 27 24 30 33 39 40 56 51 42 49 50 53 52 47 43 34 38 42 
16 24 30 33 39 38 34 43 47 52 47 43 34 38 42 49 50 49 55 58 56 59 61 41 40 39 38 42 
16 24 30 33 39 38 42 49 50 53 52 47 43 34 38 42 49 50 49 55 58 56 51 42 
16 24 30 33 39 38 34 43 47 52 47 43 34 31 27 24 30 33 39 40 56 51 42 49 50 49 42 
16 24 27 31 34 38 42 49 50 53 52 47 43 34 31 27 24 30 33 39 38 42 49 50 53 52 47 43 34 31 27 24 30 33 39 38 42 
16 24 20 17 21 22 27 31 34 43 47 52 53 50 53 52 47 43 34 38 42 
16 24 30 33 39 40 56 51 42 49 50 53 52 47 43 34 38 39 40 56 51 42 49 50 49 55 58 56 40 39 38 42 
16 18 25 28 32 40 39 38 34 43 47 52 47 43 34 38 39 40 56 58 55 49 50 53 52 47 43 34 38 42 
16 24 30 33 39 38 42 49 50 53 52 47 43 34 31 27 24 30 33 39 38 42 49 50 49 42 
16 24 30 33 39 38 34 43 47 52 47 43 34 31 27 24 30 33 39 40 56 51 42 49 50 53 52 47 43 34 31 27 24 30 33 39 38 42 
16 24 30 33 39 40 56 51 42 49 50 53 52 47 43 34 31 27 24 30 33 39 38 42 49 50 49 55 58 63 66 62 61 41 40 56 51 42 
---------------
Request id 4
5 0 13 18 25 28 32 35 37 45 44 48 46 54 65 64 60 57 60 64 65 54 62 61 41 40 32 
5 0 2 9 15 19 29 36 37 45 44 45 37 35 32 40 41 46 54 65 64 60 57 48 46 41 61 59 56 40 32 
5 0 13 18 25 29 36 37 45 44 48 46 54 65 64 60 57 60 64 65 54 62 61 41 40 32 
5 3 13 18 25 28 32 35 37 45 44 48 46 54 62 66 67 68 65 64 60 57 60 64 65 54 46 41 40 32 
5 3 6 11 13 18 25 29 36 37 45 44 48 46 41 61 62 54 65 64 60 57 60 64 65 54 62 61 41 40 32 
5 0 13 18 15 19 29 36 37 45 44 45 37 35 32 40 41 61 62 54 46 48 57 48 46 41 40 32 
5 3 6 11 13 18 25 29 36 37 45 44 45 37 35 32 40 41 46 48 57 48 44 45 37 35 32 
5 3 6 11 13 18 25 29 36 37 45 44 45 37 35 32 40 41 46 54 65 64 60 57 48 44 45 37 36 29 25 28 32 
5 0 2 9 15 19 29 36 37 45 44 45 37 35 32 40 41 46 48 57 60 64 65 54 46 41 40 32 
5 0 2 9 15 19 29 36 37 45 44 45 37 35 32 40 56 59 61 41 46 48 57 48 46 41 40 32 
5 3 13 18 25 29 36 37 45 44 45 37 36 29 25 28 32 40 41 46 48 57 48 46 54 62 66 63 58 56 40 32 
5 0 13 18 15 19 29 36 37 45 44 45 37 35 32 40 56 59 61 41 46 48 57 48 44 45 37 35 32 
5 0 13 18 15 19 29 36 37 45 44 45 37 36 29 25 28 32 40 41 46 48 57 48 46 54 62 61 59 56 40 32 
5 0 13 18 25 28 32 35 37 45 44 45 37 36 29 25 28 32 40 41 46 48 57 60 64 65 54 62 61 59 56 40 32 
5 3 13 18 25 29 36 37 45 44 48 46 41 61 62 54 65 64 60 57 48 46 54 62 66 63 58 56 40 32 
5 0 2 9 15 19 29 36 37 45 44 48 46 54 65 64 60 57 60 64 65 54 62 61 41 40 32 
5 3 6 11 13 18 25 29 36 37 45 44 48 46 41 61 62 54 65 64 60 57 48 46 54 62 66 63 58 56 40 32 
5 0 13 18 25 29 36 37 45 44 45 37 35 32 40 41 61 62 54 46 48 57 48 46 54 62 61 41 40 32 
5 3 6 11 13 18 25 29 36 37 45 44 48 57 48 46 54 62 61 41 40 32 
5 0 13 18 25 29 36 37 45 44 45 37 36 29 25 28 32 40 41 46 48 57 48 46 41 61 59 56 40 32 
5 0 2 9 15 19 29 36 37 45 44 48 57 60 64 65 54 62 61 41 40 32 
5 0 13 18 25 29 36 37 45 44 45 37 35 32 40 41 61 62 54 46 48 57 48 44 45 37 35 32 
5 0 13 18 25 29 36 37 45 44 48 46 54 62 66 67 69 68 65 64 60 57 48 46 41 40 32 
5 3 13 18 25 29 36 37 45 44 48 46 54 62 66 67 69 68 65 64 60 57 48 46 54 62 61 41 40 32 
5 0 13 18 15 19 29 36 37 45 44 48 46 41 61 62 54 65 64 60 57 60 64 65 54 62 61 41 40 32 
5 0 2 9 15 19 29 36 37 45 44 48 46 54 62 66 67 68 65 64 60 57 48 44 45 37 35 32 
5 3 6 11 13 18 25 29 36 37 45 44 48 46 54 65 64 60 57 48 46 54 62 66 63 58 56 40 32 
5 0 13 18 25 29 36 37 45 44 48 57 48 46 41 61 59 56 40 32 
5 3 6 11 13 18 25 29 36 37 45 44 45 37 35 32 40 41 61 62 54 46 48 57 48 44 45 37 36 29 25 28 32 
5 0 2 9 15 18 25 29 36 37 45 44 45 37 36 29 25 28 32 40 41 46 48 57 48 46 41 40 32 
5 0 2 9 15 18 25 29 36 37 45 44 45 37 35 32 40 41 46 48 57 48 46 41 61 59 56 40 32 
5 0 13 18 25 28 32 35 37 45 44 45 37 35 32 40 56 59 61 41 46 48 57 48 46 54 62 61 59 56 40 32 
5 0 2 9 15 18 25 29 36 37 45 44 45 37 36 29 25 28 32 40 41 46 48 57 48 44 45 37 35 32 
5 0 2 9 15 19 29 36 37 45 44 45 37 35 32 40 56 59 61 41 46 48 57 48 44 45 37 35 32 
5 0 13 18 25 28 32 35 37 45 44 48 46 54 62 66 67 69 68 65 64 60 57 48 46 54 62 61 41 40 32 
5 0 13 18 25 28 32 35 37 45 44 45 37 35 32 40 41 46 54 65 64 60 57 48 44 45 37 35 32 
5 0 13 18 15 19 29 36 37 45 44 45 37 35 32 40 56 59 61 41 46 48 57 60 64 65 54 62 61 41 40 32 
5 3 13 11 16 18 25 29 36 37 45 44 45 37 35 32 40 56 59 61 41 46 48 57 60 64 65 54 46 41 40 32 
5 0 13 18 25 29 36 37 45 44 48 46 54 65 64 60 57 48 46 54 62 61 59 56 40 32 
5 3 13 11 16 18 25 29 36 37 45 44 45 37 35 32 40 41 46 54 65 64 60 57 48 46 54 62 66 63 58 56 40 32 
---------------
Request id 7
68 67 69 71 72 73 74 70 64 65 54 62 61 41 40 56 58 
68 67 69 71 72 73 74 70 64 65 68 69 67 66 63 58 
68 65 64 70 64 65 54 46 41 61 59 56 58 
68 69 67 66 62 54 46 48 57 60 64 70 64 65 68 69 67 66 63 58 
68 67 69 71 72 73 74 70 64 65 68 67 66 63 58 
68 69 71 72 73 74 70 64 65 54 62 66 63 58 
68 69 71 72 73 74 70 64 60 57 48 46 41 40 56 58 
68 65 64 70 64 60 57 48 46 41 40 56 58 
68 65 54 62 61 41 46 48 57 60 64 70 74 73 72 71 69 67 66 63 58 
68 67 66 62 54 46 48 57 60 64 70 64 65 54 46 41 61 59 56 58 
68 67 66 62 61 41 46 54 65 64 70 64 65 54 46 41 61 59 56 58 
68 65 54 62 61 41 46 48 57 60 64 70 64 65 68 69 67 66 63 58 
68 65 54 46 48 57 60 64 70 64 65 54 62 66 63 58 
68 67 66 62 54 46 48 57 60 64 70 64 65 54 62 61 59 56 58 
68 69 67 66 62 54 65 64 70 64 65 54 62 66 63 58 
68 65 54 62 61 41 46 48 57 60 64 70 64 65 54 46 41 40 56 58 
68 65 64 70 64 65 68 67 66 63 58 
68 65 54 46 48 57 60 64 70 64 65 54 62 61 59 56 58 
68 65 54 62 61 41 46 48 57 60 64 70 64 65 68 67 66 63 58 
68 67 69 71 72 73 74 70 74 73 72 71 69 67 66 63 58 
68 69 71 72 73 74 70 64 65 54 46 41 61 59 56 58 
68 67 66 62 54 46 48 57 60 64 70 64 65 54 46 41 40 56 58 
68 69 71 72 73 74 70 64 65 68 69 67 66 63 58 
68 67 69 71 72 73 74 70 64 65 54 46 41 61 59 56 58 
68 67 69 71 72 73 74 70 64 65 54 62 61 59 56 58 
68 67 66 62 54 65 64 70 64 65 68 69 67 66 63 58 
68 65 54 46 48 57 60 64 70 64 65 54 62 61 41 40 56 58 
68 67 66 62 61 41 46 54 65 64 70 64 65 68 67 66 62 61 59 56 58 
68 69 67 66 62 54 46 48 57 60 64 70 64 65 68 67 66 63 58 
68 69 71 72 73 74 70 64 65 68 67 66 63 58 
68 67 66 62 54 46 48 57 60 64 70 74 73 72 71 69 67 66 63 58 
68 69 67 66 62 54 46 48 57 60 64 70 64 65 54 62 61 41 40 56 58 
68 69 67 66 62 54 65 64 70 64 60 57 48 46 41 40 56 58 
68 69 67 66 62 54 65 64 70 64 65 54 46 41 40 56 58 
68 67 66 62 54 46 48 57 60 64 70 64 65 68 67 66 62 61 59 56 58 
68 67 66 62 54 65 64 70 64 65 54 46 41 40 56 58 
68 69 67 66 62 54 65 64 70 64 65 54 46 41 61 59 56 58 
68 69 67 66 62 54 46 48 57 60 64 70 64 65 54 46 41 40 56 58 
68 69 71 72 73 74 70 64 65 68 67 66 62 61 59 56 58 
68 65 54 46 48 57 60 64 70 64 65 68 67 66 63 58 
---------------
Request id 18
49 42 38 39 40 41 61 62 66 63 58 55 49 50 53 52 47 43 34 38 42 51 56 59 61 62 54 65 68 69 71 72 73 72 71 69 67 66 62 54 46 41 40 
49 55 58 56 51 56 58 63 66 67 69 71 72 73 72 71 69 67 66 62 54 46 41 40 
49 42 38 39 40 41 61 59 56 58 55 58 56 59 61 41 40 39 38 42 51 42 49 55 58 63 66 67 69 71 72 73 74 70 64 65 54 46 41 40 
49 42 51 56 40 41 61 62 66 63 58 55 58 63 66 62 61 41 40 56 51 56 59 61 41 46 54 65 64 70 74 73 72 71 69 68 65 54 46 41 40 
49 42 51 56 58 55 58 63 66 62 61 41 40 56 51 56 58 63 66 62 54 65 64 70 74 73 72 71 69 67 66 62 61 59 56 40 
49 42 51 56 40 41 46 54 62 66 63 58 55 58 63 66 62 61 41 40 56 51 56 58 63 66 67 69 71 72 73 72 71 69 68 67 66 63 58 56 40 
49 42 38 39 40 41 61 62 66 63 58 55 58 56 59 61 41 40 39 38 42 51 56 40 41 46 54 65 64 70 74 73 72 71 69 67 68 65 54 46 41 40 
49 42 38 39 40 41 61 62 66 63 58 55 58 56 51 56 58 63 66 67 69 71 72 73 74 70 64 60 57 48 46 41 40 
49 42 51 56 40 41 46 54 62 66 63 58 55 49 50 53 52 47 43 34 38 42 51 56 58 63 66 67 68 69 71 72 73 72 71 69 67 66 63 58 56 40 
49 42 51 56 40 41 46 54 62 66 63 58 55 58 63 66 62 54 46 41 40 56 51 56 59 61 62 54 65 64 70 74 73 72 71 69 67 66 63 58 56 40 
49 42 51 56 40 41 46 54 62 66 63 58 55 58 56 40 39 38 42 51 56 59 61 41 46 54 65 64 70 74 73 72 71 69 67 66 62 54 46 41 40 
49 50 53 52 47 43 34 38 42 51 56 58 55 49 50 53 52 47 43 34 38 42 51 56 59 61 41 46 54 65 64 70 74 73 74 70 64 65 54 62 61 41 40 
49 50 53 52 47 43 34 38 42 51 56 58 55 49 42 51 56 58 63 66 67 68 69 71 72 73 74 70 64 60 57 48 46 41 40 
49 42 51 56 40 41 46 54 62 66 63 58 55 58 56 40 39 38 42 51 56 59 61 41 46 54 65 64 70 74 73 72 71 69 67 66 62 61 41 40 
49 42 38 39 40 56 58 55 58 63 66 62 54 46 41 40 56 51 56 59 61 62 66 67 69 71 72 73 72 71 69 67 66 62 54 46 41 40 
49 42 38 39 40 41 46 54 62 66 63 58 55 49 42 38 39 40 41 61 59 56 51 56 59 61 62 54 65 68 69 71 72 73 72 71 69 67 66 62 54 46 41 40 
49 42 51 56 58 55 58 56 59 61 41 40 39 38 42 51 56 59 61 41 46 54 65 64 70 74 73 74 70 64 60 57 48 46 41 40 
49 42 38 39 40 41 61 59 56 58 55 58 56 51 42 49 55 58 63 66 67 69 71 72 73 72 71 69 68 67 66 63 58 56 40 
49 42 38 39 40 56 58 55 49 42 51 56 58 63 66 67 69 71 72 73 72 71 69 67 66 62 61 41 40 
49 42 51 56 40 41 46 54 62 66 63 58 55 58 63 66 62 54 46 41 40 56 51 56 40 41 46 54 65 64 70 74 73 74 70 64 65 54 62 61 41 40 
49 42 51 56 58 55 49 50 53 52 47 43 34 38 42 51 56 59 61 62 54 65 64 70 74 73 72 71 69 67 68 65 54 46 41 40 
49 42 51 56 58 55 49 42 38 39 40 56 51 56 40 41 46 54 65 64 70 74 73 72 71 69 68 67 66 63 58 56 40 
49 50 53 52 47 43 34 38 42 51 56 58 55 49 42 38 39 40 56 51 42 49 55 58 63 66 67 69 71 72 73 72 71 69 67 66 62 61 41 40 
49 42 38 39 40 41 61 59 56 58 55 49 42 38 39 40 56 51 56 58 63 66 62 54 65 64 70 74 73 74 70 64 60 57 48 46 41 40 
49 50 53 52 47 43 34 38 42 51 56 58 55 49 42 38 39 40 41 61 59 56 51 56 59 61 62 54 65 68 69 71 72 73 72 71 69 67 66 62 61 59 56 40 
49 42 38 39 40 56 58 55 58 56 59 61 41 40 39 38 42 51 56 59 61 62 54 65 64 70 74 73 72 71 69 67 66 62 61 59 56 40 
49 55 49 42 51 56 40 41 46 54 65 64 70 74 73 72 71 69 67 66 62 61 41 40 
49 42 51 56 59 61 62 66 63 58 55 58 63 66 62 61 41 40 56 51 56 59 61 41 46 54 65 64 70 74 73 72 71 69 67 66 63 58 56 40 
49 42 38 39 40 41 61 62 66 63 58 55 49 42 51 56 58 63 66 67 69 71 72 73 72 71 69 67 66 62 61 59 56 40 
49 55 49 42 51 42 49 55 58 63 66 67 69 71 72 73 72 71 69 68 67 66 63 58 56 40 
49 42 38 39 40 56 58 55 58 56 40 39 38 42 51 56 59 61 41 46 54 65 64 70 74 73 74 70 64 65 54 46 41 40 
49 42 38 39 40 41 61 59 56 58 55 49 42 38 39 40 56 51 56 58 63 66 62 54 65 64 70 74 73 72 71 69 68 65 54 46 41 40 
49 42 38 39 40 41 61 62 66 63 58 55 49 50 53 52 47 43 34 38 42 51 56 58 63 66 67 68 69 71 72 73 72 71 69 67 66 62 61 41 40 
49 42 38 39 40 41 61 62 66 63 58 55 49 42 51 56 58 63 66 62 54 65 64 70 74 73 72 71 69 68 65 54 46 41 40 
49 42 38 39 40 56 58 55 49 42 38 39 40 41 61 59 56 51 56 40 41 46 54 65 64 70 74 73 74 70 64 65 54 62 61 41 40 
49 42 38 39 40 56 58 55 58 63 66 62 61 59 56 51 56 58 63 66 67 68 69 71 72 73 74 70 64 65 54 46 41 40 
49 42 51 56 40 41 46 54 62 66 63 58 55 58 56 51 56 59 61 41 46 54 65 64 70 74 73 72 71 69 68 67 66 63 58 56 40 
49 42 38 39 40 41 46 54 62 66 63 58 55 49 42 38 39 40 41 61 59 56 51 56 40 41 46 54 65 64 70 74 73 72 71 69 68 67 66 63 58 56 40 
49 42 51 56 58 55 49 42 51 56 40 41 46 54 65 64 70 74 73 72 71 69 67 68 65 54 46 41 40 
49 42 51 56 40 41 46 54 62 66 63 58 55 49 42 38 39 40 41 61 59 56 51 56 58 63 66 67 69 71 72 73 72 71 69 67 68 65 54 46 41 40 
---------------
Request id 12
69 71 69 67 66 63 58 55 49 42 38 34 
69 67 68 65 54 46 48 57 60 64 70 74 73 72 71 69 67 66 62 54 46 41 40 39 38 34 
69 68 67 66 62 54 65 64 70 74 73 72 71 69 67 66 62 61 41 40 39 38 34 
69 67 66 62 54 46 48 57 60 64 70 74 73 72 71 69 67 66 62 61 41 40 39 38 34 
69 67 68 65 64 70 74 73 72 71 69 67 66 63 58 56 40 39 38 34 
69 67 66 62 61 41 46 54 65 64 70 74 73 72 71 69 67 66 62 54 46 41 40 39 38 34 
69 67 68 65 64 70 74 73 72 71 69 67 66 62 61 41 40 39 38 34 
69 67 68 65 64 70 74 73 72 71 69 67 66 63 58 55 49 42 38 34 
69 67 66 62 54 65 64 70 74 73 72 71 69 67 66 63 58 56 40 39 38 34 
69 71 69 67 66 62 61 59 56 51 42 38 34 
69 68 65 54 46 48 57 60 64 70 74 73 72 71 69 67 66 62 61 59 56 51 42 38 34 
69 71 69 67 66 62 54 46 41 40 39 38 34 
69 67 66 62 54 65 64 70 74 73 72 71 69 68 65 54 46 41 40 39 38 34 
69 68 65 54 46 48 57 60 64 70 74 73 72 71 69 68 67 66 63 58 55 49 42 38 34 
69 68 65 54 46 48 57 60 64 70 74 73 72 71 69 67 66 62 61 41 40 39 38 34 
69 68 67 66 62 54 46 48 57 60 64 70 74 73 72 71 69 67 66 63 58 55 49 42 38 34 
69 68 67 66 62 54 65 64 70 74 73 72 71 69 68 65 54 46 41 40 39 38 34 
69 71 69 68 65 54 46 41 40 39 38 34 
69 67 68 65 54 46 48 57 60 64 70 74 73 72 71 69 67 66 63 58 56 51 42 38 34 
69 67 68 65 64 70 74 73 72 71 69 67 68 65 54 46 41 40 39 38 34 
69 71 69 67 66 63 58 56 51 42 38 34 
69 67 68 65 54 46 48 57 60 64 70 74 73 72 71 69 68 67 66 63 58 55 49 42 38 34 
69 67 66 62 61 41 46 54 65 64 70 74 73 72 71 69 67 66 62 61 59 56 51 42 38 34 
69 68 65 64 70 74 73 72 71 69 67 66 63 58 56 51 42 38 34 
69 67 68 65 54 46 48 57 60 64 70 74 73 72 71 69 68 67 66 62 61 41 40 39 38 34 
69 67 68 65 54 46 48 57 60 64 70 74 73 72 71 69 67 66 63 58 56 40 39 38 34 
69 68 65 54 46 48 57 60 64 70 74 73 72 71 69 67 66 63 58 56 40 39 38 34 
69 67 66 62 61 41 46 54 65 64 70 74 73 72 71 69 67 68 65 54 46 41 40 39 38 34 
69 67 66 62 54 46 48 57 60 64 70 74 73 72 71 69 67 66 63 58 56 40 39 38 34 
69 67 68 65 64 70 74 73 72 71 69 68 67 66 63 58 55 49 42 38 34 
69 71 69 68 67 66 63 58 55 49 42 38 34 
69 68 67 66 62 54 65 64 70 74 73 72 71 69 67 66 63 58 56 51 42 38 34 
69 71 69 68 67 66 62 61 41 40 39 38 34 
69 67 68 65 54 46 48 57 60 64 70 74 73 72 71 69 67 66 62 61 59 56 51 42 38 34 
69 68 67 66 62 54 46 48 57 60 64 70 74 73 72 71 69 67 66 63 58 56 51 42 38 34 
69 68 65 64 70 74 73 72 71 69 67 66 63 58 55 49 42 38 34 
69 67 66 62 54 46 48 57 60 64 70 74 73 72 71 69 67 66 62 54 46 41 40 39 38 34 
69 68 65 64 70 74 73 72 71 69 67 66 63 58 56 40 39 38 34 
69 68 65 54 46 48 57 60 64 70 74 73 72 71 69 67 66 62 54 46 41 40 39 38 34 
69 67 66 62 54 46 48 57 60 64 70 74 73 72 71 69 67 66 63 58 55 49 42 38 34 
---------------
Request id 17
17 16 11 13 18 25 29 36 37 35 32 40 41 46 48 44 48 46 41 40 56 58 55 49 42 51 56 59 61 62 
17 16 18 25 29 36 37 45 44 48 46 41 40 56 51 42 49 55 58 56 59 61 62 
17 16 18 25 29 36 37 45 44 48 46 41 40 39 38 42 51 56 59 61 62 
17 16 11 13 18 15 19 29 36 37 35 32 40 56 59 61 41 46 48 44 45 37 35 32 40 56 51 42 38 39 40 56 59 61 62 
17 16 18 25 29 36 29 19 15 18 25 28 32 35 37 45 44 48 46 41 40 56 51 42 38 39 40 56 59 61 62 
17 14 12 11 16 18 25 29 36 37 45 44 48 46 41 61 62 66 63 58 56 51 56 40 41 46 54 62 
17 16 18 25 29 36 29 25 28 32 40 41 46 48 44 48 46 41 61 59 56 51 42 38 39 40 41 61 62 
17 16 18 25 29 36 29 25 28 32 35 37 45 44 48 46 41 40 39 38 42 51 56 59 61 62 
17 20 24 23 26 28 25 29 36 37 45 44 48 46 54 62 61 59 56 51 42 49 55 58 56 59 61 62 
17 20 24 16 18 25 29 36 37 35 32 40 56 59 61 41 46 48 44 48 46 41 61 62 66 63 58 56 51 56 58 63 66 62 
17 16 24 23 26 28 25 29 36 29 25 28 32 40 41 46 48 44 48 46 41 61 59 56 51 56 59 61 41 46 54 62 
17 20 24 16 18 25 29 36 37 35 32 40 41 46 48 44 48 46 54 62 61 59 56 51 56 40 41 46 54 62 
17 20 24 23 26 28 25 29 36 37 45 44 48 46 41 40 56 51 56 59 61 41 46 54 62 
17 16 11 13 18 15 19 29 36 29 19 15 18 25 28 32 35 37 45 44 48 46 41 40 56 51 56 40 41 46 54 62 
17 20 24 23 26 28 25 29 36 29 19 15 18 25 28 32 35 37 45 44 45 37 35 32 40 39 38 42 51 42 38 39 40 56 59 61 62 
17 14 12 11 13 18 25 29 36 37 35 32 40 56 59 61 62 54 46 48 44 48 46 41 61 62 66 63 58 56 51 42 49 55 58 56 59 61 62 
17 14 12 11 16 18 25 29 36 37 35 32 40 41 61 62 54 46 48 44 48 46 41 61 62 66 63 58 56 51 56 40 41 46 54 62 
17 16 18 15 19 29 36 37 35 32 40 56 59 61 41 46 48 44 48 46 41 40 56 58 55 49 42 51 42 38 39 40 41 46 54 62 
17 16 11 13 18 15 19 29 36 37 35 32 40 56 59 61 62 54 46 48 44 48 46 41 40 39 38 42 51 42 38 39 40 56 59 61 62 
17 16 18 25 28 32 35 37 36 29 19 15 18 25 28 32 35 37 45 44 48 46 41 61 59 56 51 56 40 41 46 54 62 
17 14 12 11 13 18 25 29 36 37 45 44 48 46 41 61 59 56 51 56 40 41 61 62 
17 16 18 25 29 36 37 35 32 40 41 46 48 44 48 46 54 62 61 41 40 56 51 42 38 39 40 41 46 54 62 
17 16 18 15 19 29 36 37 35 32 40 56 59 61 41 46 48 44 45 37 35 32 40 39 38 42 51 56 40 41 61 62 
17 16 18 15 19 29 36 37 45 44 45 37 35 32 40 56 51 56 40 41 46 54 62 
17 20 24 23 26 28 25 29 36 29 25 28 32 40 56 59 61 41 46 48 44 48 46 41 40 56 58 55 49 42 51 42 38 39 40 41 61 62 
17 14 12 11 13 18 25 29 36 29 19 15 18 25 28 32 40 41 46 48 44 48 46 41 61 62 66 63 58 56 51 56 40 41 46 54 62 
17 16 18 25 29 36 29 19 15 18 25 28 32 40 41 46 48 44 48 46 54 62 61 41 40 56 51 56 40 41 61 62 
17 16 11 13 18 15 19 29 36 29 25 28 32 35 37 45 44 45 37 35 32 40 39 38 42 51 42 38 39 40 41 46 54 62 
17 20 24 23 26 28 25 29 36 29 25 28 32 35 37 45 44 45 37 35 32 40 56 51 56 40 41 61 62 
17 20 24 16 18 25 29 36 37 35 32 40 41 46 48 44 48 46 41 40 39 38 42 51 56 40 41 61 62 
17 16 18 15 19 29 36 37 35 32 40 56 59 61 41 46 48 44 48 46 41 40 56 58 55 49 42 51 42 49 55 58 56 59 61 62 
17 16 18 25 29 36 29 25 28 32 40 41 46 48 44 48 46 54 62 61 59 56 51 42 49 55 58 56 59 61 62 
17 14 12 11 16 18 25 29 36 37 35 32 40 56 59 61 41 46 48 44 48 46 54 62 61 41 40 56 51 56 59 61 62 
17 14 12 11 13 18 25 29 36 29 25 28 32 35 37 45 44 48 46 41 61 59 56 51 42 38 39 40 56 59 61 62 
17 20 24 16 18 25 29 36 37 45 44 48 46 54 62 61 59 56 51 56 59 61 62 
17 20 24 16 18 25 29 36 37 35 32 40 56 59 61 41 46 48 44 48 46 54 62 61 59 56 51 56 59 61 62 
17 16 11 13 18 25 29 36 37 35 32 40 41 61 62 54 46 48 44 48 46 54 62 61 41 40 56 51 42 38 39 40 41 61 62 
17 16 18 15 19 29 36 29 25 28 32 35 37 45 44 48 46 54 62 61 59 56 51 42 38 39 40 41 61 62 
17 16 18 25 28 32 35 37 36 29 25 28 32 40 41 46 48 44 45 37 35 32 40 39 38 42 51 56 59 61 41 46 54 62 
17 14 12 11 16 18 25 29 36 29 19 15 18 25 28 32 40 41 46 48 44 48 46 41 61 62 66 63 58 56 51 42 49 55 58 63 66 62 
---------------
Request id 16
21 22 27 31 34 38 39 40 41 46 54 65 64 70 74 73 74 70 64 65 54 46 41 40 32 28 26 
21 22 27 31 34 38 39 40 41 46 54 65 68 69 71 72 73 72 71 69 67 66 62 61 41 40 32 28 26 
21 17 16 18 25 28 32 40 41 46 54 65 64 70 74 73 72 71 69 68 65 54 46 41 40 32 28 26 
21 22 27 24 30 33 39 40 41 61 62 54 65 64 70 74 73 74 70 64 60 57 48 44 45 37 35 32 28 26 
21 22 27 31 34 38 39 40 41 46 54 65 68 69 71 72 73 72 71 69 67 66 63 58 56 40 32 28 26 
21 17 16 24 30 33 39 40 41 46 54 65 68 69 71 72 73 74 70 64 65 54 62 61 41 40 32 28 26 
21 17 16 24 30 33 39 40 41 46 54 65 64 70 74 73 72 71 69 68 65 54 46 41 40 32 28 26 
21 22 27 31 34 38 39 40 41 46 54 65 64 70 74 73 74 70 64 65 54 62 61 41 40 32 28 26 
21 22 27 24 30 33 39 40 41 61 62 54 65 64 70 74 73 72 71 69 68 65 54 46 41 40 32 28 26 
21 17 16 18 25 28 32 40 41 46 54 65 64 70 74 73 74 70 64 65 54 46 41 40 32 28 26 
21 17 16 24 30 33 39 40 41 46 54 65 64 70 74 73 74 70 64 65 54 62 61 41 40 32 28 26 
21 17 16 18 25 28 32 40 41 46 54 65 64 70 74 73 74 70 64 60 57 48 46 41 40 32 28 26 
21 17 16 18 25 28 32 40 56 58 63 66 67 69 71 72 73 74 70 64 65 54 62 61 41 40 32 28 26 
21 22 27 24 30 33 39 40 41 46 54 65 64 70 74 73 74 70 64 65 54 62 61 41 40 32 28 26 
21 17 16 24 30 33 39 40 41 46 54 65 68 69 71 72 73 72 71 69 68 67 66 63 58 56 40 32 28 26 
21 17 16 18 25 28 32 40 41 46 54 65 64 70 74 73 72 71 69 68 67 66 63 58 56 40 32 28 26 
21 17 16 24 30 33 39 40 41 46 54 65 64 70 74 73 74 70 64 65 54 46 41 40 32 28 26 
21 22 27 31 34 38 39 40 41 46 54 65 68 69 71 72 73 74 70 64 60 57 48 46 41 40 32 28 26 
21 17 16 24 30 33 39 40 41 46 54 65 64 70 74 73 72 71 69 67 66 63 58 56 40 32 28 26 
21 22 27 31 34 38 39 40 41 46 54 65 64 70 74 73 72 71 69 68 67 66 63 58 56 40 32 28 26 
21 22 27 24 30 33 39 40 41 46 54 65 64 70 74 73 72 71 69 68 65 54 46 41 40 32 28 26 
21 17 16 18 25 28 32 40 56 58 63 66 67 69 71 72 73 72 71 69 68 65 54 46 41 40 32 28 26 
21 22 27 31 34 38 39 40 41 46 54 65 64 70 74 73 72 71 69 68 65 54 46 41 40 32 28 26 
21 22 27 24 30 33 39 40 41 46 54 65 64 70 74 73 74 70 64 60 57 48 46 41 40 32 28 26 
21 17 16 24 30 33 39 40 41 46 54 65 68 69 71 72 73 72 71 69 67 66 63 58 56 40 32 28 26 
21 17 16 24 30 33 39 40 41 46 54 65 68 69 71 72 73 74 70 64 65 54 46 41 40 32 28 26 
21 22 27 24 30 33 39 40 41 61 62 54 65 64 70 74 73 74 70 64 65 54 62 61 41 40 32 28 26 
21 17 16 18 25 28 32 40 56 58 63 66 67 69 71 72 73 72 71 69 67 66 62 61 41 40 32 28 26 
21 22 27 31 34 38 39 40 41 46 54 65 68 69 71 72 73 74 70 64 65 54 46 41 40 32 28 26 
21 17 16 24 30 33 39 40 41 46 54 65 64 70 74 73 74 70 64 60 57 48 46 41 40 32 28 26 
21 22 27 24 30 33 39 40 41 46 54 65 64 70 74 73 74 70 64 65 54 46 41 40 32 28 26 
21 17 16 24 30 33 39 40 41 46 54 65 64 70 74 73 72 71 69 67 68 65 54 46 41 40 32 28 26 
21 17 16 18 25 28 32 40 41 61 62 66 67 69 71 72 73 72 71 69 67 66 63 58 56 40 32 28 26 
21 17 16 18 25 28 32 40 56 58 63 66 67 69 71 72 73 74 70 64 60 57 48 46 41 40 32 28 26 
21 22 27 24 30 33 39 40 41 46 54 65 64 70 74 73 72 71 69 67 68 65 54 46 41 40 32 28 26 
21 17 16 18 25 28 32 40 41 46 54 65 64 70 74 73 72 71 69 67 66 62 61 41 40 32 28 26 
21 17 16 18 25 28 32 40 41 61 62 66 67 69 71 72 73 72 71 69 67 68 65 54 46 41 40 32 28 26 
21 22 27 31 34 38 39 40 41 46 54 65 64 70 74 73 72 71 69 67 68 65 54 46 41 40 32 28 26 
21 17 16 24 30 33 39 40 41 46 54 65 68 69 71 72 73 72 71 69 68 65 54 46 41 40 32 28 26 
21 22 27 31 34 38 39 40 41 46 54 65 68 69 71 72 73 74 70 64 65 54 62 61 41 40 32 28 26 
---------------
Request id 1
6 3 13 11 16 24 27 31 34 38 42 51 56 58 63 66 62 61 
6 11 16 17 21 22 27 31 34 38 42 51 56 58 63 66 62 61 
6 8 10 12 11 16 24 27 31 34 38 39 40 41 61 
6 11 12 14 17 20 24 27 31 34 38 42 51 56 59 61 
6 3 13 11 16 24 27 31 34 38 39 40 56 59 61 
6 11 16 17 20 24 27 31 34 38 42 51 56 40 41 61 
6 11 13 18 16 24 27 31 27 24 23 26 28 32 40 41 61 
6 11 16 24 27 31 27 24 30 33 39 40 41 61 
6 11 12 14 17 16 24 27 31 27 24 30 33 39 40 56 59 61 
6 3 13 11 16 24 27 31 27 24 30 33 39 40 56 59 61 
6 11 16 24 27 31 34 38 39 40 41 61 
6 3 13 11 16 24 27 31 27 24 23 26 28 32 40 41 61 
6 8 10 12 11 16 24 27 31 27 24 30 33 39 40 41 61 
6 11 12 14 17 21 22 27 31 27 24 23 26 28 32 40 41 61 
6 11 16 17 20 24 27 31 34 38 42 51 56 58 63 66 62 61 
6 11 12 14 17 20 24 27 31 34 38 39 40 41 61 
6 11 12 14 17 16 24 27 31 34 38 42 51 56 59 61 
6 11 12 14 17 20 24 27 31 34 38 42 51 56 58 63 66 62 61 
6 11 12 14 17 21 22 27 31 34 38 39 40 41 46 54 62 61 
6 11 16 17 20 24 27 31 34 38 39 40 56 59 61 
6 8 10 12 11 16 24 27 31 34 38 42 49 55 58 56 59 61 
6 11 16 24 27 31 27 24 30 33 39 40 56 59 61 
6 11 12 14 17 16 24 27 31 34 38 39 40 41 46 54 62 61 
6 3 13 18 16 24 27 31 27 24 30 33 39 40 56 59 61 
6 11 16 24 27 31 34 38 42 51 56 40 41 61 
6 11 16 24 27 31 34 38 42 51 56 59 61 
6 8 10 12 11 16 24 27 31 27 24 30 33 39 40 56 59 61 
6 11 16 17 20 24 27 31 34 38 42 49 55 58 56 59 61 
6 3 13 18 16 24 27 31 27 24 30 33 39 40 41 61 
6 3 13 11 16 24 27 31 34 38 39 40 41 61 
6 11 16 17 21 22 27 31 27 24 30 33 39 40 56 59 61 
6 11 12 14 17 20 24 27 31 27 24 23 26 28 32 40 41 61 
6 11 12 14 17 16 24 27 31 34 38 42 51 56 58 63 66 62 61 
6 8 10 12 11 16 24 27 31 27 24 23 26 28 32 40 41 61 
6 11 13 18 16 24 27 31 27 24 30 33 39 40 41 61 
6 3 13 18 16 24 27 31 34 38 42 49 55 58 56 59 61 
6 11 12 14 17 16 24 27 31 34 38 39 40 56 59 61 
6 8 10 12 11 16 24 27 31 34 38 42 51 56 40 41 61 
6 3 13 18 16 24 27 31 34 38 39 40 41 46 54 62 61 
6 11 12 14 17 21 22 27 31 27 24 30 33 39 40 41 61 
---------------
Request id 3
54 62 61 41 40 32 35 37 45 44 48 46 41 40 39 33 30 24 27 31 27 24 16 11 12 
54 62 61 59 56 40 32 35 37 45 37 35 32 28 26 23 24 30 33 39 40 32 28 26 23 24 27 31 27 24 16 11 6 8 10 12 
54 46 48 44 45 44 48 46 54 62 61 41 40 39 33 30 24 20 17 21 22 27 31 27 24 16 11 6 8 10 12 
54 46 41 40 32 28 25 29 36 37 45 37 35 32 28 25 18 16 24 30 33 39 40 56 58 55 49 42 38 34 31 27 22 21 17 16 11 12 
54 46 41 40 32 35 37 45 37 36 29 25 18 16 24 30 33 39 40 56 51 42 38 34 31 27 24 20 17 16 11 12 
54 62 61 41 46 48 44 45 37 35 32 28 26 23 24 30 33 30 24 16 17 21 22 27 31 34 38 39 33 30 24 16 11 12 
54 46 41 61 59 56 40 32 35 37 45 37 36 29 19 15 18 16 24 30 33 39 40 56 51 42 38 34 31 27 24 20 17 14 12 
54 62 66 63 58 56 40 32 35 37 45 37 36 29 19 15 18 16 24 30 33 30 24 23 26 28 32 40 39 38 34 31 27 22 21 17 16 11 12 
54 46 41 40 32 28 25 29 36 37 45 37 36 29 25 18 16 24 30 33 39 40 32 28 26 23 24 27 31 27 24 16 11 6 8 10 12 
54 46 41 40 32 35 37 45 44 48 46 41 40 39 33 30 24 27 31 34 38 39 33 30 24 16 11 12 
54 46 41 40 32 28 25 29 36 37 45 44 48 46 54 62 61 41 40 39 33 30 24 16 17 21 22 27 31 27 24 16 11 12 
54 46 41 40 32 28 25 29 36 37 45 44 48 46 41 40 39 33 30 24 16 11 12 14 17 21 22 27 31 27 24 20 17 14 12 
54 62 61 59 56 40 41 46 48 44 45 37 35 32 28 25 18 16 24 30 33 30 24 20 17 21 22 27 31 27 22 21 17 16 11 12 
54 62 61 59 56 40 32 35 37 45 37 36 29 25 28 32 40 39 33 30 24 16 11 12 14 17 21 22 27 31 27 24 16 17 14 12 
54 46 41 40 32 28 25 29 36 37 45 44 48 46 41 40 39 33 39 40 56 51 42 38 34 31 27 24 16 11 6 8 10 12 
54 62 61 59 56 40 41 46 48 44 45 44 48 46 41 61 59 56 40 39 33 39 40 56 51 42 38 34 31 27 24 16 17 14 12 
54 62 61 41 46 48 44 45 37 35 32 28 26 23 24 30 33 39 40 32 28 26 23 24 27 31 27 24 20 17 16 11 12 
54 62 61 59 56 40 41 46 48 44 45 37 35 32 28 26 23 24 30 33 39 40 32 28 25 18 16 24 27 31 27 24 20 17 16 11 12 
54 62 61 41 40 32 35 37 45 37 36 29 25 18 16 24 30 33 39 40 32 28 26 23 24 27 31 34 38 39 33 30 24 16 11 12 
54 46 48 44 45 37 35 32 28 26 23 24 30 33 30 24 27 31 27 24 16 11 12 
54 62 66 63 58 56 40 32 35 37 45 44 48 46 41 40 39 33 39 38 34 31 27 22 21 17 14 12 
54 46 41 61 59 56 40 32 35 37 45 37 36 29 19 15 18 16 24 30 33 39 40 32 28 26 23 24 27 31 27 24 16 18 13 11 12 
54 46 41 40 32 28 25 29 36 37 45 44 48 46 54 62 61 41 40 39 33 39 40 32 28 26 23 24 27 31 27 22 21 17 14 12 
54 46 41 61 59 56 40 32 35 37 45 37 36 29 25 18 16 24 30 33 30 24 16 11 12 14 17 21 22 27 31 27 24 16 11 12 
54 62 61 59 56 40 32 35 37 45 44 48 46 54 62 61 41 40 39 33 30 24 16 17 21 22 27 31 27 24 20 17 14 12 
54 62 61 59 56 40 41 46 48 44 45 37 36 29 19 15 18 16 24 30 33 39 40 32 28 26 23 24 27 31 27 22 21 17 16 11 12 
54 46 41 40 32 35 37 45 37 36 29 19 15 18 16 24 30 33 39 38 34 31 27 24 16 11 12 
54 62 61 41 40 32 35 37 45 37 36 29 25 28 32 40 39 33 39 38 34 31 27 24 16 17 14 12 
54 62 61 41 40 32 35 37 45 37 35 32 40 56 51 42 38 39 33 39 40 32 28 26 23 24 27 31 27 24 16 11 6 8 10 12 
54 62 61 41 46 48 44 45 44 48 46 41 61 59 56 40 39 33 39 40 32 28 26 23 24 27 31 27 24 20 17 16 18 13 11 12 
54 62 61 59 56 40 41 46 48 44 45 37 35 32 40 56 51 42 38 39 33 39 38 34 31 27 24 16 17 14 12 
54 46 48 44 45 37 36 29 25 18 16 24 30 33 39 38 34 31 27 24 20 17 16 11 12 
54 62 61 59 56 40 41 46 48 44 45 37 35 32 28 26 23 24 30 33 30 24 16 11 12 14 17 21 22 27 31 27 24 16 17 14 12 
54 62 61 41 46 48 44 45 44 48 46 41 61 59 56 40 39 33 39 40 32 28 26 23 24 27 31 27 24 16 18 13 11 12 
54 46 48 44 45 44 48 46 41 40 39 33 30 24 27 31 34 38 39 33 30 24 16 11 12 
54 62 61 59 56 40 41 46 48 44 45 37 36 29 25 28 32 40 39 33 39 40 56 58 55 49 42 38 34 31 27 22 21 17 16 11 12 
54 65 64 60 57 48 44 45 37 36 29 25 28 32 40 39 33 39 40 32 28 26 23 24 27 31 27 24 16 18 13 11 12 
54 46 41 61 59 56 40 32 35 37 45 37 36 29 25 18 16 24 30 33 30 24 20 17 21 22 27 31 34 38 39 33 30 24 16 11 12 
54 62 66 63 58 56 40 32 35 37 45 37 36 29 19 15 18 16 24 30 33 39 40 56 58 55 49 42 38 34 31 27 24 20 17 16 18 13 11 12 
54 65 64 60 57 48 44 45 37 36 29 19 15 18 16 24 30 33 30 24 16 11 12 14 17 21 22 27 31 27 24 16 18 13 11 12 
---------------
Request id 8
4 1 3 13 18 16 24 30 33 39 40 56 51 56 40 39 38 34 43 47 52 47 43 34 38 39 40 41 61 59 56 51 42 49 50 49 42 38 39 33 30 24 16 18 
4 7 8 6 11 16 24 30 33 39 40 56 51 56 40 39 38 42 49 50 53 52 47 43 34 31 27 24 30 33 39 40 56 58 55 49 50 49 42 38 39 40 32 28 25 18 
4 1 3 5 0 13 18 25 28 32 40 56 51 56 59 61 41 40 39 38 34 43 47 52 47 43 34 38 42 51 56 58 55 49 50 49 42 51 56 40 32 28 25 18 
4 7 8 6 11 16 24 30 33 39 40 56 51 56 58 55 49 42 38 34 43 47 52 47 43 34 31 27 24 30 33 39 40 56 58 55 49 50 49 42 51 56 40 32 28 25 18 
4 1 3 6 11 13 18 25 28 32 40 56 51 56 58 55 49 42 38 34 43 47 52 47 43 34 38 39 40 56 51 42 49 50 49 42 51 56 40 32 28 25 18 
4 1 3 13 18 25 28 32 40 56 51 42 49 50 53 52 47 43 34 38 39 40 56 58 55 49 50 49 42 51 56 40 39 33 30 24 16 18 
4 1 3 13 18 25 28 32 40 39 38 42 51 56 59 61 41 40 39 38 42 49 50 53 52 47 43 34 38 39 40 41 61 59 56 51 42 49 50 49 55 58 56 40 32 28 25 18 
4 1 3 13 11 16 24 30 33 39 38 42 51 42 38 34 43 47 52 53 50 49 42 38 39 40 32 28 25 18 
4 1 3 5 0 13 18 25 28 32 40 56 51 56 59 61 41 40 39 38 34 43 47 52 47 43 34 38 39 40 41 61 59 56 58 55 49 50 49 42 38 39 40 32 28 25 18 
4 1 3 6 11 16 24 27 31 34 38 42 51 56 58 55 49 50 53 52 47 43 34 31 27 24 30 33 39 40 56 58 55 49 50 49 42 38 34 31 27 22 21 17 16 18 
4 1 3 5 0 13 18 25 28 32 40 56 51 56 58 55 49 50 53 52 47 43 34 38 42 49 50 49 42 51 56 40 39 33 30 24 16 18 
4 7 8 6 11 13 18 25 28 32 40 56 51 56 58 55 49 50 53 52 47 43 34 38 39 40 56 51 42 49 50 49 42 51 56 40 32 28 25 18 
4 1 3 13 18 25 28 32 40 56 51 56 59 61 41 40 39 38 42 49 50 53 52 47 43 34 31 27 24 30 33 39 38 42 49 50 49 55 58 56 40 32 28 25 18 
4 1 3 5 0 13 18 25 28 32 40 56 51 56 58 55 49 42 38 34 43 47 52 47 43 34 38 42 49 50 49 42 51 56 40 32 28 25 18 
4 1 3 6 11 13 18 25 28 32 40 56 51 42 38 34 43 47 52 47 43 34 31 27 24 30 33 39 38 42 49 50 49 42 51 56 40 32 28 25 18 
4 1 3 6 11 13 18 25 28 32 40 56 51 42 49 50 53 52 47 43 34 38 39 40 56 51 42 49 50 49 42 38 39 33 30 24 16 18 
4 1 3 13 18 25 28 32 40 56 51 56 40 39 33 30 24 27 31 34 43 47 52 47 43 34 31 27 24 30 33 39 40 56 58 55 49 50 49 55 58 56 40 32 28 25 18 
4 1 3 13 18 16 24 30 33 39 40 56 51 56 58 55 49 42 38 34 43 47 52 47 43 34 38 39 40 41 61 62 66 63 58 55 49 50 49 42 38 34 31 27 24 16 18 
4 7 8 6 11 16 24 30 33 39 40 56 51 56 40 39 38 42 49 50 53 52 47 43 34 31 27 24 30 33 39 40 56 58 55 49 50 49 42 38 34 31 27 24 16 11 13 18 
4 1 3 6 11 13 18 25 28 32 40 56 51 56 40 39 38 34 43 47 52 47 43 34 38 39 40 56 58 55 49 50 49 55 58 56 40 32 28 25 18 
4 7 8 6 11 13 18 25 28 32 40 56 51 56 40 39 38 42 49 50 53 52 47 43 34 31 27 24 30 33 39 40 56 58 55 49 50 49 55 58 56 40 32 28 25 18 
4 7 8 6 11 13 18 25 28 32 40 56 51 56 40 39 38 34 43 47 52 47 43 34 38 39 40 41 61 62 66 63 58 55 49 50 49 42 51 56 40 32 28 25 18 
4 7 8 6 11 13 18 25 28 32 40 56 51 42 38 34 43 47 52 47 43 34 31 27 24 30 33 39 38 42 49 50 49 42 51 56 40 39 33 30 24 16 18 
4 7 8 6 11 13 18 25 28 32 40 56 51 56 40 39 38 34 43 47 52 47 43 34 31 27 24 30 33 39 38 42 49 50 49 42 51 56 40 39 33 30 24 16 18 
4 1 3 13 18 25 28 32 40 56 51 56 40 39 38 42 49 50 53 52 47 43 34 38 42 49 50 49 42 38 34 31 27 24 20 17 16 18 
4 1 3 13 11 16 24 30 33 39 38 42 51 56 40 39 38 42 49 50 53 52 47 43 34 38 39 40 41 61 59 56 51 42 49 50 53 52 47 43 34 31 27 24 16 18 
4 1 3 13 11 16 24 30 33 39 38 42 51 56 40 39 38 34 43 47 52 47 43 34 38 39 40 56 51 42 49 50 49 42 38 34 31 27 24 20 17 16 18 
4 7 8 6 3 13 18 25 28 32 40 56 51 56 40 39 38 34 43 47 52 47 43 34 38 42 49 50 49 42 51 56 40 39 33 30 24 16 18 
4 1 3 13 18 16 24 30 33 39 40 56 51 42 38 34 43 47 52 47 43 34 38 39 40 41 61 59 56 58 55 49 50 53 52 47 43 34 31 27 24 16 18 
4 7 8 6 11 16 24 30 33 39 40 56 51 56 40 39 38 34 43 47 52 47 43 34 38 39 40 56 51 42 49 50 53 52 47 43 34 31 27 24 16 18 
4 1 3 13 18 25 28 32 40 39 38 42 51 56 40 39 38 42 49 50 53 52 47 43 34 38 42 51 56 58 55 49 50 49 42 38 39 40 32 28 25 18 
4 1 3 13 18 25 28 32 40 39 38 42 51 42 38 34 43 47 52 47 43 34 38 42 49 50 49 42 38 34 31 27 24 20 17 16 18 
4 1 3 13 11 16 24 30 33 39 38 42 51 56 58 55 49 50 53 52 47 43 34 38 39 40 56 58 55 49 50 49 42 38 34 31 27 24 16 18 
4 7 8 6 3 13 18 25 28 32 40 56 51 56 40 39 33 30 24 27 31 34 43 47 52 47 43 34 38 39 40 41 61 59 56 58 55 49 50 49 42 38 39 40 32 28 25 18 
4 1 3 13 18 16 24 30 33 39 40 56 51 56 59 61 41 40 39 38 42 49 50 53 52 47 43 34 38 42 49 50 49 55 58 56 40 32 28 25 18 
4 1 3 13 11 16 24 30 33 39 38 42 51 56 40 39 33 30 24 27 31 34 43 47 52 47 43 34 38 42 51 56 58 55 49 50 49 42 51 56 40 39 33 30 24 16 18 
4 1 3 6 11 13 18 25 28 32 40 56 51 56 40 39 38 42 49 50 53 52 47 43 34 38 39 40 56 58 55 49 50 53 52 47 43 34 31 27 24 16 18 
4 1 3 13 18 25 28 32 40 56 51 42 38 34 43 47 52 47 43 34 38 42 51 56 58 55 49 50 49 42 38 39 33 30 24 16 18 
4 7 8 6 11 16 24 30 33 39 40 56 51 56 40 39 38 34 43 47 52 47 43 34 31 27 24 30 33 39 40 56 58 55 49 50 49 42 38 39 33 30 24 16 18 
4 1 3 6 11 13 18 25 28 32 40 56 51 56 40 39 38 34 43 47 52 47 43 34 38 39 40 41 61 62 66 63 58 55 49 50 49 42 51 56 40 39 33 30 24 16 18 
---------------
Request id 20
9 15 18 16 24 30 33 39 38 34 43 47 43 34 38 39 40 41 61 62 54 65 64 70 74 73 72 71 69 67 66 62 54 46 48 57 60 64 70 64 65 54 62 61 41 40 32 28 25 18 16 17 14 
9 15 18 25 28 32 40 39 38 34 43 47 43 34 38 39 40 41 61 62 54 65 64 70 74 73 72 71 69 67 68 65 54 46 48 57 60 64 70 64 65 54 46 41 40 39 33 30 24 16 11 12 14 
9 15 18 25 28 32 40 39 38 34 43 47 43 34 38 39 40 41 61 62 54 65 64 70 74 73 72 71 69 68 67 66 62 54 65 64 70 64 60 57 48 46 41 40 39 33 30 24 16 17 14 
9 15 19 29 25 28 32 40 39 38 34 43 47 43 34 38 42 49 55 58 63 66 67 69 71 72 73 72 71 69 68 67 66 62 54 65 64 70 64 65 54 46 41 40 32 28 25 18 16 11 12 14 
9 15 18 13 11 16 24 27 31 34 43 47 43 34 38 39 40 41 61 62 66 67 69 71 72 73 72 71 69 67 66 62 61 41 46 54 65 64 70 64 65 54 62 61 41 40 39 33 30 24 16 17 14 
9 15 19 29 25 18 16 24 27 31 34 43 47 52 53 50 49 55 58 63 66 67 69 71 72 73 72 71 69 67 66 62 54 65 64 70 64 65 54 62 61 41 40 39 33 30 24 16 17 14 
9 15 18 16 17 21 22 27 31 34 43 47 52 53 50 49 55 58 63 66 67 68 69 71 72 73 72 71 69 68 67 66 62 54 65 64 70 64 65 54 46 41 40 32 28 25 18 16 17 14 
9 15 18 16 24 27 31 34 43 47 43 34 38 39 40 41 61 62 54 65 64 70 74 73 74 70 64 65 54 46 41 40 39 33 30 24 16 17 14 
9 15 18 16 17 21 22 27 31 34 43 47 43 34 38 39 40 41 61 62 66 67 69 71 72 73 72 71 69 68 67 66 62 54 65 64 70 64 60 57 48 46 41 40 39 33 30 24 16 17 14 
9 2 0 13 11 16 24 27 31 34 43 47 43 34 38 39 40 41 46 54 65 68 69 71 72 73 74 70 64 65 54 46 41 40 32 28 25 18 16 17 14 
9 15 19 29 25 28 32 40 39 38 34 43 47 52 53 50 49 55 58 63 66 67 69 71 72 73 72 71 69 67 66 62 61 41 46 54 65 64 70 64 65 54 46 41 40 32 28 26 23 24 20 17 14 
9 15 18 25 28 32 40 39 38 34 43 47 43 34 38 39 40 41 61 62 66 67 69 71 72 73 72 71 69 68 65 54 46 48 57 60 64 70 64 65 54 46 41 40 32 28 26 23 24 20 17 14 
9 15 18 16 24 27 31 34 43 47 43 34 38 39 40 41 61 62 54 65 64 70 74 73 72 71 69 68 65 64 70 64 65 54 46 41 40 32 28 25 18 16 17 14 
9 15 18 16 17 20 24 27 31 34 43 47 43 34 38 39 40 41 61 62 66 67 69 71 72 73 72 71 69 67 66 62 54 46 48 57 60 64 70 64 65 54 46 41 40 39 33 30 24 16 11 12 14 
9 15 18 16 17 20 24 27 31 34 43 47 43 34 38 39 40 41 46 48 57 60 64 70 74 73 74 70 64 65 54 46 41 40 39 33 30 24 20 17 14 
9 15 18 16 17 21 22 27 31 34 43 47 43 34 38 42 51 56 58 63 66 67 69 71 72 73 74 70 64 65 54 62 61 41 40 32 28 25 18 16 17 14 
9 15 18 25 28 32 40 39 38 34 43 47 43 34 38 42 51 56 58 63 66 67 69 71 72 73 72 71 69 67 68 65 64 70 64 65 54 46 41 40 39 33 30 24 20 17 14 
9 15 19 29 25 28 32 40 39 38 34 43 47 43 34 38 39 40 41 61 62 54 65 64 70 74 73 72 71 69 67 66 62 54 46 48 57 60 64 70 64 65 54 46 41 40 39 33 30 24 16 17 14 
9 15 18 16 17 21 22 27 31 34 43 47 43 34 38 39 40 41 46 54 65 64 70 74 73 72 71 69 67 66 62 61 41 46 54 65 64 70 64 65 54 46 41 40 39 33 30 24 16 11 12 14 
9 15 18 16 17 21 22 27 31 34 43 47 43 34 38 39 40 41 61 62 66 67 69 71 72 73 72 71 69 68 65 64 70 64 65 54 46 41 40 39 33 30 24 16 11 12 14 
9 15 18 16 17 20 24 27 31 34 43 47 43 34 38 39 40 41 46 48 57 60 64 70 74 73 72 71 69 68 67 66 62 54 65 64 70 64 65 54 62 61 41 40 39 33 30 24 16 17 14 
9 15 19 29 25 28 32 40 39 38 34 43 47 52 53 50 49 55 58 63 66 67 68 69 71 72 73 72 71 69 67 66 62 54 46 48 57 60 64 70 64 65 54 46 41 40 32 28 25 18 16 11 12 14 
9 15 18 25 28 32 40 39 38 34 43 47 43 34 38 39 40 41 61 62 54 65 64 70 74 73 72 71 69 67 66 62 61 41 46 54 65 64 70 64 65 54 62 61 41 40 39 33 30 24 20 17 14 
9 15 19 29 25 28 32 40 39 38 34 43 47 52 53 50 49 55 58 63 66 67 69 71 72 73 72 71 69 67 66 62 61 41 46 54 65 64 70 64 65 54 46 41 40 32 28 25 18 16 11 12 14 
9 15 18 16 17 21 22 27 31 34 43 47 43 34 38 42 51 56 58 63 66 67 69 71 72 73 74 70 64 65 54 46 41 40 39 33 30 24 16 17 14 
9 15 19 29 25 18 16 24 27 31 34 43 47 43 34 38 39 40 41 61 62 66 67 69 71 72 73 72 71 69 67 68 65 64 70 64 65 54 46 41 40 39 33 30 24 20 17 14 
9 15 18 16 24 30 33 39 38 34 43 47 43 34 38 39 40 41 61 62 54 65 64 70 74 73 72 71 69 68 67 66 62 54 65 64 70 64 65 54 46 41 40 39 33 30 24 16 17 14 
9 15 18 25 28 32 40 39 38 34 43 47 43 34 38 39 40 41 46 54 65 68 69 71 72 73 72 71 69 67 66 62 54 65 64 70 64 65 54 46 41 40 39 33 30 24 16 17 14 
9 15 18 16 24 27 31 34 43 47 43 34 38 39 40 41 46 54 65 68 69 71 72 73 72 71 69 67 68 65 64 70 64 65 54 46 41 40 32 28 25 18 16 17 14 
9 15 18 16 17 21 22 27 31 34 43 47 43 34 38 42 51 56 58 63 66 67 69 71 72 73 72 71 69 67 66 62 54 65 64 70 64 65 54 62 61 41 40 39 33 30 24 16 17 14 
9 2 0 13 11 16 24 27 31 34 43 47 43 34 38 42 49 55 58 63 66 67 69 71 72 73 72 71 69 67 68 65 54 46 48 57 60 64 70 64 65 54 46 41 40 39 33 30 24 20 17 14 
9 15 19 29 25 18 16 24 27 31 34 43 47 43 34 38 39 40 56 58 63 66 67 69 71 72 73 72 71 69 67 66 62 54 65 64 70 64 65 54 62 61 41 40 32 28 25 18 16 17 14 
9 15 18 16 17 21 22 27 31 34 43 47 43 34 38 39 40 41 46 48 57 60 64 70 74 73 72 71 69 67 66 62 61 41 46 54 65 64 70 64 65 54 62 61 41 40 39 33 30 24 20 17 14 
9 15 18 16 24 27 31 34 43 47 43 34 38 39 40 41 46 54 65 68 69 71 72 73 74 70 64 65 54 62 61 41 40 39 33 30 24 20 17 14 
9 15 19 29 25 28 32 40 39 38 34 43 47 52 53 50 49 55 58 63 66 67 68 69 71 72 73 72 71 69 68 67 66 62 54 46 48 57 60 64 70 64 65 54 62 61 41 40 32 28 25 18 16 17 14 
9 15 18 25 28 32 40 39 38 34 43 47 43 34 38 42 49 55 58 63 66 67 69 71 72 73 72 71 69 68 65 64 70 64 65 54 62 61 41 40 39 33 30 24 20 17 14 
9 2 0 13 11 16 24 27 31 34 43 47 43 34 38 42 49 55 58 63 66 67 69 71 72 73 72 71 69 68 65 54 46 48 57 60 64 70 64 65 54 46 41 40 39 33 30 24 20 17 14 
9 15 18 16 24 27 31 34 43 47 43 34 38 39 40 56 58 63 66 67 69 71 72 73 72 71 69 67 66 62 61 41 46 54 65 64 70 64 65 54 62 61 41 40 39 33 30 24 20 17 14 
9 15 18 16 17 21 22 27 31 34 43 47 52 53 50 49 55 58 63 66 67 69 71 72 73 72 71 69 67 66 62 54 46 48 57 60 64 70 64 65 54 62 61 41 40 32 28 25 18 16 17 14 
9 15 18 13 11 16 24 27 31 34 43 47 43 34 38 39 40 41 46 48 57 60 64 70 74 73 72 71 69 68 65 64 70 64 65 54 46 41 40 39 33 30 24 16 11 12 14 
---------------
Request id 19
37 35 32 40 41 46 54 65 64 60 57 48 44 48 46 54 62 61 41 40 39 
37 35 32 40 41 61 62 54 46 48 44 48 57 60 64 65 54 46 41 40 39 
37 36 29 25 28 32 40 56 59 61 41 46 48 44 48 46 41 40 56 51 42 38 39 
37 35 32 40 56 58 63 66 62 61 41 46 48 44 48 46 41 61 59 56 40 39 
37 36 29 25 28 32 40 41 46 48 44 48 46 54 62 61 41 40 39 
37 35 32 40 41 46 48 44 48 46 54 62 61 59 56 40 39 
37 35 32 40 56 59 61 62 54 46 48 44 48 46 41 40 39 
37 36 29 25 28 32 40 41 46 48 44 48 46 41 40 56 51 42 38 39 
37 35 32 40 41 46 48 44 45 37 35 32 40 39 
37 35 32 40 41 61 62 54 46 48 44 48 46 54 62 61 59 56 40 39 
37 36 29 25 28 32 40 41 46 48 44 48 46 41 61 59 56 51 42 38 39 
37 35 32 40 56 58 63 66 62 54 46 48 44 48 46 54 62 61 59 56 40 39 
37 36 29 25 28 32 40 41 46 48 44 48 46 41 40 39 
37 35 32 40 56 59 61 62 54 46 48 44 48 46 41 61 59 56 40 39 
37 45 44 48 46 54 62 66 63 58 56 40 39 
37 35 32 40 56 58 63 66 62 61 41 46 48 44 48 46 54 62 61 41 40 39 
37 35 32 40 41 61 62 54 46 48 44 48 46 54 62 61 41 40 39 
37 35 32 40 56 58 63 66 62 54 46 48 44 48 46 41 61 59 56 51 42 38 39 
37 45 44 48 46 41 61 59 56 40 39 
37 35 32 40 41 46 48 44 48 46 41 40 56 51 42 38 39 
37 35 32 40 56 58 63 66 62 61 41 46 48 44 48 46 41 61 59 56 51 42 38 39 
37 36 29 25 28 32 40 41 46 48 44 48 46 41 61 59 56 40 39 
37 36 29 25 28 32 40 56 59 61 41 46 48 44 45 37 35 32 40 39 
37 35 32 40 41 46 54 65 64 60 57 48 44 48 46 41 61 59 56 51 42 38 39 
37 35 32 40 56 58 63 66 62 54 46 48 44 45 37 35 32 40 39 
37 45 44 45 37 36 29 25 28 32 40 39 
37 36 29 25 28 32 40 56 59 61 41 46 48 44 48 46 54 62 66 63 58 56 40 39 
37 35 32 40 56 59 61 41 46 48 44 48 46 54 62 61 59 56 40 39 
37 35 32 40 41 61 62 54 46 48 44 48 46 41 61 59 56 40 39 
37 35 32 40 41 46 54 65 64 60 57 48 44 48 46 54 62 66 63 58 56 40 39 
37 45 44 48 46 41 40 39 
37 35 32 40 41 61 62 54 46 48 44 48 46 41 40 39 
37 35 32 40 56 59 61 41 46 48 44 48 57 60 64 65 54 46 41 40 39 
37 35 32 40 56 58 63 66 62 61 41 46 48 44 45 37 36 29 25 28 32 40 39 
37 35 32 40 41 46 48 44 48 46 41 40 39 
37 35 32 40 56 58 63 66 62 61 41 46 48 44 48 46 54 62 66 63 58 56 40 39 
37 35 32 40 56 59 61 62 54 46 48 44 48 46 54 62 66 63 58 56 40 39 
37 36 29 25 28 32 40 41 46 48 44 48 46 54 62 66 63 58 56 40 39 
37 35 32 40 56 58 63 66 62 54 46 48 44 48 57 60 64 65 54 46 41 40 39 
37 35 32 40 56 59 61 62 54 46 48 44 48 46 54 62 61 41 40 39 
---------------
Request id 6
8 6 11 16 24 27 31 34 38 42 49 50 49 55 58 56 40 39 38 34 43 34 31 27 24 30 33 39 38 42 51 42 38 39 33 30 24 20 17 21 
8 10 12 11 16 24 30 33 39 38 42 49 50 53 52 47 43 34 38 42 49 55 58 56 51 42 38 39 33 30 24 16 17 21 
8 10 12 11 16 24 27 31 34 38 42 49 50 49 55 58 56 51 42 38 34 43 47 52 53 50 49 42 51 56 40 39 38 34 31 27 22 21 
8 6 11 16 24 27 31 34 43 47 52 53 50 49 55 58 56 59 61 41 40 39 38 34 43 34 38 42 49 55 58 56 51 42 38 34 31 27 24 16 17 21 
8 10 12 11 16 24 27 31 34 38 42 49 50 49 55 58 63 66 62 61 41 40 39 38 34 43 34 38 39 40 41 61 59 56 51 42 38 34 31 27 22 21 
8 6 11 16 24 30 33 39 38 42 49 50 49 42 51 56 40 39 33 30 24 27 31 34 43 47 52 53 50 49 42 51 42 38 39 33 30 24 16 17 21 
8 6 11 13 18 25 28 32 40 56 58 55 49 50 49 42 38 34 43 34 38 39 40 56 58 55 49 42 51 42 38 34 31 27 24 20 17 21 
8 6 11 13 18 25 28 32 40 56 58 55 49 50 49 55 58 56 40 39 38 34 43 47 52 53 50 49 55 58 56 51 42 38 39 33 30 24 20 17 21 
8 10 12 14 17 21 22 27 31 34 38 42 49 50 49 55 58 56 59 61 41 40 39 38 34 43 47 52 53 50 49 42 38 39 40 56 51 42 38 34 31 27 24 16 17 21 
8 10 12 11 16 24 27 31 34 38 42 49 50 49 42 51 56 40 39 38 34 43 34 31 27 24 30 33 39 38 42 51 42 38 34 31 27 22 21 
8 10 12 11 16 24 30 33 39 38 42 49 50 49 42 51 56 40 39 38 34 43 34 38 39 40 56 58 55 49 42 51 42 38 39 33 30 24 16 17 21 
8 10 12 11 16 24 27 31 34 38 42 49 50 49 42 51 56 59 61 41 40 39 38 34 43 34 31 27 24 30 33 39 38 42 51 42 38 34 31 27 22 21 
8 10 12 11 16 24 27 31 34 43 47 52 53 50 49 55 58 56 40 39 38 34 43 47 52 53 50 49 55 58 56 51 42 38 39 33 30 24 16 17 21 
8 10 12 11 16 24 27 31 34 43 47 52 53 50 49 55 58 63 66 62 61 41 40 39 38 34 43 47 52 53 50 49 55 58 56 51 56 40 39 33 30 24 20 17 21 
8 10 12 11 16 24 30 33 39 38 42 49 50 53 52 47 43 34 38 39 40 41 61 59 56 51 56 40 39 33 30 24 20 17 21 
8 10 12 14 17 21 22 27 31 34 38 42 49 50 49 55 58 56 51 42 38 34 43 34 38 42 51 56 40 32 28 25 18 16 17 21 
8 10 12 11 16 24 27 31 34 43 47 52 53 50 49 55 58 56 40 39 38 34 43 47 52 53 50 49 42 51 56 40 39 33 30 24 20 17 21 
8 6 11 16 24 30 33 39 38 42 49 50 49 42 38 34 43 47 52 53 50 49 42 51 56 40 39 33 30 24 27 22 21 
8 6 11 16 24 27 31 34 43 47 52 53 50 49 42 38 39 33 30 24 27 31 34 43 47 52 53 50 49 55 58 56 51 56 40 39 38 34 31 27 22 21 
8 6 11 16 24 27 31 34 43 47 52 53 50 49 42 51 56 40 39 33 30 24 27 31 34 43 34 38 42 49 55 58 56 51 42 38 39 33 30 24 20 17 21 
8 6 3 13 18 25 28 32 40 56 58 55 49 50 49 55 58 63 66 62 61 41 40 39 38 34 43 47 52 53 50 49 42 38 39 40 56 51 56 40 39 38 34 31 27 22 21 
8 10 12 14 17 21 22 27 31 34 38 42 49 50 49 42 38 39 33 30 24 27 31 34 43 34 38 39 40 41 61 59 56 51 56 40 39 33 30 24 20 17 21 
8 10 12 11 16 24 27 31 34 38 42 49 50 49 55 58 56 51 42 38 34 43 34 38 42 49 55 58 56 51 42 38 34 31 27 24 16 17 21 
8 6 11 16 24 27 31 34 38 42 49 50 49 55 58 63 66 62 61 41 40 39 38 34 43 34 38 42 51 42 38 34 31 27 22 21 
8 6 3 13 18 25 28 32 40 56 58 55 49 50 49 55 58 63 66 62 61 41 40 39 38 34 43 34 31 27 24 30 33 39 40 56 51 42 38 34 31 27 22 21 
8 10 12 14 17 21 22 27 31 34 38 42 49 50 49 55 58 56 40 39 38 34 43 34 38 39 40 56 51 56 40 39 33 30 24 27 22 21 
8 6 11 13 18 25 28 32 40 56 58 55 49 50 49 55 58 56 51 42 38 34 43 34 31 27 24 30 33 39 38 42 51 42 38 39 33 30 24 20 17 21 
8 10 12 11 16 24 27 31 34 43 47 52 53 50 49 42 51 56 40 39 33 30 24 27 31 34 43 34 38 39 40 56 58 55 49 42 51 42 38 34 31 27 24 20 17 21 
8 10 12 11 16 24 27 31 34 38 42 49 50 49 55 58 63 66 62 61 41 40 39 38 34 43 34 38 42 51 56 40 32 28 25 18 16 17 21 
8 6 11 16 18 25 28 32 40 56 58 55 49 50 49 55 58 56 59 61 41 40 39 38 34 43 34 31 27 24 30 33 39 40 56 51 42 38 39 33 30 24 27 22 21 
8 6 11 16 24 27 31 34 38 42 49 50 49 55 58 56 59 61 41 40 39 38 34 43 34 38 39 40 56 51 42 38 34 31 27 24 16 17 21 
8 6 11 16 18 25 28 32 40 56 58 55 49 50 53 52 47 43 34 31 27 24 30 33 39 38 42 51 42 38 39 33 30 24 20 17 21 
8 6 3 13 18 25 28 32 40 56 58 55 49 50 49 55 58 56 40 39 38 34 43 47 52 53 50 49 55 58 56 51 42 38 39 33 30 24 16 17 21 
8 10 12 11 16 24 27 31 34 38 42 49 50 49 42 38 34 43 47 52 53 50 49 42 51 42 38 39 33 30 24 16 17 21 
8 10 12 11 16 24 27 31 34 43 47 52 53 50 49 55 58 56 51 42 38 34 43 47 52 53 50 49 42 38 39 40 56 51 42 38 34 31 27 24 20 17 21 
8 6 11 16 24 27 31 34 38 42 49 50 49 55 58 56 51 42 38 34 43 47 52 53 50 49 42 38 39 40 56 51 56 40 39 33 30 24 27 22 21 
8 10 12 14 17 21 22 27 31 34 38 42 49 50 49 55 58 63 66 62 61 41 40 39 38 34 43 34 38 39 40 56 51 42 38 39 33 30 24 16 17 21 
8 6 11 16 18 25 28 32 40 56 58 55 49 50 49 42 38 39 33 30 24 27 31 34 43 34 31 27 24 30 33 39 38 42 51 42 38 34 31 27 24 16 17 21 
8 10 12 11 16 24 30 33 39 38 42 49 50 53 52 47 43 34 38 39 40 56 51 56 40 39 38 34 31 27 22 21 
8 6 11 16 24 30 33 39 38 42 49 50 49 55 58 56 51 42 38 34 43 34 31 27 24 30 33 39 38 42 51 56 40 39 33 30 24 27 22 21 
---------------
