Request id 5
8 11 12 13 12 5 
8 11 12 13 8 9 5 
8 11 12 13 10 11 12 5 
8 11 12 13 8 11 12 5 
8 11 12 13 10 3 4 5 
---------------
Request id 27
2 0 7 6 4 5 12 13 10 3 
2 0 7 6 4 5 12 11 10 3 
2 0 7 6 4 5 12 5 4 3 
2 0 7 6 4 5 12 5 2 1 3 
2 0 7 6 4 5 12 11 8 13 10 3 
---------------
Request id 4
8 11 8 7 6 4 5 12 11 8 7 
8 11 8 7 6 4 5 12 13 8 7 
8 11 8 7 6 4 5 12 5 9 8 7 
8 11 8 7 6 4 5 12 5 4 6 7 
8 11 8 7 6 4 5 12 5 2 0 7 
---------------
Request id 8
4 6 4 5 
4 6 7 0 2 5 
4 6 7 8 9 5 
4 6 4 3 1 2 5 
4 6 7 8 13 12 5 
---------------
Request id 29
8 9 5 12 5 2 0 
8 9 5 12 11 8 7 0 
8 9 5 12 5 2 1 0 
8 9 5 12 13 8 7 0 
8 9 5 12 5 4 3 1 0 
---------------
Request id 2
4 5 9 8 13 8 7 6 4 3 10 
4 5 9 8 13 8 7 6 7 8 13 10 
4 5 9 8 13 8 7 6 7 8 11 10 
4 5 9 8 13 8 7 6 4 5 12 13 10 
4 5 9 8 13 8 7 6 7 0 1 3 10 
---------------
Request id 6
4 5 12 13 10 3 
4 5 12 13 8 11 10 3 
4 5 12 13 12 5 4 3 
4 5 12 13 12 11 10 3 
4 5 12 13 8 9 5 4 3 
---------------
Request id 14
4 5 12 5 4 6 7 0 2 
4 5 12 5 4 6 4 5 2 
4 5 12 5 4 6 7 0 1 2 
4 5 12 5 4 6 4 3 1 2 
4 5 12 5 4 6 7 8 9 5 2 
---------------
Request id 11
0 7 8 13 12 5 
0 7 8 13 8 9 5 
0 7 8 13 10 3 4 5 
0 7 8 13 8 11 12 5 
0 7 8 13 10 11 12 5 
---------------
Request id 10
1 3 10 11 11 10 
1 3 10 11 11 8 13 10 
1 3 10 11 11 12 13 10 
1 3 10 11 11 12 5 4 3 10 
1 3 10 11 11 8 9 5 12 13 10 
---------------
Request id 12
1 3 10 11 8 7 
1 3 10 11 10 13 8 7 
1 3 10 11 12 13 8 7 
1 3 10 11 10 3 4 6 7 
1 3 10 11 12 5 9 8 7 
---------------
Request id 7
8 7 6 4 3 
8 7 6 7 0 1 3 
8 7 6 4 5 2 1 3 
8 7 6 7 8 11 10 3 
8 7 6 7 0 2 1 3 
---------------
Request id 30
4 5 9 5 12 13 10 3 
4 5 9 5 12 11 10 3 
4 5 9 5 12 5 4 3 
4 5 9 5 12 5 2 1 3 
4 5 9 5 12 11 8 13 10 3 
---------------
Request id 15
3 10 11 12 5 
3 10 11 8 9 5 
3 10 11 10 3 4 5 
3 10 11 8 13 12 5 
3 10 11 10 13 12 5 
---------------
Request id 17
2 5 12 13 10 
2 5 12 13 12 11 10 
2 5 12 13 8 11 10 
2 5 12 13 12 5 4 3 10 
2 5 12 13 8 9 5 12 11 10 
---------------
Request id 23
4 5 12 11 11 10 3 1 
4 5 12 11 11 12 5 2 1 
4 5 12 11 11 8 7 0 1 
4 5 12 11 11 12 13 10 3 1 
4 5 12 11 11 12 5 4 3 1 
---------------
Request id 18
10 3 4 6 7 8 13 8 11 8 7 
10 3 4 6 7 8 13 8 11 10 13 8 7 
10 3 4 6 7 8 13 8 11 12 13 8 7 
10 3 4 6 7 8 13 8 11 10 3 1 0 7 
10 3 4 6 7 8 13 8 11 12 5 4 6 7 
---------------
Request id 16
0 7 8 13 12 11 12 5 
0 7 8 13 12 11 8 9 5 
0 7 8 13 12 11 10 3 4 5 
0 7 8 13 12 11 8 13 12 5 
0 7 8 13 12 11 10 13 12 5 
---------------
Request id 19
4 5 9 8 7 6 4 5 
4 5 9 8 7 6 7 0 2 5 
4 5 9 8 7 6 7 8 9 5 
4 5 9 8 7 6 4 3 1 2 5 
4 5 9 8 7 6 7 8 11 12 5 
---------------
Request id 22
5 12 11 10 3 4 
5 12 11 12 5 4 
5 12 11 8 9 5 4 
5 12 11 8 7 6 4 
5 12 11 12 13 10 3 4 
---------------
Request id 28
5 12 11 10 13 10 3 
5 12 11 10 13 12 5 4 3 
5 12 11 10 13 8 11 10 3 
5 12 11 10 13 12 11 10 3 
5 12 11 10 13 12 5 2 1 3 
---------------
Request id 21
1 3 4 6 4 5 12 5 4 6 4 5 2 
1 3 4 6 4 5 12 5 4 6 7 0 2 
1 3 4 6 4 5 12 5 4 6 4 3 1 2 
1 3 4 6 4 5 12 5 4 6 7 0 1 2 
1 3 4 6 4 5 12 5 4 6 4 3 1 0 2 
---------------
Request id 24
1 0 7 6 7 0 
1 0 7 6 4 3 1 0 
1 0 7 6 4 5 2 0 
1 0 7 6 4 3 1 2 0 
1 0 7 6 4 5 2 1 0 
---------------
Request id 1
2 5 12 11 8 7 0 
2 5 12 11 10 3 1 0 
2 5 12 11 12 5 2 0 
2 5 12 11 10 3 1 2 0 
2 5 12 11 10 13 8 7 0 
---------------
Request id 9
1 3 10 11 10 13 12 5 2 
1 3 10 11 10 13 12 13 10 3 1 2 
1 3 10 11 10 13 12 5 4 3 1 2 
1 3 10 11 10 13 12 11 8 7 0 2 
1 3 10 11 10 13 12 13 8 9 5 2 
---------------
Request id 3
3 10 11 12 11 12 5 2 
3 10 11 12 11 8 7 0 2 
3 10 11 12 11 10 3 1 2 
3 10 11 12 11 8 9 5 2 
3 10 11 12 11 10 3 1 0 2 
---------------
Request id 13
8 9 5 12 5 4 6 7 0 
8 9 5 12 5 4 6 4 5 2 0 
8 9 5 12 5 4 6 4 3 1 0 
8 9 5 12 5 4 6 4 5 2 1 0 
8 9 5 12 5 4 6 4 3 1 2 0 
---------------
Request id 25
3 10 13 8 
3 10 13 12 11 8 
3 10 13 10 11 8 
3 10 13 12 5 9 8 
3 10 13 10 11 12 5 9 8 
---------------
Request id 26
2 0 7 6 7 8 11 11 8 7 0 
2 0 7 6 7 8 11 11 10 3 1 0 
2 0 7 6 7 8 11 11 12 5 2 0 
2 0 7 6 7 8 11 11 10 3 1 2 0 
2 0 7 6 7 8 11 11 10 13 8 7 0 
---------------
Request id 20
4 3 10 13 8 7 6 7 8 13 8 7 
4 3 10 13 8 7 6 7 8 13 12 11 8 7 
4 3 10 13 8 7 6 7 8 13 10 11 8 7 
4 3 10 13 8 7 6 7 8 13 12 5 9 8 7 
4 3 10 13 8 7 6 7 8 13 10 3 4 6 7 
---------------
