Request id 19
56 49 46 50 52 55 58 60 62 65 45 34 48 53 54 57 59 64 69 80 81 82 84 83 74 67 63 68 66 78 75 78 66 68 63 67 74 83 84 82 81 80 69 64 59 57 54 65 62 60 58 55 52 50 46 40 36 35 26 
56 49 46 50 52 55 58 60 62 65 45 34 48 53 54 57 59 64 69 80 81 71 74 67 63 68 66 78 75 56 49 46 40 36 35 26 
56 49 46 50 52 55 58 60 62 67 63 68 77 73 72 75 78 66 68 63 67 74 83 84 82 81 80 69 64 59 57 54 65 62 60 58 55 52 50 46 40 36 35 26 
56 49 46 50 52 55 58 60 62 65 54 57 59 64 69 80 81 82 84 83 74 67 63 68 66 78 75 78 66 68 63 67 62 60 58 55 52 50 46 40 36 35 26 
56 75 72 73 77 68 63 67 62 60 58 55 52 50 46 40 37 30 21 26 
---------------
Request id 9
8 7 12 17 23 29 35 36 40 46 49 56 75 91 
8 1 2 3 9 17 23 29 35 26 21 30 37 40 46 49 56 75 91 
8 1 2 3 0 4 6 11 14 22 31 32 13 9 17 23 29 35 26 21 30 37 40 46 50 52 55 58 60 62 67 63 68 77 73 72 75 91 
8 1 2 3 9 17 23 29 35 26 21 30 37 40 46 50 52 55 58 60 62 67 63 68 77 73 72 75 91 
8 7 12 17 23 29 35 36 40 46 50 52 55 58 60 62 67 63 68 77 73 72 75 91 
---------------
Request id 7
69 64 59 57 54 53 48 34 45 65 65 54 57 59 64 69 80 81 71 74 67 62 60 58 55 52 50 46 40 37 30 21 26 
69 80 81 82 84 83 74 67 63 68 77 73 72 75 56 49 46 50 52 55 58 60 62 65 65 54 57 59 64 69 80 81 71 74 67 63 68 66 78 75 56 49 46 40 37 30 21 26 
69 64 59 57 54 65 65 54 57 59 64 69 80 81 71 74 67 62 60 58 55 52 50 46 40 37 30 21 26 
69 80 81 82 84 83 74 67 63 68 77 73 72 75 56 49 46 50 52 55 58 60 62 65 65 62 60 58 55 52 50 46 40 36 35 26 
69 80 81 82 84 83 74 67 62 65 65 54 57 59 64 69 80 81 71 74 67 63 68 66 78 75 56 49 46 40 36 35 26 
---------------
Request id 8
83 74 67 63 68 66 78 75 56 49 46 50 52 55 58 60 62 65 65 62 67 63 68 77 73 72 75 56 49 46 40 36 35 29 23 17 9 13 32 31 
83 84 82 81 80 69 64 59 57 54 53 48 34 45 65 65 62 60 58 55 52 50 46 40 36 35 29 23 17 12 7 8 1 2 3 9 13 32 31 
83 74 67 63 68 66 78 75 56 49 46 50 52 55 58 60 62 65 65 62 60 58 55 52 50 46 40 36 35 29 23 17 9 3 0 4 6 11 14 22 31 
83 84 82 81 71 74 67 63 68 66 78 75 56 49 46 50 52 55 58 60 62 65 65 62 67 63 68 77 73 72 75 56 49 46 40 37 30 21 26 35 29 23 17 9 13 32 31 
83 74 67 62 65 65 62 60 58 55 52 50 46 40 37 30 21 26 35 29 23 17 9 3 0 4 6 11 14 22 31 
---------------
Request id 24
44 33 33 43 40 46 49 42 
44 33 33 41 40 46 49 42 
44 33 33 20 15 5 19 28 40 46 50 52 55 58 60 62 67 63 68 66 78 75 56 49 42 
44 33 33 41 40 46 50 52 55 58 60 62 67 63 68 77 73 72 75 56 49 42 
44 33 33 43 40 46 50 52 55 58 60 62 67 63 68 66 78 75 56 49 42 
---------------
Request id 21
59 57 54 65 62 67 63 68 66 78 75 56 49 46 40 37 30 21 26 35 36 
59 64 69 80 81 82 84 83 74 67 63 68 66 78 75 56 49 46 50 52 55 58 60 62 65 54 57 59 64 69 80 81 71 74 67 63 68 66 78 75 56 49 46 40 36 
59 64 69 80 81 71 74 67 63 68 77 73 72 75 56 49 46 50 52 55 58 60 62 65 62 60 58 55 52 50 46 40 36 
59 64 69 80 81 82 84 83 74 67 63 68 77 73 72 75 56 49 46 50 52 55 58 60 62 65 62 67 63 68 77 73 72 75 56 49 46 40 36 
59 64 69 80 81 82 84 83 74 67 63 68 66 78 75 56 49 46 50 52 55 58 60 62 65 62 60 58 55 52 50 46 40 36 
---------------
Request id 13
80 81 82 84 83 74 67 63 68 66 78 75 56 49 46 50 52 55 58 60 62 65 65 65 62 60 58 55 52 50 46 40 41 33 20 25 24 16 10 15 5 
80 81 71 74 67 63 68 66 78 75 56 49 46 50 52 55 58 60 62 65 65 65 62 60 58 55 52 50 46 40 28 19 5 
80 69 64 59 57 54 53 48 34 45 65 65 65 62 67 63 68 77 73 72 75 56 49 46 40 28 19 5 
80 81 82 84 83 74 67 63 68 66 78 75 56 49 46 50 52 55 58 60 62 65 65 65 62 67 63 68 66 78 75 56 49 46 40 28 19 5 
80 81 71 74 67 63 68 77 73 72 75 56 49 46 50 52 55 58 60 62 65 65 65 62 67 63 68 66 78 75 56 49 46 40 43 33 20 15 5 
---------------
Request id 16
71 74 83 84 82 81 80 69 64 59 57 54 65 65 65 54 57 59 64 69 80 81 82 
71 81 82 84 83 74 67 63 68 77 73 72 75 56 49 46 50 52 55 58 60 62 65 65 65 54 57 59 64 69 80 81 71 74 83 84 82 
71 74 67 63 68 66 78 75 56 49 46 50 52 55 58 60 62 65 65 65 62 60 58 55 52 50 46 49 56 75 78 66 68 63 67 74 71 81 82 
71 81 80 69 64 59 57 54 53 48 34 45 65 65 65 45 34 48 53 54 57 59 64 69 80 81 71 74 83 84 82 
71 74 67 63 68 77 73 72 75 56 49 46 50 52 55 58 60 62 65 65 65 62 60 58 55 52 50 46 49 56 75 72 73 77 68 63 67 74 83 84 82 
---------------
Request id 26
18 17 23 29 35 36 40 43 33 44 
18 17 23 29 35 26 21 30 37 40 28 19 5 15 10 16 24 25 20 33 44 
18 17 23 29 35 26 21 30 37 40 41 33 44 
18 17 23 29 35 26 21 30 37 40 28 19 5 15 20 33 44 
18 17 23 29 35 26 21 30 37 40 43 33 44 
---------------
Request id 29
60 58 55 52 50 46 49 56 75 72 73 77 68 63 67 74 71 81 80 69 64 59 57 54 65 62 60 58 55 52 50 46 49 56 75 78 66 68 63 67 74 71 81 80 69 79 
60 58 55 52 50 46 49 56 75 72 73 77 68 63 67 62 65 54 57 59 64 69 79 
60 62 67 74 83 84 82 81 80 69 64 59 57 54 65 62 67 74 71 81 80 69 79 
60 58 55 52 50 46 49 56 75 78 66 68 63 67 74 83 84 82 81 80 69 64 59 57 54 65 62 60 58 55 52 50 46 49 56 75 78 66 68 63 67 74 71 81 80 69 79 
60 62 67 74 71 81 80 69 64 59 57 54 65 45 34 48 53 54 57 59 64 69 79 
---------------
Request id 1
66 68 63 67 74 71 81 80 69 64 59 57 54 53 48 34 45 65 62 60 58 55 52 50 46 49 56 75 72 73 77 68 63 67 74 71 81 82 84 83 85 87 
66 68 63 67 74 83 84 82 81 80 69 64 59 57 54 53 48 34 45 65 62 60 58 55 52 50 46 49 56 75 56 49 46 50 52 55 58 60 62 67 74 71 81 82 84 83 85 87 
66 68 63 67 74 83 84 82 81 80 69 64 59 57 54 53 48 34 45 65 62 60 58 55 52 50 46 49 56 75 72 73 77 68 63 67 74 71 81 82 84 83 85 87 
66 68 63 67 62 60 58 55 52 50 46 49 56 75 78 66 68 63 67 74 83 85 87 
66 68 63 67 74 83 84 82 81 80 69 64 59 57 54 53 48 34 45 65 62 60 58 55 52 50 46 49 56 75 78 66 68 63 67 74 71 81 82 84 83 85 87 
---------------
Request id 2
1 8 7 12 17 9 13 32 31 22 14 11 6 4 0 3 3 9 17 23 29 35 26 21 30 37 40 46 47 
1 2 3 3 0 4 6 11 14 22 31 32 13 9 17 23 29 35 26 21 30 37 40 46 47 
1 8 7 12 17 9 13 32 31 22 14 11 6 4 0 3 3 0 4 6 11 14 22 31 32 13 9 17 23 29 35 36 40 46 47 
1 8 7 12 17 9 13 32 31 22 14 11 6 4 0 3 3 2 1 8 7 12 17 23 29 35 26 21 30 37 40 46 47 
1 8 7 12 17 9 3 3 9 17 23 29 35 36 40 46 47 
---------------
Request id 10
34 48 53 54 57 59 64 69 80 81 82 84 83 74 67 62 65 65 65 61 51 
34 45 65 65 65 61 51 
34 48 53 54 57 59 64 69 80 81 82 84 83 74 67 63 68 66 78 75 56 49 46 50 52 55 58 60 62 65 65 65 61 51 
34 48 53 54 57 59 64 69 80 81 71 74 67 63 68 66 78 75 56 49 46 50 52 55 58 60 62 65 65 65 61 51 
34 48 53 54 57 59 64 69 80 81 82 84 83 74 67 63 68 77 73 72 75 56 49 46 50 52 55 58 60 62 65 65 65 61 51 
---------------
Request id 12
51 61 65 65 62 67 63 68 77 73 72 75 56 49 46 40 37 30 21 26 35 29 23 17 18 
51 61 65 65 62 67 63 68 66 78 75 56 49 46 40 37 30 21 26 35 29 23 17 18 
51 61 65 65 54 57 59 64 69 80 81 71 74 67 63 68 77 73 72 75 56 49 46 40 36 35 29 23 17 18 
51 61 65 65 54 57 59 64 69 80 81 82 84 83 74 67 62 60 58 55 52 50 46 40 36 35 29 23 17 18 
51 61 65 65 62 60 58 55 52 50 46 40 36 35 29 23 17 18 
---------------
Request id 3
61 65 65 62 67 74 83 84 82 81 80 69 79 86 70 76 
61 65 65 62 67 74 83 84 82 81 80 69 79 76 
61 65 65 45 34 48 53 54 57 59 64 69 79 76 
61 65 65 62 60 58 55 52 50 46 49 56 75 72 73 77 68 63 67 74 71 81 80 69 79 76 
61 65 65 54 57 59 64 69 79 86 70 76 
---------------
Request id 4
53 54 57 59 64 69 80 81 71 74 67 62 65 65 62 67 63 68 66 78 75 56 49 46 40 43 33 20 
53 54 57 59 64 69 80 81 82 84 83 74 67 63 68 77 73 72 75 56 49 46 50 52 55 58 60 62 65 65 62 60 58 55 52 50 46 40 28 19 5 15 20 
53 54 57 59 64 69 80 81 82 84 83 74 67 63 68 77 73 72 75 56 49 46 50 52 55 58 60 62 65 65 62 67 63 68 66 78 75 56 49 46 40 28 19 5 15 20 
53 54 65 65 62 60 58 55 52 50 46 40 28 19 5 15 20 
53 48 34 45 65 65 62 60 58 55 52 50 46 40 43 33 20 
---------------
Request id 5
53 54 57 59 64 69 80 81 82 84 83 74 67 63 68 66 78 75 56 49 46 50 52 55 58 60 62 65 65 65 62 67 63 68 66 78 
53 54 57 59 64 69 80 81 82 84 83 74 67 62 65 65 65 45 34 48 53 54 57 59 64 69 80 81 71 74 67 63 68 66 78 
53 54 65 65 65 62 67 63 68 77 73 72 75 78 
53 54 57 59 64 69 80 81 71 74 67 63 68 77 73 72 75 56 49 46 50 52 55 58 60 62 65 65 65 45 34 48 53 54 57 59 64 69 80 81 82 84 83 74 67 63 68 66 78 
53 54 57 59 64 69 80 81 82 84 83 74 67 63 68 66 78 75 56 49 46 50 52 55 58 60 62 65 65 65 62 60 58 55 52 50 46 49 56 75 78 
---------------
Request id 23
13 9 9 17 23 29 35 36 40 46 50 52 55 58 60 62 65 54 57 59 64 69 79 76 70 86 93 
13 32 31 22 14 11 6 4 0 3 2 1 8 7 12 17 9 9 17 23 29 35 36 40 46 50 52 55 58 60 62 65 54 57 59 64 69 79 86 93 
13 9 9 17 23 29 35 26 21 30 37 40 46 50 52 55 58 60 62 65 54 57 59 64 69 79 86 93 
13 32 31 22 14 11 6 4 0 3 2 1 8 7 12 17 9 9 17 23 29 35 36 40 46 50 52 55 58 60 62 65 54 57 59 64 69 79 76 70 86 93 
13 32 31 22 14 11 6 4 0 3 2 1 8 7 12 17 9 9 17 23 29 35 36 40 46 50 52 55 58 60 62 67 74 83 84 82 81 80 69 79 86 93 
---------------
Request id 25
35 36 40 46 50 52 55 58 60 
35 26 21 30 37 40 46 49 56 75 78 66 68 63 67 74 71 81 80 69 64 59 57 54 53 48 34 45 65 62 60 
35 26 21 30 37 40 46 49 56 75 78 66 68 63 67 62 60 
35 26 21 30 37 40 46 49 56 75 72 73 77 68 63 67 74 83 84 82 81 80 69 64 59 57 54 65 62 60 
35 36 40 46 49 56 75 78 66 68 63 67 62 60 
---------------
Request id 28
73 77 68 63 67 74 83 84 82 81 80 69 64 59 57 54 53 48 34 45 65 62 60 58 55 52 50 46 49 56 75 75 56 49 46 40 37 30 21 26 35 29 23 17 9 13 32 31 22 14 11 6 4 0 
73 72 75 75 56 49 46 40 36 35 29 23 17 12 7 8 1 2 3 0 
73 77 68 63 67 74 83 84 82 81 80 69 64 59 57 54 65 62 60 58 55 52 50 46 49 56 75 75 56 49 46 40 36 35 29 23 17 12 7 8 1 2 3 0 
73 77 68 66 78 75 75 56 49 46 40 37 30 21 26 35 29 23 17 9 3 0 
73 77 68 63 67 74 83 84 82 81 80 69 64 59 57 54 53 48 34 45 65 62 60 58 55 52 50 46 49 56 75 75 56 49 46 40 37 30 21 26 35 29 23 17 9 3 0 
---------------
Request id 6
102 101 85 83 84 82 81 80 69 64 59 57 54 53 48 34 45 65 65 45 34 48 53 54 57 59 64 69 80 81 82 84 83 85 87 
102 101 85 83 74 71 81 80 69 64 59 57 54 65 65 62 67 74 83 85 87 
102 101 85 83 74 71 81 80 69 64 59 57 54 53 48 34 45 65 65 45 34 48 53 54 57 59 64 69 80 81 71 74 83 85 87 
102 98 94 87 85 83 84 82 81 80 69 64 59 57 54 65 65 62 67 74 71 81 82 84 83 85 101 102 98 94 87 
102 101 85 83 84 82 81 71 74 67 62 65 65 45 34 48 53 54 57 59 64 69 80 81 82 84 83 85 87 
---------------
Request id 11
7 8 1 2 3 0 4 6 11 14 22 31 32 13 9 17 23 29 35 36 40 46 50 52 55 58 60 62 65 54 57 59 64 69 80 81 71 74 67 63 68 66 78 75 56 49 42 
7 8 1 2 3 9 17 23 29 35 36 40 46 50 52 55 58 60 62 65 54 57 59 64 69 80 81 82 84 83 74 67 63 68 66 78 75 56 49 42 
7 8 1 2 3 0 4 6 11 14 22 31 32 13 9 17 23 29 35 36 40 46 49 42 
7 8 1 2 3 0 4 6 11 14 22 31 32 13 9 17 23 29 35 36 40 46 50 52 55 58 60 62 65 54 57 59 64 69 80 81 82 84 83 74 67 63 68 77 73 72 75 56 49 42 
7 8 1 2 3 0 4 6 11 14 22 31 32 13 9 17 23 29 35 26 21 30 37 40 46 50 52 55 58 60 62 67 63 68 66 78 75 56 49 42 
---------------
Request id 18
64 69 80 81 71 74 67 62 65 65 65 45 34 48 53 54 57 59 64 69 79 86 70 76 
64 69 80 81 82 84 83 74 67 63 68 66 78 75 56 49 46 50 52 55 58 60 62 65 65 65 54 57 59 64 69 79 86 70 76 
64 69 80 81 82 84 83 74 67 63 68 77 73 72 75 56 49 46 50 52 55 58 60 62 65 65 65 54 57 59 64 69 79 86 70 76 
64 69 80 81 82 84 83 74 67 63 68 77 73 72 75 56 49 46 50 52 55 58 60 62 65 65 65 54 57 59 64 69 79 76 
64 69 80 81 82 84 83 74 67 62 65 65 65 62 60 58 55 52 50 46 49 56 75 72 73 77 68 63 67 74 71 81 80 69 79 76 
---------------
Request id 15
66 68 77 73 72 75 72 73 77 68 63 67 74 83 84 82 81 
66 78 75 78 66 68 63 67 62 65 45 34 48 53 54 57 59 64 69 80 81 
66 68 63 67 74 83 84 82 81 80 69 64 59 57 54 53 48 34 45 65 62 60 58 55 52 50 46 49 56 75 78 66 68 63 67 74 83 84 82 81 
66 78 75 78 66 68 63 67 74 83 84 82 81 
66 68 63 67 74 83 84 82 81 80 69 64 59 57 54 65 62 60 58 55 52 50 46 49 56 75 72 73 77 68 63 67 74 83 84 82 81 
---------------
Request id 17
5 15 15 20 33 43 40 46 47 
5 19 28 40 43 33 20 25 24 16 10 15 15 5 19 28 40 46 47 
5 19 28 40 41 33 20 15 15 5 19 28 40 46 47 
5 19 28 40 43 33 20 25 24 16 10 15 15 20 33 41 40 46 47 
5 19 28 40 41 33 20 25 24 16 10 15 15 5 19 28 40 46 47 
---------------
Request id 27
86 79 69 80 81 71 74 67 63 68 66 78 75 56 49 46 50 52 55 58 60 62 65 65 54 57 59 64 69 80 81 71 74 67 63 68 66 78 75 56 49 46 40 37 30 21 26 
86 70 76 79 69 64 59 57 54 53 48 34 45 65 65 62 67 63 68 66 78 75 56 49 46 40 36 35 26 
86 70 76 79 69 64 59 57 54 65 65 62 60 58 55 52 50 46 40 36 35 26 
86 79 69 80 81 82 84 83 74 67 62 65 65 62 60 58 55 52 50 46 40 37 30 21 26 
86 79 69 64 59 57 54 53 48 34 45 65 65 62 67 63 68 66 78 75 56 49 46 40 36 35 26 
---------------
Request id 30
72 73 77 68 63 67 74 71 81 80 69 64 59 57 54 53 48 34 45 65 62 60 58 55 52 50 46 49 56 75 75 75 78 66 68 63 67 74 71 81 82 84 83 85 101 102 98 94 87 
72 73 77 68 63 67 74 83 84 82 81 80 69 64 59 57 54 53 48 34 45 65 62 60 58 55 52 50 46 49 56 75 75 75 72 73 77 68 63 67 74 71 81 82 84 83 85 87 
72 73 77 68 66 78 75 75 75 78 66 68 63 67 74 83 85 87 
72 73 77 68 63 67 74 71 81 80 69 64 59 57 54 53 48 34 45 65 62 60 58 55 52 50 46 49 56 75 75 75 72 73 77 68 63 67 74 83 85 87 
72 73 77 68 63 67 74 83 84 82 81 80 69 64 59 57 54 53 48 34 45 65 62 60 58 55 52 50 46 49 56 75 75 75 78 66 68 63 67 74 83 85 87 
---------------
Request id 22
10 15 15 20 33 41 40 46 49 56 75 78 66 68 77 73 72 
10 15 15 10 16 24 25 20 33 43 40 46 49 56 75 72 
10 16 24 25 20 33 41 40 28 19 5 15 15 20 33 43 40 46 49 56 75 72 
10 15 15 5 19 28 40 46 50 52 55 58 60 62 67 63 68 77 73 72 
10 16 24 25 20 33 41 40 28 19 5 15 15 5 19 28 40 46 50 52 55 58 60 62 67 63 68 77 73 72 
---------------
Request id 20
58 55 52 50 46 49 56 75 78 66 68 63 67 74 71 81 80 69 64 59 57 54 65 65 65 62 60 58 55 52 50 46 40 36 35 29 23 17 9 3 2 1 8 7 
58 60 62 65 65 65 62 60 58 55 52 50 46 40 36 35 29 23 17 12 7 
58 55 52 50 46 49 56 75 72 73 77 68 63 67 74 71 81 80 69 64 59 57 54 65 65 65 62 67 63 68 77 73 72 75 56 49 46 40 36 35 29 23 17 9 3 2 1 8 7 
58 55 52 50 46 49 56 75 78 66 68 63 67 74 83 84 82 81 80 69 64 59 57 54 65 65 65 62 60 58 55 52 50 46 40 36 35 29 23 17 9 3 2 1 8 7 
58 60 62 65 65 65 62 67 63 68 66 78 75 56 49 46 40 36 35 29 23 17 12 7 
---------------
Request id 14
84 83 74 67 62 65 65 62 60 58 55 52 50 46 40 41 33 44 
84 83 74 67 62 65 65 62 60 58 55 52 50 46 40 28 19 5 15 20 33 44 
84 83 74 67 63 68 77 73 72 75 56 49 46 50 52 55 58 60 62 65 65 62 67 63 68 77 73 72 75 56 49 46 40 28 19 5 15 20 33 44 
84 82 81 80 69 64 59 57 54 65 65 62 67 63 68 66 78 75 56 49 46 40 43 33 44 
84 82 81 71 74 67 62 65 65 62 60 58 55 52 50 46 40 43 33 44 
---------------
