Request id 14
48 46 41 40 32 28 25 18 16 24 24 24 16 11 13 3 5 0 
48 46 41 40 32 28 26 23 24 24 24 16 18 13 3 5 0 
48 44 45 37 36 29 25 18 16 24 24 24 16 18 13 3 5 0 
48 44 45 37 36 29 19 15 18 16 24 24 24 16 11 6 3 5 0 
48 46 41 40 39 38 34 31 27 24 24 24 16 18 15 9 2 0 
48 44 45 37 36 29 25 28 26 23 24 24 24 20 17 16 18 13 0 
48 44 45 37 36 29 25 28 26 23 24 24 24 16 11 13 3 5 0 
48 46 41 40 39 33 30 24 24 24 16 18 15 9 2 0 
48 46 41 40 32 28 25 18 16 24 24 24 16 11 6 3 5 0 
48 44 45 37 36 29 25 18 16 24 24 24 16 11 13 3 5 0 
48 46 54 62 61 41 40 39 33 30 24 24 24 16 11 6 3 13 0 
48 44 45 37 36 29 25 18 16 24 24 24 16 11 6 3 13 0 
48 46 41 40 39 33 30 24 24 24 16 11 6 3 13 0 
48 46 54 62 61 41 40 39 33 30 24 24 24 20 17 16 18 13 0 
48 46 41 40 32 28 26 23 24 24 24 16 11 6 3 13 0 
48 46 41 40 32 28 26 23 24 24 24 23 26 28 25 18 13 0 
48 46 41 61 59 56 40 39 33 30 24 24 24 16 11 13 0 
48 46 41 40 32 28 25 18 16 24 24 24 20 17 16 11 13 0 
48 46 54 62 61 41 40 39 33 30 24 24 24 16 11 6 3 5 0 
48 44 45 37 36 29 19 15 18 16 24 24 24 20 17 16 18 13 0 
48 44 45 37 36 29 19 15 18 16 24 24 24 16 11 13 0 
48 46 41 40 32 28 26 23 24 24 24 16 11 13 3 5 0 
48 44 45 37 36 29 25 28 26 23 24 24 24 16 18 15 9 2 0 
48 44 45 37 35 32 28 26 23 24 24 24 20 17 16 11 13 0 
48 44 45 37 36 29 25 18 16 24 24 24 20 17 16 11 13 0 
48 44 45 37 36 29 19 15 18 16 24 24 24 16 18 13 3 5 0 
48 44 45 37 36 29 19 15 18 16 24 24 24 20 17 16 11 13 0 
48 46 54 62 61 41 40 39 33 30 24 24 24 16 18 15 9 2 0 
48 46 41 40 32 28 26 23 24 24 24 16 11 13 0 
48 46 41 40 32 28 25 18 16 24 24 24 16 18 13 3 5 0 
48 46 41 40 39 33 30 24 24 24 16 18 13 3 5 0 
48 46 41 40 39 33 30 24 24 24 16 11 13 3 5 0 
48 46 41 40 39 38 34 31 27 24 24 24 16 11 6 3 13 0 
48 46 54 62 61 41 40 39 33 30 24 24 24 16 18 13 3 5 0 
48 46 41 40 39 33 30 24 24 24 16 11 6 3 5 0 
48 44 45 37 35 32 28 26 23 24 24 24 23 26 28 25 18 13 0 
48 44 45 37 35 32 28 26 23 24 24 24 20 17 16 18 13 0 
48 46 41 40 32 28 25 18 16 24 24 24 20 17 16 18 13 0 
48 46 41 40 39 38 34 31 27 24 24 24 16 11 13 3 5 0 
48 46 41 61 59 56 40 39 33 30 24 24 24 16 18 15 9 2 0 
---------------
Request id 10
67 66 62 61 41 40 39 33 30 24 16 18 18 25 28 32 40 56 59 61 62 54 65 
67 66 62 61 41 40 32 28 25 18 18 25 28 32 40 41 46 54 65 
67 69 68 65 54 46 41 40 32 28 25 18 18 25 29 36 37 45 44 48 57 60 64 65 
67 66 63 58 56 40 39 33 30 24 16 18 18 25 29 36 37 35 32 40 41 46 54 65 
67 68 65 54 46 41 40 32 28 25 18 18 25 28 32 40 56 59 61 62 54 65 
67 68 65 54 46 41 40 32 28 25 18 18 16 24 30 33 39 40 41 61 62 54 65 
67 66 62 54 46 41 40 32 28 25 18 18 16 24 30 33 39 40 41 46 54 65 
67 66 62 61 41 40 39 33 30 24 16 18 18 25 28 32 40 41 61 62 54 65 
67 66 62 61 41 40 32 28 26 23 24 16 18 18 16 24 30 33 39 40 41 46 54 65 
67 66 63 58 56 40 32 28 25 18 18 16 24 30 33 39 40 41 61 62 54 65 
67 68 65 54 62 61 41 40 32 28 25 18 18 25 29 36 37 45 44 48 46 54 65 
67 68 65 54 62 61 41 40 32 28 25 18 18 25 29 36 37 45 44 48 57 60 64 65 
67 66 62 61 41 40 32 28 26 23 24 16 18 18 25 28 32 40 41 46 54 65 
67 68 65 54 46 41 40 32 28 25 18 18 25 29 36 37 35 32 40 41 46 54 65 
67 66 62 61 41 40 32 28 25 18 18 25 29 36 37 35 32 40 41 46 54 65 
67 68 65 54 62 61 41 40 32 28 25 18 18 25 28 32 40 41 46 54 65 
67 66 62 61 41 40 32 28 26 23 24 16 18 18 25 29 36 37 45 44 48 46 54 65 
67 66 62 54 46 41 40 32 28 25 18 18 25 28 32 40 56 59 61 62 54 65 
67 68 65 54 46 41 40 32 28 25 18 18 25 28 32 40 41 46 54 65 
67 68 65 54 46 41 40 32 28 25 18 18 25 28 32 35 37 45 44 48 46 54 65 
67 66 62 61 41 40 39 33 30 24 16 18 18 25 29 36 37 45 44 48 46 54 65 
67 69 68 65 54 46 41 40 32 28 25 18 18 16 24 30 33 39 40 41 61 62 54 65 
67 66 62 61 41 40 32 28 25 18 18 25 28 32 40 41 61 62 54 65 
67 68 65 54 62 61 41 40 32 28 25 18 18 25 28 32 40 56 59 61 62 54 65 
67 66 62 61 41 40 39 33 30 24 16 18 18 25 28 32 40 41 46 54 65 
67 68 65 54 46 41 40 32 28 25 18 18 25 28 32 40 41 61 62 54 65 
67 66 62 54 46 41 40 32 28 25 18 18 25 28 32 35 37 45 44 48 46 54 65 
67 66 62 61 59 56 40 32 28 25 18 18 16 24 30 33 39 40 41 61 62 54 65 
67 68 65 54 46 41 40 32 28 25 18 18 15 19 29 36 37 45 44 48 46 54 65 
67 69 68 65 54 46 41 40 32 28 25 18 18 16 24 30 33 39 40 41 46 54 65 
67 66 62 61 59 56 40 32 28 25 18 18 25 29 36 37 35 32 40 41 46 54 65 
67 68 65 54 62 61 41 40 32 28 25 18 18 25 29 36 37 35 32 40 41 46 54 65 
67 69 68 65 54 46 41 40 32 28 25 18 18 25 28 32 40 56 59 61 62 54 65 
67 66 62 61 41 40 32 28 26 23 24 16 18 18 25 29 36 37 35 32 40 41 46 54 65 
67 66 63 58 56 40 32 28 25 18 18 25 29 36 37 45 44 48 46 54 65 
67 66 62 54 46 41 40 32 28 25 18 18 25 29 36 37 45 44 48 57 60 64 65 
67 66 62 61 59 56 40 32 28 25 18 18 25 28 32 40 56 59 61 62 54 65 
67 68 65 54 62 61 41 40 32 28 25 18 18 15 19 29 36 37 45 44 48 46 54 65 
67 66 62 61 41 40 32 28 25 18 18 16 24 30 33 39 40 41 46 54 65 
67 68 65 54 62 61 41 40 32 28 25 18 18 25 28 32 40 41 61 62 54 65 
---------------
Request id 15
74 70 64 60 57 48 46 41 40 32 28 26 23 24 24 20 17 21 22 27 31 
74 70 64 65 54 62 61 59 56 40 39 33 30 24 24 23 26 28 32 40 56 51 42 38 34 31 
74 70 64 60 57 48 46 41 40 32 28 26 23 24 24 27 31 
74 70 64 65 54 46 41 61 59 56 40 39 33 30 24 24 23 26 28 32 40 39 38 34 31 
74 70 64 65 54 46 41 40 32 28 25 18 16 24 24 16 17 21 22 27 31 
74 70 64 65 54 62 61 41 40 32 28 26 23 24 24 27 31 
74 70 64 65 54 46 41 40 32 28 25 18 16 24 24 30 33 39 40 56 51 42 38 34 31 
74 70 64 65 54 46 41 40 32 28 26 23 24 24 16 17 21 22 27 31 
74 70 64 60 57 48 46 41 40 39 33 30 24 24 30 33 39 40 56 51 42 38 34 31 
74 70 64 65 54 46 41 40 32 28 26 23 24 24 27 31 
74 70 64 65 54 46 41 40 39 38 34 31 27 24 24 23 26 28 32 40 39 38 34 31 
74 70 64 65 54 46 41 40 32 28 26 23 24 24 30 33 39 38 34 31 
74 70 64 65 54 46 41 40 39 33 30 24 24 20 17 21 22 27 31 
74 70 64 65 54 46 41 40 39 38 34 31 27 24 24 27 31 
74 70 64 65 54 46 41 61 59 56 40 39 33 30 24 24 16 11 12 14 17 21 22 27 31 
74 70 64 65 54 46 41 40 39 33 30 24 24 16 17 21 22 27 31 
74 70 64 65 54 62 61 41 40 32 28 26 23 24 24 23 26 28 32 40 39 38 34 31 
74 70 64 65 54 46 41 61 59 56 40 39 33 30 24 24 30 33 39 38 34 31 
74 70 64 65 54 46 41 40 32 28 25 18 16 24 24 23 26 28 32 40 56 51 42 38 34 31 
74 70 64 65 54 62 61 41 40 39 33 30 24 24 27 31 
74 70 64 65 54 62 61 41 40 39 33 30 24 24 23 26 28 32 40 39 38 34 31 
74 70 64 65 54 46 41 40 39 33 30 24 24 23 26 28 32 40 39 38 34 31 
74 70 64 60 57 48 46 41 40 32 28 26 23 24 24 16 11 12 14 17 21 22 27 31 
74 70 64 65 54 46 41 61 59 56 40 39 33 30 24 24 16 18 25 28 32 40 39 38 34 31 
74 70 64 65 54 46 41 40 32 28 25 18 16 24 24 27 31 
74 70 64 65 54 62 61 41 40 39 33 30 24 24 30 33 39 38 34 31 
74 70 64 65 54 46 41 40 39 33 30 24 24 27 31 
74 70 64 65 54 62 61 41 40 39 33 30 24 24 16 18 25 28 32 40 39 38 34 31 
74 70 64 65 54 62 61 41 40 32 28 26 23 24 24 16 17 21 22 27 31 
74 70 64 65 54 62 61 59 56 40 39 33 30 24 24 20 17 21 22 27 31 
74 70 64 65 54 62 61 41 40 32 28 26 23 24 24 16 11 12 14 17 21 22 27 31 
74 70 64 65 54 46 41 61 59 56 40 39 33 30 24 24 30 33 39 40 56 51 42 38 34 31 
74 70 64 65 54 62 61 41 40 32 28 26 23 24 24 16 18 25 28 32 40 39 38 34 31 
74 70 64 65 54 46 41 40 39 33 30 24 24 30 33 39 40 56 51 42 38 34 31 
74 70 64 65 54 46 41 40 39 38 34 31 27 24 24 30 33 39 38 34 31 
74 70 64 65 54 62 61 59 56 40 39 33 30 24 24 16 17 21 22 27 31 
74 70 64 65 54 62 61 59 56 40 39 33 30 24 24 16 18 25 28 32 40 39 38 34 31 
74 70 64 65 54 46 41 40 32 28 25 18 16 24 24 20 17 21 22 27 31 
74 70 64 65 54 62 61 41 40 32 28 26 23 24 24 23 26 28 32 40 56 51 42 38 34 31 
74 70 64 60 57 48 46 41 40 39 33 30 24 24 23 26 28 32 40 39 38 34 31 
---------------
Request id 19
7 8 6 11 13 3 3 3 6 11 16 18 13 0 5 
7 8 10 12 11 16 18 13 3 3 3 13 0 5 
7 8 6 11 13 3 3 3 6 11 16 18 15 9 2 0 5 
7 8 10 12 11 6 3 3 3 1 4 7 8 6 11 13 0 5 
7 8 10 12 11 13 3 3 3 6 11 16 18 13 0 5 
7 8 10 12 11 16 18 13 3 3 3 6 8 10 12 11 13 0 5 
7 8 10 12 11 16 18 13 3 3 3 13 18 15 9 2 0 5 
7 8 10 12 11 16 18 13 3 3 3 6 11 13 0 5 
7 8 6 3 3 3 13 18 15 9 2 0 5 
7 8 10 12 11 13 3 3 3 1 4 7 8 6 11 13 0 5 
7 4 1 3 3 3 6 11 13 18 15 9 2 0 5 
7 4 1 3 3 3 6 11 16 18 13 0 5 
7 8 10 12 14 17 16 11 6 3 3 3 5 
7 4 1 3 3 3 6 11 16 18 15 9 2 0 5 
7 8 10 12 11 6 3 3 3 13 11 16 18 15 9 2 0 5 
7 4 1 3 3 3 6 8 10 12 11 13 0 5 
7 8 6 11 13 0 5 3 3 3 6 11 13 0 5 
7 8 10 12 11 6 3 3 3 13 0 5 
7 8 6 11 13 3 3 3 6 11 13 18 15 9 2 0 5 
7 8 6 11 13 0 5 3 3 3 6 8 10 12 11 13 0 5 
7 8 6 3 3 3 5 
7 8 6 11 13 3 3 3 13 18 15 9 2 0 5 
7 8 10 12 14 17 16 11 6 3 3 3 13 0 5 
7 8 6 11 13 0 5 3 3 3 13 18 15 9 2 0 5 
7 8 10 12 11 16 18 13 3 3 3 1 4 7 8 6 11 13 0 5 
7 8 10 12 11 13 0 5 3 3 3 13 0 5 
7 8 10 12 11 13 0 5 3 3 3 6 11 13 18 15 9 2 0 5 
7 8 10 12 11 13 3 3 3 13 0 5 
7 8 6 11 13 0 5 3 3 3 13 0 5 
7 8 6 11 16 18 13 3 3 3 6 8 10 12 11 13 0 5 
7 8 10 12 11 13 0 5 3 3 3 13 11 16 18 15 9 2 0 5 
7 8 10 12 11 13 3 3 3 6 8 10 12 11 13 0 5 
7 8 10 12 11 13 3 3 3 13 11 16 18 15 9 2 0 5 
7 8 10 12 11 6 3 3 3 13 18 15 9 2 0 5 
7 8 6 11 13 0 5 3 3 3 6 11 13 18 15 9 2 0 5 
7 8 6 11 13 3 3 3 1 4 7 8 6 11 13 0 5 
7 8 10 12 14 17 16 11 6 3 3 3 1 4 7 8 6 11 13 0 5 
7 8 6 11 16 18 13 3 3 3 6 11 16 18 15 9 2 0 5 
7 8 10 12 11 6 3 3 3 6 11 13 0 5 
7 8 6 3 3 3 6 11 13 0 5 
---------------
Request id 5
19 15 9 2 0 5 3 13 11 16 18 18 18 25 28 32 40 41 46 48 57 
19 15 9 2 0 13 18 18 18 25 28 32 40 41 46 48 57 
19 15 9 2 0 13 3 6 11 16 18 18 18 16 24 23 26 28 32 40 41 46 48 57 
19 15 18 18 18 15 19 29 36 37 45 44 48 57 
19 15 18 18 18 25 28 32 40 56 59 61 41 46 48 57 
19 29 25 28 26 23 24 16 11 13 18 18 18 16 24 30 33 39 40 41 46 48 57 
19 15 9 2 0 13 3 6 11 16 18 18 18 15 19 29 36 37 45 44 48 57 
19 29 25 18 18 18 25 28 32 35 37 45 44 48 57 
19 15 9 2 0 5 3 13 11 16 18 18 18 25 29 36 37 45 44 48 57 
19 15 9 2 0 13 11 16 18 18 18 25 28 32 40 56 59 61 41 46 48 57 
19 29 25 28 26 23 24 16 18 18 18 15 19 29 36 37 45 44 48 57 
19 29 25 28 26 23 24 16 11 13 18 18 18 15 19 29 25 28 32 40 41 46 48 57 
19 29 25 28 26 23 24 16 18 18 18 16 24 23 26 28 32 40 41 46 48 57 
19 29 36 37 35 32 28 25 18 18 18 25 28 32 40 41 46 48 57 
19 15 9 2 0 13 18 18 18 16 24 23 26 28 32 40 41 46 48 57 
19 15 9 2 0 13 18 18 18 15 19 29 25 28 32 40 41 46 48 57 
19 29 25 18 18 18 25 28 32 40 56 59 61 41 46 48 57 
19 15 9 2 0 5 3 13 11 16 18 18 18 15 19 29 36 37 45 44 48 57 
19 29 36 37 35 32 28 25 18 18 18 25 29 36 37 45 44 48 57 
19 29 36 37 35 32 28 25 18 18 18 25 28 32 40 56 59 61 41 46 48 57 
19 15 9 2 0 13 3 6 11 16 18 18 18 16 24 30 33 39 40 41 46 48 57 
19 29 25 28 26 23 24 16 11 13 18 18 18 15 19 29 36 37 45 44 48 57 
19 15 18 18 18 25 28 32 40 41 46 48 57 
19 29 25 28 26 23 24 16 18 18 18 25 28 32 40 41 46 54 65 64 60 57 
19 15 9 2 0 13 11 16 18 18 18 25 28 32 40 41 61 62 54 46 48 57 
19 15 9 2 0 13 3 6 11 16 18 18 18 25 29 36 37 45 44 48 57 
19 29 25 28 26 23 24 16 18 18 18 25 28 32 40 56 59 61 41 46 48 57 
19 15 18 18 18 25 28 32 40 41 46 54 65 64 60 57 
19 15 9 2 0 5 3 13 11 16 18 18 18 16 24 30 33 39 40 41 46 48 57 
19 15 9 2 0 5 3 13 18 18 18 16 24 30 33 39 40 41 46 48 57 
19 15 9 2 0 13 11 16 18 18 18 25 28 32 40 41 46 48 57 
19 15 9 2 0 13 3 6 11 16 18 18 18 15 19 29 25 28 32 40 41 46 48 57 
19 29 36 37 35 32 28 25 18 18 18 25 28 32 40 41 46 54 65 64 60 57 
19 29 36 37 35 32 28 25 18 18 18 25 28 32 35 37 45 44 48 57 
19 15 9 2 0 13 11 16 18 18 18 25 28 32 40 41 46 54 65 64 60 57 
19 29 25 18 18 18 25 29 36 37 45 44 48 57 
19 15 18 18 18 16 24 30 33 39 40 41 46 48 57 
19 15 9 2 0 13 11 16 18 18 18 25 29 36 37 45 44 48 57 
19 29 36 37 35 32 28 25 18 18 18 15 19 29 36 37 45 44 48 57 
19 15 9 2 0 13 3 6 11 16 18 18 18 25 28 32 40 41 46 54 65 64 60 57 
---------------
Request id 3
30 33 39 40 32 28 25 18 13 11 16 24 23 26 28 32 35 37 
30 33 39 38 34 31 27 22 21 17 16 24 20 17 16 18 15 19 29 36 37 
30 33 39 40 56 51 42 38 34 31 27 24 16 11 13 18 25 29 36 37 
30 33 39 40 32 28 26 23 24 20 17 16 18 25 29 36 37 
30 33 39 38 34 31 27 24 16 18 25 28 32 35 37 
30 33 39 38 42 51 56 40 32 28 26 23 24 20 17 16 18 25 29 36 37 
30 33 39 38 34 31 27 22 21 17 20 24 20 17 16 18 15 19 29 36 37 
30 33 39 38 42 51 56 40 32 28 26 23 24 23 26 28 32 35 37 
30 24 16 18 15 19 29 36 37 
30 33 39 38 34 31 27 24 23 26 28 25 29 36 37 
30 33 39 40 56 51 42 38 34 31 27 24 16 18 25 29 36 37 
30 33 39 38 42 51 56 40 32 28 26 23 24 30 33 39 40 32 35 37 
30 33 39 40 32 28 25 18 16 17 20 24 16 18 25 28 32 35 37 
30 33 39 40 56 51 42 38 34 31 27 24 20 17 16 18 25 28 32 35 37 
30 33 39 40 32 28 25 18 16 24 16 18 25 29 36 37 
30 33 39 40 56 51 42 38 34 31 27 24 20 17 16 18 25 29 36 37 
30 33 39 38 34 31 27 22 21 17 20 24 30 33 39 40 32 35 37 
30 33 39 40 56 51 42 38 34 31 27 24 23 26 28 32 35 37 
30 33 39 38 34 31 27 22 21 17 20 24 20 17 16 18 25 29 36 37 
30 33 39 40 32 28 26 23 24 20 17 16 18 25 28 32 35 37 
30 33 39 40 32 28 25 18 16 17 20 24 23 26 28 32 35 37 
30 33 39 38 42 51 56 40 32 28 26 23 24 20 17 16 18 15 19 29 36 37 
30 33 39 40 32 28 25 18 16 24 20 17 16 18 15 19 29 36 37 
30 33 39 40 32 28 26 23 24 16 11 13 18 25 29 36 37 
30 33 39 40 32 28 25 18 13 11 16 24 16 11 13 18 25 29 36 37 
30 24 20 17 16 18 25 29 36 37 
30 33 39 38 42 51 56 40 32 28 26 23 24 16 11 13 18 25 29 36 37 
30 33 39 38 34 31 27 22 21 17 20 24 16 18 15 19 29 36 37 
30 33 39 40 32 28 25 18 16 17 20 24 16 18 25 29 36 37 
30 33 39 38 34 31 27 24 16 11 13 18 25 29 36 37 
30 33 39 40 32 28 25 18 13 11 16 24 16 18 25 28 32 35 37 
30 33 39 40 32 28 25 18 16 17 20 24 16 11 13 18 25 29 36 37 
30 33 39 40 32 28 25 18 16 24 20 17 16 18 25 29 36 37 
30 33 39 38 34 31 27 22 21 17 20 24 16 11 13 18 25 29 36 37 
30 33 39 38 34 31 27 24 16 18 15 19 29 36 37 
30 33 39 38 42 51 56 40 32 28 26 23 24 16 18 15 19 29 36 37 
30 33 39 40 32 28 26 23 24 16 18 15 19 29 36 37 
30 33 39 40 32 28 25 18 16 24 16 11 13 18 25 29 36 37 
30 33 39 40 56 51 42 38 34 31 27 24 20 17 16 18 15 19 29 36 37 
30 33 39 38 34 31 27 22 21 17 16 24 16 18 25 28 32 35 37 
---------------
Request id 1
38 42 51 56 40 32 28 26 23 24 24 24 16 11 6 3 13 0 
38 34 31 27 24 24 24 16 18 13 0 
38 39 40 32 28 25 18 16 17 20 24 24 24 16 17 14 12 11 13 0 
38 42 51 56 40 39 33 30 24 24 24 16 11 6 3 13 0 
38 39 40 32 28 25 18 16 24 24 24 20 17 16 11 13 0 
38 39 40 32 28 25 18 16 24 24 24 16 11 13 3 5 0 
38 39 40 32 28 26 23 24 24 24 16 11 6 3 5 0 
38 34 31 27 22 21 17 16 24 24 24 16 11 6 3 13 0 
38 39 40 32 28 26 23 24 24 24 16 17 14 12 11 13 0 
38 34 31 27 24 24 24 16 17 14 12 11 13 0 
38 34 31 27 22 21 17 20 24 24 24 16 11 13 0 
38 34 31 27 22 21 17 16 24 24 24 20 17 16 18 13 0 
38 39 33 30 24 24 24 16 11 13 3 5 0 
38 39 40 32 28 26 23 24 24 24 20 17 16 18 13 0 
38 34 31 27 22 21 17 20 24 24 24 16 17 14 12 11 13 0 
38 39 40 32 28 25 18 16 17 20 24 24 24 16 11 6 3 5 0 
38 39 40 32 28 26 23 24 24 24 16 18 13 3 5 0 
38 42 51 56 40 32 28 26 23 24 24 24 20 17 16 11 13 0 
38 39 40 32 28 25 18 13 11 16 24 24 24 16 17 14 12 11 13 0 
38 39 40 32 28 25 18 16 17 20 24 24 24 16 18 13 0 
38 34 31 27 24 24 24 16 11 6 3 5 0 
38 42 51 56 40 32 28 26 23 24 24 24 16 18 13 0 
38 34 31 27 22 21 17 20 24 24 24 16 18 13 0 
38 34 31 27 22 21 17 20 24 24 24 20 17 16 18 13 0 
38 34 31 27 22 21 17 20 24 24 24 16 18 13 3 5 0 
38 39 40 32 28 25 18 16 17 20 24 24 24 16 18 15 9 2 0 
38 34 31 27 22 21 17 20 24 24 24 16 18 15 9 2 0 
38 39 40 32 28 26 23 24 24 24 16 11 13 3 5 0 
38 34 31 27 22 21 17 16 24 24 24 16 18 13 3 5 0 
38 39 40 32 28 25 18 16 17 20 24 24 24 20 17 16 18 13 0 
38 42 51 56 40 39 33 30 24 24 24 16 18 13 3 5 0 
38 39 40 32 28 25 18 16 24 24 24 16 11 6 3 5 0 
38 42 51 56 40 32 28 26 23 24 24 24 16 11 13 0 
38 34 31 27 22 21 17 16 24 24 24 16 11 13 0 
38 34 31 27 22 21 17 20 24 24 24 16 11 13 3 5 0 
38 39 33 30 24 24 24 16 17 14 12 11 13 0 
38 39 40 32 28 25 18 16 24 24 24 16 18 13 0 
38 39 40 32 28 25 18 13 11 16 24 24 24 20 17 16 18 13 0 
38 39 33 30 24 24 24 20 17 16 18 13 0 
38 39 33 30 24 24 24 16 11 13 0 
---------------
Request id 2
9 15 18 18 18 13 11 16 24 23 26 28 
9 15 19 29 25 18 18 18 16 24 30 33 39 40 32 28 
9 2 0 13 18 18 18 25 28 
9 2 0 13 11 16 18 18 18 25 29 36 37 35 32 28 
9 2 0 13 18 18 18 25 29 36 37 35 32 28 
9 2 0 5 3 6 11 13 18 18 18 16 17 20 24 23 26 28 
9 2 0 5 3 13 11 16 18 18 18 13 0 2 9 15 19 29 25 28 
9 2 0 5 3 6 11 13 18 18 18 13 0 2 9 15 19 29 25 28 
9 2 0 13 11 12 14 17 16 18 18 18 13 0 2 9 15 19 29 25 28 
9 15 18 18 18 13 0 2 9 15 19 29 25 28 
9 15 18 18 18 16 24 23 26 28 
9 2 0 5 3 6 11 16 18 18 18 16 24 23 26 28 
9 2 0 5 3 6 11 16 18 18 18 13 0 2 9 15 19 29 25 28 
9 2 0 5 3 6 11 13 18 18 18 16 24 23 26 28 
9 2 0 5 3 13 18 18 18 16 17 20 24 23 26 28 
9 2 0 5 3 6 11 13 18 18 18 13 11 16 17 20 24 23 26 28 
9 2 0 13 3 6 11 16 18 18 18 15 19 29 36 37 35 32 28 
9 2 0 5 3 6 11 13 18 18 18 13 11 16 24 23 26 28 
9 2 0 13 3 6 11 16 18 18 18 13 11 16 17 20 24 23 26 28 
9 2 0 5 3 13 11 16 18 18 18 13 11 16 17 20 24 23 26 28 
9 2 0 5 3 13 18 18 18 13 11 16 24 23 26 28 
9 2 0 5 3 13 11 16 18 18 18 16 24 23 26 28 
9 15 19 29 25 18 18 18 13 11 16 17 20 24 23 26 28 
9 2 0 13 11 12 14 17 16 18 18 18 15 19 29 25 28 
9 2 0 5 3 6 11 16 18 18 18 13 11 16 24 23 26 28 
9 2 0 13 3 6 11 16 18 18 18 25 28 
9 2 0 13 11 16 18 18 18 16 24 30 33 39 40 32 28 
9 2 0 5 3 6 11 16 18 18 18 15 19 29 25 28 
9 2 0 5 3 13 11 16 18 18 18 16 24 30 33 39 40 32 28 
9 15 18 18 18 16 24 30 33 39 40 32 28 
9 2 0 13 18 18 18 16 24 23 26 28 
9 2 0 5 3 6 11 13 18 18 18 15 19 29 36 37 35 32 28 
9 2 0 5 3 6 11 13 18 18 18 25 29 36 37 35 32 28 
9 2 0 13 11 12 14 17 16 18 18 18 25 28 
9 2 0 5 3 13 18 18 18 15 19 29 36 37 35 32 28 
9 2 0 5 3 6 11 16 18 18 18 13 11 16 17 20 24 23 26 28 
9 2 0 5 3 6 11 13 18 18 18 25 28 
9 2 0 13 11 16 18 18 18 13 11 16 24 23 26 28 
9 15 18 18 18 25 28 
9 15 19 29 25 18 18 18 13 0 2 9 15 19 29 25 28 
---------------
Request id 4
30 33 39 38 34 31 27 24 24 16 18 13 3 5 
30 33 39 40 56 51 42 38 34 31 27 24 24 16 11 13 3 5 
30 33 39 40 32 28 25 18 16 17 20 24 24 20 17 16 18 13 0 5 
30 33 39 40 32 28 25 18 13 11 16 24 24 16 11 13 0 5 
30 24 24 20 17 16 18 13 3 5 
30 33 39 40 32 28 25 18 16 24 24 20 17 16 18 13 0 5 
30 33 39 38 34 31 27 22 21 17 16 24 24 16 11 6 3 13 0 5 
30 24 24 20 17 16 11 6 3 5 
30 33 39 40 32 28 25 18 16 17 20 24 24 16 11 6 3 13 0 5 
30 33 39 38 34 31 27 22 21 17 20 24 24 16 11 6 3 5 
30 33 39 40 32 28 25 18 13 11 16 24 24 16 18 13 3 5 
30 24 24 20 17 16 18 13 0 5 
30 33 39 38 34 31 27 24 24 20 17 16 11 6 3 5 
30 33 39 38 34 31 27 22 21 17 20 24 24 20 17 16 18 13 0 5 
30 33 39 38 34 31 27 22 21 17 16 24 24 16 11 13 0 5 
30 33 39 40 32 28 25 18 13 11 16 24 24 16 18 13 0 5 
30 33 39 40 32 28 25 18 16 24 24 16 18 13 0 5 
30 33 39 40 56 51 42 38 34 31 27 24 24 16 11 6 3 5 
30 33 39 40 32 28 26 23 24 24 16 18 13 3 5 
30 24 24 16 11 6 3 13 0 5 
30 24 24 16 18 13 3 5 
30 33 39 40 32 28 25 18 16 24 24 20 17 16 18 13 3 5 
30 33 39 38 34 31 27 22 21 17 16 24 24 16 18 13 0 5 
30 33 39 40 32 28 25 18 16 24 24 16 18 13 3 5 
30 33 39 40 32 28 26 23 24 24 20 17 16 18 13 3 5 
30 33 39 38 34 31 27 22 21 17 16 24 24 20 17 16 11 6 3 5 
30 33 39 40 32 28 25 18 16 17 20 24 24 16 18 13 0 5 
30 33 39 40 56 51 42 38 34 31 27 24 24 16 18 13 0 5 
30 33 39 38 34 31 27 22 21 17 20 24 24 20 17 16 18 13 3 5 
30 33 39 40 32 28 25 18 16 17 20 24 24 16 11 13 3 5 
30 33 39 38 42 51 56 40 32 28 26 23 24 24 20 17 16 11 6 3 5 
30 33 39 38 42 51 56 40 32 28 26 23 24 24 16 11 6 3 5 
30 33 39 40 56 51 42 38 34 31 27 24 24 16 18 13 11 6 3 5 
30 33 39 38 42 51 56 40 32 28 26 23 24 24 16 18 13 0 5 
30 33 39 40 32 28 25 18 13 11 16 24 24 20 17 16 11 6 3 5 
30 33 39 40 32 28 25 18 16 17 20 24 24 16 11 13 0 5 
30 33 39 38 34 31 27 22 21 17 20 24 24 16 18 13 3 5 
30 33 39 40 32 28 25 18 16 17 20 24 24 20 17 16 18 13 3 5 
30 33 39 38 42 51 56 40 32 28 26 23 24 24 16 11 6 3 13 0 5 
30 33 39 40 32 28 25 18 16 24 24 16 18 13 11 6 3 5 
---------------
Request id 9
31 34 38 39 33 30 24 24 27 31 34 38 42 51 56 58 
31 34 38 42 51 56 40 39 33 30 24 24 30 33 39 40 41 61 59 56 58 
31 27 22 21 17 14 12 11 16 24 24 30 33 39 38 42 51 56 58 
31 27 22 21 17 20 24 24 30 33 39 38 42 49 55 58 
31 34 38 39 40 32 28 25 18 16 24 24 27 31 34 38 39 40 56 58 
31 27 22 21 17 16 24 24 16 18 25 28 32 40 56 58 
31 27 22 21 17 20 24 24 30 33 39 40 56 58 
31 27 22 21 17 20 24 24 30 33 39 38 42 51 56 58 
31 27 22 21 17 20 24 24 27 31 34 38 39 40 56 58 
31 27 22 21 17 14 12 11 16 24 24 16 18 25 28 32 40 56 58 
31 27 22 21 17 20 24 24 23 26 28 32 40 56 58 
31 27 22 21 17 16 24 24 27 31 34 38 42 51 56 58 
31 27 22 21 17 16 18 25 28 26 23 24 24 30 33 39 38 42 49 55 58 
31 34 38 39 33 30 24 24 27 31 34 38 39 40 56 58 
31 27 22 21 17 14 12 11 13 18 16 24 24 30 33 39 40 56 51 42 49 55 58 
31 34 38 39 40 32 28 26 23 24 24 16 18 25 28 32 40 56 58 
31 27 22 21 17 16 18 25 28 26 23 24 24 27 31 34 38 42 49 55 58 
31 27 22 21 17 16 24 24 30 33 39 40 56 51 42 49 55 58 
31 27 22 21 17 16 24 24 23 26 28 32 40 56 58 
31 27 24 24 27 31 34 38 42 49 55 58 
31 27 22 21 17 14 12 11 16 24 24 23 26 28 32 40 56 58 
31 34 38 39 40 32 28 25 18 16 24 24 30 33 39 40 56 51 42 49 55 58 
31 27 22 21 17 14 12 11 16 24 24 27 31 34 38 42 49 55 58 
31 27 22 21 17 20 24 24 30 33 39 40 41 61 59 56 58 
31 27 22 21 17 14 12 11 16 24 24 30 33 39 38 42 49 55 58 
31 34 38 39 40 32 28 25 18 16 24 24 27 31 34 38 42 49 55 58 
31 27 22 21 17 20 24 24 27 31 34 38 42 49 55 58 
31 34 38 39 33 30 24 24 16 18 25 28 32 40 56 58 
31 34 38 42 51 56 40 39 33 30 24 24 30 33 39 38 42 51 56 58 
31 27 24 24 30 33 39 38 42 51 56 58 
31 27 22 21 17 16 24 24 27 31 34 38 42 49 55 58 
31 27 22 21 17 14 12 11 16 24 24 30 33 39 40 56 51 42 49 55 58 
31 34 38 42 51 56 40 39 33 30 24 24 27 31 34 38 42 49 55 58 
31 27 22 21 17 16 18 25 28 26 23 24 24 30 33 39 38 42 51 56 58 
31 34 38 39 40 32 28 25 18 16 24 24 23 26 28 32 40 56 58 
31 27 22 21 17 14 12 11 13 18 16 24 24 16 18 25 28 32 40 56 58 
31 27 22 21 17 14 12 11 13 18 16 24 24 30 33 39 38 42 51 56 58 
31 34 38 39 40 32 28 25 18 16 24 24 30 33 39 40 41 61 59 56 58 
31 34 38 39 40 32 28 26 23 24 24 30 33 39 38 42 51 56 58 
31 27 22 21 17 16 18 25 28 26 23 24 24 23 26 28 32 40 56 58 
---------------
Request id 12
41 40 56 51 42 38 39 33 30 24 24 30 33 39 38 42 49 55 58 56 
41 40 56 51 42 38 34 31 27 24 24 23 26 28 32 40 56 
41 40 39 38 34 31 27 24 24 27 31 34 38 42 49 55 58 56 
41 40 56 51 42 38 34 31 27 24 24 30 33 39 38 42 49 55 58 56 
41 40 32 28 26 23 24 24 27 31 34 38 42 49 55 58 56 
41 40 56 51 42 38 39 33 30 24 24 30 33 39 40 56 
41 40 32 28 25 18 16 24 24 27 31 34 38 39 40 56 
41 40 39 38 34 31 27 24 24 27 31 34 38 39 40 56 
41 40 39 33 30 24 24 30 33 39 38 42 51 56 
41 40 56 51 42 38 39 33 30 24 24 27 31 34 38 42 49 55 58 56 
41 61 59 56 40 32 28 26 23 24 24 20 17 16 18 25 28 32 40 56 
41 40 39 33 30 24 24 27 31 34 38 42 49 55 58 56 
41 40 32 28 25 18 16 17 20 24 24 16 18 25 28 32 40 56 
41 40 32 28 25 18 16 24 24 27 31 34 38 42 49 55 58 56 
41 40 32 28 26 23 24 24 30 33 39 40 56 
41 40 32 28 25 18 16 17 20 24 24 23 26 28 32 40 56 
41 61 59 56 40 32 28 26 23 24 24 30 33 39 38 42 51 56 
41 40 39 38 34 31 27 24 24 23 26 28 32 40 56 
41 40 32 28 25 18 16 24 24 30 33 39 40 41 61 59 56 
41 40 39 38 34 31 27 24 24 27 31 34 38 42 51 56 
41 40 32 28 25 18 16 17 20 24 24 30 33 39 40 56 
41 40 32 28 25 18 16 17 20 24 24 20 17 16 18 25 28 32 40 56 
41 40 32 28 26 23 24 24 30 33 39 38 42 49 55 58 56 
41 40 39 33 30 24 24 30 33 39 40 41 61 59 56 
41 40 32 28 26 23 24 24 30 33 39 40 41 61 59 56 
41 40 39 38 34 31 27 24 24 30 33 39 40 56 
41 61 59 56 40 32 28 26 23 24 24 27 31 34 38 39 40 56 
41 40 39 33 30 24 24 20 17 16 18 25 28 32 40 56 
41 40 32 28 25 18 13 11 16 24 24 30 33 39 38 42 51 56 
41 40 56 51 42 38 34 31 27 24 24 27 31 34 38 42 51 56 
41 40 32 28 26 23 24 24 20 17 16 18 25 28 32 40 56 
41 40 32 28 25 18 16 24 24 30 33 39 40 56 
41 40 56 51 42 38 34 31 27 24 24 27 31 34 38 42 49 55 58 56 
41 40 56 51 42 38 34 31 27 24 24 20 17 16 18 25 28 32 40 56 
41 40 32 28 25 18 16 24 24 23 26 28 32 40 56 
41 40 39 38 34 31 27 24 24 30 33 39 40 41 61 59 56 
41 40 56 51 42 38 39 33 30 24 24 20 17 16 18 25 28 32 40 56 
41 40 39 33 30 24 24 27 31 34 38 42 51 56 
41 40 32 28 25 18 13 11 16 24 24 27 31 34 38 42 49 55 58 56 
41 61 59 56 40 39 33 30 24 24 30 33 39 38 42 49 55 58 56 
---------------
Request id 16
32 28 26 23 24 16 18 18 16 24 30 33 39 40 41 
32 40 39 38 34 31 27 24 16 18 18 25 29 36 37 35 32 40 41 
32 35 37 36 29 25 18 18 16 24 23 26 28 32 40 41 
32 28 26 23 24 16 11 13 18 18 16 24 27 31 34 38 39 40 41 
32 28 25 18 18 16 17 20 24 30 33 39 40 41 
32 40 39 33 30 24 16 18 18 16 24 30 33 39 40 41 
32 35 37 36 29 25 18 18 13 11 16 24 30 33 39 40 41 
32 40 39 33 30 24 16 18 18 25 28 32 40 41 
32 28 25 29 19 15 18 18 25 29 36 37 35 32 40 41 
32 35 37 36 29 19 15 18 18 25 28 32 40 41 
32 40 39 33 30 24 16 18 18 16 24 27 31 34 38 39 40 41 
32 28 26 23 24 20 17 16 18 18 15 19 29 25 28 32 40 41 
32 28 26 23 24 16 11 13 18 18 13 11 16 24 30 33 39 40 41 
32 35 37 36 29 25 18 18 15 19 29 25 28 32 40 41 
32 28 25 18 18 16 24 23 26 28 32 40 41 
32 35 37 36 29 25 18 18 25 28 32 40 56 59 61 41 
32 35 37 36 29 25 18 18 16 17 20 24 30 33 39 40 41 
32 40 39 33 30 24 20 17 16 18 18 25 28 32 40 41 
32 28 25 29 19 15 18 18 25 29 36 37 45 44 48 46 41 
32 40 39 33 30 24 16 18 18 16 17 20 24 30 33 39 40 41 
32 35 37 36 29 19 15 18 18 13 11 16 24 30 33 39 40 41 
32 40 39 38 34 31 27 24 16 18 18 15 19 29 25 28 32 40 41 
32 28 26 23 24 16 11 13 18 18 16 24 30 33 39 40 41 
32 35 37 36 29 19 15 18 18 15 19 29 25 28 32 40 41 
32 40 39 33 30 24 16 18 18 15 19 29 25 28 32 40 41 
32 35 37 36 29 19 15 18 18 25 28 32 40 56 59 61 41 
32 40 39 33 30 24 16 18 18 25 29 36 37 45 44 48 46 41 
32 28 25 18 18 15 19 29 25 28 32 40 41 
32 40 39 33 30 24 20 17 16 18 18 16 24 23 26 28 32 40 41 
32 35 37 36 29 19 15 18 18 16 24 30 33 39 40 41 
32 35 37 36 29 19 15 18 18 16 24 23 26 28 32 40 41 
32 35 37 36 29 25 18 18 16 24 27 31 34 38 39 40 41 
32 28 26 23 24 20 17 16 18 18 25 29 36 37 35 32 40 41 
32 35 37 36 29 25 18 18 16 24 30 33 39 40 41 
32 28 26 23 24 16 11 13 18 18 25 29 36 37 45 44 48 46 41 
32 28 26 23 24 20 17 16 18 18 16 24 30 33 39 40 41 
32 28 26 23 24 20 17 16 18 18 16 17 20 24 30 33 39 40 41 
32 28 25 18 18 25 29 36 37 45 44 48 46 41 
32 28 25 29 19 15 18 18 16 17 20 24 30 33 39 40 41 
32 40 39 38 34 31 27 24 16 18 18 16 24 30 33 39 40 41 
---------------
Request id 11
7 8 10 12 11 11 16 24 30 33 39 40 56 51 42 49 50 
7 4 1 3 13 11 11 13 18 16 24 30 33 39 38 42 49 50 
7 4 1 3 13 18 16 11 11 16 24 27 31 34 43 47 52 53 50 
7 4 1 3 13 11 11 16 24 30 33 39 38 42 49 50 
7 8 10 12 14 17 16 11 11 16 24 30 33 39 40 56 58 55 49 50 
7 4 1 3 13 18 16 11 11 16 24 30 33 39 38 42 49 50 
7 8 6 3 13 11 11 16 18 25 28 32 40 56 58 55 49 50 
7 4 1 3 5 0 13 11 11 16 18 25 28 32 40 56 51 42 49 50 
7 8 6 11 11 13 18 25 28 32 40 56 58 55 49 50 
7 4 1 3 6 11 11 16 24 30 33 39 40 56 51 42 49 50 
7 8 6 3 5 0 13 11 11 16 17 20 24 27 31 34 38 42 49 50 
7 8 6 3 5 0 13 11 11 16 24 27 31 34 43 47 52 53 50 
7 8 6 11 11 16 18 25 28 32 40 56 51 42 49 50 
7 4 1 3 5 0 13 11 11 16 17 20 24 27 31 34 38 42 49 50 
7 4 1 3 13 11 11 16 18 25 28 32 40 56 51 42 49 50 
7 8 6 3 13 11 11 13 18 16 24 30 33 39 38 42 49 50 
7 8 6 3 5 0 13 11 11 16 18 25 28 32 40 56 58 55 49 50 
7 8 6 3 13 11 11 16 24 27 31 34 38 42 49 50 
7 4 1 3 13 18 16 11 11 16 24 30 33 39 40 56 58 55 49 50 
7 8 6 11 11 13 18 16 24 30 33 39 38 42 49 50 
7 8 6 3 13 18 16 11 11 16 17 20 24 27 31 34 38 42 49 50 
7 8 10 12 11 11 16 24 30 33 39 38 42 49 50 
7 8 6 3 5 0 13 11 11 13 18 16 24 30 33 39 38 42 49 50 
7 4 1 3 13 18 16 11 11 16 24 27 31 34 38 42 49 50 
7 4 1 3 5 0 13 11 11 16 24 30 33 39 38 42 49 50 
7 4 1 3 6 11 11 16 24 30 33 39 40 56 58 55 49 50 
7 8 6 3 13 18 16 11 11 13 18 16 24 30 33 39 38 42 49 50 
7 8 6 11 11 16 17 20 24 27 31 34 38 42 49 50 
7 8 6 3 5 0 13 11 11 16 18 25 28 32 40 56 51 42 49 50 
7 4 1 3 6 11 11 16 18 25 28 32 40 56 58 55 49 50 
7 8 10 12 14 17 16 11 11 16 24 30 33 39 38 42 49 50 
7 8 10 12 11 11 16 18 25 28 32 40 56 58 55 49 50 
7 8 6 11 11 16 24 30 33 39 38 42 49 50 
7 4 1 3 6 11 11 16 24 27 31 34 43 47 52 53 50 
7 4 1 3 5 0 13 11 11 13 18 25 28 32 40 56 58 55 49 50 
7 8 10 12 14 17 16 11 11 16 24 30 33 39 40 56 51 42 49 50 
7 4 1 3 13 11 11 16 17 20 24 27 31 34 38 42 49 50 
7 4 1 3 6 11 11 16 24 27 31 34 38 42 49 50 
7 4 1 3 6 11 11 16 18 25 28 32 40 56 51 42 49 50 
7 8 6 3 13 11 11 13 18 25 28 32 40 56 58 55 49 50 
---------------
Request id 13
51 42 38 39 40 32 28 26 23 24 24 24 16 11 6 3 13 18 25 28 32 
51 56 40 39 38 34 31 27 24 24 24 23 26 28 25 29 36 37 35 32 
51 42 38 39 33 30 24 24 24 20 17 16 18 25 28 32 
51 56 59 61 41 40 39 33 30 24 24 24 16 11 13 18 25 28 32 
51 56 40 32 28 25 18 16 24 24 24 30 33 39 40 32 
51 42 38 34 31 27 22 21 17 16 24 24 24 23 26 28 32 
51 42 38 34 31 27 24 24 24 16 18 15 19 29 25 28 32 
51 56 40 32 28 26 23 24 24 24 23 26 28 25 29 36 37 35 32 
51 56 40 32 28 26 23 24 24 24 16 18 25 29 36 37 35 32 
51 42 38 39 40 32 28 26 23 24 24 24 16 18 25 29 36 37 35 32 
51 56 59 61 41 40 39 33 30 24 24 24 16 18 25 28 32 
51 56 40 32 28 25 18 16 24 24 24 16 18 25 28 32 
51 42 38 39 33 30 24 24 24 16 18 25 28 32 
51 42 38 39 33 30 24 24 24 23 26 28 25 29 36 37 35 32 
51 42 49 55 58 56 40 39 33 30 24 24 24 16 11 6 3 13 18 25 28 32 
51 56 40 39 33 30 24 24 24 20 17 16 18 25 28 32 
51 56 59 61 41 40 39 33 30 24 24 24 16 18 15 19 29 25 28 32 
51 56 40 32 28 25 18 16 24 24 24 16 18 25 29 36 37 35 32 
51 42 38 34 31 27 22 21 17 16 24 24 24 20 17 16 18 25 28 32 
51 56 40 39 38 34 31 27 24 24 24 20 17 16 18 25 28 32 
51 42 38 39 40 32 28 26 23 24 24 24 23 26 28 25 29 36 37 35 32 
51 42 38 34 31 27 24 24 24 23 26 28 32 
51 56 59 61 41 40 39 33 30 24 24 24 16 11 6 3 13 18 25 28 32 
51 42 49 55 58 56 40 39 33 30 24 24 24 16 18 15 19 29 25 28 32 
51 42 38 39 40 32 28 26 23 24 24 24 30 33 39 40 32 
51 42 38 39 33 30 24 24 24 27 31 34 38 39 40 32 
51 56 40 39 38 34 31 27 24 24 24 30 33 39 40 32 
51 42 38 39 33 30 24 24 24 23 26 28 32 
51 56 40 39 38 34 31 27 24 24 24 16 18 15 19 29 25 28 32 
51 42 38 39 33 30 24 24 24 16 18 25 29 36 37 35 32 
51 56 40 32 28 26 23 24 24 24 23 26 28 32 
51 56 59 61 41 40 39 33 30 24 24 24 27 31 34 38 39 40 32 
51 56 40 32 28 25 18 16 24 24 24 23 26 28 25 29 36 37 35 32 
51 42 38 34 31 27 22 21 17 16 24 24 24 27 31 34 38 39 40 32 
51 42 38 34 31 27 24 24 24 23 26 28 25 29 36 37 35 32 
51 42 38 34 31 27 24 24 24 16 18 25 28 32 
51 56 40 32 28 25 18 16 24 24 24 16 11 13 18 25 28 32 
51 42 38 34 31 27 22 21 17 16 24 24 24 16 18 15 19 29 25 28 32 
51 42 38 39 40 32 28 26 23 24 24 24 16 18 25 28 32 
51 56 40 32 28 26 23 24 24 24 16 11 13 18 25 28 32 
---------------
Request id 6
33 39 40 32 28 25 18 16 17 20 24 24 24 27 31 34 38 42 
33 30 24 24 24 30 33 39 38 42 
33 39 40 56 51 42 38 34 31 27 24 24 24 27 31 34 38 39 40 56 51 42 
33 39 40 32 28 25 18 16 17 20 24 24 24 30 33 39 38 42 
33 39 40 32 28 25 18 16 24 24 24 16 18 25 28 32 40 39 38 42 
33 39 38 34 31 27 22 21 17 16 24 24 24 23 26 28 32 40 39 38 42 
33 39 40 32 28 26 23 24 24 24 30 33 39 38 42 
33 39 38 34 31 27 22 21 17 20 24 24 24 23 26 28 32 40 39 38 42 
33 39 40 32 28 25 18 13 11 16 24 24 24 20 17 21 22 27 31 34 38 42 
33 39 38 34 31 27 24 24 24 30 33 39 40 56 58 55 49 42 
33 39 40 32 28 25 18 13 11 16 24 24 24 23 26 28 32 40 39 38 42 
33 39 40 32 28 25 18 16 24 24 24 30 33 39 38 42 
33 39 40 32 28 25 18 13 11 16 24 24 24 27 31 34 38 42 
33 39 38 34 31 27 22 21 17 20 24 24 24 30 33 39 40 56 58 55 49 42 
33 39 38 34 31 27 24 24 24 16 17 21 22 27 31 34 38 42 
33 39 38 34 31 27 24 24 24 30 33 39 38 42 
33 39 38 34 31 27 22 21 17 16 24 24 24 16 18 25 28 32 40 39 38 42 
33 39 40 32 28 26 23 24 24 24 30 33 39 40 56 58 55 49 42 
33 39 40 32 28 26 23 24 24 24 27 31 34 38 39 40 56 51 42 
33 30 24 24 24 20 17 21 22 27 31 34 38 42 
33 39 40 32 28 25 18 16 17 20 24 24 24 16 18 25 28 32 40 39 38 42 
33 39 40 56 51 42 38 34 31 27 24 24 24 30 33 39 40 56 51 42 
33 39 38 34 31 27 24 24 24 20 17 21 22 27 31 34 38 42 
33 39 40 32 28 25 18 16 24 24 24 30 33 39 40 56 58 55 49 42 
33 39 40 56 51 42 38 34 31 27 24 24 24 23 26 28 32 40 56 51 42 
33 39 38 34 31 27 22 21 17 20 24 24 24 27 31 34 38 42 
33 39 40 32 28 25 18 16 17 20 24 24 24 23 26 28 32 40 39 38 42 
33 39 40 32 28 25 18 16 24 24 24 30 33 39 40 56 51 42 
33 39 40 32 28 25 18 16 17 20 24 24 24 23 26 28 32 40 56 51 42 
33 39 40 32 28 25 18 16 24 24 24 23 26 28 32 40 56 51 42 
33 39 40 32 28 25 18 16 17 20 24 24 24 16 17 21 22 27 31 34 38 42 
33 39 38 34 31 27 22 21 17 16 24 24 24 20 17 21 22 27 31 34 38 42 
33 30 24 24 24 30 33 39 40 56 58 55 49 42 
33 39 38 34 31 27 24 24 24 16 18 25 28 32 40 39 38 42 
33 39 38 42 51 56 40 32 28 26 23 24 24 24 27 31 34 38 39 40 56 51 42 
33 39 40 56 51 42 38 34 31 27 24 24 24 23 26 28 32 40 39 38 42 
33 39 38 42 51 56 40 32 28 26 23 24 24 24 20 17 21 22 27 31 34 38 42 
33 39 40 56 51 42 38 34 31 27 24 24 24 27 31 34 38 42 
33 30 24 24 24 16 18 25 28 32 40 39 38 42 
33 39 38 34 31 27 24 24 24 27 31 34 38 39 40 56 51 42 
---------------
Request id 7
20 24 16 18 13 11 12 14 17 17 16 24 27 22 21 
20 17 17 20 24 27 22 21 
20 24 23 26 28 25 29 19 15 18 16 17 17 16 11 13 18 25 28 26 23 24 27 22 21 
20 24 23 26 28 25 18 13 11 16 17 17 14 12 10 8 6 11 16 24 27 22 21 
20 24 16 18 13 3 6 11 12 14 17 17 16 24 30 33 39 38 34 31 27 22 21 
20 24 16 11 12 14 17 17 16 24 27 22 21 
20 24 23 26 28 25 18 13 11 16 17 17 21 
20 24 16 17 17 20 24 30 33 39 38 34 31 27 22 21 
20 24 23 26 28 25 18 13 11 16 17 17 16 24 27 22 21 
20 24 27 22 21 17 17 20 24 27 22 21 
20 24 23 26 28 25 18 16 17 17 16 24 30 33 39 38 34 31 27 22 21 
20 24 16 18 13 3 6 11 12 14 17 17 14 12 11 16 24 27 22 21 
20 24 16 11 6 8 10 12 14 17 17 16 18 25 28 26 23 24 27 22 21 
20 17 17 20 24 30 33 39 38 34 31 27 22 21 
20 24 23 26 28 25 18 16 17 17 20 24 27 22 21 
20 24 27 22 21 17 17 16 11 13 18 25 28 26 23 24 27 22 21 
20 24 16 11 6 8 10 12 14 17 17 16 11 13 18 25 28 26 23 24 27 22 21 
20 24 23 26 28 25 29 19 15 18 16 17 17 14 12 10 8 6 11 16 24 27 22 21 
20 24 16 18 13 11 12 14 17 17 16 24 30 33 39 38 34 31 27 22 21 
20 24 23 26 28 25 18 13 11 16 17 17 16 18 25 28 26 23 24 27 22 21 
20 17 17 16 24 27 22 21 
20 24 16 18 13 11 12 14 17 17 21 
20 17 17 14 12 11 13 18 16 24 27 22 21 
20 24 16 11 6 8 10 12 14 17 17 14 12 11 13 18 16 24 27 22 21 
20 24 16 18 13 11 12 14 17 17 16 11 13 18 25 28 26 23 24 27 22 21 
20 17 17 21 
20 24 27 22 21 17 17 16 18 25 28 26 23 24 27 22 21 
20 24 16 11 12 14 17 17 14 12 11 13 18 16 24 27 22 21 
20 24 23 26 28 25 29 19 15 18 16 17 17 16 18 25 28 26 23 24 27 22 21 
20 24 23 26 28 25 18 16 17 17 16 11 13 18 25 28 26 23 24 27 22 21 
20 24 16 18 13 3 6 11 12 14 17 17 21 
20 24 16 11 12 14 17 17 20 24 27 22 21 
20 24 23 26 28 25 29 19 15 18 16 17 17 16 24 30 33 39 38 34 31 27 22 21 
20 24 23 26 28 25 18 13 11 16 17 17 16 24 30 33 39 38 34 31 27 22 21 
20 24 16 11 6 8 10 12 14 17 17 16 24 30 33 39 38 34 31 27 22 21 
20 24 16 18 13 3 6 11 12 14 17 17 14 12 10 8 6 11 16 24 27 22 21 
20 24 23 26 28 25 18 16 17 17 16 24 27 22 21 
20 24 23 26 28 25 18 13 11 16 17 17 16 11 13 18 25 28 26 23 24 27 22 21 
20 24 16 18 13 11 12 14 17 17 20 24 27 22 21 
20 24 16 18 13 3 6 11 12 14 17 17 16 24 27 22 21 
---------------
Request id 20
42 51 56 40 39 33 30 24 24 24 23 26 28 32 40 41 46 48 
42 38 34 31 27 22 21 17 20 24 24 24 23 26 28 25 29 36 37 45 44 48 
42 49 55 58 56 40 39 33 30 24 24 24 23 26 28 32 40 41 46 48 
42 38 34 31 27 22 21 17 20 24 24 24 30 33 39 40 41 61 62 54 46 48 
42 51 56 40 32 28 26 23 24 24 24 23 26 28 32 35 37 45 44 48 
42 51 56 40 39 38 34 31 27 24 24 24 16 18 15 19 29 36 37 45 44 48 
42 51 56 40 32 28 26 23 24 24 24 27 31 34 38 39 40 41 46 48 
42 51 56 40 32 28 25 18 16 24 24 24 16 18 25 28 32 40 41 46 48 
42 51 56 40 32 28 25 18 16 24 24 24 30 33 39 40 32 35 37 45 44 48 
42 38 39 40 32 28 25 18 16 24 24 24 23 26 28 25 29 36 37 45 44 48 
42 51 56 40 39 38 34 31 27 24 24 24 16 18 25 28 32 40 41 46 48 
42 51 56 40 32 28 25 18 16 24 24 24 27 31 34 38 39 40 41 46 48 
42 38 39 33 30 24 24 24 27 31 34 38 39 40 41 46 48 
42 38 39 40 32 28 25 18 16 24 24 24 16 18 25 28 32 40 41 46 48 
42 38 39 40 32 28 25 18 16 24 24 24 16 18 25 29 36 37 45 44 48 
42 38 34 31 27 24 24 24 16 18 25 29 36 37 45 44 48 
42 51 56 40 39 33 30 24 24 24 27 31 34 38 39 40 41 46 48 
42 38 39 40 32 28 25 18 16 24 24 24 23 26 28 32 40 41 46 48 
42 51 56 40 39 33 30 24 24 24 30 33 39 40 41 61 62 54 46 48 
42 38 39 33 30 24 24 24 23 26 28 32 35 37 45 44 48 
42 38 39 40 32 28 25 18 16 24 24 24 16 18 15 19 29 36 37 45 44 48 
42 38 39 40 32 28 26 23 24 24 24 23 26 28 25 29 36 37 45 44 48 
42 51 56 40 32 28 25 18 16 24 24 24 30 33 39 40 41 46 48 
42 38 34 31 27 24 24 24 30 33 39 40 41 61 62 54 46 48 
42 38 34 31 27 24 24 24 16 18 15 19 29 36 37 45 44 48 
42 38 34 31 27 22 21 17 20 24 24 24 16 18 25 28 32 40 41 46 48 
42 49 55 58 56 40 39 33 30 24 24 24 30 33 39 40 41 46 48 
42 38 34 31 27 24 24 24 30 33 39 40 32 35 37 45 44 48 
42 38 34 31 27 24 24 24 30 33 39 40 41 46 48 
42 38 34 31 27 22 21 17 20 24 24 24 30 33 39 40 41 46 48 
42 51 56 40 39 33 30 24 24 24 23 26 28 25 29 36 37 45 44 48 
42 49 55 58 56 40 39 33 30 24 24 24 27 31 34 38 39 40 41 46 48 
42 38 34 31 27 22 21 17 20 24 24 24 23 26 28 32 40 41 46 48 
42 38 34 31 27 22 21 17 20 24 24 24 16 18 25 29 36 37 45 44 48 
42 51 56 40 39 38 34 31 27 24 24 24 30 33 39 40 41 61 62 54 46 48 
42 38 39 40 32 28 25 18 16 24 24 24 30 33 39 40 41 61 62 54 46 48 
42 51 56 40 32 28 26 23 24 24 24 30 33 39 40 41 46 48 
42 38 39 33 30 24 24 24 30 33 39 40 41 61 62 54 46 48 
42 49 55 58 56 40 39 33 30 24 24 24 23 26 28 32 35 37 45 44 48 
42 51 56 40 39 38 34 31 27 24 24 24 23 26 28 25 29 36 37 45 44 48 
---------------
Request id 18
60 57 48 44 45 37 36 29 19 15 18 18 18 16 11 13 0 2 9 15 19 29 
60 57 48 46 41 40 32 28 25 18 18 18 16 24 23 26 28 25 29 
60 57 48 46 41 40 39 33 30 24 16 18 18 18 16 17 20 24 23 26 28 25 29 
60 57 48 44 45 37 36 29 25 18 18 18 15 19 29 
60 57 48 44 45 37 36 29 19 15 18 18 18 16 24 23 26 28 25 29 
60 64 65 54 62 61 41 40 32 28 25 18 18 18 16 24 23 26 28 25 29 
60 64 65 54 62 61 41 40 32 28 25 18 18 18 13 0 2 9 15 19 29 
60 57 48 46 41 40 32 28 25 18 18 18 13 3 5 0 2 9 15 19 29 
60 57 48 46 41 40 32 28 25 18 18 18 15 19 29 
60 57 48 44 45 37 35 32 28 25 18 18 18 13 3 5 0 2 9 15 19 29 
60 64 65 54 46 41 40 32 28 25 18 18 18 13 3 5 0 2 9 15 19 29 
60 57 48 46 41 40 39 33 30 24 16 18 18 18 13 0 2 9 15 19 29 
60 57 48 46 41 40 39 33 30 24 16 18 18 18 13 3 5 0 2 9 15 19 29 
60 57 48 46 54 62 61 41 40 32 28 25 18 18 18 16 11 13 0 2 9 15 19 29 
60 57 48 46 54 62 61 41 40 32 28 25 18 18 18 13 11 16 24 23 26 28 25 29 
60 64 65 54 46 41 40 32 28 25 18 18 18 16 24 23 26 28 32 35 37 36 29 
60 57 48 44 45 37 36 29 25 18 18 18 16 24 23 26 28 25 29 
60 57 48 46 41 40 32 28 25 18 18 18 13 0 2 9 15 19 29 
60 57 48 46 41 40 39 33 30 24 16 18 18 18 25 29 
60 57 48 46 54 62 61 41 40 32 28 25 18 18 18 13 3 5 0 2 9 15 19 29 
60 57 48 44 45 37 36 29 25 18 18 18 16 24 23 26 28 32 35 37 36 29 
60 57 48 46 41 40 39 33 30 24 16 18 18 18 13 11 16 24 23 26 28 25 29 
60 57 48 46 54 62 61 41 40 32 28 25 18 18 18 15 19 29 
60 57 48 46 54 62 61 41 40 32 28 25 18 18 18 16 17 20 24 23 26 28 25 29 
60 57 48 46 41 40 39 33 30 24 16 18 18 18 16 24 23 26 28 25 29 
60 57 48 44 45 37 35 32 28 25 18 18 18 13 0 2 9 15 19 29 
60 57 48 46 41 40 32 28 25 18 18 18 25 29 
60 57 48 46 54 62 61 41 40 32 28 25 18 18 18 16 24 23 26 28 25 29 
60 57 48 44 45 37 36 29 25 18 18 18 16 17 20 24 23 26 28 25 29 
60 57 48 46 41 40 32 35 37 36 29 25 18 18 18 16 24 23 26 28 25 29 
60 64 65 54 46 41 40 39 33 30 24 16 18 18 18 16 24 23 26 28 25 29 
60 57 48 44 45 37 36 29 19 15 18 18 18 16 17 20 24 23 26 28 25 29 
60 57 48 46 41 40 32 35 37 36 29 25 18 18 18 13 0 2 9 15 19 29 
60 64 65 54 46 41 40 32 28 25 18 18 18 13 0 2 9 15 19 29 
60 64 65 54 62 61 41 40 32 28 25 18 18 18 15 19 29 
60 57 48 46 41 40 39 33 30 24 16 18 18 18 15 19 29 
60 57 48 46 41 40 32 28 25 18 18 18 16 24 23 26 28 32 35 37 36 29 
60 64 65 54 62 61 41 40 32 28 25 18 18 18 13 3 5 0 2 9 15 19 29 
60 57 48 46 54 62 61 41 40 32 28 25 18 18 18 16 24 23 26 28 32 35 37 36 29 
60 64 65 54 46 41 40 39 33 30 24 16 18 18 18 13 3 5 0 2 9 15 19 29 
---------------
Request id 17
0 2 9 15 18 16 11 6 3 13 13 13 11 16 18 25 
0 5 3 6 8 10 12 11 13 13 13 11 16 18 25 
0 5 3 6 11 16 18 13 13 13 18 25 
0 2 9 15 18 16 11 6 3 13 13 13 18 15 19 29 25 
0 5 3 6 8 10 12 11 13 13 13 11 16 24 23 26 28 25 
0 5 3 13 13 13 18 15 19 29 25 
0 2 9 15 18 13 13 13 0 2 9 15 18 25 
0 5 3 6 8 10 12 11 13 13 13 0 2 9 15 19 29 25 
0 5 3 1 4 7 8 6 11 13 13 13 11 16 24 23 26 28 25 
0 5 3 6 11 13 13 13 0 2 9 15 18 25 
0 13 13 13 18 16 24 23 26 28 25 
0 5 3 1 4 7 8 6 11 13 13 13 18 25 
0 5 3 1 4 7 8 6 11 13 13 13 11 16 18 25 
0 5 3 6 8 10 12 11 13 13 13 3 6 11 16 18 25 
0 5 3 13 13 13 0 2 9 15 19 29 25 
0 2 9 15 18 13 13 13 11 16 18 15 19 29 25 
0 5 3 1 4 7 8 6 11 13 13 13 0 2 9 15 19 29 25 
0 5 3 6 11 13 13 13 11 16 18 25 
0 5 3 13 13 13 11 16 18 15 19 29 25 
0 5 3 1 4 7 8 6 11 13 13 13 18 15 19 29 25 
0 5 3 1 4 7 8 6 11 13 13 13 11 12 14 17 16 18 25 
0 2 9 15 18 16 11 13 13 13 0 2 9 15 18 25 
0 13 13 13 18 15 19 29 25 
0 5 3 6 8 10 12 11 13 13 13 0 2 9 15 18 25 
0 13 13 13 11 16 18 15 19 29 25 
0 5 3 6 11 13 13 13 11 16 18 15 19 29 25 
0 2 9 15 19 29 25 18 13 13 13 18 15 19 29 25 
0 2 9 15 18 16 11 6 3 13 13 13 18 25 
0 5 3 6 11 13 13 13 18 15 19 29 25 
0 5 3 6 11 16 18 13 13 13 11 12 14 17 16 18 25 
0 5 3 13 13 13 3 6 11 16 18 25 
0 2 9 15 19 29 25 18 13 13 13 11 16 18 15 19 29 25 
0 5 3 6 8 10 12 11 13 13 13 18 16 24 23 26 28 25 
0 13 13 13 11 12 14 17 16 18 25 
0 2 9 15 18 16 11 13 13 13 18 16 24 23 26 28 25 
0 5 3 6 11 16 18 13 13 13 0 2 9 15 18 25 
0 2 9 15 18 16 11 13 13 13 0 2 9 15 19 29 25 
0 2 9 15 18 16 11 13 13 13 11 16 24 23 26 28 25 
0 5 3 6 11 16 18 13 13 13 11 16 24 23 26 28 25 
0 2 9 15 18 16 11 13 13 13 3 6 11 16 18 25 
---------------
Request id 8
70 64 65 54 46 41 40 39 33 30 24 16 18 18 15 9 2 0 13 3 1 
70 64 60 57 48 44 45 37 36 29 19 15 18 18 15 9 2 0 13 3 1 
70 64 65 54 46 48 44 45 37 36 29 25 18 18 13 11 6 8 7 4 1 
70 64 65 54 62 61 41 40 32 28 25 18 18 16 11 13 3 1 
70 64 60 57 48 46 41 40 32 28 25 18 18 13 3 6 8 7 4 1 
70 64 65 54 62 61 59 56 40 32 28 25 18 18 13 3 6 8 7 4 1 
70 64 65 54 46 41 40 32 35 37 36 29 25 18 18 15 9 2 0 13 3 1 
70 64 60 57 48 44 45 37 36 29 25 18 18 16 11 13 0 5 3 1 
70 64 60 57 48 44 45 37 36 29 19 15 18 18 13 0 5 3 1 
70 64 65 54 46 41 40 39 33 30 24 16 18 18 13 3 1 
70 64 65 54 46 48 44 45 37 36 29 25 18 18 13 3 1 
70 64 65 54 46 41 40 32 28 25 18 18 16 11 6 3 1 
70 64 65 54 46 41 40 32 28 25 18 18 15 9 2 0 13 3 1 
70 64 65 54 46 41 40 32 35 37 36 29 25 18 18 16 11 6 3 1 
70 64 60 57 48 46 41 40 32 28 25 18 18 13 11 6 3 1 
70 64 60 57 48 44 45 37 35 32 28 25 18 18 13 3 1 
70 64 65 54 46 41 40 32 28 25 18 18 13 11 6 8 7 4 1 
70 64 60 57 48 46 41 40 32 28 25 18 18 15 9 2 0 5 3 1 
70 64 65 54 46 41 40 39 33 30 24 16 18 18 16 11 13 0 5 3 1 
70 64 65 54 62 61 59 56 40 32 28 25 18 18 16 11 6 3 1 
70 64 60 57 48 44 45 37 36 29 19 15 18 18 13 11 6 8 7 4 1 
70 64 65 54 46 41 40 39 33 30 24 16 18 18 16 11 13 3 1 
70 64 65 54 62 61 59 56 40 32 28 25 18 18 16 11 13 3 1 
70 64 65 54 46 48 44 45 37 36 29 25 18 18 16 11 13 0 5 3 1 
70 64 65 54 62 61 59 56 40 32 28 25 18 18 13 11 6 8 7 4 1 
70 64 65 54 46 48 44 45 37 36 29 25 18 18 13 0 5 3 1 
70 64 60 57 48 44 45 37 36 29 19 15 18 18 13 11 6 3 1 
70 64 65 54 62 61 59 56 40 32 28 25 18 18 13 11 6 3 1 
70 64 60 57 48 44 45 37 36 29 25 18 18 13 3 6 8 7 4 1 
70 64 65 54 62 61 59 56 40 32 28 25 18 18 13 3 1 
70 64 65 54 46 48 44 45 37 36 29 25 18 18 16 11 6 3 1 
70 64 65 54 46 48 44 45 37 36 29 25 18 18 15 9 2 0 5 3 1 
70 64 65 54 46 41 40 32 35 37 36 29 25 18 18 13 0 5 3 1 
70 64 65 54 62 61 41 40 32 28 25 18 18 13 11 6 8 7 4 1 
70 64 65 54 46 41 40 32 35 37 36 29 25 18 18 16 11 13 0 5 3 1 
70 64 65 54 46 41 40 32 28 25 18 18 13 3 6 8 7 4 1 
70 64 65 54 62 61 41 40 32 28 25 18 18 13 3 1 
70 64 60 57 48 44 45 37 36 29 25 18 18 15 9 2 0 13 3 1 
70 64 60 57 48 44 45 37 36 29 19 15 18 18 15 9 2 0 5 3 1 
70 64 60 57 48 44 45 37 36 29 19 15 18 18 13 3 1 
---------------
