Request id 8
13 32 39 32 13 9 17 23 29 35 36 40 46 50 52 55 58 60 62 67 74 83 
13 32 39 32 13 9 17 23 29 35 36 40 46 49 56 75 78 66 68 63 67 74 83 
13 32 39 32 13 9 17 23 29 35 36 40 46 49 56 75 72 73 77 68 63 67 74 83 
13 32 39 32 13 9 17 23 29 35 26 21 30 37 40 46 50 52 55 58 60 62 67 74 83 
13 32 39 32 13 9 17 23 29 35 26 21 30 37 40 46 49 56 75 78 66 68 63 67 74 83 
---------------
Request id 10
4 0 3 9 17 23 29 35 36 40 46 47 46 49 56 75 72 73 77 68 63 67 62 65 61 
4 0 3 9 17 23 29 35 36 40 46 47 46 49 56 75 72 73 77 73 72 75 78 66 68 63 67 62 65 61 
4 0 3 9 17 23 29 35 36 40 46 47 46 49 56 75 72 73 77 68 63 67 74 71 81 80 69 64 59 57 54 65 61 
4 0 3 9 17 23 29 35 36 40 46 47 46 49 56 75 72 73 77 73 72 75 56 49 46 50 52 55 58 60 62 65 61 
4 0 3 9 17 23 29 35 36 40 46 47 46 49 56 75 72 73 77 68 66 78 75 56 49 46 50 52 55 58 60 62 65 61 
---------------
Request id 4
52 55 58 60 62 67 63 68 66 78 75 56 49 46 40 28 19 
52 55 58 60 62 67 63 67 62 60 58 55 52 50 46 40 28 19 
52 55 58 60 62 67 63 68 77 73 72 75 56 49 46 40 28 19 
52 55 58 60 62 67 63 68 66 78 75 56 49 46 40 41 33 20 15 5 19 
52 55 58 60 62 67 63 68 66 78 75 56 49 46 40 43 33 20 15 5 19 
---------------
Request id 1
46 50 52 55 58 60 62 65 61 51 61 65 62 67 74 83 84 88 84 83 74 67 62 60 58 55 52 50 46 47 46 50 52 55 
46 50 52 55 58 60 62 65 61 51 61 65 62 67 74 83 84 88 84 83 74 67 62 60 58 55 52 50 46 47 46 49 56 75 78 66 68 63 67 62 60 58 55 
46 50 52 55 58 60 62 65 61 51 61 65 62 67 74 83 84 88 84 83 74 67 62 60 58 55 52 50 46 47 46 49 56 75 72 73 77 68 63 67 62 60 58 55 
46 50 52 55 58 60 62 65 61 51 61 65 62 67 74 83 84 88 84 83 74 67 62 60 58 55 52 50 46 47 46 49 56 75 78 66 68 63 67 74 71 81 80 69 64 59 57 54 65 62 60 58 55 
46 50 52 55 58 60 62 65 61 51 61 65 62 67 74 83 84 88 84 83 74 67 62 60 58 55 52 50 46 47 46 49 56 75 72 73 77 68 63 67 74 71 81 80 69 64 59 57 54 65 62 60 58 55 
---------------
Request id 2
13 9 17 23 29 35 36 40 46 47 46 49 56 75 72 73 77 68 63 67 74 83 85 87 
13 9 17 23 29 35 36 40 46 47 46 49 56 75 72 75 78 66 68 63 67 74 83 85 87 
13 9 17 23 29 35 36 40 46 47 46 49 56 75 72 73 77 68 63 67 74 83 85 101 102 98 94 87 
13 9 17 23 29 35 36 40 46 47 46 49 56 75 72 73 77 68 63 67 74 71 81 82 84 83 85 87 
13 9 17 23 29 35 36 40 46 47 46 49 56 75 72 75 78 66 68 63 67 74 83 85 101 102 98 94 87 
---------------
Request id 5
35 36 40 46 50 52 55 58 60 62 65 61 51 61 65 62 67 74 83 84 88 84 83 85 101 102 101 85 83 74 67 62 60 58 55 52 50 46 40 36 35 29 23 17 9 3 0 
35 36 40 46 50 52 55 58 60 62 65 61 51 61 65 62 67 74 83 84 88 84 83 85 101 102 101 85 83 74 67 63 68 66 78 75 56 49 46 40 36 35 29 23 17 9 3 0 
35 36 40 46 50 52 55 58 60 62 65 61 51 61 65 62 67 74 83 84 88 84 83 85 101 102 98 94 87 85 83 74 67 62 60 58 55 52 50 46 40 36 35 29 23 17 9 3 0 
35 36 40 46 50 52 55 58 60 62 65 61 51 61 65 62 67 74 83 84 88 84 83 85 101 102 101 85 83 74 67 63 68 77 73 72 75 56 49 46 40 36 35 29 23 17 9 3 0 
35 36 40 46 50 52 55 58 60 62 65 61 51 61 65 62 67 74 83 84 88 84 83 85 101 102 101 85 83 74 67 62 60 58 55 52 50 46 40 37 30 21 26 35 29 23 17 9 3 0 
---------------
Request id 9
55 58 60 62 67 63 68 66 78 75 56 49 46 
55 58 60 62 67 63 67 62 60 58 55 52 50 46 
55 58 60 62 67 63 68 77 73 72 75 56 49 46 
55 58 60 62 67 63 67 74 71 81 80 69 64 59 57 54 65 62 60 58 55 52 50 46 
55 58 60 62 67 63 67 74 83 84 82 81 80 69 64 59 57 54 65 62 60 58 55 52 50 46 
---------------
Request id 3
22 31 32 13 9 17 23 29 35 36 40 46 49 56 75 78 75 72 73 77 68 63 67 62 65 61 51 61 65 62 67 63 68 
22 31 32 13 9 17 23 29 35 36 40 46 49 56 75 78 75 72 73 77 68 63 67 62 65 61 51 61 65 54 57 59 64 69 80 81 71 74 67 63 68 
22 31 32 13 9 17 23 29 35 36 40 46 49 56 75 78 75 72 73 77 68 63 67 62 65 61 51 61 65 62 60 58 55 52 50 46 49 56 75 78 66 68 
22 31 32 13 9 17 23 29 35 36 40 46 49 56 75 78 75 72 73 77 68 63 67 62 65 61 51 61 65 54 57 59 64 69 80 81 82 84 83 74 67 63 68 
22 31 32 13 9 17 23 29 35 36 40 46 49 56 75 78 75 72 73 77 68 63 67 62 65 61 51 61 65 62 60 58 55 52 50 46 49 56 75 72 73 77 68 
---------------
Request id 6
15 5 19 28 40 36 35 29 23 17 18 27 18 17 9 3 0 4 6 11 
15 5 19 28 40 36 35 29 23 17 18 27 18 17 9 13 32 31 22 14 11 
15 5 19 28 40 36 35 29 23 17 18 27 18 17 12 7 8 1 2 3 0 4 6 11 
15 5 19 28 40 36 35 29 23 17 18 27 18 17 12 7 8 1 2 3 9 13 32 31 22 14 11 
15 20 33 41 40 36 35 29 23 17 18 27 18 17 9 3 0 4 6 11 
---------------
Request id 7
10 15 20 33 41 40 46 47 46 49 56 75 72 73 77 73 72 75 56 49 46 40 36 35 29 23 17 9 3 2 1 
10 15 20 33 41 40 46 47 46 49 56 75 72 73 77 73 72 75 56 49 46 40 36 35 29 23 17 12 7 8 1 
10 15 20 33 41 40 46 47 46 49 56 75 72 73 77 68 66 78 75 56 49 46 40 36 35 29 23 17 12 7 8 1 
10 15 20 33 41 40 46 47 46 49 56 75 72 73 77 68 66 78 75 56 49 46 40 36 35 29 23 17 9 3 2 1 
10 15 20 33 41 40 46 47 46 49 56 75 72 73 77 73 72 75 56 49 46 40 37 30 21 26 35 29 23 17 9 3 2 1 
---------------
