Request id 24
66 67 68 65 54 62 61 41 40 39 33 30 24 20 17 16 11 13 0 2 9 15 19 29 25 18 16 24 27 31 34 38 42 49 50 53 52 
66 62 54 46 41 40 32 35 37 36 29 25 18 13 11 12 14 17 20 24 16 18 25 28 32 40 39 38 34 43 47 52 
66 63 58 55 49 42 51 56 40 32 28 26 23 24 16 11 13 0 2 9 15 19 29 25 18 16 17 21 22 27 31 34 43 47 52 
66 62 61 41 40 32 28 26 23 24 16 11 13 11 12 14 17 20 24 16 18 16 17 21 22 27 31 34 43 47 52 
66 67 68 65 54 62 61 41 40 32 28 25 18 13 11 16 24 23 26 28 25 18 25 28 26 23 24 27 31 34 43 47 52 
66 63 58 56 59 61 41 40 32 28 25 18 13 0 2 9 15 19 29 25 18 13 11 16 24 27 31 34 43 47 52 
66 67 68 65 54 46 41 40 32 28 26 23 24 16 11 13 3 5 0 2 9 15 18 25 28 32 40 56 51 42 49 50 53 52 
66 67 68 65 54 46 41 40 32 28 26 23 24 16 11 13 0 2 9 15 18 25 28 32 40 56 51 42 49 50 53 52 
66 62 54 46 41 61 59 56 40 32 28 26 23 24 16 11 13 0 2 9 15 19 29 25 18 25 28 26 23 24 27 31 34 43 47 52 
66 62 54 46 41 40 32 28 25 18 16 11 13 0 2 9 15 18 25 28 32 40 39 38 34 43 47 52 
66 62 54 46 41 40 32 35 37 36 29 25 18 13 0 2 9 15 18 16 17 21 22 27 31 34 43 47 52 
66 62 54 46 41 61 59 56 40 32 28 25 18 13 11 16 18 25 28 32 40 56 51 42 49 50 53 52 
66 62 54 46 41 61 59 56 40 32 35 37 36 29 25 18 13 11 12 14 17 20 24 16 18 25 28 26 23 24 27 31 34 43 47 52 
66 63 58 55 49 42 51 56 40 32 28 25 18 16 11 6 3 13 18 16 24 27 31 34 38 42 49 50 53 52 
66 62 54 46 41 61 59 56 40 32 35 37 36 29 25 18 13 3 6 11 16 18 16 24 30 33 39 38 42 49 50 53 52 
66 67 68 65 54 62 61 41 40 39 33 30 24 16 11 13 11 12 14 17 16 18 16 24 27 31 34 43 47 52 
66 62 61 41 40 32 35 37 36 29 25 18 13 0 2 9 15 18 16 24 27 31 34 43 47 52 
66 67 68 65 54 62 61 41 40 32 28 25 18 13 0 2 9 15 19 29 25 18 16 17 21 22 27 31 34 43 47 52 
66 63 58 55 49 42 51 56 40 32 28 25 29 19 15 18 13 3 6 11 16 18 16 24 30 33 39 38 42 49 50 53 52 
66 62 54 46 41 61 59 56 40 39 33 30 24 16 18 13 18 25 28 26 23 24 27 31 34 43 47 52 
66 67 68 65 54 62 61 41 40 32 28 26 23 24 16 18 13 11 16 24 23 26 28 25 18 25 28 32 40 56 51 42 49 50 53 52 
66 62 61 59 56 40 32 28 25 18 16 11 13 3 6 11 16 18 16 24 30 33 39 38 42 49 50 53 52 
66 62 54 46 41 40 32 28 25 18 16 11 6 3 13 3 5 0 2 9 15 18 25 28 32 40 39 38 34 43 47 52 
66 63 58 56 59 61 41 40 32 28 25 18 13 0 2 9 15 19 29 25 18 16 24 30 33 39 38 42 49 50 53 52 
66 67 68 65 54 46 41 40 39 33 30 24 16 11 13 3 5 0 2 9 15 18 25 28 32 40 39 38 34 43 47 52 
66 63 58 55 49 42 51 56 40 32 28 25 18 16 11 13 0 5 3 6 11 16 18 16 24 27 31 34 43 47 52 
66 63 58 56 40 32 28 26 23 24 16 11 13 0 2 9 15 18 16 24 27 31 34 38 42 49 50 53 52 
66 67 68 65 54 46 41 40 32 35 37 36 29 25 18 13 11 12 14 17 20 24 16 18 16 24 30 33 39 38 34 43 47 52 
66 67 68 65 54 62 61 41 40 32 28 26 23 24 16 18 13 18 16 24 30 33 39 38 34 43 47 52 
66 67 68 65 54 62 61 41 40 32 35 37 36 29 25 18 13 0 2 9 15 19 29 25 18 16 17 20 24 27 31 34 43 47 52 
---------------
Request id 1
55 58 56 59 61 41 40 39 38 42 51 56 59 61 62 66 63 
55 58 56 40 39 38 39 40 56 51 42 49 55 58 63 
55 49 42 51 56 59 61 41 40 39 38 42 49 55 58 63 
55 58 56 59 61 41 40 39 38 42 51 56 58 63 
55 58 63 66 62 61 41 40 39 38 39 40 41 61 62 66 63 
55 49 50 53 52 47 43 34 38 42 51 56 59 61 62 66 63 
55 58 56 59 61 41 40 39 38 39 40 41 61 62 66 63 
55 58 63 66 62 61 59 56 51 42 38 39 40 41 61 62 66 63 
55 58 56 59 61 41 40 39 38 39 40 41 61 59 56 58 63 
55 58 63 66 62 61 59 56 51 42 38 42 51 56 40 41 61 62 66 63 
55 58 63 66 62 61 41 40 39 38 42 51 56 59 61 62 66 63 
55 58 56 40 39 38 39 40 41 61 59 56 58 63 
55 58 63 66 62 54 46 41 40 39 38 42 49 55 58 63 
55 58 56 51 42 38 39 40 56 58 63 
55 49 50 53 52 47 43 34 38 42 49 55 58 63 
55 58 56 59 61 41 40 39 38 42 49 55 58 63 
55 58 56 59 61 41 40 39 38 42 51 56 40 41 61 62 66 63 
55 49 42 51 56 59 61 41 40 39 38 42 51 56 59 61 62 66 63 
55 49 42 51 56 59 61 41 40 39 38 39 40 41 61 62 66 63 
55 58 56 40 39 38 42 51 56 58 63 
55 58 63 66 62 61 41 40 39 38 42 51 56 40 41 61 62 66 63 
55 49 42 51 56 40 39 38 39 40 41 61 59 56 58 63 
55 58 56 59 61 41 40 39 38 39 40 56 58 63 
55 58 63 66 62 54 46 41 40 39 38 39 40 56 51 42 49 55 58 63 
55 49 42 51 56 59 61 41 40 39 38 39 40 41 61 59 56 58 63 
55 58 56 51 42 38 39 40 41 61 62 66 63 
55 58 56 51 42 38 39 40 41 46 54 62 66 63 
55 49 42 38 39 40 56 59 61 62 66 63 
55 58 63 66 62 61 41 40 39 38 42 51 56 58 63 
55 49 42 51 56 59 61 41 40 39 38 39 40 41 46 54 62 66 63 
---------------
Request id 8
73 74 70 64 60 57 48 46 41 40 32 28 25 18 13 0 5 3 6 11 16 18 25 28 26 23 24 16 17 16 11 13 0 5 3 1 
73 74 70 64 65 54 62 61 41 40 32 28 25 18 13 0 2 9 15 18 16 24 20 17 16 11 13 3 1 
73 74 70 64 65 54 46 41 40 32 28 25 18 16 11 13 0 5 3 6 11 16 18 25 28 26 23 24 16 17 20 24 16 11 6 3 1 
73 72 71 69 67 68 65 54 46 41 40 32 28 25 18 13 18 13 11 16 24 20 17 16 11 6 3 1 
73 74 70 64 60 57 48 46 41 40 32 28 25 18 13 11 12 14 17 16 18 16 24 27 22 21 17 14 12 10 8 7 4 1 
73 74 70 64 65 54 62 61 41 40 32 28 25 18 13 3 6 8 10 12 11 16 18 13 11 12 14 17 14 12 10 8 7 4 1 
73 72 71 69 67 66 63 58 56 40 32 28 25 18 13 0 2 9 15 18 13 11 16 17 14 12 10 8 6 3 1 
73 74 70 64 65 54 46 41 40 32 28 25 18 16 11 13 11 12 14 17 16 18 16 11 12 14 17 16 11 6 3 1 
73 74 70 64 65 54 62 61 41 40 32 28 25 18 13 18 13 11 16 17 20 24 16 11 6 3 1 
73 74 70 64 65 54 46 41 40 32 28 25 18 16 11 13 0 5 3 6 11 16 18 16 24 20 17 16 18 13 3 1 
73 72 71 69 68 65 54 46 41 40 32 28 25 18 13 18 25 28 26 23 24 16 17 16 11 13 3 1 
73 74 70 64 65 54 46 41 40 32 28 25 18 16 11 13 3 5 0 2 9 15 18 16 24 27 22 21 17 20 24 16 18 13 3 1 
73 74 70 64 65 54 46 41 40 32 28 25 18 16 11 13 0 2 9 15 18 16 17 14 12 11 6 3 1 
73 74 70 64 65 54 46 41 40 32 28 25 18 16 11 13 3 6 8 10 12 11 16 18 16 24 20 17 14 12 11 6 3 1 
73 74 70 64 60 57 48 44 45 37 36 29 25 18 13 0 2 9 15 18 16 24 27 22 21 17 16 11 6 3 1 
73 74 70 64 65 54 62 61 41 40 32 28 25 18 13 0 5 3 6 11 16 18 13 11 12 14 17 16 11 13 3 1 
73 72 71 69 68 65 54 46 41 40 32 28 25 18 13 11 12 14 17 16 18 13 11 16 17 14 12 11 13 3 1 
73 72 71 69 67 68 65 54 46 41 40 32 28 25 18 13 11 12 14 17 16 18 16 11 12 14 17 14 12 10 8 6 3 1 
73 72 71 69 67 66 62 54 46 41 40 32 28 25 18 13 3 5 0 2 9 15 18 25 28 26 23 24 16 17 14 12 11 6 3 1 
73 72 71 69 67 66 62 54 46 41 40 32 28 25 18 13 0 5 3 6 11 16 18 13 11 16 24 20 17 16 11 13 0 5 3 1 
73 72 71 69 67 66 62 61 41 40 32 28 25 18 13 3 6 8 10 12 11 16 18 16 24 27 22 21 17 16 18 13 3 1 
73 74 70 64 60 57 48 46 41 40 32 28 25 18 13 3 6 8 10 12 11 16 18 13 3 6 11 12 14 17 20 24 16 11 6 3 1 
73 74 70 64 60 57 48 44 45 37 36 29 25 18 13 0 2 9 15 19 29 25 18 16 17 16 11 13 0 5 3 1 
73 72 71 69 67 66 62 61 41 40 32 28 25 18 13 3 6 8 10 12 11 16 18 25 28 26 23 24 16 17 16 11 6 3 1 
73 74 70 64 65 54 46 41 40 32 28 25 18 16 11 13 0 5 3 6 11 16 18 16 24 20 17 20 24 16 18 13 3 1 
73 72 71 69 67 68 65 54 46 41 40 32 28 25 18 13 11 16 24 23 26 28 25 18 16 17 16 11 13 3 1 
73 74 70 64 65 54 46 41 40 32 28 25 18 13 0 2 9 15 19 29 25 18 13 3 6 11 12 14 17 16 11 13 0 5 3 1 
73 72 71 69 67 66 63 58 56 40 32 28 25 18 13 11 12 14 17 16 18 13 11 16 24 20 17 16 11 13 3 1 
73 72 71 69 67 66 62 61 41 40 32 28 25 18 13 0 2 9 15 19 29 25 18 16 17 20 24 16 18 13 3 1 
73 74 70 64 65 54 62 61 41 40 32 28 25 18 13 3 6 8 10 12 11 16 18 16 24 20 17 14 12 10 8 7 4 1 
---------------
Request id 5
23 24 20 17 14 12 11 16 18 25 28 32 40 41 46 48 57 60 64 70 74 73 
23 24 16 18 25 28 32 40 41 61 62 66 67 69 71 72 73 
23 26 28 25 29 19 15 18 16 24 30 33 39 40 41 46 54 65 68 69 71 72 73 
23 26 28 25 29 19 15 18 16 24 30 33 39 40 56 58 63 66 67 69 71 72 73 
23 26 28 25 18 16 24 23 26 28 32 40 41 46 54 65 64 70 74 73 
23 26 28 25 18 13 11 16 18 25 28 32 40 41 46 48 57 60 64 70 74 73 
23 26 28 25 18 13 11 16 18 25 28 32 40 41 61 62 66 67 69 71 72 73 
23 26 28 32 40 39 33 30 24 16 18 25 28 32 40 41 46 54 65 64 70 74 73 
23 26 28 25 18 13 3 6 11 16 18 25 28 32 40 41 61 62 66 67 69 71 72 73 
23 24 20 17 14 12 11 16 24 23 26 28 32 40 41 46 54 65 64 70 74 73 
23 24 20 17 16 24 23 26 28 32 40 41 46 54 65 64 70 74 73 
23 26 28 25 18 13 11 16 18 25 28 32 40 41 46 54 65 64 70 74 73 
23 24 20 17 14 12 11 16 24 30 33 39 40 41 46 54 65 64 70 74 73 
23 24 16 24 30 33 39 40 41 46 54 65 64 70 74 73 
23 24 16 18 25 28 32 40 41 46 54 65 64 70 74 73 
23 24 27 22 21 17 16 24 23 26 28 32 40 41 46 54 65 64 70 74 73 
23 26 28 25 29 19 15 18 16 18 25 28 32 40 41 46 48 57 60 64 70 74 73 
23 26 28 25 18 16 18 25 28 32 40 41 46 54 65 68 69 71 72 73 
23 24 20 17 14 12 11 16 24 30 33 39 40 41 46 54 65 68 69 71 72 73 
23 24 16 18 25 28 32 40 41 46 54 65 68 69 71 72 73 
23 26 28 25 18 13 11 16 24 30 33 39 40 41 46 54 65 64 70 74 73 
23 24 27 22 21 17 14 12 11 16 18 25 28 32 40 56 58 63 66 67 69 71 72 73 
23 24 20 17 14 12 11 16 24 30 33 39 40 41 46 48 57 60 64 70 74 73 
23 24 20 17 14 12 11 16 18 25 28 32 40 41 61 62 66 67 69 71 72 73 
23 26 28 25 29 19 15 18 16 18 25 28 32 40 41 46 54 65 68 69 71 72 73 
23 24 20 17 14 12 11 16 18 25 28 32 40 56 58 63 66 67 69 71 72 73 
23 24 27 22 21 17 14 12 11 16 18 25 28 32 40 41 61 62 66 67 69 71 72 73 
23 26 28 25 18 13 11 16 18 25 28 32 40 41 46 54 65 68 69 71 72 73 
23 26 28 25 18 16 18 25 28 32 40 41 46 48 57 60 64 70 74 73 
23 26 28 32 40 39 33 30 24 16 24 30 33 39 40 41 46 48 57 60 64 70 74 73 
---------------
Request id 15
63 58 56 40 39 33 30 24 16 17 16 18 25 28 26 
63 58 56 40 39 38 34 31 27 22 21 17 16 18 25 28 26 
63 58 56 40 32 28 26 23 24 16 17 16 18 25 28 26 
63 58 56 40 32 28 26 23 24 20 17 16 18 25 28 26 
63 58 56 40 32 28 26 23 24 16 17 20 24 16 18 25 28 26 
63 58 55 49 42 38 34 31 27 22 21 17 16 18 15 19 29 25 28 26 
63 58 56 40 32 28 25 18 16 17 16 11 13 18 25 28 26 
63 58 56 40 39 33 30 24 20 17 21 22 27 24 23 26 
63 58 56 40 32 28 26 23 24 16 17 21 22 27 24 23 26 
63 58 56 40 32 28 25 18 16 17 14 12 11 16 24 23 26 
63 58 56 51 42 38 34 31 27 24 16 17 20 24 23 26 
63 58 56 51 42 38 34 31 27 24 20 17 14 12 11 16 18 25 28 26 
63 58 55 49 42 38 39 33 30 24 20 17 16 11 13 18 25 28 26 
63 58 56 51 42 38 34 31 27 24 16 17 16 11 13 18 25 28 26 
63 58 56 40 32 28 26 23 24 16 17 16 24 23 26 
63 58 56 40 32 28 26 23 24 20 17 20 24 23 26 
63 58 55 49 42 38 34 31 27 22 21 17 16 24 23 26 
63 58 55 49 42 38 39 33 30 24 20 17 20 24 23 26 
63 58 56 40 39 33 30 24 16 17 20 24 23 26 
63 58 55 49 42 38 39 33 30 24 20 17 14 12 11 13 18 25 28 26 
63 58 56 40 32 28 26 23 24 20 17 21 22 27 24 23 26 
63 58 56 40 32 28 26 23 24 20 17 16 18 15 19 29 25 28 26 
63 58 56 40 39 33 30 24 20 17 20 24 23 26 
63 58 56 51 42 38 34 31 27 24 16 17 16 18 25 28 26 
63 58 56 40 32 28 26 23 24 20 17 14 12 11 16 18 25 28 26 
63 58 56 40 32 28 25 18 16 17 16 24 23 26 
63 58 56 40 39 38 34 31 27 22 21 17 20 24 16 18 25 28 26 
63 58 56 40 39 33 30 24 16 17 14 12 11 16 18 25 28 26 
63 58 56 40 32 28 25 18 16 17 21 22 27 24 23 26 
63 58 56 40 32 28 26 23 24 16 17 14 12 11 16 18 25 28 26 
---------------
Request id 12
44 48 46 41 61 59 56 40 32 28 25 29 25 18 16 11 13 11 16 17 21 
44 45 37 35 32 28 25 18 15 19 29 19 15 9 2 0 13 18 16 24 20 17 21 
44 48 46 41 40 39 33 30 24 16 18 25 29 25 18 16 17 14 12 11 13 11 16 24 27 22 21 
44 48 46 41 40 32 28 25 29 19 15 9 2 0 5 3 13 11 16 17 21 
44 45 37 35 32 28 25 29 19 15 9 2 0 5 3 13 3 6 11 16 17 21 
44 48 46 41 61 59 56 40 32 28 25 29 25 18 15 9 2 0 13 3 6 11 16 17 21 
44 48 46 54 62 61 41 40 32 28 25 29 19 15 18 16 11 13 18 16 17 21 
44 48 46 41 40 32 28 25 29 25 18 16 17 14 12 11 13 18 16 17 21 
44 45 37 36 29 25 18 15 9 2 0 13 18 16 24 27 22 21 
44 48 46 41 40 32 35 37 36 29 25 18 13 3 6 11 16 17 21 
44 48 46 54 62 61 59 56 40 32 28 25 29 25 28 26 23 24 16 18 13 11 16 17 21 
44 48 46 41 40 32 28 25 29 19 15 9 2 0 13 18 16 24 20 17 21 
44 48 46 41 40 32 28 25 18 15 19 29 19 15 9 2 0 5 3 13 18 16 24 27 22 21 
44 48 46 41 61 59 56 40 32 28 25 29 25 18 16 11 6 3 13 11 12 14 17 21 
44 48 46 54 62 61 59 56 40 32 28 25 29 19 15 18 16 11 13 11 16 24 20 17 21 
44 48 46 41 40 39 33 30 24 16 18 25 29 25 18 16 11 6 3 13 3 6 11 12 14 17 21 
44 45 37 35 32 28 25 18 15 19 29 19 15 18 13 3 6 11 12 14 17 21 
44 48 46 41 61 59 56 40 32 28 25 29 25 18 15 9 2 0 13 18 16 17 21 
44 45 37 35 32 28 25 29 19 15 9 2 0 5 3 13 11 12 14 17 21 
44 48 46 41 40 39 33 30 24 16 18 25 29 25 18 16 11 13 18 16 17 21 
44 48 46 41 61 59 56 40 32 28 25 29 19 15 9 2 0 13 18 16 17 21 
44 48 46 54 62 61 41 40 32 28 25 29 19 15 18 16 11 13 18 16 24 27 22 21 
44 48 46 54 62 61 59 56 40 32 28 25 29 19 15 18 13 11 16 24 27 22 21 
44 45 37 36 29 19 15 18 16 11 13 11 16 24 20 17 21 
44 48 46 41 40 32 28 25 29 25 18 15 9 2 0 13 11 16 17 21 
44 48 46 54 62 61 59 56 40 32 28 25 29 25 18 16 11 6 3 13 11 12 14 17 21 
44 45 37 36 29 25 28 26 23 24 16 18 13 18 16 24 20 17 21 
44 48 46 41 61 59 56 40 32 28 25 29 25 28 26 23 24 16 18 13 11 16 17 21 
44 45 37 35 32 28 25 18 15 19 29 25 18 13 18 16 17 21 
44 45 37 36 29 25 18 16 11 6 3 13 11 16 17 21 
---------------
Request id 18
22 21 17 16 24 23 26 28 25 29 19 15 18 16 17 16 11 6 3 13 18 25 29 36 37 45 44 48 57 60 64 70 
22 21 17 14 12 11 6 3 13 18 16 24 20 17 20 24 16 18 13 18 25 28 32 40 41 46 48 57 60 64 70 
22 21 17 14 12 11 13 18 16 24 16 17 20 24 16 18 13 18 25 28 32 40 41 46 48 57 60 64 70 
22 21 17 14 12 11 13 18 16 24 16 11 12 14 17 14 12 11 13 18 15 19 29 36 37 45 44 48 57 60 64 70 
22 21 17 14 12 11 13 18 16 24 16 18 13 11 12 14 17 20 24 16 18 13 18 16 24 30 33 39 40 41 46 54 65 64 70 
22 27 31 34 38 39 40 32 28 26 23 24 16 18 13 3 6 11 12 14 17 14 12 11 16 18 13 18 25 28 32 35 37 45 44 48 57 60 64 70 
22 21 17 14 12 11 16 24 16 11 12 14 17 14 12 11 13 18 25 28 32 40 56 59 61 62 54 65 64 70 
22 27 31 34 38 39 33 30 24 23 26 28 25 29 19 15 18 16 17 20 24 16 18 13 18 25 28 32 40 41 61 62 54 65 64 70 
22 21 17 14 12 11 6 3 13 18 16 24 16 11 12 14 17 16 11 6 3 13 18 25 29 36 37 45 44 48 57 60 64 70 
22 27 31 34 38 39 33 30 24 16 18 13 3 6 11 12 14 17 16 11 13 18 25 28 32 40 41 46 54 65 64 70 
22 21 17 20 24 23 26 28 25 18 13 11 16 17 16 11 13 18 25 28 32 40 41 61 62 54 65 64 70 
22 21 17 16 24 16 11 6 8 10 12 14 17 21 22 27 24 16 18 13 18 25 28 32 40 41 46 54 65 64 70 
22 27 31 34 38 39 33 30 24 16 11 12 14 17 20 24 16 11 6 3 13 18 25 28 32 40 41 46 48 57 60 64 70 
22 21 17 14 12 10 8 6 11 16 24 27 22 21 17 20 24 16 11 6 3 13 18 25 29 36 37 45 44 48 57 60 64 70 
22 27 31 34 38 39 33 30 24 16 18 13 11 12 14 17 21 22 27 24 16 18 13 11 16 24 30 33 39 40 41 46 54 65 64 70 
22 21 17 14 12 11 13 18 16 24 23 26 28 25 18 16 17 14 12 11 16 18 13 18 25 28 32 35 37 45 44 48 57 60 64 70 
22 21 17 16 18 25 28 26 23 24 27 22 21 17 14 12 11 16 18 13 11 16 18 25 28 32 40 41 46 54 65 64 70 
22 21 17 16 24 20 17 14 12 11 13 18 25 28 32 40 41 46 48 57 60 64 70 
22 21 17 16 24 27 22 21 17 14 12 11 6 3 13 18 25 29 36 37 45 44 48 57 60 64 70 
22 27 24 23 26 28 25 18 16 17 16 11 13 11 16 24 30 33 39 40 41 46 54 65 64 70 
22 27 31 34 38 39 40 32 28 26 23 24 23 26 28 25 18 16 17 20 24 16 11 6 3 13 18 25 28 32 40 41 46 48 57 60 64 70 
22 21 17 20 24 16 18 13 11 12 14 17 16 11 6 3 13 11 16 24 30 33 39 40 41 46 54 65 64 70 
22 21 17 20 24 16 18 13 3 6 11 12 14 17 16 18 13 18 25 29 36 37 45 44 48 57 60 64 70 
22 21 17 20 24 16 18 13 3 6 11 12 14 17 14 12 11 6 3 13 18 25 28 32 40 41 46 48 57 60 64 70 
22 27 31 34 38 39 40 32 28 26 23 24 23 26 28 25 18 16 17 20 24 16 11 13 18 25 28 32 40 41 46 48 57 60 64 70 
22 21 17 14 12 11 6 3 13 18 16 24 27 22 21 17 20 24 16 18 13 18 25 28 32 40 41 46 54 65 64 70 
22 21 17 14 12 10 8 6 11 16 24 16 17 16 11 13 18 25 28 32 40 41 46 54 65 64 70 
22 27 31 34 38 39 40 32 28 26 23 24 23 26 28 25 29 19 15 18 16 17 16 11 6 3 13 18 16 24 30 33 39 40 41 46 54 65 64 70 
22 21 17 14 12 11 13 18 16 24 27 22 21 17 21 22 27 24 16 18 13 18 25 29 36 37 45 44 48 57 60 64 70 
22 27 31 34 38 39 33 30 24 16 11 6 8 10 12 14 17 14 12 11 13 18 25 29 36 37 45 44 48 57 60 64 70 
---------------
Request id 28
47 43 34 38 42 51 56 40 32 28 26 23 24 16 18 16 24 27 31 
47 43 34 38 39 40 32 28 25 18 16 24 20 17 16 18 16 17 20 24 27 31 
47 43 34 31 27 24 16 18 16 24 27 31 
47 43 34 31 27 22 21 17 20 24 27 22 21 17 16 18 16 17 21 22 27 31 
47 43 34 31 27 24 20 17 14 12 11 16 18 16 24 20 17 21 22 27 31 
47 52 53 50 49 42 38 34 31 27 24 16 11 6 3 13 18 25 28 32 40 39 38 34 31 
47 43 34 31 27 22 21 17 20 24 27 22 21 17 16 18 16 24 27 31 
47 52 53 50 49 42 38 39 33 30 24 16 11 6 3 13 18 16 24 20 17 21 22 27 31 
47 52 53 50 49 42 38 39 33 30 24 20 17 16 11 13 18 25 28 32 40 39 38 34 31 
47 43 34 38 42 51 56 40 39 33 30 24 16 17 14 12 11 13 18 16 24 30 33 39 38 34 31 
47 52 53 50 49 42 38 34 31 27 24 20 17 14 12 11 16 18 16 24 30 33 39 38 34 31 
47 52 53 50 49 42 38 39 33 30 24 20 17 16 18 13 11 16 24 27 31 
47 43 34 31 27 24 16 17 14 12 11 13 18 16 24 30 33 39 38 34 31 
47 43 34 31 27 22 21 17 16 24 20 17 16 18 25 28 26 23 24 27 31 
47 52 53 50 49 42 38 34 31 27 24 16 18 13 11 16 17 20 24 27 31 
47 43 34 38 42 51 56 40 32 28 26 23 24 20 17 14 12 11 16 18 16 17 20 24 27 31 
47 43 34 31 27 24 16 11 6 3 13 18 13 3 6 11 16 24 27 31 
47 43 34 38 39 40 32 28 26 23 24 20 17 14 12 11 16 18 16 24 30 33 39 38 34 31 
47 52 53 50 49 42 38 39 33 30 24 16 18 13 11 16 24 27 31 
47 43 34 38 39 40 32 28 25 18 16 24 20 17 16 18 13 11 16 17 20 24 27 31 
47 52 53 50 49 42 38 39 33 30 24 16 17 14 12 11 13 18 16 24 30 33 39 38 34 31 
47 43 34 38 42 51 56 40 39 33 30 24 16 17 14 12 11 13 18 13 11 16 24 27 31 
47 43 34 38 42 51 56 40 32 28 26 23 24 16 11 13 18 25 28 26 23 24 27 31 
47 43 34 38 39 33 30 24 16 18 16 24 27 31 
47 43 34 38 39 40 32 28 26 23 24 16 17 14 12 11 13 18 16 17 20 24 27 31 
47 43 34 31 27 22 21 17 20 24 20 17 14 12 11 16 18 16 17 21 22 27 31 
47 43 34 38 42 51 56 40 32 28 26 23 24 20 17 14 12 11 16 18 16 24 27 31 
47 52 53 50 49 42 38 39 33 30 24 16 11 6 3 13 18 25 28 32 40 39 38 34 31 
47 43 34 38 39 40 32 28 26 23 24 20 17 16 11 13 18 13 11 16 17 20 24 27 31 
47 43 34 31 27 22 21 17 16 24 20 17 14 12 11 16 18 16 24 20 17 21 22 27 31 
---------------
Request id 26
52 53 50 49 55 58 56 40 39 33 30 24 30 33 39 40 41 46 48 57 60 
52 53 50 49 42 38 39 40 32 28 26 23 24 23 26 28 32 40 41 46 54 65 64 60 
52 47 43 34 31 27 24 27 31 34 38 39 40 41 46 48 57 60 
52 53 50 49 42 38 39 33 30 24 30 33 39 40 41 46 54 65 64 60 
52 47 43 34 38 39 40 32 28 26 23 24 30 33 39 40 41 46 48 57 60 
52 47 43 34 31 27 24 23 26 28 32 40 41 46 48 57 60 
52 53 50 49 55 58 56 40 39 33 30 24 16 18 25 29 36 37 45 44 48 57 60 
52 53 50 49 42 38 34 31 27 24 30 33 39 40 41 46 48 57 60 
52 53 50 49 42 38 39 33 30 24 16 18 25 28 32 40 41 46 48 57 60 
52 53 50 49 42 38 39 40 32 28 26 23 24 30 33 39 40 41 46 48 57 60 
52 53 50 49 55 58 56 40 39 33 30 24 27 31 34 38 39 40 41 46 48 57 60 
52 53 50 49 42 38 39 33 30 24 16 18 25 29 36 37 45 44 48 57 60 
52 47 43 34 31 27 22 21 17 16 24 30 33 39 40 41 46 54 65 64 60 
52 47 43 34 38 39 40 32 28 26 23 24 16 18 25 29 36 37 45 44 48 57 60 
52 47 43 34 31 27 24 30 33 39 40 41 61 62 54 65 64 60 
52 47 43 34 38 39 40 32 28 26 23 24 30 33 39 40 41 61 62 54 65 64 60 
52 53 50 49 42 51 56 40 39 33 30 24 30 33 39 40 41 46 54 65 64 60 
52 53 50 49 42 38 34 31 27 24 23 26 28 32 40 41 46 48 57 60 
52 47 43 34 38 39 33 30 24 30 33 39 40 41 46 54 65 64 60 
52 47 43 34 31 27 22 21 17 20 24 30 33 39 40 41 46 54 65 64 60 
52 47 43 34 31 27 22 21 17 20 24 23 26 28 32 35 37 45 44 48 57 60 
52 53 50 49 55 58 56 40 39 33 30 24 30 33 39 40 41 46 54 65 64 60 
52 53 50 49 42 38 39 40 32 28 26 23 24 27 31 34 38 39 40 41 46 48 57 60 
52 53 50 49 42 38 39 33 30 24 23 26 28 32 40 41 46 48 57 60 
52 47 43 34 31 27 22 21 17 16 24 23 26 28 32 40 41 61 62 54 65 64 60 
52 53 50 49 55 58 56 40 39 33 30 24 16 18 25 28 32 40 41 46 48 57 60 
52 47 43 34 38 39 40 32 28 26 23 24 23 26 28 32 40 41 46 54 65 64 60 
52 53 50 49 55 58 56 40 39 33 30 24 23 26 28 32 40 41 61 62 54 65 64 60 
52 47 43 34 38 39 33 30 24 23 26 28 32 40 41 46 54 65 64 60 
52 53 50 49 42 51 56 40 39 33 30 24 27 31 34 38 39 40 41 46 48 57 60 
---------------
Request id 6
46 48 44 45 37 36 29 25 18 13 11 16 17 16 11 6 3 13 18 15 18 16 24 20 17 21 
46 41 40 32 28 25 18 13 11 12 14 17 16 11 6 3 13 18 15 18 13 11 16 24 27 22 21 
46 41 40 32 35 37 36 29 25 18 13 18 16 24 20 17 21 22 27 24 16 18 15 18 13 11 16 17 21 
46 41 40 32 28 25 18 16 11 13 11 16 17 14 12 11 16 18 15 18 13 3 6 11 16 17 21 
46 41 61 59 56 40 32 28 25 18 13 18 16 11 12 14 17 20 24 16 11 13 18 15 18 13 11 12 14 17 21 
46 41 40 32 28 26 23 24 16 18 13 11 16 17 20 24 16 18 15 18 13 11 12 14 17 21 
46 41 40 32 28 25 18 13 11 12 14 17 16 18 25 29 19 15 18 13 11 16 24 27 22 21 
46 41 40 32 28 25 18 16 11 13 18 16 24 20 17 20 24 16 18 15 18 13 11 12 14 17 21 
46 41 40 32 28 25 18 16 11 13 18 16 17 14 12 11 13 18 15 18 13 11 16 24 27 22 21 
46 41 40 32 28 25 29 19 15 18 13 3 6 11 12 14 17 20 24 16 18 15 9 2 0 13 18 16 17 21 
46 41 40 32 28 25 29 19 15 18 13 11 12 14 17 14 12 11 13 18 15 18 13 11 16 17 21 
46 41 61 59 56 40 32 28 25 18 13 11 12 14 17 16 11 13 18 15 18 16 24 27 22 21 
46 54 62 61 41 40 32 28 25 18 13 3 6 8 10 12 14 17 16 18 25 29 19 15 9 2 0 13 18 16 17 21 
46 41 40 32 28 25 18 13 18 16 11 12 14 17 16 11 13 0 2 9 15 18 16 24 27 22 21 
46 41 40 32 28 25 29 19 15 18 13 3 6 11 12 14 17 20 24 16 18 15 18 13 11 16 24 27 22 21 
46 54 62 61 41 40 32 28 25 18 13 18 16 11 12 14 17 21 22 27 24 16 18 15 18 13 3 6 11 16 17 21 
46 41 40 32 28 25 29 19 15 18 13 3 6 11 12 14 17 14 12 11 16 18 15 9 2 0 13 18 16 17 21 
46 41 40 32 28 25 29 19 15 18 13 11 16 24 20 17 16 11 13 0 2 9 15 9 2 0 13 18 16 17 21 
46 41 40 32 28 25 29 19 15 18 13 18 16 24 20 17 16 11 13 0 2 9 15 9 2 0 13 18 16 17 21 
46 54 62 61 41 40 32 28 25 18 13 18 16 24 20 17 16 18 15 18 13 3 6 11 16 17 21 
46 41 61 59 56 40 32 28 25 18 13 11 16 24 20 17 20 24 16 18 15 18 13 11 12 14 17 21 
46 41 40 32 28 25 18 13 3 6 8 10 12 14 17 20 24 16 18 15 9 2 0 13 18 16 17 21 
46 41 40 39 33 30 24 16 11 13 11 12 14 17 20 24 16 18 15 18 13 3 6 11 16 17 21 
46 41 40 32 28 25 18 13 11 16 24 20 17 16 11 13 18 15 18 16 17 21 
46 41 40 32 28 25 18 13 3 6 8 10 12 14 17 21 22 27 24 16 18 15 18 16 11 12 14 17 21 
46 41 40 32 28 25 29 19 15 18 13 3 6 11 16 17 16 11 13 0 2 9 15 18 13 3 6 11 16 17 21 
46 41 40 32 28 25 18 13 3 6 8 10 12 14 17 21 22 27 24 16 18 15 9 2 0 13 18 16 17 21 
46 41 40 32 35 37 36 29 25 18 13 18 16 24 20 17 16 11 13 0 2 9 15 18 16 17 21 
46 41 40 32 28 26 23 24 16 18 13 18 16 24 20 17 20 24 16 18 15 18 16 17 21 
46 41 40 32 28 25 18 16 11 13 3 6 8 10 12 14 17 21 22 27 24 16 18 15 18 13 11 12 14 17 21 
---------------
Request id 2
71 69 68 67 66 63 58 56 40 39 40 56 51 42 38 42 49 55 58 63 66 67 69 
71 69 67 66 63 58 55 49 42 38 39 38 42 51 56 58 63 66 67 69 
71 69 67 68 65 54 46 41 40 39 40 56 58 55 49 42 38 39 40 41 46 54 65 68 67 69 
71 69 67 66 62 61 41 40 39 40 41 61 59 56 51 42 38 39 40 56 58 63 66 67 68 69 
71 69 67 66 63 58 55 49 42 38 39 40 41 61 59 56 58 55 49 42 38 42 51 56 58 63 66 67 69 
71 69 67 68 65 54 46 41 40 39 40 32 28 25 18 16 24 27 31 34 38 42 51 56 58 63 66 67 68 69 
71 69 68 65 54 62 61 41 40 39 40 41 61 59 56 51 42 38 42 51 56 58 63 66 67 68 69 
71 69 67 66 62 61 59 56 40 39 40 56 51 42 38 39 40 41 46 54 65 68 69 
71 69 68 67 66 63 58 56 40 39 40 32 28 25 18 16 24 27 31 34 38 42 49 55 58 63 66 67 69 
71 69 68 65 54 62 61 41 40 39 40 32 28 25 18 16 24 27 31 34 38 39 40 41 46 54 65 68 69 
71 69 67 66 62 61 41 40 39 40 41 61 59 56 58 55 49 42 38 39 40 41 46 54 65 68 67 69 
71 69 67 66 63 58 55 49 42 38 39 40 56 51 42 38 42 51 56 58 63 66 67 68 69 
71 69 67 66 62 61 41 40 39 40 32 28 26 23 24 27 31 34 38 39 40 56 58 63 66 67 69 
71 69 67 66 62 61 41 40 39 40 41 61 59 56 51 42 38 42 51 56 58 63 66 67 69 
71 69 67 66 63 58 55 49 42 38 39 33 30 24 27 31 34 38 39 40 56 59 61 62 66 67 69 
71 69 68 65 54 62 61 41 40 39 40 56 51 42 38 39 40 56 58 63 66 67 68 69 
71 69 68 67 66 62 61 41 40 39 33 30 24 27 31 34 38 39 40 41 46 54 65 68 69 
71 69 67 66 63 58 55 49 42 38 39 40 32 28 26 23 24 27 31 34 38 39 40 41 46 54 65 68 69 
71 69 67 66 63 58 55 49 42 38 39 33 30 24 27 31 34 38 39 40 41 46 54 65 68 67 69 
71 69 67 66 62 61 59 56 40 39 33 30 24 20 17 21 22 27 31 34 38 39 40 41 46 54 65 68 67 69 
71 69 67 68 65 54 46 41 40 39 38 39 40 41 46 54 65 68 67 69 
71 69 67 68 65 54 46 41 40 39 40 56 51 42 38 42 51 56 58 63 66 67 69 
71 69 67 68 65 54 46 41 40 39 40 56 51 42 38 39 40 56 59 61 62 66 67 69 
71 69 68 67 66 62 61 41 40 39 40 41 46 54 62 61 59 56 51 42 38 42 51 56 58 63 66 67 69 
71 69 68 65 54 62 61 41 40 39 40 32 28 26 23 24 27 31 34 38 39 40 56 58 63 66 67 69 
71 69 67 66 62 61 59 56 40 39 40 56 51 42 38 39 40 56 58 63 66 67 68 69 
71 69 68 65 54 46 41 40 39 33 30 24 20 17 21 22 27 31 34 38 39 40 41 61 62 54 65 68 69 
71 69 67 68 65 54 46 41 40 39 40 32 28 26 23 24 27 31 34 38 39 40 56 59 61 62 66 67 69 
71 69 68 65 54 46 41 40 39 40 32 28 25 18 16 24 27 31 34 38 42 49 55 58 63 66 67 69 
71 69 68 67 66 62 61 41 40 39 38 39 40 56 58 63 66 67 68 69 
---------------
Request id 30
69 68 65 54 46 41 40 32 28 25 29 19 15 18 16 24 30 33 39 40 41 46 48 57 60 
69 68 67 66 63 58 56 40 39 38 34 31 27 24 16 24 23 26 28 32 40 41 46 48 57 60 
69 67 66 63 58 56 40 32 28 25 29 19 15 18 16 24 23 26 28 32 40 41 46 48 57 60 
69 67 66 63 58 56 40 32 35 37 36 29 25 18 16 18 25 28 32 40 41 46 54 65 64 60 
69 67 66 62 54 46 41 40 39 38 34 31 27 24 20 17 16 24 30 33 39 40 41 46 48 57 60 
69 67 68 65 54 62 61 41 40 39 33 30 24 20 17 16 18 25 28 32 40 41 61 62 54 65 64 60 
69 68 67 66 62 61 41 40 39 38 34 31 27 24 20 17 16 24 23 26 28 32 40 41 46 48 57 60 
69 67 68 65 54 62 61 41 40 32 28 25 18 16 18 25 28 32 40 41 46 48 57 60 
69 67 68 65 54 62 61 41 40 32 28 25 18 13 11 16 24 30 33 39 40 41 46 54 65 64 60 
69 67 68 65 54 46 41 40 32 35 37 36 29 25 18 16 18 25 28 32 35 37 45 44 48 57 60 
69 67 66 62 61 41 40 39 38 34 31 27 24 20 17 16 24 30 33 39 40 41 46 54 65 64 60 
69 67 66 62 61 59 56 40 32 28 25 29 19 15 18 16 18 25 29 36 37 45 44 48 57 60 
69 67 66 62 61 59 56 40 32 35 37 36 29 25 18 16 18 25 28 32 40 41 46 48 57 60 
69 67 68 65 54 46 41 40 32 28 25 29 19 15 18 16 18 25 28 32 40 41 46 48 57 60 
69 68 67 66 63 58 56 40 39 33 30 24 16 24 30 33 39 40 41 46 54 65 64 60 
69 67 66 62 61 59 56 40 39 38 34 31 27 24 16 24 30 33 39 40 41 46 54 65 64 60 
69 68 67 66 62 61 41 40 39 38 34 31 27 24 20 17 16 18 25 28 32 40 41 46 54 65 64 60 
69 67 66 62 54 46 41 40 39 38 34 31 27 24 16 24 30 33 39 40 41 46 48 57 60 
69 68 67 66 63 58 56 40 39 38 34 31 27 24 20 17 16 18 25 28 32 40 41 46 48 57 60 
69 68 67 66 62 61 41 40 32 28 26 23 24 20 17 16 18 15 19 29 36 37 45 44 48 57 60 
69 67 66 63 58 56 40 32 28 26 23 24 16 18 25 28 32 35 37 45 44 48 57 60 
69 67 66 63 58 56 40 32 28 26 23 24 20 17 16 24 30 33 39 40 41 46 48 57 60 
69 67 66 62 61 59 56 40 32 35 37 36 29 25 18 16 17 20 24 30 33 39 40 41 46 48 57 60 
69 67 66 62 54 46 41 40 32 28 25 29 19 15 18 16 24 23 26 28 32 40 41 46 48 57 60 
69 67 66 62 54 46 41 40 32 28 25 29 19 15 18 16 18 25 28 32 35 37 45 44 48 57 60 
69 67 68 65 54 62 61 41 40 39 38 34 31 27 24 16 24 30 33 39 40 41 46 48 57 60 
69 67 68 65 54 46 41 40 32 28 25 18 16 18 25 28 32 40 41 46 54 65 64 60 
69 68 65 54 62 61 41 40 39 38 34 31 27 24 20 17 16 18 15 19 29 36 37 45 44 48 57 60 
69 68 65 54 62 61 41 40 32 28 26 23 24 20 17 16 18 25 28 32 35 37 45 44 48 57 60 
69 67 66 62 54 46 41 40 39 38 34 31 27 24 16 18 25 28 32 35 37 45 44 48 57 60 
---------------
Request id 7
9 2 0 5 3 13 18 15 9 2 0 13 3 1 4 7 8 10 12 11 16 24 27 22 
9 2 0 13 18 15 19 29 25 18 16 11 13 3 6 8 10 12 11 12 14 17 16 24 27 22 
9 2 0 5 3 6 11 16 18 15 18 16 11 6 3 13 18 16 11 16 24 27 22 
9 2 0 5 3 6 11 13 18 15 9 2 0 13 3 1 4 7 8 6 11 12 14 17 16 24 27 22 
9 15 18 16 11 6 3 13 3 6 11 16 24 27 22 
9 2 0 5 3 6 11 13 18 15 18 13 18 25 28 26 23 24 16 11 13 18 16 24 20 17 21 22 
9 15 18 13 3 6 8 10 12 11 12 14 17 20 24 27 22 
9 15 9 2 0 5 3 6 11 13 3 6 8 10 12 11 13 18 16 24 27 22 
9 2 0 13 18 15 18 16 11 6 3 5 0 13 3 1 4 7 8 10 12 11 13 18 16 24 20 17 21 22 
9 2 0 13 3 6 11 16 18 15 18 16 17 14 12 11 13 3 6 11 13 18 16 17 21 22 
9 2 0 5 3 13 11 16 18 15 18 16 11 6 3 5 0 13 18 25 28 26 23 24 16 11 12 14 17 20 24 27 22 
9 2 0 13 11 16 18 15 18 16 11 6 3 13 3 1 4 7 8 6 11 12 14 17 16 24 27 22 
9 2 0 13 11 16 18 15 19 29 25 18 13 0 2 9 15 18 16 11 13 18 16 17 21 22 
9 2 0 13 11 16 18 15 19 29 25 18 13 3 1 4 7 8 10 12 11 16 17 21 22 
9 2 0 5 3 6 11 16 18 15 9 2 0 5 3 6 11 13 18 25 28 26 23 24 16 11 13 18 16 24 20 17 21 22 
9 2 0 13 18 25 29 19 15 9 2 0 13 0 5 3 6 11 13 18 16 24 27 22 
9 2 0 5 3 13 11 16 18 15 18 13 0 5 3 6 11 12 14 17 20 24 27 22 
9 2 0 5 3 6 11 16 18 15 9 2 0 5 3 6 11 13 11 13 18 16 17 21 22 
9 2 0 5 3 13 18 25 29 19 15 9 2 0 13 3 1 4 7 8 6 11 16 24 20 17 21 22 
9 2 0 13 18 15 18 16 11 13 18 16 17 14 12 11 16 17 20 24 27 22 
9 2 0 5 3 13 18 15 19 29 25 18 16 11 13 18 25 28 26 23 24 16 11 16 24 27 22 
9 2 0 5 3 6 11 13 18 15 9 2 0 5 3 13 0 5 3 6 11 16 17 20 24 27 22 
9 2 0 13 11 16 18 15 9 2 0 13 3 6 8 10 12 11 12 14 17 16 24 27 22 
9 2 0 5 3 13 11 16 18 15 9 2 0 5 3 6 11 13 0 2 9 15 18 16 11 13 18 16 24 27 22 
9 2 0 5 3 6 11 16 18 15 18 13 0 2 9 15 18 16 11 13 18 16 24 20 17 21 22 
9 2 0 5 3 13 18 15 18 16 11 6 3 5 0 13 3 1 4 7 8 10 12 11 13 18 16 24 27 22 
9 2 0 13 18 15 19 29 25 18 16 11 13 18 16 11 13 18 16 17 21 22 
9 2 0 5 3 13 18 15 19 29 25 18 16 11 13 0 2 9 15 18 16 11 12 14 17 21 22 
9 2 0 13 18 15 19 29 25 18 16 11 13 3 6 8 10 12 11 13 18 16 24 27 22 
9 2 0 5 3 13 18 25 29 19 15 18 16 17 14 12 11 13 3 6 11 13 18 16 24 20 17 21 22 
---------------
Request id 13
60 64 65 54 62 61 59 56 40 39 38 42 51 56 59 61 41 46 48 44 45 
60 57 48 46 41 40 39 38 39 33 30 24 16 18 25 29 36 37 45 
60 64 65 54 62 61 59 56 51 42 38 42 51 56 40 32 35 37 45 
60 64 65 54 46 41 40 39 38 42 51 56 40 41 46 48 44 45 
60 64 65 54 62 61 41 40 39 38 39 40 32 28 25 29 36 37 45 
60 57 48 46 41 61 59 56 40 39 38 42 51 56 40 32 35 37 45 
60 64 65 54 62 61 59 56 51 42 38 42 51 56 59 61 41 46 48 44 45 
60 64 65 54 62 61 59 56 40 39 38 39 40 41 46 48 44 45 
60 57 48 46 41 40 56 51 42 38 39 40 32 28 25 29 36 37 45 
60 64 65 54 46 41 40 56 51 42 38 39 40 41 46 48 44 45 
60 64 65 54 62 61 59 56 40 39 38 39 40 56 59 61 41 46 48 44 45 
60 64 65 54 62 61 41 40 39 38 42 51 56 59 61 41 46 48 44 45 
60 64 65 54 62 61 59 56 51 42 38 39 40 56 59 61 41 46 48 44 45 
60 64 65 54 46 41 40 39 38 39 40 32 35 37 45 
60 64 65 54 46 41 40 56 51 42 38 39 40 41 61 62 54 46 48 44 45 
60 57 48 44 45 37 35 32 40 39 38 39 33 30 24 16 18 25 29 36 37 45 
60 64 65 54 62 61 59 56 51 42 38 42 49 55 58 56 40 32 35 37 45 
60 64 65 54 62 61 41 40 39 38 42 51 56 40 32 35 37 45 
60 57 48 46 41 40 56 51 42 38 39 33 30 24 16 18 25 29 36 37 45 
60 57 48 46 54 62 61 41 40 39 38 42 51 56 40 41 46 48 44 45 
60 64 65 54 62 61 41 40 39 38 42 51 56 40 41 46 48 44 45 
60 57 48 46 41 40 39 38 39 40 56 59 61 41 46 48 44 45 
60 57 48 46 41 40 39 38 39 40 41 61 62 54 46 48 44 45 
60 57 48 46 54 62 61 41 40 39 38 39 40 32 35 37 45 
60 64 65 54 62 61 59 56 40 39 38 42 51 56 40 41 46 48 44 45 
60 64 65 54 62 61 59 56 40 39 38 42 51 56 40 32 35 37 45 
60 64 65 54 46 41 40 39 38 39 40 41 61 62 54 46 48 44 45 
60 57 48 46 41 40 56 51 42 38 39 40 32 35 37 45 
60 64 65 54 62 61 59 56 51 42 38 39 40 41 61 62 54 46 48 44 45 
60 57 48 46 54 62 61 41 40 39 38 39 40 56 59 61 41 46 48 44 45 
---------------
Request id 27
67 66 62 54 46 41 40 32 28 25 29 19 15 18 13 0 2 9 15 19 29 25 18 25 28 32 40 41 61 62 54 65 64 70 74 73 
67 66 62 54 46 41 40 32 28 25 18 15 9 2 0 13 3 6 11 16 18 25 28 32 40 41 61 62 66 67 69 71 72 73 
67 66 63 58 56 40 32 28 25 29 19 15 18 13 3 6 8 10 12 11 16 18 25 29 36 37 45 44 48 57 60 64 70 74 73 
67 66 63 58 56 40 32 28 25 29 19 15 18 13 3 5 0 2 9 15 18 25 28 32 40 41 61 62 54 65 64 70 74 73 
67 69 68 65 54 62 61 41 40 32 28 26 23 24 16 11 13 3 6 8 10 12 11 16 18 16 24 30 33 39 40 41 46 54 65 64 70 74 73 
67 66 63 58 56 40 32 28 26 23 24 16 18 13 3 6 8 10 12 11 16 18 25 28 32 40 41 46 48 57 60 64 70 74 73 
67 66 62 61 41 40 32 28 26 23 24 16 18 13 3 5 0 2 9 15 18 25 28 32 40 41 46 54 65 68 69 71 72 73 
67 68 65 54 62 61 41 40 32 28 25 18 16 11 13 3 5 0 2 9 15 18 25 28 32 40 41 46 54 65 68 69 71 72 73 
67 66 62 61 41 40 32 28 25 18 15 9 2 0 13 3 5 0 2 9 15 18 16 24 30 33 39 40 41 46 54 65 64 70 74 73 
67 68 65 54 62 61 41 40 32 28 25 18 16 11 13 0 5 3 6 11 16 18 25 28 32 40 41 61 62 54 65 64 70 74 73 
67 66 63 58 56 59 61 41 40 32 28 25 29 19 15 18 13 3 6 8 10 12 11 16 18 25 28 32 35 37 45 44 48 57 60 64 70 74 73 
67 69 68 65 54 62 61 41 40 32 28 26 23 24 16 11 13 0 5 3 6 11 16 18 25 28 32 40 41 61 62 54 65 64 70 74 73 
67 69 68 65 54 62 61 41 40 32 28 25 18 16 11 6 3 13 3 6 8 10 12 11 16 18 25 28 32 40 41 61 62 54 65 64 70 74 73 
67 66 63 58 56 59 61 41 40 32 28 25 18 15 9 2 0 13 11 16 24 23 26 28 25 18 25 28 32 40 56 58 63 66 67 69 71 72 73 
67 68 65 54 62 61 41 40 32 28 26 23 24 16 11 13 3 6 11 16 18 25 28 32 40 41 46 54 65 64 70 74 73 
67 66 62 61 41 40 32 28 25 18 16 11 6 3 13 3 6 11 16 18 25 28 32 40 41 61 62 54 65 64 70 74 73 
67 69 68 65 54 62 61 41 40 32 28 25 29 19 15 18 13 0 5 3 6 11 16 18 25 28 32 40 41 46 54 65 64 70 74 73 
67 68 65 54 62 61 41 40 32 28 26 23 24 16 11 13 11 12 14 17 16 18 25 28 32 35 37 45 44 48 57 60 64 70 74 73 
67 66 62 61 41 40 32 28 25 18 16 11 6 3 13 0 5 3 6 11 16 18 25 28 32 40 41 46 54 65 68 69 71 72 73 
67 68 65 54 46 41 40 32 28 26 23 24 16 18 13 11 16 18 25 28 32 40 56 58 63 66 67 69 71 72 73 
67 68 65 54 62 61 41 40 32 40 39 33 30 24 16 11 13 0 5 3 6 11 16 18 25 28 32 40 41 46 54 65 64 70 74 73 
67 66 62 54 46 41 40 32 28 25 18 16 11 6 3 13 3 5 0 2 9 15 18 25 28 32 40 41 46 54 62 66 67 69 71 72 73 
67 69 68 65 54 46 41 40 32 28 26 23 24 16 18 13 11 16 24 23 26 28 25 18 25 28 32 35 37 45 44 48 57 60 64 70 74 73 
67 68 65 54 62 61 59 56 40 32 35 37 36 29 19 15 18 13 0 5 3 6 11 16 18 25 28 32 40 41 46 48 57 60 64 70 74 73 
67 68 65 54 62 61 59 56 40 32 28 26 23 24 16 11 13 3 6 11 16 18 25 28 32 40 41 61 62 66 67 69 71 72 73 
67 69 68 65 54 62 61 41 40 32 28 25 18 13 3 6 8 10 12 11 16 18 25 28 32 40 41 61 62 54 65 64 70 74 73 
67 66 62 61 41 40 32 28 25 18 15 9 2 0 13 0 2 9 15 18 25 28 32 40 56 58 63 66 67 69 71 72 73 
67 66 63 58 56 40 32 28 25 18 16 11 13 3 6 8 10 12 11 16 18 25 28 32 40 56 58 63 66 67 69 71 72 73 
67 66 62 61 41 40 32 35 37 36 29 19 15 18 13 3 6 11 16 18 25 28 32 40 41 46 54 65 64 70 74 73 
67 66 63 58 56 59 61 41 40 32 35 37 36 29 19 15 18 13 3 6 11 16 18 25 28 32 40 41 46 54 65 64 70 74 73 
---------------
Request id 21
74 70 64 65 54 62 61 41 40 39 38 34 31 27 24 16 17 16 11 13 18 15 19 
74 70 64 65 54 62 61 59 56 40 39 38 39 40 32 28 26 23 24 20 17 20 24 16 18 25 29 19 
74 70 64 65 54 46 41 40 39 38 34 31 27 24 16 11 12 14 17 14 12 11 16 18 15 19 
74 73 72 71 69 67 66 63 58 55 49 42 38 34 31 27 22 21 17 14 12 11 16 18 15 19 
74 70 64 65 54 46 41 40 39 38 39 33 30 24 16 11 12 14 17 16 11 13 18 25 29 19 
74 70 64 65 54 46 41 40 56 51 42 38 39 33 30 24 16 11 12 14 17 16 11 13 18 15 19 
74 73 72 71 69 67 66 63 58 55 49 42 38 34 31 27 22 21 17 20 24 16 18 25 29 19 
74 73 72 71 69 67 66 62 61 41 40 39 38 39 33 30 24 16 11 12 14 17 16 18 25 29 19 
74 70 64 60 57 48 46 41 40 39 38 39 40 32 28 26 23 24 20 17 16 11 13 18 15 19 
74 70 64 60 57 48 46 41 40 39 38 39 40 32 28 26 23 24 20 17 14 12 11 16 18 25 29 19 
74 70 64 60 57 48 46 41 40 39 38 39 33 30 24 20 17 16 18 15 19 
74 70 64 65 54 62 61 59 56 51 42 38 39 33 30 24 20 17 16 11 13 18 15 19 
74 70 64 65 54 62 61 41 40 39 38 39 33 30 24 16 17 14 12 11 16 18 15 19 
74 70 64 65 54 46 41 40 56 51 42 38 39 40 32 28 25 18 16 17 16 18 25 29 19 
74 73 72 71 69 67 66 62 61 41 40 39 38 34 31 27 24 16 17 14 12 11 13 18 15 19 
74 73 72 71 69 67 66 62 61 41 40 39 38 39 33 30 24 27 22 21 17 16 11 13 18 15 19 
74 70 64 65 54 62 61 41 40 39 38 39 33 30 24 20 17 20 24 16 18 15 19 
74 70 64 65 54 62 61 59 56 40 39 38 39 40 32 28 26 23 24 20 17 20 24 16 18 15 19 
74 73 72 71 69 68 65 54 46 41 40 39 38 34 31 27 22 21 17 14 12 11 16 18 15 19 
74 73 72 71 69 68 65 54 46 41 40 39 38 34 31 27 24 16 11 12 14 17 14 12 11 16 18 25 29 19 
74 70 64 65 54 46 41 40 39 38 34 31 27 22 21 17 16 11 13 18 25 29 19 
74 70 64 65 54 62 61 59 56 51 42 38 34 31 27 24 16 11 12 14 17 16 11 13 18 15 19 
74 73 72 71 69 68 65 54 46 41 40 39 38 34 31 27 22 21 17 14 12 11 16 18 25 29 19 
74 70 64 65 54 46 41 40 56 51 42 38 39 40 32 28 25 18 16 17 16 18 15 19 
74 73 72 71 69 67 66 63 58 55 49 42 38 39 33 30 24 16 17 16 24 23 26 28 25 29 19 
74 73 72 71 69 68 65 54 46 41 40 39 38 34 31 27 24 20 17 16 11 13 18 15 19 
74 70 64 65 54 62 61 59 56 40 39 38 34 31 27 24 16 11 12 14 17 16 11 13 18 25 29 19 
74 70 64 65 54 46 41 40 39 38 34 31 27 24 20 17 16 18 15 19 
74 70 64 65 54 62 61 59 56 40 39 38 34 31 27 22 21 17 16 18 15 19 
74 70 64 65 54 46 41 40 39 38 34 31 27 24 16 17 14 12 11 16 18 25 29 19 
---------------
Request id 11
4 1 3 6 8 10 12 11 16 17 20 24 27 24 23 26 28 32 40 56 51 42 38 42 49 55 58 63 
4 1 3 6 8 10 12 11 16 24 27 24 23 26 28 32 40 39 38 39 40 41 61 62 66 63 
4 7 8 10 12 14 17 16 11 16 24 27 24 16 18 25 28 32 40 39 38 39 40 56 58 63 
4 1 3 6 8 10 12 11 12 14 17 16 24 27 24 23 26 28 32 40 56 51 42 38 42 51 56 58 63 
4 7 8 10 12 11 13 18 16 17 20 24 27 22 21 17 20 24 30 33 39 38 42 49 55 58 63 
4 1 3 13 11 16 24 27 24 16 11 13 18 25 28 32 40 39 38 39 40 41 46 54 62 66 63 
4 1 3 5 0 13 11 12 14 17 21 22 27 24 23 26 28 32 40 39 38 42 51 56 40 41 61 62 66 63 
4 1 3 6 8 10 12 11 6 3 13 18 16 24 27 31 34 43 47 52 53 50 49 42 38 42 49 55 58 63 
4 7 8 6 11 16 24 20 17 21 22 27 24 30 33 39 40 56 51 42 38 39 40 41 61 62 66 63 
4 7 8 6 3 13 11 13 18 16 17 20 24 27 24 23 26 28 32 40 56 51 42 38 42 49 55 58 63 
4 1 3 6 8 10 12 11 12 14 17 21 22 27 22 21 17 16 24 30 33 39 38 42 51 56 40 41 61 62 66 63 
4 1 3 6 8 10 12 11 16 17 20 24 27 22 21 17 20 24 30 33 39 38 42 49 55 58 63 
4 1 3 6 11 6 3 13 18 16 24 27 31 34 43 47 52 53 50 49 42 38 42 51 56 40 41 61 62 66 63 
4 7 8 6 3 13 18 16 11 16 17 20 24 27 24 23 26 28 32 40 39 38 42 51 56 40 41 61 62 66 63 
4 1 3 5 0 13 11 12 14 17 21 22 27 24 30 33 39 38 42 51 56 59 61 62 66 63 
4 7 8 6 3 13 11 16 17 21 22 27 24 16 11 13 18 25 28 32 40 39 38 39 40 41 61 59 56 58 63 
4 1 3 5 0 13 11 12 14 17 16 24 27 22 21 17 20 24 30 33 39 38 39 40 56 51 42 49 55 58 63 
4 1 3 5 0 13 11 12 14 17 21 22 27 31 34 38 39 40 41 46 54 62 66 63 
4 1 3 6 11 12 14 17 16 24 27 22 21 17 20 24 30 33 39 38 42 51 56 58 63 
4 1 3 13 18 16 11 6 3 13 18 16 24 27 24 16 18 25 28 32 40 39 38 39 40 41 61 59 56 58 63 
4 7 8 6 11 6 3 13 18 16 24 27 24 16 18 25 28 32 40 39 38 39 40 41 61 59 56 58 63 
4 1 3 5 0 13 11 12 14 17 21 22 27 24 16 18 25 28 32 40 39 38 39 40 41 61 62 66 63 
4 7 8 6 3 13 11 16 24 27 24 16 18 25 28 32 40 39 38 42 51 56 59 61 62 66 63 
4 7 8 6 3 13 18 16 11 16 17 21 22 27 24 16 11 13 18 25 28 32 40 39 38 39 40 56 58 63 
4 1 3 13 18 16 11 16 17 21 22 27 24 16 11 13 18 25 28 32 40 39 38 39 40 41 46 54 62 66 63 
4 1 3 13 18 16 11 12 14 17 20 24 27 22 21 17 20 24 30 33 39 38 42 51 56 59 61 62 66 63 
4 7 8 6 11 13 18 16 24 27 24 30 33 39 40 56 51 42 38 39 40 41 46 54 62 66 63 
4 1 3 5 0 13 11 12 14 17 20 24 27 24 16 18 25 28 32 40 39 38 39 40 41 61 59 56 58 63 
4 1 3 13 11 16 17 21 22 27 31 34 43 47 52 53 50 49 42 38 39 40 56 51 42 49 55 58 63 
4 7 8 6 11 12 14 17 16 24 27 24 30 33 39 38 39 40 56 59 61 62 66 63 
---------------
Request id 4
62 61 59 56 40 32 28 25 18 16 11 12 14 17 20 24 27 22 21 
62 61 59 56 40 32 28 25 18 16 18 25 28 26 23 24 20 17 21 
62 66 63 58 56 40 39 33 30 24 16 24 20 17 21 
62 66 63 58 56 40 39 33 30 24 16 17 21 
62 54 46 41 40 32 28 26 23 24 16 17 21 
62 61 59 56 40 39 33 30 24 16 24 27 22 21 
62 61 59 56 40 39 33 30 24 16 11 12 14 17 20 24 27 22 21 
62 54 46 41 40 32 28 26 23 24 16 11 12 14 17 20 24 27 22 21 
62 61 59 56 40 32 28 25 18 16 11 6 8 10 12 14 17 21 
62 66 63 58 56 40 39 33 30 24 16 11 12 14 17 21 
62 61 41 40 39 33 30 24 16 11 12 14 17 20 24 27 22 21 
62 61 41 40 39 33 30 24 16 18 13 3 6 11 12 14 17 21 
62 61 59 56 40 39 33 30 24 16 18 13 3 6 11 12 14 17 21 
62 61 41 40 32 28 25 18 16 24 27 22 21 
62 61 41 40 39 33 30 24 16 24 27 22 21 
62 66 63 58 56 40 39 33 30 24 16 11 6 8 10 12 14 17 21 
62 61 41 40 39 33 30 24 16 11 6 8 10 12 14 17 21 
62 54 46 41 40 32 28 25 18 16 17 21 
62 61 59 56 40 32 28 25 18 16 24 20 17 21 
62 61 41 40 32 28 25 18 16 18 25 28 26 23 24 20 17 21 
62 61 59 56 40 32 28 25 18 16 18 13 11 12 14 17 21 
62 61 41 40 39 33 30 24 16 18 25 28 26 23 24 20 17 21 
62 61 41 40 39 33 30 24 16 24 20 17 21 
62 61 59 56 40 32 28 25 18 16 17 20 24 27 22 21 
62 66 63 58 56 40 32 28 25 18 16 17 20 24 27 22 21 
62 54 46 41 40 32 28 25 18 16 11 6 8 10 12 14 17 21 
62 61 59 56 40 32 28 25 18 16 24 27 22 21 
62 54 46 41 40 32 28 25 18 16 11 12 14 17 21 
62 66 63 58 56 40 32 28 25 18 16 17 21 
62 61 41 40 32 28 25 18 16 24 20 17 21 
---------------
Request id 23
58 56 40 32 28 26 23 24 16 24 20 17 14 12 11 16 18 15 19 29 25 28 32 40 41 46 48 57 60 
58 56 40 39 33 30 24 20 17 16 24 20 17 16 11 6 3 13 18 15 19 29 36 37 35 32 40 41 46 48 57 60 
58 56 51 42 38 34 31 27 24 16 18 13 11 12 14 17 14 12 11 16 18 15 19 29 36 37 45 44 48 57 60 
58 55 49 42 38 34 31 27 24 16 11 12 14 17 20 24 16 18 15 18 25 29 36 37 45 44 48 57 60 
58 55 49 42 38 39 33 30 24 16 18 13 3 6 11 12 14 17 14 12 11 13 18 15 18 16 24 30 33 39 40 41 46 48 57 60 
58 56 40 32 28 25 18 16 18 13 3 6 11 12 14 17 16 18 25 29 19 15 19 29 36 37 45 44 48 46 54 65 64 60 
58 55 49 42 38 39 33 30 24 16 18 25 28 26 23 24 20 17 14 12 11 16 18 15 18 25 28 32 40 41 46 48 57 60 
58 56 51 42 38 34 31 27 24 16 11 12 14 17 16 11 13 0 2 9 15 18 25 28 32 35 37 45 44 48 57 60 
58 56 40 39 33 30 24 16 11 12 14 17 21 22 27 24 16 18 15 18 25 28 32 35 37 45 44 48 57 60 
58 56 40 39 33 30 24 16 17 16 18 15 19 29 25 28 32 40 41 46 48 57 60 
58 56 40 39 33 30 24 20 17 16 18 25 28 26 23 24 20 17 21 22 27 24 16 18 15 18 25 28 32 40 41 61 62 54 65 64 60 
58 55 49 42 38 39 33 30 24 16 18 13 3 6 11 12 14 17 16 11 13 18 15 18 16 24 30 33 39 40 41 46 48 57 60 
58 56 40 39 33 30 24 20 17 16 24 20 17 21 22 27 24 16 18 15 19 29 36 37 45 44 48 57 60 
58 56 40 39 33 30 24 20 17 16 18 13 11 6 8 10 12 14 17 20 24 16 11 13 18 15 18 25 28 32 35 37 45 44 48 57 60 
58 56 40 39 33 30 24 16 17 20 24 16 11 13 18 15 18 25 28 32 40 41 61 62 54 65 64 60 
58 56 40 32 28 25 18 16 17 16 18 15 18 25 28 32 40 41 46 54 65 64 60 
58 56 40 39 33 30 24 16 17 14 12 11 13 18 15 18 25 28 32 40 41 61 62 54 65 64 60 
58 56 40 32 28 25 18 13 11 16 18 13 3 6 8 10 12 14 17 20 24 16 11 13 18 15 18 25 28 32 40 41 61 62 54 65 64 60 
58 56 40 32 28 26 23 24 16 11 12 14 17 16 11 13 18 15 19 29 36 37 45 44 48 57 60 
58 56 51 42 38 34 31 27 24 16 24 27 22 21 17 16 18 15 19 29 25 28 32 40 41 46 48 57 60 
58 56 40 32 28 25 18 16 24 27 22 21 17 16 18 25 29 19 15 18 16 24 30 33 39 40 41 46 48 57 60 
58 56 40 39 33 30 24 20 17 16 18 13 3 6 8 10 12 14 17 21 22 27 24 16 18 15 18 25 29 36 37 45 44 48 57 60 
58 56 40 39 38 34 31 27 24 16 17 16 18 25 29 19 15 18 25 29 36 37 45 44 48 57 60 
58 56 51 42 38 39 33 30 24 16 17 20 24 16 18 15 18 25 28 32 40 41 46 54 65 64 60 
58 55 49 42 38 39 33 30 24 16 18 13 3 6 11 12 14 17 16 11 13 18 15 19 29 36 37 35 32 40 41 46 48 57 60 
58 56 40 39 33 30 24 16 18 13 3 6 8 10 12 14 17 16 11 13 0 2 9 15 18 25 28 32 40 41 61 62 54 65 64 60 
58 55 49 42 38 39 33 30 24 16 18 13 3 6 8 10 12 14 17 16 18 15 18 25 28 32 40 41 46 48 57 60 
58 56 51 42 38 34 31 27 24 16 24 27 22 21 17 16 11 13 0 2 9 15 18 25 29 36 37 45 44 48 57 60 
58 55 49 42 38 34 31 27 24 16 18 13 3 6 11 12 14 17 16 18 25 29 19 15 19 29 36 37 45 44 48 57 60 
58 56 40 32 28 25 18 16 18 13 11 12 14 17 16 11 13 0 2 9 15 18 25 29 36 37 45 44 48 57 60 
---------------
Request id 9
21 22 27 24 16 11 6 8 10 12 14 17 14 12 11 13 3 6 11 16 24 27 24 30 33 39 38 42 49 50 53 52 47 
21 22 27 31 34 38 39 33 30 24 20 17 14 12 11 16 18 13 11 12 14 17 21 22 27 24 30 33 39 38 34 43 47 
21 22 27 31 34 38 39 33 30 24 16 17 14 12 11 16 18 13 11 12 14 17 21 22 27 24 30 33 39 38 42 49 50 53 52 47 
21 22 27 24 23 26 28 25 18 13 11 16 17 20 24 16 18 13 18 25 28 26 23 24 27 22 21 17 16 24 30 33 39 38 34 43 47 
21 22 27 24 16 17 16 11 13 18 16 17 20 24 27 31 34 43 47 
21 22 27 24 23 26 28 25 18 13 11 16 17 21 22 27 24 16 18 13 18 16 24 27 22 21 17 20 24 30 33 39 38 34 43 47 
21 22 27 24 16 17 14 12 11 16 18 13 11 16 24 27 22 21 17 20 24 30 33 39 38 34 43 47 
21 22 27 31 34 38 39 33 30 24 16 17 14 12 11 16 18 13 3 6 11 16 24 27 24 30 33 39 40 56 51 42 38 34 43 47 
21 22 27 31 34 38 39 33 30 24 20 17 20 24 16 11 13 11 12 14 17 21 22 27 24 30 33 39 38 34 43 47 
21 22 27 24 23 26 28 25 18 16 17 14 12 11 16 18 13 18 16 24 27 24 16 18 25 28 32 40 39 38 34 43 47 
21 17 16 18 13 11 12 14 17 16 24 27 31 34 38 42 49 50 53 52 47 
21 22 27 24 16 11 12 14 17 21 22 27 24 16 18 13 3 6 11 16 24 27 22 21 17 16 24 30 33 39 38 34 43 47 
21 22 27 31 34 38 39 33 30 24 16 17 14 12 11 13 11 16 24 27 31 34 38 42 49 50 53 52 47 
21 17 14 12 11 13 11 16 17 20 24 27 22 21 17 20 24 30 33 39 38 34 43 47 
21 22 27 24 23 26 28 25 18 16 17 20 24 16 11 13 18 16 24 27 22 21 17 20 24 30 33 39 38 34 43 47 
21 22 27 31 34 38 39 33 30 24 20 17 14 12 11 16 18 13 18 16 17 21 22 27 24 23 26 28 32 40 39 38 34 43 47 
21 22 27 31 34 38 39 33 30 24 16 17 14 12 11 6 3 13 18 16 24 27 24 30 33 39 40 56 51 42 38 34 43 47 
21 22 27 24 16 11 12 14 17 16 11 13 11 12 14 17 16 24 27 22 21 17 20 24 30 33 39 38 34 43 47 
21 22 27 24 16 11 6 8 10 12 14 17 16 11 6 3 13 18 16 17 20 24 27 24 16 18 25 28 32 40 39 38 34 43 47 
21 22 27 24 16 11 12 14 17 20 24 16 11 13 18 16 17 20 24 27 24 30 33 39 38 42 49 50 53 52 47 
21 22 27 24 16 17 20 24 16 11 13 18 16 17 21 22 27 24 23 26 28 32 40 56 51 42 38 34 43 47 
21 22 27 31 34 38 39 33 30 24 16 17 21 22 27 24 16 18 13 11 12 14 17 16 24 27 24 30 33 39 38 42 49 50 53 52 47 
21 22 27 31 34 38 39 33 30 24 20 17 21 22 27 24 16 18 13 11 12 14 17 16 24 27 22 21 17 20 24 30 33 39 38 34 43 47 
21 22 27 24 20 17 16 18 13 11 16 17 20 24 27 24 23 26 28 32 40 56 51 42 38 34 43 47 
21 22 27 24 23 26 28 25 18 16 17 20 24 16 11 13 3 6 11 16 24 27 24 16 18 25 28 32 40 39 38 34 43 47 
21 17 16 11 13 11 12 14 17 16 24 27 31 34 43 47 
21 22 27 24 16 18 13 11 12 14 17 20 24 16 18 13 11 16 17 21 22 27 24 30 33 39 38 34 43 47 
21 22 27 31 34 38 39 33 30 24 20 17 16 18 13 3 6 11 16 24 27 22 21 17 16 24 30 33 39 38 34 43 47 
21 22 27 24 16 11 6 8 10 12 14 17 21 22 27 24 16 18 13 11 16 17 20 24 27 24 30 33 39 40 56 51 42 38 34 43 47 
21 22 27 24 16 11 6 8 10 12 14 17 16 18 13 11 16 17 21 22 27 31 34 43 47 
---------------
Request id 22
71 69 67 66 62 61 41 40 32 28 26 23 24 16 18 13 3 6 11 12 14 17 20 24 30 33 39 40 41 46 48 57 
71 69 67 66 62 54 46 41 40 32 28 25 18 16 18 13 3 6 11 12 14 17 16 18 25 28 32 40 41 46 48 57 
71 69 67 66 62 61 41 40 39 33 30 24 16 17 16 18 25 29 36 37 45 44 48 57 
71 69 67 66 63 58 56 40 39 33 30 24 16 17 16 18 25 29 36 37 45 44 48 57 
71 69 67 66 62 61 41 40 32 28 26 23 24 16 18 13 11 12 14 17 20 24 30 33 39 40 41 46 48 57 
71 69 68 65 54 62 61 41 40 32 28 25 18 16 18 25 28 26 23 24 20 17 21 22 27 24 30 33 39 40 41 46 48 57 
71 69 67 66 62 61 41 40 32 28 26 23 24 16 24 20 17 16 11 13 18 25 28 32 40 41 46 48 57 
71 69 67 66 63 58 56 40 39 33 30 24 16 18 13 11 6 8 10 12 14 17 16 18 25 28 32 35 37 45 44 48 57 
71 69 68 67 66 62 61 41 40 32 28 25 18 16 24 27 22 21 17 16 18 25 28 32 35 37 45 44 48 57 
71 69 67 66 62 61 41 40 32 28 25 18 16 18 25 28 26 23 24 20 17 16 24 23 26 28 32 40 41 46 48 57 
71 69 67 66 63 58 56 40 32 28 25 18 16 18 13 11 12 14 17 16 18 25 28 32 40 41 46 48 57 
71 69 68 67 66 62 61 41 40 32 28 25 18 16 18 25 28 26 23 24 20 17 16 11 13 18 25 28 32 40 41 46 48 57 
71 69 68 67 66 62 61 41 40 32 28 25 18 16 18 13 11 12 14 17 20 24 23 26 28 32 40 41 46 48 57 
71 69 68 65 54 62 61 41 40 32 28 25 18 16 11 6 8 10 12 14 17 20 24 30 33 39 40 41 46 48 57 
71 69 68 65 54 46 41 40 32 28 25 18 16 18 13 3 6 11 12 14 17 20 24 23 26 28 32 40 41 46 48 57 
71 69 67 66 63 58 56 40 39 33 30 24 16 18 25 28 26 23 24 20 17 20 24 30 33 39 40 41 46 48 57 
71 69 67 66 63 58 56 40 32 28 25 18 16 18 13 3 6 8 10 12 14 17 16 24 23 26 28 32 40 41 46 48 57 
71 69 67 66 62 61 41 40 32 28 26 23 24 16 18 13 3 6 8 10 12 14 17 16 18 15 19 29 36 37 45 44 48 57 
71 69 67 66 63 58 56 40 32 28 25 18 16 24 27 22 21 17 20 24 23 26 28 32 40 41 46 48 57 
71 69 67 66 62 61 41 40 39 33 30 24 16 11 12 14 17 16 11 13 18 25 28 32 40 41 46 48 57 
71 69 68 67 66 62 61 41 40 32 28 25 18 16 18 13 11 12 14 17 16 11 13 18 25 28 32 40 41 46 48 57 
71 69 67 66 62 54 46 41 40 32 28 25 18 16 18 13 11 6 8 10 12 14 17 16 18 25 28 32 35 37 45 44 48 57 
71 69 67 66 63 58 56 40 32 28 25 18 16 24 20 17 16 24 30 33 39 40 41 46 48 57 
71 69 67 66 63 58 56 40 32 28 25 18 16 18 13 3 6 11 12 14 17 20 24 23 26 28 32 40 41 46 48 57 
71 69 68 67 66 62 61 41 40 32 28 25 18 16 18 25 28 26 23 24 20 17 16 18 25 28 32 35 37 45 44 48 57 
71 69 67 66 62 61 41 40 39 33 30 24 16 18 13 3 6 8 10 12 14 17 16 11 13 18 25 28 32 40 41 46 48 57 
71 69 67 66 62 54 46 41 40 32 28 25 18 16 11 12 14 17 20 24 23 26 28 32 40 41 46 48 57 
71 69 67 66 62 61 41 40 32 28 25 18 16 18 13 3 6 11 12 14 17 16 18 25 28 32 40 41 46 48 57 
71 69 67 66 63 58 56 40 32 28 25 18 16 24 20 17 16 18 25 29 36 37 45 44 48 57 
71 69 67 66 62 61 41 40 32 28 26 23 24 16 11 6 8 10 12 14 17 20 24 30 33 39 40 41 46 48 57 
---------------
Request id 17
46 48 44 45 37 35 32 40 39 33 30 24 16 18 25 28 32 40 39 38 42 49 55 58 56 59 61 62 54 65 64 70 74 
46 54 62 66 63 58 56 40 41 46 48 44 45 37 35 32 40 39 38 42 49 55 58 56 40 41 46 54 65 64 70 74 
46 54 65 68 67 66 63 58 56 40 39 33 30 24 20 17 16 18 25 28 32 40 41 61 62 66 63 58 56 58 63 66 67 68 69 71 72 73 74 
46 54 65 68 67 66 62 61 41 40 41 61 62 54 46 48 44 45 37 35 32 28 25 18 16 24 30 33 39 40 56 40 41 46 54 65 64 70 74 
46 41 40 39 33 30 24 16 18 25 28 32 40 56 59 61 62 54 65 64 70 74 
46 54 62 61 41 40 39 38 34 31 27 24 23 26 28 32 40 41 46 54 62 66 63 58 56 59 61 62 54 65 64 70 74 
46 54 62 66 63 58 56 40 39 33 30 24 16 18 25 28 32 40 41 61 62 66 63 58 56 58 63 66 67 69 68 65 64 70 74 
46 54 62 61 41 40 39 33 30 24 16 11 13 18 25 28 32 40 56 58 63 66 67 69 71 72 73 74 
46 54 65 68 67 66 62 61 41 40 39 33 30 24 20 17 16 18 25 28 32 40 41 46 54 62 66 63 58 56 58 63 66 62 54 65 64 70 74 
46 54 65 68 67 66 63 58 56 40 32 40 41 61 62 66 63 58 56 59 61 41 46 54 65 64 70 74 
46 41 61 62 66 63 58 56 40 39 33 30 24 16 11 13 18 25 28 32 40 39 38 42 51 56 59 61 62 54 65 64 70 74 
46 54 62 61 59 56 40 39 38 34 31 27 24 23 26 28 32 40 41 46 54 62 61 59 56 40 41 46 48 57 60 64 70 74 
46 48 44 45 37 35 32 40 39 33 30 24 16 18 25 28 32 40 39 38 42 51 56 40 41 46 48 57 60 64 70 74 
46 48 44 45 37 35 32 40 39 33 30 24 16 18 25 28 32 40 41 61 59 56 58 63 66 62 54 65 64 70 74 
46 54 62 61 41 40 41 46 48 44 45 37 35 32 40 39 38 42 51 56 58 63 66 67 69 71 72 73 74 
46 41 61 62 66 63 58 56 40 39 38 34 31 27 24 23 26 28 32 40 39 38 42 51 56 58 63 66 67 68 69 71 72 73 74 
46 54 62 61 41 40 56 59 61 41 46 48 44 45 37 35 32 40 39 38 42 51 56 58 63 66 67 69 71 72 73 74 
46 41 40 41 61 62 54 46 48 44 45 37 35 32 28 25 18 16 24 30 33 39 40 56 58 63 66 67 68 69 71 72 73 74 
46 41 61 59 56 40 32 40 41 61 59 56 58 63 66 67 69 71 72 73 74 
46 48 44 45 37 35 32 40 41 46 48 44 45 37 35 32 40 39 38 42 49 55 58 56 58 63 66 67 69 71 72 73 74 
46 41 61 59 56 51 42 38 39 40 41 46 48 44 45 37 35 32 28 25 18 16 24 30 33 39 40 56 58 63 66 67 69 71 72 73 74 
46 41 61 62 66 63 58 56 40 39 38 34 31 27 24 16 18 25 28 32 40 39 38 42 51 56 58 63 66 67 68 65 64 70 74 
46 41 61 59 56 40 32 40 56 59 61 62 54 65 64 70 74 
46 41 61 59 56 51 42 38 39 40 41 46 48 44 45 37 35 32 28 25 18 16 24 30 33 39 40 56 40 41 61 62 54 65 64 70 74 
46 54 62 61 59 56 40 32 40 56 40 41 46 48 57 60 64 70 74 
46 48 44 45 37 35 32 40 56 59 61 41 46 48 44 45 37 35 32 28 26 23 24 30 33 39 40 56 59 61 41 46 54 65 64 70 74 
46 54 65 68 67 66 63 58 56 40 39 33 30 24 16 18 25 28 32 40 41 61 62 66 63 58 56 40 41 46 54 65 64 70 74 
46 41 40 32 35 37 45 44 48 46 41 40 56 40 41 46 48 57 60 64 70 74 
46 41 61 59 56 51 42 38 39 40 39 33 30 24 23 26 28 32 40 39 38 42 51 56 59 61 62 54 65 64 70 74 
46 41 61 59 56 51 42 38 39 40 56 59 61 41 46 48 44 45 37 35 32 40 41 46 54 62 61 59 56 58 63 66 67 68 69 71 72 73 74 
---------------
Request id 14
45 37 35 32 40 39 33 30 24 16 18 25 29 19 15 18 13 3 5 0 2 9 
45 44 48 46 41 40 32 28 25 29 25 18 13 0 2 9 
45 37 35 32 28 26 23 24 16 18 25 29 36 37 35 32 28 25 18 15 9 
45 37 35 32 28 26 23 24 16 18 25 29 25 28 26 23 24 16 18 15 9 
45 37 35 32 28 25 18 15 19 29 25 18 16 11 13 0 2 9 
45 44 48 46 41 40 32 28 25 29 19 15 9 
45 37 35 32 28 26 23 24 16 18 25 29 19 15 18 13 3 5 0 2 9 
45 37 35 32 28 25 29 19 15 18 16 11 13 0 2 9 
45 44 48 46 41 40 32 35 37 36 29 25 28 26 23 24 16 18 15 9 
45 37 35 32 28 25 18 15 19 29 19 15 18 13 3 5 0 2 9 
45 37 35 32 40 39 33 30 24 16 18 25 29 36 37 35 32 28 25 18 15 9 
45 37 35 32 28 25 29 25 18 16 11 13 0 2 9 
45 44 48 46 41 40 32 28 25 18 15 19 29 19 15 9 
45 37 36 29 25 18 13 3 5 0 2 9 
45 44 48 46 41 40 32 28 25 18 15 19 29 25 18 13 3 5 0 2 9 
45 44 48 46 41 40 32 28 25 18 15 19 29 36 37 35 32 28 25 18 15 9 
45 37 36 29 19 15 18 16 11 13 0 2 9 
45 37 35 32 28 25 18 15 19 29 25 18 13 0 2 9 
45 37 36 29 25 18 16 11 13 0 2 9 
45 44 48 46 41 40 32 35 37 36 29 36 37 35 32 28 25 18 15 9 
45 37 35 32 28 25 18 15 19 29 19 15 9 
45 37 35 32 40 39 33 30 24 16 18 25 29 19 15 18 13 0 2 9 
45 44 48 46 54 62 61 41 40 32 28 25 29 19 15 18 16 11 13 0 2 9 
45 44 48 46 54 62 61 41 40 32 28 25 29 25 18 13 3 5 0 2 9 
45 37 35 32 28 26 23 24 16 18 15 19 29 19 15 9 
45 37 35 32 28 26 23 24 16 18 25 29 19 15 18 16 11 13 0 2 9 
45 44 48 46 41 40 32 28 25 18 15 19 29 25 18 16 11 13 0 2 9 
45 37 35 32 28 25 18 15 19 29 25 18 15 9 
45 37 35 32 28 25 18 15 19 29 19 15 18 13 0 2 9 
45 37 35 32 28 26 23 24 16 18 15 19 29 19 15 18 16 11 13 0 2 9 
---------------
Request id 25
35 32 28 26 23 24 16 18 13 0 2 9 15 19 29 36 37 45 44 
35 32 28 25 18 16 11 13 18 25 29 36 37 45 44 
35 37 36 29 19 15 18 13 18 25 28 32 35 37 45 44 
35 37 36 29 25 18 13 18 25 28 32 40 41 46 48 44 
35 32 28 25 18 13 18 16 24 30 33 39 40 41 46 48 44 
35 37 36 29 25 18 13 18 25 28 32 35 37 45 44 
35 37 36 29 25 18 16 11 13 11 16 18 15 19 29 36 37 45 44 
35 32 28 26 23 24 16 11 13 11 16 18 15 19 29 36 37 45 44 
35 32 28 25 18 16 11 13 0 2 9 15 19 29 36 37 45 44 
35 32 28 25 29 19 15 18 13 18 16 24 30 33 39 40 41 46 48 44 
35 32 28 26 23 24 16 11 13 18 15 19 29 25 28 32 35 37 45 44 
35 32 28 26 23 24 16 18 13 18 15 19 29 25 28 32 35 37 45 44 
35 32 28 25 29 19 15 18 13 18 15 19 29 25 28 32 35 37 45 44 
35 32 28 26 23 24 16 11 13 18 15 19 29 36 37 45 44 
35 37 36 29 19 15 18 13 18 25 29 36 37 45 44 
35 32 28 25 18 13 18 25 29 36 37 45 44 
35 32 28 25 29 19 15 18 13 18 25 28 32 35 37 45 44 
35 37 36 29 25 18 13 18 15 19 29 36 37 45 44 
35 32 28 26 23 24 16 11 13 0 2 9 15 19 29 36 37 45 44 
35 32 40 39 33 30 24 16 11 13 18 15 19 29 36 37 45 44 
35 32 40 39 33 30 24 16 11 13 11 16 18 25 28 32 35 37 45 44 
35 37 36 29 19 15 18 16 11 13 18 25 29 36 37 45 44 
35 32 28 25 18 16 11 13 18 15 19 29 25 28 32 35 37 45 44 
35 32 28 26 23 24 16 11 13 18 25 28 32 40 41 46 48 44 
35 37 36 29 19 15 18 16 11 13 18 16 24 30 33 39 40 41 46 48 44 
35 32 28 25 29 19 15 18 13 18 25 29 36 37 45 44 
35 37 36 29 19 15 18 16 11 13 11 16 18 25 29 36 37 45 44 
35 37 36 29 25 18 13 18 16 24 30 33 39 40 41 46 48 44 
35 32 28 26 23 24 16 11 13 11 16 18 25 29 36 37 45 44 
35 37 36 29 19 15 18 13 11 16 18 15 19 29 36 37 45 44 
---------------
Request id 10
41 40 39 33 30 24 16 11 13 18 16 11 12 10 8 7 4 1 
41 40 32 28 25 18 16 17 14 12 11 13 18 13 3 6 11 16 11 6 3 1 
41 40 32 28 25 18 16 11 12 10 8 6 3 13 18 13 0 5 3 6 11 16 11 6 8 7 4 1 
41 40 32 35 37 36 29 25 18 16 24 20 17 14 12 11 13 18 13 3 6 11 12 14 17 16 17 14 12 11 6 3 1 
41 40 39 38 34 31 27 24 16 17 14 12 11 13 18 13 3 6 11 16 18 13 3 1 
41 40 32 28 25 18 16 17 14 12 11 13 18 16 11 13 3 1 
41 61 59 56 40 39 33 30 24 16 11 12 10 8 6 3 13 18 13 11 16 17 14 12 11 13 3 1 
41 40 39 38 34 31 27 24 16 11 12 10 8 6 3 13 18 16 11 6 8 7 4 1 
41 40 32 28 25 29 19 15 18 16 11 13 18 16 11 6 3 1 
41 40 39 38 34 31 27 24 16 24 23 26 28 25 18 13 11 12 14 17 20 24 16 11 6 3 1 
41 40 39 33 30 24 20 17 16 17 14 12 11 13 18 13 11 16 18 13 3 1 
41 40 32 28 25 18 16 17 14 12 11 13 18 13 11 12 14 17 16 17 14 12 11 6 3 1 
41 40 39 33 30 24 16 17 20 24 23 26 28 25 18 13 11 12 14 17 16 11 6 8 7 4 1 
41 40 39 38 34 31 27 24 16 18 25 28 26 23 24 16 11 13 0 5 3 1 
41 40 32 28 25 18 16 24 20 17 14 12 11 13 18 13 11 12 14 17 20 24 16 18 13 0 5 3 1 
41 61 59 56 40 39 33 30 24 16 24 20 17 14 12 11 13 18 13 11 12 14 17 20 24 16 11 13 0 5 3 1 
41 40 32 35 37 36 29 25 18 16 11 13 0 2 9 15 18 13 0 5 3 6 11 16 11 12 10 8 7 4 1 
41 40 32 28 25 18 16 11 6 3 13 18 13 11 16 11 13 0 5 3 1 
41 40 39 33 30 24 16 18 13 11 16 17 14 12 11 6 3 1 
41 61 59 56 40 32 28 25 18 16 24 23 26 28 25 18 13 11 12 14 17 16 18 13 3 1 
41 40 39 33 30 24 16 17 20 24 23 26 28 25 18 15 9 2 0 13 11 16 11 6 8 7 4 1 
41 40 39 33 30 24 16 17 14 12 11 13 18 13 11 12 14 17 20 24 16 11 13 0 5 3 1 
41 40 32 35 37 36 29 25 18 16 11 13 0 2 9 15 18 25 28 26 23 24 16 17 14 12 11 6 3 1 
41 40 32 35 37 36 29 25 18 16 11 6 3 13 18 13 11 12 14 17 16 11 13 0 5 3 1 
41 40 32 28 25 18 13 11 16 11 12 10 8 6 3 13 18 25 28 26 23 24 20 17 16 11 12 10 8 7 4 1 
41 40 32 28 25 29 19 15 18 16 11 12 10 8 6 3 13 18 13 3 6 11 12 14 17 16 11 6 8 7 4 1 
41 40 39 33 30 24 20 17 16 11 13 18 25 28 26 23 24 16 17 14 12 11 13 3 1 
41 40 32 28 25 18 13 11 16 11 6 3 13 18 13 0 5 3 6 11 16 17 14 12 11 6 3 1 
41 40 32 28 25 18 13 11 16 11 13 18 25 28 26 23 24 20 17 16 11 6 8 7 4 1 
41 61 59 56 40 39 33 30 24 16 11 6 3 13 18 16 11 6 3 1 
---------------
Request id 16
33 39 40 41 61 62 66 63 58 56 40 32 35 37 36 29 25 18 16 24 30 33 39 40 32 28 26 
33 30 24 27 31 34 38 39 40 56 40 39 33 30 24 20 17 16 11 13 18 25 28 26 
33 30 24 27 31 34 38 42 51 56 40 39 33 30 24 16 18 25 29 36 37 35 32 28 26 
33 30 24 23 26 28 32 40 56 40 32 35 37 36 29 25 18 16 11 13 18 25 28 26 
33 30 24 27 31 34 38 39 40 56 40 32 28 25 18 16 11 12 14 17 20 24 23 26 
33 30 24 27 31 34 38 42 51 56 40 32 28 26 23 24 16 17 21 22 27 24 23 26 
33 30 24 23 26 28 32 40 56 40 32 28 26 23 24 16 18 25 28 26 
33 39 40 41 61 59 56 51 42 38 39 33 30 24 16 17 21 22 27 24 23 26 
33 39 40 41 61 62 66 63 58 56 51 42 38 39 33 30 24 16 11 12 14 17 20 24 23 26 
33 39 40 41 61 59 56 40 32 28 25 18 16 11 13 18 25 28 26 
33 30 24 27 31 34 38 42 51 56 59 61 41 40 39 33 30 24 16 24 23 26 
33 39 40 41 61 59 56 51 42 38 34 31 27 24 16 18 25 29 36 37 35 32 28 26 
33 39 38 42 51 56 40 39 33 30 24 16 24 23 26 
33 30 24 27 31 34 38 39 40 56 51 42 38 34 31 27 24 16 11 6 3 13 18 25 28 26 
33 39 38 42 51 56 40 39 33 30 24 16 24 30 33 39 40 32 28 26 
33 39 40 56 40 39 33 30 24 20 17 16 18 15 19 29 25 28 26 
33 39 40 41 61 59 56 51 42 38 39 33 30 24 16 18 25 29 36 37 35 32 28 26 
33 39 40 41 46 54 62 61 59 56 40 32 28 25 18 13 11 16 18 15 19 29 25 28 26 
33 39 38 42 49 55 58 56 40 32 28 25 18 16 18 25 29 36 37 35 32 28 26 
33 39 40 56 40 32 28 25 18 16 24 30 33 39 40 32 28 26 
33 30 24 16 18 25 28 32 40 56 40 32 28 25 18 16 24 30 33 39 40 32 28 26 
33 39 40 41 46 54 62 61 59 56 40 39 33 30 24 20 17 16 11 6 3 13 18 25 28 26 
33 30 24 27 31 34 38 42 51 56 40 39 38 34 31 27 24 16 18 25 28 26 
33 39 40 41 46 54 62 61 59 56 40 32 28 25 18 13 11 16 17 20 24 23 26 
33 39 40 56 40 32 28 25 18 16 17 21 22 27 24 23 26 
33 30 24 23 26 28 32 40 56 51 42 38 34 31 27 24 16 18 15 19 29 25 28 26 
33 39 40 41 61 62 66 63 58 56 40 32 35 37 36 29 25 18 16 17 20 24 23 26 
33 30 24 27 31 34 38 42 51 56 59 61 41 40 39 33 30 24 16 11 6 3 13 18 25 28 26 
33 30 24 27 31 34 38 39 40 56 40 39 33 30 24 16 18 25 28 26 
33 39 40 41 46 54 62 61 59 56 59 61 41 40 39 33 30 24 16 17 21 22 27 24 23 26 
---------------
Request id 3
49 55 58 63 66 62 61 41 40 39 38 34 38 39 33 30 24 20 17 16 24 23 26 28 25 29 36 37 45 44 48 46 41 61 59 
49 55 58 56 40 39 33 30 24 27 31 34 38 39 33 30 24 16 11 12 14 17 16 18 15 19 29 25 28 32 40 56 59 
49 55 58 63 66 62 61 41 40 39 38 34 38 39 33 30 24 16 11 12 14 17 20 24 16 18 25 28 32 40 41 46 54 62 61 59 
49 42 38 39 33 30 24 27 31 34 38 39 33 30 24 27 22 21 17 14 12 11 13 18 25 28 32 40 41 61 59 
49 42 51 56 59 61 41 40 39 38 34 38 39 33 30 24 16 11 12 14 17 21 22 27 24 16 18 25 29 36 37 35 32 40 56 59 
49 42 51 56 59 61 41 40 39 38 34 31 27 22 21 17 20 24 23 26 28 25 28 32 40 39 38 42 51 56 59 
49 55 58 56 40 39 38 34 38 39 40 32 28 26 23 24 20 17 21 22 27 24 16 18 25 28 32 40 41 61 59 
49 42 38 34 38 39 40 32 28 25 18 16 17 14 12 11 16 18 25 29 36 37 35 32 40 41 61 59 
49 42 51 56 40 39 38 34 38 39 40 32 28 25 18 16 17 16 11 13 18 25 28 26 23 24 30 33 39 40 56 59 
49 50 53 52 47 43 34 31 27 24 16 17 16 18 15 19 29 25 28 32 40 41 61 59 
49 55 58 56 40 39 38 34 31 27 24 16 11 12 14 17 14 12 11 16 18 25 28 32 40 41 46 54 62 61 59 
49 55 58 56 40 39 38 34 38 39 33 30 24 16 11 12 14 17 20 24 23 26 28 25 28 32 40 39 38 42 51 56 59 
49 55 58 56 40 39 33 30 24 27 31 34 31 27 24 16 17 14 12 11 16 18 25 28 32 40 56 59 
49 55 58 56 59 61 41 40 39 38 34 38 39 40 32 28 26 23 24 20 17 20 24 16 18 25 18 16 24 23 26 28 32 40 56 59 
49 42 51 56 59 61 41 40 39 38 34 38 39 33 30 24 16 17 14 12 11 16 18 25 28 32 40 41 61 59 
49 50 53 52 47 43 34 31 27 22 21 17 14 12 11 16 18 25 29 36 37 45 44 48 46 41 61 59 
49 55 58 63 66 62 61 41 40 39 38 34 31 27 24 20 17 20 24 16 11 13 18 25 28 26 23 24 30 33 39 40 56 59 
49 42 38 39 33 30 24 27 31 34 31 27 24 20 17 21 22 27 24 16 18 25 29 36 37 35 32 40 56 59 
49 55 58 63 66 62 61 41 40 39 38 34 31 27 24 16 17 20 24 16 18 25 28 26 23 24 30 33 39 40 56 59 
49 55 58 63 66 62 61 41 40 39 38 34 31 27 24 16 17 16 18 15 19 29 25 28 32 40 41 61 59 
49 55 58 56 51 42 38 34 38 39 40 32 28 25 18 16 17 20 24 16 18 25 18 16 24 30 33 39 40 56 59 
49 42 38 34 31 27 24 16 11 12 14 17 21 22 27 24 16 18 25 28 32 40 56 59 
49 42 38 34 31 27 24 16 11 12 14 17 14 12 11 13 18 25 29 36 37 35 32 40 56 59 
49 55 58 56 59 61 41 40 39 38 34 38 39 40 32 28 25 18 16 17 20 24 16 11 13 18 25 28 32 40 39 38 42 51 56 59 
49 55 58 56 40 39 38 34 38 39 33 30 24 20 17 16 24 23 26 28 25 29 36 37 45 44 48 46 41 61 59 
49 55 58 56 59 61 41 40 39 38 34 38 39 40 32 28 25 18 16 17 16 18 25 18 16 24 23 26 28 32 40 56 59 
49 42 51 56 59 61 41 40 39 38 34 31 27 24 16 11 12 14 17 16 18 15 19 29 25 28 26 23 24 30 33 39 40 56 59 
49 55 58 63 66 62 61 41 40 39 38 34 38 39 40 32 28 25 18 16 17 20 24 16 18 25 29 36 37 35 32 40 41 61 59 
49 42 38 34 31 27 24 16 11 12 14 17 16 11 13 18 25 29 36 37 35 32 40 41 61 59 
49 55 58 63 66 62 61 41 40 39 38 34 31 27 24 16 17 21 22 27 24 16 18 25 29 36 37 35 32 40 56 59 
---------------
Request id 29
21 17 14 12 11 6 3 13 18 16 18 25 29 19 
21 17 14 12 11 13 18 16 11 13 18 15 19 
21 22 27 24 20 17 14 12 11 16 17 14 12 11 13 18 15 19 
21 17 20 24 23 26 28 25 18 16 17 14 12 11 13 18 15 19 
21 17 16 18 15 19 
21 17 16 11 13 18 25 29 19 
21 17 14 12 10 8 6 11 16 17 14 12 11 13 18 15 19 
21 17 20 24 23 26 28 25 18 16 11 6 3 13 18 15 19 
21 22 27 24 20 17 14 12 11 16 18 15 19 
21 22 27 24 20 17 14 12 11 16 18 25 29 19 
21 22 27 24 16 18 15 19 
21 22 27 24 16 18 25 29 19 
21 17 16 11 13 0 2 9 15 19 
21 22 27 24 20 17 14 12 11 16 18 13 0 2 9 15 19 
21 17 14 12 11 6 3 13 18 16 11 6 3 13 18 15 19 
21 22 27 24 20 17 14 12 11 16 11 13 18 15 19 
21 17 14 12 11 16 17 14 12 11 13 18 15 19 
21 22 27 24 16 24 23 26 28 25 18 15 19 
21 17 20 24 16 24 23 26 28 25 18 15 19 
21 22 27 24 16 18 13 0 2 9 15 19 
21 22 27 24 20 17 16 24 23 26 28 25 29 19 
21 17 14 12 11 16 11 13 0 2 9 15 19 
21 17 14 12 11 16 11 13 18 25 29 19 
21 17 14 12 11 13 18 16 17 14 12 11 13 18 15 19 
21 17 14 12 10 8 6 11 16 11 13 18 25 29 19 
21 22 27 24 16 11 6 3 13 18 15 19 
21 17 16 24 23 26 28 25 29 19 
21 17 14 12 10 8 6 11 16 24 23 26 28 25 29 19 
21 22 27 24 20 17 16 18 13 0 2 9 15 19 
21 22 27 24 20 17 16 24 23 26 28 25 18 15 19 
---------------
Request id 19
65 54 62 61 59 56 40 32 28 25 18 16 24 30 33 39 38 42 49 50 
65 68 67 66 63 58 56 40 32 28 26 23 24 20 17 16 11 13 18 13 11 16 24 27 31 34 38 42 49 50 
65 54 46 48 44 45 37 35 32 28 26 23 24 16 11 13 18 16 24 27 31 34 38 42 49 50 
65 54 62 66 63 58 56 40 32 28 26 23 24 20 17 16 18 13 11 16 24 30 33 39 38 42 49 50 
65 54 46 48 44 45 37 35 32 28 25 29 19 15 18 25 28 32 40 56 51 42 49 50 
65 54 62 61 59 56 40 32 28 32 40 39 33 30 24 16 18 16 17 20 24 27 31 34 38 42 49 50 
65 54 46 41 61 59 56 40 32 28 25 18 25 28 32 40 56 51 42 49 50 
65 54 46 41 61 59 56 40 32 28 26 23 24 16 11 6 3 13 18 25 28 32 40 56 58 55 49 50 
65 68 69 67 66 62 61 41 40 32 28 26 23 24 16 18 13 11 16 24 27 31 34 38 42 49 50 
65 54 62 61 59 56 40 32 28 26 23 24 16 18 16 17 21 22 27 31 34 38 42 49 50 
65 54 46 41 61 59 56 40 32 28 26 23 24 16 11 13 18 16 24 27 31 34 43 47 52 53 50 
65 54 46 48 44 45 37 35 32 28 32 35 37 36 29 25 18 16 24 27 31 34 38 42 49 50 
65 68 67 66 63 58 56 40 32 28 25 29 19 15 18 16 17 20 24 27 31 34 38 42 49 50 
65 54 46 48 44 45 37 35 32 28 25 29 19 15 18 16 24 27 31 34 43 47 52 53 50 
65 68 67 66 63 58 56 40 32 28 26 23 24 16 18 25 28 32 40 56 51 42 49 50 
65 68 67 66 62 61 41 40 32 28 25 18 16 17 20 24 27 31 34 38 42 49 50 
65 68 67 66 62 61 41 40 32 28 32 35 37 36 29 19 15 18 25 28 32 40 56 58 55 49 50 
65 54 62 61 41 40 32 28 26 23 24 16 18 16 24 27 31 34 38 42 49 50 
65 68 67 66 62 61 41 40 32 28 26 23 24 20 17 16 18 25 28 32 40 56 58 55 49 50 
65 54 62 61 41 40 32 28 26 23 24 16 11 13 18 25 28 32 40 56 51 42 49 50 
65 64 60 57 48 46 41 40 32 28 26 23 24 16 18 16 24 27 31 34 43 47 52 53 50 
65 68 67 66 63 58 56 40 32 28 26 23 24 16 11 6 3 13 18 13 11 16 24 30 33 39 38 42 49 50 
65 54 62 66 63 58 56 40 32 28 32 35 37 36 29 19 15 18 16 24 27 31 34 43 47 52 53 50 
65 54 46 41 61 59 56 40 32 28 25 29 19 15 18 25 28 32 40 39 38 42 49 50 
65 54 62 61 41 40 32 28 32 35 37 36 29 19 15 18 16 24 27 31 34 38 42 49 50 
65 64 60 57 48 46 41 40 32 28 25 18 16 24 27 31 34 43 47 52 53 50 
65 68 67 66 63 58 56 40 32 28 26 23 24 16 18 25 28 32 40 39 38 42 49 50 
65 54 62 66 63 58 56 40 32 28 32 40 39 33 30 24 16 18 16 17 20 24 27 31 34 38 42 49 50 
65 68 67 66 62 61 41 40 32 28 32 35 37 36 29 19 15 18 16 24 27 31 34 38 42 49 50 
65 68 69 67 66 62 61 41 40 32 28 26 23 24 16 11 13 18 16 17 21 22 27 31 34 38 42 49 50 
---------------
Request id 20
62 61 59 56 40 41 46 54 62 61 59 56 58 
62 61 41 40 41 46 54 62 66 63 58 
62 66 63 58 56 40 41 61 62 66 63 58 
62 61 41 40 41 46 54 62 61 59 56 58 
62 54 65 68 67 66 63 58 56 40 39 38 42 51 56 58 
62 54 46 41 40 56 51 42 49 55 58 
62 54 46 48 44 45 37 35 32 40 41 61 62 66 63 58 
62 66 67 68 65 54 46 41 40 41 61 59 56 58 
62 61 59 56 51 42 38 39 40 56 51 42 49 55 58 
62 61 59 56 51 42 38 39 40 41 46 54 62 66 63 58 
62 54 46 41 61 59 56 40 41 46 54 62 61 59 56 58 
62 66 63 58 56 40 56 59 61 62 66 63 58 
62 66 67 68 65 54 46 41 40 56 51 42 49 55 58 
62 61 59 56 40 41 46 54 62 66 63 58 
62 66 63 58 56 59 61 41 40 41 46 54 62 61 59 56 58 
62 66 67 68 65 54 46 41 40 41 61 59 56 51 42 49 55 58 
62 54 65 68 67 66 63 58 56 40 41 61 62 66 63 58 
62 61 59 56 51 42 38 39 40 56 58 
62 66 67 68 65 54 46 41 40 41 46 54 62 66 63 58 
62 54 46 41 61 59 56 40 41 61 59 56 58 
62 54 46 41 40 41 61 59 56 58 
62 66 63 58 56 40 41 61 59 56 51 42 49 55 58 
62 61 41 40 41 61 59 56 58 
62 61 59 56 40 56 58 
62 54 46 41 40 41 61 59 56 51 42 49 55 58 
62 61 41 40 41 61 62 66 63 58 
62 61 59 56 51 42 38 39 40 39 38 42 49 55 58 
62 66 63 58 56 59 61 41 40 41 61 59 56 51 42 49 55 58 
62 54 46 48 44 45 37 35 32 40 56 58 
62 66 63 58 56 40 56 51 42 49 55 58 
---------------
