Request id 7
18 17 23 29 35 36 40 46 49 56 75 78 66 68 63 67 62 65 45 34 
18 17 23 29 35 26 21 30 37 40 46 49 56 75 78 66 68 63 67 62 65 45 34 
18 17 23 29 35 26 21 30 37 40 46 50 52 55 58 60 62 65 54 53 48 34 
18 17 23 29 35 36 40 46 50 52 55 58 60 62 65 45 34 
18 17 23 29 35 26 21 30 37 40 46 50 52 55 58 60 62 65 45 34 
18 17 23 29 35 36 40 46 49 56 75 72 73 77 68 63 67 62 65 45 34 
18 17 23 29 35 36 40 46 49 56 75 72 73 77 68 63 67 62 65 54 53 48 34 
18 17 23 29 35 26 21 30 37 40 46 49 56 75 72 73 77 68 63 67 62 65 45 34 
18 17 23 29 35 36 40 46 50 52 55 58 60 62 65 54 53 48 34 
18 17 23 29 35 36 40 46 49 56 75 78 66 68 63 67 62 65 54 53 48 34 
---------------
Request id 18
68 63 67 74 83 84 82 81 80 69 64 59 57 54 65 62 60 58 55 52 50 46 49 56 75 75 75 78 66 68 63 67 74 83 84 82 81 80 69 79 86 
68 63 67 74 83 84 82 81 80 69 64 59 57 54 53 48 34 45 65 62 60 58 55 52 50 46 49 56 75 75 75 72 73 77 68 63 67 74 71 81 80 69 79 86 
68 66 78 75 75 75 72 73 77 68 63 67 74 83 84 82 81 80 69 79 86 
68 63 67 74 83 84 82 81 80 69 64 59 57 54 65 62 60 58 55 52 50 46 49 56 75 75 75 72 73 77 68 63 67 74 71 81 80 69 79 86 
68 63 67 74 71 81 80 69 64 59 57 54 65 62 60 58 55 52 50 46 49 56 75 75 75 72 73 77 68 63 67 62 65 54 57 59 64 69 79 86 
68 63 67 74 71 81 80 69 64 59 57 54 53 48 34 45 65 62 60 58 55 52 50 46 49 56 75 75 75 78 66 68 63 67 74 83 84 82 81 80 69 79 86 
68 63 67 74 83 84 82 81 80 69 64 59 57 54 65 62 60 58 55 52 50 46 49 56 75 75 75 78 66 68 63 67 74 83 84 82 81 80 69 79 76 70 86 
68 66 78 75 75 75 78 66 68 63 67 62 65 54 57 59 64 69 79 86 
68 63 67 74 83 84 82 81 80 69 64 59 57 54 53 48 34 45 65 62 60 58 55 52 50 46 49 56 75 75 75 78 66 68 63 67 62 65 54 57 59 64 69 79 76 70 86 
68 63 67 74 71 81 80 69 64 59 57 54 53 48 34 45 65 62 60 58 55 52 50 46 49 56 75 75 75 72 73 77 68 63 67 74 71 81 80 69 79 76 70 86 
68 63 67 74 71 81 80 69 64 59 57 54 53 48 34 45 65 62 60 58 55 52 50 46 49 56 75 75 75 78 66 68 63 67 74 71 81 80 69 79 76 70 86 
68 66 78 75 75 75 78 66 68 63 67 74 83 84 82 81 80 69 79 76 70 86 
68 66 78 75 75 75 72 73 77 68 63 67 62 65 54 57 59 64 69 79 86 
68 63 67 74 71 81 80 69 64 59 57 54 53 48 34 45 65 62 60 58 55 52 50 46 49 56 75 75 75 72 73 77 68 63 67 62 65 54 57 59 64 69 79 86 
68 63 67 74 71 81 80 69 64 59 57 54 65 62 60 58 55 52 50 46 49 56 75 75 75 72 73 77 68 63 67 74 71 81 80 69 79 86 
68 63 67 74 83 84 82 81 80 69 64 59 57 54 65 62 60 58 55 52 50 46 49 56 75 75 75 72 73 77 68 63 67 74 83 84 82 81 80 69 79 86 
68 63 67 74 71 81 80 69 64 59 57 54 53 48 34 45 65 62 60 58 55 52 50 46 49 56 75 75 75 72 73 77 68 63 67 74 83 84 82 81 80 69 79 86 
68 77 73 72 75 75 75 78 66 68 63 67 74 83 84 82 81 80 69 79 76 70 86 
68 66 78 75 75 75 72 73 77 68 63 67 74 71 81 80 69 79 76 70 86 
68 63 67 74 83 84 82 81 80 69 64 59 57 54 65 62 60 58 55 52 50 46 49 56 75 75 75 72 73 77 68 63 67 62 65 54 57 59 64 69 79 86 
68 63 67 74 71 81 80 69 64 59 57 54 53 48 34 45 65 62 60 58 55 52 50 46 49 56 75 75 75 78 66 68 63 67 62 65 54 57 59 64 69 79 76 70 86 
68 63 67 74 71 81 80 69 64 59 57 54 53 48 34 45 65 62 60 58 55 52 50 46 49 56 75 75 75 78 66 68 63 67 74 71 81 80 69 79 86 
68 77 73 72 75 75 75 78 66 68 63 67 62 65 54 57 59 64 69 79 86 
68 63 67 62 60 58 55 52 50 46 49 56 75 75 75 78 66 68 63 67 62 65 54 57 59 64 69 79 76 70 86 
68 63 67 74 83 84 82 81 80 69 64 59 57 54 53 48 34 45 65 62 60 58 55 52 50 46 49 56 75 75 75 72 73 77 68 63 67 62 65 54 57 59 64 69 79 86 
68 63 67 62 60 58 55 52 50 46 49 56 75 75 75 72 73 77 68 63 67 74 71 81 80 69 79 86 
68 63 67 74 83 84 82 81 80 69 64 59 57 54 53 48 34 45 65 62 60 58 55 52 50 46 49 56 75 75 75 78 66 68 63 67 74 71 81 80 69 79 76 70 86 
68 66 78 75 75 75 78 66 68 63 67 74 83 84 82 81 80 69 79 86 
68 77 73 72 75 75 75 72 73 77 68 63 67 74 71 81 80 69 79 86 
68 66 78 75 75 75 78 66 68 63 67 62 65 54 57 59 64 69 79 76 70 86 
---------------
Request id 4
44 33 33 43 40 28 19 5 15 10 16 
44 33 33 41 40 28 19 5 15 10 16 
44 33 33 43 40 28 19 5 15 20 25 24 16 
44 33 33 41 40 28 19 5 15 20 25 24 16 
44 33 33 20 25 24 16 
44 33 33 20 15 10 16 
---------------
Request id 2
1 2 3 3 9 17 23 29 35 26 21 30 37 40 46 50 52 55 58 60 62 65 54 57 59 64 69 79 86 
1 2 3 3 9 17 23 29 35 36 40 46 50 52 55 58 60 62 67 74 71 81 80 69 79 76 70 86 
1 2 3 3 9 17 23 29 35 36 40 46 50 52 55 58 60 62 67 74 83 84 82 81 80 69 79 86 
1 8 7 12 17 9 3 3 9 17 23 29 35 26 21 30 37 40 46 50 52 55 58 60 62 67 74 71 81 80 69 79 86 
1 8 7 12 17 9 3 3 9 17 23 29 35 36 40 46 50 52 55 58 60 62 65 54 57 59 64 69 79 76 70 86 
1 8 7 12 17 9 3 3 9 17 23 29 35 36 40 46 50 52 55 58 60 62 65 54 57 59 64 69 79 86 
1 2 3 3 9 17 23 29 35 36 40 46 49 56 75 78 66 68 63 67 74 71 81 80 69 79 86 
1 8 7 12 17 9 3 3 9 17 23 29 35 36 40 46 49 56 75 78 66 68 63 67 74 71 81 80 69 79 86 
1 8 7 12 17 9 3 3 9 17 23 29 35 26 21 30 37 40 46 50 52 55 58 60 62 65 54 57 59 64 69 79 86 
1 2 3 3 9 17 23 29 35 36 40 46 49 56 75 78 66 68 63 67 62 65 54 57 59 64 69 79 86 
1 2 3 3 9 17 23 29 35 36 40 46 50 52 55 58 60 62 65 54 57 59 64 69 79 86 
1 8 7 12 17 9 3 3 9 17 23 29 35 36 40 46 49 56 75 78 66 68 63 67 62 65 54 57 59 64 69 79 86 
1 8 7 12 17 9 13 32 31 22 14 11 6 4 0 3 3 9 17 23 29 35 36 40 46 50 52 55 58 60 62 67 74 83 84 82 81 80 69 79 86 
1 8 7 12 17 9 3 3 9 17 23 29 35 36 40 46 49 56 75 72 73 77 68 63 67 74 71 81 80 69 79 86 
1 8 7 12 17 9 3 3 9 17 23 29 35 36 40 46 50 52 55 58 60 62 67 74 83 84 82 81 80 69 79 86 
1 2 3 3 9 17 23 29 35 36 40 46 50 52 55 58 60 62 67 74 71 81 80 69 79 86 
1 8 7 12 17 9 13 32 31 22 14 11 6 4 0 3 3 9 17 23 29 35 36 40 46 49 56 75 78 66 68 63 67 74 71 81 80 69 79 86 
1 8 7 12 17 9 13 32 31 22 14 11 6 4 0 3 3 9 17 23 29 35 36 40 46 49 56 75 72 73 77 68 63 67 74 71 81 80 69 79 86 
1 8 7 12 17 9 13 32 31 22 14 11 6 4 0 3 3 9 17 23 29 35 36 40 46 50 52 55 58 60 62 67 74 71 81 80 69 79 76 70 86 
1 8 7 12 17 9 13 32 31 22 14 11 6 4 0 3 3 9 17 23 29 35 26 21 30 37 40 46 50 52 55 58 60 62 67 74 71 81 80 69 79 86 
1 2 3 3 9 17 23 29 35 36 40 46 49 56 75 72 73 77 68 63 67 74 71 81 80 69 79 86 
1 8 7 12 17 9 13 32 31 22 14 11 6 4 0 3 3 9 17 23 29 35 36 40 46 50 52 55 58 60 62 65 54 57 59 64 69 79 76 70 86 
1 2 3 3 9 17 23 29 35 36 40 46 50 52 55 58 60 62 65 54 57 59 64 69 79 76 70 86 
1 8 7 12 17 9 13 32 31 22 14 11 6 4 0 3 3 9 17 23 29 35 26 21 30 37 40 46 50 52 55 58 60 62 65 54 57 59 64 69 79 86 
1 8 7 12 17 9 13 32 31 22 14 11 6 4 0 3 3 9 17 23 29 35 36 40 46 50 52 55 58 60 62 65 54 57 59 64 69 79 86 
1 8 7 12 17 9 13 32 31 22 14 11 6 4 0 3 3 9 17 23 29 35 36 40 46 50 52 55 58 60 62 67 74 71 81 80 69 79 86 
1 2 3 3 9 17 23 29 35 26 21 30 37 40 46 50 52 55 58 60 62 67 74 71 81 80 69 79 86 
1 8 7 12 17 9 13 32 31 22 14 11 6 4 0 3 3 9 17 23 29 35 36 40 46 49 56 75 78 66 68 63 67 62 65 54 57 59 64 69 79 86 
1 8 7 12 17 9 3 3 9 17 23 29 35 36 40 46 50 52 55 58 60 62 67 74 71 81 80 69 79 76 70 86 
1 8 7 12 17 9 3 3 9 17 23 29 35 36 40 46 50 52 55 58 60 62 67 74 71 81 80 69 79 86 
---------------
Request id 6
8 7 12 17 9 3 3 3 2 
8 7 12 17 9 3 3 3 0 4 6 11 14 22 31 32 13 9 17 12 7 8 1 2 
8 7 12 17 9 3 3 3 9 17 12 7 8 1 2 
8 7 12 17 9 13 32 31 22 14 11 6 4 0 3 3 3 9 17 12 7 8 1 2 
8 7 12 17 9 13 32 31 22 14 11 6 4 0 3 3 3 2 
8 1 2 3 3 3 2 
8 7 12 17 9 13 32 31 22 14 11 6 4 0 3 3 3 0 4 6 11 14 22 31 32 13 9 17 12 7 8 1 2 
8 1 2 3 3 3 0 4 6 11 14 22 31 32 13 9 17 12 7 8 1 2 
8 1 2 3 3 3 9 17 12 7 8 1 2 
---------------
Request id 19
88 84 82 81 71 74 67 63 68 66 78 75 56 49 46 50 52 55 58 60 62 65 54 57 59 64 69 80 81 82 84 83 85 101 102 98 94 
88 84 83 74 71 81 80 69 64 59 57 54 65 45 34 48 53 54 57 59 64 69 80 81 82 84 83 85 87 94 
88 84 83 74 71 81 80 69 64 59 57 54 65 62 67 74 71 81 82 84 83 85 87 94 
88 84 82 81 71 74 67 62 65 45 34 48 53 54 57 59 64 69 80 81 82 84 83 85 87 94 
88 84 82 81 71 74 67 63 68 77 73 72 75 56 49 46 50 52 55 58 60 62 65 45 34 48 53 54 57 59 64 69 80 81 82 84 83 85 87 94 
88 84 82 81 71 74 67 63 68 66 78 75 56 49 46 50 52 55 58 60 62 65 45 34 48 53 54 57 59 64 69 80 81 71 74 83 85 87 94 
88 84 83 74 71 81 80 69 64 59 57 54 53 48 34 45 65 45 34 48 53 54 57 59 64 69 80 81 82 84 83 85 87 94 
88 84 83 74 71 81 80 69 64 59 57 54 53 48 34 45 65 54 57 59 64 69 80 81 82 84 83 85 87 94 
88 84 83 74 67 63 68 66 78 75 56 49 46 50 52 55 58 60 62 65 45 34 48 53 54 57 59 64 69 80 81 82 84 83 85 87 94 
88 84 83 74 67 63 68 66 78 75 56 49 46 50 52 55 58 60 62 65 62 67 74 71 81 82 84 83 85 101 102 98 94 
88 84 83 74 67 62 65 45 34 48 53 54 57 59 64 69 80 81 71 74 83 85 87 94 
88 84 83 74 71 81 80 69 64 59 57 54 65 54 57 59 64 69 80 81 71 74 83 85 87 94 
88 84 82 81 80 69 64 59 57 54 65 62 67 74 71 81 82 84 83 85 101 102 98 94 
88 84 82 81 71 74 67 63 68 77 73 72 75 56 49 46 50 52 55 58 60 62 65 54 57 59 64 69 80 81 71 74 83 85 101 102 98 94 
88 84 83 74 67 62 65 62 67 74 83 85 101 102 98 94 
88 84 83 74 67 62 65 62 67 74 83 85 87 94 
88 84 82 81 71 74 67 63 68 77 73 72 75 56 49 46 50 52 55 58 60 62 65 62 67 74 71 81 82 84 83 85 101 102 98 94 
88 84 82 81 80 69 64 59 57 54 53 48 34 45 65 62 67 74 83 85 87 94 
88 84 83 74 71 81 80 69 64 59 57 54 65 62 67 74 83 85 87 94 
88 84 83 74 71 81 80 69 64 59 57 54 53 48 34 45 65 62 67 74 83 85 87 94 
88 84 82 81 71 74 67 63 68 66 78 75 56 49 46 50 52 55 58 60 62 65 54 57 59 64 69 80 81 71 74 83 85 101 102 98 94 
88 84 83 74 67 63 68 77 73 72 75 56 49 46 50 52 55 58 60 62 65 54 57 59 64 69 80 81 82 84 83 85 87 94 
88 84 83 74 71 81 80 69 64 59 57 54 53 48 34 45 65 62 67 74 83 85 101 102 98 94 
88 84 83 74 71 81 80 69 64 59 57 54 65 62 67 74 71 81 82 84 83 85 101 102 98 94 
88 84 82 81 80 69 64 59 57 54 53 48 34 45 65 62 67 74 83 85 101 102 98 94 
88 84 83 74 67 63 68 77 73 72 75 56 49 46 50 52 55 58 60 62 65 62 67 74 71 81 82 84 83 85 101 102 98 94 
88 84 82 81 80 69 64 59 57 54 65 62 67 74 83 85 87 94 
88 84 83 74 71 81 80 69 64 59 57 54 65 54 57 59 64 69 80 81 82 84 83 85 87 94 
88 84 83 74 67 63 68 77 73 72 75 56 49 46 50 52 55 58 60 62 65 62 67 74 83 85 101 102 98 94 
88 84 83 74 67 63 68 77 73 72 75 56 49 46 50 52 55 58 60 62 65 54 57 59 64 69 80 81 82 84 83 85 101 102 98 94 
---------------
Request id 3
93 86 79 69 80 81 71 74 67 63 68 66 78 75 56 49 46 50 52 55 58 60 62 65 65 65 62 67 63 68 66 78 75 56 49 46 40 37 30 21 26 35 29 23 17 18 27 
93 86 70 76 79 69 80 81 71 74 67 62 65 65 65 62 67 63 68 77 73 72 75 56 49 46 40 36 35 29 23 17 18 27 
93 86 70 76 79 69 64 59 57 54 65 65 65 54 57 59 64 69 80 81 71 74 67 63 68 66 78 75 56 49 46 40 36 35 29 23 17 18 27 
93 86 79 69 80 81 71 74 67 63 68 66 78 75 56 49 46 50 52 55 58 60 62 65 65 65 62 67 63 68 77 73 72 75 56 49 46 40 36 35 29 23 17 18 27 
93 86 79 69 80 81 71 74 67 63 68 66 78 75 56 49 46 50 52 55 58 60 62 65 65 65 62 67 63 68 77 73 72 75 56 49 46 40 37 30 21 26 35 29 23 17 18 27 
93 86 79 69 64 59 57 54 53 48 34 45 65 65 65 62 60 58 55 52 50 46 40 36 35 29 23 17 18 27 
93 86 79 69 80 81 71 74 67 63 68 66 78 75 56 49 46 50 52 55 58 60 62 65 65 65 62 60 58 55 52 50 46 40 36 35 29 23 17 18 27 
93 86 79 69 64 59 57 54 53 48 34 45 65 65 65 62 67 63 68 77 73 72 75 56 49 46 40 36 35 29 23 17 18 27 
93 86 79 69 64 59 57 54 53 48 34 45 65 65 65 54 57 59 64 69 80 81 82 84 83 74 67 62 60 58 55 52 50 46 40 36 35 29 23 17 18 27 
93 86 79 69 64 59 57 54 65 65 65 62 67 63 68 66 78 75 56 49 46 40 37 30 21 26 35 29 23 17 18 27 
93 86 79 69 64 59 57 54 53 48 34 45 65 65 65 54 57 59 64 69 80 81 71 74 67 63 68 66 78 75 56 49 46 40 36 35 29 23 17 18 27 
93 86 79 69 64 59 57 54 53 48 34 45 65 65 65 62 60 58 55 52 50 46 40 37 30 21 26 35 29 23 17 18 27 
93 86 70 76 79 69 64 59 57 54 65 65 65 62 67 63 68 77 73 72 75 56 49 46 40 37 30 21 26 35 29 23 17 18 27 
93 86 79 69 80 81 71 74 67 63 68 66 78 75 56 49 46 50 52 55 58 60 62 65 65 65 54 57 59 64 69 80 81 71 74 67 63 68 66 78 75 56 49 46 40 36 35 29 23 17 18 27 
93 86 79 69 64 59 57 54 65 65 65 62 60 58 55 52 50 46 40 36 35 29 23 17 18 27 
93 86 79 69 80 81 71 74 67 63 68 77 73 72 75 56 49 46 50 52 55 58 60 62 65 65 65 54 57 59 64 69 80 81 71 74 67 63 68 66 78 75 56 49 46 40 36 35 29 23 17 18 27 
93 86 79 69 64 59 57 54 65 65 65 54 57 59 64 69 80 81 82 84 83 74 67 62 60 58 55 52 50 46 40 36 35 29 23 17 18 27 
93 86 79 69 64 59 57 54 53 48 34 45 65 65 65 62 67 63 68 77 73 72 75 56 49 46 40 37 30 21 26 35 29 23 17 18 27 
93 86 79 69 80 81 71 74 67 62 65 65 65 62 67 63 68 77 73 72 75 56 49 46 40 37 30 21 26 35 29 23 17 18 27 
93 86 79 69 80 81 71 74 67 63 68 66 78 75 56 49 46 50 52 55 58 60 62 65 65 65 62 67 63 68 66 78 75 56 49 46 40 36 35 29 23 17 18 27 
93 86 70 76 79 69 80 81 71 74 67 62 65 65 65 62 60 58 55 52 50 46 40 37 30 21 26 35 29 23 17 18 27 
93 86 79 69 80 81 82 84 83 74 67 62 65 65 65 54 57 59 64 69 80 81 71 74 67 62 60 58 55 52 50 46 40 36 35 29 23 17 18 27 
93 86 70 76 79 69 64 59 57 54 53 48 34 45 65 65 65 54 57 59 64 69 80 81 71 74 67 63 68 77 73 72 75 56 49 46 40 36 35 29 23 17 18 27 
93 86 70 76 79 69 64 59 57 54 53 48 34 45 65 65 65 62 60 58 55 52 50 46 40 36 35 29 23 17 18 27 
93 86 79 69 80 81 82 84 83 74 67 62 65 65 65 62 67 63 68 77 73 72 75 56 49 46 40 37 30 21 26 35 29 23 17 18 27 
93 86 70 76 79 69 80 81 71 74 67 62 65 65 65 62 67 63 68 77 73 72 75 56 49 46 40 37 30 21 26 35 29 23 17 18 27 
93 86 79 69 80 81 82 84 83 74 67 62 65 65 65 62 60 58 55 52 50 46 40 36 35 29 23 17 18 27 
93 86 70 76 79 69 80 81 71 74 67 62 65 65 65 54 57 59 64 69 80 81 71 74 67 62 60 58 55 52 50 46 40 36 35 29 23 17 18 27 
93 86 70 76 79 69 64 59 57 54 65 65 65 62 67 63 68 77 73 72 75 56 49 46 40 36 35 29 23 17 18 27 
93 86 79 69 80 81 71 74 67 63 68 77 73 72 75 56 49 46 50 52 55 58 60 62 65 65 65 54 57 59 64 69 80 81 71 74 67 62 60 58 55 52 50 46 40 36 35 29 23 17 18 27 
---------------
Request id 9
62 67 74 71 81 80 69 64 59 57 54 53 48 34 45 65 65 62 67 74 83 84 82 81 
62 60 58 55 52 50 46 49 56 75 72 73 77 68 63 67 74 71 81 80 69 64 59 57 54 65 65 45 34 48 53 54 57 59 64 69 80 81 
62 67 74 83 84 82 81 80 69 64 59 57 54 53 48 34 45 65 65 62 60 58 55 52 50 46 49 56 75 72 73 77 68 63 67 74 83 84 82 81 
62 60 58 55 52 50 46 49 56 75 78 66 68 63 67 74 71 81 80 69 64 59 57 54 65 65 62 60 58 55 52 50 46 49 56 75 78 66 68 63 67 74 71 81 
62 60 58 55 52 50 46 49 56 75 78 66 68 63 67 74 71 81 80 69 64 59 57 54 53 48 34 45 65 65 62 67 74 71 81 
62 67 74 71 81 80 69 64 59 57 54 65 65 62 60 58 55 52 50 46 49 56 75 72 73 77 68 63 67 74 71 81 
62 60 58 55 52 50 46 49 56 75 78 66 68 63 67 74 83 84 82 81 80 69 64 59 57 54 65 65 62 60 58 55 52 50 46 49 56 75 78 66 68 63 67 74 83 84 82 81 
62 67 74 71 81 80 69 64 59 57 54 65 65 62 60 58 55 52 50 46 49 56 75 78 66 68 63 67 74 83 84 82 81 
62 60 58 55 52 50 46 49 56 75 72 73 77 68 63 67 74 71 81 80 69 64 59 57 54 65 65 62 60 58 55 52 50 46 49 56 75 72 73 77 68 63 67 74 71 81 
62 67 74 71 81 80 69 64 59 57 54 65 65 62 67 74 83 84 82 81 
62 60 58 55 52 50 46 49 56 75 78 66 68 63 67 74 83 84 82 81 80 69 64 59 57 54 65 65 45 34 48 53 54 57 59 64 69 80 81 
62 60 58 55 52 50 46 49 56 75 78 66 68 63 67 74 71 81 80 69 64 59 57 54 65 65 62 60 58 55 52 50 46 49 56 75 72 73 77 68 63 67 74 71 81 
62 67 74 83 84 82 81 80 69 64 59 57 54 65 65 54 57 59 64 69 80 81 
62 67 74 83 84 82 81 80 69 64 59 57 54 65 65 62 60 58 55 52 50 46 49 56 75 78 66 68 63 67 74 71 81 
62 67 74 83 84 82 81 80 69 64 59 57 54 53 48 34 45 65 65 62 60 58 55 52 50 46 49 56 75 72 73 77 68 63 67 74 71 81 
62 60 58 55 52 50 46 49 56 75 78 66 68 63 67 74 71 81 80 69 64 59 57 54 65 65 62 67 74 83 84 82 81 
62 65 65 45 34 48 53 54 57 59 64 69 80 81 
62 65 65 62 60 58 55 52 50 46 49 56 75 72 73 77 68 63 67 74 83 84 82 81 
62 67 74 71 81 80 69 64 59 57 54 65 65 45 34 48 53 54 57 59 64 69 80 81 
62 60 58 55 52 50 46 49 56 75 72 73 77 68 63 67 74 71 81 80 69 64 59 57 54 65 65 62 67 74 71 81 
62 67 74 71 81 80 69 64 59 57 54 53 48 34 45 65 65 62 60 58 55 52 50 46 49 56 75 78 66 68 63 67 74 71 81 
62 65 65 62 60 58 55 52 50 46 49 56 75 72 73 77 68 63 67 74 71 81 
62 60 58 55 52 50 46 49 56 75 72 73 77 68 63 67 74 83 84 82 81 80 69 64 59 57 54 65 65 62 67 74 71 81 
62 67 74 83 84 82 81 80 69 64 59 57 54 65 65 62 67 74 71 81 
62 60 58 55 52 50 46 49 56 75 72 73 77 68 63 67 74 83 84 82 81 80 69 64 59 57 54 65 65 62 67 74 83 84 82 81 
62 60 58 55 52 50 46 49 56 75 78 66 68 63 67 74 71 81 80 69 64 59 57 54 65 65 54 57 59 64 69 80 81 
62 60 58 55 52 50 46 49 56 75 78 66 68 63 67 74 83 84 82 81 80 69 64 59 57 54 65 65 62 60 58 55 52 50 46 49 56 75 78 66 68 63 67 74 71 81 
62 60 58 55 52 50 46 49 56 75 72 73 77 68 63 67 74 71 81 80 69 64 59 57 54 65 65 62 60 58 55 52 50 46 49 56 75 72 73 77 68 63 67 74 83 84 82 81 
62 65 65 62 67 74 71 81 
62 60 58 55 52 50 46 49 56 75 72 73 77 68 63 67 74 83 84 82 81 80 69 64 59 57 54 65 65 62 60 58 55 52 50 46 49 56 75 78 66 68 63 67 74 71 81 
---------------
Request id 14
73 77 68 63 67 74 71 81 80 69 64 59 57 54 65 62 60 58 55 52 50 46 49 56 75 75 75 78 66 68 63 67 62 60 58 55 52 50 46 40 28 19 5 15 20 
73 77 68 63 67 74 71 81 80 69 64 59 57 54 53 48 34 45 65 62 60 58 55 52 50 46 49 56 75 75 75 56 49 46 40 28 19 5 15 10 16 24 25 20 
73 77 68 66 78 75 75 75 56 49 46 40 28 19 5 15 20 
73 77 68 63 67 74 83 84 82 81 80 69 64 59 57 54 53 48 34 45 65 62 60 58 55 52 50 46 49 56 75 75 75 78 66 68 63 67 62 60 58 55 52 50 46 40 41 33 20 
73 77 68 66 78 75 75 75 78 66 68 63 67 62 60 58 55 52 50 46 40 41 33 20 
73 77 68 63 67 74 83 84 82 81 80 69 64 59 57 54 53 48 34 45 65 62 60 58 55 52 50 46 49 56 75 75 75 78 66 68 63 67 62 60 58 55 52 50 46 40 43 33 20 
73 77 68 63 67 74 83 84 82 81 80 69 64 59 57 54 65 62 60 58 55 52 50 46 49 56 75 75 75 56 49 46 40 41 33 20 
73 77 68 63 67 74 83 84 82 81 80 69 64 59 57 54 65 62 60 58 55 52 50 46 49 56 75 75 75 56 49 46 40 28 19 5 15 10 16 24 25 20 
73 77 68 63 67 62 60 58 55 52 50 46 49 56 75 75 75 72 73 77 68 63 67 62 60 58 55 52 50 46 40 43 33 20 
73 77 68 63 67 62 60 58 55 52 50 46 49 56 75 75 75 72 73 77 68 63 67 62 60 58 55 52 50 46 40 28 19 5 15 20 
73 72 75 75 75 78 66 68 63 67 62 60 58 55 52 50 46 40 43 33 20 
73 77 68 66 78 75 75 75 78 66 68 63 67 62 60 58 55 52 50 46 40 28 19 5 15 20 
73 77 68 63 67 74 71 81 80 69 64 59 57 54 65 62 60 58 55 52 50 46 49 56 75 75 75 72 73 77 68 63 67 62 60 58 55 52 50 46 40 41 33 20 
73 77 68 63 67 74 71 81 80 69 64 59 57 54 65 62 60 58 55 52 50 46 49 56 75 75 75 72 73 77 68 63 67 62 60 58 55 52 50 46 40 28 19 5 15 20 
73 77 68 66 78 75 75 75 56 49 46 40 41 33 20 
73 77 68 63 67 74 71 81 80 69 64 59 57 54 65 62 60 58 55 52 50 46 49 56 75 75 75 56 49 46 40 28 19 5 15 20 
73 77 68 63 67 74 83 84 82 81 80 69 64 59 57 54 65 62 60 58 55 52 50 46 49 56 75 75 75 78 66 68 63 67 62 60 58 55 52 50 46 40 28 19 5 15 20 
73 77 68 63 67 74 71 81 80 69 64 59 57 54 53 48 34 45 65 62 60 58 55 52 50 46 49 56 75 75 75 72 73 77 68 63 67 62 60 58 55 52 50 46 40 28 19 5 15 20 
73 77 68 66 78 75 75 75 72 73 77 68 63 67 62 60 58 55 52 50 46 40 28 19 5 15 20 
73 72 75 75 75 72 73 77 68 63 67 62 60 58 55 52 50 46 40 28 19 5 15 20 
73 77 68 66 78 75 75 75 72 73 77 68 63 67 62 60 58 55 52 50 46 40 41 33 20 
73 77 68 63 67 74 71 81 80 69 64 59 57 54 65 62 60 58 55 52 50 46 49 56 75 75 75 78 66 68 63 67 62 60 58 55 52 50 46 40 41 33 20 
73 72 75 75 75 56 49 46 40 28 19 5 15 20 
73 77 68 63 67 74 83 84 82 81 80 69 64 59 57 54 53 48 34 45 65 62 60 58 55 52 50 46 49 56 75 75 75 72 73 77 68 63 67 62 60 58 55 52 50 46 40 41 33 20 
73 72 75 75 75 72 73 77 68 63 67 62 60 58 55 52 50 46 40 43 33 20 
73 77 68 63 67 74 71 81 80 69 64 59 57 54 53 48 34 45 65 62 60 58 55 52 50 46 49 56 75 75 75 72 73 77 68 63 67 62 60 58 55 52 50 46 40 41 33 20 
73 77 68 63 67 74 83 84 82 81 80 69 64 59 57 54 65 62 60 58 55 52 50 46 49 56 75 75 75 78 66 68 63 67 62 60 58 55 52 50 46 40 41 33 20 
73 72 75 75 75 56 49 46 40 43 33 20 
73 77 68 63 67 74 83 84 82 81 80 69 64 59 57 54 53 48 34 45 65 62 60 58 55 52 50 46 49 56 75 75 75 56 49 46 40 28 19 5 15 10 16 24 25 20 
73 77 68 63 67 74 71 81 80 69 64 59 57 54 53 48 34 45 65 62 60 58 55 52 50 46 49 56 75 75 75 78 66 68 63 67 62 60 58 55 52 50 46 40 28 19 5 15 20 
---------------
Request id 5
23 17 23 29 35 26 21 30 37 40 43 33 20 25 24 16 10 15 5 
23 17 23 29 35 26 21 30 37 40 41 33 20 15 5 
23 17 23 29 35 36 40 43 33 20 15 5 
23 17 23 29 35 26 21 30 37 40 43 33 20 15 5 
23 17 23 29 35 36 40 41 33 20 25 24 16 10 15 5 
23 17 23 29 35 26 21 30 37 40 28 19 5 
23 17 23 29 35 36 40 28 19 5 
23 17 23 29 35 36 40 43 33 20 25 24 16 10 15 5 
23 17 23 29 35 26 21 30 37 40 41 33 20 25 24 16 10 15 5 
23 17 23 29 35 36 40 41 33 20 15 5 
---------------
Request id 12
78 66 68 63 67 74 83 84 82 81 80 69 64 59 57 54 53 48 34 45 65 62 60 58 55 52 50 46 49 56 75 75 56 49 46 40 36 35 29 23 17 12 7 8 1 2 3 0 4 6 11 14 22 31 
78 66 68 77 73 72 75 75 56 49 46 40 36 35 29 23 17 12 7 8 1 2 3 0 4 6 11 14 22 31 
78 66 68 63 67 62 60 58 55 52 50 46 49 56 75 75 56 49 46 40 36 35 29 23 17 12 7 8 1 2 3 0 4 6 11 14 22 31 
78 75 75 56 49 46 40 36 35 29 23 17 12 7 8 1 2 3 0 4 6 11 14 22 31 
78 66 68 63 67 74 83 84 82 81 80 69 64 59 57 54 65 62 60 58 55 52 50 46 49 56 75 75 56 49 46 40 36 35 29 23 17 9 3 0 4 6 11 14 22 31 
78 66 68 63 67 74 71 81 80 69 64 59 57 54 53 48 34 45 65 62 60 58 55 52 50 46 49 56 75 75 56 49 46 40 36 35 29 23 17 12 7 8 1 2 3 9 13 32 31 
78 66 68 63 67 74 83 84 82 81 80 69 64 59 57 54 53 48 34 45 65 62 60 58 55 52 50 46 49 56 75 75 56 49 46 40 37 30 21 26 35 29 23 17 12 7 8 1 2 3 9 13 32 31 
78 66 68 63 67 62 60 58 55 52 50 46 49 56 75 75 56 49 46 40 36 35 29 23 17 9 13 32 31 
78 66 68 63 67 74 83 84 82 81 80 69 64 59 57 54 65 62 60 58 55 52 50 46 49 56 75 75 56 49 46 40 37 30 21 26 35 29 23 17 9 13 32 31 
78 66 68 63 67 74 71 81 80 69 64 59 57 54 53 48 34 45 65 62 60 58 55 52 50 46 49 56 75 75 78 66 68 63 67 62 60 58 55 52 50 46 40 36 35 29 23 17 9 13 32 31 
78 66 68 63 67 74 71 81 80 69 64 59 57 54 53 48 34 45 65 62 60 58 55 52 50 46 49 56 75 75 78 66 68 63 67 62 60 58 55 52 50 46 40 37 30 21 26 35 29 23 17 9 13 32 31 
78 66 68 63 67 74 83 84 82 81 80 69 64 59 57 54 53 48 34 45 65 62 60 58 55 52 50 46 49 56 75 75 78 66 68 63 67 62 60 58 55 52 50 46 40 37 30 21 26 35 29 23 17 9 13 32 31 
78 66 68 63 67 74 83 84 82 81 80 69 64 59 57 54 53 48 34 45 65 62 60 58 55 52 50 46 49 56 75 75 56 49 46 40 36 35 29 23 17 9 3 0 4 6 11 14 22 31 
78 66 68 63 67 74 83 84 82 81 80 69 64 59 57 54 53 48 34 45 65 62 60 58 55 52 50 46 49 56 75 75 56 49 46 40 37 30 21 26 35 29 23 17 9 3 0 4 6 11 14 22 31 
78 66 68 63 67 74 83 84 82 81 80 69 64 59 57 54 53 48 34 45 65 62 60 58 55 52 50 46 49 56 75 75 72 73 77 68 63 67 62 60 58 55 52 50 46 40 36 35 29 23 17 9 13 32 31 
78 66 68 63 67 74 71 81 80 69 64 59 57 54 65 62 60 58 55 52 50 46 49 56 75 75 72 73 77 68 63 67 62 60 58 55 52 50 46 40 36 35 29 23 17 9 13 32 31 
78 75 75 56 49 46 40 37 30 21 26 35 29 23 17 12 7 8 1 2 3 9 13 32 31 
78 66 68 77 73 72 75 75 56 49 46 40 37 30 21 26 35 29 23 17 12 7 8 1 2 3 9 13 32 31 
78 75 75 56 49 46 40 36 35 29 23 17 12 7 8 1 2 3 9 13 32 31 
78 66 68 63 67 74 83 84 82 81 80 69 64 59 57 54 65 62 60 58 55 52 50 46 49 56 75 75 56 49 46 40 37 30 21 26 35 29 23 17 9 3 0 4 6 11 14 22 31 
78 66 68 63 67 74 83 84 82 81 80 69 64 59 57 54 65 62 60 58 55 52 50 46 49 56 75 75 56 49 46 40 37 30 21 26 35 29 23 17 12 7 8 1 2 3 9 13 32 31 
78 66 68 63 67 74 83 84 82 81 80 69 64 59 57 54 53 48 34 45 65 62 60 58 55 52 50 46 49 56 75 75 56 49 46 40 37 30 21 26 35 29 23 17 9 13 32 31 
78 66 68 77 73 72 75 75 56 49 46 40 37 30 21 26 35 29 23 17 9 3 0 4 6 11 14 22 31 
78 66 68 63 67 74 83 84 82 81 80 69 64 59 57 54 65 62 60 58 55 52 50 46 49 56 75 75 72 73 77 68 63 67 62 60 58 55 52 50 46 40 36 35 29 23 17 9 13 32 31 
78 66 68 63 67 74 71 81 80 69 64 59 57 54 65 62 60 58 55 52 50 46 49 56 75 75 56 49 46 40 37 30 21 26 35 29 23 17 9 3 0 4 6 11 14 22 31 
78 66 68 63 67 74 83 84 82 81 80 69 64 59 57 54 65 62 60 58 55 52 50 46 49 56 75 75 78 66 68 63 67 62 60 58 55 52 50 46 40 37 30 21 26 35 29 23 17 9 13 32 31 
78 75 75 56 49 46 40 37 30 21 26 35 29 23 17 9 13 32 31 
78 75 75 56 49 46 40 36 35 29 23 17 9 13 32 31 
78 75 75 78 66 68 63 67 62 60 58 55 52 50 46 40 37 30 21 26 35 29 23 17 9 13 32 31 
78 66 68 63 67 74 83 84 82 81 80 69 64 59 57 54 65 62 60 58 55 52 50 46 49 56 75 75 56 49 46 40 36 35 29 23 17 9 13 32 31 
---------------
Request id 16
24 25 20 33 43 40 28 19 5 15 15 20 33 41 40 37 30 21 26 35 29 23 17 9 3 0 4 
24 16 10 15 15 10 16 24 25 20 33 41 40 36 35 29 23 17 9 3 0 4 
24 25 20 33 41 40 28 19 5 15 15 5 19 28 40 36 35 29 23 17 9 3 0 4 
24 25 20 33 43 40 28 19 5 15 15 20 33 43 40 36 35 29 23 17 9 3 0 4 
24 25 20 33 41 40 28 19 5 15 15 20 33 43 40 37 30 21 26 35 29 23 17 9 3 0 4 
24 25 20 15 15 10 16 24 25 20 33 43 40 36 35 29 23 17 9 3 0 4 
24 25 20 33 41 40 28 19 5 15 15 10 16 24 25 20 33 43 40 36 35 29 23 17 9 3 0 4 
24 16 10 15 15 5 19 28 40 36 35 29 23 17 9 3 0 4 
24 25 20 33 43 40 28 19 5 15 15 5 19 28 40 36 35 29 23 17 12 7 8 1 2 3 0 4 
24 25 20 15 15 20 33 43 40 36 35 29 23 17 12 7 8 1 2 3 0 4 
24 16 10 15 15 10 16 24 25 20 33 43 40 36 35 29 23 17 9 3 0 4 
24 16 10 15 15 20 33 41 40 36 35 29 23 17 9 3 0 4 
24 25 20 15 15 5 19 28 40 36 35 29 23 17 12 7 8 1 2 3 0 4 
24 25 20 33 43 40 28 19 5 15 15 10 16 24 25 20 33 41 40 36 35 29 23 17 9 3 0 4 
24 25 20 33 43 40 28 19 5 15 15 20 33 43 40 37 30 21 26 35 29 23 17 9 3 0 4 
24 16 10 15 15 20 33 41 40 37 30 21 26 35 29 23 17 9 3 0 4 
24 16 10 15 15 20 33 43 40 37 30 21 26 35 29 23 17 9 3 0 4 
24 25 20 33 41 40 28 19 5 15 15 20 33 43 40 36 35 29 23 17 9 3 0 4 
24 25 20 33 41 40 28 19 5 15 15 20 33 41 40 36 35 29 23 17 9 3 0 4 
24 25 20 33 41 40 28 19 5 15 15 20 33 41 40 37 30 21 26 35 29 23 17 9 3 0 4 
24 25 20 33 43 40 28 19 5 15 15 10 16 24 25 20 33 43 40 36 35 29 23 17 9 3 0 4 
24 25 20 33 41 40 28 19 5 15 15 20 33 43 40 36 35 29 23 17 12 7 8 1 2 3 0 4 
24 16 10 15 15 20 33 43 40 36 35 29 23 17 9 3 0 4 
24 25 20 33 43 40 28 19 5 15 15 20 33 43 40 36 35 29 23 17 12 7 8 1 2 3 0 4 
24 25 20 15 15 20 33 43 40 37 30 21 26 35 29 23 17 9 3 0 4 
24 25 20 33 41 40 28 19 5 15 15 10 16 24 25 20 33 41 40 36 35 29 23 17 9 3 0 4 
24 16 10 15 15 5 19 28 40 37 30 21 26 35 29 23 17 9 3 0 4 
24 25 20 15 15 20 33 43 40 36 35 29 23 17 9 3 0 4 
24 25 20 15 15 5 19 28 40 37 30 21 26 35 29 23 17 9 3 0 4 
24 25 20 33 41 40 28 19 5 15 15 5 19 28 40 36 35 29 23 17 12 7 8 1 2 3 0 4 
---------------
Request id 20
71 81 82 84 83 74 67 63 68 77 73 72 75 56 49 46 50 52 55 58 60 62 65 65 65 62 60 58 55 52 50 46 40 36 35 29 23 17 9 3 0 4 6 
71 81 80 69 64 59 57 54 65 65 65 62 67 63 68 66 78 75 56 49 46 40 36 35 29 23 17 9 13 32 31 22 14 11 6 
71 81 82 84 83 74 67 63 68 66 78 75 56 49 46 50 52 55 58 60 62 65 65 65 62 67 63 68 66 78 75 56 49 46 40 37 30 21 26 35 29 23 17 9 3 0 4 6 
71 81 80 69 64 59 57 54 65 65 65 62 60 58 55 52 50 46 40 36 35 29 23 17 12 7 8 1 2 3 0 4 6 
71 81 82 84 83 74 67 63 68 77 73 72 75 56 49 46 50 52 55 58 60 62 65 65 65 62 60 58 55 52 50 46 40 36 35 29 23 17 12 7 8 1 2 3 0 4 6 
71 74 83 84 82 81 80 69 64 59 57 54 65 65 65 62 67 63 68 66 78 75 56 49 46 40 36 35 29 23 17 9 3 0 4 6 
71 74 83 84 82 81 80 69 64 59 57 54 65 65 65 62 67 63 68 77 73 72 75 56 49 46 40 36 35 29 23 17 9 3 0 4 6 
71 81 82 84 83 74 67 63 68 77 73 72 75 56 49 46 50 52 55 58 60 62 65 65 65 62 67 63 68 66 78 75 56 49 46 40 36 35 29 23 17 9 13 32 31 22 14 11 6 
71 81 82 84 83 74 67 63 68 77 73 72 75 56 49 46 50 52 55 58 60 62 65 65 65 62 67 63 68 77 73 72 75 56 49 46 40 36 35 29 23 17 9 3 0 4 6 
71 74 67 62 65 65 65 62 67 63 68 66 78 75 56 49 46 40 36 35 29 23 17 9 3 0 4 6 
71 74 67 62 65 65 65 62 60 58 55 52 50 46 40 36 35 29 23 17 12 7 8 1 2 3 0 4 6 
71 74 67 63 68 77 73 72 75 56 49 46 50 52 55 58 60 62 65 65 65 62 60 58 55 52 50 46 40 36 35 29 23 17 9 3 0 4 6 
71 81 80 69 64 59 57 54 53 48 34 45 65 65 65 62 60 58 55 52 50 46 40 37 30 21 26 35 29 23 17 9 3 0 4 6 
71 81 82 84 83 74 67 63 68 77 73 72 75 56 49 46 50 52 55 58 60 62 65 65 65 62 60 58 55 52 50 46 40 37 30 21 26 35 29 23 17 9 3 0 4 6 
71 81 80 69 64 59 57 54 53 48 34 45 65 65 65 62 67 63 68 66 78 75 56 49 46 40 36 35 29 23 17 9 3 0 4 6 
71 81 82 84 83 74 67 62 65 65 65 62 67 63 68 66 78 75 56 49 46 40 37 30 21 26 35 29 23 17 9 3 0 4 6 
71 81 80 69 64 59 57 54 53 48 34 45 65 65 65 62 67 63 68 66 78 75 56 49 46 40 36 35 29 23 17 9 13 32 31 22 14 11 6 
71 81 80 69 64 59 57 54 65 65 65 62 67 63 68 66 78 75 56 49 46 40 37 30 21 26 35 29 23 17 9 3 0 4 6 
71 81 80 69 64 59 57 54 53 48 34 45 65 65 65 62 60 58 55 52 50 46 40 36 35 29 23 17 12 7 8 1 2 3 0 4 6 
71 81 82 84 83 74 67 62 65 65 65 62 67 63 68 66 78 75 56 49 46 40 36 35 29 23 17 9 13 32 31 22 14 11 6 
71 81 82 84 83 74 67 63 68 66 78 75 56 49 46 50 52 55 58 60 62 65 65 65 62 67 63 68 77 73 72 75 56 49 46 40 36 35 29 23 17 9 3 0 4 6 
71 74 67 62 65 65 65 62 60 58 55 52 50 46 40 36 35 29 23 17 9 3 0 4 6 
71 81 82 84 83 74 67 63 68 66 78 75 56 49 46 50 52 55 58 60 62 65 65 65 62 60 58 55 52 50 46 40 37 30 21 26 35 29 23 17 9 13 32 31 22 14 11 6 
71 81 82 84 83 74 67 63 68 66 78 75 56 49 46 50 52 55 58 60 62 65 65 65 62 60 58 55 52 50 46 40 37 30 21 26 35 29 23 17 9 3 0 4 6 
71 81 82 84 83 74 67 62 65 65 65 62 60 58 55 52 50 46 40 36 35 29 23 17 12 7 8 1 2 3 0 4 6 
71 81 82 84 83 74 67 63 68 66 78 75 56 49 46 50 52 55 58 60 62 65 65 65 62 67 63 68 66 78 75 56 49 46 40 36 35 29 23 17 9 3 0 4 6 
71 74 67 63 68 66 78 75 56 49 46 50 52 55 58 60 62 65 65 65 62 60 58 55 52 50 46 40 36 35 29 23 17 9 13 32 31 22 14 11 6 
71 74 67 63 68 66 78 75 56 49 46 50 52 55 58 60 62 65 65 65 62 60 58 55 52 50 46 40 36 35 29 23 17 9 3 0 4 6 
71 81 82 84 83 74 67 62 65 65 65 62 67 63 68 66 78 75 56 49 46 40 36 35 29 23 17 9 3 0 4 6 
71 81 80 69 64 59 57 54 65 65 65 62 60 58 55 52 50 46 40 37 30 21 26 35 29 23 17 9 3 0 4 6 
---------------
Request id 15
93 86 70 76 79 69 64 59 57 54 53 48 34 45 65 65 62 60 58 55 52 50 46 40 43 33 20 
93 86 70 76 79 69 64 59 57 54 53 48 34 45 65 65 62 67 63 68 66 78 75 56 49 46 40 43 33 20 
93 86 79 69 64 59 57 54 53 48 34 45 65 65 62 60 58 55 52 50 46 40 43 33 20 
93 86 79 69 64 59 57 54 65 65 62 60 58 55 52 50 46 40 41 33 20 
93 86 79 69 80 81 71 74 67 63 68 66 78 75 56 49 46 50 52 55 58 60 62 65 65 62 67 63 68 77 73 72 75 56 49 46 40 41 33 20 
93 86 70 76 79 69 64 59 57 54 65 65 62 67 63 68 77 73 72 75 56 49 46 40 28 19 5 15 20 
93 86 79 69 64 59 57 54 65 65 62 67 63 68 77 73 72 75 56 49 46 40 28 19 5 15 20 
93 86 79 69 64 59 57 54 65 65 62 67 63 68 77 73 72 75 56 49 46 40 43 33 20 
93 86 79 69 80 81 82 84 83 74 67 62 65 65 62 67 63 68 77 73 72 75 56 49 46 40 41 33 20 
93 86 79 69 80 81 71 74 67 63 68 66 78 75 56 49 46 50 52 55 58 60 62 65 65 62 60 58 55 52 50 46 40 28 19 5 15 10 16 24 25 20 
93 86 79 69 64 59 57 54 65 65 62 67 63 68 66 78 75 56 49 46 40 43 33 20 
93 86 79 69 80 81 82 84 83 74 67 62 65 65 62 60 58 55 52 50 46 40 43 33 20 
93 86 79 69 80 81 82 84 83 74 67 62 65 65 62 67 63 68 77 73 72 75 56 49 46 40 28 19 5 15 20 
93 86 79 69 80 81 82 84 83 74 67 62 65 65 62 60 58 55 52 50 46 40 28 19 5 15 20 
93 86 79 69 64 59 57 54 65 65 62 60 58 55 52 50 46 40 28 19 5 15 20 
93 86 70 76 79 69 80 81 71 74 67 62 65 65 62 67 63 68 77 73 72 75 56 49 46 40 43 33 20 
93 86 79 69 80 81 82 84 83 74 67 62 65 65 62 60 58 55 52 50 46 40 41 33 20 
93 86 79 69 64 59 57 54 53 48 34 45 65 65 62 67 63 68 66 78 75 56 49 46 40 43 33 20 
93 86 70 76 79 69 64 59 57 54 65 65 62 67 63 68 77 73 72 75 56 49 46 40 43 33 20 
93 86 79 69 80 81 71 74 67 62 65 65 62 60 58 55 52 50 46 40 28 19 5 15 20 
93 86 79 69 80 81 71 74 67 63 68 66 78 75 56 49 46 50 52 55 58 60 62 65 65 62 67 63 68 66 78 75 56 49 46 40 43 33 20 
93 86 70 76 79 69 80 81 82 84 83 74 67 62 65 65 62 67 63 68 77 73 72 75 56 49 46 40 41 33 20 
93 86 79 69 80 81 71 74 67 63 68 77 73 72 75 56 49 46 50 52 55 58 60 62 65 65 62 67 63 68 77 73 72 75 56 49 46 40 41 33 20 
93 86 70 76 79 69 80 81 71 74 67 62 65 65 62 67 63 68 77 73 72 75 56 49 46 40 41 33 20 
93 86 79 69 64 59 57 54 65 65 62 67 63 68 77 73 72 75 56 49 46 40 41 33 20 
93 86 79 69 80 81 71 74 67 63 68 77 73 72 75 56 49 46 50 52 55 58 60 62 65 65 62 67 63 68 66 78 75 56 49 46 40 28 19 5 15 20 
93 86 70 76 79 69 80 81 82 84 83 74 67 62 65 65 62 67 63 68 66 78 75 56 49 46 40 43 33 20 
93 86 79 69 64 59 57 54 53 48 34 45 65 65 62 60 58 55 52 50 46 40 28 19 5 15 10 16 24 25 20 
93 86 70 76 79 69 80 81 71 74 67 62 65 65 62 67 63 68 77 73 72 75 56 49 46 40 28 19 5 15 20 
93 86 79 69 64 59 57 54 53 48 34 45 65 65 62 67 63 68 66 78 75 56 49 46 40 41 33 20 
---------------
Request id 17
59 64 69 80 81 71 74 67 63 68 77 73 72 75 56 49 46 50 52 55 58 60 62 65 62 60 58 55 52 50 46 49 56 75 78 66 68 63 67 74 83 84 
59 64 69 80 81 71 74 67 62 65 54 57 59 64 69 80 81 82 84 
59 57 54 53 48 34 45 65 54 57 59 64 69 80 81 82 84 
59 64 69 80 81 71 74 67 62 65 54 57 59 64 69 80 81 71 74 83 84 
59 64 69 80 81 71 74 67 63 68 77 73 72 75 56 49 46 50 52 55 58 60 62 65 54 57 59 64 69 80 81 82 84 
59 64 69 80 81 71 74 67 62 65 45 34 48 53 54 57 59 64 69 80 81 71 74 83 84 
59 64 69 80 81 82 84 83 74 67 63 68 66 78 75 56 49 46 50 52 55 58 60 62 65 45 34 48 53 54 57 59 64 69 80 81 71 74 83 84 
59 64 69 80 81 71 74 67 63 68 66 78 75 56 49 46 50 52 55 58 60 62 65 54 57 59 64 69 80 81 71 74 83 84 
59 64 69 80 81 82 84 83 74 67 63 68 66 78 75 56 49 46 50 52 55 58 60 62 65 54 57 59 64 69 80 81 71 74 83 84 
59 64 69 80 81 82 84 83 74 67 63 68 77 73 72 75 56 49 46 50 52 55 58 60 62 65 62 60 58 55 52 50 46 49 56 75 78 66 68 63 67 74 71 81 82 84 
59 64 69 80 81 71 74 67 63 68 66 78 75 56 49 46 50 52 55 58 60 62 65 54 57 59 64 69 80 81 82 84 
59 57 54 53 48 34 45 65 62 60 58 55 52 50 46 49 56 75 72 73 77 68 63 67 74 83 84 
59 64 69 80 81 82 84 83 74 67 62 65 62 60 58 55 52 50 46 49 56 75 72 73 77 68 63 67 74 83 84 
59 57 54 65 62 67 74 71 81 82 84 
59 57 54 65 62 60 58 55 52 50 46 49 56 75 72 73 77 68 63 67 74 71 81 82 84 
59 64 69 80 81 71 74 67 62 65 62 60 58 55 52 50 46 49 56 75 72 73 77 68 63 67 74 83 84 
59 64 69 80 81 71 74 67 63 68 77 73 72 75 56 49 46 50 52 55 58 60 62 65 62 67 74 83 84 
59 64 69 80 81 71 74 67 63 68 66 78 75 56 49 46 50 52 55 58 60 62 65 62 60 58 55 52 50 46 49 56 75 72 73 77 68 63 67 74 83 84 
59 64 69 80 81 82 84 83 74 67 63 68 66 78 75 56 49 46 50 52 55 58 60 62 65 45 34 48 53 54 57 59 64 69 80 81 82 84 
59 64 69 80 81 82 84 83 74 67 63 68 77 73 72 75 56 49 46 50 52 55 58 60 62 65 62 60 58 55 52 50 46 49 56 75 72 73 77 68 63 67 74 71 81 82 84 
59 64 69 80 81 82 84 83 74 67 63 68 77 73 72 75 56 49 46 50 52 55 58 60 62 65 45 34 48 53 54 57 59 64 69 80 81 82 84 
59 64 69 80 81 82 84 83 74 67 62 65 62 67 74 83 84 
59 57 54 53 48 34 45 65 62 60 58 55 52 50 46 49 56 75 78 66 68 63 67 74 83 84 
59 64 69 80 81 82 84 83 74 67 63 68 66 78 75 56 49 46 50 52 55 58 60 62 65 62 60 58 55 52 50 46 49 56 75 72 73 77 68 63 67 74 71 81 82 84 
59 64 69 80 81 82 84 83 74 67 62 65 62 60 58 55 52 50 46 49 56 75 78 66 68 63 67 74 71 81 82 84 
59 64 69 80 81 82 84 83 74 67 63 68 66 78 75 56 49 46 50 52 55 58 60 62 65 62 67 74 71 81 82 84 
59 64 69 80 81 71 74 67 63 68 66 78 75 56 49 46 50 52 55 58 60 62 65 62 60 58 55 52 50 46 49 56 75 72 73 77 68 63 67 74 71 81 82 84 
59 64 69 80 81 71 74 67 63 68 66 78 75 56 49 46 50 52 55 58 60 62 65 62 60 58 55 52 50 46 49 56 75 78 66 68 63 67 74 83 84 
59 57 54 65 62 60 58 55 52 50 46 49 56 75 72 73 77 68 63 67 74 83 84 
59 64 69 80 81 82 84 83 74 67 62 65 54 57 59 64 69 80 81 71 74 83 84 
---------------
Request id 1
64 69 80 81 82 84 83 74 67 62 65 62 60 58 55 52 50 46 49 56 75 78 66 68 63 67 74 83 84 82 81 80 69 
64 69 80 81 82 84 83 74 67 63 68 77 73 72 75 56 49 46 50 52 55 58 60 62 65 62 67 74 83 84 82 81 80 69 
64 69 80 81 71 74 67 62 65 54 57 59 64 69 
64 59 57 54 65 62 60 58 55 52 50 46 49 56 75 78 66 68 63 67 74 83 84 82 81 80 69 
64 69 80 81 71 74 67 62 65 62 67 74 83 84 82 81 80 69 
64 69 80 81 71 74 67 63 68 77 73 72 75 56 49 46 50 52 55 58 60 62 65 62 60 58 55 52 50 46 49 56 75 72 73 77 68 63 67 74 83 84 82 81 80 69 
64 59 57 54 65 62 60 58 55 52 50 46 49 56 75 72 73 77 68 63 67 74 83 84 82 81 80 69 
64 69 80 81 82 84 83 74 67 63 68 66 78 75 56 49 46 50 52 55 58 60 62 65 54 57 59 64 69 
64 69 80 81 71 74 67 63 68 66 78 75 56 49 46 50 52 55 58 60 62 65 62 60 58 55 52 50 46 49 56 75 72 73 77 68 63 67 74 71 81 80 69 
64 69 80 81 82 84 83 74 67 63 68 77 73 72 75 56 49 46 50 52 55 58 60 62 65 62 60 58 55 52 50 46 49 56 75 72 73 77 68 63 67 74 71 81 80 69 
64 69 80 81 82 84 83 74 67 63 68 66 78 75 56 49 46 50 52 55 58 60 62 65 62 67 74 71 81 80 69 
64 69 80 81 71 74 67 63 68 66 78 75 56 49 46 50 52 55 58 60 62 65 62 67 74 83 84 82 81 80 69 
64 69 80 81 71 74 67 63 68 77 73 72 75 56 49 46 50 52 55 58 60 62 65 62 60 58 55 52 50 46 49 56 75 78 66 68 63 67 74 83 84 82 81 80 69 
64 69 80 81 71 74 67 62 65 62 60 58 55 52 50 46 49 56 75 72 73 77 68 63 67 74 83 84 82 81 80 69 
64 69 80 81 82 84 83 74 67 62 65 62 60 58 55 52 50 46 49 56 75 72 73 77 68 63 67 74 71 81 80 69 
64 69 80 81 71 74 67 63 68 66 78 75 56 49 46 50 52 55 58 60 62 65 54 57 59 64 69 
64 59 57 54 53 48 34 45 65 62 60 58 55 52 50 46 49 56 75 72 73 77 68 63 67 74 83 84 82 81 80 69 
64 69 80 81 71 74 67 63 68 77 73 72 75 56 49 46 50 52 55 58 60 62 65 62 67 74 71 81 80 69 
64 69 80 81 82 84 83 74 67 63 68 66 78 75 56 49 46 50 52 55 58 60 62 65 62 67 74 83 84 82 81 80 69 
64 69 80 81 82 84 83 74 67 63 68 77 73 72 75 56 49 46 50 52 55 58 60 62 65 62 67 74 71 81 80 69 
64 69 80 81 82 84 83 74 67 63 68 66 78 75 56 49 46 50 52 55 58 60 62 65 62 60 58 55 52 50 46 49 56 75 78 66 68 63 67 74 71 81 80 69 
64 69 80 81 71 74 67 63 68 66 78 75 56 49 46 50 52 55 58 60 62 65 45 34 48 53 54 57 59 64 69 
64 69 80 81 71 74 67 63 68 77 73 72 75 56 49 46 50 52 55 58 60 62 65 54 57 59 64 69 
64 69 80 81 71 74 67 63 68 77 73 72 75 56 49 46 50 52 55 58 60 62 65 62 60 58 55 52 50 46 49 56 75 78 66 68 63 67 74 71 81 80 69 
64 59 57 54 65 62 67 74 83 84 82 81 80 69 
64 69 80 81 82 84 83 74 67 63 68 66 78 75 56 49 46 50 52 55 58 60 62 65 45 34 48 53 54 57 59 64 69 
64 59 57 54 53 48 34 45 65 62 60 58 55 52 50 46 49 56 75 78 66 68 63 67 74 83 84 82 81 80 69 
64 69 80 81 82 84 83 74 67 63 68 66 78 75 56 49 46 50 52 55 58 60 62 65 62 60 58 55 52 50 46 49 56 75 72 73 77 68 63 67 74 71 81 80 69 
64 59 57 54 53 48 34 45 65 62 60 58 55 52 50 46 49 56 75 78 66 68 63 67 74 71 81 80 69 
64 69 80 81 82 84 83 74 67 62 65 45 34 48 53 54 57 59 64 69 
---------------
Request id 10
47 46 46 46 40 43 33 20 15 5 19 28 
47 46 46 46 40 28 
47 46 46 46 40 43 33 20 25 24 16 10 15 5 19 28 
47 46 46 46 40 41 33 20 25 24 16 10 15 5 19 28 
47 46 46 46 40 41 33 20 15 5 19 28 
---------------
Request id 8
56 75 75 56 49 46 50 52 55 58 60 62 65 54 57 59 64 69 80 81 82 
56 49 46 50 52 55 58 60 62 65 45 34 48 53 54 57 59 64 69 80 81 71 74 67 63 68 77 73 72 75 75 78 66 68 63 67 74 83 84 82 
56 49 46 50 52 55 58 60 62 65 45 34 48 53 54 57 59 64 69 80 81 71 74 67 63 68 77 73 72 75 75 56 49 46 50 52 55 58 60 62 67 74 83 84 82 
56 49 46 50 52 55 58 60 62 67 63 68 77 73 72 75 75 72 73 77 68 63 67 62 65 54 57 59 64 69 80 81 82 
56 49 46 50 52 55 58 60 62 67 63 68 77 73 72 75 75 78 66 68 63 67 74 83 84 82 
56 49 46 50 52 55 58 60 62 65 45 34 48 53 54 57 59 64 69 80 81 71 74 67 63 68 66 78 75 75 56 49 46 50 52 55 58 60 62 65 54 57 59 64 69 80 81 82 
56 49 46 50 52 55 58 60 62 65 45 34 48 53 54 57 59 64 69 80 81 71 74 67 63 68 77 73 72 75 75 56 49 46 50 52 55 58 60 62 67 74 71 81 82 
56 49 46 50 52 55 58 60 62 65 45 34 48 53 54 57 59 64 69 80 81 71 74 67 63 68 77 73 72 75 75 72 73 77 68 63 67 74 71 81 82 
56 49 46 50 52 55 58 60 62 65 54 57 59 64 69 80 81 71 74 67 63 68 66 78 75 75 72 73 77 68 63 67 62 65 54 57 59 64 69 80 81 82 
56 49 46 50 52 55 58 60 62 65 54 57 59 64 69 80 81 82 84 83 74 67 63 68 66 78 75 75 56 49 46 50 52 55 58 60 62 65 54 57 59 64 69 80 81 82 
56 75 75 78 66 68 63 67 62 65 54 57 59 64 69 80 81 71 74 83 84 82 
56 49 46 50 52 55 58 60 62 65 54 57 59 64 69 80 81 71 74 67 63 68 66 78 75 75 78 66 68 63 67 62 65 54 57 59 64 69 80 81 82 
56 49 46 50 52 55 58 60 62 65 54 57 59 64 69 80 81 82 84 83 74 67 63 68 77 73 72 75 75 72 73 77 68 63 67 74 83 84 82 
56 49 46 50 52 55 58 60 62 67 63 68 66 78 75 75 72 73 77 68 63 67 62 65 54 57 59 64 69 80 81 82 
56 75 75 56 49 46 50 52 55 58 60 62 67 74 71 81 82 
56 49 46 50 52 55 58 60 62 65 54 57 59 64 69 80 81 71 74 67 63 68 77 73 72 75 75 72 73 77 68 63 67 62 65 54 57 59 64 69 80 81 82 
56 49 46 50 52 55 58 60 62 65 45 34 48 53 54 57 59 64 69 80 81 71 74 67 63 68 77 73 72 75 75 78 66 68 63 67 62 65 54 57 59 64 69 80 81 71 74 83 84 82 
56 49 46 50 52 55 58 60 62 65 54 57 59 64 69 80 81 71 74 67 63 68 77 73 72 75 75 56 49 46 50 52 55 58 60 62 67 74 71 81 82 
56 49 46 50 52 55 58 60 62 65 45 34 48 53 54 57 59 64 69 80 81 71 74 67 63 68 66 78 75 75 72 73 77 68 63 67 62 65 54 57 59 64 69 80 81 82 
56 49 46 50 52 55 58 60 62 65 54 57 59 64 69 80 81 82 84 83 74 67 63 68 77 73 72 75 75 56 49 46 50 52 55 58 60 62 67 74 83 84 82 
56 49 46 50 52 55 58 60 62 65 54 57 59 64 69 80 81 82 84 83 74 67 63 68 77 73 72 75 75 72 73 77 68 63 67 74 71 81 82 
56 49 46 50 52 55 58 60 62 65 54 57 59 64 69 80 81 71 74 67 63 68 77 73 72 75 75 78 66 68 63 67 74 71 81 82 
56 49 46 50 52 55 58 60 62 65 54 57 59 64 69 80 81 71 74 67 63 68 66 78 75 75 78 66 68 63 67 62 65 54 57 59 64 69 80 81 71 74 83 84 82 
56 75 75 78 66 68 63 67 62 65 54 57 59 64 69 80 81 82 
56 49 46 50 52 55 58 60 62 65 54 57 59 64 69 80 81 71 74 67 63 68 66 78 75 75 78 66 68 63 67 74 71 81 82 
56 49 46 50 52 55 58 60 62 65 45 34 48 53 54 57 59 64 69 80 81 82 84 83 74 67 63 68 66 78 75 75 56 49 46 50 52 55 58 60 62 67 74 71 81 82 
56 49 46 50 52 55 58 60 62 65 45 34 48 53 54 57 59 64 69 80 81 71 74 67 63 68 66 78 75 75 78 66 68 63 67 74 71 81 82 
56 49 46 50 52 55 58 60 62 65 45 34 48 53 54 57 59 64 69 80 81 71 74 67 63 68 77 73 72 75 75 72 73 77 68 63 67 62 65 54 57 59 64 69 80 81 82 
56 49 46 50 52 55 58 60 62 65 45 34 48 53 54 57 59 64 69 80 81 71 74 67 63 68 66 78 75 75 78 66 68 63 67 62 65 54 57 59 64 69 80 81 82 
56 49 46 50 52 55 58 60 62 65 45 34 48 53 54 57 59 64 69 80 81 71 74 67 63 68 77 73 72 75 75 78 66 68 63 67 74 71 81 82 
---------------
Request id 13
10 16 24 25 20 33 43 40 28 19 5 15 15 15 20 33 41 40 46 50 52 55 58 60 62 67 74 71 81 
10 16 24 25 20 33 43 40 28 19 5 15 15 15 5 19 28 40 46 50 52 55 58 60 62 67 74 83 84 82 81 
10 16 24 25 20 33 43 40 28 19 5 15 15 15 5 19 28 40 46 50 52 55 58 60 62 67 74 71 81 
10 16 24 25 20 33 41 40 28 19 5 15 15 15 20 33 43 40 46 50 52 55 58 60 62 67 74 71 81 
10 16 24 25 20 33 43 40 28 19 5 15 15 15 20 33 43 40 46 49 56 75 78 66 68 63 67 74 71 81 
10 16 24 25 20 33 41 40 28 19 5 15 15 15 5 19 28 40 46 50 52 55 58 60 62 67 74 83 84 82 81 
10 16 24 25 20 15 15 15 20 33 43 40 46 50 52 55 58 60 62 67 74 83 84 82 81 
10 16 24 25 20 33 43 40 28 19 5 15 15 15 20 33 43 40 46 50 52 55 58 60 62 67 74 83 84 82 81 
10 15 15 15 20 33 43 40 46 50 52 55 58 60 62 67 74 83 84 82 81 
10 16 24 25 20 33 41 40 28 19 5 15 15 15 20 33 43 40 46 49 56 75 78 66 68 63 67 74 71 81 
10 16 24 25 20 33 41 40 28 19 5 15 15 15 20 33 41 40 46 49 56 75 78 66 68 63 67 74 71 81 
10 15 15 15 20 33 41 40 46 50 52 55 58 60 62 67 74 71 81 
10 15 15 15 20 33 41 40 46 50 52 55 58 60 62 67 74 83 84 82 81 
10 16 24 25 20 33 43 40 28 19 5 15 15 15 20 33 41 40 46 49 56 75 78 66 68 63 67 74 71 81 
10 15 15 15 20 33 43 40 46 49 56 75 78 66 68 63 67 74 71 81 
10 15 15 15 5 19 28 40 46 49 56 75 78 66 68 63 67 74 71 81 
10 16 24 25 20 15 15 15 5 19 28 40 46 50 52 55 58 60 62 67 74 83 84 82 81 
10 16 24 25 20 15 15 15 20 33 41 40 46 49 56 75 72 73 77 68 63 67 74 71 81 
10 16 24 25 20 33 41 40 28 19 5 15 15 15 20 33 41 40 46 50 52 55 58 60 62 67 74 71 81 
10 16 24 25 20 33 41 40 28 19 5 15 15 15 5 19 28 40 46 50 52 55 58 60 62 67 74 71 81 
10 15 15 15 20 33 43 40 46 50 52 55 58 60 62 67 74 71 81 
10 16 24 25 20 33 41 40 28 19 5 15 15 15 20 33 41 40 46 49 56 75 72 73 77 68 63 67 74 71 81 
10 16 24 25 20 33 43 40 28 19 5 15 15 15 20 33 41 40 46 50 52 55 58 60 62 67 74 83 84 82 81 
10 15 15 15 20 33 41 40 46 49 56 75 78 66 68 63 67 74 71 81 
10 16 24 25 20 33 41 40 28 19 5 15 15 15 5 19 28 40 46 49 56 75 78 66 68 63 67 74 71 81 
10 16 24 25 20 15 15 15 20 33 41 40 46 49 56 75 78 66 68 63 67 74 71 81 
10 16 24 25 20 33 41 40 28 19 5 15 15 15 20 33 41 40 46 50 52 55 58 60 62 67 74 83 84 82 81 
10 15 15 15 5 19 28 40 46 50 52 55 58 60 62 67 74 83 84 82 81 
10 16 24 25 20 15 15 15 20 33 43 40 46 49 56 75 78 66 68 63 67 74 71 81 
10 16 24 25 20 33 43 40 28 19 5 15 15 15 5 19 28 40 46 49 56 75 78 66 68 63 67 74 71 81 
---------------
Request id 11
59 64 69 80 81 71 74 67 63 68 66 78 75 56 49 46 50 52 55 58 60 62 65 65 65 54 57 59 64 69 80 81 71 74 67 62 60 58 55 52 50 46 47 
59 64 69 80 81 82 84 83 74 67 62 65 65 65 54 57 59 64 69 80 81 71 74 67 63 68 66 78 75 56 49 46 47 
59 64 69 80 81 82 84 83 74 67 63 68 66 78 75 56 49 46 50 52 55 58 60 62 65 65 65 54 57 59 64 69 80 81 71 74 67 63 68 77 73 72 75 56 49 46 47 
59 64 69 80 81 82 84 83 74 67 63 68 66 78 75 56 49 46 50 52 55 58 60 62 65 65 65 54 57 59 64 69 80 81 71 74 67 63 68 66 78 75 56 49 46 47 
59 64 69 80 81 82 84 83 74 67 63 68 66 78 75 56 49 46 50 52 55 58 60 62 65 65 65 62 60 58 55 52 50 46 47 
59 57 54 53 48 34 45 65 65 65 45 34 48 53 54 57 59 64 69 80 81 71 74 67 62 60 58 55 52 50 46 47 
59 57 54 65 65 65 54 57 59 64 69 80 81 82 84 83 74 67 63 68 77 73 72 75 56 49 46 47 
59 57 54 53 48 34 45 65 65 65 54 57 59 64 69 80 81 71 74 67 62 60 58 55 52 50 46 47 
59 64 69 80 81 71 74 67 62 65 65 65 54 57 59 64 69 80 81 71 74 67 62 60 58 55 52 50 46 47 
59 64 69 80 81 82 84 83 74 67 63 68 77 73 72 75 56 49 46 50 52 55 58 60 62 65 65 65 45 34 48 53 54 57 59 64 69 80 81 71 74 67 62 60 58 55 52 50 46 47 
59 57 54 53 48 34 45 65 65 65 54 57 59 64 69 80 81 82 84 83 74 67 62 60 58 55 52 50 46 47 
59 57 54 65 65 65 62 60 58 55 52 50 46 47 
59 64 69 80 81 71 74 67 63 68 66 78 75 56 49 46 50 52 55 58 60 62 65 65 65 54 57 59 64 69 80 81 82 84 83 74 67 63 68 66 78 75 56 49 46 47 
59 64 69 80 81 82 84 83 74 67 63 68 66 78 75 56 49 46 50 52 55 58 60 62 65 65 65 54 57 59 64 69 80 81 82 84 83 74 67 63 68 77 73 72 75 56 49 46 47 
59 64 69 80 81 82 84 83 74 67 62 65 65 65 54 57 59 64 69 80 81 82 84 83 74 67 63 68 66 78 75 56 49 46 47 
59 64 69 80 81 82 84 83 74 67 63 68 77 73 72 75 56 49 46 50 52 55 58 60 62 65 65 65 62 67 63 68 66 78 75 56 49 46 47 
59 64 69 80 81 82 84 83 74 67 63 68 77 73 72 75 56 49 46 50 52 55 58 60 62 65 65 65 54 57 59 64 69 80 81 71 74 67 63 68 77 73 72 75 56 49 46 47 
59 64 69 80 81 82 84 83 74 67 63 68 77 73 72 75 56 49 46 50 52 55 58 60 62 65 65 65 62 67 63 68 77 73 72 75 56 49 46 47 
59 57 54 65 65 65 54 57 59 64 69 80 81 71 74 67 63 68 77 73 72 75 56 49 46 47 
59 64 69 80 81 71 74 67 63 68 66 78 75 56 49 46 50 52 55 58 60 62 65 65 65 54 57 59 64 69 80 81 71 74 67 63 68 66 78 75 56 49 46 47 
59 64 69 80 81 82 84 83 74 67 63 68 77 73 72 75 56 49 46 50 52 55 58 60 62 65 65 65 54 57 59 64 69 80 81 82 84 83 74 67 62 60 58 55 52 50 46 47 
59 64 69 80 81 82 84 83 74 67 62 65 65 65 45 34 48 53 54 57 59 64 69 80 81 71 74 67 62 60 58 55 52 50 46 47 
59 64 69 80 81 71 74 67 63 68 66 78 75 56 49 46 50 52 55 58 60 62 65 65 65 54 57 59 64 69 80 81 82 84 83 74 67 62 60 58 55 52 50 46 47 
59 64 69 80 81 82 84 83 74 67 62 65 65 65 54 57 59 64 69 80 81 71 74 67 63 68 77 73 72 75 56 49 46 47 
59 64 69 80 81 82 84 83 74 67 63 68 66 78 75 56 49 46 50 52 55 58 60 62 65 65 65 54 57 59 64 69 80 81 82 84 83 74 67 63 68 66 78 75 56 49 46 47 
59 64 69 80 81 71 74 67 62 65 65 65 62 67 63 68 77 73 72 75 56 49 46 47 
59 57 54 53 48 34 45 65 65 65 54 57 59 64 69 80 81 82 84 83 74 67 63 68 66 78 75 56 49 46 47 
59 57 54 65 65 65 54 57 59 64 69 80 81 82 84 83 74 67 63 68 66 78 75 56 49 46 47 
59 57 54 65 65 65 62 67 63 68 66 78 75 56 49 46 47 
59 64 69 80 81 71 74 67 63 68 77 73 72 75 56 49 46 50 52 55 58 60 62 65 65 65 62 60 58 55 52 50 46 47 
---------------
