Request id 20
13 12 11 8 9 5 4 3 1 3 10 11 8 9 5 12 13 10 
13 10 11 12 5 9 8 9 5 2 0 1 2 5 12 11 8 7 6 4 3 10 
13 10 3 4 5 9 8 11 10 3 1 2 5 12 11 8 11 10 
13 12 5 4 6 7 8 11 12 5 2 1 3 4 6 7 8 13 10 
13 12 11 8 9 5 2 0 1 2 5 12 11 8 9 5 4 3 10 
13 8 7 6 4 3 1 2 5 12 13 8 7 0 1 3 10 
13 12 5 4 6 7 8 7 0 2 1 2 0 7 8 7 0 1 3 10 
13 12 5 9 8 7 6 4 3 1 3 4 5 9 8 9 5 12 13 10 
13 12 11 8 7 0 1 2 5 9 8 9 5 12 13 10 
13 10 11 8 9 5 2 1 3 10 13 8 13 12 5 4 3 10 
13 12 5 2 0 7 8 7 0 1 2 0 7 8 13 12 11 10 
13 12 5 9 8 13 12 5 2 1 3 4 5 9 8 9 5 4 3 10 
13 12 5 2 0 7 8 13 12 5 2 1 2 5 12 13 8 13 10 
13 12 5 9 8 7 6 4 3 1 3 10 13 8 11 10 
13 12 5 2 0 7 8 13 12 5 2 1 0 7 8 13 12 11 10 
13 10 3 4 5 9 8 7 6 4 3 1 2 0 7 8 9 5 12 11 10 
13 10 11 12 5 9 8 9 5 2 0 1 2 0 7 8 13 12 11 10 
13 10 11 8 9 5 4 3 1 0 7 8 9 5 12 13 10 
13 10 11 12 5 9 8 13 12 5 2 1 2 5 12 11 8 7 6 4 3 10 
13 12 5 9 8 7 0 2 1 2 5 12 13 8 7 0 1 3 10 
13 10 11 8 11 12 5 2 1 3 10 11 8 9 5 12 13 10 
13 12 5 2 0 7 8 7 6 4 3 1 3 4 6 7 8 9 5 12 13 10 
13 12 5 9 8 9 5 2 1 2 5 9 8 11 12 13 10 
13 10 3 1 0 7 8 13 10 3 1 0 7 8 9 5 12 11 10 
13 10 3 4 6 7 8 9 5 2 0 1 3 4 6 7 8 13 12 5 4 3 10 
13 10 11 8 13 12 5 2 1 0 7 8 7 0 1 3 10 
13 12 11 8 11 10 3 1 2 5 9 8 13 12 5 4 3 10 
13 12 5 9 8 11 12 5 2 1 0 2 5 9 8 13 12 5 4 3 10 
13 10 11 12 5 9 8 9 5 2 0 1 2 0 7 8 7 0 1 3 10 
13 12 5 2 0 7 8 11 12 5 2 1 2 5 9 8 11 10 
13 10 3 4 5 9 8 9 5 4 3 1 3 10 11 8 9 5 4 3 10 
13 10 11 12 5 9 8 11 10 3 1 0 7 8 13 12 5 4 3 10 
13 12 5 9 8 13 10 3 1 2 5 12 11 8 9 5 12 11 10 
13 12 5 9 8 13 10 3 1 0 2 5 9 8 9 5 4 3 10 
13 10 11 12 5 9 8 11 10 3 1 2 5 12 13 8 7 0 1 3 10 
13 12 5 2 0 7 8 13 10 3 1 0 2 5 9 8 7 0 1 3 10 
13 12 11 8 13 10 3 1 3 4 6 7 8 11 12 13 10 
13 10 3 4 6 7 8 9 5 4 3 1 3 10 11 8 7 0 1 3 10 
13 12 5 4 6 7 8 13 12 5 2 1 2 5 9 8 11 10 
13 12 5 2 0 7 8 9 5 4 3 1 3 10 11 8 7 6 4 3 10 
---------------
Request id 15
4 5 12 13 8 7 0 1 1 0 7 8 13 10 3 
4 5 12 13 8 7 0 1 1 2 0 7 6 4 3 
4 5 12 13 10 3 1 1 2 0 7 6 4 3 
4 3 1 1 0 7 8 11 10 3 
4 5 9 8 7 0 2 1 1 3 
4 5 9 8 7 0 2 1 1 2 5 12 11 10 3 
4 6 7 0 2 1 1 0 7 8 13 10 3 
4 5 2 1 1 0 7 8 11 10 3 
4 6 7 0 2 1 1 3 
4 5 12 13 10 3 1 1 0 7 8 11 10 3 
4 5 9 8 7 0 2 1 1 2 5 9 8 11 10 3 
4 5 2 1 1 2 5 9 8 11 10 3 
4 5 12 11 10 3 1 1 2 5 12 11 10 3 
4 5 2 0 1 1 3 
4 5 9 8 7 0 1 1 0 7 8 13 10 3 
4 5 9 8 7 0 1 1 2 0 7 6 4 3 
4 5 9 8 7 0 1 1 0 7 6 4 3 
4 5 12 13 10 3 1 1 2 5 9 8 11 10 3 
4 5 12 11 10 3 1 1 2 5 9 8 11 10 3 
4 5 9 8 7 0 2 1 1 0 7 8 11 10 3 
4 5 2 1 1 0 7 8 13 10 3 
4 6 7 0 1 1 2 5 9 8 11 10 3 
4 5 2 0 1 1 2 5 9 8 11 10 3 
4 5 12 13 10 3 1 1 2 5 4 3 
4 5 9 8 7 0 2 1 1 0 7 6 4 3 
4 6 7 0 1 1 0 7 6 4 3 
4 6 7 0 2 1 1 2 5 9 8 11 10 3 
4 5 12 13 10 3 1 1 0 7 6 4 3 
4 5 9 8 7 0 2 1 1 0 7 8 13 10 3 
4 5 2 0 1 1 2 5 12 13 10 3 
4 5 12 13 8 7 0 1 1 2 5 12 11 10 3 
4 5 9 8 7 0 2 1 1 2 5 12 13 10 3 
4 6 7 0 2 1 1 0 7 6 4 3 
4 5 12 11 10 3 1 1 2 5 12 13 10 3 
4 5 2 1 1 2 5 4 3 
4 5 2 0 1 1 0 2 5 4 3 
4 5 2 1 1 2 0 7 6 4 3 
4 5 9 8 7 0 1 1 0 7 8 11 10 3 
4 5 9 8 7 0 1 1 2 5 12 13 10 3 
4 5 9 8 7 0 1 1 2 5 9 8 11 10 3 
---------------
Request id 1
11 10 3 1 3 10 13 8 13 10 11 12 5 2 
11 10 3 1 3 10 13 8 7 0 2 
11 8 13 10 3 1 0 2 5 9 8 7 0 2 
11 8 7 0 2 1 3 10 13 8 13 12 5 2 
11 8 9 5 2 0 1 0 7 8 7 0 1 2 
11 8 7 0 1 3 10 13 8 13 10 3 1 2 
11 8 13 10 3 1 3 10 11 8 7 0 1 2 
11 8 13 10 3 1 2 5 12 13 8 13 10 3 1 2 
11 12 13 10 3 1 0 2 5 9 8 7 0 1 2 
11 8 7 0 2 1 2 5 9 8 13 10 3 1 2 
11 8 9 5 2 0 1 2 5 12 13 8 13 10 11 12 5 2 
11 10 3 1 3 4 5 9 8 7 0 2 
11 8 9 5 2 1 0 7 8 7 6 4 5 2 
11 8 7 0 1 3 10 13 8 13 12 5 2 
11 12 5 2 1 3 4 6 7 8 11 10 3 1 2 
11 8 9 5 2 0 1 0 2 5 9 8 7 0 2 
11 12 5 2 1 2 0 7 8 7 0 2 
11 12 5 2 1 2 5 12 11 8 7 0 1 2 
11 10 3 1 3 10 13 8 7 0 1 2 
11 8 9 5 2 0 1 3 4 5 9 8 7 0 1 2 
11 10 3 1 2 5 12 11 8 7 0 1 2 
11 12 13 10 3 1 2 5 9 8 7 6 4 5 2 
11 8 9 5 2 0 1 3 10 13 8 9 5 4 3 1 2 
11 8 9 5 2 1 0 7 8 11 10 3 1 2 
11 12 13 10 3 1 2 0 7 8 7 0 1 2 
11 10 3 1 3 10 13 8 7 6 4 5 2 
11 8 9 5 2 0 1 2 5 9 8 9 5 2 
11 12 5 2 1 3 10 11 8 7 0 1 2 
11 8 7 0 1 0 2 5 9 8 9 5 2 
11 12 5 2 1 3 4 5 9 8 9 5 2 
11 8 7 0 2 1 3 10 13 8 7 0 2 
11 12 5 4 3 1 3 4 6 7 8 11 12 5 2 
11 8 9 5 2 1 3 10 13 8 9 5 2 
11 12 5 4 3 1 3 4 6 7 8 13 10 3 1 2 
11 8 9 5 2 1 2 0 7 8 11 12 5 2 
11 8 9 5 2 0 1 2 0 7 8 11 12 5 2 
11 12 5 2 0 1 3 4 5 9 8 13 12 5 2 
11 12 5 2 0 1 0 7 8 9 5 2 
11 8 7 0 2 1 3 4 6 7 8 11 10 3 1 2 
11 12 5 2 1 2 5 12 13 8 7 0 1 2 
---------------
Request id 9
13 10 3 4 6 7 8 9 5 4 3 1 2 5 12 11 8 11 12 5 4 6 7 
13 10 11 12 5 9 8 7 6 4 3 1 3 10 11 8 11 12 5 4 6 7 
13 12 5 2 0 7 8 13 10 3 1 3 4 5 9 8 13 10 3 4 6 7 
13 10 3 4 6 7 8 9 5 4 3 1 2 5 9 8 13 12 5 2 0 7 
13 12 5 2 0 7 8 13 10 3 1 0 7 8 7 
13 8 9 5 2 0 1 0 2 5 9 8 9 5 4 6 7 
13 10 3 4 6 7 8 9 5 2 1 2 5 12 13 8 13 12 5 4 6 7 
13 12 5 9 8 13 12 5 2 1 2 5 12 13 8 11 12 5 4 6 7 
13 10 3 4 5 9 8 9 5 2 0 1 3 4 6 7 8 9 5 2 1 0 7 
13 10 3 4 5 9 8 9 5 2 0 1 2 0 7 8 13 12 5 4 6 7 
13 10 11 12 5 9 8 7 0 2 1 2 0 7 8 9 5 2 1 0 7 
13 12 5 4 6 7 8 7 0 2 1 3 4 6 7 8 11 12 5 4 6 7 
13 10 3 1 0 7 8 9 5 4 3 1 0 2 5 9 8 11 12 5 4 6 7 
13 10 11 8 9 5 4 3 1 2 5 12 13 8 13 12 5 4 6 7 
13 10 3 1 0 7 8 7 0 1 3 4 5 9 8 9 5 2 0 7 
13 12 5 4 6 7 8 7 0 2 1 2 0 7 8 13 10 3 4 6 7 
13 10 11 8 11 12 5 2 1 3 10 13 8 11 10 3 4 6 7 
13 12 5 9 8 11 10 3 1 2 0 7 8 9 5 2 1 0 7 
13 10 11 12 5 9 8 13 10 3 1 3 4 5 9 8 11 12 5 2 0 7 
13 12 11 8 13 12 5 2 1 2 5 12 13 8 13 12 5 2 0 7 
13 10 3 4 5 9 8 11 10 3 1 2 5 12 11 8 11 12 5 2 0 7 
13 8 7 0 1 3 10 13 8 11 12 5 4 6 7 
13 10 11 8 7 6 4 3 1 2 5 9 8 7 
13 12 5 9 8 13 10 3 1 0 7 8 13 10 3 4 6 7 
13 12 5 9 8 11 10 3 1 0 7 8 13 12 5 4 6 7 
13 12 5 9 8 13 12 5 2 1 3 4 6 7 8 13 12 5 2 0 7 
13 12 5 2 0 7 8 7 6 4 3 1 2 0 7 8 13 12 5 2 0 7 
13 12 5 4 6 7 8 7 6 4 3 1 0 2 5 9 8 13 10 3 4 6 7 
13 12 5 9 8 11 12 5 2 1 0 2 5 9 8 13 12 5 2 0 7 
13 12 5 2 0 7 8 9 5 2 1 3 10 13 8 11 10 3 4 6 7 
13 12 5 2 0 7 8 9 5 2 1 2 5 12 11 8 9 5 4 6 7 
13 12 11 8 7 0 2 1 2 5 12 13 8 7 
13 10 11 8 7 0 1 2 5 12 11 8 13 10 3 4 6 7 
13 10 3 4 6 7 8 7 0 2 1 0 2 5 9 8 13 10 3 4 6 7 
13 12 11 8 11 10 3 1 3 4 5 9 8 7 
13 10 3 1 0 7 8 7 0 1 2 5 12 13 8 11 12 5 4 6 7 
13 10 11 8 13 10 3 1 3 10 11 8 9 5 2 0 7 
13 10 3 4 5 9 8 7 0 1 0 2 5 9 8 13 10 3 4 6 7 
13 10 3 4 6 7 8 7 6 4 3 1 2 5 9 8 9 5 2 1 0 7 
13 10 3 4 6 7 8 9 5 2 0 1 2 5 9 8 7 
---------------
Request id 17
6 4 3 10 13 8 9 5 4 
6 4 5 12 11 8 7 6 4 
6 4 5 12 13 8 11 10 13 12 5 4 
6 7 0 2 5 9 8 11 10 13 12 5 4 
6 4 5 2 0 7 8 13 12 5 4 
6 4 5 12 11 8 13 10 3 4 
6 7 0 2 5 12 11 8 9 5 4 
6 4 3 1 0 7 8 9 5 4 
6 4 5 2 0 7 8 11 12 5 4 
6 4 5 9 8 7 0 1 3 4 
6 7 0 2 5 12 11 8 13 12 5 4 
6 7 8 9 5 2 1 3 4 
6 7 8 7 0 1 3 4 
6 4 5 12 13 8 9 5 2 1 3 4 
6 7 0 2 5 12 11 8 11 10 13 12 5 4 
6 7 8 11 10 13 12 5 4 
6 4 3 10 13 8 7 6 4 
6 4 3 10 13 8 7 0 2 5 4 
6 7 0 2 5 9 8 11 10 3 4 
6 4 5 9 8 13 10 3 4 
6 4 5 9 8 11 10 3 4 
6 4 3 10 11 8 9 5 4 
6 4 5 9 8 7 6 4 
6 4 3 1 0 7 8 7 0 1 3 4 
6 4 3 1 0 7 8 7 6 4 
6 7 0 2 5 9 8 9 5 4 
6 4 3 10 13 8 7 0 1 3 4 
6 7 0 2 5 12 11 8 7 0 2 5 4 
6 4 3 10 11 8 11 10 13 12 5 4 
6 7 0 2 5 12 11 8 9 5 2 1 3 4 
6 4 5 12 13 8 7 0 1 3 4 
6 4 3 1 0 7 8 11 12 5 4 
6 4 3 10 13 8 11 10 3 4 
6 4 3 1 0 7 8 11 10 13 12 5 4 
6 4 3 10 13 8 13 12 5 4 
6 4 3 10 11 8 13 10 3 4 
6 4 5 12 13 8 9 5 4 
6 7 0 2 5 9 8 13 12 5 4 
6 4 3 10 13 8 13 10 3 4 
6 7 8 13 10 3 4 
---------------
Request id 19
9 8 7 0 1 1 3 10 13 8 9 5 2 
9 8 7 0 2 1 1 3 4 6 7 0 2 
9 8 13 10 3 1 1 0 7 8 11 12 5 2 
9 5 4 6 7 0 1 1 2 
9 5 12 11 10 3 1 1 3 4 6 7 0 2 
9 8 7 0 2 1 1 3 10 13 12 5 2 
9 8 7 0 2 1 1 0 7 8 9 5 2 
9 5 4 6 7 0 1 1 0 7 6 4 5 2 
9 5 4 3 1 1 0 7 8 9 5 2 
9 5 2 0 1 1 0 2 
9 5 2 0 1 1 3 4 5 2 
9 5 4 6 7 0 1 1 3 4 5 2 
9 5 4 3 1 1 3 10 13 8 9 5 2 
9 8 7 0 2 1 1 3 10 11 12 5 2 
9 5 4 6 7 0 1 1 0 2 
9 5 2 0 1 1 3 10 13 12 5 2 
9 5 4 3 1 1 0 7 8 11 12 5 2 
9 5 2 0 1 1 3 10 13 8 9 5 2 
9 8 7 0 2 1 1 0 2 
9 8 13 10 3 1 1 3 10 11 12 5 2 
9 8 7 0 1 1 0 7 8 9 5 2 
9 8 11 12 5 2 1 1 2 
9 5 4 3 1 1 0 2 
9 5 12 11 10 3 1 1 3 10 13 12 5 2 
9 8 11 10 3 1 1 0 7 8 9 5 2 
9 8 7 0 2 1 1 0 7 6 4 5 2 
9 8 11 10 3 1 1 3 10 13 8 9 5 2 
9 5 12 11 10 3 1 1 3 4 5 2 
9 5 2 1 1 0 2 
9 5 2 1 1 0 7 6 4 5 2 
9 5 12 11 10 3 1 1 3 10 11 12 5 2 
9 8 7 0 2 1 1 3 10 13 8 9 5 2 
9 5 4 6 7 0 1 1 3 10 13 12 5 2 
9 5 2 1 1 3 10 13 8 9 5 2 
9 8 7 0 1 1 2 
9 8 11 12 5 2 1 1 3 10 13 12 5 2 
9 8 7 0 1 1 3 10 13 12 5 2 
9 5 2 0 1 1 0 7 8 11 12 5 2 
9 8 7 0 1 1 0 7 8 11 12 5 2 
9 8 11 10 3 1 1 0 7 6 4 5 2 
---------------
Request id 8
9 8 7 0 1 0 7 8 11 12 
9 5 2 1 3 10 13 12 
9 8 13 10 3 1 2 5 12 
9 8 11 10 3 1 3 4 5 12 
9 5 2 0 1 3 10 11 12 
9 5 2 0 1 3 10 13 12 
9 8 7 0 1 2 5 12 
9 5 4 6 7 0 1 3 4 5 12 
9 8 11 12 5 2 1 2 5 12 
9 5 4 6 7 0 1 2 5 12 
9 5 4 3 1 0 7 6 4 5 12 
9 8 11 12 5 2 1 0 7 8 13 12 
9 5 4 6 7 0 1 0 7 6 4 5 12 
9 8 11 10 3 1 0 7 6 4 5 12 
9 5 12 11 10 3 1 0 2 5 12 
9 5 2 0 1 2 5 12 
9 8 7 0 2 1 2 5 12 
9 8 11 12 5 2 1 3 4 5 12 
9 8 7 0 2 1 3 10 11 12 
9 8 11 10 3 1 3 10 13 12 
9 8 11 10 3 1 3 10 11 12 
9 8 7 0 1 0 7 6 4 5 12 
9 8 13 10 3 1 3 10 13 12 
9 8 11 12 5 2 1 0 7 6 4 5 12 
9 5 2 0 1 0 7 6 4 5 12 
9 8 7 0 2 1 3 4 5 12 
9 8 13 10 3 1 0 7 8 11 12 
9 8 11 12 5 2 1 3 10 13 12 
9 5 12 11 10 3 1 0 7 6 4 5 12 
9 8 7 0 2 1 0 7 8 13 12 
9 8 13 10 3 1 2 0 7 8 13 12 
9 8 11 12 5 2 1 3 10 11 8 13 12 
9 5 4 6 7 0 1 3 10 13 12 
9 5 12 11 10 3 1 2 0 7 8 13 12 
9 5 2 0 1 2 0 7 8 13 12 
9 8 11 12 5 2 1 0 7 8 11 12 
9 5 12 11 10 3 1 3 10 11 12 
9 5 12 11 10 3 1 3 10 13 12 
9 5 12 11 10 3 1 3 4 5 12 
9 5 2 0 1 0 2 5 12 
---------------
Request id 18
6 4 5 2 0 1 3 10 11 8 9 5 2 1 3 4 
6 7 0 2 1 3 10 13 8 11 10 13 12 5 4 
6 7 8 13 10 3 1 3 4 6 7 8 13 12 5 4 
6 4 5 2 1 2 5 12 11 8 11 10 3 4 
6 7 8 9 5 4 3 1 0 2 5 9 8 7 6 4 
6 7 0 2 5 4 3 1 3 10 13 8 7 0 1 3 4 
6 7 0 2 1 3 10 11 8 11 10 13 12 5 4 
6 7 0 1 2 5 9 8 13 12 5 4 
6 4 5 2 0 1 2 5 12 13 8 13 12 5 4 
6 4 5 2 0 1 2 5 12 11 8 13 10 3 4 
6 4 5 2 0 1 3 4 5 9 8 7 0 1 3 4 
6 4 3 1 3 10 13 8 11 10 13 12 5 4 
6 7 8 9 5 4 3 1 2 5 9 8 7 0 1 3 4 
6 7 0 2 1 0 7 8 11 10 3 4 
6 7 8 11 10 3 1 3 4 6 7 8 7 0 1 3 4 
6 4 3 1 2 0 7 8 11 10 3 4 
6 7 8 9 5 2 1 2 5 12 13 8 11 12 5 4 
6 7 8 11 10 3 1 3 4 5 9 8 9 5 4 
6 7 8 13 10 3 1 2 5 12 13 8 9 5 2 1 3 4 
6 4 3 1 2 0 7 8 9 5 2 1 3 4 
6 4 3 1 2 5 12 13 8 11 12 5 4 
6 4 5 2 0 1 0 7 8 13 12 5 4 
6 7 0 2 1 2 5 9 8 11 10 3 4 
6 7 0 1 3 10 11 8 11 12 5 4 
6 7 8 9 5 2 1 0 2 5 9 8 7 0 1 3 4 
6 7 0 2 1 2 5 9 8 11 12 5 4 
6 7 0 1 3 4 5 9 8 13 10 3 4 
6 4 3 1 3 4 6 7 8 13 10 3 4 
6 7 0 2 5 4 3 1 0 7 8 11 10 13 12 5 4 
6 4 3 1 3 4 6 7 8 9 5 4 
6 7 0 2 1 2 0 7 8 7 0 2 5 4 
6 7 0 2 5 4 3 1 3 10 11 8 13 10 3 4 
6 4 5 2 1 3 4 6 7 8 11 10 3 4 
6 7 0 2 5 4 3 1 2 5 12 13 8 13 10 3 4 
6 7 8 9 5 2 1 3 10 13 8 7 0 2 5 4 
6 4 5 2 1 3 4 5 9 8 7 6 4 
6 4 5 2 1 2 5 9 8 13 12 5 4 
6 4 5 2 0 1 3 10 13 8 9 5 4 
6 7 0 1 3 4 6 7 8 9 5 2 1 3 4 
6 4 3 1 3 4 6 7 8 7 0 2 5 4 
---------------
Request id 12
13 10 3 1 2 0 7 8 11 10 
13 12 5 2 0 1 3 10 13 8 9 5 12 11 10 
13 12 5 2 0 1 3 10 11 8 7 6 4 3 10 
13 12 5 4 3 1 3 4 5 9 8 9 5 12 13 10 
13 8 7 0 2 1 3 10 13 8 13 12 5 4 3 10 
13 12 5 2 1 3 4 5 9 8 9 5 12 11 10 
13 8 9 5 2 1 2 0 7 8 11 12 13 10 
13 8 11 10 3 1 3 10 11 8 9 5 12 13 10 
13 12 5 4 3 1 3 10 13 8 7 6 4 3 10 
13 12 11 10 3 1 3 10 13 8 13 10 
13 12 5 2 1 0 7 8 13 12 5 4 3 10 
13 12 11 8 7 0 1 0 7 8 13 12 5 4 3 10 
13 12 5 4 3 1 3 10 11 8 9 5 12 13 10 
13 8 7 0 1 3 10 11 8 7 0 1 3 10 
13 8 7 0 2 1 2 5 12 13 8 13 10 
13 12 5 2 1 3 4 6 7 8 13 12 5 4 3 10 
13 12 5 4 3 1 3 4 5 9 8 11 12 13 10 
13 12 5 2 0 1 3 4 5 9 8 9 5 12 11 10 
13 12 5 2 0 1 3 4 6 7 8 11 12 13 10 
13 12 11 10 3 1 2 0 7 8 11 10 
13 12 5 4 3 1 0 2 5 9 8 13 10 
13 12 5 2 1 2 5 12 11 8 9 5 4 3 10 
13 12 5 2 1 3 4 6 7 8 13 10 
13 12 5 2 0 1 2 5 9 8 13 12 5 4 3 10 
13 8 7 0 2 1 2 0 7 8 11 12 13 10 
13 12 11 10 3 1 3 4 6 7 8 13 12 5 4 3 10 
13 8 11 10 3 1 3 10 13 8 13 10 
13 10 3 1 2 5 9 8 7 0 1 3 10 
13 10 3 1 0 7 8 9 5 4 3 10 
13 10 3 1 2 5 12 13 8 13 10 
13 8 9 5 2 1 3 10 13 8 11 12 13 10 
13 8 7 0 1 2 5 12 11 8 13 12 5 4 3 10 
13 12 11 8 7 0 1 2 5 12 11 8 13 12 11 10 
13 12 5 2 1 2 0 7 8 9 5 4 3 10 
13 12 11 10 3 1 3 4 6 7 8 13 10 
13 8 9 5 2 1 3 10 11 8 13 12 5 4 3 10 
13 12 11 8 7 0 1 2 5 12 11 8 9 5 4 3 10 
13 12 5 2 1 3 4 5 9 8 13 12 11 10 
13 8 11 10 3 1 2 5 12 11 8 11 10 
13 12 11 8 7 0 1 2 0 7 8 9 5 4 3 10 
---------------
Request id 13
7 0 2 5 12 11 8 8 11 10 3 1 2 5 12 13 10 3 
7 0 2 5 9 8 8 9 5 2 0 1 2 5 9 8 13 10 3 
7 0 2 5 9 8 8 11 10 3 1 3 
7 0 2 5 9 8 8 13 12 5 2 1 2 5 12 11 10 3 
7 6 4 3 10 13 8 8 11 12 5 2 1 0 2 5 4 3 
7 6 4 3 10 11 8 8 7 6 4 3 1 2 5 12 11 10 3 
7 6 4 5 9 8 8 7 0 2 1 3 
7 6 4 5 12 11 8 8 7 0 2 1 3 
7 6 4 5 12 13 8 8 9 5 2 0 1 0 7 8 13 10 3 
7 0 2 5 12 11 8 8 9 5 2 1 0 7 8 11 10 3 
7 6 4 5 12 13 8 8 9 5 2 0 1 0 7 8 11 10 3 
7 0 1 2 5 9 8 8 9 5 2 0 1 2 5 12 11 10 3 
7 0 1 2 5 9 8 8 9 5 2 0 1 2 5 12 13 10 3 
7 6 4 3 10 13 8 8 11 12 5 2 1 2 5 4 3 
7 6 4 5 12 13 8 8 13 12 5 2 1 2 0 7 6 4 3 
7 6 4 3 10 13 8 8 13 10 3 1 0 2 5 4 3 
7 6 4 3 10 13 8 8 9 5 2 0 1 0 7 6 4 3 
7 0 2 5 9 8 8 9 5 2 1 2 5 4 3 
7 0 2 5 12 11 8 8 9 5 2 1 2 5 4 3 
7 0 2 5 12 13 8 8 9 5 2 0 1 0 7 6 4 3 
7 0 2 5 12 11 8 8 7 0 2 1 2 0 7 6 4 3 
7 0 2 5 12 13 8 8 9 5 4 3 1 0 7 8 11 10 3 
7 6 4 5 9 8 8 13 12 5 2 1 2 0 7 6 4 3 
7 0 2 5 9 8 8 7 0 2 1 0 7 8 13 10 3 
7 6 4 5 12 13 8 8 7 6 4 3 1 3 
7 6 4 5 12 11 8 8 7 0 2 1 2 5 12 13 10 3 
7 0 2 5 12 13 8 8 11 10 3 1 2 5 4 3 
7 6 4 3 10 13 8 8 13 12 5 2 1 2 0 7 6 4 3 
7 6 4 3 10 11 8 8 7 0 1 2 0 7 6 4 3 
7 0 2 5 12 11 8 8 9 5 2 0 1 0 2 5 4 3 
7 0 2 5 9 8 8 13 10 3 1 2 5 12 13 10 3 
7 0 2 5 12 11 8 8 7 0 2 1 0 7 8 13 10 3 
7 6 4 3 10 13 8 8 13 12 5 2 1 2 5 9 8 13 10 3 
7 6 4 5 9 8 8 11 10 3 1 2 5 12 11 10 3 
7 6 4 5 12 11 8 8 9 5 2 0 1 0 7 8 11 10 3 
7 6 4 3 10 11 8 8 13 12 5 2 1 2 5 4 3 
7 6 4 5 9 8 8 9 5 4 3 1 2 0 7 6 4 3 
7 6 4 5 12 11 8 8 7 6 4 3 1 3 
7 8 8 9 5 2 0 1 2 5 12 11 10 3 
7 6 4 5 12 13 8 8 13 10 3 1 2 5 12 13 10 3 
---------------
Request id 10
13 8 7 0 1 1 2 5 9 8 7 6 
13 10 3 1 1 0 7 6 
13 12 5 4 3 1 1 3 10 11 12 5 4 6 
13 8 11 10 3 1 1 2 5 9 8 7 6 
13 12 5 2 0 1 1 3 10 11 8 7 6 
13 12 5 4 3 1 1 3 10 11 8 7 6 
13 12 5 2 1 1 3 10 13 8 7 6 
13 12 5 2 0 1 1 3 10 13 8 7 6 
13 12 5 2 1 1 3 10 11 12 5 4 6 
13 12 11 10 3 1 1 0 7 6 
13 8 7 0 1 1 3 10 13 8 7 6 
13 12 5 2 0 1 1 0 2 5 4 6 
13 12 11 10 3 1 1 3 4 5 2 0 7 6 
13 8 9 5 2 1 1 0 2 5 4 6 
13 10 11 12 5 2 1 1 3 10 11 12 5 4 6 
13 12 11 10 3 1 1 2 5 9 8 7 6 
13 10 3 1 1 2 5 9 8 7 6 
13 8 7 0 2 1 1 3 4 5 2 0 7 6 
13 10 11 12 5 2 1 1 0 2 5 4 6 
13 8 11 10 3 1 1 3 4 5 2 0 7 6 
13 10 11 12 5 2 1 1 3 4 6 
13 8 7 0 2 1 1 3 10 11 12 5 4 6 
13 12 5 2 1 1 3 4 5 2 0 7 6 
13 10 3 1 1 2 5 4 6 
13 12 5 4 3 1 1 2 5 4 6 
13 12 11 10 3 1 1 2 5 4 6 
13 8 9 5 2 1 1 3 4 5 2 0 7 6 
13 12 11 10 3 1 1 3 4 6 
13 8 7 0 1 1 3 4 6 
13 10 11 12 5 2 1 1 2 5 9 8 7 6 
13 12 5 4 3 1 1 0 7 6 
13 12 5 4 3 1 1 3 4 5 2 0 7 6 
13 8 11 10 3 1 1 3 10 13 8 7 6 
13 8 11 10 3 1 1 0 2 5 4 6 
13 8 7 0 2 1 1 2 0 7 6 
13 12 5 2 0 1 1 3 4 5 2 0 7 6 
13 12 5 2 0 1 1 2 5 9 8 7 6 
13 8 7 0 2 1 1 2 5 9 8 7 6 
13 8 7 0 1 1 3 10 11 12 5 4 6 
13 12 5 2 0 1 1 2 5 4 6 
---------------
Request id 11
7 6 4 5 2 1 0 7 8 9 
7 8 11 10 3 1 0 7 8 9 
7 0 1 3 4 5 9 
7 6 4 5 2 1 3 4 5 9 
7 0 2 1 2 5 12 13 8 9 
7 8 13 10 3 1 2 0 7 8 9 
7 0 2 1 3 10 11 8 9 
7 8 9 5 2 1 2 5 12 13 8 9 
7 0 1 2 5 12 13 8 9 
7 6 4 5 2 0 1 2 5 9 
7 8 9 5 4 3 1 2 0 7 8 9 
7 6 4 3 1 3 4 6 7 8 9 
7 8 9 5 4 3 1 2 5 12 13 8 9 
7 0 1 0 2 5 9 
7 8 9 5 2 1 2 5 9 
7 6 4 5 2 1 0 2 5 9 
7 0 2 5 4 3 1 3 10 11 8 9 
7 6 4 3 1 3 10 13 8 9 
7 6 4 3 1 0 7 8 9 
7 6 4 3 1 3 10 11 8 9 
7 0 2 1 3 4 6 7 8 9 
7 6 4 5 2 0 1 3 10 11 12 5 9 
7 0 2 1 3 10 11 12 5 9 
7 6 4 5 2 0 1 0 7 8 9 
7 0 2 1 2 0 7 8 9 
7 6 4 5 2 0 1 3 10 11 8 9 
7 8 13 10 3 1 3 10 11 8 9 
7 6 4 3 1 2 0 7 8 9 
7 8 11 10 3 1 2 5 12 13 8 9 
7 6 4 5 2 0 1 3 10 13 8 9 
7 8 11 10 3 1 3 4 5 9 
7 6 4 5 2 1 3 10 13 8 9 
7 0 2 5 4 3 1 2 5 12 13 8 9 
7 8 9 5 2 1 3 10 13 8 9 
7 8 13 10 3 1 3 4 5 9 
7 0 2 5 4 3 1 0 2 5 9 
7 6 4 5 2 1 3 10 11 8 9 
7 8 9 5 4 3 1 3 4 6 7 8 9 
7 6 4 5 2 0 1 2 0 7 8 9 
7 6 4 5 2 0 1 3 4 6 7 8 9 
---------------
Request id 14
11 10 3 4 6 7 8 9 
11 12 5 9 8 13 12 5 9 
11 10 13 12 5 9 8 11 10 3 4 5 9 
11 10 3 4 5 9 8 13 10 3 4 5 9 
11 10 13 8 11 12 5 9 
11 12 5 4 6 7 8 13 12 5 9 
11 10 3 1 0 7 8 9 
11 10 3 4 5 9 8 11 10 13 12 5 9 
11 10 3 4 6 7 8 7 0 2 5 9 
11 12 5 9 8 9 
11 8 11 12 5 9 
11 8 9 
11 12 5 4 6 7 8 13 10 3 4 5 9 
11 10 3 1 0 7 8 7 0 2 5 9 
11 12 5 2 0 7 8 11 12 5 9 
11 10 13 12 5 9 8 7 6 4 5 9 
11 10 13 12 5 9 8 7 0 2 5 9 
11 12 5 2 0 7 8 11 10 3 4 5 9 
11 12 5 9 8 11 10 3 4 5 9 
11 12 5 9 8 7 6 4 5 9 
11 8 7 0 1 2 5 9 
11 12 5 4 6 7 8 7 6 4 5 9 
11 10 3 4 5 9 8 7 0 2 5 9 
11 10 13 8 7 0 2 5 9 
11 12 13 8 7 0 2 5 9 
11 10 3 4 5 9 8 7 6 4 5 9 
11 10 13 12 5 9 8 13 12 5 9 
11 12 5 2 0 7 8 7 0 1 2 5 9 
11 8 13 10 11 12 5 9 
11 10 3 1 0 7 8 11 10 13 12 5 9 
11 10 3 4 5 9 8 13 10 11 12 5 9 
11 10 3 1 0 7 8 13 10 3 4 5 9 
11 10 13 12 5 9 8 7 0 1 2 5 9 
11 10 13 8 13 12 5 9 
11 12 5 9 8 11 12 5 9 
11 12 5 9 8 13 10 11 12 5 9 
11 12 13 8 11 10 13 12 5 9 
11 12 5 9 8 13 10 3 4 5 9 
11 12 13 8 11 12 5 9 
11 12 13 8 13 12 5 9 
---------------
Request id 5
13 12 11 10 3 1 1 3 4 
13 12 5 4 3 1 1 0 2 5 4 
13 8 7 0 1 1 3 10 13 12 5 4 
13 12 11 10 3 1 1 3 10 13 8 7 6 4 
13 12 11 10 3 1 1 0 7 8 9 5 4 
13 12 11 10 3 1 1 2 0 7 6 4 
13 8 11 10 3 1 1 0 7 6 4 
13 8 7 0 1 1 3 10 13 8 7 6 4 
13 8 7 0 2 1 1 2 5 4 
13 8 9 5 2 1 1 0 7 6 4 
13 8 9 5 2 1 1 3 4 
13 8 9 5 2 1 1 0 2 5 4 
13 8 7 0 1 1 3 4 
13 8 9 5 2 1 1 3 10 11 12 5 4 
13 12 5 4 3 1 1 3 4 
13 12 5 2 1 1 3 10 13 12 5 4 
13 12 11 10 3 1 1 2 5 4 
13 8 9 5 2 1 1 0 7 8 9 5 4 
13 8 9 5 2 1 1 2 5 4 
13 10 11 12 5 2 1 1 0 7 8 11 12 5 4 
13 8 11 10 3 1 1 0 7 8 11 12 5 4 
13 10 3 1 1 0 2 5 4 
13 12 11 10 3 1 1 0 7 8 11 12 5 4 
13 8 11 10 3 1 1 3 10 11 12 5 4 
13 8 11 10 3 1 1 2 5 4 
13 8 7 0 2 1 1 3 10 13 8 7 6 4 
13 8 9 5 2 1 1 0 7 8 11 12 5 4 
13 10 11 12 5 2 1 1 2 5 4 
13 12 5 4 3 1 1 2 5 4 
13 12 5 2 1 1 3 10 11 12 5 4 
13 12 5 2 1 1 0 7 8 11 12 5 4 
13 8 11 10 3 1 1 0 2 5 4 
13 8 7 0 2 1 1 3 10 11 12 5 4 
13 8 7 0 1 1 0 7 8 11 12 5 4 
13 8 9 5 2 1 1 3 10 13 12 5 4 
13 8 9 5 2 1 1 3 10 13 8 7 6 4 
13 8 7 0 2 1 1 0 7 6 4 
13 12 5 4 3 1 1 0 7 8 11 12 5 4 
13 12 5 2 0 1 1 2 5 4 
13 12 5 4 3 1 1 3 10 11 12 5 4 
---------------
Request id 16
13 8 7 0 1 1 2 5 12 11 8 9 
13 8 9 5 2 1 1 3 4 6 7 8 9 
13 8 7 0 2 1 1 3 4 6 7 8 9 
13 12 5 2 1 1 3 4 5 9 
13 8 7 0 1 1 3 10 11 8 9 
13 12 5 4 3 1 1 2 5 9 
13 12 11 8 7 0 1 1 3 4 6 7 8 9 
13 12 11 10 3 1 1 3 4 6 7 8 9 
13 10 3 1 1 0 2 5 9 
13 12 5 2 1 1 0 2 5 9 
13 8 9 5 2 1 1 3 10 13 8 9 
13 8 11 10 3 1 1 3 10 11 8 9 
13 12 11 10 3 1 1 0 2 5 9 
13 12 11 8 7 0 1 1 2 0 7 8 9 
13 10 3 1 1 3 10 13 8 9 
13 8 9 5 2 1 1 3 4 5 9 
13 8 7 0 1 1 3 4 6 7 8 9 
13 8 7 0 2 1 1 0 2 5 9 
13 12 5 4 3 1 1 0 2 5 9 
13 8 7 0 1 1 3 4 5 9 
13 12 5 4 3 1 1 3 10 13 8 9 
13 8 11 10 3 1 1 0 7 8 9 
13 12 11 8 7 0 1 1 2 5 9 
13 12 5 2 1 1 2 5 9 
13 8 9 5 2 1 1 3 10 13 12 5 9 
13 10 3 1 1 2 5 12 11 8 9 
13 8 11 10 3 1 1 3 10 13 12 5 9 
13 8 7 0 2 1 1 3 10 13 8 9 
13 12 11 8 7 0 1 1 0 7 8 9 
13 12 5 2 1 1 0 7 8 9 
13 12 5 2 0 1 1 3 4 5 9 
13 8 11 10 3 1 1 3 4 5 9 
13 8 9 5 2 1 1 2 5 9 
13 8 11 10 3 1 1 3 4 6 7 8 9 
13 8 7 0 2 1 1 3 4 5 9 
13 12 5 4 3 1 1 3 10 13 12 5 9 
13 8 11 10 3 1 1 2 5 12 11 8 9 
13 12 5 2 1 1 2 5 12 11 8 9 
13 12 5 2 0 1 1 0 2 5 9 
13 10 3 1 1 3 10 13 12 5 9 
---------------
Request id 4
13 8 9 5 2 1 3 4 5 12 11 
13 8 7 0 2 1 3 10 13 12 11 
13 8 7 0 2 1 3 10 11 
13 8 9 5 2 0 1 3 4 5 12 11 
13 12 5 4 3 1 3 10 13 12 11 
13 12 5 2 1 2 5 12 11 
13 8 7 0 1 3 10 13 8 11 
13 8 9 5 2 1 2 5 12 11 
13 12 5 2 0 1 0 2 5 12 11 
13 12 5 2 0 1 0 7 8 13 12 11 
13 8 9 5 2 1 2 5 9 8 11 
13 8 11 10 3 1 2 5 12 11 
13 8 9 5 2 0 1 2 5 12 11 
13 8 7 0 1 2 5 9 8 11 
13 12 11 10 3 1 0 7 8 13 12 11 
13 8 11 10 3 1 0 7 8 11 
13 10 3 1 2 0 7 8 11 
13 8 11 10 3 1 2 5 9 8 11 
13 10 3 1 0 7 8 11 
13 12 5 2 1 2 5 9 8 11 
13 12 5 4 3 1 3 4 5 12 11 
13 12 11 10 3 1 3 10 13 12 11 
13 8 11 10 3 1 3 4 5 12 11 
13 8 7 0 2 1 0 7 8 11 
13 8 11 10 3 1 3 10 13 8 11 
13 10 3 1 3 10 13 8 11 
13 8 9 5 2 0 1 0 2 5 12 11 
13 12 11 10 3 1 2 5 12 11 
13 12 5 2 0 1 2 5 12 11 
13 12 5 2 0 1 3 4 5 12 11 
13 8 9 5 2 1 3 10 11 
13 10 3 1 2 5 9 8 11 
13 12 5 2 0 1 2 5 9 8 11 
13 8 9 5 2 1 0 2 5 12 11 
13 12 5 2 0 1 3 10 13 12 11 
13 12 5 4 3 1 0 7 8 13 12 11 
13 12 5 2 0 1 0 7 8 11 
13 8 9 5 2 0 1 0 7 8 11 
13 8 11 10 3 1 0 7 8 13 12 11 
13 8 9 5 2 1 0 7 8 11 
---------------
Request id 6
3 4 6 7 8 13 12 11 
3 4 5 12 11 8 13 12 11 
3 4 5 12 13 8 9 5 12 13 10 11 
3 10 11 8 9 5 4 3 10 11 
3 4 6 7 8 7 0 2 5 12 11 
3 1 0 7 8 9 5 12 13 10 11 
3 4 5 12 11 8 7 6 4 3 10 11 
3 4 6 7 8 9 5 12 11 
3 4 6 7 8 9 5 12 13 10 11 
3 10 13 12 11 8 7 6 4 5 12 11 
3 10 13 8 13 10 11 
3 1 0 7 8 7 6 4 5 12 11 
3 4 5 9 8 7 0 2 5 12 11 
3 1 0 7 8 11 
3 10 13 12 11 8 7 6 4 3 10 11 
3 1 0 7 8 7 0 2 5 12 11 
3 4 5 12 11 8 7 0 2 5 12 11 
3 1 2 5 9 8 9 5 4 3 10 11 
3 10 11 8 13 10 11 
3 4 5 12 11 8 9 5 12 11 
3 4 5 9 8 13 12 11 
3 10 11 8 11 
3 10 11 8 9 5 12 13 10 11 
3 1 2 0 7 8 7 0 2 5 12 11 
3 10 13 12 11 8 9 5 4 3 10 11 
3 1 2 0 7 8 11 
3 10 11 8 7 0 2 5 12 11 
3 1 2 5 9 8 7 0 2 5 12 11 
3 1 2 5 9 8 7 0 1 3 10 11 
3 4 5 12 13 8 13 10 11 
3 10 13 8 7 6 4 5 12 11 
3 10 11 8 7 6 4 5 12 11 
3 4 5 12 11 8 9 5 4 3 10 11 
3 4 5 12 13 8 7 0 2 5 12 11 
3 4 6 7 8 13 10 11 
3 10 11 8 7 6 4 3 10 11 
3 10 11 8 13 12 11 
3 10 13 8 7 6 4 3 10 11 
3 1 0 7 8 13 12 11 
3 1 2 0 7 8 9 5 12 11 
---------------
Request id 2
10 11 12 5 2 1 1 3 10 13 12 5 9 
10 3 1 1 2 5 12 11 8 9 
10 3 1 1 0 2 5 9 
10 3 1 1 3 10 13 12 5 9 
10 3 1 1 2 0 7 8 9 
10 11 12 5 4 3 1 1 3 10 11 8 9 
10 11 8 7 0 2 1 1 3 10 13 12 5 9 
10 3 1 1 0 7 8 9 
10 11 12 5 2 0 1 1 3 10 13 12 5 9 
10 11 12 5 4 3 1 1 3 10 13 8 9 
10 3 4 5 2 1 1 3 10 13 12 5 9 
10 13 8 7 0 2 1 1 2 5 12 11 8 9 
10 3 1 1 3 4 5 9 
10 11 12 5 2 1 1 2 0 7 8 9 
10 13 8 7 0 2 1 1 0 7 6 4 5 9 
10 11 12 5 2 0 1 1 0 7 6 4 5 9 
10 3 4 5 2 1 1 3 10 11 8 9 
10 11 8 7 0 2 1 1 2 0 7 8 9 
10 11 12 5 2 0 1 1 0 7 8 9 
10 13 8 7 0 2 1 1 2 5 9 
10 13 12 5 2 1 1 2 0 7 8 9 
10 11 8 7 0 1 1 0 2 5 9 
10 3 4 5 2 1 1 2 0 7 8 9 
10 11 12 5 2 0 1 1 0 2 5 9 
10 13 12 5 2 1 1 3 10 11 8 9 
10 11 12 5 4 3 1 1 2 5 9 
10 11 8 7 0 2 1 1 3 4 5 9 
10 11 8 7 0 1 1 0 7 6 4 5 9 
10 3 4 5 2 1 1 2 5 9 
10 11 8 7 0 1 1 2 5 12 11 8 9 
10 11 12 5 4 3 1 1 0 7 6 4 5 9 
10 13 8 7 0 2 1 1 3 10 11 8 9 
10 11 12 5 2 1 1 0 2 5 9 
10 11 8 7 0 1 1 0 7 8 9 
10 3 4 5 2 1 1 0 2 5 9 
10 11 12 5 4 3 1 1 3 10 13 12 5 9 
10 13 8 7 0 2 1 1 3 10 13 8 9 
10 11 8 7 0 2 1 1 2 5 9 
10 13 8 7 0 1 1 2 5 9 
10 13 8 7 0 2 1 1 2 0 7 8 9 
---------------
Request id 7
9 5 2 0 7 8 11 10 3 1 3 4 6 7 8 9 5 4 3 10 11 
9 5 4 3 10 13 8 13 10 3 1 2 5 12 11 8 9 5 4 3 10 11 
9 5 12 11 8 11 10 3 1 3 10 11 8 9 5 12 13 10 11 
9 5 4 6 7 8 9 5 2 0 1 0 2 5 9 8 7 6 4 3 10 11 
9 8 7 6 4 3 1 0 2 5 9 8 11 
9 8 9 5 2 1 2 5 9 8 13 10 11 
9 8 9 5 2 1 3 4 6 7 8 13 12 11 
9 5 12 13 8 9 5 4 3 1 0 7 8 9 5 4 3 10 11 
9 5 4 6 7 8 7 0 1 2 5 9 8 13 12 11 
9 5 12 13 10 11 8 13 12 5 2 1 2 5 12 13 8 13 10 11 
9 5 4 3 10 13 8 9 5 2 1 2 5 12 13 8 13 10 11 
9 5 12 11 8 9 5 2 1 3 10 11 8 9 5 12 13 10 11 
9 5 4 6 7 8 9 5 4 3 1 3 10 13 8 9 5 12 13 10 11 
9 5 12 11 8 13 12 5 2 1 3 4 6 7 8 9 5 12 13 10 11 
9 5 4 3 10 11 8 13 10 3 1 0 7 8 11 
9 5 4 6 7 8 9 5 2 0 1 3 10 13 8 7 6 4 5 12 11 
9 5 12 13 8 9 5 4 3 1 2 5 12 13 8 7 6 4 5 12 11 
9 5 12 13 8 9 5 2 0 1 3 10 13 8 9 5 12 13 10 11 
9 5 12 11 10 13 8 11 10 3 1 3 10 11 8 9 5 4 3 10 11 
9 5 4 3 10 13 8 9 5 2 0 1 2 5 12 13 8 11 
9 5 12 13 8 13 10 3 1 0 2 5 9 8 9 5 4 3 10 11 
9 5 4 3 10 13 8 9 5 2 0 1 0 2 5 9 8 7 6 4 5 12 11 
9 5 2 1 0 7 8 7 6 4 3 1 0 2 5 9 8 7 0 2 5 12 11 
9 5 2 1 0 7 8 9 5 2 0 1 0 7 8 13 10 11 
9 5 12 13 10 11 8 11 10 3 1 2 5 12 13 8 7 6 4 3 10 11 
9 5 4 6 7 8 13 10 3 1 0 7 8 9 5 4 3 10 11 
9 5 12 13 10 11 8 9 5 4 3 1 0 2 5 9 8 9 5 12 13 10 11 
9 5 4 6 7 8 7 0 2 1 3 10 13 8 7 6 4 3 10 11 
9 5 12 11 10 13 8 9 5 2 0 1 3 10 13 8 7 0 1 3 10 11 
9 5 12 13 8 7 6 4 3 1 2 5 12 13 8 13 12 11 
9 5 4 3 10 13 8 9 5 2 0 1 2 5 9 8 9 5 4 3 10 11 
9 5 4 6 7 8 9 5 4 3 1 0 2 5 9 8 7 6 4 3 10 11 
9 5 12 11 8 7 0 2 1 0 2 5 9 8 7 6 4 5 12 11 
9 8 9 5 2 0 1 3 10 13 8 13 10 11 
9 5 12 11 8 13 10 3 1 2 5 12 13 8 9 5 4 3 10 11 
9 5 2 1 0 7 8 13 10 3 1 3 10 11 8 7 0 2 5 12 11 
9 5 12 11 10 13 8 13 10 3 1 2 5 9 8 7 0 2 5 12 11 
9 5 12 11 10 13 8 13 12 5 2 1 0 7 8 9 5 12 13 10 11 
9 5 12 13 10 11 8 13 10 3 1 2 5 12 13 8 7 6 4 3 10 11 
9 5 12 11 8 7 6 4 3 1 3 10 11 8 13 12 11 
---------------
Request id 3
12 11 8 11 12 5 2 1 1 2 5 4 3 
12 5 4 6 7 8 13 12 5 2 1 1 2 0 7 6 4 3 
12 5 9 8 11 10 3 1 1 3 
12 13 8 7 0 2 1 1 2 5 4 3 
12 5 2 1 0 7 8 9 5 2 1 1 2 0 7 6 4 3 
12 11 10 13 8 9 5 2 1 1 2 5 12 13 10 3 
12 5 9 8 13 10 3 1 1 0 2 5 4 3 
12 5 2 1 0 7 8 9 5 2 1 1 0 7 8 13 10 3 
12 11 8 11 10 3 1 1 3 
12 13 8 7 6 4 3 1 1 3 
12 5 2 1 0 7 8 7 0 1 1 0 7 8 11 10 3 
12 13 10 11 8 13 12 5 2 1 1 2 5 12 11 10 3 
12 5 4 3 10 11 8 13 12 5 2 1 1 2 5 9 8 13 10 3 
12 5 9 8 7 0 1 1 3 
12 13 10 11 8 9 5 4 3 1 1 2 5 12 11 10 3 
12 5 4 6 7 8 7 6 4 3 1 1 2 5 12 13 10 3 
12 11 10 13 8 7 6 4 3 1 1 2 5 12 11 10 3 
12 11 8 13 10 3 1 1 0 2 5 4 3 
12 13 8 11 10 3 1 1 0 2 5 4 3 
12 5 4 6 7 8 11 12 5 2 1 1 0 2 5 4 3 
12 13 10 11 8 7 0 1 1 2 0 7 6 4 3 
12 11 8 7 6 4 3 1 1 2 5 12 13 10 3 
12 11 8 7 0 2 1 1 0 7 8 11 10 3 
12 11 8 9 5 2 1 1 0 7 6 4 3 
12 13 8 7 0 1 1 0 7 8 13 10 3 
12 5 2 1 0 7 8 11 12 5 2 1 1 0 7 8 11 10 3 
12 5 4 6 7 8 9 5 4 3 1 1 3 
12 11 8 7 6 4 3 1 1 0 7 6 4 3 
12 5 4 6 7 8 7 6 4 3 1 1 2 0 7 6 4 3 
12 11 10 13 8 7 0 1 1 2 5 9 8 13 10 3 
12 13 8 9 5 4 3 1 1 2 5 12 13 10 3 
12 5 4 3 10 13 8 13 10 3 1 1 2 5 12 13 10 3 
12 5 2 1 0 7 8 11 12 5 2 1 1 2 0 7 6 4 3 
12 5 4 6 7 8 11 10 3 1 1 2 0 7 6 4 3 
12 5 4 6 7 8 7 6 4 3 1 1 0 7 8 13 10 3 
12 5 4 3 10 13 8 9 5 2 1 1 2 5 9 8 13 10 3 
12 5 2 1 0 7 8 9 5 4 3 1 1 2 5 12 11 10 3 
12 11 10 13 8 13 12 5 2 1 1 0 7 6 4 3 
12 11 10 13 8 9 5 2 1 1 0 7 8 13 10 3 
12 5 2 1 0 7 8 13 12 5 2 1 1 0 2 5 4 3 
---------------
