Request id 3
4 7 8 6 11 16 24 27 31 34 38 39 33 30 24 16 11 13 3 
4 7 8 6 11 16 24 27 31 34 38 39 33 30 24 16 18 13 3 
4 7 8 6 11 16 24 27 31 34 38 39 33 30 24 16 11 6 3 
4 7 8 6 11 16 24 27 31 34 38 39 33 30 24 16 18 13 0 5 3 
4 7 8 6 11 16 24 27 31 34 38 39 33 30 24 16 11 13 0 5 3 
4 7 8 6 11 16 24 27 31 34 38 39 33 30 24 20 17 16 11 6 3 
4 7 8 6 11 16 24 27 31 34 38 39 33 39 40 32 28 25 18 13 3 
4 7 8 6 11 16 24 27 31 34 38 39 33 30 24 16 18 13 11 6 3 
4 7 8 6 11 16 24 27 31 34 38 39 33 30 24 20 17 16 18 13 3 
4 7 8 6 11 16 24 27 31 34 38 39 33 30 24 20 17 16 11 13 3 
4 7 8 6 11 16 24 27 31 27 24 30 33 30 24 16 11 13 3 
4 7 8 6 11 16 24 27 31 27 24 30 33 30 24 16 18 13 3 
4 7 8 6 11 16 24 27 31 27 24 30 33 30 24 16 11 6 3 
4 7 8 6 11 16 24 27 31 27 24 30 33 30 24 16 18 13 0 5 3 
4 7 8 6 11 16 24 27 31 27 24 30 33 30 24 16 11 13 0 5 3 
4 7 8 6 11 16 24 27 31 27 24 30 33 30 24 20 17 16 11 6 3 
4 7 8 6 11 16 24 27 31 27 24 30 33 39 40 32 28 25 18 13 3 
4 7 8 6 11 16 24 27 31 27 24 30 33 30 24 16 18 13 11 6 3 
4 7 8 6 11 16 24 27 31 27 24 30 33 30 24 20 17 16 18 13 3 
4 7 8 6 11 16 24 27 31 27 24 30 33 30 24 20 17 16 11 13 3 
4 7 8 6 11 16 24 27 31 34 38 42 51 56 40 39 33 30 24 16 11 13 3 
4 7 8 6 11 16 24 27 31 34 38 42 51 56 40 39 33 30 24 16 18 13 3 
4 7 8 6 11 16 24 27 31 34 38 42 51 56 40 39 33 30 24 16 11 6 3 
4 7 8 6 11 16 24 27 31 34 38 42 51 56 40 39 33 30 24 16 18 13 0 5 3 
4 7 8 6 11 16 24 27 31 34 38 42 51 56 40 39 33 30 24 16 11 13 0 5 3 
4 7 8 6 11 16 24 27 31 34 38 42 51 56 40 39 33 30 24 20 17 16 11 6 3 
4 7 8 6 11 16 24 27 31 34 38 42 51 56 40 39 33 39 40 32 28 25 18 13 3 
4 7 8 6 11 16 24 27 31 34 38 42 51 56 40 39 33 30 24 16 18 13 11 6 3 
4 7 8 6 11 16 24 27 31 34 38 42 51 56 40 39 33 30 24 20 17 16 18 13 3 
4 7 8 6 11 16 24 27 31 34 38 42 51 56 40 39 33 30 24 20 17 16 11 13 3 
4 7 8 6 11 16 24 27 31 27 22 21 17 20 24 30 33 30 24 16 11 13 3 
4 7 8 6 11 16 24 27 31 27 22 21 17 20 24 30 33 30 24 16 18 13 3 
4 7 8 6 11 16 24 27 31 27 22 21 17 20 24 30 33 30 24 16 11 6 3 
4 7 8 6 11 16 24 27 31 27 22 21 17 20 24 30 33 30 24 16 18 13 0 5 3 
4 7 8 6 11 16 24 27 31 27 22 21 17 20 24 30 33 30 24 16 11 13 0 5 3 
4 7 8 6 11 16 24 27 31 27 22 21 17 20 24 30 33 30 24 20 17 16 11 6 3 
4 7 8 6 11 16 24 27 31 27 22 21 17 20 24 30 33 39 40 32 28 25 18 13 3 
4 7 8 6 11 16 24 27 31 27 22 21 17 20 24 30 33 30 24 16 18 13 11 6 3 
4 7 8 6 11 16 24 27 31 27 22 21 17 20 24 30 33 30 24 20 17 16 18 13 3 
4 7 8 6 11 16 24 27 31 27 22 21 17 20 24 30 33 30 24 20 17 16 11 13 3 
---------------
Request id 4
10 12 11 16 24 27 31 34 43 47 52 53 52 47 43 34 31 27 24 16 11 12 
10 12 11 16 24 27 31 34 43 47 52 53 50 49 42 38 39 33 30 24 16 11 12 
10 12 11 16 24 27 31 34 43 47 52 53 52 47 43 34 31 27 24 20 17 14 12 
10 12 11 16 24 27 31 34 43 47 52 53 52 47 43 34 31 27 24 16 17 14 12 
10 12 11 16 24 27 31 34 43 47 52 53 50 49 42 38 34 31 27 24 16 11 12 
10 12 11 16 24 27 31 34 43 47 52 53 52 47 43 34 31 27 22 21 17 14 12 
10 12 11 16 24 27 31 34 43 47 52 53 52 47 43 34 31 27 22 21 17 16 11 12 
10 12 11 16 24 27 31 34 43 47 52 53 52 47 43 34 38 39 33 30 24 16 11 12 
10 12 11 16 24 27 31 34 43 47 52 53 52 47 43 34 31 27 24 16 18 13 11 12 
10 12 11 16 24 27 31 34 43 47 52 53 50 49 42 38 39 33 30 24 20 17 14 12 
10 12 11 16 24 27 31 34 43 47 43 34 38 42 49 50 53 52 47 43 34 31 27 24 16 11 12 
10 12 11 16 24 27 31 34 43 47 43 34 38 42 49 50 53 50 49 42 38 39 33 30 24 16 11 12 
10 12 11 16 24 27 31 34 43 47 43 34 38 42 49 50 53 52 47 43 34 31 27 24 20 17 14 12 
10 12 11 16 24 27 31 34 43 47 43 34 38 42 49 50 53 52 47 43 34 31 27 24 16 17 14 12 
10 12 11 16 24 27 31 34 43 47 43 34 38 42 49 50 53 50 49 42 38 34 31 27 24 16 11 12 
10 12 11 16 24 27 31 34 43 47 43 34 38 42 49 50 53 52 47 43 34 31 27 22 21 17 14 12 
10 12 11 16 24 27 31 34 43 47 43 34 38 42 49 50 53 52 47 43 34 31 27 22 21 17 16 11 12 
10 12 11 16 24 27 31 34 43 47 43 34 38 42 49 50 53 52 47 43 34 38 39 33 30 24 16 11 12 
10 12 11 16 24 27 31 34 43 47 43 34 38 42 49 50 53 52 47 43 34 31 27 24 16 18 13 11 12 
10 12 11 16 24 27 31 34 43 47 43 34 38 42 49 50 53 50 49 42 38 39 33 30 24 20 17 14 12 
10 12 11 16 24 27 31 34 43 47 43 34 38 39 40 56 51 42 49 50 53 52 47 43 34 31 27 24 16 11 12 
10 12 11 16 24 27 31 34 43 47 43 34 38 39 40 56 51 42 49 50 53 50 49 42 38 39 33 30 24 16 11 12 
10 12 11 16 24 27 31 34 43 47 43 34 38 39 40 56 51 42 49 50 53 52 47 43 34 31 27 24 20 17 14 12 
10 12 11 16 24 27 31 34 43 47 43 34 38 39 40 56 51 42 49 50 53 52 47 43 34 31 27 24 16 17 14 12 
10 12 11 16 24 27 31 34 43 47 43 34 38 39 40 56 51 42 49 50 53 50 49 42 38 34 31 27 24 16 11 12 
10 12 11 16 24 27 31 34 43 47 43 34 38 39 40 56 51 42 49 50 53 52 47 43 34 31 27 22 21 17 14 12 
10 12 11 16 24 27 31 34 43 47 43 34 38 39 40 56 51 42 49 50 53 52 47 43 34 31 27 22 21 17 16 11 12 
10 12 11 16 24 27 31 34 43 47 43 34 38 39 40 56 51 42 49 50 53 52 47 43 34 38 39 33 30 24 16 11 12 
10 12 11 16 24 27 31 34 43 47 43 34 38 39 40 56 51 42 49 50 53 52 47 43 34 31 27 24 16 18 13 11 12 
10 12 11 16 24 27 31 34 43 47 43 34 38 39 40 56 51 42 49 50 53 50 49 42 38 39 33 30 24 20 17 14 12 
10 12 11 16 24 27 31 34 43 47 43 34 38 42 51 56 58 55 49 50 53 52 47 43 34 31 27 24 16 11 12 
10 12 11 16 24 27 31 34 43 47 43 34 38 42 51 56 58 55 49 50 53 50 49 42 38 39 33 30 24 16 11 12 
10 12 11 16 24 27 31 34 43 47 43 34 38 42 51 56 58 55 49 50 53 52 47 43 34 31 27 24 20 17 14 12 
10 12 11 16 24 27 31 34 43 47 43 34 38 42 51 56 58 55 49 50 53 52 47 43 34 31 27 24 16 17 14 12 
10 12 11 16 24 27 31 34 43 47 43 34 38 42 51 56 58 55 49 50 53 50 49 42 38 34 31 27 24 16 11 12 
10 12 11 16 24 27 31 34 43 47 43 34 38 42 51 56 58 55 49 50 53 52 47 43 34 31 27 22 21 17 14 12 
10 12 11 16 24 27 31 34 43 47 43 34 38 42 51 56 58 55 49 50 53 52 47 43 34 31 27 22 21 17 16 11 12 
10 12 11 16 24 27 31 34 43 47 43 34 38 42 51 56 58 55 49 50 53 52 47 43 34 38 39 33 30 24 16 11 12 
10 12 11 16 24 27 31 34 43 47 43 34 38 42 51 56 58 55 49 50 53 52 47 43 34 31 27 24 16 18 13 11 12 
10 12 11 16 24 27 31 34 43 47 43 34 38 42 51 56 58 55 49 50 53 50 49 42 38 39 33 30 24 20 17 14 12 
---------------
Request id 1
15 18 25 28 32 40 56 58 63 58 56 59 61 41 46 48 
15 18 25 28 32 40 56 58 63 58 56 59 56 40 41 46 48 
15 18 25 28 32 40 56 58 63 58 56 59 61 62 54 46 48 
15 18 25 28 32 40 56 58 63 58 56 59 56 58 63 66 62 54 46 48 
15 18 25 28 32 40 56 58 63 58 56 59 56 40 32 35 37 45 44 48 
15 18 25 28 32 40 56 58 63 58 56 59 61 62 54 65 64 60 57 48 
15 18 25 28 32 40 56 58 63 58 56 59 56 40 41 61 62 54 46 48 
15 18 25 28 32 40 56 58 63 58 56 59 61 41 46 54 65 64 60 57 48 
15 18 25 28 32 40 56 58 63 58 56 59 56 51 42 38 39 40 41 46 48 
15 18 25 28 32 40 56 58 63 58 56 59 61 62 66 67 68 65 54 46 48 
15 18 25 28 32 40 56 58 63 66 62 61 59 61 41 46 48 
15 18 25 28 32 40 56 58 63 66 62 61 59 56 40 41 46 48 
15 18 25 28 32 40 56 58 63 66 62 61 59 61 62 54 46 48 
15 18 25 28 32 40 56 58 63 66 62 61 59 56 58 63 66 62 54 46 48 
15 18 25 28 32 40 56 58 63 66 62 61 59 56 40 32 35 37 45 44 48 
15 18 25 28 32 40 56 58 63 66 62 61 59 61 62 54 65 64 60 57 48 
15 18 25 28 32 40 56 58 63 66 62 61 59 56 40 41 61 62 54 46 48 
15 18 25 28 32 40 56 58 63 66 62 61 59 61 41 46 54 65 64 60 57 48 
15 18 25 28 32 40 56 58 63 66 62 61 59 56 51 42 38 39 40 41 46 48 
15 18 25 28 32 40 56 58 63 66 62 61 59 61 62 66 67 68 65 54 46 48 
15 18 25 28 32 40 56 58 63 58 56 40 41 61 59 61 41 46 48 
15 18 25 28 32 40 56 58 63 58 56 40 41 61 59 56 40 41 46 48 
15 18 25 28 32 40 56 58 63 58 56 40 41 61 59 61 62 54 46 48 
15 18 25 28 32 40 56 58 63 58 56 40 41 61 59 56 58 63 66 62 54 46 48 
15 18 25 28 32 40 56 58 63 58 56 40 41 61 59 56 40 32 35 37 45 44 48 
15 18 25 28 32 40 56 58 63 58 56 40 41 61 59 61 62 54 65 64 60 57 48 
15 18 25 28 32 40 56 58 63 58 56 40 41 61 59 56 40 41 61 62 54 46 48 
15 18 25 28 32 40 56 58 63 58 56 40 41 61 59 61 41 46 54 65 64 60 57 48 
15 18 25 28 32 40 56 58 63 58 56 40 41 61 59 56 51 42 38 39 40 41 46 48 
15 18 25 28 32 40 56 58 63 58 56 40 41 61 59 61 62 66 67 68 65 54 46 48 
15 18 25 28 32 40 56 58 63 66 62 61 41 40 56 59 61 41 46 48 
15 18 25 28 32 40 56 58 63 66 62 61 41 40 56 59 56 40 41 46 48 
15 18 25 28 32 40 56 58 63 66 62 61 41 40 56 59 61 62 54 46 48 
15 18 25 28 32 40 56 58 63 66 62 61 41 40 56 59 56 58 63 66 62 54 46 48 
15 18 25 28 32 40 56 58 63 66 62 61 41 40 56 59 56 40 32 35 37 45 44 48 
15 18 25 28 32 40 56 58 63 66 62 61 41 40 56 59 61 62 54 65 64 60 57 48 
15 18 25 28 32 40 56 58 63 66 62 61 41 40 56 59 56 40 41 61 62 54 46 48 
15 18 25 28 32 40 56 58 63 66 62 61 41 40 56 59 61 41 46 54 65 64 60 57 48 
15 18 25 28 32 40 56 58 63 66 62 61 41 40 56 59 56 51 42 38 39 40 41 46 48 
15 18 25 28 32 40 56 58 63 66 62 61 41 40 56 59 61 62 66 67 68 65 54 46 48 
---------------
Request id 7
25 28 32 40 56 58 55 49 50 49 55 58 56 59 56 58 63 58 56 40 32 28 26 23 
25 28 32 40 56 58 55 49 50 49 55 58 56 59 56 58 63 58 56 40 39 33 30 24 23 
25 28 32 40 56 58 55 49 50 49 55 58 56 59 56 58 63 66 62 61 41 40 32 28 26 23 
25 28 32 40 56 58 55 49 50 49 55 58 56 59 56 58 63 58 56 40 32 28 25 18 16 24 23 
25 28 32 40 56 58 55 49 50 49 55 58 56 59 56 58 63 58 55 49 42 38 34 31 27 24 23 
25 28 32 40 56 58 55 49 50 49 55 58 56 59 56 58 63 58 56 51 42 38 39 33 30 24 23 
25 28 32 40 56 58 55 49 50 49 55 58 56 59 56 58 63 66 62 54 46 41 40 32 28 26 23 
25 28 32 40 56 58 55 49 50 49 55 58 56 59 56 58 63 66 62 61 59 56 40 32 28 26 23 
25 28 32 40 56 58 55 49 50 49 55 58 56 59 56 58 63 58 56 59 61 41 40 32 28 26 23 
25 28 32 40 56 58 55 49 50 49 55 58 56 59 56 58 63 58 56 51 42 38 34 31 27 24 23 
25 28 32 40 56 58 55 49 50 49 55 58 56 59 61 62 66 63 58 56 40 32 28 26 23 
25 28 32 40 56 58 55 49 50 49 55 58 56 59 61 62 66 63 58 56 40 39 33 30 24 23 
25 28 32 40 56 58 55 49 50 49 55 58 56 59 61 62 66 63 66 62 61 41 40 32 28 26 23 
25 28 32 40 56 58 55 49 50 49 55 58 56 59 61 62 66 63 58 56 40 32 28 25 18 16 24 23 
25 28 32 40 56 58 55 49 50 49 55 58 56 59 61 62 66 63 58 55 49 42 38 34 31 27 24 23 
25 28 32 40 56 58 55 49 50 49 55 58 56 59 61 62 66 63 58 56 51 42 38 39 33 30 24 23 
25 28 32 40 56 58 55 49 50 49 55 58 56 59 61 62 66 63 66 62 54 46 41 40 32 28 26 23 
25 28 32 40 56 58 55 49 50 49 55 58 56 59 61 62 66 63 66 62 61 59 56 40 32 28 26 23 
25 28 32 40 56 58 55 49 50 49 55 58 56 59 61 62 66 63 58 56 59 61 41 40 32 28 26 23 
25 28 32 40 56 58 55 49 50 49 55 58 56 59 61 62 66 63 58 56 51 42 38 34 31 27 24 23 
25 28 32 40 56 58 55 49 50 49 55 58 56 59 61 41 40 56 58 63 58 56 40 32 28 26 23 
25 28 32 40 56 58 55 49 50 49 55 58 56 59 61 41 40 56 58 63 58 56 40 39 33 30 24 23 
25 28 32 40 56 58 55 49 50 49 55 58 56 59 61 41 40 56 58 63 66 62 61 41 40 32 28 26 23 
25 28 32 40 56 58 55 49 50 49 55 58 56 59 61 41 40 56 58 63 58 56 40 32 28 25 18 16 24 23 
25 28 32 40 56 58 55 49 50 49 55 58 56 59 61 41 40 56 58 63 58 55 49 42 38 34 31 27 24 23 
25 28 32 40 56 58 55 49 50 49 55 58 56 59 61 41 40 56 58 63 58 56 51 42 38 39 33 30 24 23 
25 28 32 40 56 58 55 49 50 49 55 58 56 59 61 41 40 56 58 63 66 62 54 46 41 40 32 28 26 23 
25 28 32 40 56 58 55 49 50 49 55 58 56 59 61 41 40 56 58 63 66 62 61 59 56 40 32 28 26 23 
25 28 32 40 56 58 55 49 50 49 55 58 56 59 61 41 40 56 58 63 58 56 59 61 41 40 32 28 26 23 
25 28 32 40 56 58 55 49 50 49 55 58 56 59 61 41 40 56 58 63 58 56 51 42 38 34 31 27 24 23 
25 28 32 40 56 58 55 49 50 49 55 58 56 59 56 40 41 61 62 66 63 58 56 40 32 28 26 23 
25 28 32 40 56 58 55 49 50 49 55 58 56 59 56 40 41 61 62 66 63 58 56 40 39 33 30 24 23 
25 28 32 40 56 58 55 49 50 49 55 58 56 59 56 40 41 61 62 66 63 66 62 61 41 40 32 28 26 23 
25 28 32 40 56 58 55 49 50 49 55 58 56 59 56 40 41 61 62 66 63 58 56 40 32 28 25 18 16 24 23 
25 28 32 40 56 58 55 49 50 49 55 58 56 59 56 40 41 61 62 66 63 58 55 49 42 38 34 31 27 24 23 
25 28 32 40 56 58 55 49 50 49 55 58 56 59 56 40 41 61 62 66 63 58 56 51 42 38 39 33 30 24 23 
25 28 32 40 56 58 55 49 50 49 55 58 56 59 56 40 41 61 62 66 63 66 62 54 46 41 40 32 28 26 23 
25 28 32 40 56 58 55 49 50 49 55 58 56 59 56 40 41 61 62 66 63 66 62 61 59 56 40 32 28 26 23 
25 28 32 40 56 58 55 49 50 49 55 58 56 59 56 40 41 61 62 66 63 58 56 59 61 41 40 32 28 26 23 
25 28 32 40 56 58 55 49 50 49 55 58 56 59 56 40 41 61 62 66 63 58 56 51 42 38 34 31 27 24 23 
---------------
Request id 9
67 66 63 58 55 49 50 53 52 47 43 34 31 27 24 16 11 6 8 7 
67 66 63 58 55 49 50 53 50 49 42 38 39 33 30 24 16 11 6 8 7 
67 66 63 58 55 49 50 53 52 47 43 34 31 27 24 16 11 12 10 8 7 
67 66 63 58 55 49 50 53 50 49 42 38 34 31 27 24 16 11 6 8 7 
67 66 63 58 55 49 50 53 52 47 43 34 38 39 33 30 24 16 11 6 8 7 
67 66 63 58 55 49 50 53 52 47 43 34 31 27 24 20 17 16 11 6 8 7 
67 66 63 58 55 49 50 53 52 47 43 34 31 27 24 16 18 13 3 1 4 7 
67 66 63 58 55 49 50 53 52 47 43 34 31 27 24 16 11 13 3 1 4 7 
67 66 63 58 55 49 50 53 52 47 43 34 31 27 24 20 17 14 12 10 8 7 
67 66 63 58 55 49 50 53 52 47 43 34 31 27 22 21 17 16 11 6 8 7 
67 66 63 58 55 49 50 49 42 38 34 43 47 52 53 52 47 43 34 31 27 24 16 11 6 8 7 
67 66 63 58 55 49 50 49 42 38 34 43 47 52 53 50 49 42 38 39 33 30 24 16 11 6 8 7 
67 66 63 58 55 49 50 49 42 38 34 43 47 52 53 52 47 43 34 31 27 24 16 11 12 10 8 7 
67 66 63 58 55 49 50 49 42 38 34 43 47 52 53 50 49 42 38 34 31 27 24 16 11 6 8 7 
67 66 63 58 55 49 50 49 42 38 34 43 47 52 53 52 47 43 34 38 39 33 30 24 16 11 6 8 7 
67 66 63 58 55 49 50 49 42 38 34 43 47 52 53 52 47 43 34 31 27 24 20 17 16 11 6 8 7 
67 66 63 58 55 49 50 49 42 38 34 43 47 52 53 52 47 43 34 31 27 24 16 18 13 3 1 4 7 
67 66 63 58 55 49 50 49 42 38 34 43 47 52 53 52 47 43 34 31 27 24 16 11 13 3 1 4 7 
67 66 63 58 55 49 50 49 42 38 34 43 47 52 53 52 47 43 34 31 27 24 20 17 14 12 10 8 7 
67 66 63 58 55 49 50 49 42 38 34 43 47 52 53 52 47 43 34 31 27 22 21 17 16 11 6 8 7 
67 66 63 58 55 49 50 49 55 58 56 40 39 38 34 43 47 52 53 52 47 43 34 31 27 24 16 11 6 8 7 
67 66 63 58 55 49 50 49 55 58 56 40 39 38 34 43 47 52 53 50 49 42 38 39 33 30 24 16 11 6 8 7 
67 66 63 58 55 49 50 49 55 58 56 40 39 38 34 43 47 52 53 52 47 43 34 31 27 24 16 11 12 10 8 7 
67 66 63 58 55 49 50 49 55 58 56 40 39 38 34 43 47 52 53 50 49 42 38 34 31 27 24 16 11 6 8 7 
67 66 63 58 55 49 50 49 55 58 56 40 39 38 34 43 47 52 53 52 47 43 34 38 39 33 30 24 16 11 6 8 7 
67 66 63 58 55 49 50 49 55 58 56 40 39 38 34 43 47 52 53 52 47 43 34 31 27 24 20 17 16 11 6 8 7 
67 66 63 58 55 49 50 49 55 58 56 40 39 38 34 43 47 52 53 52 47 43 34 31 27 24 16 18 13 3 1 4 7 
67 66 63 58 55 49 50 49 55 58 56 40 39 38 34 43 47 52 53 52 47 43 34 31 27 24 16 11 13 3 1 4 7 
67 66 63 58 55 49 50 49 55 58 56 40 39 38 34 43 47 52 53 52 47 43 34 31 27 24 20 17 14 12 10 8 7 
67 66 63 58 55 49 50 49 55 58 56 40 39 38 34 43 47 52 53 52 47 43 34 31 27 22 21 17 16 11 6 8 7 
67 66 63 58 55 49 50 49 42 51 56 40 39 38 34 43 47 52 53 52 47 43 34 31 27 24 16 11 6 8 7 
67 66 63 58 55 49 50 49 42 51 56 40 39 38 34 43 47 52 53 50 49 42 38 39 33 30 24 16 11 6 8 7 
67 66 63 58 55 49 50 49 42 51 56 40 39 38 34 43 47 52 53 52 47 43 34 31 27 24 16 11 12 10 8 7 
67 66 63 58 55 49 50 49 42 51 56 40 39 38 34 43 47 52 53 50 49 42 38 34 31 27 24 16 11 6 8 7 
67 66 63 58 55 49 50 49 42 51 56 40 39 38 34 43 47 52 53 52 47 43 34 38 39 33 30 24 16 11 6 8 7 
67 66 63 58 55 49 50 49 42 51 56 40 39 38 34 43 47 52 53 52 47 43 34 31 27 24 20 17 16 11 6 8 7 
67 66 63 58 55 49 50 49 42 51 56 40 39 38 34 43 47 52 53 52 47 43 34 31 27 24 16 18 13 3 1 4 7 
67 66 63 58 55 49 50 49 42 51 56 40 39 38 34 43 47 52 53 52 47 43 34 31 27 24 16 11 13 3 1 4 7 
67 66 63 58 55 49 50 49 42 51 56 40 39 38 34 43 47 52 53 52 47 43 34 31 27 24 20 17 14 12 10 8 7 
67 66 63 58 55 49 50 49 42 51 56 40 39 38 34 43 47 52 53 52 47 43 34 31 27 22 21 17 16 11 6 8 7 
---------------
Request id 8
46 48 44 45 37 36 29 25 18 16 17 14 
46 48 44 45 37 35 32 28 25 18 16 17 14 
46 48 44 45 37 36 29 25 18 16 11 12 14 
46 48 44 45 37 36 29 25 18 13 11 12 14 
46 48 44 45 37 36 29 19 15 18 16 17 14 
46 48 44 45 37 36 29 25 18 13 11 16 17 14 
46 48 44 45 37 35 32 28 25 18 16 11 12 14 
46 48 44 45 37 35 32 28 26 23 24 16 17 14 
46 48 44 48 46 41 40 32 28 25 18 16 17 14 
46 48 44 45 37 35 32 28 25 18 13 11 12 14 
46 54 65 64 60 57 48 44 45 37 36 29 25 18 16 17 14 
46 54 65 64 60 57 48 44 45 37 35 32 28 25 18 16 17 14 
46 54 65 64 60 57 48 44 45 37 36 29 25 18 16 11 12 14 
46 54 65 64 60 57 48 44 45 37 36 29 25 18 13 11 12 14 
46 54 65 64 60 57 48 44 45 37 36 29 19 15 18 16 17 14 
46 54 65 64 60 57 48 44 45 37 36 29 25 18 13 11 16 17 14 
46 54 65 64 60 57 48 44 45 37 35 32 28 25 18 16 11 12 14 
46 54 65 64 60 57 48 44 45 37 35 32 28 26 23 24 16 17 14 
46 54 65 64 60 57 48 44 48 46 41 40 32 28 25 18 16 17 14 
46 54 65 64 60 57 48 44 45 37 35 32 28 25 18 13 11 12 14 
46 41 40 32 35 37 45 44 45 37 36 29 25 18 16 17 14 
46 41 40 32 35 37 45 44 45 37 35 32 28 25 18 16 17 14 
46 41 40 32 35 37 45 44 45 37 36 29 25 18 16 11 12 14 
46 41 40 32 35 37 45 44 45 37 36 29 25 18 13 11 12 14 
46 41 40 32 35 37 45 44 45 37 36 29 19 15 18 16 17 14 
46 41 40 32 35 37 45 44 45 37 36 29 25 18 13 11 16 17 14 
46 41 40 32 35 37 45 44 45 37 35 32 28 25 18 16 11 12 14 
46 41 40 32 35 37 45 44 45 37 35 32 28 26 23 24 16 17 14 
46 41 40 32 35 37 45 44 48 46 41 40 32 28 25 18 16 17 14 
46 41 40 32 35 37 45 44 45 37 35 32 28 25 18 13 11 12 14 
46 54 62 61 41 40 32 35 37 45 44 45 37 36 29 25 18 16 17 14 
46 54 62 61 41 40 32 35 37 45 44 45 37 35 32 28 25 18 16 17 14 
46 54 62 61 41 40 32 35 37 45 44 45 37 36 29 25 18 16 11 12 14 
46 54 62 61 41 40 32 35 37 45 44 45 37 36 29 25 18 13 11 12 14 
46 54 62 61 41 40 32 35 37 45 44 45 37 36 29 19 15 18 16 17 14 
46 54 62 61 41 40 32 35 37 45 44 45 37 36 29 25 18 13 11 16 17 14 
46 54 62 61 41 40 32 35 37 45 44 45 37 35 32 28 25 18 16 11 12 14 
46 54 62 61 41 40 32 35 37 45 44 45 37 35 32 28 26 23 24 16 17 14 
46 54 62 61 41 40 32 35 37 45 44 48 46 41 40 32 28 25 18 16 17 14 
46 54 62 61 41 40 32 35 37 45 44 45 37 35 32 28 25 18 13 11 12 14 
---------------
Request id 5
15 18 25 28 32 40 56 51 56 40 39 33 30 33 39 40 32 35 37 
15 18 25 28 32 40 56 51 56 40 39 33 30 24 23 26 28 32 35 37 
15 18 25 28 32 40 56 51 56 40 39 33 30 24 16 18 25 29 36 37 
15 18 25 28 32 40 56 51 56 40 39 33 30 24 23 26 28 25 29 36 37 
15 18 25 28 32 40 56 51 56 40 39 33 30 24 16 18 15 19 29 36 37 
15 18 25 28 32 40 56 51 56 40 39 33 30 24 16 18 25 28 32 35 37 
15 18 25 28 32 40 56 51 56 40 39 33 30 33 39 40 32 28 25 29 36 37 
15 18 25 28 32 40 56 51 56 40 39 33 30 24 20 17 16 18 25 29 36 37 
15 18 25 28 32 40 56 51 56 40 39 33 30 24 16 11 13 18 25 29 36 37 
15 18 25 28 32 40 56 51 56 40 39 33 30 33 39 40 41 46 48 44 45 37 
15 18 25 28 32 40 56 51 56 40 39 33 39 38 34 31 27 24 30 33 39 40 32 35 37 
15 18 25 28 32 40 56 51 56 40 39 33 39 38 34 31 27 24 30 24 23 26 28 32 35 37 
15 18 25 28 32 40 56 51 56 40 39 33 39 38 34 31 27 24 30 24 16 18 25 29 36 37 
15 18 25 28 32 40 56 51 56 40 39 33 39 38 34 31 27 24 30 24 23 26 28 25 29 36 37 
15 18 25 28 32 40 56 51 56 40 39 33 39 38 34 31 27 24 30 24 16 18 15 19 29 36 37 
15 18 25 28 32 40 56 51 56 40 39 33 39 38 34 31 27 24 30 24 16 18 25 28 32 35 37 
15 18 25 28 32 40 56 51 56 40 39 33 39 38 34 31 27 24 30 33 39 40 32 28 25 29 36 37 
15 18 25 28 32 40 56 51 56 40 39 33 39 38 34 31 27 24 30 24 20 17 16 18 25 29 36 37 
15 18 25 28 32 40 56 51 56 40 39 33 39 38 34 31 27 24 30 24 16 11 13 18 25 29 36 37 
15 18 25 28 32 40 56 51 56 40 39 33 39 38 34 31 27 24 30 33 39 40 41 46 48 44 45 37 
15 18 25 28 32 40 56 51 56 40 39 33 39 40 32 28 26 23 24 30 33 39 40 32 35 37 
15 18 25 28 32 40 56 51 56 40 39 33 39 40 32 28 26 23 24 30 24 23 26 28 32 35 37 
15 18 25 28 32 40 56 51 56 40 39 33 39 40 32 28 26 23 24 30 24 16 18 25 29 36 37 
15 18 25 28 32 40 56 51 56 40 39 33 39 40 32 28 26 23 24 30 24 23 26 28 25 29 36 37 
15 18 25 28 32 40 56 51 56 40 39 33 39 40 32 28 26 23 24 30 24 16 18 15 19 29 36 37 
15 18 25 28 32 40 56 51 56 40 39 33 39 40 32 28 26 23 24 30 24 16 18 25 28 32 35 37 
15 18 25 28 32 40 56 51 56 40 39 33 39 40 32 28 26 23 24 30 33 39 40 32 28 25 29 36 37 
15 18 25 28 32 40 56 51 56 40 39 33 39 40 32 28 26 23 24 30 24 20 17 16 18 25 29 36 37 
15 18 25 28 32 40 56 51 56 40 39 33 39 40 32 28 26 23 24 30 24 16 11 13 18 25 29 36 37 
15 18 25 28 32 40 56 51 56 40 39 33 39 40 32 28 26 23 24 30 33 39 40 41 46 48 44 45 37 
15 18 25 28 32 40 56 51 56 40 39 33 39 40 32 28 25 18 16 24 30 33 39 40 32 35 37 
15 18 25 28 32 40 56 51 56 40 39 33 39 40 32 28 25 18 16 24 30 24 23 26 28 32 35 37 
15 18 25 28 32 40 56 51 56 40 39 33 39 40 32 28 25 18 16 24 30 24 16 18 25 29 36 37 
15 18 25 28 32 40 56 51 56 40 39 33 39 40 32 28 25 18 16 24 30 24 23 26 28 25 29 36 37 
15 18 25 28 32 40 56 51 56 40 39 33 39 40 32 28 25 18 16 24 30 24 16 18 15 19 29 36 37 
15 18 25 28 32 40 56 51 56 40 39 33 39 40 32 28 25 18 16 24 30 24 16 18 25 28 32 35 37 
15 18 25 28 32 40 56 51 56 40 39 33 39 40 32 28 25 18 16 24 30 33 39 40 32 28 25 29 36 37 
15 18 25 28 32 40 56 51 56 40 39 33 39 40 32 28 25 18 16 24 30 24 20 17 16 18 25 29 36 37 
15 18 25 28 32 40 56 51 56 40 39 33 39 40 32 28 25 18 16 24 30 24 16 11 13 18 25 29 36 37 
15 18 25 28 32 40 56 51 56 40 39 33 39 40 32 28 25 18 16 24 30 33 39 40 41 46 48 44 45 37 
---------------
Request id 6
11 16 24 30 24 23 26 
11 16 24 30 33 39 40 32 28 26 
11 16 24 30 24 16 18 25 28 26 
11 16 24 30 24 20 17 16 18 25 28 26 
11 16 24 30 24 16 11 13 18 25 28 26 
11 16 24 30 33 39 38 34 31 27 24 23 26 
11 16 24 30 24 16 18 15 19 29 25 28 26 
11 16 24 30 24 27 31 34 38 39 40 32 28 26 
11 16 24 30 33 39 38 42 51 56 40 32 28 26 
11 16 24 30 24 20 17 16 11 13 18 25 28 26 
11 13 18 16 24 30 24 23 26 
11 13 18 16 24 30 33 39 40 32 28 26 
11 13 18 16 24 30 24 16 18 25 28 26 
11 13 18 16 24 30 24 20 17 16 18 25 28 26 
11 13 18 16 24 30 24 16 11 13 18 25 28 26 
11 13 18 16 24 30 33 39 38 34 31 27 24 23 26 
11 13 18 16 24 30 24 16 18 15 19 29 25 28 26 
11 13 18 16 24 30 24 27 31 34 38 39 40 32 28 26 
11 13 18 16 24 30 33 39 38 42 51 56 40 32 28 26 
11 13 18 16 24 30 24 20 17 16 11 13 18 25 28 26 
11 16 17 20 24 30 24 23 26 
11 16 17 20 24 30 33 39 40 32 28 26 
11 16 17 20 24 30 24 16 18 25 28 26 
11 16 17 20 24 30 24 20 17 16 18 25 28 26 
11 16 17 20 24 30 24 16 11 13 18 25 28 26 
11 16 17 20 24 30 33 39 38 34 31 27 24 23 26 
11 16 17 20 24 30 24 16 18 15 19 29 25 28 26 
11 16 17 20 24 30 24 27 31 34 38 39 40 32 28 26 
11 16 17 20 24 30 33 39 38 42 51 56 40 32 28 26 
11 16 17 20 24 30 24 20 17 16 11 13 18 25 28 26 
11 12 14 17 16 24 30 24 23 26 
11 12 14 17 16 24 30 33 39 40 32 28 26 
11 12 14 17 16 24 30 24 16 18 25 28 26 
11 12 14 17 16 24 30 24 20 17 16 18 25 28 26 
11 12 14 17 16 24 30 24 16 11 13 18 25 28 26 
11 12 14 17 16 24 30 33 39 38 34 31 27 24 23 26 
11 12 14 17 16 24 30 24 16 18 15 19 29 25 28 26 
11 12 14 17 16 24 30 24 27 31 34 38 39 40 32 28 26 
11 12 14 17 16 24 30 33 39 38 42 51 56 40 32 28 26 
11 12 14 17 16 24 30 24 20 17 16 11 13 18 25 28 26 
---------------
Request id 10
38 39 33 39 40 32 35 37 36 37 45 44 48 46 54 65 
38 39 33 39 40 32 35 37 36 37 35 32 40 41 46 54 65 
38 39 33 39 40 32 35 37 36 37 45 44 48 57 60 64 65 
38 39 33 39 40 32 35 37 36 29 25 28 32 40 41 46 54 65 
38 39 33 39 40 32 35 37 36 37 35 32 40 41 61 62 54 65 
38 39 33 39 40 32 35 37 36 37 45 44 48 46 41 61 62 54 65 
38 39 33 39 40 32 35 37 36 29 25 28 32 40 41 61 62 54 65 
38 39 33 39 40 32 35 37 36 37 35 32 40 56 59 61 62 54 65 
38 39 33 39 40 32 35 37 36 29 25 28 32 40 56 59 61 62 54 65 
38 39 33 39 40 32 35 37 36 37 35 32 40 41 46 48 57 60 64 65 
38 39 33 30 24 16 18 25 29 36 37 45 44 48 46 54 65 
38 39 33 30 24 16 18 25 29 36 37 35 32 40 41 46 54 65 
38 39 33 30 24 16 18 25 29 36 37 45 44 48 57 60 64 65 
38 39 33 30 24 16 18 25 29 36 29 25 28 32 40 41 46 54 65 
38 39 33 30 24 16 18 25 29 36 37 35 32 40 41 61 62 54 65 
38 39 33 30 24 16 18 25 29 36 37 45 44 48 46 41 61 62 54 65 
38 39 33 30 24 16 18 25 29 36 29 25 28 32 40 41 61 62 54 65 
38 39 33 30 24 16 18 25 29 36 37 35 32 40 56 59 61 62 54 65 
38 39 33 30 24 16 18 25 29 36 29 25 28 32 40 56 59 61 62 54 65 
38 39 33 30 24 16 18 25 29 36 37 35 32 40 41 46 48 57 60 64 65 
38 39 33 39 40 32 28 25 29 36 37 45 44 48 46 54 65 
38 39 33 39 40 32 28 25 29 36 37 35 32 40 41 46 54 65 
38 39 33 39 40 32 28 25 29 36 37 45 44 48 57 60 64 65 
38 39 33 39 40 32 28 25 29 36 29 25 28 32 40 41 46 54 65 
38 39 33 39 40 32 28 25 29 36 37 35 32 40 41 61 62 54 65 
38 39 33 39 40 32 28 25 29 36 37 45 44 48 46 41 61 62 54 65 
38 39 33 39 40 32 28 25 29 36 29 25 28 32 40 41 61 62 54 65 
38 39 33 39 40 32 28 25 29 36 37 35 32 40 56 59 61 62 54 65 
38 39 33 39 40 32 28 25 29 36 29 25 28 32 40 56 59 61 62 54 65 
38 39 33 39 40 32 28 25 29 36 37 35 32 40 41 46 48 57 60 64 65 
38 39 33 30 24 23 26 28 25 29 36 37 45 44 48 46 54 65 
38 39 33 30 24 23 26 28 25 29 36 37 35 32 40 41 46 54 65 
38 39 33 30 24 23 26 28 25 29 36 37 45 44 48 57 60 64 65 
38 39 33 30 24 23 26 28 25 29 36 29 25 28 32 40 41 46 54 65 
38 39 33 30 24 23 26 28 25 29 36 37 35 32 40 41 61 62 54 65 
38 39 33 30 24 23 26 28 25 29 36 37 45 44 48 46 41 61 62 54 65 
38 39 33 30 24 23 26 28 25 29 36 29 25 28 32 40 41 61 62 54 65 
38 39 33 30 24 23 26 28 25 29 36 37 35 32 40 56 59 61 62 54 65 
38 39 33 30 24 23 26 28 25 29 36 29 25 28 32 40 56 59 61 62 54 65 
38 39 33 30 24 23 26 28 25 29 36 37 35 32 40 41 46 48 57 60 64 65 
---------------
Request id 2
54 62 66 63 58 55 49 50 49 55 58 63 66 67 69 71 69 68 65 54 46 48 
54 62 66 63 58 55 49 50 49 55 58 63 66 67 69 71 69 67 68 65 54 46 48 
54 62 66 63 58 55 49 50 49 55 58 63 66 67 69 71 69 68 65 64 60 57 48 
54 62 66 63 58 55 49 50 49 55 58 63 66 67 69 71 69 67 66 62 54 46 48 
54 62 66 63 58 55 49 50 49 55 58 63 66 67 69 71 69 68 67 66 62 54 46 48 
54 62 66 63 58 55 49 50 49 55 58 63 66 67 69 71 72 73 74 70 64 60 57 48 
54 62 66 63 58 55 49 50 49 55 58 63 66 67 69 71 69 67 68 65 64 60 57 48 
54 62 66 63 58 55 49 50 49 55 58 63 66 67 69 71 69 67 66 62 61 41 46 48 
54 62 66 63 58 55 49 50 49 55 58 63 66 67 69 71 69 68 67 66 62 61 41 46 48 
54 62 66 63 58 55 49 50 49 55 58 63 66 67 69 71 72 73 74 70 64 65 54 46 48 
54 62 66 63 58 55 49 50 49 55 58 63 66 67 68 69 71 69 68 65 54 46 48 
54 62 66 63 58 55 49 50 49 55 58 63 66 67 68 69 71 69 67 68 65 54 46 48 
54 62 66 63 58 55 49 50 49 55 58 63 66 67 68 69 71 69 68 65 64 60 57 48 
54 62 66 63 58 55 49 50 49 55 58 63 66 67 68 69 71 69 67 66 62 54 46 48 
54 62 66 63 58 55 49 50 49 55 58 63 66 67 68 69 71 69 68 67 66 62 54 46 48 
54 62 66 63 58 55 49 50 49 55 58 63 66 67 68 69 71 72 73 74 70 64 60 57 48 
54 62 66 63 58 55 49 50 49 55 58 63 66 67 68 69 71 69 67 68 65 64 60 57 48 
54 62 66 63 58 55 49 50 49 55 58 63 66 67 68 69 71 69 67 66 62 61 41 46 48 
54 62 66 63 58 55 49 50 49 55 58 63 66 67 68 69 71 69 68 67 66 62 61 41 46 48 
54 62 66 63 58 55 49 50 49 55 58 63 66 67 68 69 71 72 73 74 70 64 65 54 46 48 
54 62 66 63 58 55 49 50 49 55 58 63 66 62 54 65 68 69 71 69 68 65 54 46 48 
54 62 66 63 58 55 49 50 49 55 58 63 66 62 54 65 68 69 71 69 67 68 65 54 46 48 
54 62 66 63 58 55 49 50 49 55 58 63 66 62 54 65 68 69 71 69 68 65 64 60 57 48 
54 62 66 63 58 55 49 50 49 55 58 63 66 62 54 65 68 69 71 69 67 66 62 54 46 48 
54 62 66 63 58 55 49 50 49 55 58 63 66 62 54 65 68 69 71 69 68 67 66 62 54 46 48 
54 62 66 63 58 55 49 50 49 55 58 63 66 62 54 65 68 69 71 72 73 74 70 64 60 57 48 
54 62 66 63 58 55 49 50 49 55 58 63 66 62 54 65 68 69 71 69 67 68 65 64 60 57 48 
54 62 66 63 58 55 49 50 49 55 58 63 66 62 54 65 68 69 71 69 67 66 62 61 41 46 48 
54 62 66 63 58 55 49 50 49 55 58 63 66 62 54 65 68 69 71 69 68 67 66 62 61 41 46 48 
54 62 66 63 58 55 49 50 49 55 58 63 66 62 54 65 68 69 71 72 73 74 70 64 65 54 46 48 
54 62 66 63 58 55 49 50 49 55 58 63 66 62 54 65 68 67 69 71 69 68 65 54 46 48 
54 62 66 63 58 55 49 50 49 55 58 63 66 62 54 65 68 67 69 71 69 67 68 65 54 46 48 
54 62 66 63 58 55 49 50 49 55 58 63 66 62 54 65 68 67 69 71 69 68 65 64 60 57 48 
54 62 66 63 58 55 49 50 49 55 58 63 66 62 54 65 68 67 69 71 69 67 66 62 54 46 48 
54 62 66 63 58 55 49 50 49 55 58 63 66 62 54 65 68 67 69 71 69 68 67 66 62 54 46 48 
54 62 66 63 58 55 49 50 49 55 58 63 66 62 54 65 68 67 69 71 72 73 74 70 64 60 57 48 
54 62 66 63 58 55 49 50 49 55 58 63 66 62 54 65 68 67 69 71 69 67 68 65 64 60 57 48 
54 62 66 63 58 55 49 50 49 55 58 63 66 62 54 65 68 67 69 71 69 67 66 62 61 41 46 48 
54 62 66 63 58 55 49 50 49 55 58 63 66 62 54 65 68 67 69 71 69 68 67 66 62 61 41 46 48 
54 62 66 63 58 55 49 50 49 55 58 63 66 62 54 65 68 67 69 71 72 73 74 70 64 65 54 46 48 
---------------
