Request id 29
1 3 4 5 9 5 4 3 1 2 
1 0 7 6 4 5 9 8 11 10 3 1 2 
1 0 2 5 9 8 13 12 5 2 
1 3 10 13 8 9 8 11 10 3 1 2 
1 3 10 13 8 9 5 4 6 7 0 2 
1 3 10 11 8 9 8 13 12 5 2 
1 0 7 8 9 8 11 12 5 2 
1 3 4 5 9 5 4 3 1 0 2 
1 3 10 13 8 9 5 4 3 1 0 2 
1 0 2 5 9 8 7 0 2 
1 0 2 5 9 8 11 12 5 2 
1 0 7 8 9 8 7 6 4 5 2 
1 2 5 9 5 4 3 1 0 2 
1 2 5 9 8 13 12 5 2 
1 3 10 13 12 5 9 8 11 10 3 1 2 
1 3 4 5 9 5 4 6 7 0 2 
1 2 0 7 8 9 5 4 6 7 0 2 
1 2 0 7 8 9 8 13 12 5 2 
1 3 10 13 12 5 9 8 7 6 4 5 2 
1 2 5 12 11 8 9 8 13 12 5 2 
1 3 10 13 12 5 9 5 4 6 7 0 2 
1 2 5 12 11 8 9 8 11 10 3 1 2 
1 0 7 8 9 5 2 
1 2 5 9 8 11 10 3 1 2 
1 3 10 13 12 5 9 8 13 12 5 2 
1 2 5 12 11 8 9 5 4 3 1 2 
1 3 10 13 12 5 9 5 2 
1 2 5 9 8 11 12 5 2 
1 0 7 6 4 5 9 8 11 12 5 2 
1 2 5 9 8 7 0 1 2 
1 3 10 13 12 5 9 5 4 3 1 2 
1 0 7 8 9 8 11 10 3 1 2 
1 3 10 11 8 9 8 7 0 1 2 
1 0 7 8 9 5 4 3 1 2 
1 0 2 5 9 8 7 6 4 5 2 
1 0 2 5 9 5 2 
1 0 7 8 9 8 13 12 5 2 
1 0 7 6 4 5 9 5 4 6 7 0 2 
1 2 5 9 5 2 
1 2 5 12 11 8 9 8 7 0 1 2 
---------------
Request id 8
1 0 7 8 9 5 4 6 6 4 5 
1 3 10 13 8 7 6 6 4 5 
1 0 2 5 4 6 6 7 8 11 12 5 
1 2 5 9 8 7 6 6 7 0 2 5 
1 3 10 11 8 7 6 6 7 0 1 3 4 5 
1 2 0 7 6 6 7 0 1 2 5 
1 3 10 11 8 7 6 6 4 5 
1 0 2 5 4 6 6 7 8 13 12 5 
1 3 4 6 6 4 5 
1 0 2 5 4 6 6 4 3 10 11 12 5 
1 0 7 6 6 4 3 1 2 5 
1 0 2 5 4 6 6 4 3 10 13 12 5 
1 3 10 13 8 7 6 6 4 3 10 13 12 5 
1 2 5 9 8 7 6 6 4 3 10 13 12 5 
1 2 0 7 6 6 4 3 1 2 5 
1 3 10 13 12 5 4 6 6 7 0 1 2 5 
1 2 0 7 6 6 7 8 11 12 5 
1 3 4 6 6 7 8 13 12 5 
1 3 10 13 12 5 4 6 6 7 8 11 12 5 
1 2 5 4 6 6 4 3 10 13 12 5 
1 0 7 6 6 7 8 11 12 5 
1 3 10 11 8 7 6 6 7 8 9 5 
1 2 5 4 6 6 7 8 9 5 
1 2 0 7 6 6 4 5 
1 0 7 8 9 5 4 6 6 7 8 13 12 5 
1 2 5 4 6 6 7 0 1 2 5 
1 0 7 6 6 7 0 2 5 
1 0 7 8 9 5 4 6 6 7 0 1 2 5 
1 0 7 6 6 7 8 9 5 
1 2 5 9 8 7 6 6 7 8 9 5 
1 0 2 5 4 6 6 7 0 1 2 5 
1 2 0 7 6 6 7 0 1 3 4 5 
1 3 4 6 6 4 3 10 13 12 5 
1 3 4 6 6 7 8 11 12 5 
1 0 7 6 6 7 0 1 3 4 5 
1 2 5 9 8 7 6 6 7 0 1 2 5 
1 0 2 5 4 6 6 4 3 1 2 5 
1 2 5 9 8 7 6 6 4 3 1 2 5 
1 0 7 8 9 5 4 6 6 7 0 1 3 4 5 
1 3 10 13 8 7 6 6 4 3 10 11 12 5 
---------------
Request id 28
0 7 6 4 3 10 13 12 13 8 9 5 4 6 4 3 1 2 
0 2 1 3 4 6 4 5 9 8 11 12 13 8 9 5 4 6 7 8 9 5 2 
0 2 1 3 4 6 4 5 12 11 10 3 4 6 7 8 13 12 5 2 
0 1 3 4 6 7 8 11 10 13 12 11 8 9 5 4 6 4 5 2 
0 2 5 12 11 8 7 6 4 5 12 13 8 7 6 4 3 10 11 12 5 2 
0 1 3 4 6 7 8 11 10 13 12 5 9 8 7 6 4 5 2 
0 1 3 10 11 8 7 6 7 8 11 10 13 12 11 8 9 5 4 6 4 3 1 2 
0 2 5 9 8 7 6 7 8 9 5 12 11 10 13 8 7 6 7 0 2 
0 2 5 12 11 8 7 6 7 8 13 12 11 10 3 4 6 7 0 1 3 4 5 2 
0 2 5 4 6 4 5 12 13 8 9 5 4 6 4 5 2 
0 2 5 9 8 7 6 7 8 9 5 12 13 10 3 4 6 4 3 1 2 
0 2 5 12 11 8 7 6 4 5 9 8 11 12 11 8 7 6 7 0 1 3 4 5 2 
0 7 8 11 12 5 4 6 7 8 13 12 5 4 6 7 8 11 12 5 2 
0 1 3 4 6 4 5 12 5 4 6 4 3 10 11 12 5 2 
0 2 5 9 8 7 6 7 0 2 5 12 13 8 7 6 7 0 1 2 
0 7 8 11 12 5 4 6 7 8 11 12 5 4 6 4 3 1 2 
0 1 3 4 6 4 3 10 11 12 11 8 9 5 4 6 4 3 10 11 12 5 2 
0 7 8 9 5 4 6 4 3 10 11 12 11 8 7 6 4 3 1 2 
0 2 1 3 4 6 4 5 9 8 11 12 11 8 7 6 7 0 1 3 4 5 2 
0 2 5 9 8 7 6 4 3 10 11 12 5 4 6 7 0 1 3 4 5 2 
0 2 5 12 11 8 7 6 4 3 10 13 12 11 10 3 4 6 7 0 1 3 4 5 2 
0 1 3 4 6 7 0 2 5 12 11 10 13 8 7 6 4 3 10 11 12 5 2 
0 1 3 4 6 7 0 2 5 12 11 10 13 8 7 6 7 0 1 3 4 5 2 
0 7 8 11 12 5 4 6 7 8 11 10 13 12 5 9 8 7 6 4 3 1 2 
0 2 5 4 6 7 8 9 5 12 11 8 7 6 4 3 1 0 2 
0 7 6 7 0 2 5 12 5 4 6 7 8 11 12 5 2 
0 2 5 9 8 7 6 7 8 11 10 13 12 11 8 9 5 4 6 7 0 1 2 
0 2 5 4 6 7 0 1 2 5 12 11 10 13 8 7 6 7 8 13 12 5 2 
0 7 8 9 5 4 6 4 3 10 11 12 13 8 7 6 4 5 2 
0 2 5 9 8 7 6 7 8 9 5 12 11 10 13 8 7 6 7 8 11 12 5 2 
0 2 1 3 4 6 7 8 13 12 5 2 0 7 6 4 3 10 11 12 5 2 
0 2 5 4 6 4 5 9 8 11 12 5 2 0 7 6 7 8 9 5 2 
0 2 5 12 11 8 7 6 4 5 9 8 11 12 13 8 7 6 7 0 1 2 
0 7 8 9 5 4 6 7 0 1 2 5 12 5 9 8 7 6 7 8 9 5 2 
0 7 6 4 3 10 13 12 13 10 3 4 6 7 0 2 
0 7 8 9 5 4 6 4 5 9 8 11 12 5 2 0 7 6 7 8 11 12 5 2 
0 2 5 9 8 7 6 4 5 12 11 8 9 5 4 6 4 3 1 2 
0 2 5 9 8 7 6 7 8 11 10 13 12 11 8 9 5 4 6 7 8 9 5 2 
0 7 6 7 0 2 5 12 5 4 6 7 8 13 12 5 2 
0 1 3 10 11 8 7 6 7 0 1 2 5 12 11 8 7 6 4 3 1 0 2 
---------------
Request id 9
3 4 5 2 0 7 6 7 8 9 5 12 13 8 7 6 4 3 10 13 8 
3 1 2 0 7 6 7 0 1 2 5 12 11 8 9 5 4 6 4 3 10 13 8 
3 1 2 5 4 6 7 8 11 12 5 9 8 7 6 4 5 12 13 8 
3 1 0 2 5 4 6 4 5 12 11 8 9 5 4 6 7 0 2 5 9 8 
3 4 5 2 0 7 6 7 8 11 10 13 12 11 8 7 6 4 5 12 11 8 
3 4 5 2 0 7 6 4 3 10 11 12 5 9 8 7 6 7 0 2 5 12 13 8 
3 1 0 7 6 7 8 11 12 13 8 7 6 4 5 12 13 8 
3 4 5 2 0 7 6 4 3 10 11 12 11 8 9 5 4 6 7 0 2 5 9 8 
3 1 0 7 6 7 8 11 12 11 8 7 6 4 5 12 11 8 
3 10 13 12 5 4 6 4 3 10 11 12 5 4 6 4 5 9 8 
3 1 2 0 7 6 4 3 10 13 12 11 8 7 6 7 8 
3 10 13 8 7 6 4 3 10 11 12 5 9 8 7 6 7 0 2 5 9 8 
3 1 0 7 6 4 5 12 13 8 7 6 7 0 2 5 12 13 8 
3 10 11 12 5 4 6 7 0 2 5 12 5 4 6 4 5 2 0 7 8 
3 1 2 5 4 6 4 5 9 8 11 12 13 10 3 4 6 4 3 10 13 8 
3 10 11 8 7 6 7 8 13 12 5 9 8 7 6 4 5 9 8 
3 1 2 5 4 6 7 0 2 5 12 13 8 7 6 4 5 9 8 
3 10 11 8 7 6 7 8 11 12 13 10 3 4 6 7 0 2 5 12 13 8 
3 10 11 12 5 4 6 4 5 12 5 2 0 7 6 4 5 2 0 7 8 
3 1 2 0 7 6 7 0 1 2 5 12 11 8 7 6 4 3 10 11 8 
3 1 0 2 5 4 6 4 3 10 11 12 13 10 11 8 7 6 7 0 2 5 9 8 
3 10 11 8 7 6 4 5 9 8 11 12 13 8 7 6 4 5 12 11 8 
3 1 0 7 6 4 5 9 8 11 12 13 10 3 4 6 4 5 12 11 8 
3 10 13 12 5 4 6 7 8 13 12 13 10 11 8 7 6 4 3 10 13 8 
3 10 13 8 7 6 7 8 13 12 11 10 3 4 6 4 5 12 11 8 
3 10 11 12 5 4 6 7 8 11 12 13 8 7 6 4 3 1 0 7 8 
3 4 6 7 8 11 12 13 8 9 5 4 6 7 8 
3 10 13 8 7 6 4 3 10 11 12 13 10 11 8 7 6 7 0 2 5 9 8 
3 10 11 12 5 4 6 7 8 11 10 13 12 13 8 7 6 7 8 
3 10 13 12 5 4 6 7 8 11 12 5 4 6 7 0 2 5 9 8 
3 1 2 5 4 6 4 3 10 13 12 13 8 9 5 4 6 4 5 12 11 8 
3 10 11 12 5 4 6 7 8 11 12 5 9 8 7 6 4 3 10 13 8 
3 4 6 4 5 12 5 9 8 7 6 7 0 2 5 9 8 
3 10 11 12 5 4 6 7 8 11 10 13 12 11 8 7 6 4 3 10 13 8 
3 1 2 5 4 6 7 8 13 12 5 4 6 4 3 1 0 7 8 
3 4 5 2 0 7 6 7 8 11 10 13 12 13 10 3 4 6 7 0 2 5 9 8 
3 4 5 2 0 7 6 7 8 11 12 13 8 9 5 4 6 4 3 10 13 8 
3 1 2 5 4 6 7 8 11 12 11 10 3 4 6 4 5 2 0 7 8 
3 1 2 0 7 6 4 3 10 11 12 11 10 3 4 6 4 5 9 8 
3 10 13 12 5 4 6 4 3 10 11 12 5 2 0 7 6 7 0 2 5 12 13 8 
---------------
Request id 11
5 9 8 11 8 13 10 3 1 
5 4 6 7 8 11 12 5 2 1 
5 2 1 3 10 11 8 13 10 3 1 
5 4 3 10 11 8 13 10 3 1 
5 12 13 8 11 8 9 5 2 0 1 
5 4 3 10 11 8 9 5 2 0 1 
5 9 8 13 10 11 8 9 5 2 0 1 
5 4 3 10 11 8 9 5 2 1 
5 12 11 12 5 2 0 1 
5 2 0 7 8 11 12 13 10 3 1 
5 9 8 13 12 11 12 5 2 1 
5 9 8 11 8 7 0 1 
5 2 0 7 8 11 8 9 5 2 0 1 
5 4 6 7 8 11 8 13 10 3 1 
5 2 0 7 8 11 8 7 0 2 1 
5 12 13 10 11 12 5 4 3 1 
5 9 8 13 12 11 8 7 0 1 
5 12 11 8 7 0 1 
5 9 8 13 12 11 8 13 10 3 1 
5 12 11 12 5 4 3 1 
5 2 1 3 10 11 8 7 0 2 1 
5 2 1 3 10 11 12 5 2 0 1 
5 12 13 10 11 12 5 2 1 
5 12 11 8 9 5 2 1 
5 2 1 3 10 11 12 5 4 3 1 
5 12 13 10 11 10 3 1 
5 12 13 10 11 8 13 10 3 1 
5 9 8 13 12 11 12 5 4 3 1 
5 9 8 11 10 3 1 
5 2 1 3 10 11 10 3 1 
5 12 11 8 7 0 2 1 
5 9 8 11 8 9 5 2 0 1 
5 4 6 7 8 11 10 3 1 
5 9 8 13 10 11 8 13 10 3 1 
5 12 13 10 11 8 7 0 1 
5 12 13 10 11 12 5 2 0 1 
5 12 13 8 11 10 3 1 
5 4 6 7 8 11 8 7 0 2 1 
5 2 0 7 8 11 8 13 10 3 1 
5 9 8 11 8 7 0 2 1 
---------------
Request id 20
10 13 8 7 6 4 3 1 2 
10 13 12 11 8 7 6 7 8 9 5 2 
10 11 8 9 5 4 6 7 0 1 3 4 5 2 
10 13 12 11 8 7 6 7 8 13 12 5 2 
10 3 1 0 7 6 4 3 1 2 
10 11 8 7 6 7 8 9 5 2 
10 3 1 2 0 7 6 7 8 11 12 5 2 
10 13 8 9 5 4 6 7 0 1 3 4 5 2 
10 11 12 5 4 6 4 5 2 
10 11 8 7 6 4 3 1 0 2 
10 11 8 7 6 7 0 1 2 
10 13 12 5 4 6 4 3 1 0 2 
10 13 8 7 6 4 3 10 13 12 5 2 
10 3 1 2 0 7 6 7 8 9 5 2 
10 3 1 2 0 7 6 4 3 1 0 2 
10 13 8 7 6 7 8 13 12 5 2 
10 11 8 9 5 4 6 4 5 2 
10 13 8 7 6 7 8 11 12 5 2 
10 11 8 9 5 4 6 4 3 10 13 12 5 2 
10 13 12 5 4 6 7 0 2 
10 11 8 7 6 7 0 2 
10 11 12 5 4 6 4 3 10 13 12 5 2 
10 13 8 9 5 4 6 4 3 1 0 2 
10 13 8 7 6 4 3 1 0 2 
10 11 8 7 6 4 3 10 13 12 5 2 
10 3 1 0 7 6 7 0 2 
10 11 8 9 5 4 6 7 0 1 2 
10 11 8 9 5 4 6 7 8 11 12 5 2 
10 11 8 7 6 7 8 13 12 5 2 
10 13 8 9 5 4 6 7 8 9 5 2 
10 13 12 5 4 6 7 8 9 5 2 
10 3 1 0 7 6 7 8 11 12 5 2 
10 3 1 2 0 7 6 7 8 13 12 5 2 
10 13 8 9 5 4 6 4 5 2 
10 11 12 5 4 6 7 0 1 3 4 5 2 
10 11 8 9 5 4 6 7 0 2 
10 11 12 5 4 6 7 8 13 12 5 2 
10 13 12 11 8 7 6 7 0 1 2 
10 3 4 6 4 3 10 13 12 5 2 
10 3 4 6 7 0 1 3 4 5 2 
---------------
Request id 22
7 0 1 3 4 6 7 8 11 10 
7 0 1 2 5 4 6 4 5 12 11 10 
7 8 13 12 5 4 6 4 5 9 8 13 10 
7 8 13 10 3 4 6 7 8 11 12 13 10 
7 8 13 10 3 4 6 4 5 9 8 13 10 
7 8 11 12 5 4 6 4 5 12 13 10 
7 0 1 3 4 6 7 0 2 1 3 10 
7 0 1 2 5 4 6 7 8 13 10 
7 0 1 2 5 4 6 4 5 12 13 10 
7 0 1 2 5 4 6 7 0 1 3 10 
7 8 11 12 5 4 6 7 8 13 10 
7 8 13 10 3 4 6 7 0 1 3 10 
7 8 9 5 4 6 7 8 13 12 11 10 
7 8 13 12 5 4 6 7 0 1 3 10 
7 0 2 1 3 4 6 7 8 11 10 
7 6 4 3 10 
7 8 13 10 3 4 6 4 3 10 
7 8 11 10 3 4 6 7 8 13 10 
7 8 13 10 3 4 6 7 8 13 12 11 10 
7 8 13 10 3 4 6 4 5 12 13 10 
7 0 2 5 4 6 7 8 11 12 13 10 
7 8 11 10 3 4 6 4 5 12 13 10 
7 0 2 5 4 6 7 0 2 1 3 10 
7 0 1 2 5 4 6 4 5 9 8 13 10 
7 0 2 5 4 6 7 8 13 10 
7 0 1 2 5 4 6 4 3 10 
7 0 1 2 5 4 6 7 8 11 10 
7 8 9 5 4 6 4 5 12 13 10 
7 6 4 5 9 8 13 10 
7 8 13 10 3 4 6 7 8 13 10 
7 8 13 12 5 4 6 7 8 11 12 13 10 
7 0 2 1 3 4 6 7 8 13 12 11 10 
7 0 2 5 4 6 4 3 10 
7 0 1 3 4 6 4 5 12 11 10 
7 8 11 12 5 4 6 7 8 11 10 
7 6 7 8 11 10 
7 6 7 8 13 10 
7 6 7 0 1 3 10 
7 0 2 1 3 4 6 4 5 12 11 10 
7 8 9 5 4 6 4 3 10 
---------------
Request id 2
4 5 2 1 0 7 6 6 6 7 0 1 2 
4 3 1 2 0 7 6 6 6 7 8 11 12 5 2 
4 5 2 0 7 6 6 6 7 0 2 
4 5 2 0 7 6 6 6 7 0 1 2 
4 3 1 2 0 7 6 6 6 7 8 13 12 5 2 
4 3 1 0 7 6 6 6 4 3 1 2 
4 3 10 11 8 7 6 6 6 7 8 13 12 5 2 
4 3 10 13 8 7 6 6 6 7 8 13 12 5 2 
4 3 1 2 0 7 6 6 6 4 3 1 0 2 
4 3 10 13 8 7 6 6 6 4 3 1 2 
4 3 1 0 7 6 6 6 7 8 13 12 5 2 
4 3 10 11 8 7 6 6 6 4 3 1 2 
4 5 12 11 8 7 6 6 6 4 3 1 0 2 
4 3 1 0 7 6 6 6 7 0 2 
4 3 1 2 0 7 6 6 6 4 5 2 
4 5 12 11 8 7 6 6 6 4 5 2 
4 5 12 11 8 7 6 6 6 7 0 1 3 4 5 2 
4 6 6 6 7 0 2 
4 5 9 8 7 6 6 6 7 8 13 12 5 2 
4 3 10 13 8 7 6 6 6 4 5 2 
4 5 12 11 8 7 6 6 6 7 8 13 12 5 2 
4 5 2 1 0 7 6 6 6 7 8 11 12 5 2 
4 6 6 6 4 5 2 
4 5 9 8 7 6 6 6 7 0 1 3 4 5 2 
4 3 1 2 0 7 6 6 6 7 0 2 
4 3 10 11 8 7 6 6 6 7 8 11 12 5 2 
4 3 10 11 8 7 6 6 6 7 0 1 2 
4 3 10 13 8 7 6 6 6 4 3 1 0 2 
4 5 9 8 7 6 6 6 4 3 1 2 
4 3 1 2 0 7 6 6 6 7 0 1 2 
4 3 1 2 0 7 6 6 6 4 3 10 13 12 5 2 
4 5 2 0 7 6 6 6 7 8 13 12 5 2 
4 3 10 11 8 7 6 6 6 4 3 1 0 2 
4 5 9 8 7 6 6 6 4 3 10 13 12 5 2 
4 3 10 11 8 7 6 6 6 7 0 1 3 4 5 2 
4 5 12 13 8 7 6 6 6 4 5 2 
4 5 12 11 8 7 6 6 6 4 3 10 13 12 5 2 
4 5 12 13 8 7 6 6 6 7 0 2 
4 6 6 6 7 8 11 12 5 2 
4 3 1 2 0 7 6 6 6 4 3 1 2 
---------------
Request id 4
2 0 7 6 4 5 2 0 1 3 
2 0 7 8 9 5 4 6 7 8 13 10 3 
2 0 1 3 4 6 7 8 13 10 3 
2 5 12 13 8 7 6 7 0 1 3 
2 5 4 6 4 3 
2 5 4 6 7 0 2 5 4 3 
2 0 7 6 7 8 13 10 3 
2 5 12 13 8 7 6 7 8 9 5 4 3 
2 5 4 6 4 5 12 11 10 3 
2 1 3 4 6 7 0 2 5 4 3 
2 0 7 8 9 5 4 6 4 5 12 11 10 3 
2 5 12 13 8 7 6 7 0 2 5 4 3 
2 1 3 4 6 7 8 13 10 3 
2 0 7 8 9 5 4 6 7 0 2 5 4 3 
2 1 0 7 6 4 5 12 11 10 3 
2 1 3 4 6 4 3 
2 5 12 13 8 7 6 7 8 11 10 3 
2 1 3 4 6 4 5 2 1 3 
2 1 3 4 6 7 0 2 1 3 
2 1 0 7 6 7 8 11 10 3 
2 0 7 8 9 5 4 6 7 8 9 5 4 3 
2 5 12 11 8 7 6 7 8 9 5 4 3 
2 5 12 13 8 7 6 7 8 13 10 3 
2 0 1 3 4 6 7 0 2 5 4 3 
2 5 4 6 7 0 2 1 3 
2 5 9 8 7 6 7 8 13 10 3 
2 5 12 11 8 7 6 7 8 11 10 3 
2 5 12 11 8 7 6 4 5 2 1 3 
2 0 7 6 7 8 9 5 4 3 
2 0 1 3 4 6 4 5 2 0 1 3 
2 1 0 7 6 7 8 13 10 3 
2 1 3 4 6 4 5 2 0 1 3 
2 0 1 3 4 6 7 8 11 10 3 
2 0 7 6 7 0 2 1 3 
2 5 4 3 1 0 7 6 7 8 11 10 3 
2 5 4 3 1 0 7 6 7 0 1 3 
2 5 9 8 7 6 4 5 2 1 3 
2 0 7 6 4 5 2 1 3 
2 1 0 7 6 4 3 
2 5 12 11 8 7 6 7 0 2 5 4 3 
---------------
Request id 5
10 13 8 11 12 5 9 8 7 6 6 4 5 9 8 7 0 2 
10 3 1 0 2 5 12 5 2 1 0 7 6 6 4 3 10 13 12 5 2 
10 11 8 9 5 12 5 2 0 7 6 6 4 3 10 13 12 5 2 
10 11 8 13 12 13 10 11 8 7 6 6 4 3 1 0 2 
10 13 8 9 5 12 13 8 7 6 6 4 3 1 2 
10 3 4 5 12 11 8 7 6 6 7 0 1 2 
10 13 8 11 12 13 8 7 6 6 7 8 13 12 5 2 
10 11 8 13 12 13 10 3 4 6 6 4 5 2 
10 3 4 5 12 13 8 9 5 4 6 6 7 0 1 2 
10 3 4 5 12 5 9 8 7 6 6 7 0 2 
10 11 12 11 10 3 4 6 6 7 0 2 
10 3 1 0 2 5 12 5 2 1 0 7 6 6 4 5 9 8 7 0 2 
10 13 8 9 5 12 5 9 8 7 6 6 4 5 9 8 7 0 2 
10 11 8 13 12 11 8 7 6 6 7 8 11 12 5 2 
10 13 8 11 12 13 8 7 6 6 4 3 1 0 2 
10 3 4 5 12 5 4 6 6 7 8 13 12 5 2 
10 11 8 13 12 5 2 0 7 6 6 4 5 2 
10 13 8 11 12 13 8 7 6 6 7 8 9 5 2 
10 11 12 11 8 7 6 6 7 0 1 2 
10 3 4 5 12 13 10 3 4 6 6 7 0 2 
10 13 8 9 5 12 5 4 6 6 7 0 1 2 
10 13 8 9 5 12 13 8 9 5 4 6 6 4 3 1 0 2 
10 11 12 11 10 3 4 6 6 7 0 1 2 
10 13 12 13 10 11 8 7 6 6 4 5 2 
10 13 8 11 12 5 4 6 6 7 8 11 12 5 2 
10 13 12 5 9 8 7 6 6 7 8 11 12 5 2 
10 13 8 11 12 5 2 0 7 6 6 4 5 9 8 7 0 2 
10 3 4 5 12 13 8 9 5 4 6 6 4 3 1 2 
10 13 8 11 12 13 8 7 6 6 4 5 2 
10 11 8 9 5 12 13 8 9 5 4 6 6 4 3 1 2 
10 3 4 5 12 11 8 7 6 6 7 8 13 12 5 2 
10 11 8 13 12 13 10 3 4 6 6 7 8 13 12 5 2 
10 13 12 13 10 11 8 7 6 6 7 8 13 12 5 2 
10 13 8 11 12 11 10 3 4 6 6 7 8 13 12 5 2 
10 11 8 9 5 12 5 9 8 7 6 6 4 5 2 
10 11 12 13 8 7 6 6 7 8 11 12 5 2 
10 11 12 5 2 1 0 7 6 6 4 3 1 2 
10 13 12 13 8 9 5 4 6 6 4 3 10 13 12 5 2 
10 13 8 11 12 5 2 1 0 7 6 6 4 5 9 8 7 0 2 
10 11 8 13 12 13 8 7 6 6 4 5 9 8 7 0 2 
---------------
Request id 25
3 4 5 12 13 8 9 8 11 10 3 1 0 7 
3 4 6 7 8 9 5 4 3 1 0 7 
3 1 0 2 5 9 5 12 11 8 7 
3 1 2 5 9 5 2 0 7 
3 10 13 8 9 8 7 
3 4 5 9 5 2 0 7 
3 1 2 5 9 5 4 3 1 0 7 
3 1 0 2 5 9 5 2 0 7 
3 1 2 5 9 8 7 
3 10 11 8 9 5 12 11 8 7 
3 1 0 2 5 9 8 11 10 3 1 0 7 
3 10 13 12 5 9 8 11 10 3 1 0 7 
3 1 0 7 8 9 5 2 1 0 7 
3 1 2 5 9 5 4 3 1 2 0 7 
3 10 13 12 5 9 5 12 11 8 7 
3 10 11 8 9 5 2 1 0 7 
3 10 13 12 5 9 5 4 6 7 
3 1 2 5 9 5 12 11 8 7 
3 10 13 12 5 9 5 4 3 1 2 0 7 
3 4 5 9 5 2 1 0 7 
3 4 5 12 13 8 9 8 7 
3 10 13 12 5 9 5 2 0 7 
3 1 0 2 5 9 8 7 
3 10 13 12 5 9 5 12 13 8 7 
3 4 5 12 13 8 9 5 2 1 0 7 
3 10 13 12 5 9 5 4 3 1 0 7 
3 10 11 8 9 8 7 
3 4 5 9 5 4 3 1 0 7 
3 10 13 8 9 5 2 0 7 
3 10 13 8 9 5 4 3 1 2 0 7 
3 4 5 9 5 12 13 8 7 
3 10 13 8 9 5 4 3 1 0 7 
3 10 11 12 5 9 5 2 0 7 
3 10 11 12 5 9 5 2 1 0 7 
3 4 6 7 8 9 5 12 13 8 7 
3 1 2 5 9 5 12 11 10 13 8 7 
3 1 0 7 8 9 5 4 3 1 2 0 7 
3 10 13 8 9 5 4 6 7 
3 10 11 8 9 5 12 11 10 13 8 7 
3 1 0 7 8 9 8 7 
---------------
Request id 19
10 3 1 0 2 5 12 13 8 9 5 4 6 4 3 10 11 8 9 5 4 3 10 13 8 7 
10 13 8 11 12 5 9 8 7 6 4 3 1 2 5 9 5 12 13 8 7 
10 11 8 13 12 5 4 6 7 8 9 5 4 3 1 2 0 7 
10 3 4 5 9 8 11 12 5 2 0 7 6 4 5 9 5 4 6 7 
10 3 4 5 9 8 11 12 5 4 6 4 5 12 13 8 9 8 13 10 3 1 0 7 
10 3 1 2 5 12 13 8 7 6 7 8 13 12 5 9 5 2 1 0 7 
10 13 8 9 5 12 13 8 9 5 4 6 4 5 12 11 8 9 5 4 3 1 0 7 
10 3 1 0 2 5 12 11 8 9 5 4 6 4 3 1 2 5 9 5 2 0 7 
10 3 1 0 2 5 12 5 9 8 7 6 7 0 1 2 5 9 5 2 0 7 
10 13 12 13 10 11 8 7 6 7 8 11 12 5 9 8 7 
10 3 4 5 12 11 10 3 4 6 4 5 12 13 8 9 5 12 13 8 7 
10 3 1 2 5 12 13 10 11 8 7 6 4 5 12 13 8 9 8 13 10 3 1 0 7 
10 13 8 9 5 12 13 10 11 8 7 6 4 3 1 2 5 9 8 13 10 3 1 0 7 
10 3 1 0 2 5 12 5 9 8 7 6 4 5 9 5 4 3 10 13 8 7 
10 11 8 13 12 11 8 7 6 4 3 10 11 8 9 5 4 3 1 2 0 7 
10 13 8 9 5 12 13 10 11 8 7 6 4 5 12 13 8 9 5 12 13 8 7 
10 11 8 13 12 11 10 3 4 6 7 8 13 12 5 9 5 4 6 7 
10 13 8 11 12 11 10 3 4 6 7 0 1 2 5 9 5 12 11 8 7 
10 11 8 9 5 12 13 10 11 8 7 6 7 8 9 5 2 1 0 7 
10 13 8 11 12 13 10 11 8 7 6 4 5 12 13 8 9 5 2 0 7 
10 3 4 5 12 13 8 7 6 7 0 2 5 9 8 13 10 3 1 0 7 
10 13 12 5 2 0 7 6 4 3 1 2 5 9 5 2 0 7 
10 13 8 9 5 12 11 8 7 6 4 5 9 8 7 
10 11 8 13 12 5 9 8 7 6 7 8 9 8 7 
10 3 4 5 9 8 11 12 11 10 3 4 6 4 5 9 5 4 3 10 13 8 7 
10 13 12 11 8 7 6 7 8 13 12 5 9 5 4 3 1 2 0 7 
10 13 8 9 5 12 13 10 11 8 7 6 7 0 2 5 9 5 2 1 0 7 
10 13 12 13 8 7 6 4 5 9 8 13 10 3 1 0 7 
10 13 12 13 10 11 8 7 6 7 8 11 12 5 9 5 12 11 8 7 
10 3 4 5 12 13 8 9 5 4 6 4 5 12 11 8 9 8 7 
10 11 12 13 8 9 5 4 6 7 8 11 12 5 9 5 2 0 7 
10 3 1 0 2 5 12 13 8 9 5 4 6 4 5 12 13 8 9 5 4 6 7 
10 11 12 5 2 0 7 6 7 0 2 5 9 5 4 6 7 
10 3 1 0 2 5 12 5 2 0 7 6 7 0 2 5 9 5 4 3 1 2 0 7 
10 3 4 5 12 5 9 8 7 6 7 0 2 5 9 5 12 11 8 7 
10 3 4 5 12 11 8 7 6 4 3 10 11 8 9 5 12 13 8 7 
10 11 12 5 2 0 7 6 4 5 9 8 7 
10 13 12 5 4 6 4 5 12 11 8 9 5 12 11 8 7 
10 3 4 5 9 8 11 12 13 8 7 6 4 3 1 2 5 9 5 12 13 8 7 
10 3 1 0 2 5 12 11 8 7 6 4 3 10 11 8 9 8 13 10 3 1 0 7 
---------------
Request id 26
0 2 5 12 11 8 7 6 6 7 0 2 1 3 10 
0 7 8 11 10 3 4 6 6 7 8 13 12 11 10 
0 7 6 6 7 8 13 12 11 10 
0 2 5 12 11 8 7 6 6 7 8 13 10 
0 1 3 4 6 6 4 5 2 1 3 10 
0 2 5 9 8 7 6 6 7 0 2 1 3 10 
0 7 8 9 5 4 6 6 7 8 13 12 11 10 
0 7 8 9 5 4 6 6 4 5 2 1 3 10 
0 1 3 10 11 8 7 6 6 4 5 12 11 10 
0 2 5 9 8 7 6 6 4 5 12 13 10 
0 2 5 4 6 6 7 0 2 1 3 10 
0 2 5 9 8 7 6 6 4 5 2 1 3 10 
0 7 8 11 10 3 4 6 6 7 8 11 10 
0 7 8 11 10 3 4 6 6 4 5 2 1 3 10 
0 7 8 11 10 3 4 6 6 7 0 1 3 10 
0 1 3 10 11 8 7 6 6 7 8 11 10 
0 1 3 4 6 6 7 8 11 12 13 10 
0 7 6 6 4 5 12 11 10 
0 2 1 3 4 6 6 7 8 11 12 13 10 
0 2 5 9 8 7 6 6 4 3 10 
0 2 5 4 6 6 4 3 10 
0 1 3 10 11 8 7 6 6 7 8 11 12 13 10 
0 1 2 5 4 6 6 7 8 11 10 
0 1 3 4 6 6 4 5 12 13 10 
0 2 1 3 4 6 6 4 3 10 
0 2 5 12 11 8 7 6 6 7 8 11 10 
0 1 2 5 4 6 6 4 5 12 11 10 
0 1 3 4 6 6 7 8 11 10 
0 1 3 10 11 8 7 6 6 4 5 2 1 3 10 
0 1 2 5 4 6 6 7 0 2 1 3 10 
0 2 5 9 8 7 6 6 7 8 11 12 13 10 
0 2 5 12 11 8 7 6 6 4 3 10 
0 1 3 4 6 6 7 8 13 10 
0 1 3 4 6 6 7 8 13 12 11 10 
0 1 2 5 4 6 6 4 3 10 
0 7 8 9 5 4 6 6 7 8 11 10 
0 2 5 4 6 6 4 5 12 13 10 
0 1 2 5 4 6 6 7 8 13 10 
0 1 3 10 11 8 7 6 6 7 8 13 12 11 10 
0 7 6 6 7 0 2 1 3 10 
---------------
Request id 13
4 3 1 0 7 6 7 0 2 5 4 3 
4 3 10 13 8 7 6 4 5 2 0 1 3 
4 3 1 2 0 7 6 7 8 13 10 3 
4 5 12 13 8 7 6 4 5 2 1 3 
4 5 2 1 0 7 6 7 8 13 10 3 
4 5 9 8 7 6 7 8 11 10 3 
4 5 12 11 8 7 6 4 5 2 1 3 
4 3 1 0 7 6 4 5 12 11 10 3 
4 5 2 0 7 6 4 3 
4 5 12 13 8 7 6 7 0 2 1 3 
4 5 12 13 8 7 6 7 8 13 10 3 
4 5 2 1 0 7 6 7 8 9 5 4 3 
4 5 12 13 8 7 6 4 3 
4 3 1 0 7 6 7 8 9 5 4 3 
4 3 1 0 7 6 7 8 11 10 3 
4 3 1 2 0 7 6 7 0 2 5 4 3 
4 5 12 13 8 7 6 4 5 12 11 10 3 
4 3 10 13 8 7 6 4 5 12 11 10 3 
4 3 1 2 0 7 6 7 0 2 1 3 
4 3 10 13 8 7 6 7 8 9 5 4 3 
4 5 12 13 8 7 6 7 0 1 3 
4 5 9 8 7 6 7 8 9 5 4 3 
4 3 10 13 8 7 6 7 0 1 3 
4 5 12 11 8 7 6 7 0 2 5 4 3 
4 5 2 0 7 6 4 5 12 11 10 3 
4 5 12 11 8 7 6 4 5 12 11 10 3 
4 3 10 13 8 7 6 4 5 2 1 3 
4 5 9 8 7 6 7 0 2 5 4 3 
4 3 10 11 8 7 6 7 8 13 10 3 
4 5 9 8 7 6 4 5 2 1 3 
4 5 2 0 7 6 7 8 11 10 3 
4 3 10 11 8 7 6 7 0 2 5 4 3 
4 5 9 8 7 6 4 3 
4 5 2 0 7 6 7 0 2 5 4 3 
4 5 2 0 7 6 4 5 2 0 1 3 
4 5 9 8 7 6 7 0 2 1 3 
4 3 10 13 8 7 6 7 8 13 10 3 
4 5 2 0 7 6 4 5 2 1 3 
4 5 12 11 8 7 6 4 3 
4 5 2 1 0 7 6 7 0 2 5 4 3 
---------------
Request id 15
3 10 13 8 7 6 6 6 4 5 2 0 1 
3 10 11 8 7 6 6 6 7 8 9 5 2 1 
3 10 13 8 7 6 6 6 7 0 2 1 
3 10 11 12 5 4 6 6 6 7 0 2 1 
3 1 2 5 4 6 6 6 4 5 2 0 1 
3 1 2 5 4 6 6 6 7 8 11 10 3 1 
3 10 13 12 5 4 6 6 6 7 8 9 5 4 3 1 
3 10 11 8 7 6 6 6 7 0 1 
3 10 11 8 7 6 6 6 4 5 2 0 1 
3 4 6 6 6 4 5 2 0 1 
3 1 2 5 4 6 6 6 7 8 9 5 4 3 1 
3 4 5 2 0 7 6 6 6 4 3 1 
3 10 13 12 5 4 6 6 6 4 5 2 1 
3 1 0 7 6 6 6 7 8 11 10 3 1 
3 1 2 5 4 6 6 6 7 0 1 
3 1 0 2 5 4 6 6 6 7 0 1 
3 4 5 2 0 7 6 6 6 7 0 2 1 
3 4 5 2 0 7 6 6 6 7 0 1 
3 10 11 8 7 6 6 6 4 3 1 
3 4 6 6 6 7 8 9 5 2 1 
3 1 2 0 7 6 6 6 7 0 2 1 
3 1 0 7 6 6 6 7 0 2 1 
3 4 6 6 6 4 3 1 
3 1 2 0 7 6 6 6 4 5 2 1 
3 1 0 7 6 6 6 4 5 2 1 
3 4 5 2 0 7 6 6 6 7 8 9 5 4 3 1 
3 1 0 2 5 4 6 6 6 4 3 1 
3 4 5 2 0 7 6 6 6 7 8 13 10 3 1 
3 1 2 0 7 6 6 6 7 0 1 
3 1 0 2 5 4 6 6 6 7 8 9 5 4 3 1 
3 10 11 12 5 4 6 6 6 4 5 2 1 
3 1 2 5 4 6 6 6 4 5 2 1 
3 4 5 2 0 7 6 6 6 7 0 2 5 4 3 1 
3 10 11 8 7 6 6 6 4 5 2 1 
3 4 6 6 6 7 8 13 10 3 1 
3 10 13 12 5 4 6 6 6 7 8 11 10 3 1 
3 1 2 0 7 6 6 6 7 8 13 10 3 1 
3 1 2 0 7 6 6 6 4 5 2 0 1 
3 1 2 0 7 6 6 6 4 3 1 
3 10 11 12 5 4 6 6 6 4 5 2 0 1 
---------------
Request id 23
2 1 3 4 6 6 7 0 1 2 5 9 5 2 1 3 10 
2 5 4 6 6 7 8 13 12 5 9 5 4 3 10 
2 5 4 3 1 0 7 6 6 7 8 11 12 5 9 8 11 10 
2 1 3 4 6 6 4 5 12 11 8 9 8 11 10 
2 1 0 7 6 6 4 3 1 2 5 9 5 12 11 8 13 10 
2 0 1 3 4 6 6 7 8 13 12 5 9 5 12 11 10 
2 0 7 8 9 5 4 6 6 4 5 12 13 8 9 5 12 11 10 
2 5 9 8 7 6 6 7 8 9 5 12 13 10 
2 0 7 8 9 5 4 6 6 7 8 13 12 5 9 8 13 12 11 10 
2 5 4 3 1 0 7 6 6 4 3 10 13 8 9 8 7 6 4 3 10 
2 0 1 3 4 6 6 4 5 12 13 8 9 5 4 3 10 
2 5 4 6 6 4 3 10 13 8 9 8 11 10 
2 5 4 6 6 7 8 11 12 5 9 5 4 3 10 
2 1 3 4 6 6 7 8 13 12 5 9 8 11 10 
2 5 12 11 8 7 6 6 4 5 12 11 8 9 8 7 6 4 3 10 
2 5 9 8 7 6 6 4 5 12 11 8 9 5 12 11 10 
2 0 1 3 4 6 6 4 3 10 13 8 9 5 12 11 10 
2 0 1 3 4 6 6 7 0 2 5 9 8 13 10 
2 5 4 6 6 7 8 11 12 5 9 8 7 6 4 3 10 
2 1 0 7 6 6 7 0 2 5 9 8 13 12 11 10 
2 5 12 13 8 7 6 6 4 3 1 2 5 9 5 12 11 8 13 10 
2 0 7 8 9 5 4 6 6 4 3 1 2 5 9 8 11 10 
2 5 4 6 6 7 8 13 12 5 9 8 13 12 11 10 
2 0 7 6 6 4 3 1 2 5 9 5 4 3 10 
2 5 12 13 8 7 6 6 4 3 10 13 8 9 5 12 13 10 
2 5 4 3 1 0 7 6 6 4 3 10 13 8 9 5 12 13 10 
2 5 4 3 1 0 7 6 6 7 0 1 2 5 9 8 7 6 4 3 10 
2 0 1 3 4 6 6 4 3 1 2 5 9 5 4 3 10 
2 0 1 3 4 6 6 7 8 9 8 7 6 4 3 10 
2 5 4 3 1 0 7 6 6 4 3 10 13 8 9 8 11 12 13 10 
2 0 7 8 9 5 4 6 6 7 0 2 5 9 8 7 6 4 3 10 
2 5 12 13 8 7 6 6 4 3 1 2 5 9 8 13 10 
2 5 12 11 8 7 6 6 7 8 9 8 11 12 13 10 
2 1 0 7 6 6 4 5 12 13 8 9 8 11 10 
2 1 0 7 6 6 7 0 1 2 5 9 5 12 11 10 
2 0 7 6 6 7 8 11 12 5 9 5 12 11 8 13 10 
2 5 9 8 7 6 6 4 3 1 2 5 9 5 2 1 3 10 
2 0 1 3 4 6 6 7 8 13 12 5 9 8 13 10 
2 0 7 6 6 4 5 12 13 8 9 8 13 12 11 10 
2 0 1 3 4 6 6 7 0 1 2 5 9 5 2 1 3 10 
---------------
Request id 1
1 0 2 5 4 6 7 0 1 2 
1 3 10 13 8 7 6 4 5 2 
1 3 10 11 8 7 6 7 0 2 
1 0 7 8 9 5 4 6 7 0 1 3 4 5 2 
1 0 7 6 7 8 11 12 5 2 
1 3 10 13 8 7 6 7 0 2 
1 3 10 11 8 7 6 7 8 9 5 2 
1 0 2 5 4 6 7 0 2 
1 2 0 7 6 7 0 1 3 4 5 2 
1 3 10 11 12 5 4 6 7 0 1 3 4 5 2 
1 3 4 6 4 5 2 
1 3 10 11 12 5 4 6 4 3 1 2 
1 2 5 4 6 4 5 2 
1 3 10 13 8 7 6 7 8 11 12 5 2 
1 3 10 11 8 7 6 7 0 1 2 
1 3 10 13 8 7 6 7 8 9 5 2 
1 2 0 7 6 7 0 1 2 
1 2 0 7 6 4 3 1 0 2 
1 0 7 6 4 5 2 
1 0 7 8 9 5 4 6 4 5 2 
1 2 5 9 8 7 6 4 3 10 11 12 5 2 
1 3 10 11 8 7 6 4 3 1 0 2 
1 0 2 5 4 6 4 3 1 2 
1 3 10 13 8 7 6 7 0 1 3 4 5 2 
1 0 2 5 4 6 7 0 1 3 4 5 2 
1 2 5 4 6 7 0 1 3 4 5 2 
1 0 2 5 4 6 4 5 2 
1 3 4 6 7 8 9 5 2 
1 2 5 9 8 7 6 7 8 13 12 5 2 
1 3 10 11 12 5 4 6 7 8 9 5 2 
1 2 5 9 8 7 6 7 0 2 
1 2 0 7 6 7 8 9 5 2 
1 3 10 11 8 7 6 4 5 2 
1 3 10 13 8 7 6 7 0 1 2 
1 0 2 5 4 6 7 8 11 12 5 2 
1 3 10 13 8 7 6 7 8 13 12 5 2 
1 0 2 5 4 6 4 3 10 11 12 5 2 
1 0 7 8 9 5 4 6 7 0 1 2 
1 0 7 6 4 3 10 11 12 5 2 
1 3 4 6 7 0 2 
---------------
Request id 12
3 1 2 0 7 6 6 4 3 10 11 12 5 2 0 1 
3 10 13 12 5 4 6 6 4 5 12 13 8 7 0 1 
3 10 11 12 5 4 6 6 4 3 10 13 12 11 8 9 5 2 1 
3 10 13 8 7 6 6 7 8 13 12 11 8 7 0 1 
3 1 0 2 5 4 6 6 4 3 10 13 12 11 8 9 5 2 1 
3 1 2 5 4 6 6 4 5 12 5 4 3 1 
3 4 6 6 4 5 12 5 2 1 
3 1 0 7 6 6 7 8 9 5 12 5 4 3 1 
3 1 2 5 4 6 6 7 8 13 12 5 4 3 1 
3 1 2 5 4 6 6 7 0 2 5 12 13 10 3 1 
3 4 5 2 0 7 6 6 4 5 12 11 10 3 1 
3 10 13 12 5 4 6 6 4 3 10 11 12 11 8 7 0 1 
3 10 11 8 7 6 6 7 8 9 5 12 13 8 7 0 1 
3 10 11 12 5 4 6 6 7 8 9 5 12 5 4 3 1 
3 10 13 12 5 4 6 6 4 5 9 8 11 12 11 10 3 1 
3 4 5 2 0 7 6 6 7 8 9 5 12 11 8 9 5 2 1 
3 1 2 5 4 6 6 4 5 12 5 2 1 
3 4 5 2 0 7 6 6 7 8 11 12 5 2 1 
3 1 2 0 7 6 6 4 3 10 13 12 5 2 0 1 
3 10 11 8 7 6 6 7 0 2 5 12 5 9 8 7 0 1 
3 4 5 2 0 7 6 6 4 5 12 5 2 0 1 
3 10 13 8 7 6 6 7 0 1 2 5 12 13 10 3 1 
3 10 13 8 7 6 6 7 8 11 12 5 4 6 7 0 1 
3 1 2 0 7 6 6 7 8 13 12 5 2 0 1 
3 1 0 2 5 4 6 6 4 5 9 8 11 12 11 8 7 0 1 
3 10 11 12 5 4 6 6 4 3 10 11 12 11 8 7 0 1 
3 1 2 5 4 6 6 7 8 11 10 13 12 5 2 1 
3 10 13 8 7 6 6 4 5 12 11 8 7 0 1 
3 10 13 8 7 6 6 4 5 9 8 11 12 11 8 9 5 2 1 
3 10 13 12 5 4 6 6 7 8 13 12 5 4 6 7 0 1 
3 1 2 5 4 6 6 4 3 10 11 12 5 2 0 1 
3 10 13 12 5 4 6 6 4 3 10 13 12 5 2 1 
3 4 5 2 0 7 6 6 7 8 11 10 13 12 5 4 6 7 0 1 
3 1 2 5 4 6 6 4 3 10 13 12 11 10 3 1 
3 10 13 8 7 6 6 7 8 11 12 13 8 7 0 1 
3 10 13 8 7 6 6 7 8 13 12 5 2 1 
3 4 6 6 7 0 2 5 12 11 8 9 5 2 1 
3 1 0 7 6 6 7 8 11 12 5 9 8 7 0 1 
3 1 2 5 4 6 6 4 5 12 13 10 3 1 
3 4 5 2 0 7 6 6 7 8 11 10 13 12 11 8 7 0 1 
---------------
Request id 30
4 5 2 1 0 7 6 7 0 2 5 9 8 
4 3 1 0 7 6 7 8 
4 5 12 11 8 7 6 4 5 12 13 8 
4 3 1 2 0 7 6 7 0 2 5 12 11 8 
4 3 1 0 7 6 4 3 1 0 7 8 
4 3 1 0 7 6 4 5 2 0 7 8 
4 5 12 13 8 7 6 7 8 
4 3 1 0 7 6 4 3 10 11 8 
4 6 4 3 10 13 8 
4 6 4 5 12 13 8 
4 6 4 5 9 8 
4 5 12 13 8 7 6 4 5 2 0 7 8 
4 5 9 8 7 6 4 5 2 0 7 8 
4 5 12 11 8 7 6 7 0 2 5 9 8 
4 3 10 13 8 7 6 7 0 2 5 9 8 
4 5 2 0 7 6 4 5 9 8 
4 3 1 0 7 6 4 5 12 11 8 
4 6 7 8 
4 5 2 0 7 6 4 5 12 13 8 
4 5 2 1 0 7 6 4 3 1 0 7 8 
4 3 10 13 8 7 6 7 0 2 5 12 11 8 
4 5 2 0 7 6 4 3 10 11 8 
4 3 1 2 0 7 6 7 8 
4 3 1 2 0 7 6 4 5 2 0 7 8 
4 5 12 11 8 7 6 4 3 10 13 8 
4 5 12 13 8 7 6 4 3 10 13 8 
4 3 1 0 7 6 4 5 9 8 
4 3 10 13 8 7 6 4 5 12 11 8 
4 5 2 1 0 7 6 4 5 2 0 7 8 
4 3 1 0 7 6 4 5 12 13 8 
4 3 10 13 8 7 6 4 5 9 8 
4 5 2 0 7 6 4 5 12 11 8 
4 5 12 13 8 7 6 4 5 12 11 8 
4 5 2 1 0 7 6 4 5 9 8 
4 3 10 13 8 7 6 4 3 1 0 7 8 
4 5 2 0 7 6 4 5 2 0 7 8 
4 3 10 13 8 7 6 4 3 10 13 8 
4 5 9 8 7 6 4 3 1 0 7 8 
4 5 12 11 8 7 6 4 5 9 8 
4 5 2 0 7 6 7 8 
---------------
Request id 3
1 2 5 4 6 6 6 4 5 2 1 0 7 
1 2 5 4 6 6 6 4 5 9 8 7 
1 2 5 9 8 7 6 6 6 4 3 1 0 7 
1 0 7 6 6 6 4 3 10 13 8 7 
1 0 2 5 4 6 6 6 4 3 1 0 7 
1 2 0 7 6 6 6 4 5 9 8 7 
1 3 10 11 8 7 6 6 6 4 3 10 11 8 7 
1 3 10 13 8 7 6 6 6 4 5 12 11 8 7 
1 2 5 4 6 6 6 4 5 2 0 7 
1 3 4 5 2 0 7 6 6 6 7 
1 2 0 7 6 6 6 4 5 12 11 8 7 
1 3 10 11 8 7 6 6 6 7 
1 2 5 4 6 6 6 4 5 12 11 8 7 
1 3 10 13 8 7 6 6 6 4 5 2 1 0 7 
1 2 5 4 6 6 6 4 5 12 13 8 7 
1 3 4 6 6 6 4 5 9 8 7 
1 0 7 6 6 6 4 5 12 13 8 7 
1 2 0 7 6 6 6 7 
1 2 0 7 6 6 6 4 5 2 0 7 
1 3 10 11 8 7 6 6 6 4 5 9 8 7 
1 3 10 13 8 7 6 6 6 4 5 12 13 8 7 
1 0 2 5 4 6 6 6 4 5 2 1 0 7 
1 0 7 6 6 6 4 5 2 0 7 
1 3 10 11 8 7 6 6 6 4 3 1 0 7 
1 0 7 6 6 6 4 3 10 11 8 7 
1 3 10 13 12 5 4 6 6 6 4 5 9 8 7 
1 3 4 5 2 0 7 6 6 6 4 3 1 2 0 7 
1 0 2 5 4 6 6 6 4 5 12 11 8 7 
1 2 5 4 6 6 6 7 
1 3 10 11 8 7 6 6 6 4 3 10 13 8 7 
1 2 5 9 8 7 6 6 6 4 3 1 2 0 7 
1 0 2 5 4 6 6 6 4 5 9 8 7 
1 2 5 4 6 6 6 4 3 1 2 0 7 
1 3 4 6 6 6 4 3 1 2 0 7 
1 3 10 13 8 7 6 6 6 4 5 9 8 7 
1 2 5 9 8 7 6 6 6 7 
1 3 4 6 6 6 7 
1 3 10 13 8 7 6 6 6 7 
1 0 7 6 6 6 4 3 1 0 7 
1 3 10 13 8 7 6 6 6 4 3 10 13 8 7 
---------------
Request id 18
3 10 11 8 7 6 6 7 8 11 12 5 
3 10 13 12 5 4 6 6 4 3 1 0 2 5 
3 1 2 5 4 6 6 7 0 1 3 4 5 
3 10 13 8 7 6 6 4 3 10 11 12 5 
3 1 0 2 5 4 6 6 7 8 11 12 5 
3 4 5 2 0 7 6 6 7 8 11 12 5 
3 10 11 8 7 6 6 4 3 10 11 12 5 
3 4 5 2 0 7 6 6 4 3 1 0 2 5 
3 1 0 7 6 6 7 8 9 5 
3 10 13 12 5 4 6 6 7 0 1 3 4 5 
3 4 6 6 7 8 9 5 
3 4 6 6 7 8 13 12 5 
3 1 2 5 4 6 6 7 8 11 12 5 
3 10 13 12 5 4 6 6 7 0 2 5 
3 1 0 2 5 4 6 6 7 0 1 2 5 
3 10 13 12 5 4 6 6 4 3 10 11 12 5 
3 4 5 2 0 7 6 6 4 5 
3 10 13 8 7 6 6 4 3 1 2 5 
3 1 2 5 4 6 6 4 3 1 2 5 
3 1 2 5 4 6 6 4 3 1 0 2 5 
3 10 11 12 5 4 6 6 4 3 1 2 5 
3 1 0 2 5 4 6 6 4 3 1 0 2 5 
3 10 13 12 5 4 6 6 7 8 11 12 5 
3 1 0 2 5 4 6 6 7 8 9 5 
3 10 11 12 5 4 6 6 4 3 1 0 2 5 
3 10 11 8 7 6 6 7 0 1 3 4 5 
3 4 6 6 7 0 1 2 5 
3 10 13 8 7 6 6 7 8 9 5 
3 10 11 8 7 6 6 4 3 1 0 2 5 
3 1 2 0 7 6 6 4 3 1 0 2 5 
3 1 0 7 6 6 7 8 13 12 5 
3 4 6 6 7 0 1 3 4 5 
3 10 13 8 7 6 6 7 0 1 2 5 
3 1 2 5 4 6 6 4 5 
3 1 2 5 4 6 6 7 8 13 12 5 
3 10 13 8 7 6 6 7 8 13 12 5 
3 1 0 7 6 6 7 8 11 12 5 
3 4 6 6 4 3 1 0 2 5 
3 1 2 0 7 6 6 4 3 1 2 5 
3 10 11 12 5 4 6 6 7 0 1 3 4 5 
---------------
Request id 6
0 7 8 9 5 12 13 10 3 4 6 6 4 3 10 13 8 7 
0 7 6 4 5 12 5 4 6 6 4 5 9 8 7 
0 1 2 5 12 11 10 3 4 6 6 4 3 10 11 8 7 
0 1 3 10 13 12 5 2 0 7 6 6 4 5 2 0 7 
0 7 8 13 12 11 8 9 5 4 6 6 4 5 2 1 0 7 
0 1 3 4 5 12 13 8 9 5 4 6 6 4 5 2 0 7 
0 1 3 10 11 12 11 8 7 6 6 4 5 9 8 7 
0 2 1 3 10 13 12 13 8 9 5 4 6 6 4 5 2 1 0 7 
0 1 3 10 13 12 11 10 13 8 7 6 6 4 5 12 13 8 7 
0 1 3 10 13 12 11 8 7 6 6 4 5 2 1 0 7 
0 7 8 13 12 13 8 7 6 6 4 3 10 11 8 7 
0 1 3 4 5 12 5 4 6 6 4 5 12 13 8 7 
0 7 6 4 5 12 11 10 13 8 7 6 6 4 3 1 2 0 7 
0 2 5 12 13 10 3 4 6 6 4 3 10 11 8 7 
0 1 3 10 11 12 11 10 3 4 6 6 7 
0 7 8 9 5 12 11 8 9 5 4 6 6 4 5 2 0 7 
0 7 6 4 5 12 13 10 3 4 6 6 4 5 9 8 7 
0 7 8 9 5 12 11 10 13 8 7 6 6 4 5 12 13 8 7 
0 7 8 9 5 12 5 2 0 7 6 6 4 5 12 13 8 7 
0 1 3 10 11 12 13 10 3 4 6 6 7 
0 7 6 4 5 12 5 4 6 6 4 5 12 13 8 7 
0 7 6 4 5 12 11 10 13 8 7 6 6 4 5 12 11 8 7 
0 1 3 10 11 12 11 10 13 8 7 6 6 7 
0 7 8 9 5 12 5 2 0 7 6 6 4 5 9 8 7 
0 7 6 4 5 12 11 8 9 5 4 6 6 7 
0 1 3 4 5 12 11 10 13 8 7 6 6 4 5 9 8 7 
0 7 8 11 12 11 8 7 6 6 4 5 12 13 8 7 
0 7 8 9 5 12 11 10 3 4 6 6 4 5 9 8 7 
0 1 3 10 13 12 13 8 9 5 4 6 6 4 5 9 8 7 
0 7 8 11 12 13 8 9 5 4 6 6 4 3 10 13 8 7 
0 1 3 10 11 12 13 10 3 4 6 6 4 3 1 2 0 7 
0 2 5 12 11 8 7 6 6 4 5 12 13 8 7 
0 7 6 4 5 12 13 10 3 4 6 6 4 5 12 13 8 7 
0 1 3 10 13 12 11 10 13 8 7 6 6 7 
0 7 8 9 5 12 11 10 3 4 6 6 4 3 10 11 8 7 
0 7 8 11 12 5 4 6 6 4 5 12 11 8 7 
0 7 8 9 5 12 13 8 9 5 4 6 6 4 3 10 11 8 7 
0 2 5 12 5 4 6 6 4 3 1 0 7 
0 1 3 10 11 12 11 8 9 5 4 6 6 4 5 9 8 7 
0 1 3 10 13 12 11 8 7 6 6 4 3 1 2 0 7 
---------------
Request id 7
5 4 3 10 11 8 13 10 3 4 6 4 5 12 11 8 7 
5 12 13 8 11 12 5 4 6 4 3 10 11 8 7 
5 4 3 10 11 10 3 1 0 7 6 4 3 1 0 7 
5 12 13 8 11 8 9 5 4 6 4 3 1 0 7 
5 4 3 10 11 8 7 6 4 3 1 2 0 7 
5 12 13 10 11 8 9 5 4 6 4 5 2 0 7 
5 9 8 13 12 11 8 9 5 4 6 4 5 2 1 0 7 
5 12 11 10 13 8 7 6 4 5 2 0 7 
5 4 6 7 8 11 10 3 4 6 4 5 9 8 7 
5 2 0 7 8 11 12 13 10 3 4 6 4 5 2 1 0 7 
5 12 13 10 11 8 13 10 3 4 6 4 3 10 11 8 7 
5 12 13 10 11 10 3 4 6 4 5 9 8 7 
5 2 0 7 8 11 12 5 9 8 7 6 4 3 1 2 0 7 
5 12 13 10 11 10 13 8 7 6 4 3 10 13 8 7 
5 4 3 10 11 10 3 1 0 7 6 4 3 1 2 0 7 
5 2 0 7 8 11 12 13 8 7 6 4 5 9 8 7 
5 9 8 13 10 11 8 7 6 4 5 2 0 7 
5 12 11 10 3 1 0 7 6 4 3 10 13 8 7 
5 9 8 11 8 9 5 4 6 4 3 10 13 8 7 
5 9 8 13 12 11 12 13 8 7 6 4 3 10 11 8 7 
5 2 1 3 10 11 10 13 8 7 6 4 5 2 0 7 
5 12 13 10 11 8 7 6 4 5 9 8 7 
5 9 8 11 12 5 9 8 7 6 4 5 12 13 8 7 
5 9 8 11 8 13 10 3 4 6 4 3 10 11 8 7 
5 12 13 10 11 10 3 1 0 7 6 4 3 1 2 0 7 
5 9 8 11 10 3 1 0 7 6 4 3 10 13 8 7 
5 12 13 10 11 12 13 10 3 4 6 4 3 1 2 0 7 
5 12 13 8 11 8 13 10 3 4 6 4 3 10 13 8 7 
5 2 1 3 10 11 12 5 4 6 4 5 12 11 8 7 
5 9 8 13 12 11 12 5 9 8 7 6 4 5 12 11 8 7 
5 2 0 7 8 11 8 13 10 3 4 6 4 5 2 1 0 7 
5 9 8 13 10 11 12 13 8 7 6 4 3 1 0 7 
5 9 8 13 12 11 8 7 6 4 3 10 11 8 7 
5 12 13 8 11 12 5 9 8 7 6 4 3 10 13 8 7 
5 9 8 13 12 11 12 13 8 7 6 4 5 9 8 7 
5 2 0 7 8 11 8 7 6 4 3 10 13 8 7 
5 9 8 13 12 11 12 5 9 8 7 6 4 3 10 13 8 7 
5 2 1 3 10 11 12 13 8 7 6 4 5 2 1 0 7 
5 2 0 7 8 11 12 5 4 6 4 3 1 2 0 7 
5 9 8 11 12 5 4 6 4 5 2 1 0 7 
---------------
Request id 14
8 9 5 2 0 7 6 6 4 3 10 13 12 5 
8 13 10 3 4 6 6 7 0 1 3 4 5 
8 11 10 3 4 6 6 7 8 11 12 5 
8 11 10 3 4 6 6 4 3 1 2 5 
8 11 10 3 4 6 6 7 8 13 12 5 
8 13 12 5 4 6 6 7 8 11 12 5 
8 9 5 4 6 6 7 8 11 12 5 
8 11 10 13 12 5 4 6 6 7 0 2 5 
8 11 10 13 12 5 4 6 6 7 0 1 2 5 
8 9 5 4 6 6 4 3 1 2 5 
8 11 12 5 4 6 6 7 0 2 5 
8 11 10 3 4 6 6 4 3 10 11 12 5 
8 13 10 3 4 6 6 4 3 10 11 12 5 
8 13 12 5 4 6 6 7 0 1 2 5 
8 7 0 1 3 4 6 6 7 0 2 5 
8 11 10 13 12 5 4 6 6 4 3 1 2 5 
8 13 10 3 4 6 6 4 5 
8 13 10 3 4 6 6 4 3 10 13 12 5 
8 9 5 2 0 7 6 6 7 8 9 5 
8 7 0 2 5 4 6 6 4 3 1 2 5 
8 13 12 5 4 6 6 7 0 1 3 4 5 
8 13 12 5 4 6 6 7 8 13 12 5 
8 7 0 1 3 4 6 6 7 8 11 12 5 
8 11 12 5 4 6 6 7 0 1 2 5 
8 9 5 4 6 6 7 0 1 2 5 
8 7 6 6 7 0 2 5 
8 7 6 6 7 0 1 2 5 
8 9 5 2 0 7 6 6 4 3 1 2 5 
8 7 6 6 7 8 13 12 5 
8 13 10 3 4 6 6 7 0 1 2 5 
8 13 12 5 4 6 6 4 5 
8 7 0 2 5 4 6 6 7 0 1 3 4 5 
8 9 5 4 6 6 7 0 2 5 
8 13 12 5 4 6 6 7 8 9 5 
8 13 10 3 4 6 6 7 0 2 5 
8 11 12 5 4 6 6 7 8 9 5 
8 7 6 6 4 3 10 13 12 5 
8 9 5 2 0 7 6 6 7 8 13 12 5 
8 11 10 13 12 5 4 6 6 7 8 9 5 
8 13 10 3 4 6 6 4 3 1 2 5 
---------------
Request id 17
2 5 12 11 8 7 6 6 7 0 2 5 
2 5 4 3 1 0 7 6 6 7 8 13 12 5 
2 1 3 4 6 6 4 3 1 2 5 
2 0 1 3 4 6 6 7 0 1 2 5 
2 0 7 8 9 5 4 6 6 7 8 13 12 5 
2 5 12 13 8 7 6 6 4 3 10 11 12 5 
2 5 12 13 8 7 6 6 4 5 
2 5 12 11 8 7 6 6 4 5 
2 5 4 6 6 7 0 1 2 5 
2 0 1 3 4 6 6 4 3 10 11 12 5 
2 5 9 8 7 6 6 7 0 1 2 5 
2 0 1 3 4 6 6 4 5 
2 1 3 4 6 6 4 3 10 11 12 5 
2 5 4 6 6 4 3 1 0 2 5 
2 5 12 11 8 7 6 6 4 3 1 2 5 
2 1 0 7 6 6 7 0 1 3 4 5 
2 5 4 6 6 7 8 9 5 
2 0 7 8 9 5 4 6 6 4 3 1 0 2 5 
2 5 12 13 8 7 6 6 7 8 9 5 
2 1 3 4 6 6 4 3 1 0 2 5 
2 0 7 8 9 5 4 6 6 7 0 1 3 4 5 
2 0 1 3 4 6 6 7 0 1 3 4 5 
2 1 0 7 6 6 7 0 1 2 5 
2 5 12 11 8 7 6 6 4 3 1 0 2 5 
2 5 4 6 6 4 3 1 2 5 
2 0 1 3 4 6 6 7 0 2 5 
2 5 4 6 6 4 3 10 11 12 5 
2 5 12 11 8 7 6 6 7 0 1 3 4 5 
2 5 9 8 7 6 6 4 3 1 0 2 5 
2 5 4 3 1 0 7 6 6 7 0 2 5 
2 0 7 8 9 5 4 6 6 4 3 1 2 5 
2 5 9 8 7 6 6 7 8 11 12 5 
2 1 0 7 6 6 4 5 
2 0 7 6 6 7 0 1 2 5 
2 1 0 7 6 6 7 0 2 5 
2 0 7 6 6 4 3 10 11 12 5 
2 1 0 7 6 6 4 3 1 2 5 
2 5 12 13 8 7 6 6 7 8 13 12 5 
2 5 4 3 1 0 7 6 6 7 0 1 2 5 
2 0 1 3 4 6 6 7 8 11 12 5 
---------------
Request id 24
2 1 3 4 6 6 7 8 11 12 13 10 
2 5 12 13 8 7 6 6 7 8 11 12 13 10 
2 1 0 7 6 6 7 8 11 12 13 10 
2 1 0 7 6 6 7 8 13 10 
2 1 0 7 6 6 4 3 10 
2 1 3 4 6 6 4 3 10 
2 5 12 11 8 7 6 6 7 8 11 10 
2 0 7 8 9 5 4 6 6 4 5 9 8 11 10 
2 5 12 11 8 7 6 6 4 5 12 11 10 
2 0 7 6 6 7 8 13 10 
2 5 9 8 7 6 6 4 5 12 11 10 
2 1 0 7 6 6 4 5 12 13 10 
2 5 12 11 8 7 6 6 7 0 2 1 3 10 
2 5 4 6 6 4 5 9 8 11 10 
2 0 1 3 4 6 6 4 5 12 11 10 
2 0 7 8 9 5 4 6 6 4 3 10 
2 0 7 6 6 7 8 11 12 13 10 
2 5 4 3 1 0 7 6 6 4 3 10 
2 5 12 11 8 7 6 6 7 8 13 10 
2 5 4 3 1 0 7 6 6 7 0 2 1 3 10 
2 5 12 11 8 7 6 6 4 3 10 
2 5 4 6 6 7 8 11 10 
2 1 0 7 6 6 7 8 13 12 11 10 
2 5 4 6 6 7 0 2 1 3 10 
2 5 12 11 8 7 6 6 4 5 12 13 10 
2 0 1 3 4 6 6 4 5 9 8 11 10 
2 1 3 4 6 6 7 0 2 1 3 10 
2 5 4 3 1 0 7 6 6 7 8 11 10 
2 5 12 13 8 7 6 6 7 8 13 12 11 10 
2 0 1 3 4 6 6 7 8 11 12 13 10 
2 0 7 6 6 4 5 12 13 10 
2 0 7 8 9 5 4 6 6 7 8 11 12 13 10 
2 0 1 3 4 6 6 7 8 11 10 
2 5 4 3 1 0 7 6 6 4 5 12 11 10 
2 0 7 8 9 5 4 6 6 7 0 2 1 3 10 
2 5 12 13 8 7 6 6 4 5 12 11 10 
2 5 12 13 8 7 6 6 4 5 9 8 11 10 
2 5 4 3 1 0 7 6 6 7 8 11 12 13 10 
2 1 3 4 6 6 7 8 13 12 11 10 
2 0 1 3 4 6 6 4 5 12 13 10 
---------------
Request id 10
5 4 6 7 0 
5 12 13 10 3 4 6 7 0 
5 12 13 10 3 4 6 4 5 2 1 0 
5 12 11 10 3 4 6 7 0 
5 9 8 7 6 7 8 9 5 2 1 0 
5 4 3 1 0 7 6 7 8 9 5 2 0 
5 4 6 4 3 10 13 8 7 0 
5 12 11 10 3 4 6 4 3 1 0 
5 4 6 4 3 1 2 0 
5 4 6 4 3 1 0 
5 9 8 7 6 7 8 9 5 2 0 
5 4 3 1 0 7 6 4 3 1 2 0 
5 12 13 10 3 4 6 4 3 10 13 8 7 0 
5 12 13 8 7 6 4 3 1 2 0 
5 2 0 7 6 7 8 9 5 2 0 
5 2 1 0 7 6 4 5 9 8 7 0 
5 4 3 1 0 7 6 4 5 2 1 0 
5 4 3 1 0 7 6 4 5 12 13 8 7 0 
5 12 13 8 7 6 4 3 1 0 
5 2 0 7 6 4 3 10 13 8 7 0 
5 12 11 8 7 6 7 8 9 5 2 0 
5 2 1 3 4 6 7 0 
5 12 11 8 7 6 4 5 12 13 8 7 0 
5 12 11 8 7 6 7 8 9 5 2 1 0 
5 2 1 0 7 6 4 3 10 13 8 7 0 
5 9 8 7 6 7 0 
5 4 3 1 0 7 6 4 3 1 0 
5 9 8 7 6 4 3 1 0 
5 2 1 0 7 6 7 8 9 5 2 1 0 
5 2 1 3 4 6 4 3 10 13 8 7 0 
5 2 1 0 7 6 4 5 2 0 
5 12 13 8 7 6 7 8 9 5 2 1 0 
5 2 1 3 4 6 4 5 9 8 7 0 
5 12 13 10 3 4 6 4 5 12 13 8 7 0 
5 12 13 8 7 6 7 0 
5 12 13 10 3 4 6 4 5 9 8 7 0 
5 2 1 0 7 6 4 5 2 1 0 
5 2 0 7 6 7 0 
5 4 6 7 8 9 5 2 1 0 
5 12 11 8 7 6 4 5 2 0 
---------------
Request id 21
8 7 0 1 2 5 9 5 2 0 7 6 6 7 0 2 1 3 4 
8 11 12 5 9 8 11 10 3 4 6 6 7 8 11 10 3 4 
8 7 6 4 5 9 8 13 10 3 4 6 6 7 0 1 2 5 4 
8 11 12 5 9 5 2 1 3 4 6 6 7 8 9 5 4 
8 7 0 2 5 9 5 12 13 8 7 6 6 7 8 13 10 3 4 
8 11 10 13 12 5 9 8 11 12 5 4 6 6 7 8 13 10 3 4 
8 7 6 4 5 9 8 7 6 6 7 0 2 5 4 
8 7 0 1 2 5 9 5 4 6 6 7 8 9 5 4 
8 13 10 11 12 5 9 8 7 6 6 7 8 11 12 5 4 
8 7 0 2 5 9 8 11 12 5 4 6 6 7 8 11 10 3 4 
8 11 10 3 4 5 9 8 7 6 6 7 0 1 2 5 4 
8 11 10 3 4 5 9 5 2 0 7 6 6 7 0 1 2 5 4 
8 11 12 5 9 5 12 11 8 7 6 6 7 0 2 5 4 
8 13 12 5 9 5 2 1 3 4 6 6 7 0 2 5 4 
8 9 5 2 1 3 4 6 6 7 8 13 10 3 4 
8 7 6 4 5 9 5 12 13 8 7 6 6 7 8 13 10 3 4 
8 11 12 5 9 8 11 10 3 4 6 6 4 
8 13 12 5 9 5 4 6 6 7 8 13 12 5 4 
8 7 0 2 5 9 5 12 11 8 7 6 6 7 0 2 1 3 4 
8 13 10 3 4 5 9 5 2 1 3 4 6 6 7 0 1 3 4 
8 13 10 11 12 5 9 8 11 10 3 4 6 6 7 0 1 3 4 
8 11 10 13 12 5 9 5 4 6 6 7 0 1 2 5 4 
8 13 10 11 12 5 9 5 2 1 0 7 6 6 7 8 11 10 3 4 
8 11 10 13 12 5 9 5 12 11 8 7 6 6 7 0 2 1 3 4 
8 11 10 3 4 5 9 8 11 10 3 4 6 6 7 0 2 1 3 4 
8 11 10 13 12 5 9 8 11 12 5 4 6 6 7 8 13 12 5 4 
8 7 0 2 5 9 5 4 6 6 7 0 1 2 5 4 
8 7 0 2 5 9 5 12 11 8 7 6 6 4 
8 7 0 1 2 5 9 8 13 10 3 4 6 6 7 8 11 10 3 4 
8 7 0 2 5 9 8 11 10 3 4 6 6 7 0 2 5 4 
8 11 10 13 12 5 9 5 2 1 0 7 6 6 7 8 13 12 5 4 
8 11 10 13 12 5 9 5 12 13 8 7 6 6 7 0 1 3 4 
8 13 12 5 9 5 2 1 3 4 6 6 4 
8 11 10 3 4 5 9 5 2 1 0 7 6 6 7 8 11 12 5 4 
8 7 0 2 5 9 5 12 11 8 7 6 6 7 8 9 5 4 
8 11 12 5 9 8 11 12 5 4 6 6 4 
8 13 10 11 12 5 9 5 2 0 7 6 6 7 0 2 1 3 4 
8 7 0 1 2 5 9 5 12 13 8 7 6 6 7 8 11 10 3 4 
8 9 5 4 6 6 7 0 1 2 5 4 
8 7 0 1 2 5 9 8 11 12 5 4 6 6 7 0 2 1 3 4 
---------------
Request id 27
5 2 0 7 6 6 4 5 12 11 8 7 
5 12 11 10 3 4 6 6 4 5 9 8 7 
5 2 1 3 4 6 6 4 3 1 0 7 
5 4 3 1 0 7 6 6 4 5 12 13 8 7 
5 12 11 10 3 4 6 6 4 5 2 1 0 7 
5 12 11 8 7 6 6 4 3 10 13 8 7 
5 2 1 0 7 6 6 4 3 10 11 8 7 
5 12 13 10 3 4 6 6 4 5 12 13 8 7 
5 2 1 3 4 6 6 4 5 12 11 8 7 
5 12 11 8 7 6 6 4 5 12 11 8 7 
5 12 13 8 7 6 6 4 5 9 8 7 
5 2 0 7 6 6 4 3 1 0 7 
5 12 13 8 7 6 6 4 3 10 11 8 7 
5 12 13 10 3 4 6 6 4 5 9 8 7 
5 12 11 8 7 6 6 4 3 1 0 7 
5 2 1 3 4 6 6 4 5 9 8 7 
5 2 1 3 4 6 6 4 3 10 13 8 7 
5 12 11 8 7 6 6 7 
5 4 3 1 0 7 6 6 4 5 12 11 8 7 
5 12 11 10 3 4 6 6 4 3 1 0 7 
5 12 13 10 3 4 6 6 4 5 2 1 0 7 
5 9 8 7 6 6 4 3 1 2 0 7 
5 2 1 0 7 6 6 4 3 1 0 7 
5 12 13 10 3 4 6 6 4 5 2 0 7 
5 9 8 7 6 6 4 5 12 11 8 7 
5 12 13 8 7 6 6 4 3 1 0 7 
5 12 13 10 3 4 6 6 4 3 1 2 0 7 
5 12 13 8 7 6 6 4 5 12 11 8 7 
5 4 6 6 4 5 2 1 0 7 
5 4 3 1 0 7 6 6 4 3 10 11 8 7 
5 2 1 3 4 6 6 4 3 10 11 8 7 
5 2 0 7 6 6 4 5 12 13 8 7 
5 2 1 3 4 6 6 4 5 2 1 0 7 
5 4 6 6 4 5 12 13 8 7 
5 9 8 7 6 6 4 3 10 13 8 7 
5 12 11 10 3 4 6 6 4 5 2 0 7 
5 2 1 0 7 6 6 4 3 1 2 0 7 
5 9 8 7 6 6 4 3 10 11 8 7 
5 4 6 6 4 3 10 13 8 7 
5 12 11 8 7 6 6 4 5 12 13 8 7 
---------------
Request id 16
2 0 7 8 13 8 11 10 3 4 6 7 0 1 3 
2 5 12 11 8 13 12 5 4 6 7 0 2 1 3 
2 5 12 13 10 11 8 7 6 4 5 12 13 10 3 
2 0 1 3 10 13 10 3 1 0 7 6 4 3 
2 5 9 8 13 10 11 8 7 6 7 0 1 3 
2 0 1 3 10 13 10 3 1 0 7 6 7 0 2 5 4 3 
2 5 12 11 8 13 12 11 8 7 6 7 8 11 10 3 
2 5 12 13 10 3 4 6 7 8 11 10 3 
2 1 0 7 8 13 8 11 10 3 4 6 7 0 1 3 
2 5 12 13 12 5 9 8 7 6 7 0 2 1 3 
2 5 12 11 8 13 12 5 4 6 7 0 1 3 
2 0 7 8 11 12 13 12 11 10 3 4 6 7 0 2 5 4 3 
2 5 4 3 10 13 10 11 8 7 6 7 8 11 10 3 
2 5 9 8 13 10 11 8 7 6 7 0 2 1 3 
2 5 12 11 10 13 10 3 4 6 4 5 2 0 1 3 
2 1 3 10 13 10 3 1 0 7 6 7 0 2 1 3 
2 0 7 8 13 12 5 4 6 4 5 12 13 10 3 
2 0 7 8 11 12 13 12 5 4 6 4 5 2 0 1 3 
2 5 4 3 10 13 12 5 9 8 7 6 7 8 9 5 4 3 
2 5 12 11 10 13 12 5 9 8 7 6 7 0 2 1 3 
2 0 7 8 13 10 3 1 0 7 6 7 8 13 10 3 
2 5 12 13 12 5 9 8 7 6 4 5 12 13 10 3 
2 0 1 3 10 13 8 11 10 3 4 6 4 5 12 13 10 3 
2 5 12 11 8 13 12 5 9 8 7 6 7 8 9 5 4 3 
2 0 7 8 13 10 11 8 7 6 7 0 2 5 4 3 
2 5 9 8 13 12 5 4 6 7 0 1 3 
2 5 12 11 8 13 10 3 4 6 7 8 13 10 3 
2 5 9 8 13 8 9 5 4 6 7 8 11 10 3 
2 5 12 11 10 13 8 9 5 4 6 7 8 13 10 3 
2 0 1 3 10 13 12 11 8 7 6 7 0 1 3 
2 5 12 11 8 13 8 9 5 4 6 7 8 9 5 4 3 
2 5 12 11 8 13 8 11 10 3 4 6 7 0 2 1 3 
2 0 7 8 13 12 11 10 3 4 6 4 5 2 1 3 
2 0 1 3 10 13 10 3 4 6 4 5 12 13 10 3 
2 5 9 8 13 8 7 6 7 0 1 3 
2 5 4 3 10 13 10 3 4 6 7 8 11 10 3 
2 1 0 7 8 13 8 11 10 3 4 6 7 0 2 1 3 
2 5 9 8 13 8 11 10 3 4 6 7 0 2 1 3 
2 0 1 3 10 13 12 5 4 6 7 0 2 1 3 
2 5 12 11 8 13 10 3 4 6 7 0 2 1 3 
---------------
