Request id 1
41 61 59 56 40 32 28 25 18 13 0 13 11 12 14 17 21 22 27 24 16 18 25 28 26 
41 40 32 28 25 18 16 11 13 0 5 3 6 11 16 17 14 12 11 13 18 16 24 20 17 16 18 25 28 26 
41 40 32 28 25 18 16 11 13 0 5 3 13 18 16 17 21 22 27 24 27 31 34 38 39 40 32 28 26 
41 40 32 28 25 29 19 15 9 2 0 13 11 12 14 17 20 24 23 26 
41 40 32 35 37 36 29 25 18 13 0 5 3 6 11 16 17 14 12 10 8 6 11 16 24 16 11 6 3 13 18 25 28 26 
41 40 32 28 26 23 24 16 18 13 0 13 11 12 14 17 21 22 27 31 34 38 39 33 30 24 16 18 15 19 29 25 28 26 
41 40 32 28 25 18 13 0 13 18 16 17 14 12 10 8 6 11 16 24 16 11 13 18 25 28 26 
41 40 32 28 25 18 16 11 13 0 2 9 15 18 16 17 16 24 23 26 
41 40 39 33 30 24 16 18 13 0 5 3 13 18 16 17 20 24 23 26 
41 40 32 28 25 18 15 9 2 0 13 11 12 14 17 14 12 11 16 24 16 11 6 3 13 18 25 28 26 
41 40 32 28 25 18 16 11 13 0 13 3 6 11 16 17 16 18 25 28 26 23 24 16 11 13 18 25 28 26 
41 40 32 35 37 36 29 25 18 13 0 13 11 16 17 16 11 13 18 25 28 26 23 24 20 17 16 11 13 18 25 28 26 
41 40 32 35 37 36 29 25 18 13 0 13 18 16 24 20 17 14 12 10 8 6 11 16 24 16 18 25 28 26 
41 40 32 28 26 23 24 16 18 13 0 13 18 16 17 14 12 11 16 24 20 17 16 11 13 18 25 28 26 
41 40 32 28 25 29 19 15 9 2 0 13 11 12 14 17 14 12 11 16 24 16 18 15 19 29 25 28 26 
41 40 32 35 37 36 29 25 18 13 0 5 3 6 11 16 17 14 12 11 13 18 16 24 27 22 21 17 16 18 25 28 26 
41 40 39 33 30 24 16 11 13 0 13 3 6 11 16 17 21 22 27 31 34 38 39 33 30 24 16 11 6 3 13 18 25 28 26 
41 61 59 56 40 32 28 25 18 13 0 13 18 16 24 20 17 21 22 27 24 16 11 13 18 25 28 26 
41 40 32 28 26 23 24 16 18 13 0 13 11 16 17 21 22 27 31 34 38 39 33 30 24 30 33 39 40 32 28 26 
41 40 32 28 25 18 13 3 5 0 13 11 16 17 21 22 27 24 16 11 13 18 25 28 26 
---------------
Request id 6
72 73 74 70 64 65 54 46 41 40 39 38 34 31 27 24 16 18 25 29 36 37 45 44 48 46 54 65 64 70 74 
72 71 69 67 66 63 58 56 51 42 38 34 31 27 24 23 26 28 25 28 32 40 41 46 54 65 64 70 74 
72 71 69 67 66 62 61 59 56 51 42 38 42 51 56 40 32 28 25 28 32 40 41 46 54 65 64 70 74 
72 71 69 67 66 62 54 46 41 40 39 38 34 31 27 24 23 26 28 25 28 32 40 41 46 54 65 64 70 74 
72 71 69 68 65 54 46 41 40 39 38 34 31 27 24 16 18 25 28 32 35 37 45 44 48 57 60 64 70 74 
72 71 69 67 66 62 61 59 56 51 42 38 34 31 27 22 21 17 16 18 25 28 32 35 37 45 44 48 57 60 64 70 74 
72 71 69 67 66 62 61 41 40 39 38 34 31 27 24 16 11 13 18 25 28 32 40 41 61 62 66 67 69 71 72 73 74 
72 71 69 67 66 62 61 59 56 51 42 38 39 40 32 35 37 36 29 25 29 36 37 45 44 48 46 54 65 64 70 74 
72 71 69 67 66 63 58 56 51 42 38 39 33 30 24 23 26 28 25 28 32 35 37 45 44 48 57 60 64 70 74 
72 71 69 68 67 66 63 58 56 51 42 38 34 31 27 24 16 11 13 18 25 29 36 37 45 44 48 46 54 65 64 70 74 
72 71 69 67 66 62 54 46 41 40 39 38 39 33 30 24 23 26 28 25 28 32 40 56 58 63 66 67 69 71 72 73 74 
72 71 69 67 66 62 54 46 41 40 39 38 34 31 27 22 21 17 16 18 25 28 32 35 37 45 44 48 57 60 64 70 74 
72 73 74 70 64 65 54 46 41 40 39 38 34 31 27 24 16 18 25 28 32 35 37 45 44 48 57 60 64 70 74 
72 71 69 67 66 62 61 59 56 51 42 38 39 33 30 24 23 26 28 25 28 32 40 56 58 63 66 67 69 71 72 73 74 
72 71 69 67 66 63 58 55 49 42 38 39 33 30 24 23 26 28 25 28 32 40 41 46 54 65 68 69 71 72 73 74 
72 71 69 67 66 63 58 55 49 42 38 39 40 32 35 37 36 29 25 29 36 37 45 44 48 46 54 65 64 70 74 
72 71 69 67 66 62 61 41 40 39 38 39 40 32 35 37 36 29 25 29 36 37 45 44 48 46 54 65 64 70 74 
72 73 74 70 64 65 54 46 41 40 39 38 42 51 56 40 32 28 25 29 36 37 45 44 48 57 60 64 70 74 
72 71 69 68 67 66 63 58 56 51 42 38 39 40 32 28 25 28 32 40 41 46 54 65 68 69 71 72 73 74 
72 71 69 67 66 63 58 56 51 42 38 39 33 30 24 23 26 28 25 28 32 40 56 59 61 62 54 65 64 70 74 
---------------
Request id 5
19 29 25 28 26 23 24 16 11 13 18 15 18 16 11 6 3 5 0 13 11 16 18 25 28 32 40 39 38 39 40 41 61 62 54 65 64 70 74 
19 29 25 18 16 11 13 0 2 9 15 18 16 11 13 3 5 0 5 3 6 11 16 24 27 31 34 38 42 51 56 40 41 46 48 57 60 64 70 74 
19 29 25 28 26 23 24 20 17 16 18 15 18 13 11 6 3 5 0 13 11 16 18 25 28 32 40 39 38 42 51 56 40 41 46 48 57 60 64 70 74 
19 29 36 37 35 32 28 25 18 15 19 29 25 18 13 0 13 3 6 11 16 24 27 31 34 38 39 40 41 46 48 57 60 64 70 74 
19 29 25 28 26 23 24 16 11 13 18 15 18 16 11 13 3 5 0 13 11 16 17 21 22 27 31 34 38 42 51 56 58 63 66 67 68 65 64 70 74 
19 29 25 28 26 23 24 16 18 15 18 16 11 6 3 5 0 13 18 25 28 32 40 39 38 42 49 55 58 63 66 62 54 65 64 70 74 
19 29 25 28 26 23 24 16 18 15 18 13 11 6 3 5 0 13 11 16 24 30 33 39 38 39 40 56 59 61 62 54 65 64 70 74 
19 15 19 29 25 18 16 11 13 0 13 18 25 28 32 40 56 51 42 38 39 40 41 46 54 65 64 70 74 
19 29 25 18 13 3 5 0 2 9 15 18 16 11 13 0 13 11 16 17 21 22 27 31 34 38 39 40 56 58 63 66 67 69 71 72 73 74 
19 29 25 28 26 23 24 20 17 16 18 15 18 13 3 5 0 13 18 25 28 32 40 56 51 42 38 42 51 56 59 61 62 54 65 64 70 74 
19 29 25 18 16 11 13 0 2 9 15 18 16 11 6 3 5 0 13 11 16 17 21 22 27 31 34 38 42 51 56 40 41 46 54 65 64 70 74 
19 29 25 28 26 23 24 16 18 15 18 16 11 6 3 5 0 13 11 16 18 25 28 32 40 39 38 42 51 56 40 41 46 54 65 64 70 74 
19 15 18 16 11 13 3 5 0 5 3 6 11 16 24 27 31 34 38 42 51 56 59 61 62 54 65 64 70 74 
19 29 25 18 16 11 13 3 5 0 2 9 15 18 16 11 13 3 5 0 13 18 16 24 30 33 39 38 42 51 56 58 63 66 67 68 65 64 70 74 
19 29 25 18 15 18 16 11 6 3 5 0 13 11 16 24 30 33 39 38 39 40 41 46 54 65 64 70 74 
19 29 25 18 13 0 2 9 15 18 13 0 13 18 16 24 30 33 39 38 42 51 56 40 41 46 54 65 64 70 74 
19 29 25 28 26 23 24 16 18 15 18 13 3 5 0 13 11 16 18 25 28 32 40 39 38 42 49 55 58 63 66 62 54 65 64 70 74 
19 15 19 29 25 18 16 11 13 0 13 11 16 24 27 31 34 38 39 40 56 59 61 62 54 65 64 70 74 
19 29 36 37 35 32 28 25 18 15 18 13 11 6 3 5 0 13 11 16 17 21 22 27 31 34 38 42 51 56 59 61 62 54 65 64 70 74 
19 29 25 18 16 11 13 3 5 0 2 9 15 18 13 11 6 3 5 0 13 18 25 28 32 40 39 38 39 40 56 58 63 66 67 69 71 72 73 74 
---------------
Request id 7
51 42 38 34 31 27 24 23 26 28 25 18 13 11 16 17 20 24 23 26 
51 56 40 32 28 25 18 16 17 21 22 27 24 23 26 
51 42 49 55 58 56 40 32 28 32 40 39 33 30 24 23 26 
51 56 59 61 62 54 46 41 40 32 28 26 
51 56 40 39 33 30 24 23 26 28 25 18 16 17 20 24 23 26 
51 42 49 55 58 56 40 32 28 25 18 13 11 16 17 20 24 23 26 
51 42 38 34 31 27 24 23 26 28 25 29 19 15 18 16 24 23 26 
51 42 38 34 31 27 24 23 26 28 25 18 16 17 21 22 27 24 23 26 
51 56 40 32 35 37 36 29 25 28 25 18 13 3 6 11 16 24 23 26 
51 56 40 32 28 25 18 13 3 6 11 16 24 23 26 
51 42 38 39 33 30 24 23 26 28 25 18 16 24 23 26 
51 42 38 39 33 30 24 23 26 28 25 18 16 17 20 24 23 26 
51 56 40 39 33 30 24 23 26 28 25 18 16 24 23 26 
51 56 40 32 28 26 
51 56 40 32 28 25 18 16 17 20 24 23 26 
51 56 58 63 66 62 61 41 40 32 28 26 
51 56 40 32 28 25 18 16 24 23 26 
51 56 40 32 28 32 40 39 38 34 31 27 24 23 26 
51 56 40 32 35 37 36 29 25 28 25 18 16 24 23 26 
51 56 59 61 41 40 32 28 32 40 39 33 30 24 23 26 
---------------
Request id 4
9 2 0 13 11 16 18 25 28 26 23 24 20 17 16 18 15 19 
9 15 19 29 36 37 35 32 28 32 35 37 36 29 19 
9 15 18 25 29 36 37 35 32 28 32 35 37 36 29 19 
9 15 18 25 29 36 37 35 32 28 25 18 13 0 2 9 15 19 
9 15 19 29 25 28 25 29 19 
9 2 0 13 18 16 24 23 26 28 25 18 13 0 2 9 15 19 
9 15 18 25 28 25 29 19 
9 2 0 13 11 16 18 25 28 25 18 15 19 
9 15 18 16 24 23 26 28 32 35 37 36 29 19 
9 15 19 29 36 37 35 32 28 26 23 24 16 18 15 19 
9 2 0 5 3 13 18 25 28 25 18 15 19 
9 2 0 13 11 16 18 25 28 32 35 37 36 29 25 18 15 19 
9 2 0 13 18 16 24 23 26 28 26 23 24 20 17 16 18 15 19 
9 2 0 13 11 16 24 23 26 28 25 18 13 0 2 9 15 19 
9 15 18 16 24 23 26 28 26 23 24 16 11 13 18 15 19 
9 15 19 29 25 28 26 23 24 16 11 13 18 15 19 
9 2 0 13 11 16 24 23 26 28 26 23 24 16 18 25 29 19 
9 2 0 13 18 16 24 23 26 28 32 35 37 36 29 19 
9 2 0 5 3 13 18 25 28 26 23 24 16 11 13 18 15 19 
9 15 18 16 24 23 26 28 25 18 16 11 13 0 2 9 15 19 
---------------
Request id 10
50 49 55 58 56 59 61 41 40 32 28 26 23 24 30 33 39 38 39 40 56 58 63 66 62 61 
50 53 52 47 43 34 38 42 51 56 40 41 46 54 62 61 59 56 51 42 38 39 40 56 58 63 66 62 61 
50 53 52 47 43 34 38 39 40 41 61 62 66 63 58 56 51 42 38 42 49 55 58 63 66 62 61 
50 49 55 58 56 59 61 41 40 41 46 54 62 61 59 56 51 42 38 42 49 55 58 56 40 41 61 
50 49 55 58 56 59 61 41 40 56 58 55 49 42 38 42 51 56 58 63 66 62 61 
50 49 55 58 56 40 41 61 59 56 58 55 49 42 38 42 51 56 59 61 
50 49 55 58 56 51 42 38 39 40 41 61 59 56 51 42 38 39 40 41 61 
50 49 55 58 63 66 62 54 46 41 40 56 58 55 49 42 38 39 40 56 59 61 
50 49 55 58 63 66 62 54 46 41 40 56 51 42 38 42 51 56 58 63 66 62 61 
50 49 55 58 56 59 61 41 40 41 61 59 56 51 42 38 42 49 55 58 63 66 62 61 
50 49 42 51 56 59 61 41 40 41 61 59 56 58 55 49 42 38 39 40 41 61 
50 53 52 47 43 34 38 42 51 56 40 32 28 26 23 24 27 31 34 38 39 40 56 58 63 66 62 61 
50 49 55 58 56 59 61 41 40 39 38 42 49 55 58 63 66 62 61 
50 53 52 47 43 34 38 42 51 56 40 56 51 42 38 42 49 55 58 63 66 62 61 
50 53 52 47 43 34 38 39 40 32 28 26 23 24 27 31 34 38 42 49 55 58 56 59 61 
50 49 42 51 56 40 56 51 42 38 42 51 56 58 63 66 62 61 
50 49 42 51 56 59 61 41 40 41 61 62 66 63 58 56 51 42 38 42 51 56 58 63 66 62 61 
50 49 55 58 56 40 41 46 54 62 61 59 56 51 42 38 42 51 56 58 63 66 62 61 
50 49 42 38 39 40 41 61 59 56 51 42 38 39 40 41 46 54 62 61 
50 49 55 58 56 51 42 38 39 40 39 33 30 24 27 31 34 38 42 49 55 58 63 66 62 61 
---------------
Request id 8
69 67 66 63 58 55 49 42 38 34 31 27 24 20 17 14 12 11 6 3 13 18 25 29 36 37 45 
69 67 66 62 54 46 41 40 39 38 39 33 30 24 16 17 14 12 11 13 18 25 28 32 35 37 45 
69 67 66 63 58 55 49 42 38 39 33 30 24 20 17 14 12 14 17 16 18 25 29 36 37 45 
69 67 66 62 61 41 40 39 38 34 31 27 24 20 17 14 12 11 16 18 25 28 32 35 37 45 
69 67 66 63 58 56 51 42 38 39 33 30 24 20 17 14 12 11 13 18 25 29 36 37 45 
69 67 66 62 54 46 41 40 39 38 34 31 27 24 20 17 14 12 14 17 16 18 25 29 36 37 45 
69 68 67 66 63 58 56 40 39 38 34 31 27 24 16 18 13 11 12 11 16 18 25 29 36 37 45 
69 67 66 62 54 46 41 40 39 38 39 40 32 28 25 18 16 11 12 11 13 18 25 29 36 37 45 
69 67 66 62 61 59 56 51 42 38 34 31 27 24 16 17 14 12 14 17 16 18 15 19 29 36 37 45 
69 67 66 63 58 56 51 42 38 34 31 27 24 16 11 12 11 16 18 25 28 32 35 37 45 
69 67 66 63 58 56 51 42 38 34 31 27 24 16 17 14 12 11 13 18 15 19 29 36 37 45 
69 68 67 66 63 58 56 40 39 38 34 31 27 24 16 11 12 11 13 18 15 19 29 36 37 45 
69 67 66 63 58 55 49 42 38 34 31 27 24 20 17 14 12 11 16 18 15 19 29 36 37 45 
69 67 66 63 58 56 51 42 38 34 31 27 24 16 18 13 11 12 14 17 16 18 25 29 36 37 45 
69 67 68 65 54 46 41 40 39 38 39 33 30 24 16 11 12 11 16 18 15 19 29 36 37 45 
69 67 66 63 58 56 51 42 38 39 33 30 24 16 11 12 14 17 16 18 15 19 29 36 37 45 
69 67 66 62 54 46 41 40 39 38 39 33 30 24 16 11 12 14 17 16 18 15 19 29 36 37 45 
69 67 68 65 54 46 41 40 39 38 34 31 27 24 20 17 16 11 12 11 13 18 15 19 29 36 37 45 
69 67 66 62 54 46 41 40 39 38 39 40 32 28 25 18 16 11 12 11 13 18 25 28 32 35 37 45 
69 67 66 63 58 56 51 42 38 39 33 30 24 20 17 14 12 11 16 18 25 29 36 37 45 
---------------
Request id 9
2 9 15 18 16 11 13 3 13 18 25 28 32 40 41 61 62 54 65 64 70 
2 0 5 3 6 11 13 18 13 11 6 3 13 11 16 24 30 33 39 40 41 46 54 65 64 70 
2 0 5 3 6 11 16 18 15 9 2 0 5 3 13 11 16 18 25 28 32 40 41 46 54 65 64 70 
2 0 5 3 6 11 13 18 16 11 12 10 8 6 3 13 18 25 29 36 37 45 44 48 57 60 64 70 
2 0 5 3 6 11 13 18 16 11 13 0 5 3 6 11 16 18 25 28 32 40 41 46 54 65 64 70 
2 0 5 3 6 11 16 18 16 17 14 12 11 6 3 13 18 25 28 32 40 41 61 62 54 65 64 70 
2 0 5 3 6 11 16 18 16 11 12 10 8 6 3 13 11 16 18 25 28 32 40 41 46 54 65 64 70 
2 0 5 3 13 11 16 18 16 17 14 12 11 6 3 6 11 16 18 25 28 32 40 41 46 54 65 64 70 
2 0 13 18 13 0 5 3 13 11 16 18 25 28 32 40 41 46 54 65 64 70 
2 0 5 3 13 11 16 18 16 11 13 3 13 18 16 24 30 33 39 40 41 46 54 65 64 70 
2 0 5 3 13 11 16 18 13 11 6 3 6 11 16 18 25 28 32 40 41 46 54 65 64 70 
2 0 5 3 13 18 15 9 2 0 5 3 13 11 16 18 25 28 32 40 41 46 54 65 64 70 
2 0 13 18 16 17 14 12 11 6 3 13 18 25 29 36 37 45 44 48 57 60 64 70 
2 0 13 18 16 17 14 12 11 6 3 6 11 16 18 25 28 32 40 41 46 54 65 64 70 
2 0 13 3 6 11 16 18 15 9 2 0 13 3 13 18 25 28 32 40 41 61 62 54 65 64 70 
2 9 15 19 29 25 18 13 3 13 11 16 24 30 33 39 40 41 46 54 65 64 70 
2 9 15 19 29 25 18 16 11 13 3 5 0 13 18 25 28 32 40 41 46 54 65 64 70 
2 0 13 3 6 11 16 18 13 0 5 3 5 0 13 18 25 28 32 40 41 46 54 65 64 70 
2 9 15 19 29 25 18 13 3 6 11 16 18 25 28 32 40 41 46 54 65 64 70 
2 0 13 11 12 14 17 16 18 16 11 6 3 6 11 16 18 25 28 32 40 41 46 54 65 64 70 
---------------
Request id 3
37 35 32 28 26 23 24 16 18 25 29 25 18 13 0 13 11 16 18 25 28 26 23 24 27 31 34 43 47 52 
37 35 32 28 26 23 24 16 18 15 19 29 25 18 13 3 5 0 5 3 13 11 16 18 25 28 32 40 39 38 34 43 47 52 
37 35 32 28 25 18 13 0 2 9 15 19 29 25 18 16 11 13 0 5 3 6 11 13 18 16 24 30 33 39 38 34 43 47 52 
37 35 32 40 39 33 30 24 16 18 25 29 19 15 18 13 0 13 18 25 28 32 40 39 38 34 43 47 52 
37 35 32 28 26 23 24 16 18 15 19 29 25 18 13 3 5 0 13 3 6 11 16 18 16 24 30 33 39 38 34 43 47 52 
37 35 32 28 25 18 15 19 29 19 15 18 16 11 13 0 13 11 16 18 16 24 27 31 34 38 42 49 50 53 52 
37 35 32 28 25 18 13 0 2 9 15 19 29 25 18 13 0 2 9 15 19 29 25 18 16 24 30 33 39 38 34 43 47 52 
37 35 32 28 26 23 24 16 18 15 19 29 19 15 18 13 0 5 3 13 11 16 18 25 28 26 23 24 27 31 34 43 47 52 
37 35 32 28 25 18 15 19 29 25 18 15 9 2 0 5 3 13 11 16 18 16 17 20 24 27 31 34 43 47 52 
37 35 32 28 25 29 19 15 18 16 11 13 0 5 3 13 18 25 28 26 23 24 27 31 34 43 47 52 
37 45 44 48 46 41 40 32 28 25 29 25 18 16 11 6 3 5 0 13 11 12 14 17 16 18 25 28 32 40 56 58 55 49 50 53 52 
37 35 32 28 25 29 19 15 18 13 0 5 3 6 11 13 18 25 28 32 40 39 38 34 43 47 52 
37 35 32 40 39 33 30 24 23 26 28 25 29 25 18 16 11 13 0 13 18 25 28 32 40 56 58 55 49 50 53 52 
37 35 32 28 26 23 24 16 18 15 19 29 25 18 16 11 6 3 5 0 13 3 6 11 16 18 13 11 16 24 27 31 34 43 47 52 
37 35 32 28 26 23 24 16 18 15 19 29 19 15 18 16 11 13 0 2 9 15 19 29 25 18 16 17 20 24 27 31 34 43 47 52 
37 35 32 40 39 33 30 24 16 18 25 29 19 15 18 13 0 5 3 13 11 16 18 25 28 32 40 56 58 55 49 50 53 52 
37 35 32 28 26 23 24 16 18 15 19 29 19 15 18 16 11 13 0 5 3 6 11 16 18 16 17 20 24 27 31 34 43 47 52 
37 35 32 28 25 29 19 15 18 13 3 5 0 5 3 6 11 13 18 16 24 27 31 34 43 47 52 
37 35 32 28 25 18 15 19 29 25 18 16 11 13 3 5 0 5 3 6 11 16 18 16 24 30 33 39 38 42 49 50 53 52 
37 35 32 28 25 18 13 0 2 9 15 19 29 19 15 18 13 3 5 0 13 11 16 18 16 24 30 33 39 38 42 49 50 53 52 
---------------
Request id 2
51 42 38 39 40 39 33 30 24 16 18 13 0 13 11 6 3 1 
51 42 49 55 58 56 59 61 41 40 32 28 25 29 19 15 9 2 0 13 3 6 8 7 4 1 
51 42 38 39 40 39 33 30 24 16 18 13 0 13 3 6 8 7 4 1 
51 42 49 55 58 63 66 62 61 41 40 39 33 30 24 16 11 13 0 13 18 16 11 6 3 1 
51 56 58 63 66 62 54 46 41 40 39 33 30 24 16 18 13 0 13 18 16 11 6 3 1 
51 42 49 55 58 56 40 32 28 25 18 15 9 2 0 2 9 15 18 13 3 1 
51 56 58 63 66 62 54 46 41 40 32 28 26 23 24 16 11 13 0 13 11 12 10 8 6 3 1 
51 42 38 39 40 32 28 25 18 13 0 13 3 1 
51 56 40 39 33 30 24 16 11 13 0 13 11 12 10 8 7 4 1 
51 56 59 61 41 40 39 33 30 24 16 18 13 0 5 3 1 
51 56 59 61 62 54 46 41 40 32 28 26 23 24 16 11 13 0 13 11 6 3 1 
51 56 59 61 41 40 32 28 26 23 24 16 11 13 0 2 9 15 18 13 3 1 
51 42 49 55 58 56 40 32 28 25 18 13 0 13 11 12 10 8 7 4 1 
51 56 40 32 28 25 18 13 3 5 0 5 3 1 
51 42 49 55 58 56 59 61 41 40 32 28 25 18 15 9 2 0 13 11 6 8 7 4 1 
51 56 58 63 66 62 61 41 40 32 28 25 18 16 11 13 0 2 9 15 18 13 3 1 
51 56 59 61 62 54 46 41 40 32 35 37 36 29 25 18 13 0 13 3 1 
51 56 58 63 66 62 61 41 40 32 28 25 18 13 0 2 9 15 18 13 3 1 
51 56 58 63 66 62 54 46 41 40 32 28 26 23 24 16 11 13 0 13 11 6 8 7 4 1 
51 56 58 63 66 62 61 41 40 32 35 37 36 29 25 18 13 0 13 11 12 10 8 7 4 1 
---------------
