Request id 23
57 48 46 54 62 61 59 56 40 32 28 26 23 24 27 31 34 38 39 40 32 35 32 28 25 18 13 3 5 0 2 9 
57 48 46 41 40 32 28 25 18 16 24 23 26 28 25 29 36 37 35 32 28 26 23 24 16 18 15 9 
57 48 46 41 40 32 28 26 23 24 27 31 34 38 39 40 32 35 32 28 26 23 24 16 18 15 9 
57 60 64 65 54 46 41 40 32 28 26 23 24 16 11 13 18 25 28 32 35 32 28 25 29 19 15 9 
57 60 64 65 54 46 41 40 32 28 26 23 24 16 18 25 29 36 37 35 32 28 25 18 13 3 5 0 2 9 
---------------
Request id 24
66 67 68 65 54 62 61 41 40 32 40 39 33 30 24 16 18 25 28 25 18 16 17 20 24 23 26 28 25 18 13 11 12 14 17 21 
66 63 58 55 49 42 51 56 40 32 35 37 36 29 19 15 18 25 28 32 40 39 33 30 24 23 26 28 25 18 16 17 21 
66 62 61 59 56 40 32 28 25 18 16 24 23 26 23 24 27 22 21 
66 62 61 59 56 40 32 40 39 33 30 24 16 18 25 28 25 18 16 17 21 22 27 24 23 26 28 25 18 16 24 20 17 21 
66 62 61 59 56 40 32 35 37 36 29 25 18 16 24 23 26 28 25 18 13 11 16 24 23 26 23 24 16 17 21 
---------------
Request id 6
5 0 13 3 3 13 18 25 28 32 40 41 61 
5 0 13 18 16 11 6 3 3 6 11 16 24 30 33 39 40 41 61 
5 0 2 9 15 18 16 11 6 3 3 13 18 25 28 32 40 56 59 61 
5 0 13 11 6 8 7 4 1 3 3 5 0 13 18 25 28 32 40 41 61 
5 0 2 9 15 18 16 11 6 3 3 13 11 16 24 30 33 39 40 56 59 61 
---------------
Request id 7
60 64 65 54 62 66 67 69 71 69 67 66 63 58 55 49 42 38 34 31 27 22 
60 64 65 68 69 71 69 68 65 54 46 41 40 39 38 34 31 27 22 
60 64 65 68 69 71 69 67 68 65 54 46 41 40 39 33 30 24 27 22 
60 57 48 46 54 62 66 67 69 71 69 67 66 62 61 41 40 39 38 34 31 27 22 
60 57 48 46 54 62 66 67 69 71 69 67 66 63 58 56 40 39 38 34 31 27 22 
---------------
Request id 18
33 39 38 34 31 27 22 21 17 16 24 23 26 28 25 18 16 17 21 22 27 24 16 11 12 10 8 10 12 11 16 24 27 31 34 43 
33 39 38 42 51 56 40 32 28 26 23 24 16 11 12 14 17 21 22 27 24 16 17 14 12 10 8 6 11 16 24 30 33 39 38 34 43 
33 30 24 20 17 21 22 27 22 21 17 14 12 10 8 6 11 13 18 16 24 27 31 34 43 
33 39 38 34 31 27 22 21 17 16 24 23 26 28 32 40 39 38 34 31 27 24 16 18 13 11 6 8 10 12 14 17 21 22 27 31 34 43 
33 39 40 32 28 25 18 16 24 23 26 28 25 18 16 17 21 22 27 24 16 11 13 3 6 8 6 3 13 18 16 24 27 31 34 43 
---------------
Request id 21
43 34 31 27 24 20 17 16 18 25 28 25 18 13 3 5 0 2 9 15 19 29 36 
43 34 31 27 24 23 26 28 26 23 24 20 17 16 18 25 18 13 0 2 9 15 19 29 36 
43 34 31 27 24 16 18 25 28 25 18 16 24 30 33 39 40 32 35 37 36 
43 34 38 42 51 56 40 32 28 32 35 37 36 29 25 28 32 40 41 46 48 44 45 37 36 
43 34 31 27 22 21 17 16 18 25 28 32 40 39 33 30 24 16 18 25 18 16 24 23 26 28 32 35 37 36 
---------------
Request id 27
21 17 16 11 13 18 25 28 26 23 24 27 22 21 17 16 18 25 28 28 25 29 36 37 35 32 40 56 58 
21 17 16 11 13 18 25 28 26 23 24 16 11 13 18 25 28 28 32 40 56 59 61 62 66 63 58 
21 17 16 24 23 26 23 24 20 17 16 11 13 18 25 28 28 32 40 56 51 42 49 55 58 
21 22 27 24 16 18 25 28 26 23 24 16 11 13 18 25 28 28 32 40 39 38 42 49 55 58 
21 22 27 24 23 26 23 24 20 17 16 18 25 28 28 32 40 41 61 59 56 58 
---------------
Request id 26
9 2 0 5 3 13 18 25 29 19 15 9 2 0 13 11 16 18 25 18 16 17 20 24 23 26 28 32 40 41 61 62 54 65 64 60 
9 2 0 5 3 13 18 15 19 29 36 37 35 32 28 25 18 16 17 20 24 16 18 25 28 32 40 41 46 48 57 60 
9 2 0 13 3 6 11 16 18 15 18 16 17 20 24 23 26 28 25 18 13 11 16 24 30 33 39 40 41 61 62 54 65 64 60 
9 2 0 5 3 13 18 25 29 19 15 9 2 0 13 18 25 18 16 17 21 22 27 24 27 31 34 38 39 40 41 46 48 57 60 
9 2 0 13 3 6 11 16 18 15 9 2 0 13 3 6 11 16 18 25 28 26 23 24 30 33 39 40 41 46 54 65 64 60 
---------------
Request id 29
59 56 51 42 49 42 51 56 40 39 38 34 31 27 24 16 
59 56 58 55 49 50 53 52 47 43 34 31 27 24 16 
59 61 62 54 46 41 40 56 58 55 49 42 51 56 40 39 33 30 24 27 22 21 17 16 
59 61 41 40 39 38 42 49 55 58 56 51 42 38 34 31 27 24 20 17 14 12 11 13 18 16 
59 61 62 66 63 58 55 49 50 53 52 47 43 34 31 27 24 16 
---------------
Request id 1
58 63 66 62 54 46 41 40 56 51 42 38 39 40 32 35 37 36 29 25 28 28 26 23 24 20 17 21 
58 63 66 62 61 59 56 51 42 51 56 59 61 41 40 32 28 28 25 18 16 17 21 
58 63 66 62 61 41 40 39 38 42 38 39 40 32 28 28 25 18 16 24 20 17 21 
58 63 66 62 54 46 41 40 56 51 42 38 39 33 30 24 23 26 28 28 25 18 13 11 16 17 21 
58 55 49 42 49 55 58 56 40 32 28 28 26 23 24 16 17 21 
---------------
Request id 3
54 46 41 40 39 38 34 31 27 24 24 23 26 28 32 40 39 38 34 43 
54 62 61 41 40 39 33 30 24 24 30 33 39 38 34 43 
54 46 41 40 32 28 25 18 16 24 24 16 11 12 14 17 21 22 27 31 34 43 
54 46 41 61 59 56 40 39 33 30 24 24 27 31 34 38 42 49 50 53 52 47 43 
54 62 61 59 56 40 32 28 26 23 24 24 30 33 39 40 56 51 42 38 34 43 
---------------
Request id 9
51 56 59 61 41 40 39 38 42 49 42 51 56 59 61 41 40 32 28 25 18 16 24 23 26 28 32 40 56 51 42 49 55 58 
51 56 58 55 49 42 51 56 59 61 41 40 32 28 25 18 13 11 16 17 20 24 23 26 28 32 40 39 38 42 49 55 58 
51 42 49 42 51 56 59 61 41 40 32 28 32 40 39 33 30 24 23 26 28 32 40 39 38 42 51 56 58 
51 56 40 39 38 42 49 42 38 39 40 32 28 32 40 39 38 34 31 27 24 23 26 28 32 40 41 61 59 56 58 
51 56 40 39 38 42 49 55 58 63 66 62 61 41 40 32 28 26 28 32 40 56 58 
---------------
Request id 12
51 42 38 39 33 30 24 23 26 28 25 18 13 11 16 17 20 24 23 26 28 25 18 16 17 21 22 27 31 
51 56 40 32 35 37 36 29 25 28 25 18 16 24 16 11 12 14 17 21 22 27 31 
51 42 38 39 33 30 24 23 26 28 25 18 16 17 21 22 27 24 16 17 21 22 27 31 
51 42 49 55 58 56 40 32 28 25 18 13 3 6 11 16 24 30 33 39 40 56 51 42 38 34 31 
51 56 59 61 41 40 32 28 25 18 13 11 16 24 16 11 12 14 17 21 22 27 31 
---------------
Request id 16
30 24 16 18 13 3 6 8 7 4 1 3 13 18 25 28 26 23 24 30 33 39 40 32 28 25 29 36 
30 24 16 11 13 3 6 8 10 12 11 16 24 23 26 28 25 18 16 17 20 24 30 33 39 40 32 40 39 33 30 24 16 18 25 29 36 
30 24 16 11 12 10 8 10 12 11 16 18 25 28 26 23 24 27 31 34 38 39 40 32 35 37 36 
30 24 16 17 14 12 11 6 8 6 3 13 11 16 18 25 28 25 18 13 11 16 24 30 33 39 40 32 28 26 23 24 16 18 15 19 29 36 
30 24 16 17 14 12 10 8 6 11 16 24 23 26 28 32 28 26 23 24 16 18 25 29 36 
---------------
Request id 19
59 61 41 40 32 28 25 29 19 15 18 16 24 23 26 28 32 40 39 38 42 51 56 58 63 
59 61 41 46 48 44 45 37 36 29 25 28 26 28 32 40 41 46 54 62 66 63 
59 61 41 40 32 28 25 18 16 24 23 26 28 32 40 39 38 42 49 55 58 63 
59 61 62 66 63 58 56 40 32 28 25 18 13 11 16 24 23 26 28 32 40 39 38 42 49 55 58 63 
59 56 40 32 28 25 28 26 28 32 40 41 46 54 62 66 63 
---------------
Request id 17
44 48 46 41 40 32 28 25 29 36 37 35 32 28 25 18 13 0 5 
44 48 46 41 40 32 35 37 45 44 48 46 54 62 61 41 40 32 28 25 18 13 3 5 
44 45 37 36 29 19 15 18 25 28 32 35 37 45 44 48 46 54 62 61 41 40 32 28 26 23 24 16 11 13 0 5 
44 48 57 60 64 65 54 46 41 40 32 35 37 45 44 48 46 54 62 61 59 56 40 32 28 25 18 13 3 5 
44 45 37 35 37 36 29 25 18 16 24 23 26 28 32 28 25 29 19 15 9 2 0 5 
---------------
Request id 25
38 39 40 41 61 59 56 58 55 49 42 38 34 43 47 52 53 50 49 42 38 39 40 32 35 37 36 29 
38 39 40 56 51 42 49 55 58 56 59 61 41 40 39 38 34 43 47 52 53 50 49 42 38 39 33 30 24 16 18 15 19 29 
38 42 49 42 38 39 33 30 24 27 31 34 43 47 52 53 50 49 42 38 39 33 30 24 16 18 15 19 29 
38 42 51 56 58 55 49 42 51 56 40 39 33 30 24 27 31 34 43 47 52 53 50 53 52 47 43 34 38 39 40 32 28 25 29 
38 39 40 56 58 55 49 42 51 56 40 39 38 34 43 47 52 53 50 49 42 38 39 33 30 24 16 18 25 29 
---------------
Request id 2
9 2 0 13 11 16 24 30 33 39 40 32 28 26 28 32 40 41 61 59 56 
9 15 19 29 25 18 16 24 16 18 25 28 26 28 32 40 41 61 59 56 
9 15 18 16 24 16 11 13 18 25 28 26 23 24 27 31 34 38 42 51 56 
9 15 18 16 17 20 24 30 33 39 40 32 28 26 28 32 40 39 38 42 51 56 
9 2 0 13 18 16 24 20 17 16 11 13 18 25 28 26 28 32 40 41 61 59 56 
---------------
Request id 13
37 45 44 48 46 54 62 61 41 40 32 35 37 36 29 25 28 26 23 24 23 26 28 32 40 41 61 62 66 
37 36 29 25 18 16 24 23 26 28 32 35 32 40 39 38 34 31 27 24 16 18 25 28 32 40 41 61 62 66 
37 36 29 25 18 16 24 23 26 28 32 35 32 28 25 18 13 11 16 24 23 26 28 32 40 41 61 62 66 
37 45 44 48 46 54 62 61 59 56 40 32 35 32 40 39 38 34 31 27 24 23 26 28 32 40 56 59 61 62 66 
37 45 44 48 46 41 40 32 35 32 28 26 23 24 23 26 28 32 40 41 46 54 62 66 
---------------
Request id 30
23 24 16 11 6 3 13 18 25 28 32 40 39 38 34 31 27 24 20 17 16 18 25 28 25 29 36 37 
23 26 28 32 40 39 38 34 31 27 24 20 17 16 18 25 28 26 23 24 20 17 16 18 25 29 36 37 
23 26 28 25 29 19 15 18 16 24 30 33 39 40 32 28 32 40 41 46 48 44 45 37 
23 24 20 17 16 11 13 18 25 28 32 40 39 38 34 31 27 24 16 18 15 19 29 25 28 32 40 41 46 48 44 45 37 
23 24 27 22 21 17 16 18 25 28 25 29 19 15 18 16 24 20 17 16 11 13 18 25 28 25 29 36 37 
---------------
Request id 4
30 33 39 40 32 28 26 23 24 16 18 13 3 6 8 10 
30 33 39 40 32 28 25 18 16 17 20 24 16 11 12 10 
30 33 39 40 32 28 25 18 16 24 20 17 14 12 10 
30 33 39 40 56 51 42 38 34 31 27 24 16 17 14 12 10 
30 33 39 38 34 31 27 22 21 17 16 24 16 18 13 11 6 8 10 
---------------
Request id 20
70 64 65 68 67 66 62 61 41 40 32 28 26 28 32 40 39 33 30 24 27 31 34 43 
70 64 65 54 62 66 63 58 56 40 32 28 26 23 24 30 33 39 38 34 43 
70 64 60 57 48 44 45 37 36 29 25 28 26 28 32 40 39 38 34 43 
70 64 65 54 46 41 40 32 28 26 23 24 20 17 21 22 27 31 34 43 
70 64 60 57 48 44 45 37 35 32 28 26 28 32 40 56 51 42 38 34 43 
---------------
Request id 22
41 61 59 56 40 32 28 32 40 41 61 62 54 46 48 44 45 37 
41 46 54 62 61 59 56 40 32 28 25 18 15 19 29 36 37 35 32 35 37 
41 61 62 66 63 58 56 40 32 28 25 18 13 11 16 24 30 33 39 40 32 28 26 23 24 16 18 25 29 36 37 
41 46 48 44 45 37 35 32 28 25 18 15 19 29 36 37 35 32 28 25 18 15 19 29 36 37 
41 61 62 66 63 58 56 40 32 28 25 18 16 24 30 33 39 40 32 40 39 33 30 24 16 18 25 29 36 37 
---------------
Request id 8
41 40 39 33 30 24 23 26 28 25 18 15 19 29 36 37 35 32 28 25 18 16 17 21 22 27 24 20 17 14 12 11 13 
41 40 39 33 30 24 16 11 13 18 25 18 16 17 20 24 23 26 28 25 18 13 3 6 11 16 24 23 26 28 25 18 13 
41 40 32 28 26 23 24 16 18 25 18 16 24 23 26 28 25 18 16 17 21 22 27 24 20 17 14 12 11 13 
41 40 32 35 37 36 29 25 18 16 24 30 33 39 40 32 28 25 18 13 11 16 17 20 24 16 17 14 12 11 13 
41 40 32 35 37 36 29 25 29 19 15 18 16 24 23 26 28 25 29 19 15 18 16 24 20 17 16 18 13 
---------------
Request id 11
10 8 6 3 13 18 25 28 26 23 24 27 31 34 38 39 40 41 
10 12 11 16 24 23 26 28 25 18 16 24 30 33 39 40 41 
10 12 11 16 18 25 28 26 28 25 18 16 24 30 33 39 40 41 
10 12 14 17 16 18 25 28 26 23 24 30 33 39 40 56 59 61 41 
10 12 14 17 16 24 23 26 23 24 30 33 39 40 56 59 61 41 
---------------
Request id 14
63 58 55 49 42 38 39 33 30 24 23 26 28 32 40 56 51 
63 58 56 51 42 38 34 31 27 24 16 18 25 28 32 40 56 51 
63 58 56 51 42 38 34 31 27 24 30 33 39 40 41 61 59 56 51 
63 58 56 40 32 28 26 23 24 23 26 28 32 40 39 38 42 51 
63 58 56 40 32 28 25 18 16 24 30 33 39 40 56 51 
---------------
Request id 5
58 56 51 42 38 39 33 30 24 16 11 13 18 
58 55 49 42 38 34 31 27 24 20 17 14 12 11 13 18 
58 56 40 32 28 25 18 16 24 27 22 21 17 16 18 
58 56 40 32 28 25 18 13 11 16 24 23 26 28 25 18 
58 55 49 42 38 34 31 27 24 16 11 6 3 13 18 
---------------
Request id 28
5 0 13 18 25 18 16 17 21 22 27 24 23 26 26 23 24 20 17 16 11 6 8 7 
5 0 2 9 15 19 29 25 18 16 17 20 24 23 26 26 28 25 18 16 11 12 10 8 7 
5 0 2 9 15 19 29 25 18 16 17 20 24 23 26 26 23 24 20 17 16 11 6 8 7 
5 0 13 11 16 18 25 18 13 11 16 17 20 24 23 26 26 28 25 18 13 11 6 8 7 
5 0 13 18 25 18 13 11 16 17 20 24 23 26 26 28 25 18 13 11 6 8 7 
---------------
Request id 10
57 48 46 41 40 56 51 42 49 55 58 56 40 32 35 37 36 29 25 18 13 3 5 
57 48 46 54 62 61 59 56 51 42 38 39 40 32 28 25 29 36 37 35 32 28 25 18 15 9 2 0 5 
57 48 46 41 61 59 56 58 55 49 42 38 39 40 32 35 32 28 25 18 16 11 13 3 5 
57 48 46 54 62 66 63 58 55 49 42 38 39 40 32 28 25 29 36 37 35 32 28 25 18 15 9 2 0 5 
57 48 46 41 40 56 51 42 38 34 31 27 24 23 26 28 32 35 32 28 25 18 16 11 13 0 5 
---------------
Request id 15
11 16 24 27 24 30 33 39 40 56 51 42 49 50 53 
11 13 18 16 17 20 24 27 31 34 38 42 49 50 53 
11 16 24 20 17 21 22 27 31 34 43 47 52 53 
11 16 24 20 17 21 22 27 31 34 38 42 49 50 53 
11 16 17 21 22 27 24 30 33 39 40 56 51 42 49 50 53 
---------------
