Request id 2
52 55 58 60 62 65 54 57 59 64 69 80 81 71 74 67 63 68 66 78 75 56 49 46 50 52 55 58 60 62 67 74 71 81 80 69 64 59 57 54 65 
52 55 58 60 62 65 54 57 59 64 69 80 81 82 84 83 74 67 63 67 62 65 
52 50 46 49 56 75 72 73 77 68 63 68 66 78 75 56 49 46 50 52 55 58 60 62 65 
52 55 58 60 62 65 54 57 59 64 69 80 81 71 74 67 63 67 74 83 84 82 81 80 69 64 59 57 54 65 
52 55 58 60 62 65 54 57 59 64 69 80 81 82 84 83 74 67 63 68 66 78 75 56 49 46 50 52 55 58 60 62 65 
52 55 58 60 62 65 45 34 48 53 54 57 59 64 69 80 81 82 84 83 74 67 63 68 77 73 72 75 56 49 46 50 52 55 58 60 62 65 
52 50 46 49 56 75 78 66 68 63 68 77 73 72 75 56 49 46 50 52 55 58 60 62 67 74 71 81 80 69 64 59 57 54 65 
52 50 46 49 56 75 72 73 77 68 63 67 74 83 84 82 81 80 69 64 59 57 54 65 
52 55 58 60 62 65 45 34 48 53 54 57 59 64 69 80 81 82 84 83 74 67 63 68 77 73 72 75 56 49 46 50 52 55 58 60 62 67 74 71 81 80 69 64 59 57 54 65 
52 55 58 60 62 65 54 57 59 64 69 80 81 82 84 83 74 67 63 67 74 83 84 82 81 80 69 64 59 57 54 53 48 34 45 65 
52 55 58 60 62 65 54 57 59 64 69 80 81 71 74 67 63 67 74 71 81 80 69 64 59 57 54 53 48 34 45 65 
52 55 58 60 62 67 63 67 74 71 81 80 69 64 59 57 54 53 48 34 45 65 
52 55 58 60 62 65 45 34 48 53 54 57 59 64 69 80 81 71 74 67 63 68 66 78 75 56 49 46 50 52 55 58 60 62 67 74 83 84 82 81 80 69 64 59 57 54 65 
52 55 58 60 62 65 45 34 48 53 54 57 59 64 69 80 81 71 74 67 63 68 66 78 75 56 49 46 50 52 55 58 60 62 67 74 71 81 80 69 64 59 57 54 65 
52 50 46 49 56 75 78 66 68 63 68 66 78 75 56 49 46 50 52 55 58 60 62 67 74 71 81 80 69 64 59 57 54 65 
52 55 58 60 62 65 45 34 48 53 54 57 59 64 69 80 81 71 74 67 63 68 77 73 72 75 56 49 46 50 52 55 58 60 62 67 74 71 81 80 69 64 59 57 54 65 
52 55 58 60 62 67 63 68 66 78 75 56 49 46 50 52 55 58 60 62 67 74 83 84 82 81 80 69 64 59 57 54 65 
52 55 58 60 62 65 54 57 59 64 69 80 81 82 84 83 74 67 63 68 66 78 75 56 49 46 50 52 55 58 60 62 67 74 71 81 80 69 64 59 57 54 65 
52 50 46 49 56 75 72 73 77 68 63 67 74 83 84 82 81 80 69 64 59 57 54 53 48 34 45 65 
52 55 58 60 62 65 54 57 59 64 69 80 81 71 74 67 63 68 66 78 75 56 49 46 50 52 55 58 60 62 67 74 83 84 82 81 80 69 64 59 57 54 65 
---------------
Request id 5
65 62 60 58 55 52 50 46 49 56 75 72 73 77 68 63 67 74 83 84 82 81 71 74 67 62 60 58 55 52 50 46 40 36 35 29 23 17 9 13 32 31 22 14 11 
65 62 60 58 55 52 50 46 49 56 75 72 73 77 68 63 67 74 71 74 67 62 60 58 55 52 50 46 40 36 35 29 23 17 12 7 8 1 2 3 0 4 6 11 
65 62 60 58 55 52 50 46 49 56 75 72 73 77 68 63 67 74 83 84 82 81 71 74 67 63 68 66 78 75 56 49 46 40 37 30 21 26 35 29 23 17 9 3 0 4 6 11 
65 62 67 74 83 84 82 81 71 81 82 84 83 74 67 62 60 58 55 52 50 46 40 36 35 29 23 17 9 3 0 4 6 11 
65 62 67 74 71 74 67 62 60 58 55 52 50 46 40 36 35 29 23 17 12 7 8 1 2 3 0 4 6 11 
65 62 67 74 71 74 67 63 68 77 73 72 75 56 49 46 40 36 35 29 23 17 9 3 0 4 6 11 
65 62 67 74 83 84 82 81 71 74 67 63 68 66 78 75 56 49 46 40 36 35 29 23 17 9 3 0 4 6 11 
65 62 67 74 83 84 82 81 71 74 67 63 68 77 73 72 75 56 49 46 40 36 35 29 23 17 9 13 32 31 22 14 11 
65 62 60 58 55 52 50 46 49 56 75 72 73 77 68 63 67 74 71 74 67 62 60 58 55 52 50 46 40 37 30 21 26 35 29 23 17 9 3 0 4 6 11 
65 62 67 74 71 74 67 63 68 66 78 75 56 49 46 40 37 30 21 26 35 29 23 17 9 3 0 4 6 11 
65 45 34 48 53 54 57 59 64 69 80 81 71 74 67 63 68 77 73 72 75 56 49 46 40 36 35 29 23 17 9 3 0 4 6 11 
65 62 60 58 55 52 50 46 49 56 75 72 73 77 68 63 67 74 83 84 82 81 71 74 67 62 60 58 55 52 50 46 40 36 35 29 23 17 12 7 8 1 2 3 0 4 6 11 
65 62 67 74 83 84 82 81 71 74 67 63 68 66 78 75 56 49 46 40 37 30 21 26 35 29 23 17 9 3 0 4 6 11 
65 62 60 58 55 52 50 46 49 56 75 72 73 77 68 63 67 74 71 74 67 62 60 58 55 52 50 46 40 36 35 29 23 17 9 3 0 4 6 11 
65 62 60 58 55 52 50 46 49 56 75 78 66 68 63 67 74 83 84 82 81 71 74 67 62 60 58 55 52 50 46 40 36 35 29 23 17 9 3 0 4 6 11 
65 45 34 48 53 54 57 59 64 69 80 81 71 74 67 63 68 77 73 72 75 56 49 46 40 36 35 29 23 17 9 13 32 31 22 14 11 
65 62 60 58 55 52 50 46 49 56 75 72 73 77 68 63 67 74 83 84 82 81 71 74 67 62 60 58 55 52 50 46 40 36 35 29 23 17 9 3 0 4 6 11 
65 45 34 48 53 54 57 59 64 69 80 81 82 84 83 74 71 74 67 63 68 66 78 75 56 49 46 40 36 35 29 23 17 9 3 0 4 6 11 
65 45 34 48 53 54 57 59 64 69 80 81 71 74 67 62 60 58 55 52 50 46 40 37 30 21 26 35 29 23 17 9 3 0 4 6 11 
65 62 67 74 71 74 67 63 68 77 73 72 75 56 49 46 40 36 35 29 23 17 9 13 32 31 22 14 11 
---------------
Request id 12
1 2 3 0 4 6 11 14 22 31 32 39 32 13 9 3 2 1 8 7 12 17 23 29 35 36 40 46 49 56 75 78 75 56 49 46 50 52 55 58 60 62 65 54 57 59 64 69 80 81 82 84 83 74 67 63 68 66 68 77 73 72 75 56 49 46 40 36 35 26 21 30 
1 2 3 0 4 6 11 14 22 31 32 39 32 13 9 17 23 29 35 36 40 46 49 56 75 78 75 72 73 77 68 66 68 63 67 62 60 58 55 52 50 46 40 36 35 26 21 30 
1 8 7 12 17 9 3 0 4 6 11 14 22 31 32 39 32 13 9 3 2 1 8 7 12 17 23 29 35 36 40 46 49 56 75 78 75 56 49 46 50 52 55 58 60 62 65 45 34 48 53 54 57 59 64 69 80 81 71 74 67 63 68 66 68 63 67 62 60 58 55 52 50 46 40 36 35 26 21 30 
1 2 3 9 13 32 39 32 13 9 3 2 1 8 7 12 17 23 29 35 36 40 46 49 56 75 78 75 56 49 46 50 52 55 58 60 62 67 63 68 66 68 63 67 62 60 58 55 52 50 46 40 37 30 
1 2 3 0 4 6 11 14 22 31 32 39 32 13 9 17 23 29 35 36 40 46 49 56 75 78 66 68 63 67 74 71 81 80 69 64 59 57 54 65 62 60 58 55 52 50 46 40 37 30 
1 2 3 0 4 6 11 14 22 31 32 39 32 13 9 17 23 29 35 36 40 46 50 52 55 58 60 62 67 63 68 66 78 75 56 49 46 50 52 55 58 60 62 67 63 68 66 68 77 73 72 75 56 49 46 40 36 35 26 21 30 
1 8 7 12 17 9 3 0 4 6 11 14 22 31 32 39 32 13 9 3 2 1 8 7 12 17 23 29 35 26 21 30 37 40 46 49 56 75 78 75 56 49 46 50 52 55 58 60 62 67 63 68 66 68 63 67 62 60 58 55 52 50 46 40 37 30 
1 2 3 0 4 6 11 14 22 31 32 39 32 13 9 17 23 29 35 26 21 30 37 40 46 49 56 75 78 75 72 73 77 68 66 78 75 72 73 77 68 63 67 62 60 58 55 52 50 46 40 36 35 26 21 30 
1 8 7 12 17 9 3 0 4 6 11 14 22 31 32 39 32 13 9 17 23 29 35 26 21 30 37 40 46 49 56 75 78 75 72 73 77 68 66 78 75 56 49 46 40 37 30 
1 8 7 12 17 9 13 32 39 32 13 9 17 23 29 35 36 40 46 50 52 55 58 60 62 67 63 68 66 78 75 56 49 46 50 52 55 58 60 62 67 63 68 66 68 63 67 62 60 58 55 52 50 46 40 37 30 
1 2 3 0 4 6 11 14 22 31 32 39 32 13 9 17 23 29 35 36 40 46 49 56 75 72 73 77 68 66 78 75 56 49 46 50 52 55 58 60 62 65 54 57 59 64 69 80 81 71 74 67 63 68 66 68 63 67 74 83 84 82 81 80 69 64 59 57 54 65 62 60 58 55 52 50 46 40 37 30 
1 8 7 12 17 9 3 0 4 6 11 14 22 31 32 39 32 13 9 17 23 29 35 36 40 46 50 52 55 58 60 62 67 63 68 77 73 72 75 78 75 56 49 46 50 52 55 58 60 62 65 45 34 48 53 54 57 59 64 69 80 81 71 74 67 63 68 66 78 75 72 73 77 68 63 67 62 60 58 55 52 50 46 40 37 30 
1 2 3 9 13 32 39 32 13 9 17 23 29 35 36 40 46 50 52 55 58 60 62 67 63 68 77 73 72 75 78 75 56 49 46 50 52 55 58 60 62 67 63 68 66 78 75 56 49 46 40 37 30 
1 2 3 9 13 32 39 32 13 9 17 23 29 35 26 21 30 37 40 46 49 56 75 78 75 56 49 46 50 52 55 58 60 62 65 45 34 48 53 54 57 59 64 69 80 81 82 84 83 74 67 63 68 66 78 75 72 73 77 68 63 67 62 60 58 55 52 50 46 40 37 30 
1 2 3 0 4 6 11 14 22 31 32 39 32 13 9 3 2 1 8 7 12 17 23 29 35 26 21 30 37 40 46 49 56 75 78 75 56 49 46 50 52 55 58 60 62 65 54 57 59 64 69 80 81 82 84 83 74 67 63 68 66 68 77 73 72 75 56 49 46 40 37 30 
1 8 7 12 17 9 13 32 39 32 13 9 17 23 29 35 36 40 46 49 56 75 78 75 56 49 46 50 52 55 58 60 62 65 45 34 48 53 54 57 59 64 69 80 81 82 84 83 74 67 63 68 66 78 75 56 49 46 40 36 35 26 21 30 
1 2 3 9 13 32 39 32 13 9 17 23 29 35 36 40 46 50 52 55 58 60 62 67 63 68 66 78 75 72 73 77 68 66 68 63 67 62 60 58 55 52 50 46 40 36 35 26 21 30 
1 2 3 0 4 6 11 14 22 31 32 39 32 31 22 14 11 6 4 0 3 9 17 23 29 35 26 21 30 37 40 46 49 56 75 78 66 68 77 73 72 75 56 49 46 40 36 35 26 21 30 
1 8 7 12 17 9 13 32 39 32 13 9 17 23 29 35 26 21 30 37 40 46 49 56 75 78 75 56 49 46 50 52 55 58 60 62 67 63 68 66 68 77 73 72 75 56 49 46 40 37 30 
1 8 7 12 17 9 3 0 4 6 11 14 22 31 32 39 32 31 22 14 11 6 4 0 3 9 17 23 29 35 36 40 46 49 56 75 78 66 78 75 72 73 77 68 63 67 62 60 58 55 52 50 46 40 36 35 26 21 30 
---------------
Request id 19
40 46 49 56 75 78 66 68 63 67 74 83 85 87 94 98 102 101 85 83 74 67 62 60 58 55 52 50 46 40 36 35 29 23 17 12 7 
40 46 49 56 75 72 73 77 68 63 67 74 83 85 101 102 101 85 83 74 67 62 60 58 55 52 50 46 40 36 35 29 23 17 12 7 
40 46 50 52 55 58 60 62 67 74 71 81 82 84 83 85 87 94 98 102 101 85 83 74 67 62 60 58 55 52 50 46 40 36 35 29 23 17 12 7 
40 46 50 52 55 58 60 62 67 74 83 85 101 102 101 85 83 74 67 62 60 58 55 52 50 46 40 36 35 29 23 17 9 3 2 1 8 7 
40 46 49 56 75 78 66 68 63 67 74 83 85 87 94 98 102 101 85 83 74 67 63 68 66 78 75 56 49 46 40 36 35 29 23 17 12 7 
40 46 49 56 75 72 73 77 68 63 67 74 83 85 87 94 98 102 98 94 87 85 83 74 67 63 68 77 73 72 75 56 49 46 40 36 35 29 23 17 12 7 
40 46 49 56 75 72 73 77 68 63 67 74 83 85 101 102 101 85 83 74 67 63 68 66 78 75 56 49 46 40 36 35 29 23 17 12 7 
40 46 50 52 55 58 60 62 67 74 71 81 82 84 83 85 87 94 98 102 101 85 83 74 67 63 68 66 78 75 56 49 46 40 36 35 29 23 17 12 7 
40 46 49 56 75 78 66 68 63 67 74 83 85 87 94 98 102 101 85 83 74 67 62 60 58 55 52 50 46 40 36 35 29 23 17 9 3 2 1 8 7 
40 46 49 56 75 78 66 68 63 67 74 83 85 101 102 98 94 87 85 83 74 67 62 60 58 55 52 50 46 40 36 35 29 23 17 12 7 
40 46 49 56 75 78 66 68 63 67 74 83 85 101 102 101 85 83 74 67 62 60 58 55 52 50 46 40 37 30 21 26 35 29 23 17 12 7 
40 46 49 56 75 72 73 77 68 63 67 74 71 81 82 84 83 85 101 102 98 94 87 85 83 74 67 63 68 66 78 75 56 49 46 40 36 35 29 23 17 12 7 
40 46 50 52 55 58 60 62 67 74 83 85 101 102 101 85 83 74 67 63 68 66 78 75 56 49 46 40 37 30 21 26 35 29 23 17 12 7 
40 46 50 52 55 58 60 62 67 74 71 81 82 84 83 85 101 102 101 85 83 84 82 81 71 74 67 62 60 58 55 52 50 46 40 36 35 29 23 17 12 7 
40 46 50 52 55 58 60 62 67 74 83 85 101 102 101 85 83 84 82 81 71 74 67 62 60 58 55 52 50 46 40 36 35 29 23 17 12 7 
40 46 50 52 55 58 60 62 67 74 83 85 101 102 98 94 87 85 83 74 67 62 60 58 55 52 50 46 40 36 35 29 23 17 12 7 
40 46 49 56 75 78 66 68 63 67 74 71 81 82 84 83 85 101 102 101 85 83 74 67 63 68 66 78 75 56 49 46 40 37 30 21 26 35 29 23 17 12 7 
40 46 49 56 75 78 66 68 63 67 74 83 85 101 102 98 94 87 85 83 74 67 63 68 77 73 72 75 56 49 46 40 36 35 29 23 17 12 7 
40 46 49 56 75 72 73 77 68 63 67 74 83 85 87 94 98 102 101 85 83 74 67 63 68 77 73 72 75 56 49 46 40 36 35 29 23 17 12 7 
40 46 50 52 55 58 60 62 67 74 83 85 87 94 98 102 101 85 83 74 67 62 60 58 55 52 50 46 40 36 35 29 23 17 12 7 
---------------
Request id 9
45 34 48 53 54 65 62 60 58 55 52 50 46 49 56 75 72 73 77 68 63 67 62 60 58 55 52 50 46 49 56 75 72 73 77 68 66 68 63 67 62 60 58 55 52 50 46 49 42 49 56 75 78 66 68 63 67 74 71 81 82 84 83 85 101 
45 65 54 57 59 64 69 80 81 71 74 67 63 67 74 83 84 82 81 80 69 64 59 57 54 53 48 34 45 65 62 60 58 55 52 50 46 49 56 75 78 66 68 63 67 74 83 84 82 81 80 69 64 59 57 54 53 48 34 45 65 62 60 58 55 52 50 46 49 42 49 56 75 72 73 77 68 63 67 74 83 85 101 
45 34 48 53 54 65 62 67 63 67 74 71 81 80 69 64 59 57 54 65 62 60 58 55 52 50 46 49 56 75 78 66 68 63 67 74 83 84 82 81 80 69 64 59 57 54 53 48 34 45 65 62 60 58 55 52 50 46 49 42 49 46 50 52 55 58 60 62 67 74 71 81 82 84 83 85 101 
45 34 48 53 54 57 59 64 69 80 81 71 74 67 63 67 74 83 84 82 81 80 69 64 59 57 54 65 62 60 58 55 52 50 46 49 56 75 72 73 77 68 66 78 75 72 73 77 68 63 67 74 83 84 82 81 80 69 64 59 57 54 65 62 60 58 55 52 50 46 49 42 49 46 50 52 55 58 60 62 67 74 83 85 87 94 98 102 101 
45 65 54 57 59 64 69 80 81 82 84 83 74 67 63 68 77 73 72 75 78 66 78 75 72 73 77 68 63 67 74 83 84 82 81 80 69 64 59 57 54 65 62 60 58 55 52 50 46 49 42 49 46 50 52 55 58 60 62 67 74 83 85 101 
45 65 54 57 59 64 69 80 81 82 84 83 74 67 63 67 74 83 84 82 81 80 69 64 59 57 54 65 62 60 58 55 52 50 46 49 56 75 78 66 68 63 67 74 71 81 80 69 64 59 57 54 53 48 34 45 65 62 60 58 55 52 50 46 49 42 49 56 75 78 66 68 63 67 74 71 81 82 84 83 85 101 
45 34 48 53 54 65 62 60 58 55 52 50 46 49 56 75 78 66 68 63 67 74 83 84 82 81 80 69 64 59 57 54 53 48 34 45 65 62 60 58 55 52 50 46 49 56 75 78 66 68 63 67 74 71 81 80 69 64 59 57 54 65 62 60 58 55 52 50 46 49 42 49 56 75 78 66 68 63 67 74 71 81 82 84 83 85 87 94 98 102 101 
45 34 48 53 54 65 62 60 58 55 52 50 46 49 56 75 72 73 77 68 63 67 74 71 81 80 69 64 59 57 54 65 62 60 58 55 52 50 46 49 56 75 78 66 68 77 73 72 75 56 49 42 49 56 75 78 66 68 63 67 74 71 81 82 84 83 85 101 
45 34 48 53 54 65 62 67 63 67 74 83 84 82 81 80 69 64 59 57 54 65 62 60 58 55 52 50 46 49 56 75 78 66 78 75 72 73 77 68 63 67 62 60 58 55 52 50 46 49 42 49 56 75 72 73 77 68 63 67 74 71 81 82 84 83 85 101 
45 65 54 57 59 64 69 80 81 71 74 67 63 67 74 83 84 82 81 80 69 64 59 57 54 65 62 60 58 55 52 50 46 49 56 75 72 73 77 68 66 68 77 73 72 75 56 49 42 49 56 75 72 73 77 68 63 67 74 83 85 101 
45 65 54 57 59 64 69 80 81 82 84 83 74 67 63 68 77 73 72 75 78 66 68 63 67 74 83 84 82 81 80 69 64 59 57 54 65 62 60 58 55 52 50 46 49 42 49 56 75 72 73 77 68 63 67 74 71 81 82 84 83 85 101 
45 34 48 53 54 57 59 64 69 80 81 71 74 67 63 67 74 83 84 82 81 80 69 64 59 57 54 65 62 60 58 55 52 50 46 49 56 75 78 66 78 75 72 73 77 68 63 67 74 71 81 80 69 64 59 57 54 65 62 60 58 55 52 50 46 49 42 49 56 75 78 66 68 63 67 74 71 81 82 84 83 85 101 
45 65 62 60 58 55 52 50 46 49 56 75 72 73 77 68 63 67 74 71 81 80 69 64 59 57 54 65 62 60 58 55 52 50 46 49 56 75 78 66 68 63 67 74 71 81 80 69 64 59 57 54 65 62 60 58 55 52 50 46 49 42 49 56 75 72 73 77 68 63 67 74 83 85 87 94 98 102 101 
45 65 62 60 58 55 52 50 46 49 56 75 72 73 77 68 63 67 74 83 84 82 81 80 69 64 59 57 54 65 62 60 58 55 52 50 46 49 56 75 78 66 68 63 67 74 83 84 82 81 80 69 64 59 57 54 53 48 34 45 65 62 60 58 55 52 50 46 49 42 49 56 75 72 73 77 68 63 67 74 83 85 101 
45 34 48 53 54 65 62 60 58 55 52 50 46 49 56 75 72 73 77 68 63 67 74 83 84 82 81 80 69 64 59 57 54 65 62 60 58 55 52 50 46 49 56 75 78 66 68 63 67 74 71 81 80 69 64 59 57 54 65 62 60 58 55 52 50 46 49 42 49 56 75 78 66 68 63 67 74 71 81 82 84 83 85 101 
45 34 48 53 54 65 62 60 58 55 52 50 46 49 56 75 72 73 77 68 63 67 74 83 84 82 81 80 69 64 59 57 54 53 48 34 45 65 62 60 58 55 52 50 46 49 56 75 78 66 78 75 72 73 77 68 63 67 74 71 81 80 69 64 59 57 54 65 62 60 58 55 52 50 46 49 42 49 56 75 78 66 68 63 67 74 83 85 87 94 98 102 101 
45 34 48 53 54 65 62 67 63 67 62 60 58 55 52 50 46 49 56 75 78 66 68 63 67 62 60 58 55 52 50 46 49 42 49 56 75 72 73 77 68 63 67 74 83 85 101 
45 65 62 60 58 55 52 50 46 49 56 75 78 66 68 63 68 77 73 72 75 78 66 78 75 72 73 77 68 63 67 74 71 81 80 69 64 59 57 54 65 62 60 58 55 52 50 46 49 42 49 56 75 78 66 68 63 67 74 83 85 101 
45 65 62 60 58 55 52 50 46 49 56 75 78 66 68 63 67 74 83 84 82 81 80 69 64 59 57 54 65 62 60 58 55 52 50 46 49 56 75 72 73 77 68 66 78 75 72 73 77 68 63 67 74 71 81 80 69 64 59 57 54 65 62 60 58 55 52 50 46 49 42 49 46 50 52 55 58 60 62 67 74 71 81 82 84 83 85 101 
45 65 54 57 59 64 69 80 81 82 84 83 74 67 63 67 74 83 84 82 81 80 69 64 59 57 54 53 48 34 45 65 62 60 58 55 52 50 46 49 56 75 78 66 68 63 67 74 83 84 82 81 80 69 64 59 57 54 65 62 60 58 55 52 50 46 49 42 49 56 75 78 66 68 63 67 74 71 81 82 84 83 85 87 94 98 102 101 
---------------
Request id 13
9 13 32 31 22 14 11 6 4 0 3 2 1 8 7 12 17 23 29 35 36 40 46 47 46 49 56 75 78 66 68 63 67 74 83 84 82 81 80 69 79 
9 3 2 1 8 7 12 17 23 29 35 36 40 46 47 46 50 52 55 58 60 62 67 74 83 84 82 81 80 69 79 
9 17 23 29 35 36 40 46 47 46 50 52 55 58 60 62 67 74 83 84 82 81 80 69 79 
9 13 32 31 22 14 11 6 4 0 3 2 1 8 7 12 17 23 29 35 36 40 46 47 46 49 56 75 72 73 77 68 63 67 62 65 54 57 59 64 69 79 
9 17 23 29 35 26 21 30 37 40 46 47 46 49 56 75 78 66 68 63 67 74 83 84 82 81 80 69 79 
9 3 2 1 8 7 12 17 23 29 35 26 21 30 37 40 46 47 46 49 56 75 72 73 77 68 63 67 74 83 84 82 81 80 69 79 
9 3 2 1 8 7 12 17 23 29 35 26 21 30 37 40 46 47 46 50 52 55 58 60 62 65 45 34 48 53 54 57 59 64 69 79 
9 17 23 29 35 26 21 30 37 40 46 47 46 50 52 55 58 60 62 67 74 71 81 80 69 79 
9 3 2 1 8 7 12 17 23 29 35 36 40 46 47 46 49 56 75 72 73 77 68 63 67 62 65 54 57 59 64 69 79 
9 13 32 31 22 14 11 6 4 0 3 2 1 8 7 12 17 23 29 35 26 21 30 37 40 46 47 46 49 56 75 78 66 68 63 67 74 83 84 82 81 80 69 79 
9 17 23 29 35 36 40 46 47 46 49 56 75 78 66 68 63 67 74 83 84 82 81 80 69 79 
9 3 2 1 8 7 12 17 23 29 35 26 21 30 37 40 46 47 46 49 56 75 72 73 77 68 63 67 62 65 54 57 59 64 69 79 
9 13 32 31 22 14 11 6 4 0 3 2 1 8 7 12 17 23 29 35 26 21 30 37 40 46 47 46 49 56 75 72 73 77 68 63 67 74 71 81 80 69 79 
9 17 23 29 35 36 40 46 47 46 50 52 55 58 60 62 65 45 34 48 53 54 57 59 64 69 79 
9 13 32 31 22 14 11 6 4 0 3 2 1 8 7 12 17 23 29 35 26 21 30 37 40 46 47 46 49 56 75 72 73 77 68 63 67 74 83 84 82 81 80 69 79 
9 17 23 29 35 26 21 30 37 40 46 47 46 49 56 75 72 73 77 68 63 67 74 83 84 82 81 80 69 79 
9 3 2 1 8 7 12 17 23 29 35 36 40 46 47 46 49 56 75 72 73 77 68 63 67 74 83 84 82 81 80 69 79 
9 17 23 29 35 26 21 30 37 40 46 47 46 49 56 75 78 66 68 63 67 62 65 54 57 59 64 69 79 
9 13 32 31 22 14 11 6 4 0 3 2 1 8 7 12 17 23 29 35 26 21 30 37 40 46 47 46 50 52 55 58 60 62 65 45 34 48 53 54 57 59 64 69 79 
9 13 32 31 22 14 11 6 4 0 3 2 1 8 7 12 17 23 29 35 36 40 46 47 46 50 52 55 58 60 62 67 74 71 81 80 69 79 
---------------
Request id 18
33 44 33 43 40 46 50 52 55 58 60 62 67 74 83 85 87 94 98 102 101 85 83 74 67 63 68 66 78 75 56 49 46 40 37 30 21 26 35 29 23 17 9 3 
33 44 33 41 40 46 49 56 75 78 66 68 63 67 74 83 85 101 102 101 85 83 74 67 63 68 66 78 75 56 49 46 40 36 35 29 23 17 9 3 
33 44 33 41 40 46 49 56 75 78 66 68 63 67 74 83 85 87 94 98 102 101 85 83 74 67 62 60 58 55 52 50 46 40 36 35 29 23 17 9 3 
33 44 33 41 40 46 50 52 55 58 60 62 67 74 83 85 87 94 98 102 98 94 87 85 83 74 67 62 60 58 55 52 50 46 40 36 35 29 23 17 9 3 
33 44 33 41 40 46 50 52 55 58 60 62 67 74 83 85 101 102 101 85 83 74 67 62 60 58 55 52 50 46 40 36 35 29 23 17 12 7 8 1 2 3 
33 44 33 41 40 46 50 52 55 58 60 62 67 74 83 85 101 102 101 85 83 74 67 63 68 66 78 75 56 49 46 40 37 30 21 26 35 29 23 17 9 3 
33 44 33 41 40 46 49 56 75 78 66 68 63 67 74 83 85 87 94 98 102 101 85 83 84 82 81 71 74 67 62 60 58 55 52 50 46 40 36 35 29 23 17 9 3 
33 44 33 43 40 46 49 56 75 78 66 68 63 67 74 83 85 87 94 98 102 98 94 87 85 83 74 67 62 60 58 55 52 50 46 40 36 35 29 23 17 9 3 
33 44 33 43 40 46 49 56 75 78 66 68 63 67 74 83 85 101 102 101 85 83 84 82 81 71 74 67 62 60 58 55 52 50 46 40 36 35 29 23 17 9 3 
33 44 33 41 40 46 50 52 55 58 60 62 67 74 83 85 101 102 98 94 87 85 83 74 67 62 60 58 55 52 50 46 40 36 35 29 23 17 9 3 
33 44 33 41 40 46 50 52 55 58 60 62 67 74 83 85 87 94 98 102 98 94 87 85 83 74 67 63 68 77 73 72 75 56 49 46 40 36 35 29 23 17 9 3 
33 44 33 41 40 46 49 56 75 78 66 68 63 67 74 83 85 87 94 98 102 101 85 83 74 67 62 60 58 55 52 50 46 40 36 35 29 23 17 12 7 8 1 2 3 
33 44 33 43 40 46 49 56 75 72 73 77 68 63 67 74 83 85 101 102 101 85 83 74 67 62 60 58 55 52 50 46 40 37 30 21 26 35 29 23 17 9 3 
33 44 33 43 40 46 50 52 55 58 60 62 67 74 83 85 87 94 98 102 101 85 83 74 67 62 60 58 55 52 50 46 40 36 35 29 23 17 12 7 8 1 2 3 
33 44 33 43 40 46 49 56 75 78 66 68 63 67 74 83 85 101 102 101 85 83 74 67 63 68 77 73 72 75 56 49 46 40 36 35 29 23 17 9 3 
33 44 33 41 40 46 50 52 55 58 60 62 67 74 83 85 101 102 101 85 83 74 67 63 68 77 73 72 75 56 49 46 40 36 35 29 23 17 9 3 
33 44 33 41 40 46 49 56 75 72 73 77 68 63 67 74 83 85 101 102 101 85 83 74 67 63 68 66 78 75 56 49 46 40 37 30 21 26 35 29 23 17 9 3 
33 44 33 43 40 46 49 56 75 72 73 77 68 63 67 74 83 85 101 102 101 85 83 84 82 81 71 74 67 62 60 58 55 52 50 46 40 36 35 29 23 17 9 3 
33 44 33 41 40 46 49 56 75 78 66 68 63 67 74 83 85 101 102 98 94 87 85 83 74 67 62 60 58 55 52 50 46 40 36 35 29 23 17 9 3 
33 44 33 41 40 46 50 52 55 58 60 62 67 74 83 85 87 94 98 102 101 85 83 74 67 63 68 66 78 75 56 49 46 40 37 30 21 26 35 29 23 17 9 3 
---------------
Request id 8
60 62 67 74 83 84 82 81 71 81 82 84 83 85 87 94 98 102 101 85 83 84 82 81 80 69 64 59 57 54 53 48 
60 58 55 52 50 46 49 56 75 78 66 68 63 67 74 83 84 82 81 71 74 67 62 65 54 57 59 64 69 80 81 82 84 83 85 101 102 101 85 83 74 67 62 65 45 34 48 53 54 57 59 64 69 80 81 82 84 83 74 67 63 68 66 78 75 56 49 46 50 52 55 58 60 62 65 45 34 48 
60 58 55 52 50 46 49 56 75 72 73 77 68 63 67 74 83 84 82 81 71 81 82 84 83 85 101 102 101 85 83 84 82 84 83 74 67 62 65 54 53 48 
60 62 65 54 57 59 64 69 80 81 71 81 80 69 64 59 57 54 53 48 34 45 65 62 67 74 83 85 87 94 98 102 101 85 83 74 67 62 65 45 34 48 53 54 57 59 64 69 80 81 82 84 83 74 67 63 68 66 78 75 56 49 46 50 52 55 58 60 62 65 45 34 48 
60 62 65 45 34 48 53 54 57 59 64 69 80 81 71 81 80 69 64 59 57 54 53 48 34 45 65 62 67 74 83 85 87 94 98 102 98 94 87 85 83 74 71 81 82 81 71 74 67 62 65 54 53 48 
60 62 65 45 34 48 53 54 57 59 64 69 80 81 82 84 83 74 71 81 82 84 83 85 87 94 98 102 101 85 83 74 71 81 82 81 71 74 67 62 65 54 53 48 
60 58 55 52 50 46 49 56 75 72 73 77 68 63 67 74 83 84 82 81 71 81 80 69 64 59 57 54 65 62 67 74 83 85 87 94 98 102 101 85 83 74 71 81 82 84 83 74 67 63 68 66 78 75 56 49 46 50 52 55 58 60 62 65 45 34 48 
60 58 55 52 50 46 49 56 75 72 73 77 68 63 67 74 71 81 80 69 64 59 57 54 53 48 34 45 65 62 67 74 83 85 87 94 98 102 98 94 87 85 83 74 67 62 65 54 57 59 64 69 80 81 82 84 83 74 67 63 68 66 78 75 56 49 46 50 52 55 58 60 62 65 45 34 48 
60 62 65 54 57 59 64 69 80 81 71 74 67 62 65 54 57 59 64 69 80 81 82 84 83 85 87 94 98 102 101 85 83 74 67 62 65 45 34 48 53 54 57 59 64 69 80 81 82 84 83 74 67 62 65 45 34 48 
60 62 67 74 83 84 82 81 71 81 82 84 83 85 101 102 101 85 83 74 67 63 68 66 78 75 56 49 46 50 52 55 58 60 62 65 54 57 59 64 69 80 81 82 81 71 74 67 63 68 66 78 75 56 49 46 50 52 55 58 60 62 65 45 34 48 
60 58 55 52 50 46 49 56 75 72 73 77 68 63 67 74 71 81 80 69 64 59 57 54 65 62 67 74 83 85 87 94 98 102 98 94 87 85 83 74 67 62 65 54 57 59 64 69 80 81 82 81 71 74 67 63 68 66 78 75 56 49 46 50 52 55 58 60 62 65 45 34 48 
60 58 55 52 50 46 49 56 75 72 73 77 68 63 67 74 71 74 67 62 65 54 57 59 64 69 80 81 82 84 83 85 101 102 101 85 83 74 67 63 68 66 78 75 56 49 46 50 52 55 58 60 62 65 54 57 59 64 69 80 81 82 84 83 74 71 81 80 69 64 59 57 54 65 45 34 48 
60 58 55 52 50 46 49 56 75 72 73 77 68 63 67 74 71 74 67 62 65 54 57 59 64 69 80 81 82 84 83 85 87 94 98 102 101 85 83 84 82 81 71 74 67 62 65 54 53 48 
60 62 65 45 34 48 53 54 57 59 64 69 80 81 82 84 83 74 71 74 67 62 65 54 57 59 64 69 80 81 82 84 83 85 87 94 98 102 101 85 83 74 67 62 65 45 34 48 53 54 57 59 64 69 80 81 82 84 83 74 67 62 65 45 34 48 
60 58 55 52 50 46 49 56 75 78 66 68 63 67 74 83 84 82 81 71 81 80 69 64 59 57 54 53 48 34 45 65 62 67 74 83 85 87 94 98 102 101 85 83 74 67 63 68 77 73 72 75 56 49 46 50 52 55 58 60 62 65 54 57 59 64 69 80 81 82 81 80 69 64 59 57 54 65 45 34 48 
60 58 55 52 50 46 49 56 75 78 66 68 63 67 74 71 74 83 85 101 102 101 85 83 74 67 62 65 45 34 48 53 54 57 59 64 69 80 81 82 81 80 69 64 59 57 54 53 48 
60 58 55 52 50 46 49 56 75 78 66 68 63 67 74 83 84 82 81 71 81 82 84 83 85 87 94 98 102 98 94 87 85 83 84 82 84 83 74 71 81 80 69 64 59 57 54 53 48 
60 62 67 74 71 81 80 69 64 59 57 54 65 62 67 74 83 85 101 102 101 85 83 84 82 84 83 74 71 81 80 69 64 59 57 54 65 45 34 48 
60 62 65 54 57 59 64 69 80 81 82 84 83 74 71 81 82 84 83 85 101 102 98 94 87 85 83 74 71 81 82 84 83 74 67 62 65 45 34 48 
60 62 67 74 83 84 82 81 71 74 83 85 101 102 98 94 87 85 83 74 71 81 82 84 83 74 67 63 68 66 78 75 56 49 46 50 52 55 58 60 62 65 45 34 48 
---------------
Request id 11
5 15 20 33 43 40 46 49 56 75 78 66 68 63 67 74 71 81 80 69 64 59 57 54 65 62 60 
5 19 28 40 46 49 56 75 78 75 56 49 46 50 52 55 58 60 62 65 45 34 48 53 54 57 59 64 69 80 81 82 84 83 74 67 63 68 66 68 63 67 74 71 81 80 69 64 59 57 54 65 62 60 
5 19 28 40 46 49 56 75 72 73 77 68 66 78 75 56 49 46 50 52 55 58 60 62 65 45 34 48 53 54 57 59 64 69 80 81 71 74 67 63 68 66 78 75 72 73 77 68 63 67 74 71 81 80 69 64 59 57 54 65 62 60 
5 15 20 33 43 40 46 50 52 55 58 60 62 67 63 68 66 78 75 56 49 46 50 52 55 58 60 62 65 54 57 59 64 69 80 81 82 84 83 74 67 63 68 66 68 63 67 74 71 81 80 69 64 59 57 54 53 48 34 45 65 62 60 
5 15 10 16 24 25 20 33 41 40 46 49 56 75 78 75 56 49 46 50 52 55 58 60 62 65 45 34 48 53 54 57 59 64 69 80 81 82 84 83 74 67 63 68 66 68 63 67 74 71 81 80 69 64 59 57 54 65 62 60 
5 15 20 33 41 40 46 49 56 75 72 73 77 68 66 78 75 56 49 46 50 52 55 58 60 62 65 54 57 59 64 69 80 81 71 74 67 63 68 66 68 77 73 72 75 56 49 46 50 52 55 58 60 
5 15 20 33 41 40 46 49 56 75 72 73 77 68 66 78 66 78 75 56 49 46 50 52 55 58 60 
5 15 10 16 24 25 20 33 43 40 46 49 56 75 78 66 68 63 67 74 71 81 80 69 64 59 57 54 53 48 34 45 65 62 60 
5 15 10 16 24 25 20 33 43 40 46 49 56 75 78 75 72 73 77 68 66 78 75 56 49 46 50 52 55 58 60 
5 15 20 33 41 40 46 49 56 75 78 75 56 49 46 50 52 55 58 60 62 65 54 57 59 64 69 80 81 82 84 83 74 67 63 68 66 68 63 67 74 83 84 82 81 80 69 64 59 57 54 53 48 34 45 65 62 60 
5 19 28 40 46 50 52 55 58 60 62 67 63 68 66 78 75 56 49 46 50 52 55 58 60 62 65 54 57 59 64 69 80 81 71 74 67 63 68 66 78 75 72 73 77 68 63 67 74 83 84 82 81 80 69 64 59 57 54 65 62 60 
5 15 20 33 41 40 46 49 56 75 78 75 56 49 46 50 52 55 58 60 62 65 45 34 48 53 54 57 59 64 69 80 81 71 74 67 63 68 66 68 63 67 74 83 84 82 81 80 69 64 59 57 54 65 62 60 
5 19 28 40 46 50 52 55 58 60 62 67 63 68 66 78 75 56 49 46 50 52 55 58 60 62 65 54 57 59 64 69 80 81 82 84 83 74 67 63 68 66 78 75 72 73 77 68 63 67 62 60 
5 15 20 33 41 40 46 49 56 75 78 75 56 49 46 50 52 55 58 60 62 65 45 34 48 53 54 57 59 64 69 80 81 82 84 83 74 67 63 68 66 78 75 72 73 77 68 63 67 74 71 81 80 69 64 59 57 54 65 62 60 
5 15 20 33 41 40 46 49 56 75 72 73 77 68 66 78 75 56 49 46 50 52 55 58 60 62 65 45 34 48 53 54 57 59 64 69 80 81 71 74 67 63 68 66 68 63 67 74 83 84 82 81 80 69 64 59 57 54 53 48 34 45 65 62 60 
5 15 20 33 43 40 46 49 56 75 72 73 77 68 66 78 75 56 49 46 50 52 55 58 60 62 65 54 57 59 64 69 80 81 71 74 67 63 68 66 68 63 67 74 71 81 80 69 64 59 57 54 65 62 60 
5 19 28 40 46 49 56 75 78 75 56 49 46 50 52 55 58 60 62 65 45 34 48 53 54 57 59 64 69 80 81 71 74 67 63 68 66 78 75 72 73 77 68 63 67 62 60 
5 15 20 33 43 40 46 49 56 75 72 73 77 68 66 78 75 56 49 46 50 52 55 58 60 62 65 45 34 48 53 54 57 59 64 69 80 81 71 74 67 63 68 66 68 77 73 72 75 56 49 46 50 52 55 58 60 
5 15 20 33 43 40 46 49 56 75 72 73 77 68 66 78 75 56 49 46 50 52 55 58 60 62 65 54 57 59 64 69 80 81 71 74 67 63 68 66 78 75 72 73 77 68 63 67 62 60 
5 15 20 33 43 40 46 49 56 75 78 75 72 73 77 68 66 78 75 72 73 77 68 63 67 62 60 
---------------
Request id 15
2 1 8 7 12 17 23 29 35 36 40 46 50 52 55 58 60 62 67 63 68 77 73 72 75 91 75 56 49 46 40 37 30 21 26 35 29 23 17 18 
2 3 0 4 6 11 14 22 31 32 13 9 17 23 29 35 36 40 46 49 56 75 91 75 56 49 46 40 36 35 29 23 17 18 
2 3 9 17 23 29 35 26 21 30 37 40 46 49 56 75 91 75 56 49 46 40 36 35 29 23 17 18 
2 1 8 7 12 17 23 29 35 36 40 46 50 52 55 58 60 62 67 63 68 77 73 72 75 91 75 78 66 68 63 67 74 71 81 80 69 64 59 57 54 65 62 60 58 55 52 50 46 40 37 30 21 26 35 29 23 17 18 
2 3 0 4 6 11 14 22 31 32 13 9 17 23 29 35 36 40 46 49 56 75 91 75 72 73 77 68 63 67 62 60 58 55 52 50 46 40 36 35 29 23 17 18 
2 3 9 17 23 29 35 26 21 30 37 40 46 50 52 55 58 60 62 67 63 68 66 78 75 91 75 78 66 68 63 67 62 60 58 55 52 50 46 40 37 30 21 26 35 29 23 17 18 
2 1 8 7 12 17 23 29 35 36 40 46 50 52 55 58 60 62 67 63 68 77 73 72 75 91 75 78 66 68 63 67 74 71 81 80 69 64 59 57 54 65 62 60 58 55 52 50 46 40 36 35 29 23 17 18 
2 3 9 17 23 29 35 36 40 46 50 52 55 58 60 62 67 63 68 77 73 72 75 91 75 78 66 68 63 67 62 60 58 55 52 50 46 40 36 35 29 23 17 18 
2 1 8 7 12 17 23 29 35 36 40 46 50 52 55 58 60 62 67 63 68 66 78 75 91 75 78 66 68 63 67 74 71 81 80 69 64 59 57 54 65 62 60 58 55 52 50 46 40 36 35 29 23 17 18 
2 1 8 7 12 17 23 29 35 26 21 30 37 40 46 49 56 75 91 75 56 49 46 40 37 30 21 26 35 29 23 17 18 
2 1 8 7 12 17 23 29 35 26 21 30 37 40 46 49 56 75 91 75 56 49 46 40 36 35 29 23 17 18 
2 3 9 17 23 29 35 26 21 30 37 40 46 50 52 55 58 60 62 67 63 68 66 78 75 91 75 56 49 46 40 37 30 21 26 35 29 23 17 18 
2 3 9 17 23 29 35 36 40 46 50 52 55 58 60 62 67 63 68 66 78 75 91 75 72 73 77 68 63 67 62 60 58 55 52 50 46 40 37 30 21 26 35 29 23 17 18 
2 1 8 7 12 17 23 29 35 36 40 46 50 52 55 58 60 62 67 63 68 66 78 75 91 75 72 73 77 68 63 67 62 60 58 55 52 50 46 40 37 30 21 26 35 29 23 17 18 
2 1 8 7 12 17 23 29 35 36 40 46 50 52 55 58 60 62 67 63 68 77 73 72 75 91 75 78 66 68 63 67 62 60 58 55 52 50 46 40 36 35 29 23 17 18 
2 1 8 7 12 17 23 29 35 26 21 30 37 40 46 49 56 75 91 75 72 73 77 68 63 67 74 71 81 80 69 64 59 57 54 65 62 60 58 55 52 50 46 40 36 35 29 23 17 18 
2 3 9 17 23 29 35 26 21 30 37 40 46 50 52 55 58 60 62 67 63 68 66 78 75 91 75 72 73 77 68 63 67 62 60 58 55 52 50 46 40 36 35 29 23 17 18 
2 1 8 7 12 17 23 29 35 36 40 46 49 56 75 91 75 78 66 68 63 67 74 71 81 80 69 64 59 57 54 65 62 60 58 55 52 50 46 40 36 35 29 23 17 18 
2 3 9 17 23 29 35 26 21 30 37 40 46 49 56 75 91 75 72 73 77 68 63 67 62 60 58 55 52 50 46 40 36 35 29 23 17 18 
2 3 9 17 23 29 35 36 40 46 50 52 55 58 60 62 67 63 68 77 73 72 75 91 75 78 66 68 63 67 74 71 81 80 69 64 59 57 54 65 62 60 58 55 52 50 46 40 36 35 29 23 17 18 
---------------
Request id 4
54 65 62 67 74 83 84 82 81 80 81 82 84 83 74 67 62 65 54 57 59 64 69 79 76 70 86 93 92 93 86 70 76 79 69 64 59 57 54 65 62 67 74 83 84 82 81 
54 65 62 60 58 55 52 50 46 49 56 75 72 73 77 68 63 67 74 71 81 80 69 79 76 70 86 93 92 93 86 70 76 79 69 64 59 57 54 53 48 34 45 65 62 67 74 71 81 
54 57 59 64 69 80 81 71 74 67 62 65 54 57 59 64 69 79 86 93 92 93 86 79 69 64 59 57 54 53 48 34 45 65 62 67 74 83 84 82 81 
54 53 48 34 45 65 62 67 74 83 84 82 81 80 81 82 84 83 74 67 62 65 45 34 48 53 54 57 59 64 69 79 76 70 86 93 92 93 86 79 69 64 59 57 54 65 62 67 74 71 81 
54 53 48 34 45 65 62 67 74 83 84 82 81 80 81 82 84 83 74 67 62 65 45 34 48 53 54 57 59 64 69 79 86 93 92 93 86 79 69 64 59 57 54 53 48 34 45 65 62 67 74 71 81 
54 65 62 67 74 71 81 80 81 82 84 83 74 67 62 65 45 34 48 53 54 57 59 64 69 79 86 93 92 93 86 79 69 80 81 
54 65 62 60 58 55 52 50 46 49 56 75 72 73 77 68 63 67 74 83 84 82 81 80 81 82 84 83 74 67 62 65 54 57 59 64 69 79 86 93 92 93 86 70 76 79 69 64 59 57 54 65 62 67 74 83 84 82 81 
54 65 62 60 58 55 52 50 46 49 56 75 78 66 68 63 67 74 71 81 80 81 71 74 67 62 65 54 57 59 64 69 79 76 70 86 93 92 93 86 79 69 64 59 57 54 53 48 34 45 65 62 67 74 83 84 82 81 
54 65 62 60 58 55 52 50 46 49 56 75 72 73 77 68 63 67 74 83 84 82 81 80 81 71 74 67 62 65 54 57 59 64 69 79 76 70 86 93 92 93 86 70 76 79 69 64 59 57 54 53 48 34 45 65 62 67 74 71 81 
54 65 62 67 74 71 81 80 81 71 74 67 62 65 45 34 48 53 54 57 59 64 69 79 86 93 92 93 86 79 69 64 59 57 54 53 48 34 45 65 62 67 74 83 84 82 81 
54 65 62 67 74 71 81 80 81 71 74 67 62 65 54 57 59 64 69 79 76 70 86 93 92 93 86 70 76 79 69 64 59 57 54 65 62 67 74 83 84 82 81 
54 65 62 67 74 71 81 80 69 79 76 70 86 93 92 93 86 79 69 64 59 57 54 53 48 34 45 65 62 67 74 83 84 82 81 
54 57 59 64 69 80 81 82 84 83 74 67 62 65 45 34 48 53 54 57 59 64 69 79 86 93 92 93 86 70 76 79 69 64 59 57 54 53 48 34 45 65 62 67 74 83 84 82 81 
54 65 62 67 74 83 84 82 81 80 81 71 74 67 62 65 45 34 48 53 54 57 59 64 69 79 76 70 86 93 92 93 86 79 69 64 59 57 54 65 62 67 74 83 84 82 81 
54 65 62 60 58 55 52 50 46 49 56 75 72 73 77 68 63 67 74 83 84 82 81 80 81 71 74 67 62 65 54 57 59 64 69 79 86 93 92 93 86 70 76 79 69 64 59 57 54 53 48 34 45 65 62 67 74 83 84 82 81 
54 53 48 34 45 65 62 67 74 83 84 82 81 80 69 79 76 70 86 93 92 93 86 70 76 79 69 64 59 57 54 65 62 67 74 83 84 82 81 
54 65 62 60 58 55 52 50 46 49 56 75 78 66 68 63 67 74 83 84 82 81 80 81 82 84 83 74 67 62 65 45 34 48 53 54 57 59 64 69 79 76 70 86 93 92 93 86 70 76 79 69 64 59 57 54 65 62 67 74 71 81 
54 53 48 34 45 65 62 60 58 55 52 50 46 49 56 75 78 66 68 63 67 74 71 81 80 81 82 84 83 74 67 62 65 54 57 59 64 69 79 86 93 92 93 86 70 76 79 69 64 59 57 54 53 48 34 45 65 62 67 74 83 84 82 81 
54 65 62 67 74 83 84 82 81 80 81 82 84 83 74 67 62 65 45 34 48 53 54 57 59 64 69 79 86 93 92 93 86 79 69 64 59 57 54 53 48 34 45 65 62 67 74 83 84 82 81 
54 65 62 67 74 71 81 80 81 82 84 83 74 67 62 65 54 57 59 64 69 79 76 70 86 93 92 93 86 79 69 64 59 57 54 65 62 67 74 83 84 82 81 
---------------
Request id 10
8 1 2 3 9 17 23 29 35 26 21 30 37 40 46 49 56 75 78 66 68 63 67 62 60 58 55 52 50 46 49 42 49 56 75 78 66 68 63 67 62 60 58 55 52 50 46 40 43 33 20 15 10 
8 7 12 17 23 29 35 36 40 46 50 52 55 58 60 62 67 63 68 66 68 63 67 74 71 81 80 69 64 59 57 54 53 48 34 45 65 62 60 58 55 52 50 46 49 42 49 46 40 43 33 20 25 24 16 10 
8 7 12 17 23 29 35 36 40 46 49 56 75 72 73 77 68 66 78 75 72 73 77 68 63 67 62 60 58 55 52 50 46 49 42 49 46 40 43 33 20 25 24 16 10 
8 1 2 3 9 17 23 29 35 36 40 46 50 52 55 58 60 62 67 63 68 66 78 75 72 73 77 68 63 67 74 71 81 80 69 64 59 57 54 65 62 60 58 55 52 50 46 49 42 49 56 75 78 66 68 63 67 62 60 58 55 52 50 46 40 43 33 20 15 10 
8 7 12 17 23 29 35 36 40 46 49 56 75 78 66 68 63 67 74 71 81 80 69 64 59 57 54 65 62 60 58 55 52 50 46 49 42 49 56 75 78 66 68 63 67 62 60 58 55 52 50 46 40 28 19 5 15 10 
8 7 12 17 23 29 35 36 40 46 50 52 55 58 60 62 67 63 68 66 78 75 72 73 77 68 63 67 74 83 84 82 81 80 69 64 59 57 54 65 62 60 58 55 52 50 46 49 42 49 46 40 28 19 5 15 20 25 24 16 10 
8 1 2 3 9 17 23 29 35 26 21 30 37 40 46 49 56 75 78 66 68 63 67 74 71 81 80 69 64 59 57 54 65 62 60 58 55 52 50 46 49 42 49 46 40 28 19 5 15 10 
8 1 2 3 9 17 23 29 35 36 40 46 49 56 75 78 66 68 63 67 74 71 81 80 69 64 59 57 54 53 48 34 45 65 62 60 58 55 52 50 46 49 42 49 46 40 41 33 20 15 10 
8 7 12 17 23 29 35 36 40 46 49 56 75 72 73 77 68 66 78 75 72 73 77 68 63 67 62 60 58 55 52 50 46 49 42 49 46 40 43 33 20 15 10 
8 1 2 3 9 17 23 29 35 36 40 46 49 56 75 78 66 68 63 67 74 83 84 82 81 80 69 64 59 57 54 65 62 60 58 55 52 50 46 49 42 49 46 40 43 33 20 25 24 16 10 
8 7 12 17 23 29 35 36 40 46 49 56 75 72 73 77 68 66 78 75 56 49 42 49 56 75 72 73 77 68 63 67 62 60 58 55 52 50 46 40 28 19 5 15 10 
8 1 2 3 9 17 23 29 35 36 40 46 49 56 75 72 73 77 68 66 78 75 72 73 77 68 63 67 74 71 81 80 69 64 59 57 54 65 62 60 58 55 52 50 46 49 42 49 46 40 28 19 5 15 10 
8 7 12 17 23 29 35 26 21 30 37 40 46 49 56 75 78 66 78 75 72 73 77 68 63 67 74 83 84 82 81 80 69 64 59 57 54 65 62 60 58 55 52 50 46 49 42 49 56 75 78 66 68 63 67 62 60 58 55 52 50 46 40 43 33 20 15 10 
8 1 2 3 9 17 23 29 35 26 21 30 37 40 46 49 56 75 78 66 78 75 72 73 77 68 63 67 74 83 84 82 81 80 69 64 59 57 54 65 62 60 58 55 52 50 46 49 42 49 46 40 41 33 20 15 10 
8 7 12 17 23 29 35 36 40 46 50 52 55 58 60 62 67 63 68 66 78 75 72 73 77 68 63 67 74 71 81 80 69 64 59 57 54 65 62 60 58 55 52 50 46 49 42 49 46 40 41 33 20 25 24 16 10 
8 7 12 17 23 29 35 36 40 46 49 56 75 78 66 78 75 56 49 42 49 56 75 72 73 77 68 63 67 62 60 58 55 52 50 46 40 28 19 5 15 10 
8 7 12 17 23 29 35 36 40 46 49 56 75 72 73 77 68 66 68 63 67 62 60 58 55 52 50 46 49 42 49 46 40 41 33 20 25 24 16 10 
8 7 12 17 23 29 35 26 21 30 37 40 46 50 52 55 58 60 62 67 63 68 66 68 63 67 74 71 81 80 69 64 59 57 54 65 62 60 58 55 52 50 46 49 42 49 56 75 78 66 68 63 67 62 60 58 55 52 50 46 40 43 33 20 15 10 
8 7 12 17 23 29 35 36 40 46 49 56 75 78 66 78 75 72 73 77 68 63 67 74 71 81 80 69 64 59 57 54 65 62 60 58 55 52 50 46 49 42 49 56 75 78 66 68 63 67 62 60 58 55 52 50 46 40 41 33 20 15 10 
8 1 2 3 9 17 23 29 35 26 21 30 37 40 46 49 56 75 78 66 78 75 72 73 77 68 63 67 62 60 58 55 52 50 46 49 42 49 46 40 41 33 20 15 10 
---------------
Request id 1
35 36 40 46 49 56 75 78 75 72 73 77 68 66 66 68 77 73 72 75 56 49 46 40 36 35 29 23 17 9 3 2 1 8 7 
35 36 40 46 50 52 55 58 60 62 67 63 68 66 78 75 56 49 46 50 52 55 58 60 62 65 45 34 48 53 54 57 59 64 69 80 81 82 84 83 74 67 63 68 66 66 78 75 56 49 46 40 37 30 21 26 35 29 23 17 9 3 2 1 8 7 
35 36 40 46 50 52 55 58 60 62 67 63 68 77 73 72 75 78 75 56 49 46 50 52 55 58 60 62 65 45 34 48 53 54 57 59 64 69 80 81 71 74 67 63 68 66 66 78 75 56 49 46 40 37 30 21 26 35 29 23 17 12 7 
35 26 21 30 37 40 46 49 56 75 78 75 56 49 46 50 52 55 58 60 62 67 63 68 66 66 68 77 73 72 75 56 49 46 40 36 35 29 23 17 9 3 2 1 8 7 
35 36 40 46 49 56 75 72 73 77 68 66 78 75 56 49 46 50 52 55 58 60 62 65 45 34 48 53 54 57 59 64 69 80 81 71 74 67 63 68 66 66 68 63 67 62 60 58 55 52 50 46 40 37 30 21 26 35 29 23 17 12 7 
35 26 21 30 37 40 46 49 56 75 72 73 77 68 66 78 75 56 49 46 50 52 55 58 60 62 65 54 57 59 64 69 80 81 71 74 67 63 68 66 66 68 77 73 72 75 56 49 46 40 36 35 29 23 17 9 3 2 1 8 7 
35 36 40 46 50 52 55 58 60 62 65 54 57 59 64 69 80 81 71 74 67 63 68 66 78 75 72 73 77 68 66 66 78 75 56 49 46 40 36 35 29 23 17 12 7 
35 36 40 46 50 52 55 58 60 62 67 63 68 66 78 75 56 49 46 50 52 55 58 60 62 65 54 57 59 64 69 80 81 71 74 67 63 68 66 66 78 75 56 49 46 40 37 30 21 26 35 29 23 17 9 3 2 1 8 7 
35 36 40 46 50 52 55 58 60 62 67 63 68 77 73 72 75 78 75 72 73 77 68 66 66 78 75 56 49 46 40 37 30 21 26 35 29 23 17 12 7 
35 36 40 46 50 52 55 58 60 62 65 54 57 59 64 69 80 81 71 74 67 63 68 66 78 75 56 49 46 50 52 55 58 60 62 65 54 57 59 64 69 80 81 71 74 67 63 68 66 66 78 75 56 49 46 40 36 35 29 23 17 9 3 2 1 8 7 
35 36 40 46 50 52 55 58 60 62 65 54 57 59 64 69 80 81 82 84 83 74 67 63 68 66 78 75 56 49 46 50 52 55 58 60 62 67 63 68 66 66 78 75 56 49 46 40 37 30 21 26 35 29 23 17 12 7 
35 26 21 30 37 40 46 50 52 55 58 60 62 67 63 68 66 78 75 72 73 77 68 66 66 68 77 73 72 75 56 49 46 40 36 35 29 23 17 12 7 
35 36 40 46 49 56 75 72 73 77 68 66 78 75 56 49 46 50 52 55 58 60 62 67 63 68 66 66 78 75 56 49 46 40 37 30 21 26 35 29 23 17 9 3 2 1 8 7 
35 26 21 30 37 40 46 49 56 75 72 73 77 68 66 78 75 72 73 77 68 66 66 78 75 56 49 46 40 37 30 21 26 35 29 23 17 12 7 
35 36 40 46 50 52 55 58 60 62 67 63 68 77 73 72 75 78 75 56 49 46 50 52 55 58 60 62 65 45 34 48 53 54 57 59 64 69 80 81 71 74 67 63 68 66 66 68 77 73 72 75 56 49 46 40 36 35 29 23 17 12 7 
35 26 21 30 37 40 46 49 56 75 72 73 77 68 66 78 75 56 49 46 50 52 55 58 60 62 65 45 34 48 53 54 57 59 64 69 80 81 82 84 83 74 67 63 68 66 66 68 77 73 72 75 56 49 46 40 37 30 21 26 35 29 23 17 12 7 
35 36 40 46 49 56 75 72 73 77 68 66 78 75 56 49 46 50 52 55 58 60 62 65 45 34 48 53 54 57 59 64 69 80 81 71 74 67 63 68 66 66 68 77 73 72 75 56 49 46 40 37 30 21 26 35 29 23 17 12 7 
35 36 40 46 49 56 75 78 66 66 78 75 56 49 46 40 36 35 29 23 17 9 3 2 1 8 7 
35 26 21 30 37 40 46 49 56 75 72 73 77 68 66 78 75 56 49 46 50 52 55 58 60 62 67 63 68 66 66 68 77 73 72 75 56 49 46 40 37 30 21 26 35 29 23 17 12 7 
35 36 40 46 50 52 55 58 60 62 67 63 68 66 78 75 56 49 46 50 52 55 58 60 62 65 45 34 48 53 54 57 59 64 69 80 81 82 84 83 74 67 63 68 66 66 78 75 56 49 46 40 36 35 29 23 17 9 3 2 1 8 7 
---------------
Request id 14
23 29 35 36 40 46 49 56 75 72 73 77 68 66 78 75 72 73 77 68 63 67 74 83 84 82 81 80 69 64 59 57 54 65 62 60 58 55 52 50 46 49 42 49 56 75 78 66 68 63 67 74 83 84 82 81 80 69 64 59 57 54 53 48 34 45 65 62 60 58 55 52 50 46 47 46 49 56 75 78 66 68 63 67 74 71 81 80 69 64 59 57 54 53 48 34 45 65 62 60 
23 29 35 36 40 46 50 52 55 58 60 62 67 63 68 77 73 72 75 78 66 78 75 72 73 77 68 63 67 74 71 81 80 69 64 59 57 54 65 62 60 58 55 52 50 46 49 42 49 56 75 72 73 77 68 63 67 74 71 81 80 69 64 59 57 54 53 48 34 45 65 62 60 58 55 52 50 46 47 46 49 56 75 72 73 77 68 63 67 74 71 81 80 69 64 59 57 54 65 62 60 
23 29 35 36 40 46 50 52 55 58 60 62 67 63 68 66 68 63 67 74 71 81 80 69 64 59 57 54 53 48 34 45 65 62 60 58 55 52 50 46 49 42 49 56 75 78 66 68 63 67 74 71 81 80 69 64 59 57 54 53 48 34 45 65 62 60 58 55 52 50 46 47 46 49 56 75 78 66 68 63 67 74 83 84 82 81 80 69 64 59 57 54 65 62 60 
23 29 35 26 21 30 37 40 46 50 52 55 58 60 62 67 63 68 77 73 72 75 78 66 68 77 73 72 75 56 49 42 49 56 75 78 66 68 63 67 74 71 81 80 69 64 59 57 54 65 62 60 58 55 52 50 46 47 46 49 56 75 72 73 77 68 63 67 74 83 84 82 81 80 69 64 59 57 54 65 62 60 
23 29 35 26 21 30 37 40 46 49 56 75 72 73 77 68 66 68 63 67 74 83 84 82 81 80 69 64 59 57 54 65 62 60 58 55 52 50 46 49 42 49 56 75 72 73 77 68 63 67 74 71 81 80 69 64 59 57 54 53 48 34 45 65 62 60 58 55 52 50 46 47 46 49 56 75 72 73 77 68 63 67 74 83 84 82 81 80 69 64 59 57 54 65 62 60 
23 29 35 26 21 30 37 40 46 49 56 75 78 66 78 75 72 73 77 68 63 67 74 71 81 80 69 64 59 57 54 65 62 60 58 55 52 50 46 49 42 49 46 47 46 49 56 75 72 73 77 68 63 67 62 60 
23 29 35 26 21 30 37 40 46 50 52 55 58 60 62 67 63 68 66 68 63 67 74 71 81 80 69 64 59 57 54 65 62 60 58 55 52 50 46 49 42 49 56 75 78 66 68 63 67 74 83 84 82 81 80 69 64 59 57 54 65 62 60 58 55 52 50 46 47 46 49 56 75 78 66 68 63 67 74 83 84 82 81 80 69 64 59 57 54 65 62 60 
23 29 35 36 40 46 49 56 75 78 66 68 77 73 72 75 56 49 42 49 56 75 72 73 77 68 63 67 62 60 58 55 52 50 46 47 46 50 52 55 58 60 
23 29 35 36 40 46 49 56 75 72 73 77 68 66 78 75 72 73 77 68 63 67 62 60 58 55 52 50 46 49 42 49 56 75 78 66 68 63 67 62 60 58 55 52 50 46 47 46 49 56 75 72 73 77 68 63 67 74 71 81 80 69 64 59 57 54 53 48 34 45 65 62 60 
23 29 35 36 40 46 49 56 75 78 66 78 75 72 73 77 68 63 67 74 71 81 80 69 64 59 57 54 65 62 60 58 55 52 50 46 49 42 49 56 75 78 66 68 63 67 74 83 84 82 81 80 69 64 59 57 54 65 62 60 58 55 52 50 46 47 46 49 56 75 78 66 68 63 67 74 83 84 82 81 80 69 64 59 57 54 65 62 60 
23 29 35 26 21 30 37 40 46 49 56 75 72 73 77 68 66 68 77 73 72 75 56 49 42 49 56 75 78 66 68 63 67 74 71 81 80 69 64 59 57 54 65 62 60 58 55 52 50 46 47 46 49 56 75 72 73 77 68 63 67 74 83 84 82 81 80 69 64 59 57 54 65 62 60 
23 29 35 26 21 30 37 40 46 50 52 55 58 60 62 67 63 68 66 78 75 72 73 77 68 63 67 62 60 58 55 52 50 46 49 42 49 56 75 78 66 68 63 67 74 83 84 82 81 80 69 64 59 57 54 53 48 34 45 65 62 60 58 55 52 50 46 47 46 49 56 75 78 66 68 63 67 74 83 84 82 81 80 69 64 59 57 54 65 62 60 
23 29 35 36 40 46 50 52 55 58 60 62 67 63 68 66 78 75 56 49 42 49 56 75 78 66 68 63 67 74 83 84 82 81 80 69 64 59 57 54 53 48 34 45 65 62 60 58 55 52 50 46 47 46 49 56 75 72 73 77 68 63 67 74 71 81 80 69 64 59 57 54 65 62 60 
23 29 35 36 40 46 49 56 75 72 73 77 68 66 68 63 67 74 71 81 80 69 64 59 57 54 53 48 34 45 65 62 60 58 55 52 50 46 49 42 49 56 75 72 73 77 68 63 67 74 71 81 80 69 64 59 57 54 53 48 34 45 65 62 60 58 55 52 50 46 47 46 49 56 75 72 73 77 68 63 67 74 83 84 82 81 80 69 64 59 57 54 65 62 60 
23 29 35 36 40 46 50 52 55 58 60 62 67 63 68 77 73 72 75 78 66 78 75 72 73 77 68 63 67 74 83 84 82 81 80 69 64 59 57 54 65 62 60 58 55 52 50 46 49 42 49 56 75 78 66 68 63 67 62 60 58 55 52 50 46 47 46 49 56 75 72 73 77 68 63 67 74 71 81 80 69 64 59 57 54 53 48 34 45 65 62 60 
23 29 35 36 40 46 49 56 75 72 73 77 68 66 78 75 72 73 77 68 63 67 74 71 81 80 69 64 59 57 54 65 62 60 58 55 52 50 46 49 42 49 46 47 46 49 56 75 78 66 68 63 67 74 83 84 82 81 80 69 64 59 57 54 53 48 34 45 65 62 60 
23 29 35 36 40 46 50 52 55 58 60 62 67 63 68 66 68 63 67 62 60 58 55 52 50 46 49 42 49 56 75 78 66 68 63 67 62 60 58 55 52 50 46 47 46 49 56 75 72 73 77 68 63 67 74 71 81 80 69 64 59 57 54 53 48 34 45 65 62 60 
23 29 35 26 21 30 37 40 46 49 56 75 72 73 77 68 66 78 75 56 49 42 49 46 47 46 49 56 75 72 73 77 68 63 67 74 71 81 80 69 64 59 57 54 53 48 34 45 65 62 60 
23 29 35 26 21 30 37 40 46 50 52 55 58 60 62 67 63 68 66 68 63 67 74 83 84 82 81 80 69 64 59 57 54 53 48 34 45 65 62 60 58 55 52 50 46 49 42 49 56 75 78 66 68 63 67 74 71 81 80 69 64 59 57 54 65 62 60 58 55 52 50 46 47 46 49 56 75 78 66 68 63 67 74 71 81 80 69 64 59 57 54 53 48 34 45 65 62 60 
23 29 35 26 21 30 37 40 46 49 56 75 72 73 77 68 66 78 75 72 73 77 68 63 67 74 71 81 80 69 64 59 57 54 65 62 60 58 55 52 50 46 49 42 49 46 47 46 49 56 75 78 66 68 63 67 62 60 
---------------
Request id 16
31 32 13 9 17 23 29 35 26 21 30 37 40 46 50 52 55 58 60 62 67 63 68 66 78 75 56 49 46 40 28 19 5 
31 22 14 11 6 4 0 3 9 17 23 29 35 26 21 30 37 40 46 49 56 75 78 66 68 77 73 72 75 56 49 46 40 28 19 5 
31 32 13 9 17 23 29 35 26 21 30 37 40 46 49 56 75 78 66 78 75 56 49 46 40 41 33 20 15 5 
31 32 13 9 17 23 29 35 36 40 46 49 56 75 72 73 77 68 66 78 75 56 49 46 40 43 33 20 25 24 16 10 15 5 
31 32 13 9 17 23 29 35 26 21 30 37 40 46 49 56 75 72 73 77 68 66 78 75 56 49 46 40 41 33 20 25 24 16 10 15 5 
31 32 13 9 17 23 29 35 26 21 30 37 40 46 50 52 55 58 60 62 67 63 68 66 68 63 67 62 60 58 55 52 50 46 40 28 19 5 
31 32 13 9 17 23 29 35 36 40 46 49 56 75 78 66 68 77 73 72 75 56 49 46 40 43 33 20 15 5 
31 32 13 9 17 23 29 35 26 21 30 37 40 46 49 56 75 72 73 77 68 66 78 75 56 49 46 40 43 33 20 25 24 16 10 15 5 
31 32 13 9 17 23 29 35 26 21 30 37 40 46 49 56 75 78 66 68 63 67 62 60 58 55 52 50 46 40 43 33 20 15 5 
31 32 13 9 17 23 29 35 26 21 30 37 40 46 50 52 55 58 60 62 67 63 68 66 78 75 56 49 46 40 43 33 20 15 5 
31 32 13 9 17 23 29 35 36 40 46 50 52 55 58 60 62 67 63 68 66 78 75 56 49 46 40 41 33 20 25 24 16 10 15 5 
31 32 13 9 17 23 29 35 26 21 30 37 40 46 49 56 75 72 73 77 68 66 68 77 73 72 75 56 49 46 40 28 19 5 
31 32 13 9 3 2 1 8 7 12 17 23 29 35 36 40 46 49 56 75 78 66 78 75 56 49 46 40 41 33 20 25 24 16 10 15 5 
31 32 13 9 17 23 29 35 26 21 30 37 40 46 49 56 75 78 66 68 77 73 72 75 56 49 46 40 41 33 20 15 5 
31 22 14 11 6 4 0 3 9 17 23 29 35 36 40 46 49 56 75 72 73 77 68 66 68 77 73 72 75 56 49 46 40 43 33 20 15 5 
31 32 13 9 17 23 29 35 26 21 30 37 40 46 50 52 55 58 60 62 67 63 68 66 78 75 56 49 46 40 41 33 20 25 24 16 10 15 5 
31 22 14 11 6 4 0 3 9 17 23 29 35 36 40 46 49 56 75 78 66 78 75 56 49 46 40 41 33 20 15 5 
31 32 13 9 17 23 29 35 26 21 30 37 40 46 50 52 55 58 60 62 67 63 68 66 68 77 73 72 75 56 49 46 40 41 33 20 15 5 
31 32 13 9 17 23 29 35 26 21 30 37 40 46 50 52 55 58 60 62 67 63 68 66 78 75 56 49 46 40 43 33 20 25 24 16 10 15 5 
31 22 14 11 6 4 0 3 9 17 23 29 35 26 21 30 37 40 46 49 56 75 78 66 78 75 56 49 46 40 41 33 20 25 24 16 10 15 5 
---------------
Request id 17
64 59 57 54 65 62 67 74 71 81 80 69 79 86 93 86 79 69 64 59 57 54 53 48 34 45 65 62 67 74 83 84 82 84 83 74 67 62 60 58 55 52 50 46 40 43 33 20 15 10 
64 59 57 54 53 48 34 45 65 62 67 74 83 84 82 81 80 69 79 76 70 86 93 86 70 76 79 69 80 81 82 84 83 74 67 62 60 58 55 52 50 46 40 41 33 20 15 10 
64 59 57 54 53 48 34 45 65 62 67 74 71 81 80 69 79 86 93 86 70 76 79 69 80 81 82 84 83 74 67 63 68 66 78 75 56 49 46 40 28 19 5 15 10 
64 59 57 54 53 48 34 45 65 62 67 74 83 84 82 81 80 69 79 86 93 86 79 69 80 81 82 84 83 74 67 62 60 58 55 52 50 46 40 41 33 20 15 10 
64 59 57 54 65 62 67 74 83 84 82 81 80 69 79 86 93 86 70 76 79 69 80 81 71 74 83 84 82 81 71 74 67 63 68 66 78 75 56 49 46 40 28 19 5 15 10 
64 59 57 54 53 48 34 45 65 62 67 74 83 84 82 81 80 69 79 76 70 86 93 86 70 76 79 69 64 59 57 54 65 62 67 74 83 84 82 84 83 74 67 63 68 66 78 75 56 49 46 40 28 19 5 15 10 
64 59 57 54 53 48 34 45 65 62 67 74 71 81 80 69 79 86 93 86 70 76 79 69 80 81 82 81 71 74 67 63 68 66 78 75 56 49 46 40 43 33 20 15 10 
64 59 57 54 65 62 67 74 71 81 80 69 79 76 70 86 93 86 70 76 79 69 64 59 57 54 65 62 67 74 71 81 82 81 71 74 67 62 60 58 55 52 50 46 40 28 19 5 15 10 
64 59 57 54 65 62 67 74 83 84 82 81 80 69 79 76 70 86 93 86 79 69 64 59 57 54 65 62 67 74 71 81 82 84 83 74 67 62 60 58 55 52 50 46 40 43 33 20 15 10 
64 59 57 54 53 48 34 45 65 62 67 74 83 84 82 81 80 69 79 76 70 86 93 86 79 69 80 81 71 74 83 84 82 81 71 74 67 63 68 66 78 75 56 49 46 40 43 33 20 15 10 
64 69 79 86 93 86 79 69 80 81 71 74 83 84 82 84 83 74 67 63 68 66 78 75 56 49 46 40 28 19 5 15 10 
64 69 79 86 93 86 70 76 79 69 80 81 82 81 71 74 67 63 68 66 78 75 56 49 46 40 28 19 5 15 10 
64 69 79 76 70 86 93 86 79 69 64 59 57 54 53 48 34 45 65 62 67 74 71 81 82 81 71 74 67 62 60 58 55 52 50 46 40 28 19 5 15 10 
64 59 57 54 65 62 67 74 71 81 80 69 79 86 93 86 70 76 79 69 80 81 82 81 71 74 67 63 68 66 78 75 56 49 46 40 43 33 20 15 10 
64 59 57 54 53 48 34 45 65 62 67 74 71 81 80 69 79 76 70 86 93 86 79 69 80 81 82 84 83 74 67 62 60 58 55 52 50 46 40 28 19 5 15 10 
64 69 79 76 70 86 93 86 70 76 79 69 80 81 82 81 71 74 67 62 60 58 55 52 50 46 40 41 33 20 15 10 
64 59 57 54 53 48 34 45 65 62 67 74 83 84 82 81 80 69 79 76 70 86 93 86 70 76 79 69 64 59 57 54 65 62 67 74 71 81 82 81 71 74 67 62 60 58 55 52 50 46 40 41 33 20 15 10 
64 59 57 54 65 62 67 74 83 84 82 81 80 69 79 86 93 86 70 76 79 69 64 59 57 54 65 62 67 74 71 81 82 81 71 74 67 62 60 58 55 52 50 46 40 41 33 20 15 10 
64 69 79 86 93 86 70 76 79 69 80 81 71 74 83 84 82 81 71 74 67 62 60 58 55 52 50 46 40 28 19 5 15 10 
64 69 79 86 93 86 79 69 64 59 57 54 65 62 67 74 83 84 82 84 83 74 67 62 60 58 55 52 50 46 40 41 33 20 15 10 
---------------
Request id 3
60 62 65 54 57 59 64 69 80 81 71 74 83 85 87 94 100 99 100 94 98 102 101 85 83 84 82 81 80 69 79 86 70 76 79 69 64 59 57 54 53 48 34 45 65 
60 62 65 54 57 59 64 69 80 81 82 84 83 85 87 94 100 99 100 94 98 102 101 85 83 74 71 81 80 69 79 86 70 76 70 86 79 69 80 81 71 74 67 62 65 
60 62 67 74 71 81 82 84 83 85 87 94 100 99 100 94 98 102 101 85 83 74 71 81 80 69 79 76 70 86 79 69 64 59 57 54 65 
60 62 67 74 83 85 101 102 98 94 100 99 100 94 87 85 83 74 67 62 65 54 57 59 64 69 79 76 79 69 80 81 71 74 67 62 65 
60 62 67 74 71 81 82 84 83 85 87 94 100 99 100 94 87 85 83 74 67 62 65 54 57 59 64 69 79 76 70 86 79 69 64 59 57 54 65 
60 62 65 54 57 59 64 69 80 81 71 74 83 85 101 102 98 94 100 99 100 94 98 102 101 85 83 74 71 81 80 69 79 86 70 76 79 69 64 59 57 54 53 48 34 45 65 
60 62 67 74 83 85 87 94 100 99 100 94 98 102 101 85 83 74 71 81 80 69 79 86 70 76 79 69 64 59 57 54 53 48 34 45 65 
60 58 55 52 50 46 49 56 75 78 66 68 63 67 74 83 85 87 94 100 99 100 94 87 85 83 84 82 81 80 69 79 76 79 69 80 81 71 74 67 63 68 77 73 72 75 56 49 46 50 52 55 58 60 62 65 
60 62 65 54 57 59 64 69 80 81 71 74 83 85 101 102 98 94 100 99 100 94 98 102 101 85 83 84 82 81 80 69 79 86 70 76 79 69 80 81 71 74 67 63 68 77 73 72 75 56 49 46 50 52 55 58 60 62 65 
60 62 65 45 34 48 53 54 57 59 64 69 80 81 71 74 83 85 87 94 100 99 100 94 87 85 83 84 82 81 80 69 79 76 79 69 80 81 82 84 83 74 67 62 65 
60 62 67 74 83 85 87 94 100 99 100 94 87 85 83 74 71 81 80 69 79 86 70 76 79 69 80 81 71 74 67 63 68 66 78 75 56 49 46 50 52 55 58 60 62 65 
60 62 65 54 57 59 64 69 80 81 82 84 83 85 87 94 100 99 100 94 98 102 101 85 83 84 82 81 80 69 79 76 79 69 80 81 71 74 67 63 68 66 78 75 56 49 46 50 52 55 58 60 62 65 
60 62 67 74 83 85 87 94 100 99 100 94 87 85 83 74 71 81 80 69 79 76 79 69 80 81 71 74 67 63 68 66 78 75 56 49 46 50 52 55 58 60 62 65 
60 58 55 52 50 46 49 56 75 78 66 68 63 67 74 83 85 87 94 100 99 100 94 87 85 83 84 82 81 80 69 79 86 70 76 79 69 80 81 71 74 67 63 68 77 73 72 75 56 49 46 50 52 55 58 60 62 65 
60 62 65 54 57 59 64 69 80 81 71 74 83 85 101 102 98 94 100 99 100 94 98 102 101 85 83 84 82 81 80 69 79 86 70 76 79 69 80 81 71 74 67 62 65 
60 62 65 54 57 59 64 69 80 81 71 74 83 85 87 94 100 99 100 94 87 85 83 74 71 81 80 69 79 76 79 69 80 81 71 74 67 63 68 66 78 75 56 49 46 50 52 55 58 60 62 65 
60 62 65 54 57 59 64 69 80 81 82 84 83 85 101 102 98 94 100 99 100 94 87 85 83 74 71 81 80 69 79 76 70 86 79 69 64 59 57 54 65 
60 62 65 54 57 59 64 69 80 81 71 74 83 85 101 102 98 94 100 99 100 94 87 85 83 74 71 81 80 69 79 86 70 76 79 69 64 59 57 54 65 
60 62 65 54 57 59 64 69 80 81 71 74 83 85 87 94 100 99 100 94 87 85 83 74 67 62 65 54 57 59 64 69 79 86 70 76 70 86 79 69 80 81 82 84 83 74 67 62 65 
60 62 67 74 83 85 101 102 98 94 100 99 100 94 87 85 83 74 67 62 65 54 57 59 64 69 79 76 79 69 80 81 71 74 67 63 68 77 73 72 75 56 49 46 50 52 55 58 60 62 65 
---------------
Request id 6
0 4 6 11 14 22 31 32 13 9 3 2 1 8 7 12 17 23 29 35 36 40 46 49 56 75 91 75 56 49 46 50 52 55 58 60 62 67 74 83 85 87 94 98 102 101 85 83 74 67 62 60 58 55 52 50 46 40 43 33 20 
0 3 9 17 23 29 35 36 40 46 49 56 75 91 75 78 66 68 63 67 74 83 85 101 102 98 94 87 85 83 74 67 62 60 58 55 52 50 46 40 43 33 20 
0 4 6 11 14 22 31 32 13 9 3 2 1 8 7 12 17 23 29 35 36 40 46 49 56 75 91 75 72 73 77 68 63 67 74 83 85 101 102 101 85 83 74 67 63 68 66 78 75 56 49 46 40 41 33 20 
0 3 9 17 23 29 35 36 40 46 49 56 75 91 75 78 66 68 63 67 74 83 85 87 94 98 102 98 94 87 85 83 74 67 63 68 66 78 75 56 49 46 40 41 33 20 
0 3 2 1 8 7 12 17 23 29 35 26 21 30 37 40 46 49 56 75 91 75 78 66 68 63 67 74 83 85 101 102 101 85 83 74 67 62 60 58 55 52 50 46 40 28 19 5 15 20 
0 4 6 11 14 22 31 32 13 9 3 2 1 8 7 12 17 23 29 35 36 40 46 49 56 75 91 75 78 66 68 63 67 74 83 85 101 102 98 94 87 85 83 74 67 62 60 58 55 52 50 46 40 41 33 20 
0 3 9 17 23 29 35 36 40 46 50 52 55 58 60 62 67 63 68 66 78 75 91 75 72 73 77 68 63 67 74 71 81 82 84 83 85 101 102 101 85 83 74 67 63 68 66 78 75 56 49 46 40 43 33 20 
0 3 9 17 23 29 35 26 21 30 37 40 46 49 56 75 91 75 72 73 77 68 63 67 74 83 85 101 102 101 85 83 74 67 62 60 58 55 52 50 46 40 41 33 20 
0 3 9 17 23 29 35 36 40 46 50 52 55 58 60 62 67 63 68 77 73 72 75 91 75 78 66 68 63 67 74 71 81 82 84 83 85 101 102 101 85 83 74 67 62 60 58 55 52 50 46 40 28 19 5 15 20 
0 3 9 17 23 29 35 36 40 46 50 52 55 58 60 62 67 63 68 77 73 72 75 91 75 72 73 77 68 63 67 74 71 81 82 84 83 85 101 102 101 85 83 74 67 63 68 66 78 75 56 49 46 40 43 33 20 
0 3 9 17 23 29 35 26 21 30 37 40 46 50 52 55 58 60 62 67 63 68 66 78 75 91 75 72 73 77 68 63 67 74 71 81 82 84 83 85 87 94 98 102 98 94 87 85 83 74 67 63 68 66 78 75 56 49 46 40 41 33 20 
0 3 2 1 8 7 12 17 23 29 35 36 40 46 49 56 75 91 75 72 73 77 68 63 67 74 83 85 87 94 98 102 98 94 87 85 83 74 67 62 60 58 55 52 50 46 40 41 33 20 
0 3 2 1 8 7 12 17 23 29 35 26 21 30 37 40 46 49 56 75 91 75 78 66 68 63 67 74 83 85 101 102 98 94 87 85 83 74 67 62 60 58 55 52 50 46 40 41 33 20 
0 3 9 17 23 29 35 36 40 46 50 52 55 58 60 62 67 63 68 77 73 72 75 91 75 56 49 46 50 52 55 58 60 62 67 74 83 85 87 94 98 102 101 85 83 74 67 63 68 77 73 72 75 56 49 46 40 41 33 20 
0 4 6 11 14 22 31 32 13 9 17 23 29 35 26 21 30 37 40 46 49 56 75 91 75 56 49 46 50 52 55 58 60 62 67 74 83 85 101 102 101 85 83 74 67 63 68 77 73 72 75 56 49 46 40 41 33 20 
0 3 2 1 8 7 12 17 23 29 35 26 21 30 37 40 46 49 56 75 91 75 72 73 77 68 63 67 74 83 85 101 102 98 94 87 85 83 74 67 62 60 58 55 52 50 46 40 43 33 20 
0 4 6 11 14 22 31 32 13 9 3 2 1 8 7 12 17 23 29 35 36 40 46 49 56 75 91 75 72 73 77 68 63 67 74 83 85 87 94 98 102 101 85 83 74 67 62 60 58 55 52 50 46 40 28 19 5 15 20 
0 4 6 11 14 22 31 32 13 9 17 23 29 35 36 40 46 49 56 75 91 75 72 73 77 68 63 67 74 83 85 101 102 101 85 83 74 67 63 68 66 78 75 56 49 46 40 41 33 20 
0 3 2 1 8 7 12 17 23 29 35 26 21 30 37 40 46 49 56 75 91 75 72 73 77 68 63 67 74 83 85 87 94 98 102 98 94 87 85 83 74 67 62 60 58 55 52 50 46 40 41 33 20 
0 3 9 17 23 29 35 26 21 30 37 40 46 50 52 55 58 60 62 67 63 68 66 78 75 91 75 56 49 46 50 52 55 58 60 62 67 74 83 85 87 94 98 102 101 85 83 74 67 63 68 77 73 72 75 56 49 46 40 43 33 20 
---------------
Request id 7
7 12 17 23 29 35 26 21 30 37 40 46 50 52 55 58 60 62 67 63 68 66 78 75 56 49 42 49 46 40 36 35 29 38 29 35 36 40 46 49 42 49 56 
7 12 17 23 29 35 36 40 46 50 52 55 58 60 62 67 63 68 77 73 72 75 56 49 42 49 56 75 72 73 77 68 63 67 62 60 58 55 52 50 46 40 36 35 29 38 29 35 36 40 46 50 52 55 58 60 62 65 54 57 59 64 69 80 81 82 84 83 74 67 63 68 77 73 72 75 56 49 42 49 46 50 52 55 58 60 62 65 54 57 59 64 69 80 81 82 84 83 74 67 63 68 66 78 75 56 
7 8 1 2 3 9 17 23 29 35 36 40 46 50 52 55 58 60 62 67 63 68 66 78 75 56 49 42 49 56 75 78 66 68 63 67 74 71 81 80 69 64 59 57 54 65 62 60 58 55 52 50 46 40 37 30 21 26 35 29 38 29 35 36 40 46 50 52 55 58 60 62 65 54 57 59 64 69 80 81 82 84 83 74 67 63 68 66 78 75 56 49 42 49 46 50 52 55 58 60 62 65 54 57 59 64 69 80 81 71 74 67 63 68 66 78 75 56 
7 12 17 23 29 35 26 21 30 37 40 46 49 42 49 56 75 78 66 68 63 67 62 60 58 55 52 50 46 40 36 35 29 38 29 35 36 40 46 50 52 55 58 60 62 67 63 68 77 73 72 75 56 49 42 49 46 50 52 55 58 60 62 65 54 57 59 64 69 80 81 71 74 67 63 68 77 73 72 75 56 
7 12 17 23 29 35 26 21 30 37 40 46 50 52 55 58 60 62 67 63 68 66 78 75 56 49 42 49 56 75 78 66 68 63 67 74 71 81 80 69 64 59 57 54 65 62 60 58 55 52 50 46 40 37 30 21 26 35 29 38 29 35 26 21 30 37 40 46 50 52 55 58 60 62 67 63 68 77 73 72 75 56 49 42 49 56 
7 12 17 23 29 35 26 21 30 37 40 46 50 52 55 58 60 62 67 63 68 66 78 75 56 49 42 49 56 75 72 73 77 68 63 67 74 71 81 80 69 64 59 57 54 65 62 60 58 55 52 50 46 40 36 35 29 38 29 35 26 21 30 37 40 46 50 52 55 58 60 62 67 63 68 66 78 75 56 49 42 49 56 
7 8 1 2 3 9 17 23 29 35 36 40 46 50 52 55 58 60 62 67 63 68 66 78 75 56 49 42 49 56 75 78 66 68 63 67 74 71 81 80 69 64 59 57 54 65 62 60 58 55 52 50 46 40 37 30 21 26 35 29 38 29 35 26 21 30 37 40 46 49 42 49 46 50 52 55 58 60 62 65 54 57 59 64 69 80 81 82 84 83 74 67 63 68 66 78 75 56 
7 8 1 2 3 0 4 6 11 14 22 31 32 13 9 17 23 29 35 26 21 30 37 40 46 49 42 49 56 75 78 66 68 63 67 74 83 84 82 81 80 69 64 59 57 54 65 62 60 58 55 52 50 46 40 36 35 29 38 29 35 36 40 46 50 52 55 58 60 62 65 54 57 59 64 69 80 81 71 74 67 63 68 66 78 75 56 49 42 49 46 50 52 55 58 60 62 67 63 68 66 78 75 56 
7 8 1 2 3 0 4 6 11 14 22 31 32 13 9 17 23 29 35 36 40 46 49 42 49 56 75 78 66 68 63 67 74 71 81 80 69 64 59 57 54 65 62 60 58 55 52 50 46 40 37 30 21 26 35 29 38 29 35 26 21 30 37 40 46 50 52 55 58 60 62 67 63 68 66 78 75 56 49 42 49 46 50 52 55 58 60 62 67 63 68 66 78 75 56 
7 8 1 2 3 0 4 6 11 14 22 31 32 13 9 17 23 29 35 26 21 30 37 40 46 49 42 49 56 75 72 73 77 68 63 67 62 60 58 55 52 50 46 40 37 30 21 26 35 29 38 29 35 36 40 46 50 52 55 58 60 62 65 54 57 59 64 69 80 81 71 74 67 63 68 66 78 75 56 49 42 49 46 50 52 55 58 60 62 65 54 57 59 64 69 80 81 71 74 67 63 68 66 78 75 56 
7 12 17 23 29 35 36 40 46 50 52 55 58 60 62 67 63 68 66 78 75 56 49 42 49 56 75 78 66 68 63 67 62 60 58 55 52 50 46 40 36 35 29 38 29 35 36 40 46 50 52 55 58 60 62 65 54 57 59 64 69 80 81 82 84 83 74 67 63 68 77 73 72 75 56 49 42 49 46 50 52 55 58 60 62 65 45 34 48 53 54 57 59 64 69 80 81 71 74 67 63 68 66 78 75 56 
7 12 17 23 29 35 36 40 46 49 42 49 56 75 72 73 77 68 63 67 62 60 58 55 52 50 46 40 37 30 21 26 35 29 38 29 35 36 40 46 50 52 55 58 60 62 65 54 57 59 64 69 80 81 82 84 83 74 67 63 68 66 78 75 56 49 42 49 46 50 52 55 58 60 62 65 45 34 48 53 54 57 59 64 69 80 81 82 84 83 74 67 63 68 66 78 75 56 
7 8 1 2 3 9 17 23 29 35 36 40 46 49 42 49 56 75 78 66 68 63 67 62 60 58 55 52 50 46 40 36 35 29 38 29 35 36 40 46 49 42 49 46 50 52 55 58 60 62 65 54 57 59 64 69 80 81 82 84 83 74 67 63 68 66 78 75 56 
7 8 1 2 3 9 17 23 29 35 36 40 46 50 52 55 58 60 62 67 63 68 66 78 75 56 49 42 49 56 75 78 66 68 63 67 74 71 81 80 69 64 59 57 54 65 62 60 58 55 52 50 46 40 37 30 21 26 35 29 38 29 35 36 40 46 50 52 55 58 60 62 65 54 57 59 64 69 80 81 71 74 67 63 68 66 78 75 56 49 42 49 46 50 52 55 58 60 62 65 54 57 59 64 69 80 81 71 74 67 63 68 77 73 72 75 56 
7 8 1 2 3 0 4 6 11 14 22 31 32 13 9 17 23 29 35 26 21 30 37 40 46 49 42 49 56 75 72 73 77 68 63 67 62 60 58 55 52 50 46 40 37 30 21 26 35 29 38 29 35 36 40 46 50 52 55 58 60 62 67 63 68 77 73 72 75 56 49 42 49 46 50 52 55 58 60 62 65 54 57 59 64 69 80 81 82 84 83 74 67 63 68 77 73 72 75 56 
7 12 17 23 29 35 36 40 46 50 52 55 58 60 62 67 63 68 77 73 72 75 56 49 42 49 56 75 72 73 77 68 63 67 74 71 81 80 69 64 59 57 54 65 62 60 58 55 52 50 46 40 36 35 29 38 29 35 36 40 46 50 52 55 58 60 62 65 54 57 59 64 69 80 81 82 84 83 74 67 63 68 66 78 75 56 49 42 49 46 50 52 55 58 60 62 65 54 57 59 64 69 80 81 71 74 67 63 68 77 73 72 75 56 
7 12 17 23 29 35 26 21 30 37 40 46 49 42 49 56 75 78 66 68 63 67 62 60 58 55 52 50 46 40 37 30 21 26 35 29 38 29 35 36 40 46 50 52 55 58 60 62 65 54 57 59 64 69 80 81 82 84 83 74 67 63 68 66 78 75 56 49 42 49 56 
7 12 17 23 29 35 36 40 46 49 42 49 56 75 78 66 68 63 67 62 60 58 55 52 50 46 40 37 30 21 26 35 29 38 29 35 36 40 46 50 52 55 58 60 62 65 54 57 59 64 69 80 81 82 84 83 74 67 63 68 66 78 75 56 49 42 49 46 50 52 55 58 60 62 65 54 57 59 64 69 80 81 71 74 67 63 68 77 73 72 75 56 
7 12 17 23 29 35 26 21 30 37 40 46 50 52 55 58 60 62 67 63 68 66 78 75 56 49 42 49 56 75 78 66 68 63 67 74 83 84 82 81 80 69 64 59 57 54 65 62 60 58 55 52 50 46 40 36 35 29 38 29 35 36 40 46 50 52 55 58 60 62 65 54 57 59 64 69 80 81 82 84 83 74 67 63 68 66 78 75 56 49 42 49 46 50 52 55 58 60 62 65 54 57 59 64 69 80 81 82 84 83 74 67 63 68 77 73 72 75 56 
7 8 1 2 3 9 17 23 29 35 36 40 46 49 42 49 46 40 37 30 21 26 35 29 38 29 35 36 40 46 50 52 55 58 60 62 65 54 57 59 64 69 80 81 71 74 67 63 68 66 78 75 56 49 42 49 46 50 52 55 58 60 62 65 45 34 48 53 54 57 59 64 69 80 81 71 74 67 63 68 77 73 72 75 56 
---------------
Request id 20
11 14 22 31 32 13 9 17 23 29 35 36 40 46 50 52 55 58 60 62 67 63 68 66 68 77 73 72 75 56 49 46 40 36 35 29 23 17 9 3 0 4 6 11 14 
11 6 4 0 3 2 1 8 7 12 17 23 29 35 36 40 46 49 56 75 78 66 68 77 73 72 75 56 49 46 40 36 35 29 23 17 9 3 0 4 6 11 14 
11 6 4 0 3 9 17 23 29 35 36 40 46 50 52 55 58 60 62 67 63 68 66 78 75 56 49 46 40 36 35 29 23 17 12 7 8 1 2 3 0 4 6 11 14 
11 6 4 0 3 9 17 23 29 35 36 40 46 50 52 55 58 60 62 67 63 68 66 68 77 73 72 75 56 49 46 40 36 35 29 23 17 9 3 0 4 6 11 14 
11 14 22 31 32 13 9 17 23 29 35 26 21 30 37 40 46 49 56 75 78 66 68 77 73 72 75 56 49 46 40 37 30 21 26 35 29 23 17 9 13 32 31 22 14 
11 14 22 31 32 13 9 17 23 29 35 36 40 46 49 56 75 78 66 68 77 73 72 75 56 49 46 40 36 35 29 23 17 9 3 0 4 6 11 14 
11 6 4 0 3 9 17 23 29 35 36 40 46 49 56 75 72 73 77 68 66 68 63 67 62 60 58 55 52 50 46 40 36 35 29 23 17 9 3 0 4 6 11 14 
11 6 4 0 3 9 17 23 29 35 36 40 46 50 52 55 58 60 62 67 63 68 66 68 77 73 72 75 56 49 46 40 36 35 29 23 17 9 13 32 31 22 14 
11 6 4 0 3 2 1 8 7 12 17 23 29 35 36 40 46 49 56 75 78 66 78 75 56 49 46 40 36 35 29 23 17 9 3 0 4 6 11 14 
11 14 22 31 32 13 9 17 23 29 35 36 40 46 49 56 75 72 73 77 68 66 68 77 73 72 75 56 49 46 40 36 35 29 23 17 9 3 0 4 6 11 14 
11 6 4 0 3 9 17 23 29 35 36 40 46 50 52 55 58 60 62 67 63 68 66 78 75 56 49 46 40 37 30 21 26 35 29 23 17 9 3 0 4 6 11 14 
11 6 4 0 3 2 1 8 7 12 17 23 29 35 36 40 46 49 56 75 78 66 78 75 56 49 46 40 36 35 29 23 17 12 7 8 1 2 3 0 4 6 11 14 
11 14 22 31 32 13 9 17 23 29 35 26 21 30 37 40 46 49 56 75 78 66 78 75 56 49 46 40 37 30 21 26 35 29 23 17 9 3 0 4 6 11 14 
11 14 22 31 32 13 9 17 23 29 35 36 40 46 49 56 75 72 73 77 68 66 78 75 56 49 46 40 36 35 29 23 17 9 3 0 4 6 11 14 
11 14 22 31 32 13 9 17 23 29 35 26 21 30 37 40 46 49 56 75 78 66 78 75 56 49 46 40 36 35 29 23 17 9 3 0 4 6 11 14 
11 6 4 0 3 9 17 23 29 35 26 21 30 37 40 46 49 56 75 72 73 77 68 66 68 63 67 62 60 58 55 52 50 46 40 36 35 29 23 17 9 13 32 31 22 14 
11 6 4 0 3 9 17 23 29 35 26 21 30 37 40 46 49 56 75 72 73 77 68 66 68 77 73 72 75 56 49 46 40 36 35 29 23 17 9 3 0 4 6 11 14 
11 6 4 0 3 9 17 23 29 35 26 21 30 37 40 46 49 56 75 72 73 77 68 66 78 75 56 49 46 40 36 35 29 23 17 9 3 0 4 6 11 14 
11 14 22 31 32 13 9 17 23 29 35 36 40 46 49 56 75 72 73 77 68 66 68 77 73 72 75 56 49 46 40 36 35 29 23 17 9 13 32 31 22 14 
11 6 4 0 3 9 17 23 29 35 36 40 46 50 52 55 58 60 62 67 63 68 66 78 75 56 49 46 40 37 30 21 26 35 29 23 17 9 13 32 31 22 14 
---------------
