Request id 3
6 11 13 18 25 29 36 37 45 37 36 37 45 44 48 57 48 46 41 40 32 28 25 18 13 11 
6 11 13 18 25 29 36 37 45 37 36 37 45 44 48 57 48 44 45 37 36 29 25 18 13 11 
6 11 13 18 25 29 36 37 45 37 36 37 45 44 48 57 48 46 41 40 39 33 30 24 16 11 
6 11 13 18 25 29 36 37 45 37 36 37 45 44 48 57 48 46 41 40 32 28 25 18 16 11 
6 11 13 18 25 29 36 37 45 37 36 37 45 44 48 57 48 44 45 37 36 29 25 18 16 11 
---------------
Request id 8
37 45 37 36 37 35 32 40 39 38 34 
37 45 37 36 29 25 18 16 24 27 31 34 
37 45 37 36 29 25 28 32 40 39 38 34 
37 45 37 36 37 35 32 40 56 51 42 38 34 
37 45 37 36 29 19 15 18 16 24 27 31 34 
---------------
Request id 7
6 11 16 18 25 29 36 37 45 44 48 57 60 64 
6 11 16 18 25 29 36 37 45 44 48 46 54 65 64 
6 11 16 18 25 29 36 37 45 37 35 32 40 41 46 54 65 64 
6 11 16 18 25 29 36 37 45 44 48 46 41 61 62 54 65 64 
6 11 16 18 25 29 36 37 45 44 48 46 54 62 66 67 68 65 64 
---------------
Request id 10
42 51 56 58 63 66 62 61 41 40 39 33 30 24 27 
42 51 56 58 63 66 63 58 56 40 39 33 30 24 27 
42 51 56 58 63 66 62 61 41 40 39 38 34 31 27 
42 51 56 58 63 66 63 58 55 49 42 38 34 31 27 
42 51 56 58 63 66 63 58 56 51 42 38 34 31 27 
---------------
Request id 1
38 39 40 41 61 62 61 59 
38 39 40 41 61 62 54 46 41 61 59 
38 39 40 41 61 62 61 41 40 56 59 
38 39 40 41 61 62 66 63 58 56 59 
38 39 40 41 61 62 54 46 41 40 56 59 
---------------
Request id 4
65 68 69 71 69 68 65 54 46 48 44 45 37 
65 68 69 71 69 67 68 65 54 46 48 44 45 37 
65 68 69 71 69 68 65 64 60 57 48 44 45 37 
65 68 69 71 69 68 65 54 46 41 40 32 35 37 
65 68 69 71 69 67 66 62 54 46 48 44 45 37 
---------------
Request id 9
11 16 18 25 29 36 37 45 44 48 46 
11 16 18 25 29 36 37 45 44 45 37 35 32 40 41 46 
11 16 18 25 29 36 37 45 44 48 57 60 64 65 54 46 
11 16 18 25 29 36 37 45 44 45 37 35 32 40 41 61 62 54 46 
11 16 18 25 29 36 37 45 44 45 37 36 29 25 28 32 40 41 46 
---------------
Request id 6
41 40 32 28 25 18 15 9 2 
41 40 32 28 25 18 13 0 2 
41 40 32 28 25 29 19 15 9 2 
41 40 32 28 25 18 16 11 13 0 2 
41 40 32 28 25 18 13 3 5 0 2 
---------------
Request id 5
27 24 30 24 27 31 34 38 42 51 56 58 
27 24 30 24 27 31 34 38 39 40 56 58 
27 24 30 24 27 31 34 38 42 49 55 58 
27 24 30 24 27 31 27 24 30 33 39 40 56 58 
27 24 30 24 27 31 34 43 47 52 53 50 49 55 58 
---------------
Request id 2
53 50 49 42 38 39 33 30 33 39 40 56 58 63 66 67 69 71 69 67 66 63 58 56 40 32 28 25 18 13 
53 50 49 42 38 39 33 30 33 39 40 56 58 63 66 67 69 71 69 68 65 54 46 41 40 32 28 25 18 13 
53 50 49 42 38 39 33 30 33 39 40 56 58 63 66 67 69 71 69 67 66 62 61 41 40 32 28 25 18 13 
53 50 49 42 38 39 33 30 33 39 40 56 58 63 66 67 69 71 69 67 68 65 54 46 41 40 32 28 25 18 13 
53 50 49 42 38 39 33 30 33 39 40 56 58 63 66 67 69 71 69 67 66 62 54 46 41 40 32 28 25 18 13 
---------------
