Request id 8
62 61 41 40 39 33 30 24 23 26 28 26 28 32 40 39 
62 61 41 40 39 33 30 24 23 26 28 26 23 24 30 33 39 
62 61 41 40 39 33 30 24 23 26 28 26 23 24 27 31 34 38 39 
62 61 41 40 39 33 30 24 23 26 28 26 28 25 18 16 24 30 33 39 
62 61 41 40 39 33 30 24 23 26 28 26 28 32 40 56 51 42 38 39 
---------------
Request id 9
59 56 40 32 35 32 28 32 40 41 46 54 65 68 69 71 72 
59 56 40 32 35 32 28 32 40 56 58 63 66 67 69 71 72 
59 56 40 32 35 32 28 32 40 41 61 62 66 67 69 71 72 
59 56 40 32 35 32 28 32 40 41 46 54 65 68 67 69 71 72 
59 56 40 32 35 32 28 32 40 41 61 62 54 65 68 69 71 72 
---------------
Request id 1
14 17 20 24 23 26 23 24 27 31 34 43 
14 17 20 24 23 26 28 32 40 39 38 34 43 
14 17 20 24 23 26 23 24 30 33 39 38 34 43 
14 17 20 24 23 26 28 25 18 16 24 27 31 34 43 
14 17 20 24 23 26 28 32 40 56 51 42 38 34 43 
---------------
Request id 4
68 65 54 46 41 40 32 40 
68 65 54 46 41 40 32 28 26 23 24 30 33 39 40 
68 65 54 46 41 40 32 35 37 45 44 48 46 41 40 
68 65 54 46 41 40 32 28 25 18 16 24 30 33 39 40 
68 65 54 46 41 40 32 28 26 23 24 27 31 34 38 39 40 
---------------
Request id 2
62 54 65 68 69 71 69 67 66 63 58 56 40 39 33 30 24 16 11 
62 54 65 68 69 71 69 67 66 63 58 56 40 39 33 30 24 20 17 16 11 
62 54 65 68 69 71 69 67 66 63 58 56 40 39 33 30 24 16 18 13 11 
62 54 65 68 69 71 69 67 66 63 58 56 40 39 33 30 24 20 17 14 12 11 
62 54 65 68 69 71 69 67 66 63 58 56 40 39 33 30 24 16 17 14 12 11 
---------------
Request id 10
46 41 40 32 28 25 18 13 3 13 18 25 28 32 40 41 
46 41 40 32 28 25 18 13 3 6 11 16 24 30 33 39 40 41 
46 41 40 32 28 25 18 13 3 13 11 16 18 25 28 32 40 41 
46 41 40 32 28 25 18 13 3 6 11 13 18 25 28 32 40 41 
46 41 40 32 28 25 18 13 3 6 11 16 18 25 28 32 40 41 
---------------
Request id 5
47 43 34 31 27 24 30 
47 43 34 31 27 31 34 38 39 33 30 
47 43 34 31 27 22 21 17 20 24 30 
47 43 34 31 27 22 21 17 16 24 30 
47 43 34 31 27 24 23 26 28 32 40 39 33 30 
---------------
Request id 3
63 58 55 49 42 51 56 58 
63 58 55 49 42 49 55 58 
63 58 55 49 42 38 39 40 56 58 
63 58 55 49 42 51 56 59 61 62 66 63 58 
63 58 55 49 42 38 39 40 41 61 59 56 58 
---------------
Request id 6
74 73 72 71 69 68 65 54 46 41 40 32 28 25 18 16 
74 73 72 71 69 68 65 54 46 41 40 39 33 30 24 16 
74 73 72 71 69 68 65 54 62 61 41 40 39 33 30 24 16 
74 73 72 71 69 68 65 54 62 61 41 40 32 28 25 18 16 
74 73 72 71 69 68 65 54 46 41 40 32 28 26 23 24 16 
---------------
Request id 7
29 25 28 26 23 24 16 11 
29 25 28 26 23 24 20 17 16 11 
29 25 28 26 23 24 16 18 13 11 
29 25 28 26 23 24 20 17 14 12 11 
29 25 28 26 23 24 16 17 14 12 11 
---------------
