Request id 5
0 7 8 13 13 10 3 
0 7 8 13 13 8 11 10 3 
0 7 8 13 13 12 11 10 3 
0 7 8 13 13 12 5 4 3 
0 7 8 13 13 8 7 0 1 3 
0 7 8 13 13 12 5 2 1 3 
0 7 8 13 13 8 9 5 4 3 
0 7 8 13 13 8 7 6 4 3 
0 7 8 13 13 10 11 12 5 4 3 
0 7 8 13 13 8 7 0 2 1 3 
0 2 5 12 13 13 10 3 
0 2 5 12 13 13 8 11 10 3 
0 2 5 12 13 13 12 11 10 3 
0 2 5 12 13 13 12 5 4 3 
0 2 5 12 13 13 8 7 0 1 3 
0 2 5 12 13 13 12 5 2 1 3 
0 2 5 12 13 13 8 9 5 4 3 
0 2 5 12 13 13 8 7 6 4 3 
0 2 5 12 13 13 10 11 12 5 4 3 
0 2 5 12 13 13 8 7 0 2 1 3 
0 1 3 10 13 13 10 3 
0 1 3 10 13 13 8 11 10 3 
0 1 3 10 13 13 12 11 10 3 
0 1 3 10 13 13 12 5 4 3 
0 1 3 10 13 13 8 7 0 1 3 
0 1 3 10 13 13 12 5 2 1 3 
0 1 3 10 13 13 8 9 5 4 3 
0 1 3 10 13 13 8 7 6 4 3 
0 1 3 10 13 13 10 11 12 5 4 3 
0 1 3 10 13 13 8 7 0 2 1 3 
0 2 1 3 10 13 13 10 3 
0 2 1 3 10 13 13 8 11 10 3 
0 2 1 3 10 13 13 12 11 10 3 
0 2 1 3 10 13 13 12 5 4 3 
0 2 1 3 10 13 13 8 7 0 1 3 
0 2 1 3 10 13 13 12 5 2 1 3 
0 2 1 3 10 13 13 8 9 5 4 3 
0 2 1 3 10 13 13 8 7 6 4 3 
0 2 1 3 10 13 13 10 11 12 5 4 3 
0 2 1 3 10 13 13 8 7 0 2 1 3 
---------------
Request id 13
9 5 4 6 7 6 4 5 2 
9 5 4 6 7 6 4 3 1 2 
9 5 4 6 7 6 4 6 7 0 2 
9 5 4 6 7 6 4 3 1 0 2 
9 5 4 6 7 6 4 6 7 0 1 2 
9 5 4 6 7 6 4 5 9 8 7 0 2 
9 5 4 6 7 6 4 6 7 8 9 5 2 
9 5 4 6 7 6 4 3 10 11 12 5 2 
9 5 4 6 7 6 4 3 10 13 12 5 2 
9 5 4 6 7 6 4 6 7 8 11 12 5 2 
9 5 4 6 7 0 2 5 4 5 2 
9 5 4 6 7 0 2 5 4 3 1 2 
9 5 4 6 7 0 2 5 4 6 7 0 2 
9 5 4 6 7 0 2 5 4 3 1 0 2 
9 5 4 6 7 0 2 5 4 6 7 0 1 2 
9 5 4 6 7 0 2 5 4 5 9 8 7 0 2 
9 5 4 6 7 0 2 5 4 6 7 8 9 5 2 
9 5 4 6 7 0 2 5 4 3 10 11 12 5 2 
9 5 4 6 7 0 2 5 4 3 10 13 12 5 2 
9 5 4 6 7 0 2 5 4 6 7 8 11 12 5 2 
9 5 4 6 7 8 9 5 4 5 2 
9 5 4 6 7 8 9 5 4 3 1 2 
9 5 4 6 7 8 9 5 4 6 7 0 2 
9 5 4 6 7 8 9 5 4 3 1 0 2 
9 5 4 6 7 8 9 5 4 6 7 0 1 2 
9 5 4 6 7 8 9 5 4 5 9 8 7 0 2 
9 5 4 6 7 8 9 5 4 6 7 8 9 5 2 
9 5 4 6 7 8 9 5 4 3 10 11 12 5 2 
9 5 4 6 7 8 9 5 4 3 10 13 12 5 2 
9 5 4 6 7 8 9 5 4 6 7 8 11 12 5 2 
9 5 4 6 7 0 1 3 4 5 2 
9 5 4 6 7 0 1 3 4 3 1 2 
9 5 4 6 7 0 1 3 4 6 7 0 2 
9 5 4 6 7 0 1 3 4 3 1 0 2 
9 5 4 6 7 0 1 3 4 6 7 0 1 2 
9 5 4 6 7 0 1 3 4 5 9 8 7 0 2 
9 5 4 6 7 0 1 3 4 6 7 8 9 5 2 
9 5 4 6 7 0 1 3 4 3 10 11 12 5 2 
9 5 4 6 7 0 1 3 4 3 10 13 12 5 2 
9 5 4 6 7 0 1 3 4 6 7 8 11 12 5 2 
---------------
Request id 16
12 11 8 7 6 4 5 2 
12 11 8 7 6 4 3 1 2 
12 11 8 7 6 4 6 7 0 2 
12 11 8 7 6 4 3 1 0 2 
12 11 8 7 6 4 6 7 0 1 2 
12 11 8 7 6 4 5 9 8 7 0 2 
12 11 8 7 6 4 6 7 8 9 5 2 
12 11 8 7 6 4 3 10 11 12 5 2 
12 11 8 7 6 4 3 10 13 12 5 2 
12 11 8 7 6 4 6 7 8 11 12 5 2 
12 11 8 7 0 1 3 4 5 2 
12 11 8 7 0 1 3 4 3 1 2 
12 11 8 7 0 1 3 4 6 7 0 2 
12 11 8 7 0 1 3 4 3 1 0 2 
12 11 8 7 0 1 3 4 6 7 0 1 2 
12 11 8 7 0 1 3 4 5 9 8 7 0 2 
12 11 8 7 0 1 3 4 6 7 8 9 5 2 
12 11 8 7 0 1 3 4 3 10 11 12 5 2 
12 11 8 7 0 1 3 4 3 10 13 12 5 2 
12 11 8 7 0 1 3 4 6 7 8 11 12 5 2 
12 11 8 7 8 9 5 4 5 2 
12 11 8 7 8 9 5 4 3 1 2 
12 11 8 7 8 9 5 4 6 7 0 2 
12 11 8 7 8 9 5 4 3 1 0 2 
12 11 8 7 8 9 5 4 6 7 0 1 2 
12 11 8 7 8 9 5 4 5 9 8 7 0 2 
12 11 8 7 8 9 5 4 6 7 8 9 5 2 
12 11 8 7 8 9 5 4 3 10 11 12 5 2 
12 11 8 7 8 9 5 4 3 10 13 12 5 2 
12 11 8 7 8 9 5 4 6 7 8 11 12 5 2 
12 11 8 7 0 2 5 4 5 2 
12 11 8 7 0 2 5 4 3 1 2 
12 11 8 7 0 2 5 4 6 7 0 2 
12 11 8 7 0 2 5 4 3 1 0 2 
12 11 8 7 0 2 5 4 6 7 0 1 2 
12 11 8 7 0 2 5 4 5 9 8 7 0 2 
12 11 8 7 0 2 5 4 6 7 8 9 5 2 
12 11 8 7 0 2 5 4 3 10 11 12 5 2 
12 11 8 7 0 2 5 4 3 10 13 12 5 2 
12 11 8 7 0 2 5 4 6 7 8 11 12 5 2 
---------------
Request id 2
12 13 12 5 2 
12 13 8 7 0 2 
12 13 10 3 1 2 
12 13 8 9 5 2 
12 13 10 3 1 0 2 
12 13 8 11 12 5 2 
12 13 10 11 12 5 2 
12 13 10 3 4 5 2 
12 13 8 7 0 1 2 
12 13 12 11 8 9 5 2 
12 11 8 13 12 5 2 
12 11 8 13 8 7 0 2 
12 11 8 13 10 3 1 2 
12 11 8 13 8 9 5 2 
12 11 8 13 10 3 1 0 2 
12 11 8 13 8 11 12 5 2 
12 11 8 13 10 11 12 5 2 
12 11 8 13 10 3 4 5 2 
12 11 8 13 8 7 0 1 2 
12 11 8 13 12 11 8 9 5 2 
12 11 10 13 12 5 2 
12 11 10 13 8 7 0 2 
12 11 10 13 10 3 1 2 
12 11 10 13 8 9 5 2 
12 11 10 13 10 3 1 0 2 
12 11 10 13 8 11 12 5 2 
12 11 10 13 10 11 12 5 2 
12 11 10 13 10 3 4 5 2 
12 11 10 13 8 7 0 1 2 
12 11 10 13 12 11 8 9 5 2 
12 5 9 8 13 12 5 2 
12 5 9 8 13 8 7 0 2 
12 5 9 8 13 10 3 1 2 
12 5 9 8 13 8 9 5 2 
12 5 9 8 13 10 3 1 0 2 
12 5 9 8 13 8 11 12 5 2 
12 5 9 8 13 10 11 12 5 2 
12 5 9 8 13 10 3 4 5 2 
12 5 9 8 13 8 7 0 1 2 
12 5 9 8 13 12 11 8 9 5 2 
---------------
Request id 14
1 3 4 5 12 13 12 5 2 
1 3 4 5 12 13 8 7 0 2 
1 3 4 5 12 13 10 3 1 2 
1 3 4 5 12 13 8 9 5 2 
1 3 4 5 12 13 10 3 1 0 2 
1 3 4 5 12 13 8 11 12 5 2 
1 3 4 5 12 13 10 11 12 5 2 
1 3 4 5 12 13 10 3 4 5 2 
1 3 4 5 12 13 8 7 0 1 2 
1 3 4 5 12 13 12 11 10 3 1 2 
1 3 4 3 10 13 12 5 2 
1 3 4 3 10 13 8 7 0 2 
1 3 4 3 10 13 10 3 1 2 
1 3 4 3 10 13 8 9 5 2 
1 3 4 3 10 13 10 3 1 0 2 
1 3 4 3 10 13 8 11 12 5 2 
1 3 4 3 10 13 10 11 12 5 2 
1 3 4 3 10 13 10 3 4 5 2 
1 3 4 3 10 13 8 7 0 1 2 
1 3 4 3 10 13 12 11 10 3 1 2 
1 3 4 5 9 8 13 12 5 2 
1 3 4 5 9 8 13 8 7 0 2 
1 3 4 5 9 8 13 10 3 1 2 
1 3 4 5 9 8 13 8 9 5 2 
1 3 4 5 9 8 13 10 3 1 0 2 
1 3 4 5 9 8 13 8 11 12 5 2 
1 3 4 5 9 8 13 10 11 12 5 2 
1 3 4 5 9 8 13 10 3 4 5 2 
1 3 4 5 9 8 13 8 7 0 1 2 
1 3 4 5 9 8 13 12 11 10 3 1 2 
1 3 4 6 7 8 13 12 5 2 
1 3 4 6 7 8 13 8 7 0 2 
1 3 4 6 7 8 13 10 3 1 2 
1 3 4 6 7 8 13 8 9 5 2 
1 3 4 6 7 8 13 10 3 1 0 2 
1 3 4 6 7 8 13 8 11 12 5 2 
1 3 4 6 7 8 13 10 11 12 5 2 
1 3 4 6 7 8 13 10 3 4 5 2 
1 3 4 6 7 8 13 8 7 0 1 2 
1 3 4 6 7 8 13 12 11 10 3 1 2 
---------------
Request id 7
0 7 8 13 13 12 5 2 
0 7 8 13 13 8 9 5 2 
0 7 8 13 13 10 3 1 2 
0 7 8 13 13 8 7 0 2 
0 7 8 13 13 10 3 1 0 2 
0 7 8 13 13 10 11 12 5 2 
0 7 8 13 13 8 7 0 1 2 
0 7 8 13 13 10 3 4 5 2 
0 7 8 13 13 8 11 12 5 2 
0 7 8 13 13 8 7 6 4 5 2 
0 1 3 10 13 13 12 5 2 
0 1 3 10 13 13 8 9 5 2 
0 1 3 10 13 13 10 3 1 2 
0 1 3 10 13 13 8 7 0 2 
0 1 3 10 13 13 10 3 1 0 2 
0 1 3 10 13 13 10 11 12 5 2 
0 1 3 10 13 13 8 7 0 1 2 
0 1 3 10 13 13 10 3 4 5 2 
0 1 3 10 13 13 8 11 12 5 2 
0 1 3 10 13 13 8 7 6 4 5 2 
0 2 5 12 13 13 12 5 2 
0 2 5 12 13 13 8 9 5 2 
0 2 5 12 13 13 10 3 1 2 
0 2 5 12 13 13 8 7 0 2 
0 2 5 12 13 13 10 3 1 0 2 
0 2 5 12 13 13 10 11 12 5 2 
0 2 5 12 13 13 8 7 0 1 2 
0 2 5 12 13 13 10 3 4 5 2 
0 2 5 12 13 13 8 11 12 5 2 
0 2 5 12 13 13 8 7 6 4 5 2 
0 1 2 5 12 13 13 12 5 2 
0 1 2 5 12 13 13 8 9 5 2 
0 1 2 5 12 13 13 10 3 1 2 
0 1 2 5 12 13 13 8 7 0 2 
0 1 2 5 12 13 13 10 3 1 0 2 
0 1 2 5 12 13 13 10 11 12 5 2 
0 1 2 5 12 13 13 8 7 0 1 2 
0 1 2 5 12 13 13 10 3 4 5 2 
0 1 2 5 12 13 13 8 11 12 5 2 
0 1 2 5 12 13 13 8 7 6 4 5 2 
---------------
Request id 19
8 7 6 4 5 12 13 10 3 4 6 7 0 
8 7 6 4 5 12 13 10 3 4 3 1 0 
8 7 6 4 5 12 13 10 3 4 5 2 0 
8 7 6 4 5 12 13 10 3 4 3 1 2 0 
8 7 6 4 5 12 13 10 3 4 5 2 1 0 
8 7 6 4 5 12 13 10 3 4 5 9 8 7 0 
8 7 6 4 5 12 13 10 3 4 3 10 11 8 7 0 
8 7 6 4 5 12 13 10 3 4 5 12 11 8 7 0 
8 7 6 4 5 12 13 10 3 4 3 10 13 8 7 0 
8 7 6 4 5 12 13 10 3 4 5 12 13 8 7 0 
8 7 6 4 5 12 13 12 5 4 6 7 0 
8 7 6 4 5 12 13 12 5 4 3 1 0 
8 7 6 4 5 12 13 12 5 4 5 2 0 
8 7 6 4 5 12 13 12 5 4 3 1 2 0 
8 7 6 4 5 12 13 12 5 4 5 2 1 0 
8 7 6 4 5 12 13 12 5 4 5 9 8 7 0 
8 7 6 4 5 12 13 12 5 4 3 10 11 8 7 0 
8 7 6 4 5 12 13 12 5 4 5 12 11 8 7 0 
8 7 6 4 5 12 13 12 5 4 3 10 13 8 7 0 
8 7 6 4 5 12 13 12 5 4 5 12 13 8 7 0 
8 7 6 4 5 12 13 8 9 5 4 6 7 0 
8 7 6 4 5 12 13 8 9 5 4 3 1 0 
8 7 6 4 5 12 13 8 9 5 4 5 2 0 
8 7 6 4 5 12 13 8 9 5 4 3 1 2 0 
8 7 6 4 5 12 13 8 9 5 4 5 2 1 0 
8 7 6 4 5 12 13 8 9 5 4 5 9 8 7 0 
8 7 6 4 5 12 13 8 9 5 4 3 10 11 8 7 0 
8 7 6 4 5 12 13 8 9 5 4 5 12 11 8 7 0 
8 7 6 4 5 12 13 8 9 5 4 3 10 13 8 7 0 
8 7 6 4 5 12 13 8 9 5 4 5 12 13 8 7 0 
8 7 6 4 5 12 13 8 7 6 4 6 7 0 
8 7 6 4 5 12 13 8 7 6 4 3 1 0 
8 7 6 4 5 12 13 8 7 6 4 5 2 0 
8 7 6 4 5 12 13 8 7 6 4 3 1 2 0 
8 7 6 4 5 12 13 8 7 6 4 5 2 1 0 
8 7 6 4 5 12 13 8 7 6 4 5 9 8 7 0 
8 7 6 4 5 12 13 8 7 6 4 3 10 11 8 7 0 
8 7 6 4 5 12 13 8 7 6 4 5 12 11 8 7 0 
8 7 6 4 5 12 13 8 7 6 4 3 10 13 8 7 0 
8 7 6 4 5 12 13 8 7 6 4 5 12 13 8 7 0 
---------------
Request id 20
5 12 13 8 7 8 13 8 9 
5 12 13 8 7 8 13 12 5 9 
5 12 13 8 7 8 13 10 11 8 9 
5 12 13 8 7 8 13 12 11 8 9 
5 12 13 8 7 8 13 8 11 12 5 9 
5 12 13 8 7 8 13 10 3 4 5 9 
5 12 13 8 7 8 13 10 11 12 5 9 
5 12 13 8 7 8 13 10 3 1 2 5 9 
5 12 13 8 7 8 13 8 7 6 4 5 9 
5 12 13 8 7 8 13 8 7 0 2 5 9 
5 12 13 8 7 8 11 10 13 8 9 
5 12 13 8 7 8 11 10 13 12 5 9 
5 12 13 8 7 8 11 10 13 10 11 8 9 
5 12 13 8 7 8 11 10 13 12 11 8 9 
5 12 13 8 7 8 11 10 13 8 11 12 5 9 
5 12 13 8 7 8 11 10 13 10 3 4 5 9 
5 12 13 8 7 8 11 10 13 10 11 12 5 9 
5 12 13 8 7 8 11 10 13 10 3 1 2 5 9 
5 12 13 8 7 8 11 10 13 8 7 6 4 5 9 
5 12 13 8 7 8 11 10 13 8 7 0 2 5 9 
5 12 13 8 7 8 11 12 13 8 9 
5 12 13 8 7 8 11 12 13 12 5 9 
5 12 13 8 7 8 11 12 13 10 11 8 9 
5 12 13 8 7 8 11 12 13 12 11 8 9 
5 12 13 8 7 8 11 12 13 8 11 12 5 9 
5 12 13 8 7 8 11 12 13 10 3 4 5 9 
5 12 13 8 7 8 11 12 13 10 11 12 5 9 
5 12 13 8 7 8 11 12 13 10 3 1 2 5 9 
5 12 13 8 7 8 11 12 13 8 7 6 4 5 9 
5 12 13 8 7 8 11 12 13 8 7 0 2 5 9 
5 12 13 8 7 6 4 5 12 13 8 9 
5 12 13 8 7 6 4 5 12 13 12 5 9 
5 12 13 8 7 6 4 5 12 13 10 11 8 9 
5 12 13 8 7 6 4 5 12 13 12 11 8 9 
5 12 13 8 7 6 4 5 12 13 8 11 12 5 9 
5 12 13 8 7 6 4 5 12 13 10 3 4 5 9 
5 12 13 8 7 6 4 5 12 13 10 11 12 5 9 
5 12 13 8 7 6 4 5 12 13 10 3 1 2 5 9 
5 12 13 8 7 6 4 5 12 13 8 7 6 4 5 9 
5 12 13 8 7 6 4 5 12 13 8 7 0 2 5 9 
---------------
Request id 22
3 4 5 12 13 13 8 9 
3 4 5 12 13 13 12 5 9 
3 4 5 12 13 13 10 11 8 9 
3 4 5 12 13 13 12 11 8 9 
3 4 5 12 13 13 8 11 12 5 9 
3 4 5 12 13 13 10 3 4 5 9 
3 4 5 12 13 13 10 11 12 5 9 
3 4 5 12 13 13 10 3 1 2 5 9 
3 4 5 12 13 13 8 7 0 2 5 9 
3 4 5 12 13 13 8 7 6 4 5 9 
3 4 3 10 13 13 8 9 
3 4 3 10 13 13 12 5 9 
3 4 3 10 13 13 10 11 8 9 
3 4 3 10 13 13 12 11 8 9 
3 4 3 10 13 13 8 11 12 5 9 
3 4 3 10 13 13 10 3 4 5 9 
3 4 3 10 13 13 10 11 12 5 9 
3 4 3 10 13 13 10 3 1 2 5 9 
3 4 3 10 13 13 8 7 0 2 5 9 
3 4 3 10 13 13 8 7 6 4 5 9 
3 4 5 9 8 13 13 8 9 
3 4 5 9 8 13 13 12 5 9 
3 4 5 9 8 13 13 10 11 8 9 
3 4 5 9 8 13 13 12 11 8 9 
3 4 5 9 8 13 13 8 11 12 5 9 
3 4 5 9 8 13 13 10 3 4 5 9 
3 4 5 9 8 13 13 10 11 12 5 9 
3 4 5 9 8 13 13 10 3 1 2 5 9 
3 4 5 9 8 13 13 8 7 0 2 5 9 
3 4 5 9 8 13 13 8 7 6 4 5 9 
3 4 6 7 8 13 13 8 9 
3 4 6 7 8 13 13 12 5 9 
3 4 6 7 8 13 13 10 11 8 9 
3 4 6 7 8 13 13 12 11 8 9 
3 4 6 7 8 13 13 8 11 12 5 9 
3 4 6 7 8 13 13 10 3 4 5 9 
3 4 6 7 8 13 13 10 11 12 5 9 
3 4 6 7 8 13 13 10 3 1 2 5 9 
3 4 6 7 8 13 13 8 7 0 2 5 9 
3 4 6 7 8 13 13 8 7 6 4 5 9 
---------------
Request id 25
6 4 5 12 13 10 3 
6 4 5 12 13 8 11 10 3 
6 4 5 12 13 12 11 10 3 
6 4 5 12 13 12 5 4 3 
6 4 5 12 13 8 9 5 4 3 
6 4 5 12 13 12 5 2 1 3 
6 4 5 12 13 8 7 6 4 3 
6 4 5 12 13 8 7 0 1 3 
6 4 5 12 13 10 11 12 5 4 3 
6 4 5 12 13 12 5 2 0 1 3 
6 4 3 10 13 10 3 
6 4 3 10 13 8 11 10 3 
6 4 3 10 13 12 11 10 3 
6 4 3 10 13 12 5 4 3 
6 4 3 10 13 8 9 5 4 3 
6 4 3 10 13 12 5 2 1 3 
6 4 3 10 13 8 7 6 4 3 
6 4 3 10 13 8 7 0 1 3 
6 4 3 10 13 10 11 12 5 4 3 
6 4 3 10 13 12 5 2 0 1 3 
6 4 5 9 8 13 10 3 
6 4 5 9 8 13 8 11 10 3 
6 4 5 9 8 13 12 11 10 3 
6 4 5 9 8 13 12 5 4 3 
6 4 5 9 8 13 8 9 5 4 3 
6 4 5 9 8 13 12 5 2 1 3 
6 4 5 9 8 13 8 7 6 4 3 
6 4 5 9 8 13 8 7 0 1 3 
6 4 5 9 8 13 10 11 12 5 4 3 
6 4 5 9 8 13 12 5 2 0 1 3 
6 4 6 7 8 13 10 3 
6 4 6 7 8 13 8 11 10 3 
6 4 6 7 8 13 12 11 10 3 
6 4 6 7 8 13 12 5 4 3 
6 4 6 7 8 13 8 9 5 4 3 
6 4 6 7 8 13 12 5 2 1 3 
6 4 6 7 8 13 8 7 6 4 3 
6 4 6 7 8 13 8 7 0 1 3 
6 4 6 7 8 13 10 11 12 5 4 3 
6 4 6 7 8 13 12 5 2 0 1 3 
---------------
Request id 3
3 4 6 7 8 13 12 5 4 6 
3 4 6 7 8 13 12 5 4 5 9 8 7 6 
3 4 6 7 8 13 12 5 4 3 1 0 7 6 
3 4 6 7 8 13 12 5 4 5 2 0 7 6 
3 4 6 7 8 13 12 5 4 3 1 2 0 7 6 
3 4 6 7 8 13 12 5 4 5 12 13 8 7 6 
3 4 6 7 8 13 12 5 4 3 10 13 8 7 6 
3 4 6 7 8 13 12 5 4 5 12 11 8 7 6 
3 4 6 7 8 13 12 5 4 3 10 11 8 7 6 
3 4 6 7 8 13 12 5 4 5 2 1 0 7 6 
3 4 6 7 8 13 10 3 4 6 
3 4 6 7 8 13 10 3 4 5 9 8 7 6 
3 4 6 7 8 13 10 3 4 3 1 0 7 6 
3 4 6 7 8 13 10 3 4 5 2 0 7 6 
3 4 6 7 8 13 10 3 4 3 1 2 0 7 6 
3 4 6 7 8 13 10 3 4 5 12 13 8 7 6 
3 4 6 7 8 13 10 3 4 3 10 13 8 7 6 
3 4 6 7 8 13 10 3 4 5 12 11 8 7 6 
3 4 6 7 8 13 10 3 4 3 10 11 8 7 6 
3 4 6 7 8 13 10 3 4 5 2 1 0 7 6 
3 4 6 7 8 13 8 9 5 4 6 
3 4 6 7 8 13 8 9 5 4 5 9 8 7 6 
3 4 6 7 8 13 8 9 5 4 3 1 0 7 6 
3 4 6 7 8 13 8 9 5 4 5 2 0 7 6 
3 4 6 7 8 13 8 9 5 4 3 1 2 0 7 6 
3 4 6 7 8 13 8 9 5 4 5 12 13 8 7 6 
3 4 6 7 8 13 8 9 5 4 3 10 13 8 7 6 
3 4 6 7 8 13 8 9 5 4 5 12 11 8 7 6 
3 4 6 7 8 13 8 9 5 4 3 10 11 8 7 6 
3 4 6 7 8 13 8 9 5 4 5 2 1 0 7 6 
3 4 6 7 8 13 8 7 6 4 6 
3 4 6 7 8 13 8 7 6 4 5 9 8 7 6 
3 4 6 7 8 13 8 7 6 4 3 1 0 7 6 
3 4 6 7 8 13 8 7 6 4 5 2 0 7 6 
3 4 6 7 8 13 8 7 6 4 3 1 2 0 7 6 
3 4 6 7 8 13 8 7 6 4 5 12 13 8 7 6 
3 4 6 7 8 13 8 7 6 4 3 10 13 8 7 6 
3 4 6 7 8 13 8 7 6 4 5 12 11 8 7 6 
3 4 6 7 8 13 8 7 6 4 3 10 11 8 7 6 
3 4 6 7 8 13 8 7 6 4 5 2 1 0 7 6 
---------------
Request id 17
2 5 12 13 10 3 
2 5 12 13 8 11 10 3 
2 5 12 13 12 11 10 3 
2 5 12 13 12 5 4 3 
2 5 12 13 8 9 5 4 3 
2 5 12 13 12 5 2 1 3 
2 5 12 13 8 7 0 1 3 
2 5 12 13 8 7 6 4 3 
2 5 12 13 10 11 12 5 4 3 
2 5 12 13 12 5 2 0 1 3 
2 1 3 10 13 10 3 
2 1 3 10 13 8 11 10 3 
2 1 3 10 13 12 11 10 3 
2 1 3 10 13 12 5 4 3 
2 1 3 10 13 8 9 5 4 3 
2 1 3 10 13 12 5 2 1 3 
2 1 3 10 13 8 7 0 1 3 
2 1 3 10 13 8 7 6 4 3 
2 1 3 10 13 10 11 12 5 4 3 
2 1 3 10 13 12 5 2 0 1 3 
2 5 9 8 13 10 3 
2 5 9 8 13 8 11 10 3 
2 5 9 8 13 12 11 10 3 
2 5 9 8 13 12 5 4 3 
2 5 9 8 13 8 9 5 4 3 
2 5 9 8 13 12 5 2 1 3 
2 5 9 8 13 8 7 0 1 3 
2 5 9 8 13 8 7 6 4 3 
2 5 9 8 13 10 11 12 5 4 3 
2 5 9 8 13 12 5 2 0 1 3 
2 0 7 8 13 10 3 
2 0 7 8 13 8 11 10 3 
2 0 7 8 13 12 11 10 3 
2 0 7 8 13 12 5 4 3 
2 0 7 8 13 8 9 5 4 3 
2 0 7 8 13 12 5 2 1 3 
2 0 7 8 13 8 7 0 1 3 
2 0 7 8 13 8 7 6 4 3 
2 0 7 8 13 10 11 12 5 4 3 
2 0 7 8 13 12 5 2 0 1 3 
---------------
Request id 30
3 4 4 3 1 
3 4 4 5 2 1 
3 4 4 6 7 0 1 
3 4 4 5 2 0 1 
3 4 4 6 7 0 2 1 
3 4 4 5 12 11 10 3 1 
3 4 4 5 12 13 10 3 1 
3 4 4 5 9 8 7 0 1 
3 4 4 5 12 11 8 7 0 1 
3 4 4 5 9 8 7 0 2 1 
3 1 2 5 4 4 3 1 
3 1 2 5 4 4 5 2 1 
3 1 2 5 4 4 6 7 0 1 
3 1 2 5 4 4 5 2 0 1 
3 1 2 5 4 4 6 7 0 2 1 
3 1 2 5 4 4 5 12 11 10 3 1 
3 1 2 5 4 4 5 12 13 10 3 1 
3 1 2 5 4 4 5 9 8 7 0 1 
3 1 2 5 4 4 5 12 11 8 7 0 1 
3 1 2 5 4 4 5 9 8 7 0 2 1 
3 10 13 12 5 4 4 3 1 
3 10 13 12 5 4 4 5 2 1 
3 10 13 12 5 4 4 6 7 0 1 
3 10 13 12 5 4 4 5 2 0 1 
3 10 13 12 5 4 4 6 7 0 2 1 
3 10 13 12 5 4 4 5 12 11 10 3 1 
3 10 13 12 5 4 4 5 12 13 10 3 1 
3 10 13 12 5 4 4 5 9 8 7 0 1 
3 10 13 12 5 4 4 5 12 11 8 7 0 1 
3 10 13 12 5 4 4 5 9 8 7 0 2 1 
3 1 0 2 5 4 4 3 1 
3 1 0 2 5 4 4 5 2 1 
3 1 0 2 5 4 4 6 7 0 1 
3 1 0 2 5 4 4 5 2 0 1 
3 1 0 2 5 4 4 6 7 0 2 1 
3 1 0 2 5 4 4 5 12 11 10 3 1 
3 1 0 2 5 4 4 5 12 13 10 3 1 
3 1 0 2 5 4 4 5 9 8 7 0 1 
3 1 0 2 5 4 4 5 12 11 8 7 0 1 
3 1 0 2 5 4 4 5 9 8 7 0 2 1 
---------------
Request id 23
1 0 7 8 13 12 5 4 5 2 
1 0 7 8 13 12 5 4 3 1 2 
1 0 7 8 13 12 5 4 6 7 0 2 
1 0 7 8 13 12 5 4 3 1 0 2 
1 0 7 8 13 12 5 4 6 7 0 1 2 
1 0 7 8 13 12 5 4 5 9 8 7 0 2 
1 0 7 8 13 12 5 4 6 7 8 9 5 2 
1 0 7 8 13 12 5 4 3 10 11 12 5 2 
1 0 7 8 13 12 5 4 3 10 13 12 5 2 
1 0 7 8 13 12 5 4 6 7 8 13 12 5 2 
1 0 7 8 13 10 3 4 5 2 
1 0 7 8 13 10 3 4 3 1 2 
1 0 7 8 13 10 3 4 6 7 0 2 
1 0 7 8 13 10 3 4 3 1 0 2 
1 0 7 8 13 10 3 4 6 7 0 1 2 
1 0 7 8 13 10 3 4 5 9 8 7 0 2 
1 0 7 8 13 10 3 4 6 7 8 9 5 2 
1 0 7 8 13 10 3 4 3 10 11 12 5 2 
1 0 7 8 13 10 3 4 3 10 13 12 5 2 
1 0 7 8 13 10 3 4 6 7 8 13 12 5 2 
1 0 7 8 13 8 7 6 4 5 2 
1 0 7 8 13 8 7 6 4 3 1 2 
1 0 7 8 13 8 7 6 4 6 7 0 2 
1 0 7 8 13 8 7 6 4 3 1 0 2 
1 0 7 8 13 8 7 6 4 6 7 0 1 2 
1 0 7 8 13 8 7 6 4 5 9 8 7 0 2 
1 0 7 8 13 8 7 6 4 6 7 8 9 5 2 
1 0 7 8 13 8 7 6 4 3 10 11 12 5 2 
1 0 7 8 13 8 7 6 4 3 10 13 12 5 2 
1 0 7 8 13 8 7 6 4 6 7 8 13 12 5 2 
1 0 7 8 13 8 9 5 4 5 2 
1 0 7 8 13 8 9 5 4 3 1 2 
1 0 7 8 13 8 9 5 4 6 7 0 2 
1 0 7 8 13 8 9 5 4 3 1 0 2 
1 0 7 8 13 8 9 5 4 6 7 0 1 2 
1 0 7 8 13 8 9 5 4 5 9 8 7 0 2 
1 0 7 8 13 8 9 5 4 6 7 8 9 5 2 
1 0 7 8 13 8 9 5 4 3 10 11 12 5 2 
1 0 7 8 13 8 9 5 4 3 10 13 12 5 2 
1 0 7 8 13 8 9 5 4 6 7 8 13 12 5 2 
---------------
Request id 27
8 13 8 9 
8 13 12 5 9 
8 13 10 11 8 9 
8 13 12 11 8 9 
8 13 8 11 12 5 9 
8 13 10 3 4 5 9 
8 13 10 11 12 5 9 
8 13 10 3 1 2 5 9 
8 13 8 7 6 4 5 9 
8 13 8 7 0 2 5 9 
8 11 12 13 8 9 
8 11 12 13 12 5 9 
8 11 12 13 10 11 8 9 
8 11 12 13 12 11 8 9 
8 11 12 13 8 11 12 5 9 
8 11 12 13 10 3 4 5 9 
8 11 12 13 10 11 12 5 9 
8 11 12 13 10 3 1 2 5 9 
8 11 12 13 8 7 6 4 5 9 
8 11 12 13 8 7 0 2 5 9 
8 11 10 13 8 9 
8 11 10 13 12 5 9 
8 11 10 13 10 11 8 9 
8 11 10 13 12 11 8 9 
8 11 10 13 8 11 12 5 9 
8 11 10 13 10 3 4 5 9 
8 11 10 13 10 11 12 5 9 
8 11 10 13 10 3 1 2 5 9 
8 11 10 13 8 7 6 4 5 9 
8 11 10 13 8 7 0 2 5 9 
8 9 5 12 13 8 9 
8 9 5 12 13 12 5 9 
8 9 5 12 13 10 11 8 9 
8 9 5 12 13 12 11 8 9 
8 9 5 12 13 8 11 12 5 9 
8 9 5 12 13 10 3 4 5 9 
8 9 5 12 13 10 11 12 5 9 
8 9 5 12 13 10 3 1 2 5 9 
8 9 5 12 13 8 7 6 4 5 9 
8 9 5 12 13 8 7 0 2 5 9 
---------------
Request id 4
6 7 8 13 8 9 
6 7 8 13 12 5 9 
6 7 8 13 10 11 8 9 
6 7 8 13 12 11 8 9 
6 7 8 13 8 11 12 5 9 
6 7 8 13 10 3 4 5 9 
6 7 8 13 10 11 12 5 9 
6 7 8 13 10 3 1 2 5 9 
6 7 8 13 8 7 6 4 5 9 
6 7 8 13 8 7 0 2 5 9 
6 4 3 10 13 8 9 
6 4 3 10 13 12 5 9 
6 4 3 10 13 10 11 8 9 
6 4 3 10 13 12 11 8 9 
6 4 3 10 13 8 11 12 5 9 
6 4 3 10 13 10 3 4 5 9 
6 4 3 10 13 10 11 12 5 9 
6 4 3 10 13 10 3 1 2 5 9 
6 4 3 10 13 8 7 6 4 5 9 
6 4 3 10 13 8 7 0 2 5 9 
6 4 5 12 13 8 9 
6 4 5 12 13 12 5 9 
6 4 5 12 13 10 11 8 9 
6 4 5 12 13 12 11 8 9 
6 4 5 12 13 8 11 12 5 9 
6 4 5 12 13 10 3 4 5 9 
6 4 5 12 13 10 11 12 5 9 
6 4 5 12 13 10 3 1 2 5 9 
6 4 5 12 13 8 7 6 4 5 9 
6 4 5 12 13 8 7 0 2 5 9 
6 7 8 11 12 13 8 9 
6 7 8 11 12 13 12 5 9 
6 7 8 11 12 13 10 11 8 9 
6 7 8 11 12 13 12 11 8 9 
6 7 8 11 12 13 8 11 12 5 9 
6 7 8 11 12 13 10 3 4 5 9 
6 7 8 11 12 13 10 11 12 5 9 
6 7 8 11 12 13 10 3 1 2 5 9 
6 7 8 11 12 13 8 7 6 4 5 9 
6 7 8 11 12 13 8 7 0 2 5 9 
---------------
Request id 18
9 5 4 5 
9 5 4 3 1 2 5 
9 5 4 6 7 8 9 5 
9 5 4 3 10 13 12 5 
9 5 4 6 7 0 2 5 
9 5 4 3 10 11 12 5 
9 5 4 3 1 0 2 5 
9 5 4 6 7 8 13 12 5 
9 5 4 3 10 11 8 9 5 
9 5 4 6 7 8 11 12 5 
9 8 7 6 4 5 
9 8 7 6 4 3 1 2 5 
9 8 7 6 4 6 7 8 9 5 
9 8 7 6 4 3 10 13 12 5 
9 8 7 6 4 6 7 0 2 5 
9 8 7 6 4 3 10 11 12 5 
9 8 7 6 4 3 1 0 2 5 
9 8 7 6 4 6 7 8 13 12 5 
9 8 7 6 4 3 10 11 8 9 5 
9 8 7 6 4 6 7 8 11 12 5 
9 5 2 1 3 4 5 
9 5 2 1 3 4 3 1 2 5 
9 5 2 1 3 4 6 7 8 9 5 
9 5 2 1 3 4 3 10 13 12 5 
9 5 2 1 3 4 6 7 0 2 5 
9 5 2 1 3 4 3 10 11 12 5 
9 5 2 1 3 4 3 1 0 2 5 
9 5 2 1 3 4 6 7 8 13 12 5 
9 5 2 1 3 4 3 10 11 8 9 5 
9 5 2 1 3 4 6 7 8 11 12 5 
9 8 13 10 3 4 5 
9 8 13 10 3 4 3 1 2 5 
9 8 13 10 3 4 6 7 8 9 5 
9 8 13 10 3 4 3 10 13 12 5 
9 8 13 10 3 4 6 7 0 2 5 
9 8 13 10 3 4 3 10 11 12 5 
9 8 13 10 3 4 3 1 0 2 5 
9 8 13 10 3 4 6 7 8 13 12 5 
9 8 13 10 3 4 3 10 11 8 9 5 
9 8 13 10 3 4 6 7 8 11 12 5 
---------------
Request id 29
5 4 4 3 1 
5 4 4 5 2 1 
5 4 4 6 7 0 1 
5 4 4 5 2 0 1 
5 4 4 6 7 0 2 1 
5 4 4 5 9 8 7 0 1 
5 4 4 5 12 13 10 3 1 
5 4 4 5 12 11 10 3 1 
5 4 4 6 7 8 13 10 3 1 
5 4 4 5 9 8 13 10 3 1 
5 2 1 3 4 4 3 1 
5 2 1 3 4 4 5 2 1 
5 2 1 3 4 4 6 7 0 1 
5 2 1 3 4 4 5 2 0 1 
5 2 1 3 4 4 6 7 0 2 1 
5 2 1 3 4 4 5 9 8 7 0 1 
5 2 1 3 4 4 5 12 13 10 3 1 
5 2 1 3 4 4 5 12 11 10 3 1 
5 2 1 3 4 4 6 7 8 13 10 3 1 
5 2 1 3 4 4 5 9 8 13 10 3 1 
5 12 11 10 3 4 4 3 1 
5 12 11 10 3 4 4 5 2 1 
5 12 11 10 3 4 4 6 7 0 1 
5 12 11 10 3 4 4 5 2 0 1 
5 12 11 10 3 4 4 6 7 0 2 1 
5 12 11 10 3 4 4 5 9 8 7 0 1 
5 12 11 10 3 4 4 5 12 13 10 3 1 
5 12 11 10 3 4 4 5 12 11 10 3 1 
5 12 11 10 3 4 4 6 7 8 13 10 3 1 
5 12 11 10 3 4 4 5 9 8 13 10 3 1 
5 2 0 1 3 4 4 3 1 
5 2 0 1 3 4 4 5 2 1 
5 2 0 1 3 4 4 6 7 0 1 
5 2 0 1 3 4 4 5 2 0 1 
5 2 0 1 3 4 4 6 7 0 2 1 
5 2 0 1 3 4 4 5 9 8 7 0 1 
5 2 0 1 3 4 4 5 12 13 10 3 1 
5 2 0 1 3 4 4 5 12 11 10 3 1 
5 2 0 1 3 4 4 6 7 8 13 10 3 1 
5 2 0 1 3 4 4 5 9 8 13 10 3 1 
---------------
Request id 24
9 8 7 8 13 10 3 4 5 2 
9 8 7 8 13 10 3 4 3 1 2 
9 8 7 8 13 10 3 4 6 7 0 2 
9 8 7 8 13 10 3 4 3 1 0 2 
9 8 7 8 13 10 3 4 6 7 0 1 2 
9 8 7 8 13 10 3 4 5 9 8 7 0 2 
9 8 7 8 13 10 3 4 6 7 8 9 5 2 
9 8 7 8 13 10 3 4 3 10 13 12 5 2 
9 8 7 8 13 10 3 4 3 10 11 12 5 2 
9 8 7 8 13 10 3 4 6 7 8 11 12 5 2 
9 8 7 8 13 12 5 4 5 2 
9 8 7 8 13 12 5 4 3 1 2 
9 8 7 8 13 12 5 4 6 7 0 2 
9 8 7 8 13 12 5 4 3 1 0 2 
9 8 7 8 13 12 5 4 6 7 0 1 2 
9 8 7 8 13 12 5 4 5 9 8 7 0 2 
9 8 7 8 13 12 5 4 6 7 8 9 5 2 
9 8 7 8 13 12 5 4 3 10 13 12 5 2 
9 8 7 8 13 12 5 4 3 10 11 12 5 2 
9 8 7 8 13 12 5 4 6 7 8 11 12 5 2 
9 8 7 8 13 8 9 5 4 5 2 
9 8 7 8 13 8 9 5 4 3 1 2 
9 8 7 8 13 8 9 5 4 6 7 0 2 
9 8 7 8 13 8 9 5 4 3 1 0 2 
9 8 7 8 13 8 9 5 4 6 7 0 1 2 
9 8 7 8 13 8 9 5 4 5 9 8 7 0 2 
9 8 7 8 13 8 9 5 4 6 7 8 9 5 2 
9 8 7 8 13 8 9 5 4 3 10 13 12 5 2 
9 8 7 8 13 8 9 5 4 3 10 11 12 5 2 
9 8 7 8 13 8 9 5 4 6 7 8 11 12 5 2 
9 8 7 8 13 8 7 6 4 5 2 
9 8 7 8 13 8 7 6 4 3 1 2 
9 8 7 8 13 8 7 6 4 6 7 0 2 
9 8 7 8 13 8 7 6 4 3 1 0 2 
9 8 7 8 13 8 7 6 4 6 7 0 1 2 
9 8 7 8 13 8 7 6 4 5 9 8 7 0 2 
9 8 7 8 13 8 7 6 4 6 7 8 9 5 2 
9 8 7 8 13 8 7 6 4 3 10 13 12 5 2 
9 8 7 8 13 8 7 6 4 3 10 11 12 5 2 
9 8 7 8 13 8 7 6 4 6 7 8 11 12 5 2 
---------------
Request id 26
1 3 4 3 10 13 12 
1 3 4 3 10 13 8 11 12 
1 3 4 3 10 13 10 11 12 
1 3 4 3 10 13 8 9 5 12 
1 3 4 3 10 13 10 3 4 5 12 
1 3 4 3 10 13 10 11 8 9 5 12 
1 3 4 3 10 13 8 7 6 4 5 12 
1 3 4 3 10 13 10 3 1 2 5 12 
1 3 4 3 10 13 8 7 0 2 5 12 
1 3 4 3 10 13 10 3 1 0 2 5 12 
1 3 4 5 12 13 12 
1 3 4 5 12 13 8 11 12 
1 3 4 5 12 13 10 11 12 
1 3 4 5 12 13 8 9 5 12 
1 3 4 5 12 13 10 3 4 5 12 
1 3 4 5 12 13 10 11 8 9 5 12 
1 3 4 5 12 13 8 7 6 4 5 12 
1 3 4 5 12 13 10 3 1 2 5 12 
1 3 4 5 12 13 8 7 0 2 5 12 
1 3 4 5 12 13 10 3 1 0 2 5 12 
1 3 4 6 7 8 13 12 
1 3 4 6 7 8 13 8 11 12 
1 3 4 6 7 8 13 10 11 12 
1 3 4 6 7 8 13 8 9 5 12 
1 3 4 6 7 8 13 10 3 4 5 12 
1 3 4 6 7 8 13 10 11 8 9 5 12 
1 3 4 6 7 8 13 8 7 6 4 5 12 
1 3 4 6 7 8 13 10 3 1 2 5 12 
1 3 4 6 7 8 13 8 7 0 2 5 12 
1 3 4 6 7 8 13 10 3 1 0 2 5 12 
1 3 4 5 9 8 13 12 
1 3 4 5 9 8 13 8 11 12 
1 3 4 5 9 8 13 10 11 12 
1 3 4 5 9 8 13 8 9 5 12 
1 3 4 5 9 8 13 10 3 4 5 12 
1 3 4 5 9 8 13 10 11 8 9 5 12 
1 3 4 5 9 8 13 8 7 6 4 5 12 
1 3 4 5 9 8 13 10 3 1 2 5 12 
1 3 4 5 9 8 13 8 7 0 2 5 12 
1 3 4 5 9 8 13 10 3 1 0 2 5 12 
---------------
Request id 8
2 0 7 8 13 10 3 
2 0 7 8 13 12 11 10 3 
2 0 7 8 13 8 11 10 3 
2 0 7 8 13 12 5 4 3 
2 0 7 8 13 8 7 0 1 3 
2 0 7 8 13 12 5 2 1 3 
2 0 7 8 13 8 9 5 4 3 
2 0 7 8 13 8 7 6 4 3 
2 0 7 8 13 10 11 12 5 4 3 
2 0 7 8 13 8 7 0 2 1 3 
2 0 7 8 11 12 13 10 3 
2 0 7 8 11 12 13 12 11 10 3 
2 0 7 8 11 12 13 8 11 10 3 
2 0 7 8 11 12 13 12 5 4 3 
2 0 7 8 11 12 13 8 7 0 1 3 
2 0 7 8 11 12 13 12 5 2 1 3 
2 0 7 8 11 12 13 8 9 5 4 3 
2 0 7 8 11 12 13 8 7 6 4 3 
2 0 7 8 11 12 13 10 11 12 5 4 3 
2 0 7 8 11 12 13 8 7 0 2 1 3 
2 0 7 8 11 10 13 10 3 
2 0 7 8 11 10 13 12 11 10 3 
2 0 7 8 11 10 13 8 11 10 3 
2 0 7 8 11 10 13 12 5 4 3 
2 0 7 8 11 10 13 8 7 0 1 3 
2 0 7 8 11 10 13 12 5 2 1 3 
2 0 7 8 11 10 13 8 9 5 4 3 
2 0 7 8 11 10 13 8 7 6 4 3 
2 0 7 8 11 10 13 10 11 12 5 4 3 
2 0 7 8 11 10 13 8 7 0 2 1 3 
2 0 7 6 4 3 10 13 10 3 
2 0 7 6 4 3 10 13 12 11 10 3 
2 0 7 6 4 3 10 13 8 11 10 3 
2 0 7 6 4 3 10 13 12 5 4 3 
2 0 7 6 4 3 10 13 8 7 0 1 3 
2 0 7 6 4 3 10 13 12 5 2 1 3 
2 0 7 6 4 3 10 13 8 9 5 4 3 
2 0 7 6 4 3 10 13 8 7 6 4 3 
2 0 7 6 4 3 10 13 10 11 12 5 4 3 
2 0 7 6 4 3 10 13 8 7 0 2 1 3 
---------------
Request id 1
0 1 3 4 5 12 13 8 
0 1 3 4 5 12 13 10 11 8 
0 1 3 4 5 12 13 12 11 8 
0 1 3 4 5 12 13 12 5 9 8 
0 1 3 4 5 12 13 10 3 4 6 7 8 
0 1 3 4 5 12 13 12 5 4 6 7 8 
0 1 3 4 5 12 13 10 3 1 0 7 8 
0 1 3 4 5 12 13 10 3 4 5 9 8 
0 1 3 4 5 12 13 10 11 12 5 9 8 
0 1 3 4 5 12 13 12 5 2 0 7 8 
0 1 3 4 3 10 13 8 
0 1 3 4 3 10 13 10 11 8 
0 1 3 4 3 10 13 12 11 8 
0 1 3 4 3 10 13 12 5 9 8 
0 1 3 4 3 10 13 10 3 4 6 7 8 
0 1 3 4 3 10 13 12 5 4 6 7 8 
0 1 3 4 3 10 13 10 3 1 0 7 8 
0 1 3 4 3 10 13 10 3 4 5 9 8 
0 1 3 4 3 10 13 10 11 12 5 9 8 
0 1 3 4 3 10 13 12 5 2 0 7 8 
0 1 3 4 5 9 8 13 8 
0 1 3 4 5 9 8 13 10 11 8 
0 1 3 4 5 9 8 13 12 11 8 
0 1 3 4 5 9 8 13 12 5 9 8 
0 1 3 4 5 9 8 13 10 3 4 6 7 8 
0 1 3 4 5 9 8 13 12 5 4 6 7 8 
0 1 3 4 5 9 8 13 10 3 1 0 7 8 
0 1 3 4 5 9 8 13 10 3 4 5 9 8 
0 1 3 4 5 9 8 13 10 11 12 5 9 8 
0 1 3 4 5 9 8 13 12 5 2 0 7 8 
0 1 3 4 6 7 8 13 8 
0 1 3 4 6 7 8 13 10 11 8 
0 1 3 4 6 7 8 13 12 11 8 
0 1 3 4 6 7 8 13 12 5 9 8 
0 1 3 4 6 7 8 13 10 3 4 6 7 8 
0 1 3 4 6 7 8 13 12 5 4 6 7 8 
0 1 3 4 6 7 8 13 10 3 1 0 7 8 
0 1 3 4 6 7 8 13 10 3 4 5 9 8 
0 1 3 4 6 7 8 13 10 11 12 5 9 8 
0 1 3 4 6 7 8 13 12 5 2 0 7 8 
---------------
Request id 12
9 5 4 6 
9 5 4 5 9 8 7 6 
9 5 4 3 1 0 7 6 
9 5 4 5 2 0 7 6 
9 5 4 3 1 2 0 7 6 
9 5 4 5 12 13 8 7 6 
9 5 4 3 10 13 8 7 6 
9 5 4 5 12 11 8 7 6 
9 5 4 3 10 11 8 7 6 
9 5 4 5 2 1 0 7 6 
9 8 7 6 4 6 
9 8 7 6 4 5 9 8 7 6 
9 8 7 6 4 3 1 0 7 6 
9 8 7 6 4 5 2 0 7 6 
9 8 7 6 4 3 1 2 0 7 6 
9 8 7 6 4 5 12 13 8 7 6 
9 8 7 6 4 3 10 13 8 7 6 
9 8 7 6 4 5 12 11 8 7 6 
9 8 7 6 4 3 10 11 8 7 6 
9 8 7 6 4 5 2 1 0 7 6 
9 5 2 1 3 4 6 
9 5 2 1 3 4 5 9 8 7 6 
9 5 2 1 3 4 3 1 0 7 6 
9 5 2 1 3 4 5 2 0 7 6 
9 5 2 1 3 4 3 1 2 0 7 6 
9 5 2 1 3 4 5 12 13 8 7 6 
9 5 2 1 3 4 3 10 13 8 7 6 
9 5 2 1 3 4 5 12 11 8 7 6 
9 5 2 1 3 4 3 10 11 8 7 6 
9 5 2 1 3 4 5 2 1 0 7 6 
9 8 13 12 5 4 6 
9 8 13 12 5 4 5 9 8 7 6 
9 8 13 12 5 4 3 1 0 7 6 
9 8 13 12 5 4 5 2 0 7 6 
9 8 13 12 5 4 3 1 2 0 7 6 
9 8 13 12 5 4 5 12 13 8 7 6 
9 8 13 12 5 4 3 10 13 8 7 6 
9 8 13 12 5 4 5 12 11 8 7 6 
9 8 13 12 5 4 3 10 11 8 7 6 
9 8 13 12 5 4 5 2 1 0 7 6 
---------------
Request id 28
0 7 8 13 8 7 6 
0 7 8 13 12 5 4 6 
0 7 8 13 10 3 4 6 
0 7 8 13 12 11 8 7 6 
0 7 8 13 8 9 5 4 6 
0 7 8 13 10 11 8 7 6 
0 7 8 13 12 5 9 8 7 6 
0 7 8 13 12 11 10 3 4 6 
0 7 8 13 8 11 12 5 4 6 
0 7 8 13 10 3 1 0 7 6 
0 1 3 10 13 8 7 6 
0 1 3 10 13 12 5 4 6 
0 1 3 10 13 10 3 4 6 
0 1 3 10 13 12 11 8 7 6 
0 1 3 10 13 8 9 5 4 6 
0 1 3 10 13 10 11 8 7 6 
0 1 3 10 13 12 5 9 8 7 6 
0 1 3 10 13 12 11 10 3 4 6 
0 1 3 10 13 8 11 12 5 4 6 
0 1 3 10 13 10 3 1 0 7 6 
0 2 5 12 13 8 7 6 
0 2 5 12 13 12 5 4 6 
0 2 5 12 13 10 3 4 6 
0 2 5 12 13 12 11 8 7 6 
0 2 5 12 13 8 9 5 4 6 
0 2 5 12 13 10 11 8 7 6 
0 2 5 12 13 12 5 9 8 7 6 
0 2 5 12 13 12 11 10 3 4 6 
0 2 5 12 13 8 11 12 5 4 6 
0 2 5 12 13 10 3 1 0 7 6 
0 1 2 5 12 13 8 7 6 
0 1 2 5 12 13 12 5 4 6 
0 1 2 5 12 13 10 3 4 6 
0 1 2 5 12 13 12 11 8 7 6 
0 1 2 5 12 13 8 9 5 4 6 
0 1 2 5 12 13 10 11 8 7 6 
0 1 2 5 12 13 12 5 9 8 7 6 
0 1 2 5 12 13 12 11 10 3 4 6 
0 1 2 5 12 13 8 11 12 5 4 6 
0 1 2 5 12 13 10 3 1 0 7 6 
---------------
Request id 9
8 7 6 4 4 3 
8 7 6 4 4 5 2 1 3 
8 7 6 4 4 6 7 0 1 3 
8 7 6 4 4 5 12 11 10 3 
8 7 6 4 4 5 2 0 1 3 
8 7 6 4 4 5 12 13 10 3 
8 7 6 4 4 6 7 8 13 10 3 
8 7 6 4 4 5 9 8 13 10 3 
8 7 6 4 4 6 7 0 2 1 3 
8 7 6 4 4 6 7 8 11 10 3 
8 7 0 1 3 4 4 3 
8 7 0 1 3 4 4 5 2 1 3 
8 7 0 1 3 4 4 6 7 0 1 3 
8 7 0 1 3 4 4 5 12 11 10 3 
8 7 0 1 3 4 4 5 2 0 1 3 
8 7 0 1 3 4 4 5 12 13 10 3 
8 7 0 1 3 4 4 6 7 8 13 10 3 
8 7 0 1 3 4 4 5 9 8 13 10 3 
8 7 0 1 3 4 4 6 7 0 2 1 3 
8 7 0 1 3 4 4 6 7 8 11 10 3 
8 7 8 9 5 4 4 3 
8 7 8 9 5 4 4 5 2 1 3 
8 7 8 9 5 4 4 6 7 0 1 3 
8 7 8 9 5 4 4 5 12 11 10 3 
8 7 8 9 5 4 4 5 2 0 1 3 
8 7 8 9 5 4 4 5 12 13 10 3 
8 7 8 9 5 4 4 6 7 8 13 10 3 
8 7 8 9 5 4 4 5 9 8 13 10 3 
8 7 8 9 5 4 4 6 7 0 2 1 3 
8 7 8 9 5 4 4 6 7 8 11 10 3 
8 7 0 2 5 4 4 3 
8 7 0 2 5 4 4 5 2 1 3 
8 7 0 2 5 4 4 6 7 0 1 3 
8 7 0 2 5 4 4 5 12 11 10 3 
8 7 0 2 5 4 4 5 2 0 1 3 
8 7 0 2 5 4 4 5 12 13 10 3 
8 7 0 2 5 4 4 6 7 8 13 10 3 
8 7 0 2 5 4 4 5 9 8 13 10 3 
8 7 0 2 5 4 4 6 7 0 2 1 3 
8 7 0 2 5 4 4 6 7 8 11 10 3 
---------------
Request id 10
9 8 13 12 5 4 3 10 13 12 5 
9 8 13 12 5 4 3 10 13 8 9 5 
9 8 13 12 5 4 3 10 13 10 11 12 5 
9 8 13 12 5 4 3 10 13 8 11 12 5 
9 8 13 12 5 4 3 10 13 10 3 4 5 
9 8 13 12 5 4 3 10 13 12 11 8 9 5 
9 8 13 12 5 4 3 10 13 8 7 6 4 5 
9 8 13 12 5 4 3 10 13 10 3 1 2 5 
9 8 13 12 5 4 3 10 13 10 11 8 9 5 
9 8 13 12 5 4 3 10 13 8 7 0 2 5 
9 8 13 12 5 4 5 12 13 12 5 
9 8 13 12 5 4 5 12 13 8 9 5 
9 8 13 12 5 4 5 12 13 10 11 12 5 
9 8 13 12 5 4 5 12 13 8 11 12 5 
9 8 13 12 5 4 5 12 13 10 3 4 5 
9 8 13 12 5 4 5 12 13 12 11 8 9 5 
9 8 13 12 5 4 5 12 13 8 7 6 4 5 
9 8 13 12 5 4 5 12 13 10 3 1 2 5 
9 8 13 12 5 4 5 12 13 10 11 8 9 5 
9 8 13 12 5 4 5 12 13 8 7 0 2 5 
9 8 13 12 5 4 6 7 8 13 12 5 
9 8 13 12 5 4 6 7 8 13 8 9 5 
9 8 13 12 5 4 6 7 8 13 10 11 12 5 
9 8 13 12 5 4 6 7 8 13 8 11 12 5 
9 8 13 12 5 4 6 7 8 13 10 3 4 5 
9 8 13 12 5 4 6 7 8 13 12 11 8 9 5 
9 8 13 12 5 4 6 7 8 13 8 7 6 4 5 
9 8 13 12 5 4 6 7 8 13 10 3 1 2 5 
9 8 13 12 5 4 6 7 8 13 10 11 8 9 5 
9 8 13 12 5 4 6 7 8 13 8 7 0 2 5 
9 8 13 12 5 4 5 9 8 13 12 5 
9 8 13 12 5 4 5 9 8 13 8 9 5 
9 8 13 12 5 4 5 9 8 13 10 11 12 5 
9 8 13 12 5 4 5 9 8 13 8 11 12 5 
9 8 13 12 5 4 5 9 8 13 10 3 4 5 
9 8 13 12 5 4 5 9 8 13 12 11 8 9 5 
9 8 13 12 5 4 5 9 8 13 8 7 6 4 5 
9 8 13 12 5 4 5 9 8 13 10 3 1 2 5 
9 8 13 12 5 4 5 9 8 13 10 11 8 9 5 
9 8 13 12 5 4 5 9 8 13 8 7 0 2 5 
---------------
Request id 15
5 4 6 7 8 13 8 
5 4 6 7 8 13 10 11 8 
5 4 6 7 8 13 12 11 8 
5 4 6 7 8 13 12 5 9 8 
5 4 6 7 8 13 10 3 4 5 9 8 
5 4 6 7 8 13 12 5 2 0 7 8 
5 4 6 7 8 13 10 3 1 0 7 8 
5 4 6 7 8 13 10 3 4 6 7 8 
5 4 6 7 8 13 10 11 12 5 9 8 
5 4 6 7 8 13 12 5 4 6 7 8 
5 4 6 7 8 11 12 13 8 
5 4 6 7 8 11 12 13 10 11 8 
5 4 6 7 8 11 12 13 12 11 8 
5 4 6 7 8 11 12 13 12 5 9 8 
5 4 6 7 8 11 12 13 10 3 4 5 9 8 
5 4 6 7 8 11 12 13 12 5 2 0 7 8 
5 4 6 7 8 11 12 13 10 3 1 0 7 8 
5 4 6 7 8 11 12 13 10 3 4 6 7 8 
5 4 6 7 8 11 12 13 10 11 12 5 9 8 
5 4 6 7 8 11 12 13 12 5 4 6 7 8 
5 4 6 7 8 11 10 13 8 
5 4 6 7 8 11 10 13 10 11 8 
5 4 6 7 8 11 10 13 12 11 8 
5 4 6 7 8 11 10 13 12 5 9 8 
5 4 6 7 8 11 10 13 10 3 4 5 9 8 
5 4 6 7 8 11 10 13 12 5 2 0 7 8 
5 4 6 7 8 11 10 13 10 3 1 0 7 8 
5 4 6 7 8 11 10 13 10 3 4 6 7 8 
5 4 6 7 8 11 10 13 10 11 12 5 9 8 
5 4 6 7 8 11 10 13 12 5 4 6 7 8 
5 4 6 7 6 4 3 10 13 8 
5 4 6 7 6 4 3 10 13 10 11 8 
5 4 6 7 6 4 3 10 13 12 11 8 
5 4 6 7 6 4 3 10 13 12 5 9 8 
5 4 6 7 6 4 3 10 13 10 3 4 5 9 8 
5 4 6 7 6 4 3 10 13 12 5 2 0 7 8 
5 4 6 7 6 4 3 10 13 10 3 1 0 7 8 
5 4 6 7 6 4 3 10 13 10 3 4 6 7 8 
5 4 6 7 6 4 3 10 13 10 11 12 5 9 8 
5 4 6 7 6 4 3 10 13 12 5 4 6 7 8 
---------------
Request id 21
1 3 10 13 10 3 4 6 
1 3 10 13 10 3 4 5 9 8 7 6 
1 3 10 13 10 3 4 3 1 0 7 6 
1 3 10 13 10 3 4 5 2 0 7 6 
1 3 10 13 10 3 4 3 1 2 0 7 6 
1 3 10 13 10 3 4 5 12 11 8 7 6 
1 3 10 13 10 3 4 3 10 11 8 7 6 
1 3 10 13 10 3 4 5 12 13 8 7 6 
1 3 10 13 10 3 4 3 10 13 8 7 6 
1 3 10 13 10 3 4 5 2 1 0 7 6 
1 3 10 13 12 5 4 6 
1 3 10 13 12 5 4 5 9 8 7 6 
1 3 10 13 12 5 4 3 1 0 7 6 
1 3 10 13 12 5 4 5 2 0 7 6 
1 3 10 13 12 5 4 3 1 2 0 7 6 
1 3 10 13 12 5 4 5 12 11 8 7 6 
1 3 10 13 12 5 4 3 10 11 8 7 6 
1 3 10 13 12 5 4 5 12 13 8 7 6 
1 3 10 13 12 5 4 3 10 13 8 7 6 
1 3 10 13 12 5 4 5 2 1 0 7 6 
1 3 10 13 8 9 5 4 6 
1 3 10 13 8 9 5 4 5 9 8 7 6 
1 3 10 13 8 9 5 4 3 1 0 7 6 
1 3 10 13 8 9 5 4 5 2 0 7 6 
1 3 10 13 8 9 5 4 3 1 2 0 7 6 
1 3 10 13 8 9 5 4 5 12 11 8 7 6 
1 3 10 13 8 9 5 4 3 10 11 8 7 6 
1 3 10 13 8 9 5 4 5 12 13 8 7 6 
1 3 10 13 8 9 5 4 3 10 13 8 7 6 
1 3 10 13 8 9 5 4 5 2 1 0 7 6 
1 3 10 13 8 7 6 4 6 
1 3 10 13 8 7 6 4 5 9 8 7 6 
1 3 10 13 8 7 6 4 3 1 0 7 6 
1 3 10 13 8 7 6 4 5 2 0 7 6 
1 3 10 13 8 7 6 4 3 1 2 0 7 6 
1 3 10 13 8 7 6 4 5 12 11 8 7 6 
1 3 10 13 8 7 6 4 3 10 11 8 7 6 
1 3 10 13 8 7 6 4 5 12 13 8 7 6 
1 3 10 13 8 7 6 4 3 10 13 8 7 6 
1 3 10 13 8 7 6 4 5 2 1 0 7 6 
---------------
Request id 6
6 4 4 6 7 0 2 5 
6 4 4 6 7 6 4 5 
6 4 4 6 7 8 9 5 
6 4 4 6 7 0 1 2 5 
6 4 4 6 7 8 13 12 5 
6 4 4 6 7 8 11 12 5 
6 4 4 6 7 0 1 3 4 5 
6 4 4 6 7 0 2 1 3 4 5 
6 4 4 6 7 8 13 10 3 4 5 
6 4 4 6 7 6 4 3 1 2 5 
6 4 4 3 1 0 7 0 2 5 
6 4 4 3 1 0 7 6 4 5 
6 4 4 3 1 0 7 8 9 5 
6 4 4 3 1 0 7 0 1 2 5 
6 4 4 3 1 0 7 8 13 12 5 
6 4 4 3 1 0 7 8 11 12 5 
6 4 4 3 1 0 7 0 1 3 4 5 
6 4 4 3 1 0 7 0 2 1 3 4 5 
6 4 4 3 1 0 7 8 13 10 3 4 5 
6 4 4 3 1 0 7 6 4 3 1 2 5 
6 4 4 5 9 8 7 0 2 5 
6 4 4 5 9 8 7 6 4 5 
6 4 4 5 9 8 7 8 9 5 
6 4 4 5 9 8 7 0 1 2 5 
6 4 4 5 9 8 7 8 13 12 5 
6 4 4 5 9 8 7 8 11 12 5 
6 4 4 5 9 8 7 0 1 3 4 5 
6 4 4 5 9 8 7 0 2 1 3 4 5 
6 4 4 5 9 8 7 8 13 10 3 4 5 
6 4 4 5 9 8 7 6 4 3 1 2 5 
6 4 4 5 2 0 7 0 2 5 
6 4 4 5 2 0 7 6 4 5 
6 4 4 5 2 0 7 8 9 5 
6 4 4 5 2 0 7 0 1 2 5 
6 4 4 5 2 0 7 8 13 12 5 
6 4 4 5 2 0 7 8 11 12 5 
6 4 4 5 2 0 7 0 1 3 4 5 
6 4 4 5 2 0 7 0 2 1 3 4 5 
6 4 4 5 2 0 7 8 13 10 3 4 5 
6 4 4 5 2 0 7 6 4 3 1 2 5 
---------------
Request id 11
5 4 6 7 8 13 8 7 6 
5 4 6 7 8 13 10 3 4 6 
5 4 6 7 8 13 12 5 4 6 
5 4 6 7 8 13 10 11 8 7 6 
5 4 6 7 8 13 8 9 5 4 6 
5 4 6 7 8 13 12 11 8 7 6 
5 4 6 7 8 13 10 3 1 0 7 6 
5 4 6 7 8 13 10 11 12 5 4 6 
5 4 6 7 8 13 8 11 12 5 4 6 
5 4 6 7 8 13 12 5 9 8 7 6 
5 4 6 7 8 11 10 13 8 7 6 
5 4 6 7 8 11 10 13 10 3 4 6 
5 4 6 7 8 11 10 13 12 5 4 6 
5 4 6 7 8 11 10 13 10 11 8 7 6 
5 4 6 7 8 11 10 13 8 9 5 4 6 
5 4 6 7 8 11 10 13 12 11 8 7 6 
5 4 6 7 8 11 10 13 10 3 1 0 7 6 
5 4 6 7 8 11 10 13 10 11 12 5 4 6 
5 4 6 7 8 11 10 13 8 11 12 5 4 6 
5 4 6 7 8 11 10 13 12 5 9 8 7 6 
5 4 6 7 8 11 12 13 8 7 6 
5 4 6 7 8 11 12 13 10 3 4 6 
5 4 6 7 8 11 12 13 12 5 4 6 
5 4 6 7 8 11 12 13 10 11 8 7 6 
5 4 6 7 8 11 12 13 8 9 5 4 6 
5 4 6 7 8 11 12 13 12 11 8 7 6 
5 4 6 7 8 11 12 13 10 3 1 0 7 6 
5 4 6 7 8 11 12 13 10 11 12 5 4 6 
5 4 6 7 8 11 12 13 8 11 12 5 4 6 
5 4 6 7 8 11 12 13 12 5 9 8 7 6 
5 4 6 7 0 1 3 10 13 8 7 6 
5 4 6 7 0 1 3 10 13 10 3 4 6 
5 4 6 7 0 1 3 10 13 12 5 4 6 
5 4 6 7 0 1 3 10 13 10 11 8 7 6 
5 4 6 7 0 1 3 10 13 8 9 5 4 6 
5 4 6 7 0 1 3 10 13 12 11 8 7 6 
5 4 6 7 0 1 3 10 13 10 3 1 0 7 6 
5 4 6 7 0 1 3 10 13 10 11 12 5 4 6 
5 4 6 7 0 1 3 10 13 8 11 12 5 4 6 
5 4 6 7 0 1 3 10 13 12 5 9 8 7 6 
---------------
