Request id 2
32 28 25 18 18 18 13 3 1 4 
32 28 25 18 18 18 16 11 6 8 7 4 
32 28 25 18 18 18 13 3 6 8 7 4 
32 28 25 18 18 18 13 11 6 8 7 4 
32 28 25 18 18 18 16 11 13 3 1 4 
32 28 25 18 18 18 13 0 5 3 1 4 
32 28 25 18 18 18 13 11 6 3 1 4 
32 28 25 18 18 18 16 11 6 3 1 4 
32 28 25 18 18 18 16 11 12 10 8 7 4 
32 28 25 18 18 18 13 11 12 10 8 7 4 
---------------
Request id 4
20 24 16 18 25 29 36 
20 24 23 26 28 25 29 36 
20 24 16 18 15 19 29 36 
20 24 16 11 13 18 25 29 36 
20 24 20 17 16 18 25 29 36 
20 24 23 26 28 32 35 37 36 
20 24 16 18 25 28 32 35 37 36 
20 24 16 11 13 18 15 19 29 36 
20 24 30 33 39 40 32 35 37 36 
20 24 20 17 16 18 15 19 29 36 
---------------
Request id 10
19 15 18 18 18 25 28 32 40 56 59 
19 15 18 18 18 25 28 32 40 41 61 59 
19 15 18 18 18 16 24 30 33 39 40 56 59 
19 15 18 18 18 25 29 36 37 35 32 40 56 59 
19 15 18 18 18 16 24 30 33 39 40 41 61 59 
19 15 18 18 18 15 19 29 25 28 32 40 56 59 
19 15 18 18 18 16 24 23 26 28 32 40 56 59 
19 15 18 18 18 16 17 20 24 30 33 39 40 56 59 
19 15 18 18 18 13 11 16 24 30 33 39 40 56 59 
19 15 18 18 18 15 19 29 36 37 35 32 40 56 59 
---------------
Request id 3
39 33 30 24 30 33 39 40 41 46 54 65 64 70 74 
39 33 30 24 23 26 28 32 40 41 46 54 65 64 70 74 
39 33 30 24 30 33 39 40 41 61 62 54 65 64 70 74 
39 33 30 24 30 33 39 40 41 46 48 57 60 64 70 74 
39 33 30 24 16 18 25 28 32 40 41 46 54 65 64 70 74 
39 33 30 24 30 33 39 40 56 59 61 62 54 65 64 70 74 
39 33 30 24 27 31 34 38 39 40 41 46 54 65 64 70 74 
39 33 30 24 23 26 28 32 40 41 61 62 54 65 64 70 74 
39 33 30 24 23 26 28 32 40 41 46 48 57 60 64 70 74 
39 33 30 24 16 18 25 28 32 40 41 46 48 57 60 64 70 74 
---------------
Request id 9
47 43 34 31 27 24 24 24 30 33 39 40 41 46 48 
47 43 34 31 27 24 24 24 23 26 28 32 40 41 46 48 
47 43 34 31 27 24 24 24 16 18 25 29 36 37 45 44 48 
47 43 34 31 27 24 24 24 23 26 28 32 35 37 45 44 48 
47 43 34 31 27 24 24 24 27 31 34 38 39 40 41 46 48 
47 43 34 31 27 24 24 24 16 18 25 28 32 40 41 46 48 
47 43 34 31 27 24 24 24 30 33 39 40 41 61 62 54 46 48 
47 43 34 31 27 24 24 24 23 26 28 25 29 36 37 45 44 48 
47 43 34 31 27 24 24 24 30 33 39 40 32 35 37 45 44 48 
47 43 34 31 27 24 24 24 30 33 39 40 56 59 61 41 46 48 
---------------
Request id 7
45 37 36 29 25 18 18 18 13 3 1 
45 37 36 29 25 18 18 18 16 11 6 3 1 
45 37 36 29 25 18 18 18 13 11 6 3 1 
45 37 36 29 25 18 18 18 16 11 13 3 1 
45 37 36 29 25 18 18 18 13 0 5 3 1 
45 37 36 29 25 18 18 18 13 3 6 8 7 4 1 
45 37 36 29 25 18 18 18 13 11 6 8 7 4 1 
45 37 36 29 25 18 18 18 15 9 2 0 13 3 1 
45 37 36 29 25 18 18 18 15 9 2 0 5 3 1 
45 37 36 29 25 18 18 18 16 11 6 8 7 4 1 
---------------
Request id 6
71 69 67 66 63 58 56 40 32 28 25 18 13 3 6 8 
71 69 67 66 63 58 56 40 32 28 25 18 16 11 6 8 
71 69 67 66 63 58 56 40 32 28 25 18 13 11 6 8 
71 69 67 66 63 58 56 40 32 28 25 18 16 11 12 10 8 
71 69 67 66 63 58 56 40 32 28 25 18 13 11 12 10 8 
71 69 67 66 63 58 56 40 32 28 25 18 16 17 14 12 10 8 
71 69 67 66 63 58 56 40 32 28 25 18 13 0 5 3 6 8 
71 69 67 66 63 58 56 40 32 28 25 18 13 3 1 4 7 8 
71 69 67 66 63 58 56 40 32 28 25 18 16 11 13 3 6 8 
71 69 67 66 63 58 56 40 32 28 25 18 16 17 14 12 11 6 8 
---------------
Request id 8
54 46 41 40 32 28 25 18 18 18 25 28 32 40 41 61 62 
54 46 41 40 32 28 25 18 18 18 25 28 32 40 56 59 61 62 
54 46 41 40 32 28 25 18 18 18 25 28 32 40 41 46 54 62 
54 46 41 40 32 28 25 18 18 18 16 24 30 33 39 40 41 61 62 
54 46 41 40 32 28 25 18 18 18 25 28 32 40 56 58 63 66 62 
54 46 41 40 32 28 25 18 18 18 25 29 36 37 35 32 40 41 61 62 
54 46 41 40 32 28 25 18 18 18 15 19 29 25 28 32 40 41 61 62 
54 46 41 40 32 28 25 18 18 18 25 29 36 37 45 44 48 46 54 62 
54 46 41 40 32 28 25 18 18 18 16 24 23 26 28 32 40 41 61 62 
54 46 41 40 32 28 25 18 18 18 16 24 30 33 39 40 56 59 61 62 
---------------
Request id 1
64 65 54 46 41 40 32 28 25 18 16 11 12 10 
64 65 54 46 41 40 32 28 25 18 13 11 12 10 
64 65 54 46 41 40 32 28 25 18 16 17 14 12 10 
64 65 54 46 41 40 32 28 25 18 13 3 6 8 10 
64 65 54 46 41 40 32 28 25 18 16 11 6 8 10 
64 65 54 46 41 40 32 28 25 18 13 11 6 8 10 
64 65 54 46 41 40 32 28 25 18 13 3 6 11 12 10 
64 65 54 46 41 40 32 28 25 18 16 24 20 17 14 12 10 
64 65 54 46 41 40 32 28 25 18 13 0 5 3 6 8 10 
64 65 54 46 41 40 32 28 25 18 13 11 16 17 14 12 10 
---------------
Request id 5
57 48 46 41 40 39 33 30 24 24 24 30 33 39 40 41 46 54 65 68 69 71 
57 48 46 41 40 39 33 30 24 24 24 30 33 39 40 56 58 63 66 67 69 71 
57 48 46 41 40 39 33 30 24 24 24 30 33 39 40 41 61 62 66 67 69 71 
57 48 46 41 40 39 33 30 24 24 24 30 33 39 40 41 46 54 65 68 67 69 71 
57 48 46 41 40 39 33 30 24 24 24 23 26 28 32 40 41 46 54 65 68 69 71 
57 48 46 41 40 39 33 30 24 24 24 30 33 39 40 41 61 62 54 65 68 69 71 
57 48 46 41 40 39 33 30 24 24 24 23 26 28 32 40 56 58 63 66 67 69 71 
57 48 46 41 40 39 33 30 24 24 24 23 26 28 32 40 41 61 62 66 67 69 71 
57 48 46 41 40 39 33 30 24 24 24 30 33 39 40 41 61 62 66 67 68 69 71 
57 48 46 41 40 39 33 30 24 24 24 30 33 39 40 41 46 54 62 66 67 69 71 
---------------
