Request id 9
1 0 7 8 13 8 7 0 
1 2 5 12 13 12 5 2 1 0 
1 2 5 9 8 13 12 11 8 7 0 
1 2 5 12 13 10 11 8 7 0 
1 3 10 11 12 13 8 9 5 2 0 
1 2 0 7 8 13 10 3 1 2 0 
1 2 5 12 13 10 3 1 2 0 
1 2 5 12 11 8 13 8 9 5 2 0 
1 2 5 12 13 10 3 1 0 
1 2 0 7 8 13 8 11 10 3 1 0 
---------------
Request id 5
1 0 7 8 13 10 11 12 5 4 6 4 3 10 11 12 5 2 1 0 
1 2 5 12 11 10 13 10 3 4 6 7 8 13 10 3 4 5 2 1 0 
1 3 4 5 12 13 12 11 8 7 6 7 8 13 10 3 1 0 
1 2 0 7 8 13 10 3 4 6 4 5 12 13 10 11 8 7 0 
1 2 5 12 11 10 13 10 3 4 6 7 0 2 1 3 10 13 12 5 2 0 
1 2 5 9 8 13 10 11 8 7 6 7 8 11 12 13 10 11 12 5 2 1 0 
1 0 7 8 13 8 9 5 4 6 4 3 10 3 4 6 7 0 
1 3 4 5 12 13 12 11 8 7 6 7 8 13 12 11 10 3 4 5 2 0 
1 2 0 7 8 13 12 5 9 8 7 6 7 0 1 3 10 3 4 5 2 1 0 
1 2 5 12 11 10 13 12 11 8 7 6 4 3 10 3 4 5 2 1 0 
---------------
Request id 8
1 3 10 13 8 7 6 7 0 1 2 5 12 
1 3 10 13 12 5 4 6 7 8 13 12 5 2 5 9 8 13 12 
1 3 10 13 8 7 6 7 8 13 12 5 2 1 3 4 5 12 
1 3 10 13 8 7 6 7 0 2 1 0 7 8 13 12 
1 2 5 9 8 7 6 7 8 13 12 5 2 1 3 10 11 12 
1 3 10 13 8 7 6 4 5 2 1 3 10 13 12 
1 0 7 8 9 5 4 6 7 0 1 2 1 0 7 8 13 12 
1 3 10 13 8 7 6 7 8 11 12 5 2 1 3 10 11 12 
1 2 5 9 8 7 6 4 3 10 13 12 5 2 5 9 8 13 12 
1 3 10 13 8 7 6 4 3 1 0 2 5 9 8 11 12 
---------------
Request id 3
11 10 3 1 2 0 7 8 9 5 4 6 7 8 11 12 13 10 3 1 0 
11 8 7 0 2 0 1 3 4 6 4 5 12 11 10 13 12 5 2 1 0 
11 12 5 2 5 4 3 1 0 7 6 4 3 10 13 12 5 2 1 0 
11 10 3 1 0 2 1 3 4 6 4 3 10 13 10 3 1 0 
11 10 3 1 2 1 3 4 6 4 5 12 11 10 13 12 5 2 0 
11 10 3 4 5 2 0 7 6 7 8 9 5 12 13 10 3 1 2 0 
11 10 3 1 0 2 0 7 6 4 3 10 13 10 3 1 2 0 
11 8 13 12 5 2 0 1 3 4 6 7 0 2 5 12 13 8 11 10 3 1 0 
11 8 13 12 5 2 0 1 3 4 6 7 8 9 5 12 13 12 11 8 7 0 
11 12 5 2 5 4 3 1 0 7 6 7 0 1 3 10 13 12 5 4 3 1 0 
---------------
Request id 6
1 3 10 13 12 5 2 5 12 13 12 5 4 3 10 13 8 7 6 4 
1 2 5 12 11 10 13 12 5 2 1 3 10 13 8 9 5 4 
1 3 4 5 2 1 3 10 11 12 13 10 11 8 9 5 4 
1 0 7 8 13 12 5 2 1 3 10 13 8 9 5 4 3 10 13 8 9 5 4 
1 3 10 11 8 9 5 2 1 0 7 8 13 8 7 0 1 3 10 11 8 9 5 4 
1 0 2 5 12 13 12 5 2 1 3 10 11 12 5 4 
1 0 2 5 4 3 10 13 8 7 0 1 3 10 13 8 9 5 4 
1 3 10 11 8 9 5 2 1 0 7 8 13 8 7 0 1 3 10 11 12 5 4 
1 3 4 6 7 0 2 5 9 8 13 12 5 9 8 11 10 3 1 0 2 5 4 
1 0 2 5 12 11 10 13 8 7 6 4 3 10 11 8 13 12 5 4 
---------------
Request id 1
0 7 6 7 8 13 8 11 
0 7 8 11 10 3 4 6 4 3 10 13 8 9 5 12 11 
0 1 3 10 11 8 7 6 4 5 12 13 8 9 5 12 11 
0 2 5 4 6 4 5 9 8 13 10 11 
0 1 3 10 11 8 7 6 7 0 2 5 12 13 10 3 4 5 12 11 
0 7 8 11 10 3 4 6 7 0 2 5 12 13 8 11 
0 7 8 11 10 3 4 6 7 0 1 3 10 13 8 9 5 4 3 10 11 
0 7 8 11 10 3 4 6 7 8 9 5 12 13 8 9 5 4 3 10 11 
0 1 3 4 6 4 5 12 11 8 13 8 11 
0 7 8 11 10 3 4 6 7 8 11 10 13 12 11 
---------------
Request id 7
11 12 5 9 8 13 10 13 12 11 8 9 
11 12 5 2 1 3 10 11 12 13 8 9 
11 10 3 4 5 9 
11 8 7 6 4 3 10 3 1 2 5 9 
11 12 5 2 1 3 10 11 12 5 9 
11 8 9 5 4 3 10 11 8 9 
11 8 7 6 4 3 10 3 4 5 9 
11 8 7 6 4 3 10 3 1 0 2 5 9 
11 12 13 10 13 12 5 9 
11 12 5 4 3 10 3 1 0 2 5 9 
---------------
Request id 10
5 9 8 11 12 13 12 5 2 0 7 
5 2 1 3 10 13 8 7 
5 4 3 10 13 8 7 
5 4 6 7 8 13 10 3 1 2 0 7 
5 12 13 10 3 1 0 7 
5 9 8 11 12 13 12 5 9 8 7 
5 12 11 8 13 10 3 4 6 7 
5 2 1 3 10 13 10 11 8 7 
5 4 6 7 8 13 12 5 2 0 7 
5 2 1 3 10 13 12 5 2 0 7 
---------------
Request id 4
11 8 13 10 11 8 13 12 5 4 
11 12 13 10 3 1 0 2 5 4 
11 12 5 4 3 10 13 8 9 5 4 
11 8 7 6 4 3 10 3 1 2 5 4 
11 8 13 10 11 12 5 4 
11 12 13 10 13 8 7 6 4 
11 12 5 9 8 13 10 13 12 5 4 
11 12 5 4 3 10 11 8 9 5 4 
11 12 5 4 3 10 3 1 0 2 5 4 
11 12 5 2 1 3 10 13 12 5 4 
---------------
Request id 2
9 5 2 5 12 13 10 3 1 0 7 8 
9 5 4 3 1 0 2 5 9 8 13 10 3 1 0 7 8 
9 8 11 10 3 1 2 1 3 10 11 8 13 12 5 2 0 7 8 
9 8 7 6 4 5 2 5 12 13 12 5 4 6 7 8 
9 8 13 12 5 2 5 4 3 10 13 12 5 4 6 7 8 
9 8 7 6 4 5 2 5 9 8 13 12 11 8 
9 5 4 3 1 2 1 3 10 13 12 5 2 0 7 8 
9 8 11 12 5 2 1 3 10 11 8 13 10 3 4 5 9 8 
9 5 4 6 7 0 2 0 1 3 10 13 10 3 1 0 7 8 
9 8 7 0 2 1 3 10 11 8 13 10 3 4 6 7 8 
---------------
