Request id 9
8 6 11 16 18 25 28 32 40 41 61 62 66 67 
8 6 11 13 18 25 28 32 40 56 58 63 66 67 
8 6 11 16 24 30 33 39 40 56 58 63 66 67 
8 6 11 13 18 25 28 32 40 41 61 62 66 67 
8 6 11 16 18 25 28 32 40 56 58 63 66 67 
---------------
Request id 24
40 32 28 25 18 18 16 17 20 
40 32 28 25 18 18 16 24 20 
40 32 28 25 18 18 13 11 16 17 20 
40 32 28 25 18 18 13 11 16 24 20 
40 32 28 25 18 18 16 11 12 14 17 20 
---------------
Request id 3
22 21 17 17 17 14 
22 21 17 17 17 16 11 12 14 
22 21 17 17 17 20 24 16 11 12 14 
22 21 17 17 17 16 18 13 11 12 14 
22 21 17 17 17 16 11 6 8 10 12 14 
---------------
Request id 4
15 18 18 18 25 28 32 35 
15 18 18 18 25 29 36 37 35 
15 18 18 18 15 19 29 36 37 35 
15 18 18 18 15 19 29 25 28 32 35 
15 18 18 18 16 24 23 26 28 32 35 
---------------
Request id 18
50 49 42 38 39 33 30 24 30 33 39 40 41 61 62 66 
50 49 42 38 39 33 30 24 30 33 39 40 56 58 63 66 
50 49 42 38 39 33 30 24 30 33 39 40 41 46 54 62 66 
50 49 42 38 39 33 30 24 30 33 39 40 56 59 61 62 66 
50 49 42 38 39 33 30 24 23 26 28 32 40 41 61 62 66 
---------------
Request id 19
34 31 27 24 24 30 33 39 40 56 58 63 66 67 69 71 72 
34 31 27 24 24 30 33 39 40 41 46 54 65 68 69 71 72 
34 31 27 24 24 30 33 39 40 41 61 62 66 67 69 71 72 
34 31 27 24 24 30 33 39 40 56 59 61 62 66 67 69 71 72 
34 31 27 24 24 23 26 28 32 40 41 46 54 65 68 69 71 72 
---------------
Request id 17
39 33 30 24 24 23 26 28 32 
39 33 30 24 24 30 33 39 40 32 
39 33 30 24 24 16 18 25 28 32 
39 33 30 24 24 20 17 16 18 25 28 32 
39 33 30 24 24 16 11 13 18 25 28 32 
---------------
Request id 25
32 28 25 18 25 28 32 40 41 61 62 66 67 69 
32 28 25 18 25 28 32 40 56 58 63 66 67 69 
32 28 25 18 25 28 32 40 41 46 54 65 68 69 
32 28 25 18 25 28 32 40 41 61 62 54 65 68 69 
32 28 25 18 25 28 32 40 56 58 63 66 67 68 69 
---------------
Request id 29
5 3 1 
5 3 6 8 7 4 1 
5 3 13 11 6 8 7 4 1 
5 3 6 11 12 10 8 7 4 1 
5 3 13 11 12 10 8 7 4 1 
---------------
Request id 8
8 6 11 11 11 16 24 23 
8 6 11 11 11 13 18 16 24 23 
8 6 11 11 11 16 17 20 24 23 
8 6 11 11 11 13 18 25 28 26 23 
8 6 11 11 11 16 18 25 28 26 23 
---------------
Request id 21
44 45 37 36 29 25 18 25 28 32 40 41 61 62 66 67 
44 45 37 36 29 25 18 25 28 32 40 56 58 63 66 67 
44 45 37 36 29 25 18 25 28 32 40 41 46 54 65 68 67 
44 45 37 36 29 25 18 25 28 32 40 56 59 61 62 66 67 
44 45 37 36 29 25 18 25 28 32 40 41 46 54 62 66 67 
---------------
Request id 23
48 46 41 40 39 33 30 24 24 27 31 34 38 42 
48 46 41 40 39 33 30 24 24 30 33 39 38 42 
48 46 41 40 39 33 30 24 24 30 33 39 40 56 51 42 
48 46 41 40 39 33 30 24 24 23 26 28 32 40 39 38 42 
48 46 41 40 39 33 30 24 24 23 26 28 32 40 56 51 42 
---------------
Request id 6
6 11 11 16 24 30 33 39 40 41 46 54 65 64 70 74 
6 11 11 13 18 25 28 32 40 41 46 54 65 64 70 74 
6 11 11 16 18 25 28 32 40 41 46 54 65 64 70 74 
6 11 11 13 18 25 28 32 40 41 61 62 54 65 64 70 74 
6 11 11 13 18 25 28 32 40 41 46 48 57 60 64 70 74 
---------------
Request id 7
48 44 45 37 36 29 25 18 18 16 17 21 
48 44 45 37 36 29 25 18 18 13 11 16 17 21 
48 44 45 37 36 29 25 18 18 16 24 20 17 21 
48 44 45 37 36 29 25 18 18 16 24 27 22 21 
48 44 45 37 36 29 25 18 18 13 11 12 14 17 21 
---------------
Request id 30
70 64 65 54 46 41 40 39 33 30 24 24 30 
70 64 65 54 46 41 40 39 33 30 24 24 27 31 34 38 39 33 30 
70 64 65 54 46 41 40 39 33 30 24 24 23 26 28 32 40 39 33 30 
70 64 65 54 46 41 40 39 33 30 24 24 16 18 25 28 32 40 39 33 30 
70 64 65 54 46 41 40 39 33 30 24 24 27 31 34 38 42 51 56 40 39 33 30 
---------------
Request id 10
50 49 42 38 39 33 30 24 30 33 39 40 56 
50 49 42 38 39 33 30 24 23 26 28 32 40 56 
50 49 42 38 39 33 30 24 30 33 39 38 42 51 56 
50 49 42 38 39 33 30 24 27 31 34 38 42 51 56 
50 49 42 38 39 33 30 24 16 18 25 28 32 40 56 
---------------
Request id 12
9 15 18 18 18 25 28 32 40 41 46 
9 15 18 18 18 16 24 30 33 39 40 41 46 
9 15 18 18 18 25 29 36 37 45 44 48 46 
9 15 18 18 18 25 28 32 35 37 45 44 48 46 
9 15 18 18 18 16 24 23 26 28 32 40 41 46 
---------------
Request id 13
1 3 13 18 25 28 
1 3 6 11 16 18 25 28 
1 3 13 11 16 18 25 28 
1 3 5 0 13 18 25 28 
1 3 6 11 13 18 25 28 
---------------
Request id 26
57 48 46 41 40 39 33 30 24 24 27 31 
57 48 46 41 40 39 33 30 24 24 16 17 21 22 27 31 
57 48 46 41 40 39 33 30 24 24 30 33 39 38 34 31 
57 48 46 41 40 39 33 30 24 24 20 17 21 22 27 31 
57 48 46 41 40 39 33 30 24 24 16 11 12 14 17 21 22 27 31 
---------------
Request id 27
72 71 69 67 66 63 58 56 40 32 28 25 18 18 18 25 28 32 40 39 
72 71 69 67 66 63 58 56 40 32 28 25 18 18 18 16 24 30 33 39 
72 71 69 67 66 63 58 56 40 32 28 25 18 18 18 13 11 16 24 30 33 39 
72 71 69 67 66 63 58 56 40 32 28 25 18 18 18 16 24 27 31 34 38 39 
72 71 69 67 66 63 58 56 40 32 28 25 18 18 18 16 17 20 24 30 33 39 
---------------
Request id 28
29 25 18 18 25 28 26 
29 25 18 18 16 24 23 26 
29 25 18 18 13 11 16 24 23 26 
29 25 18 18 16 17 20 24 23 26 
29 25 18 18 15 19 29 25 28 26 
---------------
Request id 1
58 56 40 32 28 25 18 16 24 30 33 
58 56 40 32 28 25 18 25 28 32 40 39 33 
58 56 40 32 28 25 18 16 17 20 24 30 33 
58 56 40 32 28 25 18 13 11 16 24 30 33 
58 56 40 32 28 25 18 25 28 26 23 24 30 33 
---------------
Request id 2
47 43 34 31 27 24 16 18 25 29 
47 43 34 31 27 24 23 26 28 25 29 
47 43 34 31 27 24 16 18 15 19 29 
47 43 34 31 27 24 16 11 13 18 25 29 
47 43 34 31 27 24 20 17 16 18 25 29 
---------------
Request id 15
28 25 18 18 16 17 14 
28 25 18 18 13 11 12 14 
28 25 18 18 16 11 12 14 
28 25 18 18 13 11 16 17 14 
28 25 18 18 16 24 20 17 14 
---------------
Request id 22
26 23 24 24 24 16 11 6 8 
26 23 24 24 24 16 11 12 10 8 
26 23 24 24 24 16 18 13 11 6 8 
26 23 24 24 24 20 17 16 11 6 8 
26 23 24 24 24 16 17 14 12 10 8 
---------------
Request id 5
22 21 17 17 16 11 6 3 1 4 
22 21 17 17 14 12 10 8 7 4 
22 21 17 17 16 11 6 8 7 4 
22 21 17 17 16 18 13 3 1 4 
22 21 17 17 16 11 13 3 1 4 
---------------
Request id 14
33 30 24 24 24 16 11 12 
33 30 24 24 24 20 17 14 12 
33 30 24 24 24 16 17 14 12 
33 30 24 24 24 20 17 16 11 12 
33 30 24 24 24 16 18 13 11 12 
---------------
Request id 20
74 70 64 65 54 46 41 40 32 28 25 18 18 18 13 11 6 8 
74 70 64 65 54 46 41 40 32 28 25 18 18 18 16 11 6 8 
74 70 64 65 54 46 41 40 32 28 25 18 18 18 13 3 6 8 
74 70 64 65 54 46 41 40 32 28 25 18 18 18 13 11 12 10 8 
74 70 64 65 54 46 41 40 32 28 25 18 18 18 16 11 12 10 8 
---------------
Request id 11
71 69 68 65 54 46 41 40 32 28 25 18 18 25 28 26 
71 69 68 65 54 46 41 40 32 28 25 18 18 16 24 23 26 
71 69 68 65 54 46 41 40 32 28 25 18 18 15 19 29 25 28 26 
71 69 68 65 54 46 41 40 32 28 25 18 18 16 17 20 24 23 26 
71 69 68 65 54 46 41 40 32 28 25 18 18 13 11 16 24 23 26 
---------------
Request id 16
44 45 37 36 29 25 18 18 18 25 28 32 40 41 46 54 65 64 70 74 73 
44 45 37 36 29 25 18 18 18 25 29 36 37 45 44 48 57 60 64 70 74 73 
44 45 37 36 29 25 18 18 18 25 28 32 40 56 58 63 66 67 69 71 72 73 
44 45 37 36 29 25 18 18 18 25 28 32 40 41 46 54 65 68 69 71 72 73 
44 45 37 36 29 25 18 18 18 25 28 32 40 41 61 62 66 67 69 71 72 73 
---------------
