Request id 3
70 64 65 54 46 41 40 39 40 32 28 25 29 19 15 
70 64 65 54 62 61 59 56 40 39 33 30 24 16 18 25 29 19 15 
70 64 65 54 62 66 63 58 56 40 39 40 32 28 25 29 19 15 
70 64 65 54 46 41 40 39 40 32 35 37 36 29 19 15 
70 64 65 68 67 66 62 61 41 40 39 40 32 28 25 29 19 15 
70 64 60 57 48 46 41 40 39 33 30 24 16 18 25 29 19 15 
70 64 65 54 62 61 41 40 39 38 34 31 27 24 16 18 15 
70 64 65 54 46 41 40 39 33 30 24 16 18 25 29 19 15 
70 64 65 54 62 61 59 56 40 39 40 32 28 25 18 15 
70 64 65 54 46 41 40 56 51 42 38 39 40 32 28 25 18 15 
70 64 65 54 46 41 61 59 56 40 39 33 30 24 16 18 25 29 19 15 
70 64 65 68 67 66 63 58 56 40 39 38 34 31 27 24 16 18 15 
70 64 65 54 46 41 61 59 56 40 39 40 32 35 37 36 29 19 15 
70 64 65 54 46 41 40 56 51 42 38 39 33 30 24 16 18 25 29 19 15 
70 64 65 54 62 61 59 56 40 39 33 30 24 20 17 16 18 15 
70 64 65 54 46 41 61 59 56 40 39 33 30 24 16 11 13 18 15 
70 64 65 68 67 66 63 58 56 40 39 40 32 28 26 23 24 16 18 15 
70 64 65 68 67 66 62 61 41 40 39 33 30 24 16 18 25 29 19 15 
70 64 65 54 46 41 40 56 51 42 38 39 40 32 35 37 36 29 19 15 
70 64 65 54 46 41 40 39 33 30 24 16 11 13 18 15 
70 64 65 54 62 61 41 40 39 33 30 24 16 18 25 29 19 15 
70 64 65 54 62 66 63 58 56 40 39 40 32 35 37 36 29 19 15 
70 64 65 54 62 61 59 56 40 39 33 30 24 23 26 28 25 18 15 
70 64 60 57 48 46 41 40 39 33 30 24 16 11 13 18 15 
70 64 60 57 48 46 41 40 39 33 30 24 20 17 16 18 15 
70 64 65 68 67 66 63 58 56 40 39 33 30 24 16 11 13 18 15 
70 64 60 57 48 44 45 37 35 32 40 39 33 30 24 20 17 16 18 15 
70 64 60 57 48 44 45 37 35 32 40 39 33 30 24 23 26 28 25 18 15 
70 64 60 57 48 44 45 37 35 32 40 39 40 32 35 37 36 29 19 15 
70 64 65 54 62 61 41 40 39 33 30 24 16 18 15 
70 64 65 68 67 66 63 58 56 40 39 33 30 24 16 18 25 29 19 15 
70 64 60 57 48 44 45 37 35 32 40 39 40 32 28 26 23 24 16 18 15 
70 64 65 68 67 66 62 61 41 40 39 33 30 24 16 18 15 
70 64 65 54 46 41 40 39 33 30 24 20 17 16 18 15 
70 64 65 68 67 66 62 61 41 40 39 40 32 28 25 18 15 
70 64 65 54 46 41 40 56 51 42 38 39 33 30 24 16 11 13 18 15 
70 64 65 54 62 61 41 40 39 40 32 28 25 18 15 
70 64 65 68 67 66 62 61 41 40 39 38 34 31 27 24 16 18 15 
70 64 65 54 62 61 41 40 39 40 32 28 25 29 19 15 
70 64 65 54 46 41 40 39 33 30 24 23 26 28 25 18 15 
---------------
Request id 2
63 58 56 40 32 28 25 18 16 17 20 24 16 11 12 10 
63 58 56 40 39 38 34 31 27 24 20 17 14 12 11 6 8 10 
63 58 55 49 42 38 34 31 27 24 20 24 16 11 6 8 10 
63 58 56 40 32 28 26 23 24 20 24 16 18 13 11 12 10 
63 58 56 40 32 28 25 18 16 24 20 24 16 11 6 8 10 
63 58 56 51 42 38 39 33 30 24 20 17 16 11 6 8 10 
63 58 55 49 42 38 34 31 27 24 20 24 16 11 12 10 
63 58 56 51 42 38 34 31 27 24 20 17 14 12 10 
63 58 56 40 32 28 25 18 16 17 20 17 16 18 13 11 12 10 
63 58 56 40 39 33 30 24 16 17 20 24 16 11 12 10 
63 58 55 49 42 38 34 31 27 24 20 17 16 11 12 10 
63 58 56 51 42 38 39 33 30 24 20 17 14 12 10 
63 58 56 40 39 33 30 24 20 24 16 18 13 11 12 10 
63 66 62 61 41 40 39 33 30 24 20 24 16 18 13 11 12 10 
63 58 56 51 42 38 34 31 27 24 20 17 16 11 6 8 10 
63 58 56 40 39 33 30 24 16 17 20 24 16 18 13 11 12 10 
63 66 62 61 41 40 39 33 30 24 20 24 16 11 12 10 
63 58 56 51 42 38 39 33 30 24 20 24 16 11 12 10 
63 58 56 40 39 33 30 24 16 17 20 24 16 11 6 8 10 
63 58 56 40 32 28 26 23 24 20 24 16 17 14 12 10 
63 58 56 40 39 38 34 31 27 24 20 24 16 18 13 11 12 10 
63 58 56 51 42 38 39 33 30 24 20 24 27 22 21 17 14 12 10 
63 58 56 40 39 33 30 24 16 17 20 24 27 22 21 17 14 12 10 
63 58 56 40 39 33 30 24 16 17 20 17 14 12 10 
63 58 56 40 39 38 34 31 27 24 20 17 16 11 12 10 
63 66 62 61 41 40 39 33 30 24 20 17 16 11 6 8 10 
63 58 56 40 32 28 25 18 16 17 20 24 16 17 14 12 10 
63 58 56 40 39 33 30 24 16 17 20 17 16 11 12 10 
63 58 55 49 42 38 34 31 27 24 20 17 14 12 10 
63 58 56 51 42 38 34 31 27 24 20 17 14 12 11 6 8 10 
63 58 56 40 39 33 30 24 20 24 16 11 12 10 
63 58 56 40 39 33 30 24 20 24 27 22 21 17 14 12 10 
63 58 56 40 39 38 34 31 27 24 20 17 16 11 6 8 10 
63 58 56 40 39 38 34 31 27 24 20 24 27 22 21 17 14 12 10 
63 58 56 40 39 33 30 24 16 17 20 17 14 12 11 6 8 10 
63 58 56 40 32 28 25 18 16 17 20 24 27 22 21 17 14 12 10 
63 58 56 40 32 28 26 23 24 20 17 16 18 13 11 12 10 
63 66 62 61 41 40 39 33 30 24 20 24 16 17 14 12 10 
63 58 56 40 39 33 30 24 20 24 16 17 14 12 10 
63 58 56 40 39 33 30 24 16 17 20 17 16 11 6 8 10 
---------------
Request id 24
59 56 40 41 46 54 62 61 41 40 32 28 25 18 13 3 6 8 10 
59 56 51 42 49 55 58 63 66 62 54 46 41 40 32 28 25 18 13 11 12 10 
59 56 58 63 66 62 61 41 40 39 33 30 24 16 17 14 12 10 
59 56 51 42 49 55 58 63 66 62 61 41 40 32 28 25 18 16 11 12 10 
59 56 58 63 66 67 68 65 54 62 61 41 40 32 28 25 18 13 11 12 10 
59 56 58 63 66 67 68 65 54 62 61 41 40 39 33 30 24 16 11 6 8 10 
59 61 41 46 54 65 68 67 66 62 61 41 40 32 28 25 18 16 11 12 10 
59 56 58 63 66 67 68 65 54 62 61 41 40 32 28 25 18 13 3 6 8 10 
59 61 62 61 41 40 32 28 25 18 13 11 12 10 
59 56 40 41 61 62 61 41 40 39 33 30 24 16 17 14 12 10 
59 56 58 63 66 62 61 41 40 32 28 25 18 13 11 12 10 
59 61 41 46 54 65 68 67 66 62 61 41 40 32 28 25 18 13 3 6 8 10 
59 56 51 42 38 39 40 41 61 62 61 59 56 40 32 28 25 18 16 11 12 10 
59 56 51 42 49 55 58 63 66 62 61 41 40 39 33 30 24 16 11 12 10 
59 61 41 46 54 62 61 41 40 32 28 25 18 13 3 6 8 10 
59 56 58 63 66 62 61 59 56 40 32 28 25 18 16 11 12 10 
59 61 41 46 54 62 54 46 41 40 32 28 25 18 13 11 12 10 
59 61 41 46 54 62 61 41 40 39 33 30 24 16 11 12 10 
59 56 58 63 66 62 54 46 41 40 32 28 25 18 13 11 12 10 
59 56 51 42 38 39 40 41 61 62 61 41 40 32 28 25 18 16 11 12 10 
59 56 40 41 61 62 61 41 40 39 33 30 24 20 17 14 12 10 
59 56 51 42 49 55 58 63 66 62 61 41 40 39 33 30 24 16 17 14 12 10 
59 61 41 46 54 65 68 67 66 62 61 41 40 32 28 25 18 13 11 12 10 
59 61 41 46 54 62 61 59 56 40 32 28 25 18 16 11 12 10 
59 56 51 42 38 39 40 41 61 62 61 41 40 39 33 30 24 16 11 12 10 
59 61 41 46 54 62 61 41 40 39 33 30 24 16 17 14 12 10 
59 56 58 63 66 67 68 65 54 62 54 46 41 40 32 28 25 18 13 11 12 10 
59 56 51 42 49 55 58 63 66 62 61 59 56 40 32 28 25 18 16 11 12 10 
59 56 51 42 38 39 40 41 61 62 54 46 41 40 39 33 30 24 16 11 12 10 
59 61 41 40 56 58 63 66 62 54 46 41 40 39 33 30 24 16 11 12 10 
59 56 51 42 38 39 40 41 61 62 61 41 40 39 33 30 24 20 17 14 12 10 
59 61 41 40 56 58 63 66 62 61 41 40 32 28 25 18 13 11 12 10 
59 56 51 42 38 39 40 41 61 62 54 46 41 40 32 28 25 18 13 11 12 10 
59 61 62 61 41 40 39 33 30 24 16 11 12 10 
59 61 62 61 41 40 39 33 30 24 20 17 14 12 10 
59 61 41 46 54 65 68 67 66 62 54 46 41 40 32 28 25 18 13 11 12 10 
59 56 40 41 46 54 62 54 46 41 40 39 33 30 24 16 11 12 10 
59 56 58 63 66 67 68 65 54 62 61 59 56 40 32 28 25 18 16 11 12 10 
59 61 41 40 56 58 63 66 62 54 46 41 40 32 28 25 18 13 11 12 10 
59 61 62 61 59 56 40 32 28 25 18 16 11 12 10 
---------------
Request id 11
70 74 73 72 71 69 67 68 65 64 65 54 46 48 44 45 37 36 29 25 
70 74 73 72 71 69 68 67 66 62 54 65 64 65 54 62 61 41 40 32 28 25 
70 74 73 72 71 69 67 68 65 54 46 48 57 60 64 65 54 46 48 44 45 37 36 29 25 
70 74 73 72 71 69 68 67 66 62 54 65 64 65 68 67 66 62 61 41 40 32 28 25 
70 74 73 72 71 69 67 68 65 54 46 48 57 60 64 65 54 46 41 61 59 56 40 32 28 25 
70 64 65 68 67 66 62 61 41 40 32 28 25 
70 74 73 72 71 69 67 68 65 54 46 48 57 60 64 60 57 48 46 41 40 32 28 25 
70 74 73 72 71 69 68 65 54 46 48 57 60 64 60 57 48 46 41 40 32 28 25 
70 74 73 72 71 69 68 67 66 62 54 46 48 57 60 64 65 54 46 48 44 45 37 36 29 25 
70 74 73 72 71 69 68 65 64 65 68 67 66 62 61 41 40 32 28 25 
70 74 73 72 71 69 68 65 64 60 57 48 44 45 37 36 29 25 
70 74 73 72 71 69 67 66 62 54 65 64 65 54 46 41 61 59 56 40 32 28 25 
70 74 73 72 71 69 67 68 65 54 46 48 57 60 64 65 54 62 61 59 56 40 32 28 25 
70 74 73 72 71 69 68 65 54 46 48 57 60 64 60 57 48 44 45 37 36 29 25 
70 74 73 72 71 69 68 65 64 65 54 62 61 59 56 40 32 28 25 
70 74 73 72 71 69 68 67 66 62 54 46 48 57 60 64 65 68 67 66 62 61 41 40 32 28 25 
70 74 73 72 71 69 67 68 65 54 46 48 57 60 64 65 68 67 66 62 61 41 40 32 28 25 
70 74 73 72 71 69 68 67 66 62 54 65 64 60 57 48 44 45 37 36 29 25 
70 74 73 72 71 69 67 66 62 54 46 48 57 60 64 65 54 46 41 61 59 56 40 32 28 25 
70 74 73 72 71 69 68 67 66 62 54 46 48 57 60 64 60 57 48 46 41 40 32 28 25 
70 74 73 72 71 69 67 66 62 61 41 46 54 65 64 60 57 48 46 41 40 32 28 25 
70 64 65 54 62 61 59 56 40 32 28 25 
70 74 73 72 71 69 68 65 54 46 48 57 60 64 65 54 46 41 40 32 28 25 
70 74 73 72 71 69 68 67 66 62 54 46 48 57 60 64 65 54 46 41 61 59 56 40 32 28 25 
70 74 73 72 71 69 68 67 66 62 54 46 48 57 60 64 65 54 62 61 41 40 32 28 25 
70 74 73 72 71 69 67 68 65 64 65 54 62 61 59 56 40 32 28 25 
70 74 73 72 71 69 68 65 54 46 48 57 60 64 65 54 62 61 41 40 32 28 25 
70 74 73 72 71 69 68 65 54 46 48 57 60 64 65 54 46 41 61 59 56 40 32 28 25 
70 74 73 72 71 69 67 66 62 54 46 48 57 60 64 65 54 62 61 41 40 32 28 25 
70 64 65 54 46 41 40 32 28 25 
70 74 73 72 71 69 67 66 62 54 46 48 57 60 64 60 57 48 46 41 40 32 28 25 
70 74 73 72 71 69 67 66 62 54 46 48 57 60 64 65 54 46 41 40 32 28 25 
70 74 73 72 71 69 68 65 54 46 48 57 60 64 65 68 67 66 62 61 41 40 32 28 25 
70 74 73 72 71 69 67 66 62 61 41 46 54 65 64 65 54 46 41 61 59 56 40 32 28 25 
70 74 73 72 71 69 67 66 62 54 65 64 65 68 67 66 63 58 56 40 32 28 25 
70 64 60 57 48 44 45 37 36 29 25 
70 74 73 72 71 69 67 66 62 54 65 64 65 54 62 61 41 40 32 28 25 
70 74 73 72 71 69 67 68 65 54 46 48 57 60 64 60 57 48 44 45 37 36 29 25 
70 74 73 72 71 69 68 67 66 62 54 65 64 65 68 67 66 63 58 56 40 32 28 25 
70 74 73 72 71 69 67 68 65 64 65 54 46 41 40 32 28 25 
---------------
Request id 26
9 2 0 5 3 13 11 16 18 15 19 29 25 28 32 40 41 46 54 46 48 44 45 37 35 32 40 41 40 32 28 25 18 13 0 5 
9 2 0 5 3 13 18 25 29 19 29 36 37 35 32 40 41 61 62 54 46 41 40 32 28 25 18 13 0 5 
9 2 0 5 3 13 18 25 29 19 29 25 28 32 35 37 45 44 48 46 54 46 41 40 39 33 30 24 16 11 13 3 5 
9 2 0 13 18 15 19 29 36 37 35 32 40 41 61 62 54 62 66 63 58 56 59 61 41 40 39 33 30 24 16 18 13 0 5 
9 15 18 25 29 19 29 25 28 32 35 37 45 44 48 46 54 65 64 60 57 48 46 41 40 32 28 25 18 13 3 5 
9 2 0 5 3 13 11 16 18 15 19 29 25 28 32 35 37 45 44 48 46 54 65 68 69 67 66 62 61 41 40 39 33 30 24 16 18 13 3 5 
9 2 0 5 3 6 11 13 18 15 19 15 18 25 28 32 40 56 59 61 62 54 46 41 40 39 33 30 24 16 18 13 3 5 
9 2 0 13 18 25 29 19 29 36 37 35 32 40 41 61 62 54 65 68 67 66 63 58 56 40 41 40 32 28 25 18 16 11 6 3 5 
9 2 0 5 3 13 18 15 19 29 25 28 32 35 37 45 44 48 46 54 62 66 63 58 56 40 41 40 39 33 30 24 16 18 13 0 5 
9 2 0 13 11 16 18 25 29 19 29 25 28 32 40 41 46 54 46 41 40 32 28 25 18 16 11 6 3 5 
9 2 0 13 11 16 18 15 19 29 25 28 32 40 56 59 61 62 54 65 68 67 66 62 61 41 40 32 28 25 18 16 11 13 0 5 
9 2 0 13 18 25 29 19 15 18 25 28 32 40 41 46 54 46 48 44 45 37 35 32 40 41 40 39 33 30 24 16 18 13 3 5 
9 2 0 13 18 25 29 19 29 36 37 45 44 48 46 54 65 68 67 66 63 58 56 40 41 40 32 28 25 18 13 3 5 
9 15 18 25 29 19 29 36 37 35 32 40 41 61 62 54 62 66 63 58 56 59 61 41 40 32 28 25 18 13 0 5 
9 2 0 13 18 25 29 19 29 36 37 45 44 48 46 54 62 61 59 56 40 41 40 32 28 25 18 16 11 13 0 5 
9 2 0 5 3 13 18 15 19 29 25 28 32 40 41 46 54 62 66 63 58 56 40 41 40 39 33 30 24 16 11 6 3 5 
9 2 0 5 3 13 11 16 18 15 19 29 36 37 35 32 40 41 61 62 54 62 66 63 58 56 40 41 40 39 33 30 24 16 11 6 3 5 
9 2 0 13 18 25 29 19 29 36 37 35 32 40 41 46 54 46 48 44 45 37 35 32 40 41 40 32 28 25 18 16 11 13 3 5 
9 15 18 25 29 19 15 18 25 28 32 40 41 46 54 62 61 41 40 32 28 25 18 16 11 13 3 5 
9 2 0 13 18 15 19 29 25 28 32 40 41 61 62 54 62 66 63 58 56 40 41 40 32 28 25 18 13 0 5 
9 2 0 13 11 16 18 25 29 19 29 25 28 32 40 41 46 54 65 68 67 66 63 58 56 40 41 40 32 28 25 18 13 3 5 
9 2 0 5 3 13 11 16 18 15 19 29 36 37 35 32 40 41 46 54 62 61 59 56 40 41 40 39 33 30 24 16 11 13 0 5 
9 2 0 5 3 13 18 25 29 19 29 25 28 32 40 56 59 61 62 54 46 48 44 45 37 35 32 40 41 40 32 28 25 18 16 11 13 0 5 
9 2 0 13 11 16 18 25 29 19 15 18 25 28 32 40 41 46 54 65 68 69 67 66 62 61 41 40 39 33 30 24 16 11 13 0 5 
9 2 0 13 18 15 19 29 25 28 32 40 41 46 54 65 68 67 66 63 58 56 40 41 40 39 33 30 24 16 11 13 0 5 
9 2 0 13 18 15 19 15 18 25 28 32 40 56 59 61 62 54 65 68 67 66 62 61 41 40 32 28 25 18 16 11 13 0 5 
9 2 0 5 3 6 11 13 18 15 19 29 25 28 32 40 41 61 62 54 65 68 69 67 66 62 61 41 40 32 28 25 18 16 11 13 0 5 
9 2 0 5 3 13 11 16 18 15 19 29 36 37 35 32 40 41 46 54 65 68 67 66 62 61 41 40 32 28 25 18 13 3 5 
9 2 0 5 3 13 18 25 29 19 29 25 28 32 40 41 61 62 54 46 48 44 45 37 35 32 40 41 40 39 33 30 24 16 11 6 3 5 
9 2 0 13 11 16 18 25 29 19 29 36 37 45 44 48 46 54 46 48 44 45 37 35 32 40 41 40 32 28 25 18 13 3 5 
9 2 0 5 3 6 11 13 18 15 19 29 25 28 32 40 41 46 54 65 64 60 57 48 46 41 40 39 33 30 24 16 11 6 3 5 
9 2 0 13 18 25 29 19 15 18 25 28 32 40 41 61 62 54 65 68 67 66 62 61 41 40 39 33 30 24 16 18 13 3 5 
9 2 0 5 3 13 11 16 18 15 19 29 36 37 45 44 48 46 54 65 68 69 67 66 62 61 41 40 39 33 30 24 16 11 13 0 5 
9 15 19 15 18 25 28 32 40 41 61 62 54 62 66 63 58 56 40 41 40 32 28 25 18 13 0 5 
9 2 0 13 18 15 19 29 25 28 32 40 41 61 62 54 62 66 63 58 56 40 41 40 39 33 30 24 16 11 6 3 5 
9 2 0 13 18 15 19 29 25 28 32 40 41 61 62 54 65 64 60 57 48 46 41 40 32 28 25 18 13 3 5 
9 2 0 13 11 16 18 25 29 19 29 36 37 45 44 48 46 54 65 64 60 57 48 46 41 40 39 33 30 24 16 11 13 3 5 
9 2 0 13 11 16 18 25 29 19 15 18 25 28 32 40 56 59 61 62 54 62 61 59 56 40 41 40 39 33 30 24 16 18 13 0 5 
9 2 0 5 3 13 18 25 29 19 29 25 28 32 40 41 46 54 46 48 44 45 37 35 32 40 41 40 39 33 30 24 16 18 13 3 5 
9 2 0 13 11 16 18 25 29 19 29 25 28 32 40 41 61 62 54 65 64 60 57 48 46 41 40 32 28 25 18 16 11 13 0 5 
---------------
Request id 14
50 49 42 38 39 40 41 46 48 46 54 62 61 59 56 40 39 38 34 43 
50 49 42 51 56 40 41 46 48 46 41 40 39 38 34 43 
50 49 55 58 56 59 61 62 54 46 48 46 54 62 61 41 40 39 38 34 43 
50 49 42 38 39 40 41 46 48 46 41 40 39 38 34 43 
50 49 55 58 56 40 41 46 48 46 41 40 39 33 30 24 27 31 34 43 
50 49 55 58 63 66 62 61 41 46 48 46 54 62 61 41 40 39 38 34 43 
50 49 55 58 56 59 61 41 46 48 46 41 40 56 58 55 49 42 38 34 43 
50 49 42 51 56 40 41 46 48 46 41 40 56 51 42 38 34 43 
50 49 42 51 56 59 61 62 54 46 48 46 41 40 56 51 42 38 34 43 
50 49 42 51 56 59 61 41 46 48 46 41 61 59 56 51 42 38 34 43 
50 49 55 58 63 66 62 61 41 46 48 46 41 40 56 51 42 38 34 43 
50 49 42 51 56 40 41 46 48 46 54 62 61 41 40 39 38 34 43 
50 49 42 51 56 59 61 62 54 46 48 46 41 40 39 38 34 43 
50 49 55 58 56 40 41 46 48 46 41 61 59 56 51 42 38 34 43 
50 49 42 51 56 40 41 46 48 46 54 62 61 59 56 40 39 38 34 43 
50 53 52 47 43 34 38 39 40 41 46 48 46 41 40 56 58 55 49 42 38 34 43 
50 49 55 58 56 59 61 62 54 46 48 46 41 40 39 33 30 24 27 31 34 43 
50 49 42 51 56 59 61 62 54 46 48 46 54 62 61 59 56 40 39 38 34 43 
50 49 42 51 56 40 41 46 48 46 54 62 61 59 56 51 42 38 34 43 
50 49 55 58 56 59 61 41 46 48 46 41 40 56 51 42 38 34 43 
50 49 42 38 39 40 41 46 48 46 54 62 61 41 40 39 38 34 43 
50 53 52 47 43 34 38 39 40 41 46 48 46 54 62 61 59 56 40 39 38 34 43 
50 49 55 58 56 40 41 46 48 46 54 62 61 59 56 51 42 38 34 43 
50 53 52 47 43 34 38 39 40 41 46 48 46 41 61 59 56 51 42 38 34 43 
50 49 42 38 39 40 41 46 48 46 41 61 59 56 51 42 38 34 43 
50 49 55 58 63 66 62 61 41 46 48 46 41 61 59 56 40 39 38 34 43 
50 49 55 58 56 59 61 62 54 46 48 46 41 40 56 58 55 49 42 38 34 43 
50 49 42 51 56 59 61 62 54 46 48 46 41 61 59 56 51 42 38 34 43 
50 49 55 58 56 59 61 62 54 46 48 46 41 61 59 56 40 39 38 34 43 
50 49 42 51 56 59 61 41 46 48 44 45 37 35 32 40 39 38 34 43 
50 53 52 47 43 34 38 39 40 41 46 48 46 41 40 39 33 30 24 27 31 34 43 
50 49 55 58 56 40 41 46 48 46 41 40 56 58 55 49 42 38 34 43 
50 49 42 38 39 40 41 46 48 46 41 40 56 58 55 49 42 38 34 43 
50 53 52 47 43 34 38 39 40 41 46 48 44 45 37 35 32 40 39 38 34 43 
50 49 55 58 63 66 62 61 41 46 48 46 41 40 39 33 30 24 27 31 34 43 
50 49 42 51 56 40 41 46 48 44 45 37 35 32 40 39 38 34 43 
50 49 42 51 56 59 61 41 46 48 46 54 62 61 41 40 39 38 34 43 
50 53 52 47 43 34 38 39 40 41 46 48 46 54 62 61 59 56 51 42 38 34 43 
50 49 55 58 56 59 61 41 46 48 46 54 62 61 59 56 40 39 38 34 43 
50 49 55 58 56 40 41 46 48 46 54 62 61 41 40 39 38 34 43 
---------------
Request id 20
12 14 17 16 18 13 3 6 11 13 0 0 13 18 25 28 32 40 41 46 54 65 64 60 
12 11 13 3 6 8 10 12 11 13 0 0 13 18 25 28 32 40 41 46 48 57 60 
12 14 17 16 11 6 3 6 11 13 0 0 13 18 15 19 29 36 37 45 44 48 57 60 
12 14 17 16 11 6 3 6 11 13 0 0 13 18 25 28 32 35 37 45 44 48 57 60 
12 10 8 6 11 13 3 13 18 15 9 2 0 0 13 18 15 19 29 36 37 45 44 48 57 60 
12 11 13 0 5 3 13 0 0 13 18 25 29 36 37 45 44 48 57 60 
12 11 13 3 5 0 0 13 18 25 29 36 37 45 44 48 57 60 
12 11 16 18 13 3 13 0 0 13 11 16 24 30 33 39 40 41 46 48 57 60 
12 10 8 6 3 13 0 0 13 11 16 18 25 29 36 37 45 44 48 57 60 
12 11 13 3 13 11 16 18 15 9 2 0 0 13 18 15 19 29 36 37 45 44 48 57 60 
12 11 6 3 13 0 0 13 18 25 28 32 40 41 46 54 65 64 60 
12 10 8 6 11 13 3 6 11 13 18 15 9 2 0 0 13 18 25 28 32 40 41 46 48 57 60 
12 11 13 3 5 0 0 13 18 16 24 30 33 39 40 41 46 48 57 60 
12 10 8 7 4 1 3 13 18 15 9 2 0 0 13 18 15 19 29 36 37 45 44 48 57 60 
12 14 17 16 11 13 3 6 8 10 12 11 13 0 0 13 18 25 28 32 35 37 45 44 48 57 60 
12 10 8 6 11 13 3 1 4 7 8 6 11 13 0 0 13 18 25 28 32 35 37 45 44 48 57 60 
12 10 8 7 4 1 3 6 11 16 18 13 0 0 13 18 25 28 32 35 37 45 44 48 57 60 
12 10 8 7 4 1 3 13 18 15 9 2 0 0 13 18 16 24 30 33 39 40 41 46 48 57 60 
12 14 17 16 11 13 3 6 11 16 18 13 0 0 2 9 15 19 29 36 37 45 44 48 57 60 
12 14 17 16 11 6 3 13 0 0 13 18 25 29 36 37 45 44 48 57 60 
12 11 6 3 6 8 10 12 11 13 0 0 2 9 15 19 29 36 37 45 44 48 57 60 
12 14 17 16 11 6 3 6 8 10 12 11 13 0 0 13 11 16 24 30 33 39 40 41 46 48 57 60 
12 11 16 18 13 3 5 0 0 13 18 25 28 32 40 41 46 54 65 64 60 
12 10 8 6 11 13 3 13 18 15 9 2 0 0 13 18 25 28 32 40 41 46 48 57 60 
12 10 8 6 3 6 11 16 18 13 0 0 13 18 25 28 32 40 41 46 48 57 60 
12 11 13 0 5 3 5 0 0 13 18 16 24 30 33 39 40 41 46 48 57 60 
12 10 8 7 4 1 3 6 11 13 18 15 9 2 0 0 13 18 16 24 30 33 39 40 41 46 48 57 60 
12 10 8 6 11 13 3 1 4 7 8 6 11 13 0 0 13 18 25 28 32 40 41 46 48 57 60 
12 10 8 7 4 1 3 6 11 16 18 15 9 2 0 0 13 18 25 28 32 35 37 45 44 48 57 60 
12 10 8 6 3 13 0 0 13 11 16 24 30 33 39 40 41 46 48 57 60 
12 14 17 16 11 6 3 6 11 16 18 13 0 0 5 3 13 18 25 28 32 40 41 46 48 57 60 
12 11 16 18 13 3 6 8 10 12 11 13 0 0 5 3 13 18 25 28 32 40 41 46 48 57 60 
12 14 17 16 18 13 3 6 11 13 0 0 2 9 15 19 29 36 37 45 44 48 57 60 
12 11 6 3 13 18 15 9 2 0 0 13 18 25 28 32 40 41 46 48 57 60 
12 10 8 6 11 13 3 6 11 13 18 15 9 2 0 0 13 11 16 18 25 29 36 37 45 44 48 57 60 
12 14 17 16 11 6 3 6 11 13 18 15 9 2 0 0 5 3 13 18 25 28 32 40 41 46 48 57 60 
12 14 17 16 11 6 3 13 0 0 2 9 15 19 29 36 37 45 44 48 57 60 
12 10 8 7 4 1 3 6 11 13 18 15 9 2 0 0 13 11 16 24 30 33 39 40 41 46 48 57 60 
12 14 17 16 11 13 3 6 11 13 0 0 13 11 16 18 25 29 36 37 45 44 48 57 60 
12 10 8 6 3 6 11 16 18 15 9 2 0 0 13 18 25 28 32 35 37 45 44 48 57 60 
---------------
Request id 28
26 28 25 29 36 37 35 32 28 25 18 16 17 20 24 30 24 20 17 21 
26 23 24 16 18 25 29 36 37 35 32 28 25 18 13 11 16 24 30 24 23 26 28 25 18 16 17 21 
26 23 24 16 18 15 19 29 25 28 32 35 37 36 29 25 18 16 24 30 33 39 38 34 31 27 22 21 
26 23 24 16 18 15 19 29 25 28 32 40 56 51 42 38 34 31 27 24 30 24 27 22 21 
26 23 24 16 18 15 19 29 25 28 32 35 37 36 29 25 18 16 24 30 24 20 17 21 
26 23 24 16 18 25 29 36 37 35 32 28 25 18 16 24 30 33 39 38 34 31 27 22 21 
26 28 25 18 16 24 30 33 39 40 32 40 56 51 42 38 34 31 27 24 30 33 39 38 34 31 27 24 16 17 21 
26 23 24 16 11 13 18 25 28 32 40 39 33 30 24 16 18 13 11 12 14 17 21 
26 23 24 16 18 25 29 36 37 35 32 40 39 38 34 31 27 24 30 24 16 11 12 14 17 21 
26 23 24 16 11 13 18 25 28 32 35 37 36 29 25 18 16 24 30 33 39 38 34 31 27 24 16 17 21 
26 28 32 28 25 18 16 17 20 24 30 33 39 38 34 31 27 22 21 
26 23 24 16 18 15 19 29 25 28 32 28 25 29 19 15 18 16 24 30 24 27 22 21 
26 23 24 16 18 25 29 36 37 35 32 35 37 36 29 25 18 16 24 30 33 39 38 34 31 27 24 20 17 21 
26 28 25 29 36 37 35 32 40 56 51 42 38 39 33 30 33 39 38 34 31 27 24 16 17 21 
26 28 25 29 36 37 35 32 40 56 51 42 38 34 31 27 24 30 33 39 38 34 31 27 22 21 
26 23 24 16 18 15 19 29 25 28 32 28 25 18 16 17 20 24 30 24 20 17 21 
26 28 25 18 16 24 30 33 39 40 32 28 26 23 24 30 24 23 26 28 25 18 16 17 21 
26 23 24 16 18 25 28 32 40 39 33 30 33 39 38 34 31 27 24 20 17 21 
26 23 24 30 33 39 40 32 28 25 18 13 11 16 24 30 33 39 38 34 31 27 22 21 
26 23 24 30 33 39 40 32 28 25 29 19 15 18 16 24 30 33 39 40 32 28 25 18 16 17 21 
26 28 25 18 16 24 30 33 39 40 32 28 25 18 13 11 16 24 30 33 39 38 34 31 27 24 16 17 21 
26 23 24 16 11 13 18 25 28 32 28 26 23 24 30 24 20 17 21 
26 23 24 16 18 15 19 29 25 28 32 28 25 29 19 15 18 16 24 30 33 39 38 34 31 27 24 20 17 21 
26 23 24 16 18 25 29 36 37 35 32 40 39 38 34 31 27 24 30 24 20 17 21 
26 28 32 28 25 18 16 17 20 24 30 33 39 38 34 31 27 24 16 17 21 
26 23 24 30 33 39 40 32 28 26 23 24 30 24 23 26 28 25 18 16 17 21 
26 28 32 40 56 51 42 38 39 33 30 24 16 17 21 
26 23 24 16 18 25 29 36 37 35 32 40 56 51 42 38 34 31 27 24 30 33 39 38 34 31 27 22 21 
26 23 24 16 18 15 19 29 25 28 32 40 56 51 42 38 34 31 27 24 30 33 39 38 34 31 27 24 20 17 21 
26 28 25 18 16 24 30 33 39 40 32 40 56 51 42 38 34 31 27 24 30 24 16 18 13 11 12 14 17 21 
26 23 24 27 31 34 38 39 40 32 28 25 18 16 24 30 33 39 38 34 31 27 24 16 17 21 
26 23 24 16 18 15 19 29 25 28 32 40 39 38 34 31 27 24 30 24 16 11 12 14 17 21 
26 23 24 16 11 13 18 25 28 32 28 25 18 13 11 16 24 30 24 16 11 12 14 17 21 
26 23 24 27 31 34 38 39 40 32 28 25 18 16 17 20 24 30 24 20 17 21 
26 28 25 29 36 37 35 32 28 25 18 13 11 16 24 30 24 20 17 21 
26 28 32 40 56 51 42 38 39 33 30 24 20 17 21 
26 23 24 16 18 25 28 32 40 56 51 42 38 34 31 27 24 30 24 20 17 21 
26 23 24 27 31 34 38 39 40 32 40 39 38 34 31 27 24 30 24 16 17 21 
26 23 24 16 18 25 28 32 28 26 23 24 30 24 20 17 21 
26 23 24 16 18 15 19 29 25 28 32 28 25 18 16 24 30 33 39 38 34 31 27 24 20 17 21 
---------------
Request id 10
22 27 24 30 33 39 40 56 58 55 49 42 38 39 33 30 24 20 17 14 12 11 16 24 30 24 23 26 28 32 40 39 33 
22 27 31 34 38 42 51 56 58 55 49 42 38 34 31 27 24 20 17 16 18 25 28 26 23 24 30 24 16 17 21 22 27 31 34 38 39 33 
22 27 24 23 26 28 32 40 56 58 55 58 56 40 39 33 30 24 20 24 30 24 16 18 25 28 32 40 39 33 
22 27 31 34 38 39 40 56 58 55 58 56 51 42 38 34 31 27 24 20 17 14 12 11 13 18 16 24 30 24 27 31 34 38 42 51 56 40 39 33 
22 27 31 34 43 47 52 53 50 49 55 58 56 40 32 28 25 18 16 17 20 17 16 24 27 31 34 38 39 33 30 24 16 18 25 28 32 40 39 33 
22 27 24 23 26 28 32 40 56 58 55 58 56 40 39 38 34 31 27 24 20 17 14 12 11 16 24 30 24 16 18 15 19 29 25 28 32 40 39 33 
22 27 31 34 43 47 52 53 50 49 55 58 56 40 39 33 30 24 16 17 20 24 23 26 28 32 40 39 33 30 24 27 31 34 38 42 51 56 40 39 33 
22 27 31 34 38 42 51 56 58 55 58 56 51 42 38 34 31 27 24 20 24 23 26 28 32 40 39 33 30 24 23 26 28 32 40 39 33 
22 27 24 30 33 39 38 42 49 55 49 42 38 34 31 27 24 16 17 20 17 14 12 11 16 24 30 24 27 31 34 38 42 51 56 40 39 33 
22 27 31 34 43 47 52 53 50 49 55 58 56 40 39 33 30 24 20 24 27 31 34 38 39 33 30 24 27 31 34 38 39 33 
22 27 24 30 33 39 40 56 58 55 58 56 40 39 38 34 31 27 24 20 17 14 12 11 13 18 16 24 30 24 27 31 34 38 39 33 
22 27 31 34 38 42 49 55 49 42 38 34 31 27 22 21 17 20 24 23 26 28 32 40 39 33 30 24 23 26 28 32 40 39 33 
22 21 17 20 24 30 33 39 38 42 49 55 58 56 51 42 38 34 31 27 24 20 24 16 18 25 28 32 40 39 33 30 24 16 18 25 28 32 40 39 33 
22 27 31 34 38 39 40 56 58 55 49 42 38 34 31 27 22 21 17 20 17 14 12 11 13 18 16 24 30 24 27 31 34 38 42 51 56 40 39 33 
22 27 24 23 26 28 32 40 56 58 55 49 42 38 39 33 30 24 20 17 16 18 25 28 26 23 24 30 24 16 18 15 19 29 25 28 32 40 39 33 
22 27 31 34 38 39 40 56 51 42 49 55 49 42 38 34 31 27 24 16 17 20 24 30 24 16 11 13 18 25 28 32 40 39 33 
22 27 31 34 38 39 40 56 58 55 58 56 51 42 38 34 31 27 24 20 24 27 31 34 38 39 33 30 24 27 31 34 38 42 51 56 40 39 33 
22 27 31 34 43 47 52 53 50 49 55 58 56 40 32 28 25 18 16 17 20 24 23 26 28 32 40 39 33 30 24 20 17 21 22 27 31 34 38 39 33 
22 27 24 30 33 39 38 42 49 55 58 56 51 42 38 34 31 27 24 20 17 16 24 30 24 23 26 28 32 40 39 33 
22 27 31 34 38 42 49 55 58 56 40 32 28 26 23 24 20 24 23 26 28 32 40 39 33 30 24 16 18 25 28 32 40 39 33 
22 27 31 34 38 39 40 56 58 55 49 42 38 34 31 27 24 16 17 20 24 16 18 25 28 32 40 39 33 30 24 20 17 16 18 25 28 32 40 39 33 
22 27 31 34 38 39 40 56 51 42 49 55 49 42 38 39 33 30 24 20 17 16 24 27 31 34 38 39 33 30 24 20 17 21 22 27 31 34 38 39 33 
22 21 17 20 24 30 33 39 38 42 49 55 58 56 51 42 38 34 31 27 24 20 17 16 24 27 31 34 38 39 33 30 24 20 17 16 18 25 28 32 40 39 33 
22 27 31 34 38 39 40 56 51 42 49 55 58 56 40 39 38 34 31 27 24 20 17 16 18 25 28 26 23 24 30 24 16 18 15 19 29 25 28 32 40 39 33 
22 27 31 34 38 42 49 55 58 56 40 39 33 30 24 20 17 21 22 27 24 30 24 16 11 13 18 25 28 32 40 39 33 
22 27 31 34 38 39 40 56 51 42 49 55 58 56 40 39 33 30 24 16 17 20 24 27 31 34 38 39 33 30 24 20 17 21 22 27 31 34 38 39 33 
22 27 31 34 38 39 40 56 51 42 49 55 58 56 40 39 33 30 24 20 17 14 12 11 16 24 30 24 27 31 34 38 39 33 
22 27 31 34 38 42 49 55 49 42 38 39 33 30 24 20 24 30 24 23 26 28 32 40 39 33 
22 21 17 16 24 30 33 39 40 56 58 55 49 42 38 39 33 30 24 20 17 16 24 30 24 16 18 25 28 32 40 39 33 
22 27 31 34 38 39 40 56 58 55 58 56 40 39 33 30 24 16 17 20 24 23 26 28 32 40 39 33 30 33 
22 27 24 30 33 39 40 56 58 55 49 42 38 39 33 30 24 20 17 21 22 27 24 30 24 23 26 28 32 40 39 33 
22 21 17 20 24 30 33 39 38 42 49 55 49 42 38 34 31 27 24 16 17 20 24 27 31 34 38 39 33 30 24 27 31 34 38 39 33 
22 27 31 34 38 42 51 56 58 55 58 56 40 32 28 26 23 24 20 24 23 26 28 32 40 39 33 30 24 27 31 34 38 39 33 
22 27 31 34 38 39 40 56 51 42 49 55 49 42 38 34 31 27 22 21 17 20 17 14 12 11 16 24 30 24 16 18 15 19 29 25 28 32 40 39 33 
22 21 17 16 24 30 33 39 40 56 58 55 58 56 40 39 33 30 24 16 17 20 17 14 12 11 13 18 16 24 30 33 
22 27 31 34 38 42 49 55 58 56 40 39 33 30 24 20 24 16 18 25 28 32 40 39 33 30 24 27 31 34 38 42 51 56 40 39 33 
22 27 31 34 38 39 40 56 58 55 49 42 38 34 31 27 24 20 17 16 24 27 31 34 38 39 33 30 24 27 31 34 38 42 51 56 40 39 33 
22 27 31 34 38 39 40 56 51 42 49 55 58 56 40 39 38 34 31 27 24 20 24 27 31 34 38 39 33 30 24 16 18 15 19 29 25 28 32 40 39 33 
22 27 24 30 33 39 38 42 49 55 58 56 40 32 28 25 18 16 17 20 17 16 24 30 24 16 17 21 22 27 31 34 38 39 33 
22 27 24 30 33 39 40 56 58 55 58 56 40 32 28 26 23 24 20 24 27 31 34 38 39 33 30 24 16 18 15 19 29 25 28 32 40 39 33 
---------------
Request id 23
42 49 55 58 63 66 62 61 59 56 51 42 49 50 53 52 47 52 53 50 49 42 38 39 40 32 35 37 
42 38 39 40 41 46 54 62 61 59 56 51 42 49 50 53 52 47 52 53 50 49 42 38 39 40 32 35 37 
42 51 56 59 61 62 66 63 58 55 49 42 38 34 43 47 43 34 31 27 24 23 26 28 32 35 37 
42 49 55 58 63 66 62 61 59 56 40 39 38 34 43 47 52 53 50 49 55 58 56 40 32 35 37 
42 51 56 40 41 46 54 62 66 63 58 56 40 39 38 34 43 47 43 34 31 27 24 23 26 28 32 35 37 
42 38 39 40 56 59 61 62 61 59 56 40 39 38 34 43 47 43 34 31 27 24 23 26 28 32 35 37 
42 51 56 59 61 62 66 63 58 55 49 42 38 34 43 47 52 53 50 49 42 38 39 40 32 35 37 
42 38 39 40 41 61 62 61 59 56 40 39 38 34 43 47 43 34 31 27 24 23 26 28 32 35 37 
42 38 39 40 41 61 62 66 63 58 55 49 42 38 34 43 47 43 34 38 42 49 55 58 56 40 32 35 37 
42 51 56 59 61 62 66 63 58 56 40 39 38 34 43 47 52 53 50 49 42 51 56 40 32 35 37 
42 49 55 58 63 66 62 66 63 58 55 49 50 53 52 47 52 53 50 49 42 51 56 40 32 35 37 
42 38 39 40 56 59 61 62 66 63 58 56 51 42 38 34 43 47 52 53 50 49 42 38 39 40 32 35 37 
42 51 56 40 41 61 62 66 63 58 55 49 50 53 52 47 43 34 38 39 40 41 46 48 44 45 37 
42 51 56 40 41 46 54 62 66 63 58 55 49 42 38 34 43 47 52 53 50 49 55 58 56 40 32 35 37 
42 38 39 40 41 46 54 62 61 59 56 51 42 38 34 43 47 52 53 50 49 55 58 56 40 32 35 37 
42 51 56 59 61 62 61 41 40 56 51 42 38 34 43 47 43 34 31 27 24 23 26 28 32 35 37 
42 49 55 58 63 66 62 66 63 58 56 51 42 38 34 43 47 52 53 50 49 42 38 39 40 32 35 37 
42 51 56 59 61 62 66 63 58 55 49 42 38 34 43 47 43 34 38 39 40 32 35 37 
42 38 39 40 56 59 61 62 61 59 56 51 42 38 34 43 47 43 34 38 39 40 32 35 37 
42 38 39 40 41 61 62 61 41 40 56 51 42 38 34 43 47 52 53 50 49 42 38 39 40 32 35 37 
42 49 55 58 63 66 62 66 63 58 55 49 50 53 52 47 43 34 38 39 40 32 35 37 
42 38 39 40 41 61 62 61 59 56 40 39 38 34 43 47 43 34 38 39 40 41 46 48 44 45 37 
42 38 39 40 41 46 54 62 61 41 40 56 51 42 38 34 43 47 43 34 31 27 24 16 18 25 29 36 37 
42 51 56 58 63 66 62 61 59 56 51 42 38 34 43 47 43 34 38 39 40 41 46 48 44 45 37 
42 51 56 58 63 66 62 66 63 58 56 51 42 38 34 43 47 52 53 50 49 42 51 56 40 32 35 37 
42 51 56 40 41 61 62 61 59 56 51 42 38 34 43 47 43 34 38 39 40 32 35 37 
42 49 55 58 56 59 61 62 61 59 56 51 42 38 34 43 47 43 34 38 39 40 41 46 48 44 45 37 
42 51 56 40 41 46 54 62 66 63 58 56 40 39 38 34 43 47 43 34 38 42 49 55 58 56 40 32 35 37 
42 51 56 58 63 66 62 61 59 56 40 39 38 34 43 47 43 34 31 27 24 16 18 25 29 36 37 
42 51 56 58 63 66 62 66 63 58 55 49 50 53 52 47 43 34 38 39 40 32 28 25 29 36 37 
42 51 56 59 61 62 66 63 58 56 51 42 38 34 43 47 43 34 38 39 40 32 28 25 29 36 37 
42 49 55 58 63 66 62 66 63 58 55 49 50 53 52 47 52 53 50 49 42 38 39 40 32 35 37 
42 51 56 59 61 62 61 41 40 39 38 34 43 47 52 53 50 49 42 38 39 40 32 35 37 
42 38 39 40 56 59 61 62 54 46 41 40 39 38 34 43 47 43 34 38 39 40 41 46 48 44 45 37 
42 49 55 58 56 59 61 62 66 63 58 55 49 42 38 34 43 47 43 34 38 39 40 32 28 25 29 36 37 
42 38 39 40 41 46 54 62 66 63 58 55 49 50 53 52 47 52 53 50 49 42 51 56 40 32 35 37 
42 49 55 58 63 66 62 66 63 58 56 40 39 38 34 43 47 43 34 38 39 40 32 28 25 29 36 37 
42 49 55 58 63 66 62 61 41 40 39 38 34 43 47 43 34 38 39 40 32 28 25 29 36 37 
42 51 56 59 61 62 66 63 58 56 51 42 38 34 43 47 52 53 50 49 42 51 56 40 32 35 37 
42 51 56 58 63 66 62 61 59 56 40 39 38 34 43 47 52 53 50 49 42 51 56 40 32 35 37 
---------------
Request id 19
23 26 28 32 40 56 59 61 62 54 62 66 63 58 55 49 42 38 39 33 30 24 20 17 21 22 27 31 34 38 
23 24 30 33 39 40 41 61 62 54 46 41 40 56 51 42 38 39 33 30 24 16 17 20 24 23 26 28 32 40 39 38 
23 24 30 33 39 40 56 59 61 62 54 65 68 67 66 62 61 41 40 39 40 32 28 25 18 16 24 20 17 16 24 30 33 39 38 
23 26 28 32 40 56 59 61 62 54 65 68 67 66 62 61 41 40 39 33 30 24 16 11 12 14 17 20 17 21 22 27 24 30 33 39 38 
23 24 27 31 34 38 39 40 41 46 54 62 61 59 56 51 42 38 39 38 34 31 27 24 16 17 20 24 27 31 34 38 
23 26 28 32 40 56 59 61 41 46 54 62 66 63 58 56 51 42 38 39 38 34 31 27 24 20 24 30 33 39 40 56 51 42 38 
23 24 27 31 34 38 39 40 41 46 54 62 66 63 58 56 51 42 38 39 40 32 28 25 18 16 17 20 17 21 22 27 31 34 38 
23 24 30 33 39 40 56 59 61 62 54 62 61 59 56 40 39 38 34 31 27 24 16 17 20 17 16 24 27 31 34 38 
23 26 28 32 40 41 46 54 62 66 63 58 55 49 42 38 39 38 34 31 27 22 21 17 20 24 30 33 39 40 56 51 42 38 
23 26 28 32 40 56 59 61 41 46 54 65 68 67 66 62 61 41 40 39 33 30 24 27 22 21 17 20 17 16 24 27 31 34 38 
23 26 28 32 40 41 46 54 62 66 63 58 55 49 42 38 39 40 32 28 25 18 16 17 20 24 30 33 39 38 
23 26 28 32 40 56 58 63 66 62 54 62 66 63 58 56 51 42 38 39 40 32 28 26 23 24 20 17 16 24 27 31 34 38 
23 26 28 32 40 56 59 61 62 54 62 61 59 56 51 42 38 39 40 32 28 25 18 16 24 20 24 30 33 39 38 
23 26 28 32 40 56 58 63 66 62 54 62 61 59 56 40 39 38 34 31 27 24 16 17 20 17 16 24 30 33 39 38 
23 26 28 32 40 56 58 63 66 62 54 46 41 40 56 51 42 38 39 33 30 24 20 17 16 18 25 28 32 40 39 38 
23 26 28 32 40 56 59 61 41 46 54 62 66 63 58 56 40 39 33 30 24 16 17 20 24 23 26 28 32 40 39 38 
23 24 27 31 34 38 39 40 41 46 54 46 41 40 56 51 42 38 39 40 32 28 26 23 24 20 24 30 33 39 40 56 51 42 38 
23 24 27 31 34 38 39 40 41 46 54 65 68 67 66 62 61 41 40 39 40 32 28 25 18 16 17 20 17 16 18 25 28 32 40 39 38 
23 24 30 33 39 40 41 46 54 65 68 67 66 62 61 41 40 39 33 30 24 20 24 16 17 21 22 27 31 34 38 
23 26 28 32 40 56 58 63 66 62 54 46 41 61 59 56 40 39 38 34 31 27 22 21 17 20 24 30 33 39 40 56 51 42 38 
23 24 27 31 34 38 39 40 41 46 54 62 61 41 40 39 40 32 28 25 18 16 17 20 17 21 22 27 24 30 33 39 38 
23 24 30 33 39 40 56 59 61 62 54 62 66 63 58 56 51 42 38 39 33 30 24 16 11 12 14 17 20 17 16 24 27 31 34 38 
23 26 28 32 35 37 45 44 48 46 54 62 66 63 58 55 49 42 38 39 33 30 24 20 24 30 33 39 40 56 51 42 38 
23 26 28 32 40 56 59 61 41 46 54 46 41 40 39 38 34 31 27 24 20 17 16 24 30 33 39 38 
23 26 28 32 40 56 59 61 62 54 46 41 61 59 56 40 39 40 32 28 26 23 24 20 24 23 26 28 32 40 39 38 
23 24 30 33 39 40 41 61 62 54 62 66 63 58 56 40 39 38 34 31 27 22 21 17 20 24 27 31 34 38 
23 26 28 32 40 56 59 61 62 54 65 68 67 66 62 61 41 40 39 33 30 24 27 22 21 17 20 17 16 18 25 28 32 40 39 38 
23 24 30 33 39 40 56 59 61 62 54 65 68 67 66 62 61 41 40 39 33 30 24 16 17 20 17 21 22 27 31 34 38 
23 26 28 32 40 41 61 62 54 62 66 63 58 55 49 42 38 39 33 30 24 16 17 20 24 27 31 34 38 
23 24 27 31 34 38 39 40 41 46 54 62 61 59 56 51 42 38 39 38 34 31 27 24 16 17 20 24 30 33 39 40 56 51 42 38 
23 26 28 32 35 37 45 44 48 46 54 62 66 63 58 55 49 42 38 39 40 32 28 25 18 16 17 20 17 21 22 27 31 34 38 
23 26 28 32 40 56 59 61 41 46 54 62 61 41 40 39 38 34 31 27 22 21 17 20 24 30 33 39 40 56 51 42 38 
23 24 30 33 39 40 41 46 54 62 61 59 56 40 39 40 32 28 26 23 24 20 24 30 33 39 38 
23 26 28 32 40 56 59 61 41 46 54 62 61 59 56 40 39 33 30 24 20 24 16 17 21 22 27 31 34 38 
23 24 27 31 34 38 39 40 41 46 54 62 66 63 58 56 40 39 40 32 28 25 18 16 17 20 17 21 22 27 24 30 33 39 38 
23 24 30 33 39 40 41 61 62 54 62 61 59 56 40 39 33 30 24 20 17 21 22 27 31 34 38 
23 24 27 31 34 38 39 40 41 46 54 46 41 40 39 38 34 31 27 22 21 17 20 17 16 18 25 28 32 40 39 38 
23 24 30 33 39 40 41 61 62 54 62 66 63 58 55 49 42 38 39 38 34 31 27 24 16 17 20 17 16 24 30 33 39 38 
23 26 28 32 40 56 58 63 66 62 54 62 61 59 56 51 42 38 39 33 30 24 16 11 12 14 17 20 24 30 33 39 40 56 51 42 38 
23 24 30 33 39 40 56 59 61 62 54 46 41 40 39 40 32 28 26 23 24 20 17 21 22 27 31 34 38 
---------------
Request id 6
72 71 69 68 65 54 46 41 40 39 33 30 24 20 17 16 24 23 26 28 32 40 56 
72 71 69 67 66 62 61 41 40 39 33 30 24 20 24 23 26 28 32 40 56 
72 71 69 67 68 65 54 46 41 40 39 33 30 24 20 24 16 18 25 28 32 40 56 
72 73 74 70 64 65 54 46 41 40 39 33 30 24 20 24 30 33 39 38 42 51 56 
72 71 69 67 66 62 61 41 40 32 28 26 23 24 20 24 30 33 39 38 42 51 56 
72 71 69 68 65 54 62 61 41 40 39 33 30 24 20 24 23 26 28 32 40 56 
72 73 74 70 64 65 54 46 41 40 39 33 30 24 20 24 23 26 28 32 40 56 
72 73 74 70 64 65 54 46 41 40 39 33 30 24 20 24 30 33 39 40 41 61 59 56 
72 71 69 67 66 62 61 41 40 32 28 26 23 24 20 17 16 18 25 28 32 40 56 
72 71 69 67 68 65 54 46 41 40 39 33 30 24 20 17 16 24 30 33 39 40 56 
72 71 69 67 66 62 61 41 40 39 33 30 24 20 17 16 18 25 28 32 40 56 
72 71 69 68 67 66 62 61 41 40 39 33 30 24 20 24 30 33 39 38 42 51 56 
72 71 69 67 66 62 61 41 40 32 28 26 23 24 20 24 30 33 39 40 56 
72 71 69 68 65 54 62 61 41 40 39 33 30 24 20 24 27 31 34 38 39 40 56 
72 71 69 67 66 62 61 41 40 32 28 26 23 24 20 17 16 24 30 33 39 40 56 
72 71 69 67 66 63 58 56 40 39 33 30 24 20 24 30 33 39 38 42 51 56 
72 71 69 68 65 54 46 41 40 39 33 30 24 20 24 30 33 39 40 56 
72 71 69 67 66 62 61 59 56 40 39 33 30 24 20 17 16 18 25 28 32 40 56 
72 71 69 67 66 62 54 46 41 40 39 33 30 24 20 17 16 24 23 26 28 32 40 56 
72 71 69 67 66 62 61 59 56 40 39 33 30 24 20 24 16 18 25 28 32 40 56 
72 71 69 67 66 62 61 59 56 40 39 33 30 24 20 17 16 24 23 26 28 32 40 56 
72 71 69 68 65 54 46 41 40 39 33 30 24 20 17 16 24 30 33 39 40 56 
72 71 69 68 67 66 62 61 41 40 39 33 30 24 20 24 27 31 34 38 42 51 56 
72 71 69 67 66 63 58 56 40 39 33 30 24 20 24 27 31 34 38 39 40 56 
72 71 69 68 67 66 62 61 41 40 39 33 30 24 20 17 16 18 25 28 32 40 56 
72 71 69 68 67 66 62 61 41 40 39 33 30 24 20 24 27 31 34 38 39 40 56 
72 71 69 67 66 63 58 56 40 39 33 30 24 20 24 30 33 39 40 56 
72 73 74 70 64 65 54 46 41 40 39 33 30 24 20 17 16 24 23 26 28 32 40 56 
72 73 74 70 64 65 54 46 41 40 39 33 30 24 20 24 16 18 25 28 32 40 56 
72 71 69 67 66 63 58 56 40 39 33 30 24 20 17 16 18 25 28 32 40 56 
72 71 69 67 68 65 54 46 41 40 39 33 30 24 20 17 16 18 25 28 32 40 56 
72 71 69 67 66 62 61 41 40 39 33 30 24 20 24 30 33 39 40 56 
72 71 69 67 66 62 61 41 40 32 28 26 23 24 20 24 27 31 34 38 42 51 56 
72 71 69 67 66 62 61 41 40 32 28 26 23 24 20 17 16 24 23 26 28 32 40 56 
72 71 69 68 67 66 62 61 41 40 39 33 30 24 20 24 30 33 39 40 56 
72 71 69 67 66 62 54 46 41 40 39 33 30 24 20 17 16 18 25 28 32 40 56 
72 71 69 67 66 62 61 59 56 40 39 33 30 24 20 24 30 33 39 38 42 51 56 
72 71 69 68 65 54 46 41 40 39 33 30 24 20 24 23 26 28 32 40 56 
72 71 69 67 66 62 61 41 40 39 33 30 24 20 24 16 18 25 28 32 40 56 
72 71 69 67 66 63 58 56 40 39 33 30 24 20 24 16 18 25 28 32 40 56 
---------------
Request id 7
23 24 20 17 16 18 13 11 16 18 15 19 29 25 28 32 35 37 45 
23 26 28 25 29 19 15 18 16 24 20 17 14 12 11 12 10 8 6 3 13 18 16 11 13 18 15 19 29 36 37 45 
23 24 27 22 21 17 16 18 16 17 14 12 11 16 24 23 26 28 25 29 36 37 45 
23 24 16 11 6 3 13 18 13 0 5 3 6 11 12 14 17 21 22 27 24 16 24 23 26 28 32 35 37 45 
23 26 28 25 29 19 15 18 16 24 20 17 14 12 11 16 18 25 28 32 35 37 45 
23 24 20 17 14 12 11 13 18 16 11 6 8 10 12 14 17 16 18 25 28 32 35 37 45 
23 24 16 17 14 12 11 13 18 13 3 6 8 10 12 11 13 18 16 18 25 29 36 37 45 
23 24 20 17 16 18 16 17 14 12 11 12 14 17 20 24 16 11 13 18 15 19 29 36 37 45 
23 24 16 17 14 12 11 13 18 13 3 6 8 10 12 11 16 11 13 18 25 29 36 37 45 
23 26 28 25 29 19 15 18 15 9 2 0 13 11 13 18 16 18 15 19 29 25 28 32 35 37 45 
23 24 20 17 14 12 11 13 18 13 3 6 11 6 3 13 18 16 24 23 26 28 32 35 37 45 
23 24 27 22 21 17 16 18 13 11 12 14 17 21 22 27 24 16 18 15 19 29 36 37 45 
23 26 28 25 29 19 15 18 15 9 2 0 13 11 16 18 25 29 36 37 45 
23 24 27 22 21 17 16 18 25 28 26 23 24 16 11 12 10 8 6 3 13 18 16 11 13 18 15 19 29 36 37 45 
23 26 28 25 29 19 15 18 13 11 13 18 16 11 13 18 25 29 36 37 45 
23 24 16 11 6 3 13 18 13 3 6 8 10 12 11 6 3 5 0 13 18 16 24 30 33 39 40 32 35 37 45 
23 24 20 17 14 12 11 13 18 16 11 12 14 17 16 11 13 18 15 19 29 36 37 45 
23 24 20 17 14 12 11 13 18 16 11 16 24 30 33 39 40 32 35 37 45 
23 24 16 17 14 12 11 13 18 13 3 6 11 12 14 17 21 22 27 24 16 11 13 18 25 28 32 35 37 45 
23 24 16 11 6 3 13 18 13 3 6 11 13 18 16 18 15 19 29 36 37 45 
23 26 28 25 29 19 15 18 13 3 6 11 12 14 17 20 24 16 18 15 19 29 36 37 45 
23 24 20 17 16 11 13 18 15 9 2 0 13 11 13 0 2 9 15 18 16 11 13 18 25 28 32 35 37 45 
23 24 16 17 14 12 11 13 18 16 11 16 24 23 26 28 25 29 36 37 45 
23 26 28 25 29 19 15 18 16 11 12 14 17 21 22 27 24 16 11 13 18 25 29 36 37 45 
23 24 16 17 14 12 11 13 18 13 3 6 8 10 12 11 13 0 2 9 15 18 16 11 13 18 15 19 29 36 37 45 
23 24 16 11 6 3 13 18 16 24 20 17 14 12 11 16 11 13 18 25 29 36 37 45 
23 26 28 25 18 16 24 20 17 14 12 11 12 14 17 20 24 16 11 13 18 25 28 32 35 37 45 
23 24 27 22 21 17 16 18 15 9 2 0 13 3 6 11 16 11 13 18 25 28 32 35 37 45 
23 24 16 11 13 18 16 17 14 12 11 16 24 23 26 28 32 35 37 45 
23 26 28 25 29 19 15 18 16 24 20 17 14 12 11 12 14 17 16 18 25 29 36 37 45 
23 24 16 17 14 12 11 13 18 16 11 16 18 25 28 32 35 37 45 
23 24 16 11 13 18 16 17 14 12 11 13 18 16 24 30 33 39 40 32 35 37 45 
23 26 28 25 18 15 9 2 0 13 3 6 11 6 8 10 12 14 17 16 24 30 33 39 40 32 35 37 45 
23 24 16 11 6 3 13 18 16 11 6 3 13 18 16 18 15 19 29 36 37 45 
23 24 20 17 16 11 13 18 13 0 5 3 6 11 12 10 8 6 3 13 18 16 11 13 18 25 28 32 35 37 45 
23 26 28 25 18 13 11 6 8 10 12 14 17 16 11 13 18 15 19 29 36 37 45 
23 26 28 25 18 15 9 2 0 13 11 12 14 17 20 24 16 18 15 19 29 36 37 45 
23 24 16 11 13 18 15 9 2 0 13 3 6 11 12 10 8 6 3 13 18 16 24 23 26 28 32 35 37 45 
23 26 28 25 18 16 24 20 17 14 12 11 12 14 17 16 11 13 18 25 29 36 37 45 
23 24 16 11 13 18 16 24 20 17 14 12 11 13 18 16 18 25 28 32 35 37 45 
---------------
Request id 9
34 38 39 40 56 51 42 49 50 53 52 47 43 34 31 27 24 16 18 13 3 1 4 
34 38 39 40 56 58 55 49 50 53 52 47 43 34 31 27 24 16 11 13 3 6 8 7 4 
34 31 27 24 30 33 39 40 56 58 55 49 50 53 52 47 43 34 31 27 24 16 18 13 3 1 4 
34 38 39 40 41 61 59 56 58 55 49 50 53 52 47 43 34 31 27 24 16 18 13 3 1 4 
34 38 39 40 56 51 42 49 50 53 52 47 43 34 38 39 33 30 24 16 11 6 3 1 4 
34 38 42 49 50 53 52 47 43 34 38 39 33 30 24 16 11 6 3 1 4 
34 31 27 24 30 33 39 38 42 49 50 53 52 47 43 34 31 27 24 16 11 13 3 1 4 
34 31 27 24 30 33 39 40 56 58 55 49 50 53 52 47 43 34 31 27 24 20 17 16 11 6 8 7 4 
34 38 42 51 56 58 55 49 50 53 52 47 43 34 31 27 24 16 11 6 3 1 4 
34 31 27 24 30 33 39 38 42 49 50 53 52 47 43 34 31 27 24 16 11 6 3 1 4 
34 31 27 24 30 33 39 40 56 58 55 49 50 53 52 47 43 34 38 39 33 30 24 16 11 6 3 1 4 
34 38 39 40 41 61 59 56 51 42 49 50 53 52 47 43 34 31 27 24 20 17 16 11 13 3 1 4 
34 43 47 43 34 31 27 24 16 11 6 3 1 4 
34 38 42 49 50 53 52 47 43 34 31 27 24 16 11 12 10 8 7 4 
34 38 39 40 41 61 59 56 51 42 49 50 53 52 47 43 34 31 27 24 16 11 13 3 1 4 
34 38 39 40 41 61 62 66 63 58 55 49 50 53 52 47 43 34 31 27 24 16 11 13 3 6 8 7 4 
34 38 39 40 56 58 55 49 50 53 52 47 43 34 31 27 24 16 11 13 3 1 4 
34 38 39 40 56 58 55 49 50 53 52 47 43 34 31 27 24 16 11 6 3 1 4 
34 38 39 40 41 61 59 56 51 42 49 50 53 52 47 43 34 38 39 33 30 24 16 11 6 3 1 4 
34 31 27 24 30 33 39 38 42 49 50 53 52 47 43 34 31 27 24 16 11 12 10 8 7 4 
34 38 39 40 56 51 42 49 50 53 52 47 43 34 31 27 24 16 11 6 8 7 4 
34 43 47 43 34 31 27 24 20 17 16 11 6 3 1 4 
34 43 47 43 34 31 27 24 16 11 13 3 6 8 7 4 
34 38 39 40 56 51 42 49 50 53 52 47 43 34 31 27 24 16 11 13 3 6 8 7 4 
34 38 39 40 41 61 59 56 58 55 49 50 53 52 47 43 34 31 27 24 16 11 13 3 6 8 7 4 
34 38 42 49 50 53 52 47 43 34 31 27 24 16 11 13 3 6 8 7 4 
34 38 39 40 41 61 59 56 51 42 49 50 53 52 47 43 34 31 27 24 16 11 12 10 8 7 4 
34 31 27 24 30 33 39 40 56 58 55 49 50 53 52 47 43 34 31 27 24 16 11 13 3 6 8 7 4 
34 38 42 51 56 58 55 49 50 53 52 47 43 34 31 27 24 16 11 12 10 8 7 4 
34 38 39 40 41 61 59 56 58 55 49 50 53 52 47 43 34 31 27 24 16 11 6 3 1 4 
34 31 27 24 30 33 39 40 56 58 55 49 50 53 52 47 43 34 31 27 24 16 11 6 8 7 4 
34 38 42 49 50 53 52 47 43 34 31 27 24 16 18 13 3 1 4 
34 38 39 40 56 58 55 49 50 53 52 47 43 34 38 39 33 30 24 16 11 6 3 1 4 
34 31 27 24 30 33 39 40 56 58 55 49 50 53 52 47 43 34 31 27 24 20 17 16 11 6 3 1 4 
34 38 42 49 50 53 52 47 43 34 31 27 24 16 11 13 3 1 4 
34 38 42 51 56 58 55 49 50 53 52 47 43 34 31 27 24 20 17 16 11 13 3 1 4 
34 38 39 40 41 61 59 56 58 55 49 50 53 52 47 43 34 31 27 24 20 17 16 11 6 3 1 4 
34 38 39 40 41 61 59 56 58 55 49 50 53 52 47 43 34 31 27 24 16 11 6 8 7 4 
34 38 39 40 56 51 42 49 50 53 52 47 43 34 31 27 24 16 11 13 3 1 4 
34 38 39 40 41 61 62 66 63 58 55 49 50 53 52 47 43 34 31 27 24 20 17 16 11 13 3 1 4 
---------------
Request id 16
56 40 32 28 26 23 24 30 33 39 40 56 51 42 38 34 31 27 22 
56 51 42 38 39 33 30 24 27 22 
56 58 63 66 62 54 46 41 40 39 33 30 24 16 17 21 22 
56 58 55 49 42 38 39 38 34 31 27 24 16 17 21 22 
56 58 63 66 62 61 41 40 39 38 34 31 27 22 
56 59 61 41 40 39 40 32 28 25 18 16 17 21 22 
56 58 63 66 62 54 46 41 40 39 38 34 31 27 22 
56 59 61 62 54 46 41 40 39 40 32 28 25 18 16 17 21 22 
56 58 55 49 42 38 39 33 30 24 20 17 21 22 
56 59 61 62 54 46 41 40 39 38 34 31 27 24 20 17 21 22 
56 40 32 28 25 18 16 24 30 33 39 33 30 24 16 17 21 22 
56 51 42 38 34 31 27 24 30 33 39 40 32 28 26 23 24 27 22 
56 59 61 62 54 46 41 40 39 38 34 31 27 24 16 17 21 22 
56 58 63 66 62 54 46 41 40 39 40 32 28 26 23 24 27 22 
56 59 61 41 40 39 40 32 28 25 18 16 24 27 22 
56 40 32 28 26 23 24 30 33 39 40 32 28 25 18 16 24 27 22 
56 40 32 28 25 18 16 24 30 33 39 40 32 28 25 18 16 17 21 22 
56 58 55 49 42 38 39 38 34 31 27 24 20 17 21 22 
56 51 42 38 34 31 27 24 30 33 39 40 56 51 42 38 34 31 27 22 
56 58 55 49 42 38 39 40 32 28 25 18 16 24 27 22 
56 51 42 38 39 38 34 31 27 24 20 17 21 22 
56 58 55 49 42 38 39 40 56 51 42 38 34 31 27 22 
56 40 32 28 26 23 24 30 33 39 33 30 24 27 22 
56 58 63 66 62 54 46 41 40 39 40 32 28 25 18 16 17 21 22 
56 58 63 66 62 61 41 40 39 33 30 24 20 17 21 22 
56 51 42 38 39 38 34 31 27 24 16 17 21 22 
56 58 63 66 62 61 41 40 39 40 56 51 42 38 34 31 27 22 
56 58 55 49 42 38 39 40 32 28 26 23 24 27 22 
56 51 42 38 39 38 34 31 27 22 
56 51 42 38 34 31 27 24 30 33 39 33 30 24 20 17 21 22 
56 40 39 38 34 31 27 22 
56 40 32 28 26 23 24 30 33 39 33 30 24 20 17 21 22 
56 40 32 28 25 18 16 24 30 33 39 38 34 31 27 22 
56 51 42 38 39 40 32 28 25 18 16 24 27 22 
56 58 63 66 62 54 46 41 40 39 38 34 31 27 24 20 17 21 22 
56 58 63 66 62 61 41 40 39 33 30 24 27 22 
56 51 42 38 34 31 27 24 30 33 39 38 34 31 27 22 
56 40 39 40 32 28 25 18 16 24 27 22 
56 58 63 66 62 54 46 41 40 39 40 56 51 42 38 34 31 27 22 
56 40 39 33 30 24 27 22 
---------------
Request id 25
15 18 16 11 6 3 13 3 5 0 13 18 25 28 32 40 41 61 
15 9 2 0 5 3 6 11 13 11 12 10 8 7 4 1 3 13 11 16 24 30 33 39 40 41 61 
15 19 29 25 18 13 11 12 10 8 6 3 6 11 13 18 25 28 32 40 41 61 
15 18 13 11 6 8 7 4 1 3 13 11 16 18 25 28 32 40 41 61 
15 18 16 11 13 11 6 3 13 11 16 18 25 28 32 40 41 61 
15 18 16 11 6 3 5 0 13 11 12 10 8 6 3 13 11 16 18 25 28 32 40 41 61 
15 18 16 11 6 3 5 0 13 11 12 10 8 7 4 1 3 13 11 16 24 30 33 39 40 41 61 
15 18 16 11 6 3 5 0 13 11 6 3 13 18 25 28 32 40 56 59 61 
15 9 2 0 5 3 13 11 6 8 7 4 1 3 6 11 16 24 23 26 28 32 40 41 61 
15 9 2 0 5 3 13 11 12 10 8 7 4 1 3 6 11 13 18 25 28 32 40 41 61 
15 18 16 11 6 3 5 0 13 18 16 11 6 3 13 18 25 28 32 40 41 61 
15 18 16 11 6 3 13 11 6 8 7 4 1 3 13 18 16 24 30 33 39 40 41 61 
15 19 29 25 18 13 11 6 8 7 4 1 3 6 11 13 18 25 28 32 40 41 61 
15 19 29 25 18 13 11 6 8 7 4 1 3 13 18 25 28 32 40 56 59 61 
15 18 16 17 14 12 11 13 18 15 9 2 0 5 3 13 11 16 24 30 33 39 40 41 61 
15 18 16 11 13 11 12 10 8 6 3 6 11 16 24 23 26 28 32 40 41 61 
15 19 29 25 18 13 3 13 11 16 18 25 28 32 40 41 61 
15 19 29 25 18 13 18 16 11 12 10 8 6 3 6 11 16 18 25 28 32 40 41 61 
15 19 29 25 18 16 11 13 3 13 18 16 24 30 33 39 40 41 61 
15 9 2 0 5 3 6 11 13 18 16 11 12 10 8 6 3 6 11 13 18 25 28 32 40 41 61 
15 19 29 25 18 13 18 16 17 14 12 11 6 3 6 11 16 24 23 26 28 32 40 41 61 
15 19 29 25 18 16 11 13 11 12 10 8 6 3 6 11 16 18 25 28 32 40 41 61 
15 9 2 0 13 18 15 9 2 0 5 3 13 11 16 24 30 33 39 40 41 61 
15 18 16 11 6 3 13 18 16 17 14 12 11 6 3 6 11 16 18 25 28 32 40 41 61 
15 18 13 0 5 3 13 18 25 28 32 40 56 59 61 
15 9 2 0 5 3 13 11 12 10 8 6 3 6 11 16 18 25 28 32 40 41 61 
15 9 2 0 5 3 6 11 13 18 16 17 14 12 11 6 3 13 18 16 24 30 33 39 40 41 61 
15 9 2 0 5 3 6 11 13 11 12 10 8 6 3 13 18 25 28 32 40 41 61 
15 18 13 11 6 3 6 11 16 18 25 28 32 40 41 61 
15 18 16 17 14 12 11 13 11 6 8 7 4 1 3 13 11 16 24 30 33 39 40 41 61 
15 9 2 0 13 11 6 8 7 4 1 3 13 11 16 24 30 33 39 40 41 61 
15 19 29 25 18 16 11 13 11 6 3 6 11 16 24 23 26 28 32 40 41 61 
15 18 13 11 6 3 5 0 13 18 25 28 32 40 41 61 
15 18 16 11 6 3 13 11 12 10 8 7 4 1 3 13 11 16 18 25 28 32 40 41 61 
15 18 16 17 14 12 11 13 11 6 8 7 4 1 3 13 11 16 18 25 28 32 40 41 61 
15 18 16 11 6 3 5 0 13 3 13 11 16 24 30 33 39 40 41 61 
15 9 2 0 13 18 16 11 12 10 8 6 3 6 11 16 24 30 33 39 40 41 61 
15 18 16 17 14 12 11 13 11 6 3 6 11 16 24 30 33 39 40 41 61 
15 18 13 0 5 3 6 11 16 24 30 33 39 40 41 61 
15 9 2 0 13 11 12 10 8 6 3 13 18 25 28 32 40 41 61 
---------------
Request id 12
6 11 13 3 1 4 7 8 6 3 13 18 25 28 32 40 41 46 48 57 60 64 70 
6 3 1 4 7 8 6 11 13 18 25 28 32 40 41 46 48 57 60 64 70 
6 11 16 18 13 3 1 4 7 8 6 11 13 18 25 28 32 40 41 46 54 65 64 70 
6 3 1 4 7 8 6 11 16 24 30 33 39 40 41 46 54 65 64 70 
6 3 1 4 7 8 6 11 16 24 30 33 39 40 41 61 62 54 65 64 70 
6 8 7 8 10 12 11 13 18 25 28 32 40 41 46 54 65 64 70 
6 11 13 0 5 3 1 4 7 8 6 11 16 24 30 33 39 40 41 61 62 54 65 64 70 
6 3 5 0 13 11 12 10 8 7 8 6 3 13 18 25 28 32 40 41 46 54 65 64 70 
6 11 12 10 8 7 8 6 11 16 24 30 33 39 40 41 46 54 65 64 70 
6 3 13 11 12 10 8 7 8 6 11 16 18 25 28 32 40 41 46 54 65 64 70 
6 3 5 0 13 11 12 10 8 7 8 6 11 16 24 30 33 39 40 41 61 62 54 65 64 70 
6 3 13 11 12 10 8 7 8 6 11 16 24 30 33 39 40 41 61 62 54 65 64 70 
6 3 13 11 12 10 8 7 8 6 3 13 18 25 28 32 40 41 46 54 65 64 70 
6 8 7 8 6 11 16 18 25 28 32 40 41 46 54 65 64 70 
6 11 13 3 1 4 7 8 6 11 16 24 30 33 39 40 41 46 54 65 64 70 
6 11 13 0 5 3 1 4 7 8 6 11 13 18 25 28 32 40 41 46 48 57 60 64 70 
6 3 13 11 12 10 8 7 8 6 11 13 18 25 28 32 40 41 46 48 57 60 64 70 
6 11 12 10 8 7 8 6 11 16 18 25 28 32 40 41 46 54 65 64 70 
6 3 5 0 13 11 12 10 8 7 8 6 3 13 18 25 28 32 40 41 46 48 57 60 64 70 
6 8 10 12 11 13 3 1 4 7 8 6 3 13 18 25 28 32 40 41 46 54 65 64 70 
6 8 10 12 11 13 3 1 4 7 8 6 11 16 24 30 33 39 40 41 61 62 54 65 64 70 
6 11 16 18 13 3 1 4 7 8 6 11 16 24 30 33 39 40 41 61 62 54 65 64 70 
6 3 1 4 7 8 6 3 13 18 25 28 32 40 41 61 62 54 65 64 70 
6 11 13 0 5 3 1 4 7 8 6 11 13 18 25 28 32 40 41 46 54 65 64 70 
6 11 13 3 1 4 7 8 10 12 11 13 18 25 28 32 40 41 46 54 65 64 70 
6 11 16 17 14 12 10 8 7 8 6 3 13 18 25 28 32 40 41 61 62 54 65 64 70 
6 8 10 12 11 13 3 1 4 7 8 6 11 13 18 25 28 32 40 41 46 48 57 60 64 70 
6 3 1 4 7 8 6 3 13 18 25 28 32 40 41 46 48 57 60 64 70 
6 11 13 0 5 3 1 4 7 8 6 3 13 18 25 28 32 40 41 46 54 65 64 70 
6 8 10 12 11 13 3 1 4 7 8 10 12 11 13 18 25 28 32 40 41 46 54 65 64 70 
6 11 13 3 1 4 7 4 1 3 13 18 25 28 32 40 41 46 54 65 64 70 
6 11 16 18 13 3 1 4 7 8 10 12 11 13 18 25 28 32 40 41 46 54 65 64 70 
6 3 13 11 12 10 8 7 8 10 12 11 13 18 25 28 32 40 41 46 54 65 64 70 
6 8 7 4 1 3 13 18 25 28 32 40 41 46 54 65 64 70 
6 11 13 3 1 4 7 8 6 11 16 18 25 28 32 40 41 46 54 65 64 70 
6 11 13 3 1 4 7 8 6 11 13 18 25 28 32 40 41 46 48 57 60 64 70 
6 3 1 4 7 8 6 11 13 18 25 28 32 40 41 46 54 65 64 70 
6 3 5 0 13 11 12 10 8 7 8 10 12 11 13 18 25 28 32 40 41 46 54 65 64 70 
6 11 13 3 1 4 7 8 6 3 13 18 25 28 32 40 41 46 54 65 64 70 
6 11 12 10 8 7 8 6 3 13 18 25 28 32 40 41 46 54 65 64 70 
---------------
Request id 1
49 55 58 56 40 39 33 30 24 16 18 15 9 2 0 13 3 6 11 16 18 13 11 12 14 17 20 24 
49 42 38 34 31 27 22 21 17 16 18 15 9 2 0 13 3 6 11 13 18 13 11 16 24 
49 42 38 34 31 27 24 20 17 16 18 16 24 20 17 14 12 11 12 10 8 6 3 13 18 13 11 12 14 17 16 24 
49 42 38 39 40 32 28 25 18 15 9 2 0 13 3 6 11 6 3 5 0 13 18 13 11 16 17 20 24 
49 42 38 39 33 30 24 20 17 16 18 15 9 2 0 13 11 16 18 16 17 21 22 27 24 
49 55 58 56 40 39 33 30 24 16 18 16 17 14 12 11 6 3 5 0 13 18 25 28 26 23 24 
49 55 58 56 40 32 28 25 18 16 24 20 17 14 12 11 13 18 13 11 12 14 17 16 24 
49 42 38 39 33 30 24 20 17 16 18 13 0 5 3 6 11 12 14 17 20 24 16 18 16 17 20 24 
49 42 38 34 31 27 24 20 17 16 18 13 3 6 8 10 12 11 6 3 5 0 13 18 16 17 20 24 
49 42 38 34 31 27 24 16 18 13 0 5 3 6 11 13 18 25 28 26 23 24 
49 55 58 56 40 32 28 25 18 13 0 5 3 6 11 12 14 17 20 24 16 18 13 11 16 17 20 24 
49 42 38 39 40 32 28 25 18 13 11 6 3 13 18 13 11 12 14 17 16 24 
49 42 38 39 33 30 24 16 18 16 11 6 3 13 18 16 11 12 14 17 20 24 
49 42 38 34 31 27 22 21 17 16 18 13 11 12 14 17 16 18 13 3 6 11 16 24 
49 42 38 39 40 32 28 25 18 16 24 20 17 14 12 11 12 14 17 16 18 16 17 21 22 27 24 
49 42 38 34 31 27 24 20 17 16 18 16 11 6 3 13 18 25 28 26 23 24 
49 42 38 34 31 27 24 16 11 13 18 16 17 14 12 11 6 3 5 0 2 9 15 18 13 3 6 11 16 24 
49 42 38 34 31 27 24 16 11 13 18 13 11 13 18 13 11 12 14 17 16 24 
49 42 51 56 40 32 28 25 18 25 28 26 23 24 16 11 13 0 2 9 15 18 13 11 16 17 20 24 
49 42 38 39 33 30 24 20 17 16 18 25 28 26 23 24 16 11 13 0 2 9 15 18 16 17 20 24 
49 42 38 39 40 32 28 25 18 13 11 6 3 13 18 13 11 16 17 20 24 
49 42 38 34 31 27 24 20 17 16 18 15 9 2 0 13 3 6 11 12 14 17 16 18 13 11 16 17 20 24 
49 55 58 56 40 32 28 25 18 13 0 5 3 6 11 16 24 23 26 28 25 18 16 17 21 22 27 24 
49 42 38 34 31 27 22 21 17 16 18 15 9 2 0 13 3 6 11 16 18 13 11 12 14 17 20 24 
49 42 51 56 40 32 28 25 18 15 9 2 0 13 3 6 11 6 3 13 18 25 28 26 23 24 
49 42 38 34 31 27 24 20 17 16 18 13 3 6 11 6 3 5 0 2 9 15 18 16 17 20 24 
49 42 38 34 31 27 24 20 17 16 18 15 9 2 0 13 3 6 11 6 3 13 18 16 11 12 14 17 20 24 
49 55 58 56 40 39 33 30 24 16 18 15 9 2 0 13 11 13 0 2 9 15 18 16 24 
49 42 38 39 33 30 24 20 17 16 18 16 24 20 17 14 12 11 16 24 23 26 28 25 18 25 28 26 23 24 
49 42 51 56 40 32 28 25 18 13 3 6 11 6 3 5 0 13 18 16 17 20 24 
49 55 58 56 40 32 28 25 18 13 3 6 8 10 12 11 12 14 17 16 18 13 11 16 17 20 24 
49 55 58 56 40 39 33 30 24 16 18 16 24 20 17 14 12 11 16 24 23 26 28 25 18 16 17 21 22 27 24 
49 42 38 34 31 27 24 20 17 16 18 16 17 14 12 11 6 3 5 0 2 9 15 18 13 3 6 11 16 24 
49 42 51 56 40 32 28 25 18 25 28 26 23 24 16 11 6 3 5 0 2 9 15 18 25 28 26 23 24 
49 55 58 56 40 32 28 25 18 16 11 6 3 13 18 16 17 21 22 27 24 
49 42 38 39 40 32 28 25 18 16 17 14 12 11 13 18 13 11 16 24 
49 42 38 39 40 32 28 25 18 15 9 2 0 13 3 6 11 16 24 23 26 28 25 18 13 3 6 11 16 24 
49 42 38 34 31 27 22 21 17 16 18 16 24 20 17 14 12 11 13 0 2 9 15 18 16 24 
49 42 38 34 31 27 24 16 11 13 18 16 11 12 14 17 16 18 13 11 12 14 17 16 24 
49 42 38 34 31 27 24 16 18 13 0 5 3 6 11 13 0 2 9 15 18 13 11 16 17 20 24 
---------------
Request id 15
10 12 14 17 16 18 13 3 13 18 25 28 32 40 41 61 62 54 46 41 40 39 38 34 31 27 24 20 17 16 18 13 11 12 
10 12 11 13 3 6 11 16 18 25 28 32 40 41 46 54 46 41 40 39 38 34 31 27 24 20 24 16 11 6 8 10 12 
10 8 6 11 16 18 13 3 6 11 16 24 30 33 39 40 41 46 54 46 41 40 39 33 30 24 20 17 21 22 27 24 16 11 12 
10 8 6 3 13 18 25 28 32 40 41 61 62 54 46 41 40 39 33 30 24 20 17 16 11 6 8 10 12 
10 8 7 4 1 3 13 11 16 18 25 28 32 40 41 46 54 46 41 40 39 33 30 24 20 24 16 17 14 12 
10 8 6 11 16 18 13 3 13 18 25 28 32 40 41 61 62 54 62 61 41 40 39 33 30 24 20 17 16 11 6 8 10 12 
10 8 6 3 6 11 13 18 25 28 32 40 41 46 54 46 41 40 32 28 26 23 24 16 17 20 24 16 11 6 8 10 12 
10 8 7 4 1 3 13 11 16 24 30 33 39 40 41 46 54 62 61 41 40 32 28 26 23 24 20 17 14 12 
10 12 14 17 16 11 6 3 13 18 25 28 32 40 41 61 62 54 46 41 40 39 33 30 24 16 17 20 24 16 18 13 11 12 
10 12 11 16 18 13 3 13 18 25 28 32 40 41 46 54 62 61 41 40 39 33 30 24 20 24 16 17 14 12 
10 8 6 3 13 11 16 24 30 33 39 40 41 46 54 46 41 40 32 28 25 18 16 17 20 17 21 22 27 24 16 11 12 
10 12 14 17 16 11 6 3 6 11 13 18 25 28 32 40 41 46 54 62 61 59 56 40 39 33 30 24 20 24 16 17 14 12 
10 8 7 4 1 3 13 18 16 24 30 33 39 40 41 46 54 46 41 40 32 28 25 18 16 24 20 17 16 11 12 
10 12 11 16 18 13 3 13 18 25 28 32 40 41 61 62 54 62 61 59 56 40 39 33 30 24 20 17 14 12 
10 12 11 13 3 13 18 16 24 30 33 39 40 41 46 54 46 41 40 32 28 26 23 24 16 17 20 17 14 12 
10 8 6 3 13 11 16 18 25 28 32 40 41 46 54 46 41 40 39 33 30 24 16 17 20 17 16 11 6 8 10 12 
10 8 6 3 5 0 13 18 25 28 32 40 41 46 54 62 61 59 56 40 39 33 30 24 20 17 14 12 
10 12 11 16 18 13 3 13 11 16 18 25 28 32 40 41 46 54 46 41 40 39 33 30 24 16 17 20 24 16 11 6 8 10 12 
10 12 11 6 3 13 18 16 24 30 33 39 40 41 46 54 62 61 41 40 39 33 30 24 20 24 16 17 14 12 
10 12 14 17 16 18 13 3 6 11 13 18 25 28 32 40 41 46 54 46 41 40 39 38 34 31 27 24 20 24 16 11 6 8 10 12 
10 12 11 6 3 5 0 13 18 25 28 32 40 41 46 54 46 41 40 39 33 30 24 20 24 16 11 6 8 10 12 
10 12 11 13 3 6 11 16 18 25 28 32 40 41 46 54 46 41 40 32 28 26 23 24 20 17 14 12 
10 8 7 4 1 3 13 11 16 18 25 28 32 40 41 46 54 62 61 59 56 40 39 33 30 24 20 24 16 17 14 12 
10 8 7 4 1 3 6 11 16 24 30 33 39 40 41 46 54 46 41 40 32 28 25 18 16 24 20 24 16 11 12 
10 12 11 6 3 13 18 25 29 36 37 45 44 48 46 54 46 41 40 32 28 25 18 16 24 20 17 16 18 13 11 12 
10 12 14 17 16 11 6 3 6 11 16 24 30 33 39 40 41 46 54 46 41 40 39 38 34 31 27 24 20 17 16 11 12 
10 12 14 17 16 11 6 3 5 0 13 18 25 28 32 40 41 46 54 46 41 40 32 28 25 18 16 24 20 24 16 11 12 
10 12 11 13 0 5 3 6 11 16 18 25 28 32 40 41 46 54 46 41 40 32 28 26 23 24 20 24 16 18 13 11 12 
10 12 11 13 0 5 3 13 11 16 18 25 28 32 40 41 46 54 62 61 59 56 40 39 33 30 24 20 24 16 11 12 
10 8 7 4 1 3 13 18 16 24 30 33 39 40 41 46 54 46 41 40 32 28 25 18 16 17 20 17 14 12 
10 8 6 3 5 0 13 18 25 28 32 40 41 46 54 62 61 59 56 40 39 33 30 24 20 17 21 22 27 24 16 11 12 
10 12 14 17 16 18 13 3 13 18 16 24 30 33 39 40 41 46 54 62 61 41 40 32 28 26 23 24 20 17 16 18 13 11 12 
10 12 11 6 3 6 11 16 24 30 33 39 40 41 46 54 46 41 40 32 28 26 23 24 20 24 16 11 12 
10 8 6 3 13 18 25 28 32 40 41 46 54 62 61 59 56 40 39 33 30 24 20 24 16 11 6 8 10 12 
10 8 6 11 16 18 13 3 6 11 16 24 30 33 39 40 41 46 54 46 41 40 32 28 25 18 16 24 20 17 14 12 
10 8 7 4 1 3 6 11 16 24 30 33 39 40 41 46 54 46 41 40 39 38 34 31 27 24 20 17 16 11 6 8 10 12 
10 8 6 11 16 18 13 3 6 11 13 18 25 28 32 40 41 46 54 46 41 40 32 28 26 23 24 20 24 16 18 13 11 12 
10 12 11 13 0 5 3 13 18 25 28 32 40 41 46 54 62 61 41 40 39 33 30 24 20 17 16 18 13 11 12 
10 12 11 13 3 5 0 13 18 25 28 32 40 41 46 54 62 61 41 40 32 28 26 23 24 20 24 16 18 13 11 12 
10 8 6 11 13 3 6 11 16 24 30 33 39 40 41 46 54 46 41 40 39 33 30 24 20 24 16 17 14 12 
---------------
Request id 18
58 56 40 39 38 42 49 55 55 49 42 38 34 43 47 52 53 50 49 42 51 56 58 63 66 67 
58 63 66 62 54 46 41 40 39 38 42 49 55 55 49 42 51 56 40 39 38 34 43 47 52 53 50 49 55 58 56 40 41 61 62 66 67 
58 55 55 58 56 51 42 38 34 43 47 52 53 50 49 55 58 63 66 67 
58 56 51 42 49 55 55 49 42 38 34 43 47 52 53 50 49 55 58 63 66 62 54 65 68 67 
58 63 66 62 54 46 41 40 39 38 42 49 55 55 58 63 66 62 61 59 56 51 42 49 50 53 50 49 42 51 56 40 41 61 62 66 67 
58 63 66 62 61 59 56 40 39 38 42 49 55 55 58 56 40 39 38 42 49 50 53 50 49 42 38 39 40 56 58 63 66 67 
58 63 66 62 61 41 40 56 51 42 49 55 55 58 56 40 39 38 42 49 50 53 50 49 42 51 56 58 63 66 67 
58 63 66 62 61 41 40 39 38 42 49 55 55 49 42 51 56 40 39 38 34 43 47 52 53 50 49 55 58 56 59 61 62 66 67 
58 63 66 62 61 59 56 51 42 49 55 55 58 56 59 61 41 40 39 38 42 49 50 53 50 49 42 38 39 40 56 58 63 66 67 
58 56 51 42 49 55 55 49 42 38 34 43 47 52 53 50 49 42 38 39 40 56 58 63 66 67 
58 56 40 39 38 42 49 55 55 49 42 51 56 40 39 38 34 43 47 52 53 50 49 55 58 56 40 41 61 62 66 67 
58 63 66 62 61 59 56 51 42 49 55 55 49 42 51 56 40 39 38 34 43 47 52 53 50 49 55 58 56 40 41 61 62 66 67 
58 56 51 42 38 34 43 47 52 53 50 49 55 55 58 63 66 62 61 41 40 39 38 42 49 50 53 50 49 42 51 56 59 61 62 66 67 
58 56 59 61 41 40 39 38 42 49 55 55 49 42 51 56 40 39 38 34 43 47 52 53 50 49 42 51 56 58 63 66 67 
58 63 66 62 61 41 40 39 38 42 49 55 55 58 56 51 42 49 50 53 50 49 42 51 56 40 41 61 62 66 67 
58 56 40 39 38 42 49 55 55 58 56 40 39 38 42 49 50 53 50 49 42 51 56 58 63 66 67 
58 63 66 62 54 46 41 40 39 38 42 49 55 55 58 63 66 62 61 41 40 39 38 42 49 50 53 50 49 55 58 63 66 62 54 65 68 67 
58 63 66 62 61 41 40 56 51 42 49 55 55 49 42 38 34 43 47 52 53 50 49 42 51 56 59 61 62 66 67 
58 55 55 58 56 40 39 38 42 49 50 53 50 49 42 51 56 59 61 62 66 67 
58 56 51 42 49 55 55 58 56 51 42 49 50 53 50 49 55 58 56 59 61 62 66 67 
58 56 51 42 49 55 55 49 50 53 50 49 55 58 63 66 62 54 65 68 67 
58 55 55 49 50 53 50 49 42 38 39 40 56 58 63 66 67 
58 56 40 39 38 42 49 55 55 58 56 40 39 38 42 49 50 53 50 49 55 58 63 66 62 54 65 68 67 
58 63 66 62 61 41 40 39 38 42 49 55 55 58 56 59 61 41 40 39 38 42 49 50 53 50 49 42 51 56 58 63 66 67 
58 63 66 62 54 46 41 40 39 38 42 49 55 55 49 42 51 56 40 39 38 34 43 47 52 53 50 49 55 58 56 59 61 62 54 65 68 67 
58 56 40 39 38 42 49 55 55 49 42 38 34 43 47 52 53 50 49 42 38 39 40 41 61 62 66 67 
58 63 66 62 61 41 40 56 51 42 49 55 55 58 56 51 42 38 34 43 47 52 53 50 49 42 51 56 59 61 62 66 67 
58 55 55 58 63 66 62 61 41 40 39 38 42 49 50 53 50 49 42 51 56 59 61 62 66 67 
58 63 66 62 61 41 40 39 38 42 49 55 55 58 63 66 62 61 41 40 39 38 42 49 50 53 50 49 42 51 56 40 41 61 62 66 67 
58 63 66 62 61 41 40 56 51 42 49 55 55 58 56 51 42 49 50 53 50 49 55 58 63 66 67 
58 56 51 42 38 34 43 47 52 53 50 49 55 55 49 42 51 56 40 39 38 34 43 47 52 53 50 49 55 58 56 59 61 62 66 67 
58 56 59 61 41 40 39 38 42 49 55 55 58 56 59 61 41 40 39 38 42 49 50 53 50 49 42 38 39 40 41 61 62 66 67 
58 63 66 62 61 41 40 39 38 42 49 55 55 58 56 59 61 41 40 39 38 42 49 50 53 50 49 55 58 63 66 67 
58 63 66 62 54 46 41 40 39 38 42 49 55 55 58 56 51 42 38 34 43 47 52 53 50 49 55 58 56 59 61 62 66 67 
58 56 40 39 38 42 49 55 55 58 63 66 62 61 41 40 39 38 42 49 50 53 50 49 42 51 56 59 61 62 66 67 
58 56 40 39 38 42 49 55 55 58 56 40 39 38 42 49 50 53 50 49 42 51 56 40 41 61 62 66 67 
58 56 59 61 41 40 39 38 42 49 55 55 58 56 40 39 38 34 43 47 52 53 50 49 55 58 63 66 62 54 65 68 67 
58 63 66 62 61 41 40 56 51 42 49 55 55 49 42 51 56 40 39 38 34 43 47 52 53 50 49 55 58 63 66 67 
58 56 40 39 38 42 49 55 55 49 50 53 50 49 42 51 56 59 61 62 66 67 
58 56 40 39 38 42 49 55 55 58 56 51 42 38 34 43 47 52 53 50 49 55 58 56 40 41 61 62 66 67 
---------------
Request id 4
63 66 62 54 46 41 61 59 56 58 55 58 56 40 41 40 39 38 34 31 27 24 20 17 
63 66 62 61 41 40 56 58 55 58 63 66 62 61 59 56 40 41 40 32 28 25 18 16 24 20 17 
63 66 62 54 46 41 40 56 58 55 58 63 66 62 61 41 40 39 33 30 24 16 17 
63 58 56 40 39 38 42 49 55 58 56 51 42 38 39 40 41 40 39 38 34 31 27 22 21 17 
63 58 55 58 63 66 62 61 41 40 39 33 30 24 20 17 
63 66 62 61 59 56 58 55 49 42 51 56 59 61 41 40 32 28 26 23 24 20 17 
63 66 62 61 41 40 56 58 55 58 63 66 62 61 59 56 40 41 40 32 28 26 23 24 20 17 
63 58 56 40 39 38 42 49 55 49 42 38 39 40 41 40 32 28 25 18 16 24 20 17 
63 66 62 61 41 40 56 51 42 49 55 58 56 59 61 62 54 46 41 40 32 28 26 23 24 20 17 
63 66 62 54 46 41 40 56 58 55 58 56 59 61 41 40 39 38 34 31 27 22 21 17 
63 66 62 61 59 56 58 55 49 42 38 39 40 41 40 32 28 25 18 13 11 16 17 
63 66 62 54 46 41 40 56 58 55 49 42 51 56 59 61 41 40 39 33 30 24 20 17 
63 66 62 54 46 41 40 56 58 55 58 56 59 61 62 54 46 41 40 39 38 34 31 27 24 16 17 
63 66 62 61 59 56 51 42 49 55 58 56 40 41 40 39 33 30 24 20 17 
63 58 56 40 39 38 42 49 55 49 42 51 56 40 41 40 39 33 30 24 16 17 
63 66 62 61 41 40 39 38 42 49 55 58 63 66 62 54 46 41 40 32 28 25 18 13 11 16 17 
63 66 62 61 41 40 56 51 42 49 55 58 63 66 62 61 41 40 32 28 25 18 16 24 20 17 
63 58 56 51 42 49 55 58 56 40 41 40 32 28 25 18 13 11 16 17 
63 66 62 54 46 41 61 59 56 58 55 58 63 66 62 54 46 41 40 39 33 30 24 20 17 
63 58 55 58 56 59 61 41 40 32 28 26 23 24 16 17 
63 58 55 49 42 38 39 40 41 40 39 33 30 24 20 17 
63 66 62 61 41 40 39 38 42 49 55 49 42 51 56 59 61 41 40 39 33 30 24 16 17 
63 66 62 54 46 41 40 56 58 55 58 56 51 42 38 39 40 41 40 32 28 25 18 16 24 20 17 
63 66 62 54 46 41 40 56 58 55 58 63 66 62 54 46 41 40 32 28 26 23 24 16 17 
63 66 62 61 41 40 56 58 55 58 63 66 62 61 59 56 40 41 40 32 28 26 23 24 16 17 
63 66 62 54 46 41 61 59 56 58 55 58 56 51 42 38 39 40 41 40 39 33 30 24 16 17 
63 66 62 61 41 40 56 51 42 49 55 58 56 40 41 40 32 28 25 18 13 11 16 17 
63 58 56 51 42 49 55 58 56 40 41 40 39 33 30 24 16 17 
63 66 62 61 41 40 56 58 55 58 63 66 62 61 59 56 40 41 40 39 33 30 24 16 17 
63 66 62 54 46 41 40 56 58 55 49 42 51 56 40 41 40 39 38 34 31 27 24 20 17 
63 66 62 54 46 41 61 59 56 58 55 58 56 40 41 40 39 33 30 24 16 17 
63 66 62 61 41 40 56 51 42 49 55 58 56 51 42 38 39 40 41 40 32 28 25 18 16 24 20 17 
63 66 62 54 46 41 40 56 58 55 49 42 38 39 40 41 40 39 38 34 31 27 22 21 17 
63 66 62 61 41 40 39 38 42 49 55 49 42 38 39 40 41 40 32 28 25 18 16 17 
63 66 62 61 41 40 56 51 42 49 55 49 42 51 56 40 41 40 32 28 25 18 16 24 20 17 
63 66 62 61 41 40 39 38 42 49 55 49 42 51 56 59 61 41 40 39 38 34 31 27 22 21 17 
63 66 62 61 59 56 51 42 49 55 58 56 51 42 38 39 40 41 40 39 38 34 31 27 24 16 17 
63 66 62 61 41 40 39 38 42 49 55 58 56 40 41 40 39 38 34 31 27 24 16 17 
63 58 56 40 39 38 42 49 55 58 56 40 41 40 39 38 34 31 27 22 21 17 
63 58 56 40 39 38 42 49 55 58 63 66 62 61 59 56 40 41 40 32 28 25 18 16 17 
---------------
Request id 17
21 17 16 18 13 18 25 29 36 37 45 
21 22 27 24 16 18 13 11 16 24 23 26 28 32 35 37 45 
21 17 14 12 11 13 0 2 9 15 18 25 29 36 37 45 
21 17 14 12 11 6 3 13 18 15 19 29 25 28 32 35 37 45 
21 17 14 12 11 13 18 25 28 32 35 37 45 
21 17 20 24 16 11 13 11 16 18 25 28 32 35 37 45 
21 17 20 24 16 18 13 0 2 9 15 19 29 36 37 45 
21 17 16 11 6 3 13 0 2 9 15 19 29 36 37 45 
21 17 20 24 16 18 13 18 15 19 29 25 28 32 35 37 45 
21 17 16 18 13 0 2 9 15 18 25 29 36 37 45 
21 17 14 12 11 6 3 13 18 15 19 29 36 37 45 
21 17 16 11 6 3 13 18 25 29 36 37 45 
21 17 14 12 11 13 11 16 18 15 19 29 36 37 45 
21 17 14 12 11 13 0 2 9 15 19 29 36 37 45 
21 17 14 12 11 13 11 16 18 25 28 32 35 37 45 
21 17 14 12 11 6 3 13 0 2 9 15 19 29 36 37 45 
21 17 16 18 13 0 2 9 15 19 29 36 37 45 
21 17 20 24 16 18 13 11 16 18 25 28 32 35 37 45 
21 17 14 12 11 6 3 13 0 2 9 15 18 25 29 36 37 45 
21 17 14 12 11 16 18 13 11 16 18 25 29 36 37 45 
21 17 20 24 16 18 13 11 16 18 25 29 36 37 45 
21 17 16 11 6 3 13 18 15 19 29 25 28 32 35 37 45 
21 17 16 11 13 0 2 9 15 19 29 36 37 45 
21 22 27 24 16 11 13 11 16 18 15 19 29 36 37 45 
21 17 16 18 13 11 16 18 25 29 36 37 45 
21 17 14 12 11 6 3 13 11 16 18 15 19 29 36 37 45 
21 22 27 24 16 18 13 18 25 28 32 35 37 45 
21 22 27 24 16 11 13 18 25 28 32 35 37 45 
21 17 14 12 11 13 18 15 19 29 25 28 32 35 37 45 
21 22 27 24 16 11 13 11 16 18 25 29 36 37 45 
21 22 27 24 16 18 13 18 15 19 29 36 37 45 
21 17 14 12 11 6 3 13 18 25 29 36 37 45 
21 22 27 24 16 18 13 18 15 19 29 25 28 32 35 37 45 
21 17 20 24 16 18 13 18 25 28 32 35 37 45 
21 17 16 11 13 18 15 19 29 25 28 32 35 37 45 
21 22 27 24 16 18 13 11 16 18 15 19 29 36 37 45 
21 17 20 24 16 18 13 18 25 29 36 37 45 
21 22 27 24 16 11 13 0 2 9 15 18 25 29 36 37 45 
21 17 14 12 11 16 18 13 0 2 9 15 18 25 29 36 37 45 
21 17 14 12 11 6 3 13 11 16 24 23 26 28 32 35 37 45 
---------------
Request id 29
44 48 46 54 62 66 67 68 65 64 65 68 69 67 66 62 54 46 41 61 59 56 51 42 38 34 
44 48 46 41 61 62 66 67 68 65 64 70 74 73 72 71 69 67 66 62 54 62 66 63 58 56 40 39 38 34 
44 48 46 54 62 66 67 69 68 65 64 65 54 62 61 59 56 40 39 38 34 
44 48 46 54 62 66 67 68 65 64 65 68 67 66 62 54 62 61 41 40 39 38 34 
44 45 37 35 32 40 41 46 48 57 60 64 60 57 48 46 41 61 62 54 62 66 63 58 56 51 42 38 34 
44 48 46 41 61 62 54 65 64 65 68 69 67 66 62 61 41 46 54 62 61 59 56 51 42 38 34 
44 45 37 35 32 40 41 61 62 54 65 64 65 68 67 66 62 61 41 46 54 62 61 41 40 56 51 42 38 34 
44 48 46 54 62 66 67 68 65 64 65 68 67 66 62 54 62 66 63 58 55 49 42 38 34 
44 45 37 35 32 40 41 46 48 57 60 64 65 68 69 67 66 62 54 62 66 63 58 56 51 42 38 34 
44 48 46 41 61 62 66 67 68 65 64 70 74 73 72 71 69 67 68 65 54 62 61 41 40 56 51 42 38 34 
44 48 46 41 61 62 66 67 68 65 64 65 68 69 67 66 62 61 41 46 54 46 41 40 56 51 42 38 34 
44 48 46 41 61 62 66 67 68 65 64 65 68 67 66 62 61 41 46 54 46 41 40 39 38 34 
44 48 46 54 65 64 60 57 48 46 41 61 62 54 62 66 63 58 55 49 42 38 34 
44 48 46 41 61 62 66 67 68 65 64 70 74 73 72 71 69 68 65 54 62 61 41 40 39 38 34 
44 45 37 35 32 40 41 46 48 57 60 64 65 68 67 66 62 54 62 61 41 40 39 38 34 
44 48 57 60 64 70 74 73 72 71 69 67 68 65 54 62 61 41 40 56 51 42 38 34 
44 45 37 35 32 40 41 46 48 57 60 64 65 54 46 41 61 59 56 51 42 38 34 
44 48 46 54 62 66 67 68 65 64 65 68 67 66 62 54 62 61 41 40 56 51 42 38 34 
44 45 37 35 32 40 41 46 48 57 60 64 65 54 62 66 63 58 55 49 42 38 34 
44 45 37 35 32 40 41 46 54 65 64 60 57 48 46 41 61 62 54 46 41 61 59 56 51 42 38 34 
44 48 46 54 62 66 67 68 65 64 70 74 73 72 71 69 67 68 65 54 62 61 59 56 40 39 38 34 
44 48 46 41 40 56 59 61 62 54 65 64 65 54 46 41 40 39 38 34 
44 45 37 35 32 40 41 61 62 54 65 64 65 68 69 67 66 62 61 41 46 54 62 66 63 58 55 49 42 38 34 
44 45 37 35 32 40 41 46 54 65 64 65 68 67 66 62 61 41 46 54 62 66 63 58 55 49 42 38 34 
44 48 46 54 62 66 67 69 68 65 64 65 68 69 67 66 62 61 41 46 54 62 66 63 58 56 40 39 38 34 
44 48 46 54 65 64 70 74 73 72 71 69 68 65 54 62 66 63 58 55 49 42 38 34 
44 48 46 41 40 56 59 61 62 54 65 64 60 57 48 46 41 61 62 54 62 61 59 56 51 42 38 34 
44 45 37 35 32 40 41 61 62 54 65 64 65 68 69 67 66 62 61 41 46 54 62 61 59 56 51 42 38 34 
44 48 46 54 62 66 67 68 65 64 60 57 48 46 54 62 61 59 56 51 42 38 34 
44 48 46 54 62 66 67 68 65 64 70 74 73 72 71 69 67 68 65 54 62 61 59 56 51 42 38 34 
44 48 46 41 61 62 66 67 68 65 64 70 74 73 72 71 69 68 65 54 62 66 63 58 55 49 42 38 34 
44 45 37 35 32 40 41 46 48 57 60 64 60 57 48 46 54 62 66 63 58 55 49 42 38 34 
44 45 37 35 32 40 41 46 54 65 64 65 68 67 66 62 54 46 41 61 59 56 51 42 38 34 
44 48 57 60 64 60 57 48 46 41 61 62 54 62 61 41 40 39 38 34 
44 48 57 60 64 65 68 67 66 62 61 41 46 54 62 61 59 56 40 39 38 34 
44 48 46 54 65 64 70 74 73 72 71 69 67 68 65 54 62 61 59 56 51 42 38 34 
44 48 57 60 64 65 54 62 61 59 56 40 39 38 34 
44 45 37 35 32 40 41 61 62 54 65 64 65 68 69 67 66 62 61 41 46 54 46 41 61 59 56 51 42 38 34 
44 48 46 41 40 56 59 61 62 54 65 64 70 74 73 72 71 69 67 66 62 54 62 61 41 40 39 38 34 
44 48 57 60 64 65 54 62 66 63 58 56 51 42 38 34 
---------------
Request id 5
73 72 71 69 67 68 65 54 46 41 61 59 56 58 55 49 50 53 52 47 43 34 31 27 24 16 17 14 12 11 16 24 30 33 
73 72 71 69 67 66 62 54 46 41 40 56 51 42 49 50 53 52 47 43 34 31 27 24 16 17 14 12 11 12 14 17 20 24 30 33 
73 74 70 64 60 57 48 46 41 40 56 58 55 49 50 53 52 47 43 34 31 27 22 21 17 14 12 11 16 17 20 24 30 33 
73 72 71 69 68 65 54 46 41 40 56 58 55 49 50 53 52 47 43 34 31 27 22 21 17 16 11 16 18 25 28 32 40 39 33 
73 72 71 69 67 68 65 54 46 41 61 59 56 40 39 38 34 43 47 43 34 31 27 22 21 17 16 18 13 11 16 17 21 22 27 24 30 33 
73 74 70 64 60 57 48 46 41 40 56 51 42 38 34 43 47 43 34 38 39 33 30 24 16 11 16 24 30 33 
73 72 71 69 68 65 54 62 61 41 40 56 58 55 49 42 38 34 43 47 43 34 31 27 24 16 17 14 12 11 16 18 25 28 32 40 39 33 
73 72 71 69 67 68 65 54 46 41 40 56 51 42 38 34 43 47 43 34 31 27 24 16 11 16 24 30 33 
73 74 70 64 60 57 48 46 41 61 59 56 40 39 38 34 43 47 43 34 31 27 24 16 11 6 3 13 18 16 24 30 33 
73 74 70 64 65 68 67 66 62 61 41 40 56 51 42 49 50 53 52 47 43 34 31 27 22 21 17 16 18 13 11 16 17 21 22 27 24 30 33 
73 72 71 69 68 65 54 62 61 41 40 39 33 30 24 27 31 34 43 47 43 34 31 27 24 16 11 16 24 30 33 
73 72 71 69 67 66 62 61 41 40 39 38 42 49 50 53 52 47 43 34 38 39 33 30 24 20 17 16 11 6 3 13 18 16 24 30 33 
73 74 70 64 65 54 62 61 41 40 56 58 55 49 42 38 34 43 47 43 34 31 27 24 16 17 14 12 11 13 18 25 28 32 40 39 33 
73 72 71 69 67 66 62 61 41 40 56 58 55 49 42 38 34 43 47 43 34 31 27 24 16 18 13 11 16 17 20 24 30 33 
73 72 71 69 68 67 66 62 61 41 40 56 51 42 49 50 53 52 47 43 34 31 27 24 16 17 14 12 11 13 18 25 28 32 40 39 33 
73 72 71 69 68 67 66 62 61 41 40 56 51 42 49 50 53 52 47 43 34 31 27 24 20 17 16 11 13 18 16 24 30 33 
73 74 70 64 60 57 48 46 41 61 59 56 51 42 38 34 43 47 43 34 31 27 24 20 17 16 11 16 24 27 31 34 38 39 33 
73 74 70 64 60 57 48 46 41 61 59 56 51 42 38 34 43 47 43 34 31 27 24 16 17 14 12 11 16 17 20 24 30 33 
73 72 71 69 67 66 62 54 46 41 61 59 56 51 42 38 34 43 47 43 34 31 27 22 21 17 16 11 16 17 21 22 27 24 30 33 
73 72 71 69 68 65 54 46 41 40 56 58 55 49 42 38 34 43 47 43 34 31 27 22 21 17 14 12 11 16 17 20 24 30 33 
73 74 70 64 65 54 62 61 41 40 39 38 42 49 50 53 52 47 43 34 31 27 24 20 17 14 12 11 16 24 30 33 
73 74 70 64 65 54 62 61 41 61 59 56 51 42 38 34 43 47 43 34 31 27 24 16 17 14 12 11 13 18 25 28 32 40 39 33 
73 74 70 64 65 54 62 61 41 40 39 33 30 24 27 31 34 43 47 43 34 31 27 22 21 17 16 11 16 18 25 28 32 40 39 33 
73 72 71 69 67 66 62 54 46 41 40 56 58 55 49 50 53 52 47 43 34 31 27 24 16 11 16 17 20 24 30 33 
73 72 71 69 68 65 54 62 61 41 61 59 56 51 42 38 34 43 47 43 34 38 39 33 30 24 20 17 16 11 16 17 20 24 30 33 
73 72 71 69 67 68 65 54 46 41 61 59 56 58 55 49 50 53 52 47 43 34 31 27 24 20 17 16 11 12 14 17 16 24 30 33 
73 72 71 69 67 66 62 54 46 41 40 39 38 42 49 50 53 52 47 43 34 31 27 22 21 17 16 18 13 11 13 18 16 24 30 33 
73 74 70 64 65 54 62 61 41 61 59 56 58 55 49 50 53 52 47 43 34 38 39 33 30 24 16 11 6 3 13 18 16 24 30 33 
73 72 71 69 67 66 62 54 46 41 40 56 51 42 49 50 53 52 47 43 34 31 27 24 20 17 16 11 12 14 17 16 24 30 33 
73 72 71 69 67 68 65 54 46 41 40 56 51 42 49 50 53 52 47 43 34 31 27 22 21 17 16 11 12 14 17 16 24 30 33 
73 74 70 64 65 54 46 41 61 59 56 58 55 49 50 53 52 47 43 34 31 27 24 16 11 16 24 27 31 34 38 39 33 
73 72 71 69 68 67 66 62 61 41 40 39 38 42 49 50 53 52 47 43 34 31 27 24 20 17 16 11 13 18 25 28 32 40 39 33 
73 74 70 64 65 54 46 41 61 59 56 51 42 38 34 43 47 43 34 38 39 33 30 24 16 11 16 18 25 28 32 40 39 33 
73 72 71 69 67 66 62 54 46 41 40 56 58 55 49 50 53 52 47 43 34 31 27 24 16 18 13 11 16 18 25 28 32 40 39 33 
73 72 71 69 67 66 62 54 46 41 40 39 33 30 24 27 31 34 43 47 43 34 38 39 33 30 24 20 17 16 11 16 24 30 33 
73 72 71 69 67 68 65 54 46 41 40 56 51 42 38 34 43 47 43 34 38 39 33 30 24 20 17 16 11 16 18 25 28 32 40 39 33 
73 74 70 64 60 57 48 46 41 40 39 38 42 49 50 53 52 47 43 34 31 27 24 20 17 14 12 11 13 18 25 28 32 40 39 33 
73 72 71 69 67 66 62 61 41 40 56 58 55 49 50 53 52 47 43 34 31 27 22 21 17 14 12 11 16 24 27 31 34 38 39 33 
73 72 71 69 67 66 62 61 41 40 56 51 42 49 50 53 52 47 43 34 31 27 24 16 17 14 12 11 16 18 25 28 32 40 39 33 
73 74 70 64 65 54 62 61 41 40 39 38 34 43 47 43 34 38 39 33 30 24 20 17 16 11 13 18 25 28 32 40 39 33 
---------------
Request id 27
5 0 13 11 12 10 8 6 3 6 11 16 18 13 0 5 3 13 18 25 29 36 37 45 44 
5 0 2 9 15 18 13 3 6 11 13 0 13 11 6 3 13 18 25 28 32 35 37 45 44 
5 0 2 9 15 18 16 11 13 3 6 11 13 18 15 9 2 0 2 9 15 18 16 11 6 3 6 11 13 18 25 29 36 37 45 44 
5 0 13 11 12 10 8 6 3 13 0 2 9 15 18 13 11 6 3 13 11 16 18 25 28 32 35 37 45 44 
5 0 2 9 15 18 16 11 13 3 6 8 10 12 11 13 0 2 9 15 18 16 11 13 3 13 18 15 19 29 36 37 45 44 
5 0 2 9 15 18 16 11 6 3 5 0 5 3 13 18 15 19 29 36 37 45 44 
5 0 2 9 15 18 13 3 6 11 16 18 13 0 13 11 6 8 7 4 1 3 13 18 25 28 32 40 41 46 48 44 
5 0 13 3 6 11 13 0 13 11 6 3 5 0 13 18 25 29 36 37 45 44 
5 0 2 9 15 18 16 11 13 3 13 11 16 18 15 9 2 0 13 11 12 10 8 6 3 13 18 25 28 32 35 37 45 44 
5 0 2 9 15 18 16 11 13 3 13 18 15 9 2 0 13 11 6 8 7 4 1 3 13 18 25 29 36 37 45 44 
5 0 13 11 6 8 7 4 1 3 13 11 16 18 15 9 2 0 5 3 13 18 15 19 29 36 37 45 44 
5 0 13 3 6 8 10 12 11 13 0 2 9 15 18 16 11 6 3 13 18 15 19 29 36 37 45 44 
5 0 13 3 6 8 10 12 11 13 0 2 9 15 18 13 11 6 3 13 11 16 18 25 28 32 35 37 45 44 
5 0 13 3 13 18 15 9 2 0 2 9 15 18 16 11 6 3 13 18 25 28 32 35 37 45 44 
5 0 2 9 15 18 13 11 6 3 13 0 2 9 15 18 13 3 13 18 15 19 29 36 37 45 44 
5 0 13 11 12 10 8 6 3 6 11 16 18 13 0 13 11 6 8 7 4 1 3 6 11 16 18 15 19 29 36 37 45 44 
5 0 13 11 6 8 7 4 1 3 6 11 16 18 15 9 2 0 13 3 6 11 13 18 25 29 36 37 45 44 
5 0 13 11 6 8 7 4 1 3 5 0 13 11 6 3 5 0 13 18 25 29 36 37 45 44 
5 3 6 11 16 18 15 9 2 0 2 9 15 18 16 11 13 3 6 11 13 18 25 29 36 37 45 44 
5 0 13 11 6 8 7 4 1 3 6 11 16 18 15 9 2 0 13 11 12 10 8 6 3 13 18 25 28 32 35 37 45 44 
5 0 13 3 6 11 16 18 13 0 2 9 15 18 16 11 6 3 6 11 16 18 15 19 29 36 37 45 44 
5 0 2 9 15 18 13 11 6 3 1 4 7 8 6 11 13 0 13 11 12 10 8 6 3 6 11 13 18 25 29 36 37 45 44 
5 0 2 9 15 18 13 3 5 0 13 11 6 8 7 4 1 3 13 18 25 29 36 37 45 44 
5 0 13 11 12 10 8 6 3 6 11 16 18 13 0 2 9 15 18 13 11 6 3 13 11 16 18 25 28 32 35 37 45 44 
5 0 13 11 6 8 7 4 1 3 6 11 16 18 15 9 2 0 13 11 6 8 7 4 1 3 6 11 16 18 25 29 36 37 45 44 
5 0 2 9 15 18 16 11 6 3 6 11 16 18 15 9 2 0 13 3 13 18 25 28 32 40 41 46 48 44 
5 0 2 9 15 18 16 11 13 3 6 11 16 18 13 0 2 9 15 18 13 11 6 3 6 11 16 18 25 29 36 37 45 44 
5 0 13 11 12 10 8 6 3 6 11 16 18 15 9 2 0 13 11 6 8 7 4 1 3 13 18 25 29 36 37 45 44 
5 0 13 3 6 8 10 12 11 13 0 13 11 6 8 7 4 1 3 13 18 25 28 32 40 41 46 48 44 
5 0 2 9 15 18 13 11 6 3 13 0 2 9 15 18 16 11 13 3 13 18 25 29 36 37 45 44 
5 0 13 18 16 11 6 3 6 11 16 18 15 9 2 0 2 9 15 18 16 11 13 3 13 11 16 18 25 28 32 35 37 45 44 
5 0 2 9 15 18 13 11 6 3 1 4 7 8 6 11 13 0 13 18 16 11 6 3 6 11 16 18 15 19 29 36 37 45 44 
5 0 2 9 15 18 13 11 6 3 6 11 13 18 15 9 2 0 2 9 15 18 16 11 6 3 13 18 25 29 36 37 45 44 
5 0 13 11 12 10 8 6 3 6 11 13 18 15 9 2 0 2 9 15 18 16 11 6 3 13 11 16 18 25 29 36 37 45 44 
5 0 2 9 15 18 16 11 6 3 6 11 13 18 15 9 2 0 2 9 15 18 16 11 13 3 13 18 15 19 29 36 37 45 44 
5 0 2 9 15 18 13 11 6 3 6 8 10 12 11 13 0 13 11 6 3 13 11 16 18 25 29 36 37 45 44 
5 0 13 11 6 8 7 4 1 3 6 11 16 18 15 9 2 0 5 3 5 0 13 18 25 29 36 37 45 44 
5 0 13 3 1 4 7 8 6 11 13 0 2 9 15 18 13 11 6 3 13 18 15 19 29 36 37 45 44 
5 0 13 11 12 10 8 6 3 1 4 7 8 6 11 13 0 2 9 15 18 13 3 6 11 16 18 15 19 29 36 37 45 44 
5 0 2 9 15 18 13 3 6 11 16 18 15 9 2 0 13 11 6 3 13 11 16 18 25 29 36 37 45 44 
---------------
Request id 22
38 34 31 27 22 21 17 20 24 30 33 39 40 32 35 37 45 44 
38 39 33 30 33 39 40 56 59 61 41 46 48 44 
38 42 51 56 40 32 28 26 23 24 30 24 16 18 25 28 32 35 37 45 44 
38 42 49 55 58 56 40 39 33 30 24 23 26 28 32 35 37 45 44 
38 42 49 55 58 56 40 39 33 30 24 23 26 28 25 29 36 37 45 44 
38 42 51 56 40 32 28 26 23 24 30 24 16 18 25 29 36 37 45 44 
38 39 33 30 24 23 26 28 25 29 36 37 45 44 
38 34 31 27 22 21 17 16 24 30 33 39 40 41 46 48 44 
38 39 40 32 28 26 23 24 30 24 16 18 15 19 29 36 37 45 44 
38 39 40 32 28 25 18 16 24 30 33 39 40 41 61 62 54 46 48 44 
38 42 51 56 59 61 41 40 39 33 30 24 23 26 28 25 29 36 37 45 44 
38 42 51 56 40 32 28 26 23 24 30 24 23 26 28 32 40 41 46 48 44 
38 39 33 30 24 16 18 15 19 29 36 37 45 44 
38 34 31 27 24 30 33 39 40 41 46 48 44 
38 34 31 27 22 21 17 16 24 30 24 23 26 28 25 29 36 37 45 44 
38 34 31 27 22 21 17 20 24 30 33 39 40 41 61 62 54 46 48 44 
38 42 51 56 40 39 33 30 33 39 40 41 46 48 44 
38 39 40 32 28 26 23 24 30 24 23 26 28 32 40 41 46 48 44 
38 42 51 56 40 39 33 30 24 23 26 28 32 40 41 46 48 44 
38 42 51 56 59 61 41 40 39 33 30 33 39 40 41 61 62 54 46 48 44 
38 42 51 56 40 32 28 26 23 24 30 33 39 40 32 35 37 45 44 
38 39 40 32 28 25 18 16 24 30 24 16 18 15 19 29 36 37 45 44 
38 39 40 32 28 26 23 24 30 33 39 40 56 59 61 41 46 48 44 
38 34 31 27 24 30 24 16 18 25 29 36 37 45 44 
38 39 33 30 33 39 40 41 61 62 54 46 48 44 
38 42 51 56 59 61 41 40 39 33 30 33 39 40 32 35 37 45 44 
38 34 31 27 24 30 33 39 40 56 59 61 41 46 48 44 
38 34 31 27 22 21 17 16 24 30 24 23 26 28 32 40 41 46 48 44 
38 39 40 32 28 26 23 24 30 24 23 26 28 25 29 36 37 45 44 
38 34 31 27 22 21 17 16 24 30 33 39 40 41 61 62 54 46 48 44 
38 42 51 56 59 61 41 40 39 33 30 24 23 26 28 32 35 37 45 44 
38 42 51 56 59 61 41 40 39 33 30 24 16 18 25 29 36 37 45 44 
38 39 40 32 28 25 18 16 24 30 24 23 26 28 25 29 36 37 45 44 
38 34 31 27 22 21 17 20 24 30 33 39 40 56 59 61 41 46 48 44 
38 34 31 27 24 30 33 39 40 32 35 37 45 44 
38 39 40 32 28 25 18 16 24 30 24 23 26 28 32 40 41 46 48 44 
38 34 31 27 22 21 17 20 24 30 24 23 26 28 32 35 37 45 44 
38 34 31 27 22 21 17 16 24 30 24 23 26 28 32 35 37 45 44 
38 34 31 27 24 30 24 23 26 28 32 40 41 46 48 44 
38 42 51 56 40 39 33 30 33 39 40 32 35 37 45 44 
---------------
Request id 21
57 48 46 41 40 56 51 42 38 34 43 47 43 34 38 39 40 32 28 25 18 13 3 1 
57 48 46 41 40 56 58 55 49 50 53 52 47 43 34 38 39 33 30 24 16 11 6 3 1 
57 48 46 41 61 59 56 51 42 38 34 43 47 43 34 31 27 24 16 11 13 3 1 
57 48 44 45 37 35 32 40 39 38 34 43 47 43 34 31 27 24 16 11 6 3 1 
57 48 46 54 62 61 41 40 39 38 34 43 47 43 34 31 27 24 16 11 6 3 1 
57 48 46 41 40 56 51 42 38 34 43 47 43 34 31 27 24 16 11 6 3 1 
57 48 46 41 40 39 38 34 43 47 43 34 31 27 24 16 11 13 3 1 
57 48 46 41 61 59 56 40 39 38 34 43 47 43 34 38 39 33 30 24 16 18 13 3 1 
57 48 46 54 62 61 41 40 39 38 34 43 47 43 34 38 39 33 30 24 16 18 13 3 1 
57 48 44 45 37 35 32 40 39 38 34 43 47 43 34 31 27 24 20 17 16 11 6 3 1 
57 48 46 41 40 56 58 55 49 50 53 52 47 43 34 31 27 24 16 11 13 3 1 
57 60 64 65 54 46 41 40 39 38 34 43 47 43 34 38 39 33 30 24 16 18 13 3 1 
57 48 46 41 40 56 58 55 49 50 53 52 47 43 34 31 27 22 21 17 16 11 6 3 1 
57 48 46 41 61 59 56 40 39 38 34 43 47 43 34 31 27 24 16 11 6 8 7 4 1 
57 48 44 45 37 35 32 40 39 38 34 43 47 43 34 31 27 22 21 17 16 11 6 3 1 
57 48 46 41 40 56 51 42 49 50 53 52 47 43 34 31 27 22 21 17 16 11 6 3 1 
57 48 46 41 40 39 38 42 49 50 53 52 47 43 34 31 27 24 16 11 6 3 1 
57 48 46 41 61 59 56 40 39 38 34 43 47 43 34 38 39 33 30 24 16 11 13 3 1 
57 48 46 54 62 61 41 40 39 38 34 43 47 43 34 38 39 40 32 28 25 18 13 3 1 
57 48 46 41 40 39 38 34 43 47 43 34 38 39 40 32 28 25 18 13 3 1 
57 48 46 41 40 56 58 55 49 50 53 52 47 43 34 38 39 33 30 24 16 18 13 3 1 
57 48 46 41 40 56 51 42 49 50 53 52 47 43 34 31 27 24 20 17 16 11 6 3 1 
57 48 46 41 40 56 51 42 49 50 53 52 47 43 34 38 39 40 32 28 25 18 13 3 1 
57 48 46 41 61 59 56 51 42 38 34 43 47 43 34 38 39 33 30 24 16 18 13 3 1 
57 48 46 41 61 59 56 51 42 38 34 43 47 43 34 31 27 24 16 11 6 8 7 4 1 
57 48 44 45 37 35 32 40 39 38 34 43 47 43 34 38 39 33 30 24 16 11 6 3 1 
57 48 46 41 40 56 51 42 38 34 43 47 43 34 31 27 24 16 11 6 8 7 4 1 
57 48 46 41 40 39 38 42 49 50 53 52 47 43 34 31 27 22 21 17 16 11 6 3 1 
57 48 46 54 62 61 41 40 39 38 34 43 47 43 34 38 39 33 30 24 16 11 13 3 1 
57 48 46 41 40 56 51 42 49 50 53 52 47 43 34 38 39 33 30 24 16 11 6 3 1 
57 48 46 41 40 39 38 34 43 47 43 34 31 27 22 21 17 16 11 6 3 1 
57 60 64 65 54 46 41 40 39 38 34 43 47 43 34 38 39 40 32 28 25 18 13 3 1 
57 48 46 41 40 56 51 42 49 50 53 52 47 43 34 31 27 24 16 18 13 3 1 
57 48 46 41 61 59 56 40 39 38 34 43 47 43 34 38 39 33 30 24 16 11 6 3 1 
57 48 46 41 61 59 56 40 39 38 34 43 47 43 34 31 27 24 16 18 13 3 1 
57 48 46 54 62 61 41 40 39 38 34 43 47 43 34 31 27 24 16 18 13 3 1 
57 48 46 41 61 59 56 40 39 38 34 43 47 43 34 31 27 24 16 11 6 3 1 
57 48 46 41 61 59 56 51 42 38 34 43 47 43 34 38 39 40 32 28 25 18 13 3 1 
57 48 46 41 40 39 38 34 43 47 43 34 38 39 33 30 24 16 18 13 3 1 
57 48 46 41 61 59 56 40 39 38 34 43 47 43 34 38 39 40 32 28 25 18 13 3 1 
---------------
Request id 8
33 30 24 20 17 16 18 13 11 12 14 17 16 18 13 0 13 11 16 24 27 31 34 43 47 52 53 50 
33 30 24 16 18 13 11 6 3 5 0 13 11 12 10 8 6 3 5 0 13 18 25 28 32 40 56 51 42 49 50 
33 30 24 16 17 14 12 11 16 18 13 3 6 11 16 18 15 9 2 0 13 18 16 24 27 31 34 43 47 52 53 50 
33 30 24 27 22 21 17 16 11 12 10 8 6 3 13 3 6 11 16 18 15 9 2 0 2 9 15 18 25 28 32 40 56 58 55 49 50 
33 30 24 20 17 14 12 11 6 3 13 18 25 29 19 15 9 2 0 13 18 16 24 27 31 34 38 42 49 50 
33 30 24 16 17 14 12 11 12 10 8 7 4 1 3 13 18 15 9 2 0 13 18 25 28 32 40 39 38 42 49 50 
33 39 40 32 28 25 18 13 11 16 18 15 9 2 0 13 11 6 8 7 4 1 3 5 0 13 11 16 24 27 31 34 38 42 49 50 
33 30 24 27 22 21 17 16 11 16 18 15 9 2 0 13 18 15 9 2 0 13 11 16 24 27 31 34 38 42 49 50 
33 30 24 16 18 13 3 6 11 12 10 8 7 4 1 3 13 0 13 11 16 24 27 31 34 38 42 49 50 
33 30 24 16 11 16 24 23 26 28 25 18 13 11 16 18 15 9 2 0 13 18 16 24 27 31 34 43 47 52 53 50 
33 30 24 20 17 16 18 13 11 6 8 7 4 1 3 13 18 16 11 6 3 5 0 13 11 16 24 27 31 34 43 47 52 53 50 
33 39 40 32 28 25 18 16 11 6 3 13 0 13 11 16 24 30 33 39 38 42 49 50 
33 30 24 20 17 16 18 13 11 12 14 17 16 18 13 3 5 0 13 11 16 24 27 31 34 43 47 52 53 50 
33 30 24 16 11 12 10 8 6 3 13 11 16 18 15 9 2 0 13 11 16 24 27 31 34 38 42 49 50 
33 30 24 27 22 21 17 16 11 16 18 13 18 25 29 19 15 9 2 0 13 18 16 24 30 33 39 38 42 49 50 
33 39 40 32 28 25 18 13 11 16 18 13 3 6 11 16 18 15 9 2 0 13 18 16 24 30 33 39 38 42 49 50 
33 30 24 16 18 13 11 12 14 17 16 18 13 3 5 0 13 11 16 24 27 31 34 43 47 52 53 50 
33 30 24 27 22 21 17 16 11 12 14 17 16 18 13 11 12 10 8 6 3 5 0 13 11 16 24 27 31 34 43 47 52 53 50 
33 30 24 20 17 16 11 6 3 13 11 6 3 5 0 13 11 16 24 27 31 34 43 47 52 53 50 
33 30 24 20 17 16 18 13 11 16 18 13 11 6 8 7 4 1 3 5 0 13 11 16 24 30 33 39 38 42 49 50 
33 30 24 16 11 12 10 8 7 4 1 3 13 18 15 9 2 0 13 18 25 28 32 40 56 58 55 49 50 
33 30 24 16 11 16 18 13 3 5 0 13 18 16 24 30 33 39 38 42 49 50 
33 30 24 20 17 16 18 13 11 12 10 8 6 3 13 3 6 11 16 18 15 9 2 0 13 11 16 24 27 31 34 43 47 52 53 50 
33 30 24 16 18 13 11 12 14 17 16 18 13 0 13 11 16 24 30 33 39 38 42 49 50 
33 30 24 16 17 14 12 11 6 3 13 3 6 11 16 18 15 9 2 0 13 18 16 24 27 31 34 43 47 52 53 50 
33 30 24 20 17 14 12 11 13 3 6 11 16 18 15 9 2 0 13 11 16 24 27 31 34 38 42 49 50 
33 30 24 16 11 16 18 15 9 2 0 13 18 16 11 6 3 5 0 13 18 25 28 32 40 56 51 42 49 50 
33 30 24 20 17 14 12 11 6 3 13 3 5 0 13 11 16 24 30 33 39 38 42 49 50 
33 30 24 16 18 13 11 6 3 13 0 13 11 16 24 27 31 34 43 47 52 53 50 
33 30 24 16 18 13 11 6 8 7 4 1 3 13 0 2 9 15 18 25 28 32 40 56 58 55 49 50 
33 30 24 20 17 16 18 13 11 16 24 23 26 28 25 18 13 18 16 11 6 3 5 0 13 18 16 24 27 31 34 43 47 52 53 50 
33 39 40 32 28 25 18 16 11 16 24 23 26 28 25 18 13 11 16 18 15 9 2 0 13 18 16 24 27 31 34 43 47 52 53 50 
33 30 24 20 17 16 11 13 11 6 8 7 4 1 3 5 0 13 18 16 24 27 31 34 43 47 52 53 50 
33 30 24 16 18 13 3 6 11 12 10 8 7 4 1 3 13 0 13 18 16 24 27 31 34 38 42 49 50 
33 30 24 16 18 13 11 13 11 12 10 8 6 3 5 0 13 18 16 24 27 31 34 43 47 52 53 50 
33 30 24 27 22 21 17 16 11 6 8 7 4 1 3 13 0 2 9 15 18 25 28 32 40 56 58 55 49 50 
33 30 24 16 11 13 0 13 11 16 24 27 31 34 43 47 52 53 50 
33 30 24 20 17 14 12 11 12 10 8 6 3 13 3 6 11 16 18 15 9 2 0 13 18 25 28 32 40 56 51 42 49 50 
33 39 40 32 28 25 18 16 11 16 18 15 9 2 0 13 3 6 11 16 18 15 9 2 0 13 18 16 24 30 33 39 38 42 49 50 
33 30 24 20 17 14 12 11 16 18 15 9 2 0 13 11 12 10 8 6 3 5 0 13 11 16 24 27 31 34 38 42 49 50 
---------------
Request id 30
25 18 13 11 16 18 25 28 32 35 37 
25 29 19 15 18 13 11 13 18 25 28 32 35 37 
25 18 16 11 13 18 25 29 36 37 
25 18 13 11 6 3 13 18 25 29 36 37 
25 18 13 11 16 18 15 19 29 36 37 
25 18 13 0 5 3 6 11 13 18 25 29 36 37 
25 18 16 11 13 18 15 19 29 36 37 
25 18 15 9 2 0 13 11 6 3 13 18 25 29 36 37 
25 18 13 3 6 11 13 0 2 9 15 19 29 36 37 
25 18 13 3 6 11 6 3 13 18 25 29 36 37 
25 29 19 15 18 13 11 13 0 2 9 15 19 29 36 37 
25 29 19 15 18 13 11 6 3 13 18 25 29 36 37 
25 18 16 17 14 12 11 16 18 25 28 32 35 37 
25 28 26 23 24 16 18 13 11 12 14 17 16 18 25 29 36 37 
25 18 13 3 6 11 12 14 17 16 18 25 29 36 37 
25 18 16 17 14 12 11 16 24 23 26 28 32 35 37 
25 18 16 17 14 12 11 13 0 2 9 15 19 29 36 37 
25 29 19 15 18 16 11 13 0 2 9 15 19 29 36 37 
25 29 19 15 18 13 11 16 18 15 19 29 36 37 
25 28 26 23 24 16 18 13 11 16 18 15 19 29 36 37 
25 18 13 11 13 18 15 19 29 36 37 
25 29 19 15 18 13 11 12 14 17 16 18 25 29 36 37 
25 29 19 15 18 13 11 13 18 15 19 29 36 37 
25 18 16 11 6 3 13 18 25 29 36 37 
25 18 16 17 14 12 11 13 18 25 28 32 35 37 
25 18 16 11 16 24 23 26 28 32 35 37 
25 28 26 23 24 16 11 13 18 25 28 32 35 37 
25 18 13 0 5 3 6 11 13 18 25 28 32 35 37 
25 18 13 11 16 18 25 29 36 37 
25 29 19 15 18 13 11 16 18 25 28 32 35 37 
25 28 26 23 24 16 18 13 11 13 18 25 28 32 35 37 
25 29 19 15 18 16 11 13 18 15 19 29 36 37 
25 18 13 3 6 11 13 18 25 28 32 35 37 
25 18 13 11 13 18 25 29 36 37 
25 28 26 23 24 16 18 13 11 16 18 25 28 32 35 37 
25 18 16 17 14 12 11 12 14 17 16 18 25 29 36 37 
25 18 16 17 14 12 11 13 18 25 29 36 37 
25 18 16 11 12 14 17 16 18 25 29 36 37 
25 18 13 11 13 18 25 28 32 35 37 
25 18 15 9 2 0 13 11 13 18 25 28 32 35 37 
---------------
Request id 13
70 64 65 54 62 61 41 40 39 40 56 58 63 66 67 68 65 
70 64 60 57 48 44 45 37 35 32 40 39 40 41 61 62 66 67 68 65 
70 64 65 68 67 66 62 61 41 40 39 40 41 61 62 66 67 68 65 
70 64 65 54 62 66 63 58 56 40 39 40 41 61 62 66 67 68 65 
70 64 60 57 48 46 41 40 39 40 56 59 61 62 54 65 
70 64 65 54 62 61 41 40 39 38 42 51 56 59 61 62 54 65 
70 64 65 68 67 66 62 61 41 40 39 40 56 58 63 66 62 54 65 
70 64 65 54 46 41 40 39 40 41 46 48 57 60 64 65 
70 64 65 54 62 66 63 58 56 40 39 40 56 59 61 62 66 67 68 65 
70 64 60 57 48 46 41 40 39 40 41 61 62 66 67 68 65 
70 64 65 68 67 66 62 61 41 40 39 40 56 59 61 41 46 54 65 
70 64 65 54 62 61 59 56 40 39 40 56 59 61 62 54 65 
70 64 65 54 46 41 61 59 56 40 39 40 41 61 62 66 67 68 65 
70 64 65 54 46 41 40 56 51 42 38 39 40 56 58 63 66 62 54 65 
70 64 65 54 46 41 61 59 56 40 39 40 56 58 63 66 62 54 65 
70 64 65 54 46 41 40 56 51 42 38 39 40 41 46 48 57 60 64 65 
70 64 65 54 46 41 61 59 56 40 39 40 41 46 48 57 60 64 65 
70 64 65 68 67 66 62 61 41 40 39 38 42 51 56 59 61 62 54 65 
70 64 65 68 67 66 62 61 41 40 39 40 56 59 61 62 54 65 
70 64 65 54 46 41 40 56 51 42 38 39 40 41 61 62 54 65 
70 64 65 68 67 66 63 58 56 40 39 40 41 46 54 65 
70 64 65 68 67 66 63 58 56 40 39 40 56 58 63 66 62 54 65 
70 64 65 54 46 41 40 56 51 42 38 39 40 56 59 61 62 66 67 68 65 
70 64 65 54 46 41 40 39 40 41 61 62 66 67 68 65 
70 64 65 68 67 66 62 61 41 40 39 40 41 61 62 54 65 
70 64 65 54 62 61 41 40 39 40 56 59 61 62 54 65 
70 64 65 54 62 66 63 58 56 40 39 40 41 46 54 65 
70 64 65 54 62 61 41 40 39 40 41 61 62 54 65 
70 64 65 68 67 66 63 58 56 40 39 40 41 61 62 66 67 68 65 
70 64 65 54 62 66 63 58 56 40 39 40 41 61 62 54 65 
70 64 65 68 67 66 63 58 56 40 39 40 56 59 61 62 66 67 68 65 
70 64 65 54 46 41 40 39 40 56 59 61 62 54 65 
70 64 65 54 46 41 40 56 51 42 38 39 40 56 59 61 62 54 65 
70 64 65 54 62 61 59 56 40 39 40 41 46 48 57 60 64 65 
70 64 65 54 62 61 59 56 40 39 40 56 58 63 66 67 68 65 
70 64 60 57 48 46 41 40 39 40 56 59 61 62 66 67 68 65 
70 64 65 54 62 61 59 56 40 39 38 42 51 56 59 61 62 54 65 
70 64 65 54 62 61 41 40 39 40 41 46 54 65 
70 64 65 54 46 41 61 59 56 40 39 38 42 51 56 59 61 62 54 65 
70 64 60 57 48 46 41 40 39 40 56 58 63 66 67 68 65 
---------------
