Request id 19
11 16 18 25 28 32 35 37 36 29 25 18 13 3 6 8 
11 16 18 25 28 32 35 37 36 29 25 18 16 11 6 8 
11 16 18 25 28 32 35 37 36 29 25 18 13 11 6 8 
11 16 18 25 28 32 35 37 36 29 19 15 18 13 3 6 8 
11 16 18 25 28 32 35 37 36 29 25 18 13 11 12 10 8 
11 16 18 25 28 32 35 37 36 29 19 15 18 16 11 6 8 
11 16 18 25 28 32 35 37 36 29 19 15 18 13 11 6 8 
11 16 18 25 28 32 35 37 36 29 25 18 16 11 12 10 8 
11 16 18 25 28 32 35 37 36 29 25 18 13 0 5 3 6 8 
11 16 18 25 28 32 35 37 36 29 19 15 18 16 11 12 10 8 
---------------
Request id 4
48 57 60 64 70 74 73 74 70 64 65 54 46 41 40 32 35 32 28 25 18 13 3 1 
48 57 60 64 70 74 73 74 70 64 65 54 46 41 40 32 35 37 36 29 25 18 13 3 1 
48 57 60 64 70 74 73 74 70 64 65 54 46 41 40 32 35 32 28 25 18 16 11 13 3 1 
48 57 60 64 70 74 73 74 70 64 65 54 46 41 40 32 35 37 36 29 19 15 18 13 3 1 
48 57 60 64 70 74 73 74 70 64 65 54 46 41 40 32 35 32 28 25 18 16 11 6 3 1 
48 57 60 64 70 74 73 74 70 64 65 54 46 41 40 32 35 32 28 25 18 13 0 5 3 1 
48 57 60 64 70 74 73 74 70 64 65 54 46 41 40 32 35 32 28 25 18 13 11 6 3 1 
48 57 60 64 70 74 73 74 70 64 65 54 46 41 40 32 35 32 28 25 29 19 15 18 13 3 1 
48 57 60 64 70 74 73 74 70 64 65 54 46 41 40 32 35 37 36 29 25 18 16 11 6 3 1 
48 57 60 64 70 74 73 74 70 64 65 54 46 41 40 32 35 32 28 26 23 24 16 11 13 3 1 
---------------
Request id 10
1 3 13 18 25 29 36 37 45 37 35 32 40 56 51 56 40 32 35 37 
1 3 13 18 25 29 36 37 45 37 35 32 40 56 51 42 38 39 40 32 35 37 
1 3 13 18 25 29 36 37 45 37 35 32 40 56 51 56 40 32 28 25 29 36 37 
1 3 13 18 25 29 36 37 45 37 35 32 40 56 51 56 59 61 41 40 32 35 37 
1 3 13 18 25 29 36 37 45 37 35 32 40 56 51 56 40 41 46 48 44 45 37 
1 3 13 18 25 29 36 37 45 37 35 32 40 56 51 42 49 55 58 56 40 32 35 37 
1 3 13 18 25 29 36 37 45 37 35 32 40 56 51 56 59 61 41 46 48 44 45 37 
1 3 13 18 25 29 36 37 45 37 35 32 40 56 51 56 59 61 62 54 46 48 44 45 37 
1 3 13 18 25 29 36 37 45 37 35 32 40 56 51 42 38 39 40 32 28 25 29 36 37 
1 3 13 18 25 29 36 37 45 37 35 32 40 56 51 42 38 39 40 41 46 48 44 45 37 
---------------
Request id 9
6 11 13 18 25 29 36 37 45 37 35 32 28 25 18 15 9 
6 11 13 18 25 29 36 37 45 37 35 37 36 29 19 15 9 
6 11 13 18 25 29 36 37 45 37 35 32 28 25 29 19 15 9 
6 11 13 18 25 29 36 37 45 37 35 37 36 29 25 18 15 9 
6 11 13 18 25 29 36 37 45 37 35 32 28 25 18 13 0 2 9 
6 11 13 18 25 29 36 37 45 37 35 32 28 26 23 24 16 18 15 9 
6 11 13 18 25 29 36 37 45 37 35 37 36 29 25 18 13 0 2 9 
6 11 13 18 25 29 36 37 45 37 35 32 40 39 33 30 24 16 18 15 9 
6 11 13 18 25 29 36 37 45 37 35 32 28 25 18 13 3 5 0 2 9 
6 11 13 18 25 29 36 37 45 37 35 32 28 25 18 16 11 13 0 2 9 
---------------
Request id 8
41 40 32 35 37 45 44 48 
41 40 32 35 32 40 41 46 48 
41 40 32 35 32 40 56 59 61 41 46 48 
41 40 32 35 32 40 41 61 62 54 46 48 
41 40 32 35 32 28 25 29 36 37 45 44 48 
41 40 32 35 32 40 56 59 61 62 54 46 48 
41 40 32 35 37 36 29 25 28 32 40 41 46 48 
41 40 32 35 32 40 56 58 63 66 62 54 46 48 
41 40 32 35 32 40 41 46 54 65 64 60 57 48 
41 40 32 35 32 40 41 61 62 54 65 64 60 57 48 
---------------
Request id 7
3 13 18 25 28 32 35 32 40 41 46 54 
3 13 18 25 28 32 35 37 45 44 48 46 54 
3 13 18 25 28 32 35 32 40 41 61 62 54 
3 13 18 25 28 32 35 32 40 56 59 61 62 54 
3 13 18 25 28 32 35 32 40 56 58 63 66 62 54 
3 13 18 25 28 32 35 32 40 56 59 61 41 46 54 
3 13 18 25 28 32 35 37 45 44 48 57 60 64 65 54 
3 13 18 25 28 32 35 37 45 44 48 46 41 61 62 54 
3 13 18 25 28 32 35 32 40 41 61 62 66 67 68 65 54 
3 13 18 25 28 32 35 32 40 41 46 48 57 60 64 65 54 
---------------
Request id 12
64 70 64 65 68 69 
64 70 74 73 72 71 69 
64 70 64 65 68 67 69 
64 70 64 65 54 62 66 67 69 
64 70 64 65 54 62 66 67 68 69 
64 70 64 60 57 48 46 54 65 68 69 
64 70 64 60 57 48 46 54 65 68 67 69 
64 70 64 65 54 46 41 61 62 66 67 69 
64 70 64 60 57 48 46 54 62 66 67 69 
64 70 64 65 54 46 41 61 62 66 67 68 69 
---------------
Request id 17
40 41 46 48 44 48 46 54 62 66 63 66 67 69 71 69 68 65 54 46 41 40 32 28 25 18 13 11 12 10 
40 41 46 48 44 48 46 54 62 66 63 66 67 69 71 69 67 66 62 61 41 40 39 33 30 24 16 11 12 10 
40 41 46 48 44 48 46 54 62 66 63 66 67 69 71 69 68 65 54 46 41 40 39 33 30 24 16 11 12 10 
40 41 46 48 44 48 46 54 62 66 63 66 67 69 71 69 67 66 63 58 56 40 32 28 25 18 16 11 12 10 
40 41 46 48 44 48 46 54 62 66 63 66 67 69 71 69 67 66 62 61 41 40 32 28 25 18 13 11 12 10 
40 41 46 48 44 48 46 54 62 66 63 66 67 69 71 69 67 66 63 58 56 40 39 33 30 24 16 11 12 10 
40 41 46 48 44 48 46 54 62 66 63 66 67 69 71 69 67 66 63 58 56 40 32 28 25 18 13 11 12 10 
40 41 46 48 44 48 46 54 62 66 63 66 67 69 71 69 68 65 54 46 41 40 32 28 25 18 16 11 12 10 
40 41 46 48 44 48 46 54 62 66 63 66 67 69 71 69 67 66 62 61 41 40 32 28 25 18 16 11 12 10 
40 41 46 48 44 48 46 54 62 66 63 66 67 69 71 69 68 65 54 46 41 40 32 28 25 18 16 11 6 8 10 
---------------
Request id 15
32 35 37 45 37 36 29 25 18 13 
32 35 37 45 37 35 32 28 25 18 13 
32 35 37 45 37 36 29 19 15 18 13 
32 35 37 45 37 36 29 25 18 16 11 13 
32 35 37 45 37 36 29 19 15 18 16 11 13 
32 35 37 45 37 35 32 28 25 18 16 11 13 
32 35 37 45 37 36 29 19 15 9 2 0 13 
32 35 37 45 37 35 32 28 25 29 19 15 18 13 
32 35 37 45 44 48 46 41 40 32 28 25 18 13 
32 35 37 45 37 36 29 25 18 16 11 6 3 13 
---------------
Request id 16
26 28 25 29 36 29 25 28 
26 28 25 29 36 37 35 32 28 
26 28 25 29 36 29 19 15 18 25 28 
26 28 25 29 36 29 25 18 16 24 23 26 28 
26 28 25 29 36 29 19 15 18 16 24 23 26 28 
26 28 25 29 36 37 45 44 48 46 41 40 32 28 
26 28 25 29 36 29 19 15 9 2 0 13 18 25 28 
26 28 25 29 36 29 25 18 13 11 16 24 23 26 28 
26 28 25 29 36 29 25 18 16 17 20 24 23 26 28 
26 28 25 29 36 37 35 32 40 39 33 30 24 23 26 28 
---------------
Request id 6
13 18 25 28 32 40 56 51 56 40 32 35 32 28 25 
13 18 25 28 32 40 56 51 56 40 32 35 37 36 29 25 
13 18 25 28 32 40 56 51 56 40 32 35 37 36 29 19 15 18 25 
13 18 25 28 32 40 56 51 56 40 32 35 32 28 26 23 24 16 18 25 
13 18 25 28 32 40 56 51 56 40 32 35 32 40 39 33 30 24 16 18 25 
13 18 25 28 32 40 56 51 56 40 32 35 37 45 44 48 46 41 40 32 28 25 
13 18 25 28 32 40 56 51 56 40 32 35 32 28 26 23 24 16 11 13 18 25 
13 18 25 28 32 40 56 51 56 40 32 35 32 40 39 33 30 24 23 26 28 25 
13 18 25 28 32 40 56 51 56 40 32 35 32 28 26 23 24 20 17 16 18 25 
13 18 25 28 32 40 56 51 56 40 32 35 32 40 39 33 30 24 16 11 13 18 25 
---------------
Request id 11
48 44 45 44 48 46 54 62 66 63 58 56 40 32 35 32 28 25 18 13 3 1 4 
48 44 45 44 48 46 54 62 66 63 58 56 40 32 35 37 36 29 25 18 13 3 1 4 
48 44 45 44 48 46 54 62 66 63 58 56 40 32 35 32 28 25 18 13 3 6 8 7 4 
48 44 45 44 48 46 54 62 66 63 58 56 40 32 35 32 28 25 18 16 11 6 3 1 4 
48 44 45 44 48 46 54 62 66 63 58 56 40 32 35 37 36 29 19 15 18 13 3 1 4 
48 44 45 44 48 46 54 62 66 63 58 56 40 32 35 32 28 25 18 13 11 6 8 7 4 
48 44 45 44 48 46 54 62 66 63 58 56 40 32 35 32 28 25 18 16 11 13 3 1 4 
48 44 45 44 48 46 54 62 66 63 58 56 40 32 35 32 28 25 18 13 0 5 3 1 4 
48 44 45 44 48 46 54 62 66 63 58 56 40 32 35 32 28 25 18 13 11 6 3 1 4 
48 44 45 44 48 46 54 62 66 63 58 56 40 32 35 32 28 25 18 16 11 6 8 7 4 
---------------
Request id 3
8 6 11 16 24 30 33 30 24 16 18 
8 6 11 16 24 30 33 39 40 32 28 25 18 
8 6 11 16 24 30 33 30 24 16 11 13 18 
8 6 11 16 24 30 33 30 24 20 17 16 18 
8 6 11 16 24 30 33 30 24 23 26 28 25 18 
8 6 11 16 24 30 33 30 24 16 11 6 3 13 18 
8 6 11 16 24 30 33 30 24 27 22 21 17 16 18 
8 6 11 16 24 30 33 39 38 34 31 27 24 16 18 
8 6 11 16 24 30 33 30 24 20 17 16 11 13 18 
8 6 11 16 24 30 33 39 40 32 28 25 29 19 15 18 
---------------
Request id 14
29 25 18 16 24 30 33 39 40 56 51 56 40 41 46 48 44 45 37 36 29 25 18 16 11 12 10 
29 25 18 16 24 30 33 39 40 56 51 56 40 41 46 48 44 45 37 36 29 25 18 13 11 12 10 
29 25 18 16 24 30 33 39 40 56 51 56 40 41 46 48 44 45 37 36 29 25 18 16 11 6 8 10 
29 25 18 16 24 30 33 39 40 56 51 56 40 41 46 48 44 45 37 36 29 25 18 13 11 6 8 10 
29 25 18 16 24 30 33 39 40 56 51 56 40 41 46 48 44 45 37 35 32 28 25 18 13 11 12 10 
29 25 18 16 24 30 33 39 40 56 51 56 40 41 46 48 44 45 37 36 29 19 15 18 13 11 12 10 
29 25 18 16 24 30 33 39 40 56 51 56 40 41 46 48 44 45 37 36 29 25 18 16 17 14 12 10 
29 25 18 16 24 30 33 39 40 56 51 56 40 41 46 48 44 45 37 35 32 28 25 18 16 11 12 10 
29 25 18 16 24 30 33 39 40 56 51 56 40 41 46 48 44 45 37 36 29 19 15 18 16 11 12 10 
29 25 18 16 24 30 33 39 40 56 51 56 40 41 46 48 44 45 37 36 29 25 18 13 3 6 8 10 
---------------
Request id 20
25 28 32 35 37 45 44 48 57 48 44 45 37 35 37 
25 28 32 35 37 45 44 48 57 48 44 45 37 35 32 28 25 29 36 37 
25 28 32 35 37 45 44 48 57 48 44 45 37 35 32 40 41 46 48 44 45 37 
25 28 32 35 37 45 44 48 57 48 44 45 37 35 32 28 25 18 15 19 29 36 37 
25 28 32 35 37 45 44 48 57 48 44 45 37 35 32 28 26 23 24 16 18 25 29 36 37 
25 28 32 35 37 45 44 48 57 48 44 45 37 35 32 40 56 59 61 41 46 48 44 45 37 
25 28 32 35 37 45 44 48 57 48 44 45 37 35 32 40 41 61 62 54 46 48 44 45 37 
25 28 32 35 37 45 44 48 57 48 44 45 37 35 32 28 26 23 24 16 18 15 19 29 36 37 
25 28 32 35 37 45 44 48 57 48 44 45 37 35 32 40 39 33 30 24 16 18 25 29 36 37 
25 28 32 35 37 45 44 48 57 48 44 45 37 35 32 40 56 59 61 62 54 46 48 44 45 37 
---------------
Request id 1
65 64 70 64 60 57 60 64 70 74 73 74 70 64 65 54 46 41 40 39 33 30 24 20 
65 64 70 64 60 57 60 64 70 74 73 72 71 69 67 66 63 58 56 40 39 33 30 24 20 
65 64 70 64 60 57 60 64 70 74 73 74 70 64 60 57 48 46 41 40 39 33 30 24 20 
65 64 70 64 60 57 60 64 70 74 73 74 70 64 65 54 62 61 41 40 39 33 30 24 20 
65 64 70 64 60 57 60 64 70 74 73 72 71 69 68 65 54 46 41 40 39 33 30 24 20 
65 64 70 64 60 57 60 64 70 74 73 72 71 69 67 66 62 61 41 40 39 33 30 24 20 
65 64 70 64 60 57 60 64 70 74 73 74 70 64 65 54 46 41 40 32 28 26 23 24 20 
65 64 70 64 60 57 60 64 70 74 73 74 70 64 65 54 46 41 40 39 38 34 31 27 24 20 
65 64 70 64 60 57 60 64 70 74 73 74 70 64 65 54 46 41 40 39 33 30 24 16 17 20 
65 64 70 64 60 57 60 64 70 74 73 72 71 69 68 65 54 46 41 40 32 28 26 23 24 20 
---------------
Request id 13
13 18 25 29 36 37 45 44 45 37 35 32 28 25 18 16 
13 18 25 29 36 37 45 44 45 37 35 37 36 29 25 18 16 
13 18 25 29 36 37 45 44 45 37 35 32 28 26 23 24 16 
13 18 25 29 36 37 45 44 45 37 35 32 40 39 33 30 24 16 
13 18 25 29 36 37 45 44 45 37 35 32 28 25 18 13 11 16 
13 18 25 29 36 37 45 44 45 37 35 37 36 29 19 15 18 16 
13 18 25 29 36 37 45 44 45 37 35 32 28 26 23 24 20 17 16 
13 18 25 29 36 37 45 44 45 37 35 37 36 29 25 18 13 11 16 
13 18 25 29 36 37 45 44 45 37 35 32 28 25 29 19 15 18 16 
13 18 25 29 36 37 45 44 45 37 35 37 36 29 19 15 18 13 11 16 
---------------
Request id 18
39 40 32 35 37 45 37 36 29 25 18 13 3 6 8 
39 40 32 35 37 45 37 36 29 25 18 16 11 6 8 
39 40 32 35 37 45 37 36 29 25 18 13 11 6 8 
39 40 32 35 37 45 37 35 32 28 25 18 13 11 6 8 
39 40 32 35 37 45 37 36 29 19 15 18 13 3 6 8 
39 40 32 35 37 45 37 35 32 28 25 18 16 11 6 8 
39 40 32 35 37 45 37 35 32 28 25 18 13 3 6 8 
39 40 32 35 37 45 37 36 29 25 18 13 11 12 10 8 
39 40 32 35 37 45 37 36 29 19 15 18 16 11 6 8 
39 40 32 35 37 45 37 36 29 19 15 18 13 11 6 8 
---------------
Request id 2
42 51 56 40 32 35 37 45 44 48 57 60 64 70 64 65 54 46 41 40 32 28 25 18 16 17 
42 51 56 40 32 35 37 45 44 48 57 60 64 70 64 65 54 46 41 40 39 33 30 24 20 17 
42 51 56 40 32 35 37 45 44 48 57 60 64 70 64 65 54 46 41 40 39 33 30 24 16 17 
42 51 56 40 32 35 37 45 44 48 57 60 64 70 64 65 54 62 61 41 40 39 33 30 24 20 17 
42 51 56 40 32 35 37 45 44 48 57 60 64 70 64 65 54 46 41 40 32 28 26 23 24 16 17 
42 51 56 40 32 35 37 45 44 48 57 60 64 70 64 60 57 48 46 41 40 32 28 25 18 16 17 
42 51 56 40 32 35 37 45 44 48 57 60 64 70 64 65 54 62 61 41 40 32 28 25 18 16 17 
42 51 56 40 32 35 37 45 44 48 57 60 64 70 64 65 54 62 61 41 40 39 33 30 24 16 17 
42 51 56 40 32 35 37 45 44 48 57 60 64 70 64 65 54 46 41 40 32 28 26 23 24 20 17 
42 51 56 40 32 35 37 45 44 48 57 60 64 70 64 60 57 48 44 45 37 36 29 25 18 16 17 
---------------
Request id 5
66 62 61 41 40 32 35 32 40 56 51 42 38 34 31 27 24 16 11 12 
66 62 61 41 40 32 35 32 40 56 51 42 38 34 31 27 22 21 17 14 12 
66 62 61 41 40 32 35 32 40 56 51 42 38 34 31 27 24 16 17 14 12 
66 62 61 41 40 32 35 32 40 56 51 42 38 34 31 27 24 20 17 14 12 
66 62 61 41 40 32 35 32 40 56 51 42 38 34 31 27 24 16 18 13 11 12 
66 62 61 41 40 32 35 32 40 56 51 42 38 34 31 27 24 20 17 16 11 12 
66 62 61 41 40 32 35 32 40 56 51 42 38 34 31 27 22 21 17 16 11 12 
66 62 61 41 40 32 35 32 40 56 51 42 38 34 31 27 24 16 11 6 8 10 12 
66 62 61 41 40 32 35 32 40 56 51 42 38 34 31 34 38 39 33 30 24 16 11 12 
66 62 61 41 40 32 35 32 40 56 51 42 38 34 31 27 24 20 17 16 18 13 11 12 
---------------
