Request id 20
3 9 17 18 27 18 17 23 29 35 36 40 46 49 56 75 78 66 78 75 91 75 78 66 68 63 67 74 71 81 80 69 
3 9 17 18 27 18 17 23 29 35 36 40 46 49 56 75 78 66 78 75 91 75 72 73 77 68 63 67 74 71 81 80 69 
3 9 17 18 27 18 17 23 29 35 36 40 46 49 56 75 78 66 78 75 91 75 78 66 68 63 67 74 83 84 82 81 80 69 
3 9 17 18 27 18 17 23 29 35 36 40 46 49 56 75 78 66 78 75 91 75 78 66 68 63 67 62 65 54 57 59 64 69 
3 9 17 18 27 18 17 23 29 35 36 40 46 49 56 75 78 66 78 75 91 75 72 73 77 68 63 67 74 83 84 82 81 80 69 
3 9 17 18 27 18 17 23 29 35 36 40 46 49 56 75 78 66 78 75 91 75 72 73 77 68 63 67 62 65 54 57 59 64 69 
3 9 17 18 27 18 17 23 29 35 36 40 46 49 56 75 78 66 78 75 91 75 56 49 46 50 52 55 58 60 62 67 74 71 81 80 69 
3 9 17 18 27 18 17 23 29 35 36 40 46 49 56 75 78 66 78 75 91 75 56 49 46 50 52 55 58 60 62 65 54 57 59 64 69 
3 9 17 18 27 18 17 23 29 35 36 40 46 49 56 75 78 66 78 75 91 75 78 66 68 63 67 62 65 45 34 48 53 54 57 59 64 69 
3 9 17 18 27 18 17 23 29 35 36 40 46 49 56 75 78 66 78 75 91 75 56 49 46 50 52 55 58 60 62 67 74 83 84 82 81 80 69 
---------------
Request id 10
40 46 49 56 75 78 66 68 63 67 74 83 
40 46 49 56 75 78 66 68 63 67 74 71 81 82 84 83 
40 46 49 56 75 78 66 78 75 72 73 77 68 63 67 74 83 
40 46 49 56 75 78 66 78 75 72 73 77 68 63 67 74 71 81 82 84 83 
40 46 49 56 75 78 66 78 75 56 49 46 50 52 55 58 60 62 67 74 83 
40 46 49 56 75 78 66 68 63 67 62 65 54 57 59 64 69 80 81 71 74 83 
40 46 49 56 75 78 66 68 63 67 62 65 54 57 59 64 69 80 81 82 84 83 
40 46 49 56 75 78 66 68 77 73 72 75 56 49 46 50 52 55 58 60 62 67 74 83 
40 46 49 56 75 78 66 78 75 56 49 46 50 52 55 58 60 62 67 74 71 81 82 84 83 
40 46 49 56 75 78 66 68 63 67 62 65 45 34 48 53 54 57 59 64 69 80 81 82 84 83 
---------------
Request id 17
79 69 80 81 71 74 67 62 60 58 55 52 50 46 40 36 
79 69 80 81 71 74 67 63 68 66 78 75 56 49 46 40 36 
79 69 80 81 71 74 67 63 68 77 73 72 75 56 49 46 40 36 
79 69 80 81 71 81 82 84 83 74 67 62 60 58 55 52 50 46 40 36 
79 69 80 81 71 74 67 62 60 58 55 52 50 46 40 37 30 21 26 35 36 
79 69 80 81 71 81 82 84 83 74 67 63 68 66 78 75 56 49 46 40 36 
79 69 80 81 71 74 67 63 68 66 78 75 56 49 46 40 37 30 21 26 35 36 
79 69 80 81 71 81 80 69 64 59 57 54 65 62 60 58 55 52 50 46 40 36 
79 69 80 81 71 81 82 84 83 74 67 63 68 77 73 72 75 56 49 46 40 36 
79 69 80 81 71 74 67 63 68 77 73 72 75 56 49 46 40 37 30 21 26 35 36 
---------------
Request id 18
12 17 23 29 35 36 40 46 50 52 55 58 60 62 67 74 71 74 67 62 60 58 55 52 50 46 40 43 
12 17 23 29 35 36 40 46 50 52 55 58 60 62 67 74 71 74 67 63 68 66 78 75 56 49 46 40 43 
12 17 23 29 35 36 40 46 50 52 55 58 60 62 67 74 71 74 67 62 60 58 55 52 50 46 40 41 33 43 
12 17 23 29 35 36 40 46 50 52 55 58 60 62 67 74 71 74 67 63 68 77 73 72 75 56 49 46 40 43 
12 17 23 29 35 36 40 46 50 52 55 58 60 62 67 74 71 74 67 63 68 66 78 75 56 49 46 40 41 33 43 
12 17 23 29 35 36 40 46 50 52 55 58 60 62 67 74 71 81 82 84 83 74 67 62 60 58 55 52 50 46 40 43 
12 17 23 29 35 36 40 46 50 52 55 58 60 62 67 74 71 74 67 63 68 77 73 72 75 56 49 46 40 41 33 43 
12 17 23 29 35 36 40 46 50 52 55 58 60 62 67 74 71 81 82 84 83 74 67 63 68 66 78 75 56 49 46 40 43 
12 17 23 29 35 36 40 46 50 52 55 58 60 62 67 74 71 74 67 62 60 58 55 52 50 46 40 28 19 5 15 20 33 43 
12 17 23 29 35 36 40 46 50 52 55 58 60 62 67 74 71 81 82 84 83 74 67 62 60 58 55 52 50 46 40 41 33 43 
---------------
Request id 5
49 46 47 46 50 52 55 58 60 62 67 74 71 71 74 67 62 60 58 55 52 50 46 40 36 35 29 23 17 9 
49 46 47 46 50 52 55 58 60 62 67 74 71 71 74 67 63 68 66 78 75 56 49 46 40 36 35 29 23 17 9 
49 46 47 46 50 52 55 58 60 62 67 74 71 71 74 67 63 68 77 73 72 75 56 49 46 40 36 35 29 23 17 9 
49 46 47 46 50 52 55 58 60 62 67 74 71 71 74 67 62 60 58 55 52 50 46 40 37 30 21 26 35 29 23 17 9 
49 46 47 46 50 52 55 58 60 62 67 74 71 71 81 82 84 83 74 67 62 60 58 55 52 50 46 40 36 35 29 23 17 9 
49 46 47 46 50 52 55 58 60 62 67 74 71 71 74 67 63 68 66 78 75 56 49 46 40 37 30 21 26 35 29 23 17 9 
49 46 47 46 50 52 55 58 60 62 67 74 71 71 74 67 63 68 77 73 72 75 56 49 46 40 37 30 21 26 35 29 23 17 9 
49 46 47 46 50 52 55 58 60 62 67 74 71 71 81 82 84 83 74 67 63 68 66 78 75 56 49 46 40 36 35 29 23 17 9 
49 46 47 46 50 52 55 58 60 62 67 74 71 71 81 80 69 64 59 57 54 65 62 60 58 55 52 50 46 40 36 35 29 23 17 9 
49 46 47 46 50 52 55 58 60 62 67 74 71 71 81 82 84 83 74 67 63 68 77 73 72 75 56 49 46 40 36 35 29 23 17 9 
---------------
Request id 9
16 10 15 5 19 28 40 46 50 52 55 58 60 62 67 74 83 85 101 103 101 85 83 84 88 89 88 84 83 74 67 
16 10 15 5 19 28 40 46 50 52 55 58 60 62 67 74 83 85 101 103 101 85 83 84 88 89 88 84 82 81 71 74 67 
16 10 15 5 19 28 40 46 50 52 55 58 60 62 67 74 83 85 101 103 101 85 83 84 88 89 88 84 82 81 80 69 64 59 57 54 65 62 67 
16 10 15 5 19 28 40 46 50 52 55 58 60 62 67 74 83 85 101 103 101 85 83 84 88 89 88 84 83 74 71 81 80 69 64 59 57 54 65 62 67 
16 10 15 5 19 28 40 46 50 52 55 58 60 62 67 74 83 85 101 103 101 85 83 84 88 89 88 84 82 81 80 69 64 59 57 54 53 48 34 45 65 62 67 
16 10 15 5 19 28 40 46 50 52 55 58 60 62 67 74 83 85 101 103 101 85 83 84 88 89 88 84 83 74 71 81 80 69 64 59 57 54 53 48 34 45 65 62 67 
16 10 15 5 19 28 40 46 50 52 55 58 60 62 67 74 83 85 101 103 101 85 83 84 88 89 88 84 82 81 80 69 64 59 57 54 65 62 60 58 55 52 50 46 49 56 75 78 66 68 63 67 
16 10 15 5 19 28 40 46 50 52 55 58 60 62 67 74 83 85 101 103 101 85 83 84 88 89 88 84 82 81 80 69 64 59 57 54 65 62 60 58 55 52 50 46 49 56 75 72 73 77 68 63 67 
16 10 15 5 19 28 40 46 50 52 55 58 60 62 67 74 83 85 101 103 101 85 83 84 88 89 88 84 83 74 71 81 80 69 64 59 57 54 65 62 60 58 55 52 50 46 49 56 75 78 66 68 63 67 
16 10 15 5 19 28 40 46 50 52 55 58 60 62 67 74 83 85 101 103 101 85 83 84 88 89 88 84 83 74 71 81 80 69 64 59 57 54 65 62 60 58 55 52 50 46 49 56 75 72 73 77 68 63 67 
---------------
Request id 7
43 40 46 49 56 75 78 66 78 75 56 49 46 40 36 35 29 23 17 9 13 
43 40 46 49 56 75 78 66 68 77 73 72 75 56 49 46 40 36 35 29 23 17 9 13 
43 40 46 49 56 75 78 66 78 75 56 49 46 40 37 30 21 26 35 29 23 17 9 13 
43 40 46 49 56 75 78 66 68 63 67 62 60 58 55 52 50 46 40 36 35 29 23 17 9 13 
43 40 46 49 56 75 78 66 78 75 56 49 46 40 36 35 29 23 17 12 7 8 1 2 3 9 13 
43 40 46 49 56 75 78 66 68 77 73 72 75 56 49 46 40 37 30 21 26 35 29 23 17 9 13 
43 40 46 49 56 75 78 66 68 63 67 62 60 58 55 52 50 46 40 37 30 21 26 35 29 23 17 9 13 
43 40 46 49 56 75 78 66 78 75 56 49 46 40 37 30 21 26 35 29 23 17 12 7 8 1 2 3 9 13 
43 40 46 49 56 75 78 66 78 75 56 49 46 40 36 35 29 23 17 9 3 0 4 6 11 14 22 31 32 13 
43 40 46 49 56 75 78 66 68 77 73 72 75 56 49 46 40 36 35 29 23 17 12 7 8 1 2 3 9 13 
---------------
Request id 4
87 85 83 74 71 74 67 62 60 58 55 52 50 46 40 43 33 20 25 24 
87 85 83 74 71 74 67 62 60 58 55 52 50 46 40 41 33 20 25 24 
87 85 83 74 71 74 67 63 68 66 78 75 56 49 46 40 41 33 20 25 24 
87 85 83 74 71 74 67 63 68 66 78 75 56 49 46 40 43 33 20 25 24 
87 85 83 74 71 74 67 62 60 58 55 52 50 46 40 43 33 20 15 10 16 24 
87 85 83 74 71 74 67 62 60 58 55 52 50 46 40 28 19 5 15 10 16 24 
87 85 83 74 71 74 67 63 68 77 73 72 75 56 49 46 40 41 33 20 25 24 
87 85 83 74 71 74 67 63 68 77 73 72 75 56 49 46 40 43 33 20 25 24 
87 85 83 74 71 74 67 62 60 58 55 52 50 46 40 41 33 20 15 10 16 24 
87 85 83 74 71 74 67 62 60 58 55 52 50 46 40 28 19 5 15 20 25 24 
---------------
Request id 6
55 52 50 46 49 42 49 56 75 78 66 68 63 67 74 71 74 67 63 68 66 78 75 
55 52 50 46 49 42 49 56 75 78 66 68 63 67 74 71 74 67 63 68 77 73 72 75 
55 52 50 46 49 42 49 56 75 78 66 68 63 67 74 71 81 82 84 83 74 67 63 68 66 78 75 
55 52 50 46 49 42 49 56 75 78 66 68 63 67 74 71 74 67 62 60 58 55 52 50 46 49 56 75 
55 52 50 46 49 42 49 56 75 78 66 68 63 67 74 71 81 82 84 83 74 67 63 68 77 73 72 75 
55 52 50 46 49 42 49 56 75 78 66 68 63 67 74 71 81 80 69 64 59 57 54 65 62 67 63 68 66 78 75 
55 52 50 46 49 42 49 56 75 78 66 68 63 67 74 71 81 80 69 64 59 57 54 65 62 67 63 68 77 73 72 75 
55 52 50 46 49 42 49 56 75 78 66 68 63 67 74 71 81 82 84 83 74 67 62 60 58 55 52 50 46 49 56 75 
55 52 50 46 49 42 49 56 75 78 66 68 63 67 74 71 81 80 69 64 59 57 54 65 62 60 58 55 52 50 46 49 56 75 
55 52 50 46 49 42 49 56 75 78 66 68 63 67 74 71 81 80 69 64 59 57 54 53 48 34 45 65 62 67 63 68 66 78 75 
---------------
Request id 2
29 35 36 40 46 50 52 55 58 60 62 67 74 71 74 67 63 68 66 78 75 56 49 42 49 56 75 78 66 68 63 67 74 71 81 80 69 79 86 
29 35 36 40 46 50 52 55 58 60 62 67 74 71 74 67 63 68 66 78 75 56 49 42 49 46 50 52 55 58 60 62 65 54 57 59 64 69 79 86 
29 35 36 40 46 50 52 55 58 60 62 67 74 71 74 67 63 68 66 78 75 56 49 42 49 56 75 72 73 77 68 63 67 74 71 81 80 69 79 86 
29 35 36 40 46 50 52 55 58 60 62 67 74 71 74 67 63 68 66 78 75 56 49 42 49 46 50 52 55 58 60 62 67 74 71 81 80 69 79 86 
29 35 36 40 46 50 52 55 58 60 62 67 74 71 74 67 63 68 66 78 75 56 49 42 49 56 75 78 66 68 63 67 74 83 84 82 81 80 69 79 86 
29 35 36 40 46 50 52 55 58 60 62 67 74 71 74 67 63 68 66 78 75 56 49 42 49 56 75 78 66 68 63 67 74 71 81 80 69 79 76 70 86 
29 35 36 40 46 50 52 55 58 60 62 67 74 71 74 67 63 68 66 78 75 56 49 42 49 56 75 78 66 68 63 67 62 65 54 57 59 64 69 79 86 
29 35 36 40 46 50 52 55 58 60 62 67 74 71 74 67 63 68 66 78 75 56 49 42 49 46 50 52 55 58 60 62 67 74 71 81 80 69 79 76 70 86 
29 35 36 40 46 50 52 55 58 60 62 67 74 71 74 67 63 68 66 78 75 56 49 42 49 56 75 72 73 77 68 63 67 74 83 84 82 81 80 69 79 86 
29 35 36 40 46 50 52 55 58 60 62 67 74 71 74 67 63 68 66 78 75 56 49 42 49 46 50 52 55 58 60 62 67 74 83 84 82 81 80 69 79 86 
---------------
Request id 11
67 63 68 66 78 66 78 75 56 49 46 40 36 35 29 23 17 9 
67 63 68 66 78 66 78 75 56 49 46 40 37 30 21 26 35 29 23 17 9 
67 63 68 66 78 66 78 66 68 77 73 72 75 56 49 46 40 36 35 29 23 17 9 
67 63 68 66 78 66 78 75 56 49 46 40 36 35 29 23 17 12 7 8 1 2 3 9 
67 63 68 66 78 66 78 66 68 63 67 62 60 58 55 52 50 46 40 36 35 29 23 17 9 
67 63 68 66 78 66 78 66 68 77 73 72 75 56 49 46 40 37 30 21 26 35 29 23 17 9 
67 63 68 66 78 66 78 75 56 49 46 40 37 30 21 26 35 29 23 17 12 7 8 1 2 3 9 
67 63 68 66 78 66 78 75 72 73 77 68 63 67 62 60 58 55 52 50 46 40 36 35 29 23 17 9 
67 63 68 66 78 66 78 66 68 63 67 62 60 58 55 52 50 46 40 37 30 21 26 35 29 23 17 9 
67 63 68 66 78 66 78 66 68 77 73 72 75 56 49 46 40 36 35 29 23 17 12 7 8 1 2 3 9 
---------------
Request id 19
101 102 98 94 100 99 97 96 97 99 100 94 87 85 83 84 82 81 80 69 
101 102 98 94 100 99 97 96 97 99 100 94 87 85 83 74 71 81 80 69 
101 102 98 94 100 99 97 96 97 99 100 94 98 102 101 85 83 84 82 81 80 69 
101 102 98 94 100 99 97 96 97 99 100 94 98 102 101 85 83 74 71 81 80 69 
101 102 98 94 100 99 97 96 97 99 100 94 87 85 83 74 67 62 65 54 57 59 64 69 
101 102 98 94 100 99 97 96 97 99 100 94 98 102 101 85 83 74 67 62 65 54 57 59 64 69 
101 102 98 94 100 99 97 96 97 99 100 94 87 85 83 84 82 81 71 74 67 62 65 54 57 59 64 69 
101 102 98 94 100 99 97 96 97 99 100 94 87 85 83 74 67 62 65 45 34 48 53 54 57 59 64 69 
101 102 98 94 100 99 97 96 97 99 100 94 98 102 101 85 83 74 67 62 65 45 34 48 53 54 57 59 64 69 
101 102 98 94 100 99 97 96 97 99 100 94 98 102 101 85 83 84 82 81 71 74 67 62 65 54 57 59 64 69 
---------------
Request id 12
94 87 85 83 84 88 89 88 84 82 81 80 69 79 76 70 76 79 69 80 81 82 81 80 69 
94 87 85 83 84 88 89 88 84 82 81 80 69 79 76 70 76 79 69 80 81 82 84 83 74 71 81 80 69 
94 87 85 83 84 88 89 88 84 82 81 80 69 79 76 70 76 79 69 80 81 82 81 71 74 67 62 65 54 57 59 64 69 
94 87 85 83 84 88 89 88 84 82 81 80 69 79 76 70 76 79 69 80 81 82 84 83 74 67 62 65 54 57 59 64 69 
94 87 85 83 84 88 89 88 84 82 81 80 69 79 76 70 76 79 69 80 81 82 81 71 74 67 62 65 45 34 48 53 54 57 59 64 69 
94 87 85 83 84 88 89 88 84 82 81 80 69 79 76 70 76 79 69 80 81 82 84 83 74 67 62 65 45 34 48 53 54 57 59 64 69 
94 87 85 83 84 88 89 88 84 82 81 80 69 79 76 70 76 79 69 80 81 82 81 71 74 67 63 68 66 78 75 56 49 46 50 52 55 58 60 62 65 54 57 59 64 69 
94 87 85 83 84 88 89 88 84 82 81 80 69 79 76 70 76 79 69 80 81 82 84 83 74 67 63 68 66 78 75 56 49 46 50 52 55 58 60 62 65 54 57 59 64 69 
94 87 85 83 84 88 89 88 84 82 81 80 69 79 76 70 76 79 69 80 81 82 81 71 74 67 63 68 77 73 72 75 56 49 46 50 52 55 58 60 62 65 54 57 59 64 69 
94 87 85 83 84 88 89 88 84 82 81 80 69 79 76 70 76 79 69 80 81 82 84 83 74 67 63 68 77 73 72 75 56 49 46 50 52 55 58 60 62 65 54 57 59 64 69 
---------------
Request id 16
32 13 9 17 23 29 35 36 40 41 33 44 33 43 40 36 35 29 38 29 35 26 21 30 
32 13 9 17 23 29 35 36 40 41 33 44 33 43 40 36 35 29 38 29 35 36 40 37 30 
32 13 9 17 23 29 35 36 40 41 33 44 33 41 40 36 35 29 38 29 35 26 21 30 
32 13 9 17 23 29 35 36 40 41 33 44 33 41 40 36 35 29 38 29 35 36 40 37 30 
32 13 9 17 23 29 35 36 40 41 33 44 33 43 40 37 30 21 26 35 29 38 29 35 26 21 30 
32 13 9 17 23 29 35 36 40 41 33 44 33 43 40 37 30 21 26 35 29 38 29 35 36 40 37 30 
32 13 9 17 23 29 35 36 40 41 33 44 33 41 40 37 30 21 26 35 29 38 29 35 26 21 30 
32 13 9 17 23 29 35 36 40 41 33 44 33 41 40 37 30 21 26 35 29 38 29 35 36 40 37 30 
32 13 9 17 23 29 35 36 40 41 33 44 33 20 15 5 19 28 40 36 35 29 38 29 35 26 21 30 
32 13 9 17 23 29 35 36 40 41 33 44 33 20 15 5 19 28 40 36 35 29 38 29 35 36 40 37 30 
---------------
Request id 1
60 62 67 63 68 66 78 75 91 75 56 49 42 49 56 75 91 75 78 66 68 63 67 74 71 81 
60 62 67 63 68 66 78 75 91 75 56 49 42 49 56 75 91 75 72 73 77 68 63 67 74 71 81 
60 62 67 63 68 66 78 75 91 75 56 49 42 49 56 75 91 75 78 66 68 63 67 74 83 84 82 81 
60 62 67 63 68 66 78 75 91 75 56 49 42 49 56 75 91 75 72 73 77 68 63 67 74 83 84 82 81 
60 62 67 63 68 66 78 75 91 75 56 49 42 49 56 75 91 75 56 49 46 50 52 55 58 60 62 67 74 71 81 
60 62 67 63 68 66 78 75 91 75 56 49 42 49 56 75 91 75 78 66 68 63 67 62 65 54 57 59 64 69 80 81 
60 62 67 63 68 66 78 75 91 75 56 49 42 49 56 75 91 75 56 49 46 50 52 55 58 60 62 67 74 83 84 82 81 
60 62 67 63 68 66 78 75 91 75 56 49 42 49 56 75 91 75 72 73 77 68 63 67 62 65 54 57 59 64 69 80 81 
60 62 67 63 68 66 78 75 91 75 56 49 42 49 56 75 91 75 56 49 46 50 52 55 58 60 62 65 54 57 59 64 69 80 81 
60 62 67 63 68 66 78 75 91 75 56 49 42 49 56 75 91 75 78 66 68 63 67 62 65 45 34 48 53 54 57 59 64 69 80 81 
---------------
Request id 13
25 20 33 44 33 41 40 46 49 42 49 46 47 46 50 52 55 58 60 62 
25 20 33 44 33 41 40 46 49 42 49 46 47 46 49 56 75 78 66 68 63 67 62 
25 20 33 44 33 41 40 46 49 42 49 46 47 46 49 56 75 72 73 77 68 63 67 62 
25 20 33 44 33 41 40 46 49 42 49 46 47 46 49 56 75 78 66 68 63 67 74 71 81 80 69 64 59 57 54 65 62 
25 20 33 44 33 41 40 46 49 42 49 46 47 46 49 56 75 72 73 77 68 63 67 74 71 81 80 69 64 59 57 54 65 62 
25 20 33 44 33 41 40 46 49 42 49 46 47 46 49 56 75 78 66 68 63 67 74 83 84 82 81 80 69 64 59 57 54 65 62 
25 20 33 44 33 41 40 46 49 42 49 46 47 46 49 56 75 72 73 77 68 63 67 74 83 84 82 81 80 69 64 59 57 54 65 62 
25 20 33 44 33 41 40 46 49 42 49 46 47 46 49 56 75 78 66 68 63 67 74 71 81 80 69 64 59 57 54 53 48 34 45 65 62 
25 20 33 44 33 41 40 46 49 42 49 46 47 46 49 56 75 72 73 77 68 63 67 74 71 81 80 69 64 59 57 54 53 48 34 45 65 62 
25 20 33 44 33 41 40 46 49 42 49 46 47 46 49 56 75 78 66 68 63 67 74 83 84 82 81 80 69 64 59 57 54 53 48 34 45 65 62 
---------------
Request id 15
7 12 17 23 29 35 36 40 43 33 44 33 43 40 37 
7 12 17 23 29 35 36 40 43 33 44 33 41 40 37 
7 12 17 23 29 35 36 40 43 33 44 33 20 15 5 19 28 40 37 
7 12 17 23 29 35 36 40 43 33 44 33 41 40 36 35 26 21 30 37 
7 12 17 23 29 35 36 40 43 33 44 33 43 40 36 35 26 21 30 37 
7 12 17 23 29 35 36 40 43 33 44 33 20 25 24 16 10 15 5 19 28 40 37 
7 12 17 23 29 35 36 40 43 33 44 33 20 15 5 19 28 40 36 35 26 21 30 37 
7 12 17 23 29 35 36 40 43 33 44 33 20 25 24 16 10 15 5 19 28 40 36 35 26 21 30 37 
7 12 17 23 29 35 36 40 41 33 44 33 43 40 37 
7 12 17 23 29 35 36 40 41 33 44 33 41 40 37 
---------------
Request id 3
53 54 65 62 67 63 68 66 78 75 56 49 42 49 56 75 72 73 72 75 56 49 46 40 36 35 29 23 17 
53 54 65 62 67 63 68 66 78 75 56 49 42 49 56 75 72 73 77 68 66 78 75 56 49 46 40 36 35 29 23 17 
53 54 65 62 67 63 68 66 78 75 56 49 42 49 56 75 72 73 72 75 56 49 46 40 37 30 21 26 35 29 23 17 
53 54 65 62 67 63 68 66 78 75 56 49 42 49 56 75 72 73 77 68 66 78 75 56 49 46 40 37 30 21 26 35 29 23 17 
53 54 65 62 67 63 68 66 78 75 56 49 42 49 56 75 72 73 77 68 63 67 62 60 58 55 52 50 46 40 36 35 29 23 17 
53 54 65 62 67 63 68 66 78 75 56 49 42 49 56 75 72 73 77 68 63 67 62 60 58 55 52 50 46 40 37 30 21 26 35 29 23 17 
53 54 65 62 67 63 68 66 78 75 56 49 42 49 56 75 72 73 72 75 78 66 68 63 67 62 60 58 55 52 50 46 40 36 35 29 23 17 
53 54 65 62 67 63 68 66 78 75 56 49 42 49 56 75 72 73 72 75 78 66 68 63 67 62 60 58 55 52 50 46 40 37 30 21 26 35 29 23 17 
53 54 65 62 67 63 68 66 78 75 56 49 42 49 56 75 72 73 77 68 63 67 74 71 81 80 69 64 59 57 54 65 62 60 58 55 52 50 46 40 36 35 29 23 17 
53 54 65 62 67 63 68 66 78 75 56 49 42 49 56 75 72 73 77 68 63 67 74 83 84 82 81 80 69 64 59 57 54 65 62 60 58 55 52 50 46 40 36 35 29 23 17 
---------------
Request id 14
94 87 85 83 74 71 81 80 81 82 84 83 85 87 
94 87 85 83 74 71 81 80 81 82 81 71 74 83 85 87 
94 87 85 83 74 71 81 80 81 82 84 83 85 101 102 98 94 87 
94 87 85 83 74 71 81 80 81 82 81 71 74 83 85 101 102 98 94 87 
94 87 85 83 74 71 81 80 81 82 81 80 69 64 59 57 54 65 62 67 74 83 85 87 
94 87 85 83 74 71 81 80 81 82 81 80 69 64 59 57 54 65 62 67 74 83 85 101 102 98 94 87 
94 87 85 83 74 71 81 80 81 82 81 80 69 64 59 57 54 53 48 34 45 65 62 67 74 83 85 87 
94 87 85 83 74 71 81 80 81 82 81 80 69 64 59 57 54 53 48 34 45 65 62 67 74 83 85 101 102 98 94 87 
94 87 85 83 74 71 81 80 81 82 81 80 69 64 59 57 54 65 62 60 58 55 52 50 46 49 56 75 78 66 68 63 67 74 83 85 87 
94 87 85 83 74 71 81 80 81 82 81 80 69 64 59 57 54 65 62 60 58 55 52 50 46 49 56 75 72 73 77 68 63 67 74 83 85 87 
---------------
Request id 8
1 8 7 12 17 23 29 35 36 40 46 50 52 55 58 60 62 67 74 71 81 80 69 79 76 70 86 79 69 80 81 71 74 67 62 60 58 55 52 50 46 40 36 35 29 23 17 9 3 
1 8 7 12 17 23 29 35 36 40 46 50 52 55 58 60 62 67 74 71 81 80 69 79 76 70 76 79 69 80 81 71 74 67 62 60 58 55 52 50 46 40 36 35 29 23 17 9 3 
1 8 7 12 17 23 29 35 36 40 46 50 52 55 58 60 62 67 74 71 81 80 69 79 76 70 86 79 69 64 59 57 54 65 62 60 58 55 52 50 46 40 36 35 29 23 17 9 3 
1 8 7 12 17 23 29 35 36 40 46 50 52 55 58 60 62 67 74 71 81 80 69 79 76 70 76 79 69 64 59 57 54 65 62 60 58 55 52 50 46 40 36 35 29 23 17 9 3 
1 8 7 12 17 23 29 35 36 40 46 50 52 55 58 60 62 67 74 71 81 80 69 79 76 70 86 79 69 80 81 71 74 67 63 68 66 78 75 56 49 46 40 36 35 29 23 17 9 3 
1 8 7 12 17 23 29 35 36 40 46 50 52 55 58 60 62 67 74 71 81 80 69 79 76 70 76 79 69 80 81 71 74 67 63 68 66 78 75 56 49 46 40 36 35 29 23 17 9 3 
1 8 7 12 17 23 29 35 36 40 46 50 52 55 58 60 62 67 74 71 81 80 69 79 76 70 76 79 69 80 81 82 84 83 74 67 62 60 58 55 52 50 46 40 36 35 29 23 17 9 3 
1 8 7 12 17 23 29 35 36 40 46 50 52 55 58 60 62 67 74 71 81 80 69 79 76 70 86 79 69 80 81 82 84 83 74 67 62 60 58 55 52 50 46 40 36 35 29 23 17 9 3 
1 8 7 12 17 23 29 35 36 40 46 50 52 55 58 60 62 67 74 71 81 80 69 79 76 70 86 79 69 80 81 71 74 67 63 68 77 73 72 75 56 49 46 40 36 35 29 23 17 9 3 
1 8 7 12 17 23 29 35 36 40 46 50 52 55 58 60 62 67 74 71 81 80 69 79 76 70 76 79 69 80 81 71 74 67 63 68 77 73 72 75 56 49 46 40 36 35 29 23 17 9 3 
---------------
