Request id 4
70 86 79 69 80 81 82 84 83 85 101 85 83 84 82 81 80 69 79 86 93 
70 86 79 69 80 81 82 84 83 85 101 85 83 74 71 81 80 69 79 86 93 
70 86 79 69 80 81 82 84 83 85 101 85 83 84 82 81 80 69 79 76 70 86 93 
70 86 79 69 80 81 82 84 83 85 101 85 83 74 71 81 80 69 79 76 70 86 93 
70 86 79 69 80 81 82 84 83 85 101 102 98 94 87 85 83 84 82 81 80 69 79 86 93 
---------------
Request id 7
91 75 78 66 68 63 67 74 83 74 67 62 65 54 53 
91 75 78 66 68 63 67 74 83 74 67 62 65 45 34 48 53 
91 75 78 66 68 63 67 74 83 74 71 81 80 69 64 59 57 54 53 
91 75 78 66 68 63 67 74 83 84 82 81 71 74 67 62 65 54 53 
91 75 78 66 68 63 67 74 83 84 82 81 80 69 64 59 57 54 53 
---------------
Request id 10
77 68 63 67 74 83 85 83 84 82 81 71 74 67 62 65 45 34 
77 68 63 67 74 83 85 83 84 82 81 80 69 64 59 57 54 53 48 34 
77 68 63 67 74 83 85 83 84 82 81 71 74 67 62 65 54 53 48 34 
77 68 63 67 74 83 85 83 84 82 81 80 69 64 59 57 54 65 45 34 
77 68 63 67 74 83 85 83 84 82 81 82 84 83 74 67 62 65 45 34 
---------------
Request id 1
71 81 80 69 80 81 71 74 67 62 60 58 
71 81 80 69 64 59 57 54 65 62 60 58 
71 81 80 69 80 81 82 84 83 74 67 62 60 58 
71 81 80 69 64 59 57 54 53 48 34 45 65 62 60 58 
71 81 80 69 80 81 71 74 67 63 68 66 78 75 56 49 46 50 52 55 58 
---------------
Request id 6
28 40 46 49 56 75 91 
28 40 46 49 46 50 52 55 58 60 62 67 63 68 66 78 75 91 
28 40 46 49 46 50 52 55 58 60 62 67 63 68 77 73 72 75 91 
28 40 46 49 46 50 52 55 58 60 62 65 54 57 59 64 69 80 81 71 74 67 63 68 66 78 75 91 
28 40 46 49 46 50 52 55 58 60 62 65 54 57 59 64 69 80 81 71 74 67 63 68 77 73 72 75 91 
---------------
Request id 9
66 68 63 67 74 83 85 101 85 87 94 100 
66 68 63 67 74 83 85 101 102 98 94 100 
66 68 63 67 74 71 81 82 84 83 85 101 85 87 94 100 
66 68 63 67 74 71 81 82 84 83 85 101 102 98 94 100 
66 68 63 67 74 83 85 87 94 98 102 101 85 87 94 100 
---------------
Request id 5
89 88 84 83 74 67 62 60 58 55 52 50 46 40 37 30 21 
89 88 84 83 74 67 63 68 66 78 75 56 49 46 40 37 30 21 
89 88 84 83 74 67 62 60 58 55 52 50 46 40 36 35 26 21 
89 88 84 83 74 67 63 68 66 78 75 56 49 46 40 36 35 26 21 
89 88 84 83 74 67 63 68 77 73 72 75 56 49 46 40 37 30 21 
---------------
Request id 8
53 54 57 59 64 69 79 86 79 69 80 81 71 74 83 85 87 94 100 
53 54 57 59 64 69 79 86 79 69 80 81 82 84 83 85 87 94 100 
53 54 57 59 64 69 79 86 79 69 80 81 71 74 83 85 101 102 98 94 100 
53 54 57 59 64 69 79 86 79 69 80 81 82 84 83 85 101 102 98 94 100 
53 54 57 59 64 69 79 86 79 69 64 59 57 54 65 62 67 74 83 85 87 94 100 
---------------
Request id 2
6 4 0 3 9 17 23 29 35 36 40 46 50 52 55 58 60 62 67 63 68 63 67 62 60 58 55 52 50 46 40 36 35 29 23 17 18 27 
6 4 0 3 9 17 23 29 35 36 40 46 50 52 55 58 60 62 67 63 68 63 67 63 68 66 78 75 56 49 46 40 36 35 29 23 17 18 27 
6 4 0 3 9 17 23 29 35 36 40 46 50 52 55 58 60 62 67 63 68 63 67 63 68 77 73 72 75 56 49 46 40 36 35 29 23 17 18 27 
6 4 0 3 9 17 23 29 35 36 40 46 50 52 55 58 60 62 67 63 68 63 67 62 60 58 55 52 50 46 40 37 30 21 26 35 29 23 17 18 27 
6 4 0 3 9 17 23 29 35 36 40 46 50 52 55 58 60 62 67 63 68 63 67 63 68 66 78 75 56 49 46 40 37 30 21 26 35 29 23 17 18 27 
---------------
Request id 3
66 68 63 67 74 71 81 80 69 79 86 93 
66 68 63 67 62 65 54 57 59 64 69 79 86 93 
66 68 63 67 74 71 81 80 69 79 76 70 86 93 
66 68 63 67 74 83 84 82 81 80 69 79 86 93 
66 68 63 67 62 65 54 57 59 64 69 79 76 70 86 93 
---------------
