Request id 4
9 5 2 1 0 1 2 5 12 
9 5 2 1 0 1 3 10 13 12 
9 5 2 1 0 1 0 2 5 12 
9 5 2 1 0 1 3 4 5 12 
9 5 2 1 0 1 3 10 11 12 
9 5 2 1 0 1 0 7 8 13 12 
9 5 2 1 0 1 0 7 8 11 12 
9 5 2 1 0 1 2 0 7 8 13 12 
9 5 2 1 0 1 3 10 11 8 13 12 
9 5 2 1 0 1 0 7 6 4 5 12 
---------------
Request id 24
6 7 0 7 8 8 13 10 
6 7 0 7 8 8 11 10 
6 7 0 7 8 8 13 12 11 10 
6 7 0 7 8 8 11 12 13 10 
6 7 0 7 8 8 9 5 12 13 10 
6 7 0 7 8 8 9 5 12 11 10 
6 7 0 7 8 8 7 6 4 3 10 
6 7 0 7 8 8 9 5 4 3 10 
6 7 0 7 8 8 7 0 1 3 10 
6 7 0 7 8 8 13 12 5 4 3 10 
---------------
Request id 30
13 8 7 0 7 8 13 10 3 
13 8 7 0 7 8 11 10 3 
13 8 7 0 7 8 7 0 1 3 
13 8 7 0 7 8 9 5 4 3 
13 8 7 0 7 8 7 6 4 3 
13 8 7 0 7 8 11 12 13 10 3 
13 8 7 0 7 8 9 5 2 1 3 
13 8 7 0 7 8 11 12 5 4 3 
13 8 7 0 7 8 13 12 11 10 3 
13 8 7 0 7 8 7 0 2 1 3 
---------------
Request id 15
13 8 7 0 7 8 7 0 1 3 10 11 
13 8 7 0 7 8 7 0 1 2 5 12 11 
13 8 7 0 7 8 7 0 1 0 7 8 11 
13 8 7 0 7 8 7 0 1 3 4 5 12 11 
13 8 7 0 7 8 7 0 1 2 0 7 8 11 
13 8 7 0 7 8 7 0 1 2 5 9 8 11 
13 8 7 0 7 8 7 0 1 3 10 13 8 11 
13 8 7 0 7 8 7 0 1 0 2 5 12 11 
13 8 7 0 7 8 7 0 1 3 10 13 12 11 
13 8 7 0 7 8 7 0 1 2 5 12 13 8 11 
---------------
Request id 3
4 6 7 8 7 0 1 0 7 8 13 12 
4 6 7 8 7 0 1 0 7 8 11 12 
4 6 7 8 7 0 1 0 7 8 9 5 12 
4 6 7 8 7 0 1 0 7 8 11 10 13 12 
4 6 7 8 7 0 1 0 7 8 13 10 11 12 
4 6 7 8 7 0 1 0 7 8 7 0 2 5 12 
4 6 7 8 7 0 1 0 7 8 7 6 4 5 12 
4 6 7 8 7 0 1 0 7 8 13 10 3 4 5 12 
4 6 7 8 7 0 1 0 7 8 11 10 3 4 5 12 
4 6 7 8 7 0 1 0 7 8 7 0 1 2 5 12 
---------------
Request id 21
2 0 7 
2 0 2 5 9 8 7 
2 0 1 3 4 6 7 
2 0 2 5 4 6 7 
2 0 2 1 3 4 6 7 
2 0 1 2 5 9 8 7 
2 0 1 3 10 11 8 7 
2 0 1 2 5 4 6 7 
2 0 1 3 10 13 8 7 
2 0 2 5 12 11 8 7 
---------------
Request id 27
6 7 0 7 8 8 11 10 
6 7 0 7 8 8 13 10 
6 7 0 7 8 8 11 12 13 10 
6 7 0 7 8 8 13 12 11 10 
6 7 0 7 8 8 7 0 1 3 10 
6 7 0 7 8 8 9 5 12 11 10 
6 7 0 7 8 8 9 5 12 13 10 
6 7 0 7 8 8 9 5 4 3 10 
6 7 0 7 8 8 7 6 4 3 10 
6 7 0 7 8 8 11 12 5 4 3 10 
---------------
Request id 28
12 11 8 7 0 1 3 4 
12 11 8 7 0 1 2 5 4 
12 11 8 7 0 1 0 7 6 4 
12 11 8 7 0 1 0 2 5 4 
12 11 8 7 0 1 2 0 7 6 4 
12 11 8 7 0 1 0 7 8 9 5 4 
12 11 8 7 0 1 3 10 13 12 5 4 
12 11 8 7 0 1 3 10 11 12 5 4 
12 11 8 7 0 1 0 7 8 11 12 5 4 
12 11 8 7 0 1 3 10 11 8 7 6 4 
---------------
Request id 29
13 8 7 0 7 
13 8 7 0 1 3 4 6 7 
13 8 7 0 2 5 9 8 7 
13 8 7 0 2 5 4 6 7 
13 8 7 0 1 2 5 9 8 7 
13 8 7 0 2 1 3 4 6 7 
13 8 7 0 1 2 5 4 6 7 
13 8 7 0 1 3 10 11 8 7 
13 8 7 0 1 3 10 13 8 7 
13 8 7 0 2 5 12 11 8 7 
---------------
Request id 2
3 1 0 0 1 3 4 
3 1 0 0 7 6 4 
3 1 0 0 2 5 4 
3 1 0 0 1 2 5 4 
3 1 0 0 2 1 3 4 
3 1 0 0 7 8 9 5 4 
3 1 0 0 7 8 13 12 5 4 
3 1 0 0 7 8 11 12 5 4 
3 1 0 0 7 8 13 10 3 4 
3 1 0 0 7 8 11 10 3 4 
---------------
Request id 13
4 6 7 8 8 7 
4 6 7 8 8 9 5 2 0 7 
4 6 7 8 8 9 5 4 6 7 
4 6 7 8 8 11 12 5 2 0 7 
4 6 7 8 8 11 12 5 4 6 7 
4 6 7 8 8 13 12 5 2 0 7 
4 6 7 8 8 11 10 3 4 6 7 
4 6 7 8 8 13 10 3 4 6 7 
4 6 7 8 8 13 12 5 4 6 7 
4 6 7 8 8 9 5 2 1 0 7 
---------------
Request id 8
6 7 0 7 8 7 0 1 3 10 
6 7 0 7 8 7 0 7 8 11 10 
6 7 0 7 8 7 0 2 1 3 10 
6 7 0 7 8 7 0 7 8 13 10 
6 7 0 7 8 7 0 7 6 4 3 10 
6 7 0 7 8 7 0 2 5 4 3 10 
6 7 0 7 8 7 0 2 5 12 13 10 
6 7 0 7 8 7 0 2 5 12 11 10 
6 7 0 7 8 7 0 7 8 11 12 13 10 
6 7 0 7 8 7 0 7 8 13 12 11 10 
---------------
Request id 12
13 8 7 0 7 8 7 0 7 6 
13 8 7 0 7 8 7 0 2 5 4 6 
13 8 7 0 7 8 7 0 1 3 4 6 
13 8 7 0 7 8 7 0 2 1 3 4 6 
13 8 7 0 7 8 7 0 1 2 5 4 6 
13 8 7 0 7 8 7 0 2 5 9 8 7 6 
13 8 7 0 7 8 7 0 7 8 9 5 4 6 
13 8 7 0 7 8 7 0 1 2 5 9 8 7 6 
13 8 7 0 7 8 7 0 2 5 12 13 8 7 6 
13 8 7 0 7 8 7 0 7 8 13 10 3 4 6 
---------------
Request id 14
4 5 2 0 7 8 7 0 1 0 7 6 
4 5 2 0 7 8 7 0 1 3 4 6 
4 5 2 0 7 8 7 0 1 2 0 7 6 
4 5 2 0 7 8 7 0 1 2 5 4 6 
4 5 2 0 7 8 7 0 1 0 2 5 4 6 
4 5 2 0 7 8 7 0 1 3 10 13 8 7 6 
4 5 2 0 7 8 7 0 1 2 5 9 8 7 6 
4 5 2 0 7 8 7 0 1 3 10 11 8 7 6 
4 5 2 0 7 8 7 0 1 0 7 8 9 5 4 6 
4 5 2 0 7 8 7 0 1 3 10 13 12 5 4 6 
---------------
Request id 7
6 7 0 7 8 11 10 
6 7 0 7 8 13 10 
6 7 0 7 8 11 12 13 10 
6 7 0 7 8 13 12 11 10 
6 7 0 7 8 9 5 12 13 10 
6 7 0 7 8 9 5 12 11 10 
6 7 0 7 8 7 6 4 3 10 
6 7 0 7 8 9 5 4 3 10 
6 7 0 7 8 7 0 1 3 10 
6 7 0 7 8 11 12 5 4 3 10 
---------------
Request id 19
7 0 0 0 7 8 11 
7 0 0 0 1 3 10 11 
7 0 0 0 2 5 12 11 
7 0 0 0 1 2 5 12 11 
7 0 0 0 7 8 13 10 11 
7 0 0 0 2 1 3 10 11 
7 0 0 0 7 8 13 12 11 
7 0 0 0 2 5 9 8 11 
7 0 0 0 7 6 4 3 10 11 
7 0 0 0 1 2 5 9 8 11 
---------------
Request id 9
10 3 1 0 7 8 13 
10 3 1 0 7 8 11 10 13 
10 3 1 0 7 8 11 12 13 
10 3 1 0 7 8 9 5 12 13 
10 3 1 0 7 8 7 6 4 5 12 13 
10 3 1 0 7 8 9 5 4 3 10 13 
10 3 1 0 7 8 9 5 12 11 10 13 
10 3 1 0 7 8 7 0 2 5 12 13 
10 3 1 0 7 8 7 6 4 3 10 13 
10 3 1 0 7 8 7 0 1 3 10 13 
---------------
Request id 16
12 13 8 8 7 0 2 5 9 
12 13 8 8 7 0 7 8 9 
12 13 8 8 7 0 1 2 5 9 
12 13 8 8 7 0 7 6 4 5 9 
12 13 8 8 7 0 1 3 4 5 9 
12 13 8 8 7 0 2 1 3 4 5 9 
12 13 8 8 7 0 7 8 13 12 5 9 
12 13 8 8 7 0 2 5 12 11 8 9 
12 13 8 8 7 0 7 8 11 12 5 9 
12 13 8 8 7 0 1 3 10 13 8 9 
---------------
Request id 25
3 10 13 8 7 0 1 3 4 
3 10 13 8 7 0 1 2 5 4 
3 10 13 8 7 0 1 0 2 5 4 
3 10 13 8 7 0 1 0 7 6 4 
3 10 13 8 7 0 1 2 0 7 6 4 
3 10 13 8 7 0 1 0 7 8 9 5 4 
3 10 13 8 7 0 1 3 10 11 12 5 4 
3 10 13 8 7 0 1 3 10 13 12 5 4 
3 10 13 8 7 0 1 0 7 8 11 10 3 4 
3 10 13 8 7 0 1 3 10 13 8 7 6 4 
---------------
Request id 1
11 8 7 0 7 6 
11 8 7 0 2 5 4 6 
11 8 7 0 1 3 4 6 
11 8 7 0 2 1 3 4 6 
11 8 7 0 1 2 5 4 6 
11 8 7 0 2 5 9 8 7 6 
11 8 7 0 7 8 9 5 4 6 
11 8 7 0 1 2 5 9 8 7 6 
11 8 7 0 2 5 12 13 8 7 6 
11 8 7 0 7 8 13 12 5 4 6 
---------------
Request id 17
11 8 7 0 7 8 7 
11 8 7 0 7 8 9 5 4 6 7 
11 8 7 0 7 8 9 5 2 0 7 
11 8 7 0 7 8 11 10 3 1 0 7 
11 8 7 0 7 8 9 5 2 1 0 7 
11 8 7 0 7 8 11 10 3 4 6 7 
11 8 7 0 7 8 13 12 5 2 0 7 
11 8 7 0 7 8 11 12 5 2 0 7 
11 8 7 0 7 8 13 10 3 4 6 7 
11 8 7 0 7 8 13 12 5 4 6 7 
---------------
Request id 20
9 5 2 1 0 7 8 7 0 2 
9 5 2 1 0 7 8 9 5 2 
9 5 2 1 0 7 8 7 0 1 2 
9 5 2 1 0 7 8 13 12 5 2 
9 5 2 1 0 7 8 11 12 5 2 
9 5 2 1 0 7 8 7 6 4 5 2 
9 5 2 1 0 7 8 13 10 3 1 2 
9 5 2 1 0 7 8 11 10 3 1 2 
9 5 2 1 0 7 8 7 6 4 3 1 2 
9 5 2 1 0 7 8 13 10 11 12 5 2 
---------------
Request id 23
12 13 8 9 5 2 
12 13 8 7 0 2 
12 13 8 13 12 5 2 
12 13 8 7 0 1 2 
12 13 8 11 12 5 2 
12 13 8 13 10 3 1 2 
12 13 8 7 6 4 5 2 
12 13 8 11 10 3 1 2 
12 13 8 9 5 4 3 1 2 
12 13 8 11 10 13 12 5 2 
---------------
Request id 5
6 7 0 1 2 5 12 
6 7 0 1 3 10 11 12 
6 7 0 1 0 2 5 12 
6 7 0 1 3 4 5 12 
6 7 0 1 3 10 13 12 
6 7 0 1 0 7 8 11 12 
6 7 0 1 0 7 8 13 12 
6 7 0 1 2 0 7 8 11 12 
6 7 0 1 3 10 13 8 11 12 
6 7 0 1 0 7 6 4 5 12 
---------------
Request id 10
10 3 1 2 
10 3 1 0 2 
10 3 1 3 4 5 2 
10 3 1 0 7 6 4 5 2 
10 3 1 3 10 11 12 5 2 
10 3 1 0 7 8 9 5 2 
10 3 1 3 10 13 12 5 2 
10 3 1 3 4 6 7 0 2 
10 3 1 0 7 8 11 12 5 2 
10 3 1 3 10 13 8 9 5 2 
---------------
Request id 6
2 1 0 7 8 7 0 2 5 4 
2 1 0 7 8 7 0 7 6 4 
2 1 0 7 8 7 0 1 3 4 
2 1 0 7 8 7 0 2 1 3 4 
2 1 0 7 8 7 0 1 2 5 4 
2 1 0 7 8 7 0 7 8 9 5 4 
2 1 0 7 8 7 0 7 8 13 10 3 4 
2 1 0 7 8 7 0 7 8 11 10 3 4 
2 1 0 7 8 7 0 7 8 13 12 5 4 
2 1 0 7 8 7 0 7 8 11 12 5 4 
---------------
Request id 22
3 1 0 2 5 9 
3 1 0 7 8 9 
3 1 0 1 2 5 9 
3 1 0 7 6 4 5 9 
3 1 0 1 3 4 5 9 
3 1 0 2 1 3 4 5 9 
3 1 0 7 8 13 12 5 9 
3 1 0 2 5 12 11 8 9 
3 1 0 7 8 11 12 5 9 
3 1 0 1 3 10 13 8 9 
---------------
Request id 11
6 7 0 1 3 10 13 
6 7 0 1 0 7 8 13 
6 7 0 1 2 5 12 13 
6 7 0 1 3 4 5 12 13 
6 7 0 1 0 2 5 12 13 
6 7 0 1 3 10 11 12 13 
6 7 0 1 2 0 7 8 13 
6 7 0 1 3 10 11 8 13 
6 7 0 1 2 5 9 8 13 
6 7 0 1 0 7 8 11 10 13 
---------------
Request id 26
6 7 8 7 0 1 3 4 
6 7 8 7 0 1 2 5 4 
6 7 8 7 0 1 0 7 6 4 
6 7 8 7 0 1 0 2 5 4 
6 7 8 7 0 1 2 0 7 6 4 
6 7 8 7 0 1 0 7 8 9 5 4 
6 7 8 7 0 1 3 10 11 12 5 4 
6 7 8 7 0 1 3 10 13 12 5 4 
6 7 8 7 0 1 0 7 8 11 12 5 4 
6 7 8 7 0 1 3 10 13 8 9 5 4 
---------------
Request id 18
7 8 7 0 0 2 
7 8 7 0 0 1 2 
7 8 7 0 0 7 8 9 5 2 
7 8 7 0 0 1 3 4 5 2 
7 8 7 0 0 7 6 4 5 2 
7 8 7 0 0 7 8 11 12 5 2 
7 8 7 0 0 7 6 4 3 1 2 
7 8 7 0 0 7 8 13 12 5 2 
7 8 7 0 0 1 3 10 11 12 5 2 
7 8 7 0 0 7 8 13 10 3 1 2 
---------------
