Request id 19
5 9 8 13 10 11 8 7 0 2 5 12 11 10 3 4 5 9 5 4 3 1 2 
5 12 13 10 11 8 7 0 2 5 12 11 10 13 8 9 8 11 12 5 2 
5 12 13 10 11 8 7 0 2 5 12 11 10 3 4 5 9 5 4 6 7 0 2 
5 2 0 7 8 11 10 13 8 9 5 12 11 8 7 6 4 5 9 8 13 12 5 2 
5 9 8 13 12 11 10 13 12 11 8 7 6 4 5 9 5 4 3 1 2 
---------------
Request id 1
1 2 5 12 13 8 9 5 12 11 8 13 10 
1 3 10 13 8 9 5 12 13 10 11 8 7 6 4 3 10 
1 0 2 5 9 5 12 11 8 9 5 12 13 10 
1 3 10 11 12 5 9 8 11 8 7 6 4 3 10 
1 3 10 13 8 9 8 13 10 11 8 9 5 4 3 10 
---------------
Request id 16
4 3 10 13 12 5 9 9 5 4 3 1 2 0 7 
4 5 12 13 8 9 9 8 11 10 3 1 0 7 
4 3 10 13 12 5 9 9 5 12 11 8 7 
4 6 7 8 9 9 5 4 3 1 0 7 
4 5 9 9 5 4 3 1 2 0 7 
---------------
Request id 10
1 0 7 8 11 12 13 10 3 1 0 2 
1 3 10 13 10 3 1 0 2 
1 3 4 5 12 13 12 11 10 3 1 2 
1 2 5 12 13 10 11 12 5 2 
1 2 0 7 8 13 10 3 1 0 2 
---------------
Request id 18
10 3 1 0 7 6 7 8 13 12 11 8 13 10 3 4 
10 11 8 9 5 4 6 7 8 13 10 11 10 3 4 
10 11 8 7 6 7 8 13 12 11 10 13 12 5 4 
10 3 1 0 7 6 7 8 13 10 11 12 13 10 3 4 
10 13 12 11 8 7 6 4 5 12 13 8 11 8 13 12 5 4 
---------------
Request id 20
8 13 10 11 12 5 9 5 2 1 3 4 6 4 5 2 1 3 10 
8 13 12 11 8 7 6 4 5 9 5 12 13 8 7 6 7 8 13 12 11 10 
8 7 6 4 5 12 11 10 13 12 5 9 8 7 6 7 8 13 10 
8 7 6 4 3 10 11 10 3 4 5 9 5 2 1 3 4 6 7 8 11 10 
8 13 12 11 12 5 9 5 2 0 7 6 7 8 11 10 
---------------
Request id 7
10 3 1 0 7 8 11 12 13 8 9 5 4 
10 3 1 2 5 12 11 12 13 10 3 4 
10 3 4 6 7 8 11 8 9 5 4 
10 3 4 6 7 8 11 12 5 2 1 3 4 
10 3 4 6 7 8 11 12 5 4 
---------------
Request id 9
0 1 3 10 13 10 11 12 5 4 6 7 0 2 5 9 5 2 0 1 
0 7 8 11 10 13 8 11 10 3 4 6 7 8 11 12 5 9 8 7 0 2 1 
0 7 8 11 12 13 8 7 6 7 8 11 12 5 9 8 7 0 1 
0 2 5 12 13 10 11 12 5 4 6 7 8 9 5 4 3 1 
0 1 3 10 13 10 3 4 6 4 3 1 2 5 9 8 13 12 5 2 1 
---------------
Request id 17
2 5 9 8 13 8 11 12 5 9 8 7 6 7 8 
2 5 4 3 10 13 10 11 10 3 4 6 4 5 12 11 8 
2 0 7 8 13 12 5 4 3 10 11 8 13 10 3 4 6 7 8 
2 1 0 7 8 13 8 11 10 13 8 7 6 7 8 
2 1 3 10 13 12 5 9 8 11 8 7 6 7 0 2 5 12 11 8 
---------------
Request id 3
2 0 7 8 9 5 4 6 4 5 2 0 7 8 
2 0 7 6 4 3 1 0 7 8 
2 0 7 8 9 5 4 6 4 5 12 11 8 
2 5 12 13 8 7 6 7 0 2 5 12 11 8 
2 1 0 7 6 4 3 10 13 8 
---------------
Request id 6
3 4 6 4 3 10 11 8 9 5 4 6 7 0 1 
3 1 2 5 4 6 7 8 9 5 4 6 7 0 1 
3 1 0 2 5 4 6 4 3 10 13 8 9 8 7 0 2 1 
3 10 13 8 7 6 7 8 11 12 5 9 5 2 1 
3 1 0 7 6 4 5 12 11 8 9 5 4 3 1 
---------------
Request id 2
4 3 10 13 8 7 6 4 5 9 8 13 12 11 10 13 8 9 5 
4 5 12 13 8 7 6 7 8 9 5 12 13 8 7 6 4 5 
4 5 9 8 7 6 7 8 11 12 11 8 7 6 4 5 
4 6 4 3 10 11 12 13 10 3 4 5 
4 5 12 11 8 7 6 7 8 9 5 12 11 10 3 1 2 5 
---------------
Request id 15
10 3 4 5 12 11 10 13 10 3 1 2 5 9 5 4 3 10 13 8 
10 11 12 5 4 3 10 13 8 7 6 4 5 9 5 2 0 7 8 
10 3 1 0 7 8 11 8 9 5 4 3 10 13 8 7 6 4 5 9 5 4 3 10 11 8 
10 3 1 0 7 8 11 12 5 9 8 13 10 3 4 5 9 5 4 3 10 13 8 
10 13 12 11 10 3 4 5 12 13 8 11 12 5 9 8 
---------------
Request id 11
5 12 13 10 11 8 9 5 4 3 10 
5 12 13 8 9 8 11 10 
5 12 11 10 13 8 9 8 11 10 
5 12 11 8 9 8 11 12 13 10 
5 9 8 7 6 4 3 10 
---------------
Request id 8
3 4 5 12 11 8 13 10 11 8 9 8 13 12 5 2 
3 4 6 7 8 13 8 11 12 5 9 5 2 
3 4 5 9 8 13 8 9 8 13 12 5 2 
3 1 2 5 9 8 13 8 7 0 2 5 9 5 4 6 7 0 2 
3 4 5 12 11 8 13 10 3 1 2 5 9 8 7 0 2 
---------------
Request id 13
3 10 11 12 5 9 8 11 10 13 8 7 0 1 
3 1 2 0 7 8 11 8 7 0 1 2 5 12 5 4 6 7 8 13 12 5 2 1 
3 1 0 7 8 11 8 7 0 1 2 5 12 11 10 13 10 3 1 
3 10 13 12 11 10 13 12 5 2 1 0 7 8 13 8 7 0 2 1 
3 4 6 7 8 11 10 3 4 5 12 11 10 13 12 11 10 3 1 
---------------
Request id 14
10 3 4 5 12 11 8 7 6 4 3 10 11 8 
10 13 12 5 9 8 11 8 13 12 5 4 6 7 0 2 5 12 11 8 
10 3 1 2 5 12 11 8 7 6 4 5 9 8 
10 13 12 11 12 13 10 3 4 6 7 0 2 5 12 11 8 
10 11 12 5 4 6 4 5 2 0 7 8 
---------------
Request id 12
5 9 8 13 12 5 4 6 4 3 1 
5 4 6 7 8 13 12 5 4 6 4 3 1 
5 9 8 11 10 13 8 9 5 4 6 4 5 2 0 1 
5 2 0 7 8 13 10 3 4 6 7 8 9 5 4 3 1 
5 12 11 10 13 10 3 1 0 7 6 7 8 9 5 2 1 
---------------
Request id 4
2 5 9 8 13 8 11 10 3 1 0 
2 1 3 10 13 12 5 2 0 
2 5 12 13 8 7 0 
2 5 9 8 13 12 11 8 7 0 
2 5 12 11 10 13 12 11 8 7 0 
---------------
Request id 5
7 0 2 5 12 13 8 9 5 12 11 8 9 5 12 13 8 7 0 2 5 
7 8 9 5 12 13 12 5 4 6 7 8 11 8 7 0 1 3 10 13 8 11 12 5 
7 6 4 5 12 13 12 5 4 3 10 11 10 3 4 5 12 13 8 11 12 5 
7 0 2 5 9 8 13 8 7 0 1 3 10 11 8 9 5 12 13 10 3 4 5 
7 8 13 10 11 12 5 4 3 10 13 12 5 
---------------
