Request id 4
10 13 12 5 2 0 2 1 3 4 5 9 8 11 10 13 12 5 4 3 
10 3 4 5 2 0 1 2 5 4 3 1 0 7 8 11 8 7 6 4 3 
10 3 4 6 7 0 2 5 4 6 7 8 11 10 3 
10 11 8 7 0 1 3 4 3 10 13 12 11 8 13 10 3 
10 3 1 2 0 7 8 11 12 5 4 6 7 8 13 10 11 10 13 12 5 4 3 
10 11 12 5 2 0 1 2 5 4 5 12 13 8 11 8 13 10 3 
10 11 8 9 5 2 0 7 6 4 3 10 13 12 11 12 5 4 3 
10 11 12 5 2 0 2 1 3 4 3 10 13 12 11 12 5 4 3 
10 13 8 7 0 2 5 4 5 9 8 11 8 13 10 3 
10 13 12 5 2 0 2 1 3 4 3 10 13 12 11 8 9 5 4 3 
10 3 4 5 2 0 1 2 5 4 5 12 13 8 11 8 7 0 1 3 
10 3 4 6 7 0 7 8 13 12 5 4 3 10 13 12 11 10 13 12 5 4 3 
10 11 8 7 0 7 8 11 12 5 4 3 10 11 8 7 0 2 1 3 
10 11 8 9 5 2 0 7 8 11 12 5 4 5 12 13 8 11 12 13 10 3 
10 11 8 9 5 2 0 7 8 11 12 5 4 3 1 0 7 8 11 12 5 4 3 
10 3 4 5 2 0 1 2 5 4 5 9 8 11 8 9 5 4 3 
10 3 4 5 2 1 0 1 3 4 5 12 13 8 11 12 5 2 1 3 
10 3 4 6 7 0 7 8 13 10 3 4 6 7 8 13 10 11 12 5 4 3 
10 3 4 5 2 1 0 7 8 13 10 3 4 5 12 13 8 11 10 3 
10 3 1 2 0 7 8 11 10 3 4 5 9 8 11 8 7 0 2 1 3 
10 13 8 7 0 1 2 5 4 3 10 11 8 7 0 1 3 
10 3 4 5 2 0 7 8 11 10 3 4 5 9 8 11 8 7 6 4 3 
10 3 1 2 0 7 6 4 3 10 13 8 11 8 13 10 3 
10 3 1 0 2 5 4 6 7 8 13 10 11 8 7 0 1 3 
10 11 8 7 0 1 2 5 4 6 7 8 13 10 11 10 3 
10 3 4 5 2 0 7 8 13 10 3 4 3 10 13 8 11 8 7 6 4 3 
10 3 1 0 1 3 4 3 10 13 12 11 10 3 
10 11 8 9 5 2 0 7 8 11 12 5 4 3 10 11 12 5 2 1 3 
10 11 12 5 2 0 7 8 11 10 3 4 3 1 0 7 8 11 8 7 6 4 3 
10 3 4 5 2 0 2 5 4 6 7 8 13 10 11 8 7 0 1 3 
10 3 1 2 0 7 8 13 12 5 4 6 7 8 11 12 5 2 1 3 
10 13 8 7 0 7 8 13 10 3 4 3 10 13 12 11 12 5 2 1 3 
10 13 12 5 2 0 7 8 13 12 5 4 3 1 0 7 8 11 8 9 5 4 3 
10 3 4 5 2 0 2 5 4 3 10 11 8 7 0 1 3 
10 3 4 5 2 1 0 7 8 13 10 3 4 3 10 11 10 13 12 5 4 3 
10 11 8 7 0 1 3 4 3 10 11 8 7 0 1 3 
10 13 8 7 0 7 8 13 12 5 4 3 1 0 7 8 11 10 13 12 5 4 3 
10 13 8 7 0 7 8 11 10 3 4 3 10 13 12 11 8 9 5 4 3 
10 11 8 7 0 2 1 3 4 3 10 13 12 11 8 7 0 1 3 
10 3 1 0 7 6 4 3 1 0 7 8 11 8 9 5 4 3 
---------------
Request id 27
6 7 8 11 10 3 4 6 7 8 11 12 5 2 1 0 1 3 4 5 9 
6 7 0 2 5 4 5 12 13 8 11 12 5 2 1 0 1 3 4 5 9 
6 7 8 9 5 4 3 10 13 8 11 10 3 4 6 7 0 2 5 12 11 8 9 
6 7 8 11 10 3 4 5 9 8 11 12 5 2 0 7 6 4 5 9 
6 7 0 2 1 3 4 5 12 13 8 11 12 5 2 0 2 1 3 4 5 9 
6 7 0 1 2 5 4 5 12 13 8 11 8 13 10 3 1 0 7 6 4 5 9 
6 4 3 10 13 8 11 8 7 0 2 5 9 
6 7 0 1 3 4 5 12 13 8 11 10 3 1 0 1 3 10 13 8 9 
6 7 0 2 5 4 5 2 1 3 10 11 10 13 8 7 0 7 8 9 
6 7 8 11 10 3 4 5 2 1 3 10 11 12 13 8 7 0 1 3 10 13 8 9 
6 7 8 11 10 3 4 5 9 8 11 8 9 5 2 0 7 6 4 5 9 
6 7 0 1 2 5 4 3 10 13 8 11 8 9 5 2 0 2 5 9 
6 7 8 11 10 3 4 3 10 13 12 11 10 3 4 6 7 0 1 3 4 5 9 
6 7 0 2 1 3 4 3 10 11 12 13 8 7 0 1 3 4 5 9 
6 7 0 2 1 3 4 6 7 8 11 10 3 1 2 0 2 1 3 4 5 9 
6 7 0 2 5 4 5 2 1 3 10 11 8 13 10 3 1 0 2 1 3 4 5 9 
6 4 6 7 8 11 10 3 4 6 7 0 2 5 9 
6 7 8 13 10 3 4 5 12 13 8 11 12 5 2 0 7 8 11 12 5 9 
6 7 0 2 5 4 5 9 8 11 12 5 2 0 7 8 11 12 5 9 
6 7 8 13 10 3 4 5 12 11 10 13 8 7 0 1 3 4 5 9 
6 7 0 2 1 3 4 3 10 11 10 3 1 2 0 7 8 13 12 5 9 
6 7 8 13 12 5 4 5 2 1 3 10 11 12 5 2 1 0 7 6 4 5 9 
6 7 0 2 5 4 3 10 11 12 5 2 1 0 1 3 10 13 8 9 
6 7 8 13 12 5 4 5 2 1 3 10 11 8 9 5 2 0 7 8 9 
6 7 0 1 2 5 4 3 10 13 8 11 10 13 8 7 0 2 1 3 4 5 9 
6 7 0 2 5 4 5 12 13 10 11 10 3 1 0 7 8 11 12 5 9 
6 7 0 2 5 4 3 1 0 7 8 11 8 13 10 3 1 0 1 3 4 5 9 
6 7 8 13 10 3 4 3 1 0 7 8 11 8 9 5 2 0 7 8 13 12 5 9 
6 7 8 9 5 4 3 10 13 12 11 10 13 8 7 0 2 5 12 11 8 9 
6 7 0 1 3 4 5 12 11 10 3 4 6 7 0 7 8 11 12 5 9 
6 4 3 10 13 12 11 12 13 8 7 0 1 3 10 13 8 9 
6 7 8 13 10 3 4 3 1 0 7 8 11 12 5 2 1 0 2 5 12 11 8 9 
6 7 8 13 12 5 4 3 1 0 7 8 11 12 13 8 7 0 1 3 4 5 9 
6 7 8 13 12 5 4 5 2 1 3 10 11 10 13 8 7 0 7 8 11 12 5 9 
6 7 0 1 3 4 6 7 8 11 12 13 8 7 0 7 6 4 5 9 
6 7 0 1 3 4 5 12 13 10 11 10 3 1 0 1 3 4 5 9 
6 7 0 1 2 5 4 5 12 13 8 11 10 13 8 7 0 1 3 4 5 9 
6 4 3 10 11 8 9 5 2 0 2 5 9 
6 7 8 13 10 3 4 5 12 13 10 11 10 3 4 6 7 0 7 8 13 12 5 9 
6 7 8 11 12 5 4 3 1 0 7 8 11 8 7 0 1 3 4 5 9 
---------------
Request id 16
6 7 8 9 5 2 1 0 2 5 12 11 8 7 
6 4 3 10 11 8 7 0 1 2 5 4 6 7 
6 7 0 2 5 9 8 7 
6 4 5 12 11 8 7 0 1 3 10 11 8 7 
6 4 5 9 8 7 0 2 5 4 6 7 
6 4 5 2 1 0 1 2 5 4 6 7 
6 4 5 2 1 0 2 5 4 6 7 
6 7 8 9 5 2 0 7 
6 4 5 2 0 1 3 10 13 8 7 
6 7 8 9 5 2 1 0 1 3 4 6 7 
6 4 5 12 11 8 7 0 1 3 4 6 7 
6 4 3 1 2 0 2 5 12 11 8 7 
6 7 8 9 5 2 0 1 3 10 11 8 7 
6 4 3 10 11 8 7 0 1 3 4 6 7 
6 4 3 10 11 8 7 0 1 3 10 13 8 7 
6 4 5 9 8 7 0 2 1 3 4 6 7 
6 4 5 9 8 7 0 2 5 12 11 8 7 
6 7 0 1 3 10 11 8 7 
6 4 3 1 2 0 7 
6 4 3 1 0 2 5 12 11 8 7 
6 4 3 10 11 8 7 0 2 5 4 6 7 
6 7 0 2 1 3 4 6 7 
6 7 0 1 2 5 4 6 7 
6 4 5 9 8 7 0 1 2 5 9 8 7 
6 4 3 1 0 1 3 4 6 7 
6 4 5 2 0 1 3 10 11 8 7 
6 4 5 2 0 1 2 5 4 6 7 
6 4 5 2 1 0 2 5 9 8 7 
6 4 5 2 0 2 5 9 8 7 
6 7 0 1 3 10 13 8 7 
6 4 5 12 11 8 7 0 1 2 5 9 8 7 
6 4 5 2 0 2 5 12 11 8 7 
6 7 8 9 5 2 1 0 2 1 3 4 6 7 
6 7 8 9 5 2 0 2 5 9 8 7 
6 4 5 12 11 8 7 0 1 3 10 13 8 7 
6 4 5 2 0 2 1 3 4 6 7 
6 7 8 9 5 2 1 0 2 5 9 8 7 
6 4 5 9 8 7 0 1 2 5 4 6 7 
6 4 3 10 11 8 7 0 1 3 10 11 8 7 
6 4 5 2 1 0 1 3 10 13 8 7 
---------------
Request id 19
10 3 4 5 2 1 0 7 8 11 12 5 4 3 10 11 8 7 
10 3 1 0 7 8 11 10 3 4 5 2 1 0 7 
10 3 4 5 2 1 0 1 3 4 3 10 11 8 7 
10 3 1 0 7 8 13 12 5 4 5 12 11 8 7 
10 11 12 5 2 0 2 1 3 4 3 1 2 0 7 
10 3 4 5 2 1 0 7 8 13 10 3 4 3 10 11 8 7 
10 13 12 5 2 0 7 8 13 10 3 4 5 2 1 0 7 
10 13 12 5 2 0 7 8 13 10 3 4 5 9 8 7 
10 3 1 2 0 1 3 4 3 10 11 8 7 
10 11 8 7 0 2 1 3 4 5 2 1 0 7 
10 3 1 2 0 7 6 4 3 10 11 8 7 
10 3 4 5 2 1 0 2 5 4 5 12 11 8 7 
10 11 8 7 0 1 3 4 5 2 1 0 7 
10 13 12 5 2 0 7 8 11 10 3 4 3 10 11 8 7 
10 13 12 5 2 0 7 8 11 12 5 4 5 12 11 8 7 
10 3 1 0 7 8 13 12 5 4 5 9 8 7 
10 11 12 5 2 0 2 5 4 3 10 11 8 7 
10 13 8 7 0 2 5 4 6 7 
10 13 8 9 5 2 0 2 1 3 4 3 10 13 8 7 
10 3 4 5 2 1 0 7 8 13 10 3 4 3 1 2 0 7 
10 13 8 9 5 2 0 7 8 9 5 4 3 10 11 8 7 
10 11 8 7 0 7 8 9 5 4 5 12 11 8 7 
10 3 4 5 2 1 0 7 8 9 5 4 3 1 0 7 
10 3 4 6 7 0 7 8 13 12 5 4 3 1 2 0 7 
10 13 12 5 2 0 1 2 5 4 3 10 13 8 7 
10 11 12 5 2 0 2 5 4 5 2 0 7 
10 3 4 6 7 0 7 8 13 10 3 4 5 2 0 7 
10 13 8 7 0 7 8 11 10 3 4 6 7 
10 3 4 6 7 0 7 8 11 12 5 4 5 2 0 7 
10 13 12 5 2 0 7 8 9 5 4 3 1 0 7 
10 13 8 7 0 7 8 13 12 5 4 3 1 2 0 7 
10 11 12 5 2 0 2 5 4 5 12 13 8 7 
10 3 4 5 2 1 0 7 6 4 5 9 8 7 
10 13 12 5 2 0 7 6 4 5 9 8 7 
10 11 12 5 2 0 7 8 11 10 3 4 5 12 13 8 7 
10 13 8 9 5 2 0 7 8 13 12 5 4 5 9 8 7 
10 13 12 5 2 0 7 6 4 5 2 1 0 7 
10 11 8 7 0 7 8 11 10 3 4 3 10 13 8 7 
10 3 4 6 7 0 7 8 11 10 3 4 5 2 1 0 7 
10 13 12 5 2 0 7 8 13 12 5 4 5 2 0 7 
---------------
Request id 8
8 13 10 3 4 4 5 
8 9 5 4 4 3 10 13 12 5 
8 11 12 5 4 4 3 10 11 12 5 
8 13 10 3 4 4 6 7 8 9 5 
8 7 0 1 3 4 4 6 7 8 9 5 
8 11 12 13 10 3 4 4 5 
8 13 12 5 4 4 3 1 0 2 5 
8 13 12 5 4 4 6 7 8 13 12 5 
8 11 12 5 4 4 6 7 0 2 5 
8 13 10 3 4 4 3 1 0 2 5 
8 9 5 2 1 3 4 4 5 
8 9 5 2 1 3 4 4 6 7 8 13 12 5 
8 7 0 1 3 4 4 6 7 0 2 5 
8 9 5 4 4 6 7 8 9 5 
8 7 0 2 5 4 4 3 1 0 2 5 
8 13 10 3 4 4 6 7 0 2 5 
8 13 10 3 4 4 6 7 0 1 2 5 
8 11 12 13 10 3 4 4 3 10 11 12 5 
8 9 5 4 4 3 10 11 8 9 5 
8 11 12 5 4 4 3 10 11 8 9 5 
8 9 5 4 4 3 1 2 5 
8 7 0 2 5 4 4 3 1 2 5 
8 7 0 2 5 4 4 3 10 11 8 9 5 
8 11 12 13 10 3 4 4 3 10 11 8 9 5 
8 7 0 1 3 4 4 3 1 2 5 
8 13 10 3 4 4 3 10 11 12 5 
8 13 12 5 4 4 6 7 0 1 2 5 
8 9 5 4 4 6 7 8 13 12 5 
8 11 10 3 4 4 3 10 11 12 5 
8 9 5 2 1 3 4 4 3 10 11 12 5 
8 13 12 5 4 4 6 7 8 9 5 
8 7 6 4 4 3 1 0 2 5 
8 7 0 2 5 4 4 3 10 13 12 5 
8 9 5 2 1 3 4 4 6 7 0 1 2 5 
8 13 12 5 4 4 6 7 0 2 5 
8 7 0 2 5 4 4 6 7 0 2 5 
8 13 12 5 4 4 3 10 11 12 5 
8 7 0 1 3 4 4 3 10 13 12 5 
8 7 6 4 4 6 7 0 1 2 5 
8 7 6 4 4 5 
---------------
Request id 23
9 8 13 10 3 4 4 4 5 2 1 3 10 
9 5 4 4 4 5 9 8 11 10 
9 8 7 6 4 4 4 5 2 1 3 10 
9 8 7 0 2 5 4 4 4 6 7 8 13 10 
9 5 2 0 1 3 4 4 4 5 9 8 11 10 
9 8 13 12 5 4 4 4 5 12 13 10 
9 5 2 1 3 4 4 4 5 12 11 10 
9 8 7 6 4 4 4 3 10 
9 8 7 6 4 4 4 5 9 8 13 10 
9 8 13 12 5 4 4 4 5 2 1 3 10 
9 5 2 0 1 3 4 4 4 6 7 8 13 10 
9 5 12 13 10 3 4 4 4 6 7 8 11 10 
9 5 2 1 3 4 4 4 5 9 8 13 10 
9 8 11 12 5 4 4 4 5 12 11 10 
9 8 7 6 4 4 4 5 12 13 10 
9 8 11 10 3 4 4 4 5 9 8 11 10 
9 8 11 10 3 4 4 4 5 12 13 10 
9 8 7 0 2 5 4 4 4 5 9 8 13 10 
9 5 4 4 4 5 9 8 13 10 
9 5 12 13 10 3 4 4 4 3 10 
9 8 11 10 3 4 4 4 5 12 11 10 
9 5 2 0 1 3 4 4 4 3 10 
9 5 12 13 10 3 4 4 4 5 9 8 11 10 
9 5 12 13 10 3 4 4 4 6 7 8 13 10 
9 8 11 10 3 4 4 4 3 10 
9 8 13 10 3 4 4 4 5 9 8 11 10 
9 5 4 4 4 5 12 11 10 
9 8 13 10 3 4 4 4 6 7 8 13 10 
9 5 4 4 4 5 12 13 10 
9 8 11 10 3 4 4 4 5 2 0 1 3 10 
9 5 2 0 1 3 4 4 4 5 9 8 13 10 
9 8 11 12 5 4 4 4 5 12 13 10 
9 8 7 6 4 4 4 6 7 0 1 3 10 
9 5 2 1 3 4 4 4 5 2 1 3 10 
9 8 11 12 5 4 4 4 3 10 
9 5 2 1 3 4 4 4 3 10 
9 8 13 12 5 4 4 4 6 7 0 1 3 10 
9 5 12 13 10 3 4 4 4 6 7 0 1 3 10 
9 8 7 0 2 5 4 4 4 5 12 11 10 
9 8 13 12 5 4 4 4 5 2 0 1 3 10 
---------------
Request id 28
7 0 2 5 4 3 1 0 7 6 
7 8 13 12 5 4 5 2 1 0 7 6 
7 8 13 12 5 4 3 1 0 7 6 
7 0 2 1 3 4 3 10 11 8 7 6 
7 0 1 3 4 5 12 11 8 7 6 
7 8 11 12 5 4 5 12 11 8 7 6 
7 8 13 10 3 4 6 
7 8 13 10 3 4 3 10 11 8 7 6 
7 6 4 6 
7 0 2 1 3 4 5 12 13 8 7 6 
7 0 1 2 5 4 5 12 13 8 7 6 
7 8 11 10 3 4 5 12 11 8 7 6 
7 8 9 5 4 3 1 2 0 7 6 
7 6 4 5 12 11 8 7 6 
7 0 2 1 3 4 5 12 11 8 7 6 
7 6 4 5 9 8 7 6 
7 0 2 5 4 5 12 11 8 7 6 
7 0 2 5 4 5 12 13 8 7 6 
7 8 11 12 5 4 3 1 2 0 7 6 
7 8 13 12 5 4 3 10 11 8 7 6 
7 8 11 12 5 4 5 12 13 8 7 6 
7 0 1 2 5 4 5 2 0 7 6 
7 0 2 5 4 5 2 0 7 6 
7 0 1 3 4 3 10 13 8 7 6 
7 8 13 10 3 4 5 9 8 7 6 
7 8 11 12 5 4 5 2 0 7 6 
7 0 2 1 3 4 3 10 13 8 7 6 
7 8 13 12 5 4 5 12 11 8 7 6 
7 8 9 5 4 5 2 0 7 6 
7 8 9 5 4 3 10 11 8 7 6 
7 0 1 2 5 4 3 1 2 0 7 6 
7 0 2 5 4 3 10 11 8 7 6 
7 8 13 10 3 4 3 1 0 7 6 
7 8 13 10 3 4 5 12 13 8 7 6 
7 8 11 10 3 4 3 1 0 7 6 
7 8 13 10 3 4 5 2 0 7 6 
7 8 9 5 4 3 10 13 8 7 6 
7 0 1 3 4 3 1 2 0 7 6 
7 0 2 1 3 4 5 2 0 7 6 
7 8 11 10 3 4 5 9 8 7 6 
---------------
Request id 5
9 5 12 11 10 3 4 5 12 13 10 11 8 7 6 4 5 12 13 10 3 1 
9 8 11 12 5 4 5 12 11 12 5 2 1 3 4 6 7 0 1 
9 5 2 1 3 4 5 9 8 11 8 7 6 4 5 9 8 7 0 2 1 
9 8 11 12 5 4 3 10 11 8 7 6 4 6 7 0 2 1 
9 5 2 1 3 4 6 7 8 11 8 13 10 3 4 6 7 0 1 
9 5 2 0 1 3 4 5 9 8 11 8 13 12 5 4 6 7 0 2 1 
9 8 13 10 3 4 3 1 2 5 12 11 8 7 0 2 5 4 5 12 13 10 3 1 
9 5 2 0 1 3 4 5 12 11 8 13 10 3 4 5 2 0 1 
9 5 4 5 9 8 11 8 13 10 3 4 5 12 11 10 3 1 
9 8 7 6 4 3 1 2 5 12 11 8 9 5 4 5 2 0 1 
9 8 7 0 2 5 4 5 12 13 10 11 8 7 0 2 5 4 5 2 0 1 
9 8 11 12 5 4 5 12 11 8 13 12 5 4 5 12 13 10 3 1 
9 8 7 0 2 5 4 3 10 13 8 11 8 7 6 4 5 2 0 1 
9 8 13 12 5 4 3 10 11 10 13 12 5 4 5 9 8 7 0 1 
9 8 13 12 5 4 3 10 11 12 5 4 5 12 13 8 7 0 1 
9 5 4 3 10 13 12 11 8 7 0 2 5 4 5 12 11 10 3 1 
9 8 11 12 5 4 5 2 1 3 10 11 10 3 4 5 2 0 1 
9 8 11 12 5 4 5 12 13 10 11 12 13 10 3 4 5 12 13 10 3 1 
9 5 4 6 7 8 11 8 13 12 5 4 5 9 8 7 0 2 1 
9 8 13 12 5 4 5 12 13 10 11 8 7 0 2 5 4 5 12 11 10 3 1 
9 8 13 10 3 4 6 7 8 11 12 13 10 3 4 6 7 0 2 1 
9 5 2 0 1 3 4 3 10 13 8 11 8 7 6 4 5 12 13 8 7 0 1 
9 8 13 10 3 4 3 10 13 12 11 12 13 10 3 4 5 2 1 
9 8 13 10 3 4 5 12 11 8 13 10 3 4 5 12 11 10 3 1 
9 8 7 0 2 5 4 6 7 8 11 8 7 0 2 5 4 5 12 13 8 7 0 1 
9 5 2 1 3 4 5 12 13 8 11 8 7 6 4 5 9 8 7 0 1 
9 8 11 10 3 4 3 10 13 8 11 12 5 2 1 3 4 3 1 
9 8 11 12 5 4 5 9 8 11 12 5 4 5 9 8 7 0 2 1 
9 8 13 10 3 4 3 10 13 8 11 8 13 12 5 4 5 2 0 1 
9 5 2 0 1 3 4 3 10 11 8 9 5 4 5 2 1 
9 8 7 0 2 5 4 5 12 13 8 11 8 9 5 4 5 2 1 
9 5 2 0 1 3 4 6 7 8 11 8 13 12 5 4 5 12 13 8 7 0 1 
9 8 11 10 3 4 6 7 8 11 8 9 5 4 5 9 8 7 0 1 
9 8 11 10 3 4 5 12 13 8 11 8 7 0 2 5 4 5 12 13 8 7 0 1 
9 5 12 11 10 3 4 3 10 11 8 7 6 4 6 7 0 2 1 
9 8 7 0 2 5 4 5 9 8 11 8 7 0 2 5 4 5 12 13 8 7 0 1 
9 8 11 10 3 4 5 12 11 8 13 10 3 4 5 12 13 10 3 1 
9 8 7 6 4 3 1 2 5 12 11 8 13 10 3 4 5 9 8 7 0 2 1 
9 8 13 12 5 4 3 1 2 5 12 11 8 7 0 2 5 4 6 7 0 1 
9 8 7 6 4 5 2 1 3 10 11 12 5 4 5 12 13 8 7 0 1 
---------------
Request id 26
10 3 4 5 9 8 11 12 5 2 0 7 8 9 5 4 6 
10 3 4 5 9 8 11 12 5 2 0 1 2 5 4 6 
10 11 12 5 2 1 0 2 1 3 4 6 
10 13 12 5 9 8 11 12 13 8 7 0 2 5 12 11 8 7 6 
10 3 1 0 7 8 11 8 7 0 1 3 4 6 
10 3 4 6 7 8 11 8 9 5 2 0 1 3 4 6 
10 3 1 0 7 8 11 10 3 1 2 0 1 2 5 4 6 
10 3 1 2 5 12 11 12 13 8 7 0 1 3 10 11 8 7 6 
10 13 12 11 12 5 9 8 7 0 1 3 4 6 
10 13 8 11 8 13 10 3 1 0 1 2 5 4 6 
10 3 1 2 5 12 11 12 5 9 8 7 0 1 3 4 6 
10 3 1 0 7 8 11 8 9 5 2 0 2 5 12 11 8 7 6 
10 3 4 5 9 8 11 8 13 10 3 1 0 2 1 3 4 6 
10 11 8 7 0 2 1 3 4 6 
10 3 1 2 5 12 11 8 9 5 2 0 1 2 5 4 6 
10 13 12 5 9 8 11 8 13 10 3 1 0 2 5 12 11 8 7 6 
10 3 4 6 7 8 11 8 9 5 2 0 7 8 9 5 4 6 
10 3 1 0 7 8 11 12 5 9 8 7 0 7 8 9 5 4 6 
10 13 12 5 9 8 11 8 7 0 2 5 12 11 8 7 6 
10 3 4 5 12 11 8 9 5 2 0 2 5 9 8 7 6 
10 13 12 5 9 8 11 12 5 2 0 7 8 9 5 4 6 
10 13 12 5 9 8 11 10 13 8 7 0 7 8 9 5 4 6 
10 3 1 2 5 12 11 10 3 1 2 0 7 6 
10 3 4 6 7 8 11 8 13 10 3 1 0 1 3 4 6 
10 13 12 11 12 5 2 1 0 2 5 4 6 
10 3 4 6 7 8 11 12 5 9 8 7 0 7 8 11 12 5 4 6 
10 3 4 5 9 8 11 12 5 2 0 7 6 
10 13 12 11 8 13 10 3 1 0 1 3 10 11 8 7 6 
10 13 12 5 9 8 11 8 13 10 3 1 0 1 3 4 6 
10 3 1 0 7 8 11 8 9 5 2 0 2 5 9 8 7 6 
10 13 8 9 5 12 11 8 13 10 3 1 0 1 3 10 11 8 7 6 
10 13 8 11 10 3 1 0 2 1 3 4 6 
10 13 12 5 9 8 11 8 9 5 2 0 1 3 4 6 
10 3 1 0 7 8 11 12 13 8 7 0 2 5 12 11 8 7 6 
10 3 4 6 7 8 11 10 3 1 2 0 2 5 4 6 
10 13 8 11 10 3 1 2 0 2 5 9 8 7 6 
10 3 4 6 7 8 11 10 13 8 7 0 2 5 12 11 8 7 6 
10 3 4 6 7 8 11 12 13 8 7 0 2 5 9 8 7 6 
10 11 10 3 1 0 1 3 4 6 
10 3 4 6 7 8 11 10 3 1 0 7 6 
---------------
Request id 6
7 0 2 1 3 4 4 5 2 1 0 2 5 12 11 10 3 
7 6 4 4 6 7 0 7 6 4 3 
7 6 4 4 5 9 8 7 0 7 8 13 10 3 
7 8 9 5 4 4 3 1 2 0 1 2 5 4 3 
7 8 11 10 3 4 4 5 2 0 7 8 11 10 3 
7 8 13 12 5 4 4 6 7 0 1 3 
7 0 1 3 4 4 5 2 1 0 1 3 
7 0 2 5 4 4 3 1 2 0 2 5 12 11 10 3 
7 8 13 10 3 4 4 3 1 2 0 7 8 9 5 4 3 
7 0 2 5 4 4 6 7 0 2 5 12 11 10 3 
7 0 2 5 4 4 6 7 0 1 3 
7 0 1 3 4 4 5 2 1 0 2 1 3 
7 8 11 12 5 4 4 6 7 0 2 5 12 11 10 3 
7 8 13 12 5 4 4 3 1 2 0 7 8 13 10 3 
7 8 11 10 3 4 4 6 7 0 7 8 9 5 4 3 
7 0 1 2 5 4 4 3 10 11 8 7 0 7 8 9 5 4 3 
7 6 4 4 5 12 11 8 7 0 2 5 4 3 
7 8 11 12 5 4 4 5 12 13 8 7 0 7 8 13 10 3 
7 8 13 10 3 4 4 5 2 1 0 7 8 9 5 4 3 
7 0 2 1 3 4 4 3 10 13 8 7 0 7 6 4 3 
7 0 2 5 4 4 3 10 11 8 7 0 2 5 12 13 10 3 
7 6 4 4 3 1 0 7 8 11 10 3 
7 0 2 5 4 4 5 12 13 8 7 0 1 2 5 4 3 
7 8 9 5 4 4 3 10 13 8 7 0 7 8 11 10 3 
7 8 11 12 5 4 4 3 10 13 8 7 0 2 5 4 3 
7 0 1 2 5 4 4 5 12 13 8 7 0 7 8 13 10 3 
7 0 1 3 4 4 3 1 0 2 1 3 
7 0 1 2 5 4 4 6 7 0 2 5 12 11 10 3 
7 0 2 5 4 4 5 12 13 8 7 0 2 5 12 13 10 3 
7 8 11 10 3 4 4 6 7 0 1 2 5 4 3 
7 0 2 5 4 4 5 2 0 1 2 5 4 3 
7 0 1 2 5 4 4 3 1 0 1 3 
7 8 11 12 5 4 4 3 1 0 7 6 4 3 
7 8 11 10 3 4 4 3 10 13 8 7 0 1 2 5 4 3 
7 0 2 5 4 4 5 12 11 8 7 0 1 3 
7 0 2 5 4 4 3 10 11 8 7 0 1 3 
7 0 1 3 4 4 5 2 0 2 1 3 
7 0 2 5 4 4 3 10 11 8 7 0 7 8 11 10 3 
7 8 11 12 5 4 4 5 12 11 8 7 0 2 1 3 
7 0 1 2 5 4 4 5 2 0 7 8 11 10 3 
---------------
Request id 18
5 12 13 8 7 6 4 5 2 1 0 7 8 13 12 11 8 7 6 4 3 
5 12 13 10 3 4 5 12 13 8 7 0 1 3 10 11 12 5 4 3 
5 12 11 10 3 4 3 1 0 7 6 4 3 10 11 8 13 10 3 
5 2 0 1 3 4 3 10 11 8 7 0 2 5 12 11 12 5 4 3 
5 2 0 7 6 4 6 7 0 1 2 5 12 11 8 13 10 3 
5 2 0 1 3 4 5 2 0 2 5 9 8 11 12 5 2 1 3 
5 12 11 10 3 4 3 10 11 8 7 0 7 8 11 8 7 6 4 3 
5 12 11 8 7 6 4 5 12 13 8 7 0 2 5 12 11 8 7 0 1 3 
5 2 0 7 6 4 3 10 11 8 7 0 7 8 13 12 11 12 13 10 3 
5 2 0 7 6 4 6 7 0 2 5 9 8 11 10 3 
5 2 0 7 6 4 5 9 8 7 0 7 8 13 12 11 12 5 4 3 
5 12 13 8 7 6 4 5 2 1 0 2 1 3 10 11 8 7 0 2 1 3 
5 9 8 13 10 3 4 5 9 8 7 0 1 2 5 12 11 12 13 10 3 
5 9 8 13 10 3 4 5 12 13 8 7 0 7 6 4 3 10 11 12 13 10 3 
5 12 13 10 3 4 5 12 13 8 7 0 1 2 5 9 8 11 8 7 0 1 3 
5 2 1 3 4 5 12 13 8 7 0 1 2 5 12 11 10 13 12 5 4 3 
5 2 0 7 6 4 3 1 2 0 7 8 11 12 5 4 3 
5 12 13 8 7 6 4 6 7 0 1 2 5 12 11 8 7 0 2 1 3 
5 9 8 7 6 4 5 2 1 0 1 2 5 12 11 12 5 2 1 3 
5 12 11 8 7 6 4 3 10 11 8 7 0 1 2 5 12 11 12 13 10 3 
5 12 11 8 7 6 4 5 12 13 8 7 0 7 8 13 12 11 8 7 0 1 3 
5 4 5 12 13 8 7 0 1 3 10 11 12 13 10 3 
5 12 11 8 7 6 4 6 7 0 2 5 9 8 11 12 5 4 3 
5 12 11 8 7 6 4 6 7 0 7 8 11 12 13 10 3 
5 2 0 1 3 4 5 9 8 7 0 2 5 12 11 8 9 5 4 3 
5 2 1 3 4 5 2 0 1 2 5 12 11 12 5 2 1 3 
5 12 11 10 3 4 5 2 0 7 8 13 10 11 8 7 6 4 3 
5 12 13 8 7 6 4 3 10 13 8 7 0 2 5 9 8 11 8 7 6 4 3 
5 12 11 10 3 4 3 1 2 0 1 2 5 12 11 8 13 10 3 
5 4 5 12 13 8 7 0 7 8 11 12 5 4 3 
5 9 8 7 6 4 3 10 13 8 7 0 1 2 5 12 11 8 7 0 1 3 
5 4 5 9 8 7 0 2 1 3 10 11 10 3 
5 9 8 7 6 4 5 12 13 8 7 0 2 1 3 10 11 8 7 0 1 3 
5 12 11 8 7 6 4 5 2 0 1 3 10 11 12 13 10 3 
5 2 1 3 4 5 2 0 7 6 4 3 10 11 8 7 6 4 3 
5 4 5 2 1 0 7 6 4 3 10 11 8 9 5 4 3 
5 9 8 7 6 4 3 1 2 0 2 5 12 11 8 13 10 3 
5 2 0 7 6 4 5 12 13 8 7 0 2 5 9 8 11 8 7 6 4 3 
5 12 13 10 3 4 5 9 8 7 0 7 6 4 3 10 11 8 7 0 1 3 
5 2 0 7 6 4 3 1 0 7 8 13 12 11 8 9 5 4 3 
---------------
Request id 29
13 8 11 10 3 4 4 3 10 13 8 7 
13 12 5 4 4 3 1 0 7 
13 8 7 6 4 4 5 2 0 7 
13 12 5 2 1 3 4 4 5 2 1 0 7 
13 8 7 6 4 4 3 1 0 7 
13 12 11 8 7 6 4 4 5 12 13 8 7 
13 8 7 6 4 4 5 12 11 8 7 
13 10 11 12 5 4 4 3 10 11 8 7 
13 8 9 5 4 4 5 2 0 7 
13 8 7 6 4 4 5 12 13 8 7 
13 12 11 8 7 6 4 4 5 2 0 7 
13 12 5 4 4 5 2 0 7 
13 10 11 12 5 4 4 3 10 13 8 7 
13 10 3 4 4 5 2 1 0 7 
13 10 11 12 5 4 4 5 12 13 8 7 
13 8 11 10 3 4 4 5 2 1 0 7 
13 8 11 10 3 4 4 5 12 11 8 7 
13 8 11 10 3 4 4 3 10 11 8 7 
13 8 7 6 4 4 5 2 1 0 7 
13 8 11 10 3 4 4 5 12 13 8 7 
13 12 11 10 3 4 4 5 12 13 8 7 
13 8 11 10 3 4 4 5 9 8 7 
13 12 11 10 3 4 4 5 2 0 7 
13 12 5 2 1 3 4 4 3 10 11 8 7 
13 12 11 8 7 6 4 4 3 10 13 8 7 
13 12 11 10 3 4 4 5 2 1 0 7 
13 12 5 2 1 3 4 4 5 9 8 7 
13 12 11 8 7 6 4 4 5 12 11 8 7 
13 8 11 12 5 4 4 3 10 11 8 7 
13 10 11 12 5 4 4 5 2 1 0 7 
13 10 11 12 5 4 4 3 1 0 7 
13 12 5 2 1 3 4 4 3 10 13 8 7 
13 8 7 6 4 4 3 1 2 0 7 
13 8 9 5 4 4 5 2 1 0 7 
13 12 5 2 1 3 4 4 3 1 0 7 
13 8 11 12 5 4 4 5 2 0 7 
13 12 11 10 3 4 4 5 12 11 8 7 
13 8 9 5 4 4 3 1 2 0 7 
13 10 11 12 5 4 4 5 2 0 7 
13 12 5 4 4 3 10 13 8 7 
---------------
Request id 1
7 0 1 3 4 4 4 5 12 13 10 11 8 
7 8 11 12 5 4 4 4 5 12 13 10 11 8 
7 0 2 1 3 4 4 4 5 9 8 
7 0 1 2 5 4 4 4 5 12 13 8 
7 8 13 12 5 4 4 4 5 9 8 
7 8 13 12 5 4 4 4 5 12 13 8 
7 6 4 4 4 5 12 11 8 
7 8 13 12 5 4 4 4 5 12 13 10 11 8 
7 8 13 10 3 4 4 4 3 10 13 12 11 8 
7 8 13 10 3 4 4 4 3 10 13 8 
7 6 4 4 4 6 7 8 
7 0 1 3 4 4 4 3 10 13 8 
7 8 13 10 3 4 4 4 6 7 8 
7 0 1 3 4 4 4 5 2 0 7 8 
7 8 13 12 5 4 4 4 5 12 11 8 
7 0 1 2 5 4 4 4 5 12 13 10 11 8 
7 6 4 4 4 5 12 13 8 
7 0 2 5 4 4 4 5 9 8 
7 0 1 2 5 4 4 4 3 1 0 7 8 
7 0 2 5 4 4 4 5 12 11 8 
7 8 11 10 3 4 4 4 5 2 0 7 8 
7 8 13 12 5 4 4 4 6 7 8 
7 8 11 12 5 4 4 4 3 10 11 8 
7 8 11 10 3 4 4 4 3 10 13 8 
7 8 11 10 3 4 4 4 5 12 13 8 
7 0 2 1 3 4 4 4 6 7 8 
7 8 11 10 3 4 4 4 3 1 0 7 8 
7 8 11 12 5 4 4 4 5 12 13 8 
7 8 9 5 4 4 4 5 12 13 8 
7 8 9 5 4 4 4 3 10 13 8 
7 0 2 5 4 4 4 3 10 13 8 
7 0 2 5 4 4 4 3 1 0 7 8 
7 8 9 5 4 4 4 3 1 0 7 8 
7 0 1 2 5 4 4 4 5 2 0 7 8 
7 6 4 4 4 3 10 11 8 
7 8 9 5 4 4 4 5 9 8 
7 0 2 5 4 4 4 3 10 11 8 
7 8 11 10 3 4 4 4 3 10 13 12 11 8 
7 6 4 4 4 3 10 13 12 11 8 
7 8 11 12 5 4 4 4 5 9 8 
---------------
Request id 12
1 2 5 4 6 7 0 2 5 12 11 8 7 6 
1 3 4 5 2 0 7 8 9 5 4 6 
1 3 10 13 8 7 0 2 5 9 8 7 6 
1 0 1 2 5 4 6 
1 2 0 1 2 5 4 6 
1 3 10 13 8 7 0 1 3 4 6 
1 2 5 9 8 7 0 1 3 10 11 8 7 6 
1 0 1 3 10 11 8 7 6 
1 3 4 5 2 0 1 3 10 11 8 7 6 
1 2 0 7 8 9 5 4 6 
1 3 10 13 12 5 2 0 1 3 4 6 
1 3 10 13 8 7 0 7 6 
1 3 4 5 2 0 7 6 
1 2 0 2 1 3 4 6 
1 3 4 5 2 0 2 1 3 4 6 
1 3 4 6 7 0 7 6 
1 2 5 9 8 7 0 1 3 4 6 
1 2 5 4 6 7 0 7 8 9 5 4 6 
1 2 0 7 8 11 10 3 4 6 
1 0 7 6 
1 3 10 11 8 7 0 7 8 9 5 4 6 
1 3 10 11 12 5 2 0 7 6 
1 3 10 13 12 5 2 0 7 6 
1 3 4 6 7 0 7 8 9 5 4 6 
1 2 5 4 6 7 0 7 8 11 10 3 4 6 
1 3 10 11 8 7 0 1 2 5 4 6 
1 3 10 11 8 7 0 2 5 4 6 
1 3 10 11 12 5 2 0 2 5 4 6 
1 2 0 1 3 10 11 8 7 6 
1 3 10 13 12 5 2 0 2 1 3 4 6 
1 2 5 4 6 7 0 7 6 
1 3 4 6 7 0 2 5 4 6 
1 3 10 13 8 7 0 2 5 4 6 
1 3 10 11 12 5 2 0 1 3 10 11 8 7 6 
1 3 10 11 8 7 0 2 5 9 8 7 6 
1 3 10 13 8 7 0 2 1 3 4 6 
1 3 4 6 7 0 2 5 12 11 8 7 6 
1 2 5 4 6 7 0 1 2 5 4 6 
1 3 10 11 12 5 2 0 7 8 9 5 4 6 
1 2 5 9 8 7 0 2 5 9 8 7 6 
---------------
Request id 9
2 1 3 4 4 3 10 13 8 11 8 7 0 1 
2 1 0 7 6 4 4 3 10 11 12 5 4 3 1 
2 0 7 8 9 5 4 4 3 10 11 8 7 0 1 
2 1 3 4 4 6 7 8 11 8 9 5 2 1 
2 0 7 8 13 10 3 4 4 5 9 8 11 10 13 12 5 2 1 
2 1 3 4 4 3 10 11 12 13 10 3 1 
2 5 9 8 7 6 4 4 5 12 13 8 11 10 3 1 
2 0 7 8 9 5 4 4 3 10 13 12 11 12 5 2 0 1 
2 0 7 8 9 5 4 4 5 12 13 8 11 12 5 4 3 1 
2 5 9 8 7 6 4 4 6 7 8 13 10 11 12 5 2 0 1 
2 1 0 7 6 4 4 5 9 8 11 12 5 2 0 1 
2 0 1 3 4 4 6 7 8 13 10 11 8 7 0 1 
2 0 7 8 9 5 4 4 5 9 8 11 10 13 12 5 2 1 
2 0 1 3 4 4 3 10 13 8 11 8 7 0 1 
2 1 0 7 6 4 4 5 9 8 11 10 13 12 5 2 1 
2 0 7 8 9 5 4 4 5 9 8 11 8 7 0 1 
2 0 7 8 9 5 4 4 3 10 13 8 11 12 5 4 3 1 
2 5 4 4 6 7 8 13 10 11 8 7 0 2 1 
2 0 1 3 4 4 5 9 8 11 10 3 1 
2 1 0 7 6 4 4 5 9 8 11 8 7 0 1 
2 5 12 13 10 3 4 4 6 7 8 13 10 11 8 13 10 3 1 
2 1 0 7 6 4 4 3 10 13 12 11 8 9 5 2 1 
2 0 1 3 4 4 5 12 11 8 9 5 2 1 
2 0 7 6 4 4 3 1 0 7 8 11 12 5 2 0 1 
2 1 3 4 4 3 10 11 8 7 0 2 1 
2 5 12 13 10 3 4 4 5 12 13 8 11 10 3 1 
2 5 9 8 7 6 4 4 6 7 8 11 8 7 0 2 1 
2 5 9 8 7 6 4 4 3 10 13 12 11 10 13 12 5 2 1 
2 1 0 7 6 4 4 5 12 13 10 11 12 5 4 3 1 
2 5 12 11 10 3 4 4 3 10 11 10 13 12 5 2 1 
2 0 7 8 13 10 3 4 4 6 7 8 13 10 11 8 7 0 2 1 
2 0 1 3 4 4 3 10 13 8 11 8 7 0 2 1 
2 0 7 6 4 4 5 9 8 11 12 5 4 3 1 
2 1 3 4 4 5 12 11 10 13 12 5 2 1 
2 5 9 8 7 6 4 4 5 12 11 10 3 1 
2 1 3 4 4 5 12 11 12 13 10 3 1 
2 5 4 4 3 10 13 8 11 10 13 12 5 2 1 
2 0 7 8 9 5 4 4 5 12 11 10 13 12 5 2 1 
2 5 4 4 6 7 8 13 10 11 12 13 10 3 1 
2 5 12 13 10 3 4 4 3 1 0 7 8 11 12 5 2 0 1 
---------------
Request id 2
10 3 4 5 12 11 10 3 4 5 2 0 7 8 9 5 4 5 2 0 1 
10 13 12 11 8 13 10 3 1 0 7 8 13 12 5 4 5 12 11 8 7 0 1 
10 13 8 9 5 12 11 10 3 1 2 0 2 5 4 5 9 8 7 0 2 1 
10 3 1 0 7 8 11 12 5 2 1 0 7 8 9 5 4 5 12 11 8 7 0 1 
10 3 1 0 7 8 11 8 9 5 2 0 7 8 11 10 3 4 6 7 0 2 1 
10 3 4 5 9 8 11 10 13 8 7 0 7 8 11 10 3 4 6 7 0 1 
10 3 4 5 12 11 12 13 8 7 0 7 8 9 5 4 5 9 8 7 0 2 1 
10 3 4 6 7 8 11 12 5 2 1 0 2 1 3 4 5 9 8 7 0 1 
10 13 12 11 10 3 1 0 7 6 4 5 2 0 1 
10 3 1 0 7 8 11 10 3 1 0 7 8 9 5 4 3 1 
10 11 12 5 2 1 0 7 6 4 6 7 0 2 1 
10 13 8 11 10 3 1 0 7 8 13 10 3 4 6 7 0 2 1 
10 13 12 11 10 13 8 7 0 7 8 13 10 3 4 5 2 1 
10 3 1 0 7 8 11 8 7 0 7 6 4 6 7 0 2 1 
10 13 8 9 5 12 11 8 9 5 2 0 7 8 13 10 3 4 5 9 8 7 0 2 1 
10 13 8 9 5 12 11 10 13 8 7 0 7 6 4 5 2 1 
10 3 1 2 5 12 11 8 13 10 3 1 0 7 8 13 12 5 4 5 2 0 1 
10 13 8 9 5 12 11 10 3 1 2 0 7 8 9 5 4 5 12 11 8 7 0 1 
10 3 1 0 7 8 11 10 3 1 2 0 1 3 4 5 9 8 7 0 1 
10 13 12 11 12 13 8 7 0 7 8 11 10 3 4 5 9 8 7 0 2 1 
10 3 1 2 5 12 11 12 5 2 0 7 8 13 10 3 4 6 7 0 1 
10 13 8 11 10 3 1 0 7 8 9 5 4 5 12 11 10 3 1 
10 13 12 11 10 3 4 5 2 0 2 1 3 4 6 7 0 1 
10 13 12 5 9 8 11 12 13 8 7 0 1 3 4 5 9 8 7 0 2 1 
10 3 1 2 5 12 11 10 13 8 7 0 2 5 4 6 7 0 1 
10 11 8 9 5 2 0 7 8 13 12 5 4 5 12 13 10 3 1 
10 3 4 5 9 8 11 10 13 8 7 0 7 8 9 5 4 5 12 13 10 3 1 
10 3 4 5 12 11 8 7 0 7 8 13 10 3 4 5 9 8 7 0 2 1 
10 3 1 0 7 8 11 10 3 1 0 7 6 4 6 7 0 1 
10 3 1 2 5 12 11 12 5 2 1 0 7 8 13 10 3 4 5 2 1 
10 13 12 5 9 8 11 10 13 8 7 0 7 8 11 12 5 4 5 12 11 8 7 0 1 
10 3 4 6 7 8 11 12 5 2 1 0 2 1 3 4 6 7 0 1 
10 3 1 0 7 8 11 12 5 2 0 1 2 5 4 5 9 8 7 0 2 1 
10 13 8 11 8 7 0 1 2 5 4 5 12 11 8 7 0 1 
10 13 8 11 10 3 4 5 2 0 7 8 13 12 5 4 5 12 11 10 3 1 
10 3 1 2 5 12 11 10 3 4 5 2 0 7 8 13 12 5 4 5 9 8 7 0 2 1 
10 13 12 5 9 8 11 8 7 0 7 8 11 10 3 4 5 12 11 8 7 0 1 
10 13 12 11 12 13 8 7 0 2 1 3 4 6 7 0 2 1 
10 13 8 9 5 12 11 12 5 2 1 0 1 2 5 4 5 9 8 7 0 2 1 
10 3 1 2 5 12 11 12 5 2 0 7 8 11 12 5 4 5 12 13 10 3 1 
---------------
Request id 20
13 10 3 1 2 0 0 0 7 8 
13 12 11 8 7 0 0 0 7 6 4 5 9 8 
13 10 3 1 2 0 0 0 1 3 10 11 8 
13 10 3 1 0 0 0 1 3 10 13 8 
13 12 5 2 1 0 0 0 1 3 10 13 8 
13 12 5 4 3 1 0 0 0 2 5 4 6 7 8 
13 10 3 1 2 0 0 0 1 2 5 9 8 
13 10 3 1 2 0 0 0 2 5 12 11 8 
13 8 7 0 0 0 2 5 9 8 
13 10 3 1 2 0 0 0 2 5 12 13 8 
13 10 11 8 7 0 0 0 7 8 
13 12 5 4 3 1 0 0 0 7 6 4 5 9 8 
13 8 7 0 0 0 2 5 4 6 7 8 
13 12 5 2 1 0 0 0 2 5 9 8 
13 8 7 0 0 0 1 3 10 13 8 
13 12 5 2 0 0 0 2 5 9 8 
13 12 5 4 3 1 0 0 0 2 5 12 13 8 
13 12 5 4 3 1 0 0 0 1 3 10 13 8 
13 8 11 10 3 1 0 0 0 2 5 12 13 8 
13 12 5 4 3 1 0 0 0 1 2 5 9 8 
13 10 11 8 7 0 0 0 1 3 4 6 7 8 
13 12 5 2 1 0 0 0 7 6 4 5 9 8 
13 8 9 5 2 0 0 0 1 3 4 6 7 8 
13 10 3 1 2 0 0 0 7 6 4 5 9 8 
13 12 5 2 1 0 0 0 1 3 10 11 8 
13 8 9 5 2 0 0 0 2 5 4 6 7 8 
13 12 5 2 0 0 0 7 8 
13 8 7 0 0 0 7 6 4 5 9 8 
13 8 11 10 3 1 0 0 0 2 5 12 11 8 
13 12 5 2 0 0 0 1 3 10 13 8 
13 10 11 8 7 0 0 0 1 3 10 13 8 
13 10 11 8 7 0 0 0 2 5 9 8 
13 8 7 0 0 0 2 5 12 11 8 
13 8 9 5 2 0 0 0 2 5 12 13 8 
13 12 5 2 0 0 0 2 5 12 11 8 
13 12 5 4 3 1 0 0 0 2 5 9 8 
13 10 3 1 2 0 0 0 2 5 4 6 7 8 
13 12 5 2 0 0 0 2 5 4 6 7 8 
13 10 11 8 7 0 0 0 1 3 10 11 8 
13 12 11 8 7 0 0 0 2 5 9 8 
---------------
Request id 22
13 8 9 5 4 5 12 13 8 7 0 7 8 13 10 3 
13 8 9 5 4 5 2 0 2 5 4 3 
13 8 11 12 5 4 3 10 13 8 7 0 7 8 11 10 3 
13 12 11 10 3 4 5 12 13 8 7 0 2 5 12 13 10 3 
13 10 11 12 5 4 5 2 1 0 2 5 12 11 10 3 
13 8 7 6 4 5 12 11 8 7 0 7 8 11 10 3 
13 12 5 4 6 7 0 2 5 4 3 
13 10 11 12 5 4 5 12 11 8 7 0 7 8 11 10 3 
13 10 3 4 5 2 0 7 8 9 5 4 3 
13 10 11 12 5 4 3 1 2 0 2 5 12 13 10 3 
13 8 11 10 3 4 3 1 0 1 3 
13 12 11 10 3 4 5 2 0 2 5 12 11 10 3 
13 8 9 5 4 3 1 0 7 6 4 3 
13 10 11 12 5 4 3 10 11 8 7 0 7 8 9 5 4 3 
13 8 7 6 4 5 9 8 7 0 2 1 3 
13 8 11 10 3 4 5 12 11 8 7 0 2 5 12 11 10 3 
13 8 9 5 4 5 12 13 8 7 0 2 5 12 13 10 3 
13 8 11 12 5 4 5 2 1 0 7 8 9 5 4 3 
13 8 11 10 3 4 5 9 8 7 0 1 3 
13 8 11 10 3 4 3 10 13 8 7 0 7 8 13 10 3 
13 8 11 12 5 4 3 10 13 8 7 0 1 2 5 4 3 
13 8 9 5 4 5 2 1 0 7 8 13 10 3 
13 12 5 2 1 3 4 5 9 8 7 0 2 1 3 
13 12 11 8 9 5 4 5 12 11 8 7 0 7 8 9 5 4 3 
13 12 5 2 1 3 4 3 10 11 8 7 0 2 5 12 11 10 3 
13 12 5 2 1 3 4 5 12 11 8 7 0 7 8 13 10 3 
13 10 11 12 5 4 3 10 11 8 7 0 2 5 4 3 
13 12 5 4 3 1 0 7 6 4 3 
13 10 11 12 5 4 5 12 11 8 7 0 1 3 
13 10 11 12 5 4 5 9 8 7 0 1 3 
13 10 11 12 5 4 3 1 0 1 2 5 4 3 
13 8 7 6 4 3 1 0 1 2 5 4 3 
13 8 9 5 4 3 1 0 7 8 11 10 3 
13 8 11 12 5 4 5 2 0 1 2 5 4 3 
13 8 7 6 4 3 10 11 8 7 0 2 5 12 11 10 3 
13 8 11 12 5 4 5 12 13 8 7 0 1 3 
13 8 9 5 4 5 2 1 0 7 8 9 5 4 3 
13 8 11 10 3 4 3 10 11 8 7 0 2 5 4 3 
13 10 3 4 5 2 0 1 3 
13 8 9 5 4 5 9 8 7 0 7 8 9 5 4 3 
---------------
Request id 24
13 12 5 2 0 1 3 4 5 12 13 8 7 
13 12 5 2 0 2 1 3 4 5 12 13 8 7 
13 10 3 1 2 0 1 2 5 4 5 2 1 0 7 
13 8 9 5 2 0 1 2 5 4 5 2 0 7 
13 8 9 5 2 0 7 6 4 6 7 
13 10 3 4 6 7 0 7 8 13 12 5 4 5 9 8 7 
13 12 11 8 7 0 7 8 13 12 5 4 3 10 11 8 7 
13 10 3 1 0 7 8 13 12 5 4 6 7 
13 12 5 2 0 2 1 3 4 5 2 0 7 
13 10 11 8 7 0 7 6 4 5 12 13 8 7 
13 8 11 10 3 1 0 1 2 5 4 5 9 8 7 
13 12 5 2 1 0 1 2 5 4 6 7 
13 12 5 2 1 0 7 8 11 10 3 4 5 2 0 7 
13 12 5 2 0 7 8 13 10 3 4 3 10 13 8 7 
13 12 11 8 7 0 7 8 13 12 5 4 5 2 1 0 7 
13 12 5 2 0 7 8 13 12 5 4 5 2 1 0 7 
13 12 5 2 1 0 7 6 4 5 2 1 0 7 
13 12 5 2 1 0 7 6 4 3 1 2 0 7 
13 10 3 4 6 7 0 7 8 13 10 3 4 3 1 2 0 7 
13 10 3 1 2 0 7 8 9 5 4 3 10 11 8 7 
13 10 3 4 6 7 0 7 8 11 10 3 4 6 7 
13 8 11 10 3 1 0 7 8 13 12 5 4 5 9 8 7 
13 8 11 10 3 1 0 7 8 13 12 5 4 5 12 11 8 7 
13 12 5 2 1 0 7 6 4 3 10 13 8 7 
13 10 3 1 2 0 2 1 3 4 3 1 2 0 7 
13 8 7 0 1 3 4 3 1 2 0 7 
13 12 5 2 1 0 1 3 4 5 2 0 7 
13 8 9 5 2 0 7 8 11 10 3 4 5 2 0 7 
13 10 3 1 0 1 3 4 3 10 13 8 7 
13 10 3 4 6 7 0 7 6 4 3 1 2 0 7 
13 12 5 2 0 7 8 13 12 5 4 5 12 11 8 7 
13 12 5 2 1 0 7 6 4 5 2 0 7 
13 8 7 0 1 2 5 4 3 1 0 7 
13 10 3 1 2 0 2 1 3 4 6 7 
13 8 11 10 3 1 0 7 8 11 12 5 4 3 1 0 7 
13 10 3 1 2 0 7 8 11 10 3 4 6 7 
13 10 11 8 7 0 1 3 4 3 10 13 8 7 
13 8 11 10 3 1 0 7 8 9 5 4 5 9 8 7 
13 10 3 4 6 7 0 1 3 4 5 2 0 7 
13 8 9 5 2 0 7 8 13 10 3 4 6 7 
---------------
Request id 21
8 7 0 1 3 10 11 8 7 0 2 1 3 
8 7 0 1 3 10 11 12 5 2 1 3 
8 9 5 12 13 10 11 8 7 0 2 1 3 
8 7 0 2 5 12 11 8 7 6 4 3 
8 7 0 2 5 12 11 8 7 0 2 1 3 
8 13 12 11 8 13 10 3 
8 7 0 1 3 10 11 8 9 5 4 3 
8 11 8 9 5 4 3 
8 9 5 12 11 8 7 0 2 1 3 
8 7 6 4 3 10 11 8 7 0 2 1 3 
8 7 0 1 3 10 11 10 3 
8 9 5 4 3 10 11 12 13 10 3 
8 9 5 12 13 10 11 10 3 
8 11 12 5 4 3 
8 9 5 12 11 10 3 
8 7 0 2 5 12 11 8 7 0 1 3 
8 13 10 11 8 13 10 3 
8 13 10 11 10 13 12 5 4 3 
8 7 6 4 5 12 11 12 13 10 3 
8 11 8 7 0 1 3 
8 9 5 4 3 10 11 12 5 2 1 3 
8 9 5 12 13 10 11 8 7 0 1 3 
8 13 10 11 12 5 2 1 3 
8 7 6 4 3 10 11 10 13 12 5 4 3 
8 7 6 4 5 12 11 8 9 5 4 3 
8 9 5 12 11 8 13 10 3 
8 7 0 2 5 12 11 8 13 10 3 
8 11 8 13 10 3 
8 9 5 12 13 10 11 12 13 10 3 
8 9 5 4 3 10 11 8 9 5 4 3 
8 13 10 11 8 7 6 4 3 
8 7 6 4 3 10 11 8 9 5 4 3 
8 9 5 4 3 10 11 10 3 
8 7 6 4 3 10 11 12 5 4 3 
8 9 5 12 13 10 11 10 13 12 5 4 3 
8 7 6 4 3 10 11 12 5 2 1 3 
8 7 0 2 5 12 11 12 5 4 3 
8 7 0 1 3 10 11 10 13 12 5 4 3 
8 9 5 12 11 12 13 10 3 
8 9 5 12 11 12 5 4 3 
---------------
Request id 14
6 4 5 12 11 8 7 0 0 7 8 13 12 11 8 7 6 4 3 10 
6 4 5 12 11 8 7 0 0 2 5 9 8 11 8 9 5 12 13 10 
6 4 3 1 2 0 0 7 6 4 5 12 11 12 5 4 3 10 
6 4 5 2 0 0 2 5 9 8 11 8 9 5 4 3 10 
6 4 5 12 11 8 7 0 0 7 8 13 12 11 8 13 10 
6 4 5 9 8 7 0 0 7 8 13 10 11 8 9 5 12 13 10 
6 4 5 9 8 7 0 0 2 5 12 11 12 5 9 8 13 10 
6 4 5 12 11 8 7 0 0 7 6 4 5 12 11 8 7 0 1 3 10 
6 4 5 2 1 0 0 7 8 13 12 11 8 13 10 
6 4 5 9 8 7 0 0 2 1 3 10 11 10 
6 4 3 1 2 0 0 2 1 3 10 11 8 7 6 4 3 10 
6 4 3 10 11 8 7 0 0 7 8 13 12 11 8 9 5 12 13 10 
6 4 5 2 0 0 1 3 10 11 8 7 0 1 3 10 
6 4 3 1 2 0 0 7 8 11 12 13 10 
6 4 3 1 2 0 0 2 1 3 10 11 10 
6 7 8 9 5 2 0 0 2 1 3 10 11 12 5 4 3 10 
6 7 8 9 5 2 0 0 7 6 4 5 12 11 10 
6 4 3 10 11 8 7 0 0 7 8 11 8 13 10 
6 4 5 2 0 0 7 8 13 10 11 8 7 0 1 3 10 
6 7 8 9 5 2 1 0 0 7 8 11 10 
6 4 3 1 2 0 0 2 5 12 11 12 5 9 8 13 10 
6 4 5 9 8 7 0 0 2 1 3 10 11 8 9 5 4 3 10 
6 7 0 0 1 2 5 9 8 11 10 
6 4 5 2 0 0 2 5 12 11 8 7 0 1 3 10 
6 4 3 1 2 0 0 1 2 5 12 11 12 5 9 8 13 10 
6 4 3 10 11 8 7 0 0 1 2 5 9 8 11 12 13 10 
6 7 0 0 1 3 10 11 8 13 10 
6 7 8 9 5 2 0 0 1 2 5 9 8 11 10 
6 7 8 9 5 2 0 0 7 8 11 8 13 10 
6 4 5 9 8 7 0 0 7 8 13 12 11 8 13 10 
6 4 3 10 11 8 7 0 0 7 6 4 5 12 11 8 9 5 4 3 10 
6 7 8 9 5 2 1 0 0 1 2 5 9 8 11 8 7 0 1 3 10 
6 7 0 0 2 1 3 10 11 8 9 5 12 13 10 
6 4 3 1 2 0 0 7 8 13 10 11 8 7 6 4 3 10 
6 4 3 10 11 8 7 0 0 1 3 10 11 8 7 0 1 3 10 
6 7 8 9 5 2 0 0 7 8 13 12 11 8 7 6 4 3 10 
6 7 8 9 5 2 0 0 7 8 13 10 11 8 7 0 1 3 10 
6 7 0 0 1 2 5 9 8 11 8 9 5 4 3 10 
6 4 3 1 2 0 0 1 2 5 12 11 12 13 10 
6 7 8 9 5 2 1 0 0 7 8 13 10 11 8 7 0 1 3 10 
---------------
Request id 15
13 8 7 0 2 5 9 8 11 8 13 10 3 1 0 2 5 9 8 7 
13 10 3 1 2 0 2 5 9 8 11 10 3 4 6 7 0 1 3 4 6 7 
13 10 11 8 7 0 1 2 5 12 11 8 9 5 2 0 2 5 9 8 7 
13 12 11 8 7 0 1 2 5 9 8 11 8 13 10 3 1 0 2 5 4 6 7 
13 10 3 1 2 0 7 6 4 5 12 11 8 9 5 2 0 1 2 5 4 6 7 
13 10 11 8 7 0 7 8 11 12 5 2 0 1 3 10 13 8 7 
13 10 11 8 7 0 1 2 5 9 8 11 10 3 1 0 1 3 10 11 8 7 
13 10 11 8 7 0 2 5 12 11 12 13 8 7 0 2 5 9 8 7 
13 12 5 2 0 7 8 11 12 13 8 7 0 1 3 4 6 7 
13 12 11 8 7 0 2 1 3 10 11 10 3 1 2 0 2 1 3 4 6 7 
13 8 11 10 3 1 0 7 8 11 10 3 4 6 7 0 1 3 4 6 7 
13 12 5 2 0 7 8 11 8 9 5 2 0 1 2 5 4 6 7 
13 12 5 2 0 2 5 12 11 12 5 2 0 1 2 5 9 8 7 
13 10 3 4 6 7 0 7 8 13 10 11 10 3 1 0 1 3 10 13 8 7 
13 10 3 1 2 0 1 3 10 11 10 3 4 6 7 0 2 5 12 13 8 7 
13 8 9 5 2 0 7 6 4 5 12 11 12 13 8 7 0 1 2 5 4 6 7 
13 8 9 5 2 0 1 3 10 11 10 13 8 7 0 2 5 9 8 7 
13 12 5 2 1 0 1 2 5 9 8 11 10 3 1 0 2 5 9 8 7 
13 8 11 10 3 1 0 1 2 5 12 11 8 9 5 2 0 2 5 12 13 8 7 
13 10 3 1 2 0 7 6 4 5 12 11 12 13 8 7 0 1 2 5 9 8 7 
13 10 11 8 7 0 2 1 3 10 11 12 5 2 1 0 7 
13 12 5 2 1 0 1 2 5 9 8 11 10 3 1 0 1 2 5 4 6 7 
13 8 7 0 2 5 12 11 10 3 1 2 0 1 2 5 9 8 7 
13 10 11 8 7 0 7 8 11 8 7 0 1 3 10 11 8 7 
13 8 7 0 2 1 3 10 11 12 13 8 7 0 1 3 10 13 8 7 
13 10 3 4 6 7 0 2 1 3 10 11 12 13 8 7 0 7 
13 8 7 0 1 2 5 9 8 11 10 3 4 6 7 0 2 1 3 4 6 7 
13 10 3 1 2 0 7 6 4 5 12 11 10 3 1 2 0 1 3 10 13 8 7 
13 10 3 1 0 7 8 13 12 11 12 13 8 7 0 7 
13 10 3 1 2 0 7 6 4 5 12 11 8 13 10 3 1 0 1 2 5 4 6 7 
13 12 11 8 7 0 2 1 3 10 11 8 9 5 2 0 1 3 4 6 7 
13 10 3 1 0 2 5 9 8 11 12 5 2 1 0 2 1 3 4 6 7 
13 10 3 1 0 1 2 5 12 11 8 13 10 3 1 0 2 5 12 13 8 7 
13 10 3 1 0 1 3 10 11 12 13 8 7 0 7 
13 10 3 1 0 2 1 3 10 11 8 7 0 1 2 5 4 6 7 
13 10 3 1 0 7 8 11 10 3 1 0 1 2 5 4 6 7 
13 8 11 10 3 1 0 1 2 5 12 11 10 3 1 2 0 1 3 10 13 8 7 
13 12 5 2 0 7 8 11 8 9 5 2 0 2 5 12 13 8 7 
13 12 5 2 0 2 5 9 8 11 12 5 2 0 1 3 10 13 8 7 
13 10 3 4 6 7 0 7 8 13 12 11 10 3 1 0 1 2 5 9 8 7 
---------------
Request id 7
9 8 7 6 4 3 10 13 
9 5 2 0 1 3 4 5 12 11 8 13 
9 8 13 12 5 4 3 1 0 7 8 13 
9 5 12 13 10 3 4 3 1 0 7 8 13 
9 8 11 10 3 4 5 12 13 
9 8 13 12 5 4 3 10 11 12 13 
9 8 7 6 4 3 10 11 12 13 
9 5 4 5 12 11 10 13 
9 5 2 0 1 3 4 5 9 8 13 
9 8 13 10 3 4 5 12 13 
9 8 7 6 4 5 9 8 13 
9 5 2 1 3 4 5 12 11 8 13 
9 8 13 10 3 4 6 7 8 13 
9 8 7 0 1 3 4 5 12 11 8 13 
9 8 13 12 5 4 6 7 8 13 
9 8 13 12 5 4 3 10 11 8 13 
9 5 4 5 12 13 
9 5 12 13 10 3 4 5 12 11 8 13 
9 8 13 10 3 4 3 10 13 
9 8 11 10 3 4 5 12 11 8 13 
9 5 2 1 3 4 3 1 0 7 8 13 
9 5 2 1 3 4 5 9 8 13 
9 8 13 10 3 4 5 12 11 8 13 
9 5 2 0 1 3 4 6 7 8 11 12 13 
9 5 2 1 3 4 3 10 13 
9 8 7 6 4 5 12 11 10 13 
9 5 2 1 3 4 3 10 11 12 13 
9 5 2 1 3 4 5 12 13 
9 8 11 10 3 4 5 12 11 10 13 
9 8 7 6 4 3 10 11 8 13 
9 8 13 12 5 4 5 12 13 
9 5 12 13 10 3 4 3 10 11 8 13 
9 5 2 0 1 3 4 3 10 11 8 13 
9 8 11 10 3 4 6 7 8 13 
9 8 13 12 5 4 3 10 13 
9 5 2 1 3 4 6 7 8 13 
9 8 13 12 5 4 5 12 11 8 13 
9 8 7 6 4 3 1 0 7 8 13 
9 8 11 12 5 4 3 1 0 7 8 13 
9 5 4 6 7 8 11 12 13 
---------------
Request id 17
1 2 0 1 2 5 12 11 8 7 6 4 5 9 
1 3 10 11 8 7 0 2 5 9 8 11 8 7 0 2 5 9 
1 3 4 5 2 0 2 5 9 8 11 8 9 
1 3 10 13 12 5 2 0 2 5 9 8 11 10 13 8 9 
1 2 0 2 5 12 11 8 9 
1 2 0 7 6 4 3 10 11 12 13 8 9 
1 2 0 1 2 5 12 11 10 3 4 5 9 
1 3 4 6 7 0 1 3 10 13 8 11 12 13 8 9 
1 2 5 4 6 7 0 7 8 13 12 11 8 9 
1 2 0 1 2 5 12 11 12 5 9 
1 0 1 2 5 12 11 12 5 9 
1 0 7 6 4 3 10 11 12 5 9 
1 2 5 4 6 7 0 7 6 4 3 10 11 8 9 
1 2 5 9 8 7 0 1 2 5 12 11 12 5 9 
1 2 5 9 8 7 0 1 3 10 11 8 7 6 4 5 9 
1 0 1 3 10 11 10 3 1 2 5 9 
1 2 5 4 6 7 0 1 3 10 11 8 9 
1 2 0 2 1 3 10 11 10 13 8 9 
1 2 0 7 8 13 12 11 12 5 9 
1 3 10 11 8 7 0 1 2 5 12 11 8 7 0 2 5 9 
1 3 10 11 12 5 2 0 1 3 10 11 8 7 6 4 5 9 
1 2 5 4 6 7 0 7 8 13 12 11 10 13 12 5 9 
1 3 10 11 8 7 0 7 8 13 12 11 10 13 12 5 9 
1 2 5 4 6 7 0 2 1 3 10 11 12 13 8 9 
1 3 10 11 12 5 2 0 2 5 12 11 10 3 1 2 5 9 
1 3 4 5 2 0 7 8 11 8 13 12 5 9 
1 3 10 13 8 7 0 2 5 12 11 10 3 1 2 5 9 
1 2 5 9 8 7 0 7 8 13 10 11 8 9 
1 3 10 13 12 5 2 0 7 8 11 8 7 0 2 5 9 
1 3 4 5 2 0 7 8 13 12 11 8 9 
1 2 5 4 6 7 0 1 3 10 13 8 11 8 7 6 4 5 9 
1 0 7 8 11 12 13 8 9 
1 3 10 13 12 5 2 0 7 8 13 10 11 10 13 8 9 
1 3 10 13 12 5 2 0 7 8 13 12 11 10 3 1 2 5 9 
1 3 10 11 8 7 0 7 8 13 12 11 12 5 9 
1 3 10 13 12 5 2 0 7 6 4 3 10 11 8 13 12 5 9 
1 3 10 11 8 7 0 7 6 4 3 10 11 8 9 
1 3 10 11 12 5 2 0 2 5 12 11 8 9 
1 2 5 9 8 7 0 1 2 5 12 11 8 13 12 5 9 
1 3 10 11 12 5 2 0 2 5 12 11 8 7 0 2 5 9 
---------------
Request id 11
10 13 8 9 5 4 6 7 8 11 12 5 4 3 10 13 
10 3 1 0 2 5 4 3 10 13 8 11 8 9 5 4 3 10 13 
10 11 12 5 4 5 9 8 11 8 9 5 12 13 
10 11 12 5 4 3 10 13 8 11 10 3 4 5 9 8 13 
10 13 8 7 6 4 3 10 13 8 11 10 3 4 5 12 13 
10 3 1 2 5 4 5 12 13 8 11 8 9 5 12 13 
10 13 8 11 12 5 4 3 10 13 12 11 12 5 9 8 13 
10 13 8 11 12 5 4 6 7 8 11 8 13 
10 11 8 7 6 4 3 10 13 8 11 12 5 9 8 13 
10 3 1 0 2 5 4 5 9 8 11 10 3 4 5 12 13 
10 11 8 9 5 4 6 7 8 11 8 9 5 4 3 10 13 
10 3 4 3 10 11 12 5 4 3 10 13 
10 13 8 11 12 5 4 5 12 13 10 11 12 5 9 8 13 
10 3 1 2 5 4 5 12 13 10 11 12 5 9 8 13 
10 13 8 11 12 5 4 5 12 13 8 11 12 5 4 3 10 13 
10 13 8 7 6 4 5 12 13 8 11 12 5 9 8 13 
10 11 8 7 6 4 5 12 13 8 11 8 9 5 4 3 10 13 
10 3 4 5 12 11 8 9 5 12 13 
10 13 12 5 4 6 7 8 13 10 11 10 3 4 5 9 8 13 
10 11 8 7 6 4 3 10 11 12 13 
10 3 4 5 12 13 10 11 8 13 
10 11 8 9 5 4 3 10 13 8 11 8 13 
10 3 1 2 5 4 6 7 8 13 10 11 12 5 9 8 13 
10 3 1 0 2 5 4 3 1 0 7 8 11 12 13 
10 13 8 9 5 4 3 10 11 8 9 5 4 3 10 13 
10 11 8 9 5 4 3 10 13 8 11 10 3 4 5 9 8 13 
10 11 8 9 5 4 5 12 11 12 5 4 6 7 8 13 
10 13 8 7 6 4 3 10 11 12 13 
10 13 8 11 12 5 4 3 10 11 12 5 4 3 10 13 
10 11 8 7 6 4 5 12 13 8 11 12 5 4 3 10 13 
10 11 8 9 5 4 5 12 13 10 11 8 9 5 12 13 
10 13 8 11 12 5 4 3 10 11 12 5 9 8 13 
10 3 4 3 1 0 7 8 11 10 3 4 5 12 13 
10 3 4 5 12 11 10 13 
10 13 8 7 6 4 5 12 11 12 5 4 6 7 8 13 
10 11 12 5 4 5 12 11 10 3 4 5 9 8 13 
10 3 4 3 1 0 7 8 11 8 9 5 4 3 10 13 
10 11 8 9 5 4 6 7 8 11 12 5 4 6 7 8 13 
10 11 8 9 5 4 5 12 11 12 13 
10 13 12 5 4 5 12 13 10 11 8 9 5 12 13 
---------------
Request id 10
2 5 9 8 7 6 4 3 10 13 8 7 0 1 2 5 12 11 8 9 5 4 6 7 
2 5 12 11 10 3 4 5 12 13 8 7 0 7 8 11 12 5 4 6 7 
2 5 9 8 7 6 4 3 1 0 2 1 3 10 11 12 13 8 7 
2 1 0 7 6 4 3 10 11 8 7 0 2 5 12 11 12 5 2 0 7 
2 0 1 3 4 3 1 2 0 1 3 10 11 12 5 2 0 7 
2 5 9 8 7 6 4 5 2 0 2 5 12 11 12 5 4 6 7 
2 0 7 8 11 12 5 4 5 12 11 8 7 0 7 8 13 10 11 12 5 2 0 7 
2 0 7 8 11 12 5 4 5 2 0 1 2 5 12 11 12 13 8 7 
2 0 7 6 4 5 2 1 0 2 5 12 11 10 13 8 7 
2 5 12 13 10 3 4 5 12 13 8 7 0 2 5 9 8 11 12 5 9 8 7 
2 1 0 7 6 4 5 12 13 8 7 0 7 8 11 10 3 4 6 7 
2 5 12 11 10 3 4 6 7 0 2 1 3 10 11 12 5 9 8 7 
2 5 12 11 10 3 4 5 12 11 8 7 0 1 2 5 12 11 12 5 9 8 7 
2 5 12 11 10 3 4 5 2 0 2 5 12 11 10 3 1 0 7 
2 0 7 8 9 5 4 3 10 13 8 7 0 7 6 4 5 12 11 10 3 1 0 7 
2 0 1 3 4 5 9 8 7 0 1 3 10 11 12 5 9 8 7 
2 5 9 8 7 6 4 5 12 13 8 7 0 7 8 11 10 3 1 0 7 
2 5 9 8 7 6 4 5 12 13 8 7 0 2 5 9 8 11 10 3 4 6 7 
2 1 3 4 3 1 0 2 1 3 10 11 12 5 2 0 7 
2 0 7 6 4 5 2 0 2 5 12 11 8 7 
2 1 3 4 5 2 0 2 5 9 8 11 12 5 9 8 7 
2 1 0 7 6 4 3 1 0 2 1 3 10 11 12 5 9 8 7 
2 5 12 11 10 3 4 5 2 0 2 5 9 8 11 10 3 1 2 0 7 
2 5 4 3 1 0 1 2 5 12 11 8 9 5 4 6 7 
2 5 12 11 10 3 4 3 10 13 8 7 0 1 2 5 9 8 11 12 5 4 6 7 
2 0 7 6 4 3 10 13 8 7 0 7 6 4 5 12 11 12 5 2 0 7 
2 0 7 8 11 12 5 4 5 12 11 8 7 0 1 2 5 9 8 11 10 3 4 6 7 
2 5 4 5 12 11 8 7 0 1 2 5 9 8 11 10 13 8 7 
2 1 3 4 5 2 0 7 8 13 12 11 12 13 8 7 
2 0 7 8 9 5 4 5 2 1 0 7 8 11 8 7 
2 0 7 8 9 5 4 5 12 13 8 7 0 7 8 13 12 11 10 3 1 0 7 
2 5 12 11 10 3 4 3 1 2 0 1 3 10 11 10 13 8 7 
2 0 7 8 9 5 4 5 2 0 1 3 10 11 10 3 1 0 7 
2 1 3 4 5 2 1 0 1 3 10 11 12 5 4 6 7 
2 5 12 13 10 3 4 5 2 1 0 1 3 10 11 12 5 9 8 7 
2 1 0 7 6 4 5 12 11 8 7 0 2 1 3 10 11 10 3 4 6 7 
2 1 3 4 3 10 13 8 7 0 7 6 4 5 12 11 10 13 8 7 
2 0 7 6 4 3 1 0 2 5 12 11 12 5 2 0 7 
2 5 9 8 7 6 4 5 12 11 8 7 0 7 8 11 12 5 9 8 7 
2 5 12 13 10 3 4 5 2 1 0 7 8 13 10 11 8 7 
---------------
Request id 3
9 5 4 3 1 2 0 1 2 5 4 5 9 8 11 8 9 5 12 13 10 
9 8 7 0 7 8 11 12 5 4 5 12 13 10 11 10 
9 8 11 12 5 2 0 1 2 5 4 3 1 0 7 8 11 8 7 0 1 3 10 
9 8 11 12 5 2 0 2 5 4 5 12 11 12 5 2 1 3 10 
9 5 2 1 0 7 8 9 5 4 3 1 0 7 8 11 12 5 2 1 3 10 
9 5 4 3 1 0 7 8 11 12 5 4 5 12 13 10 11 10 
9 5 12 13 8 7 0 2 5 4 6 7 8 11 8 7 6 4 3 10 
9 8 13 12 5 2 0 1 3 4 5 12 11 8 9 5 4 3 10 
9 8 11 12 5 2 0 7 8 11 12 5 4 3 10 13 8 11 8 9 5 4 3 10 
9 5 2 0 7 6 4 5 12 13 10 11 8 9 5 12 13 10 
9 5 2 1 0 1 2 5 4 5 9 8 11 12 5 9 8 13 10 
9 5 4 6 7 0 7 8 13 12 5 4 3 10 13 12 11 12 5 4 3 10 
9 5 2 1 0 7 8 13 12 5 4 6 7 8 11 10 
9 8 13 12 5 2 0 7 8 11 12 5 4 3 10 11 12 5 4 3 10 
9 5 12 13 8 7 0 7 8 11 12 5 4 6 7 8 11 12 5 4 3 10 
9 5 4 3 1 2 0 7 8 11 10 3 4 3 10 13 12 11 12 5 9 8 13 10 
9 8 7 0 7 8 13 10 3 4 5 12 13 8 11 12 5 4 3 10 
9 5 2 1 0 1 2 5 4 3 10 11 12 5 9 8 13 10 
9 8 13 12 5 2 0 7 8 11 12 5 4 3 10 13 8 11 8 7 6 4 3 10 
9 5 4 3 1 2 0 7 8 13 12 5 4 3 10 13 12 11 8 9 5 4 3 10 
9 5 4 3 1 0 7 8 11 10 3 4 3 10 13 12 11 12 5 2 1 3 10 
9 8 11 12 5 2 0 7 6 4 6 7 8 11 12 5 2 1 3 10 
9 5 4 6 7 0 2 5 4 5 12 13 8 11 8 7 0 1 3 10 
9 8 11 12 5 2 0 7 8 11 10 3 4 3 10 13 8 11 12 5 9 8 13 10 
9 5 12 13 8 7 0 2 5 4 5 12 13 10 11 8 9 5 4 3 10 
9 5 2 0 7 8 13 12 5 4 5 12 11 12 5 9 8 13 10 
9 5 12 13 8 7 0 1 2 5 4 3 10 13 12 11 8 9 5 12 13 10 
9 5 12 13 8 7 0 7 6 4 5 12 11 12 5 9 8 13 10 
9 5 4 6 7 0 1 2 5 4 5 12 11 12 5 4 3 10 
9 5 12 13 8 7 0 2 5 4 5 12 11 8 13 10 
9 5 4 3 1 2 0 7 8 11 10 3 4 5 12 13 10 11 8 13 10 
9 8 7 0 7 8 13 12 5 4 3 10 11 8 7 0 1 3 10 
9 5 2 0 2 1 3 4 5 12 13 10 11 8 9 5 12 13 10 
9 8 11 12 5 2 0 2 1 3 4 5 12 13 10 11 12 5 9 8 13 10 
9 5 2 0 1 2 5 4 3 10 13 12 11 12 5 9 8 13 10 
9 5 12 13 8 7 0 7 8 11 10 3 4 6 7 8 11 12 5 2 1 3 10 
9 8 11 12 5 2 0 7 8 11 10 3 4 5 2 0 7 8 11 12 13 10 
9 5 4 3 1 2 0 2 5 4 5 9 8 11 10 
9 5 4 3 1 2 0 1 2 5 4 5 12 13 8 11 8 9 5 4 3 10 
9 5 4 3 1 0 7 8 9 5 4 3 10 11 8 7 6 4 3 10 
---------------
Request id 25
8 9 5 4 6 7 0 1 2 5 4 6 
8 11 12 5 2 0 1 3 4 6 
8 13 10 3 1 0 7 8 13 12 5 4 6 
8 9 5 2 1 0 1 3 4 6 
8 7 0 1 3 4 6 
8 7 6 4 5 2 0 2 1 3 4 6 
8 7 0 7 8 13 12 5 4 6 
8 11 12 5 2 1 0 1 3 4 6 
8 11 12 5 2 1 0 2 5 4 6 
8 13 10 3 1 0 2 5 12 13 8 7 6 
8 13 12 5 2 0 7 6 
8 9 5 2 1 0 2 5 9 8 7 6 
8 7 0 2 5 4 6 
8 11 12 5 2 1 0 7 8 9 5 4 6 
8 13 10 3 1 0 1 3 4 6 
8 11 10 3 1 0 2 5 4 6 
8 11 12 5 2 0 2 1 3 4 6 
8 11 10 3 1 0 2 5 12 13 8 7 6 
8 11 12 5 2 0 7 6 
8 7 0 2 5 12 13 8 7 6 
8 9 5 2 1 0 7 8 9 5 4 6 
8 11 12 5 2 1 0 7 6 
8 9 5 2 0 7 8 13 12 5 4 6 
8 7 6 4 5 2 0 1 2 5 4 6 
8 11 12 5 2 1 0 2 5 12 13 8 7 6 
8 9 5 2 0 1 3 10 13 8 7 6 
8 9 5 2 0 2 5 9 8 7 6 
8 9 5 2 1 0 7 6 
8 11 12 5 2 1 0 1 3 10 13 8 7 6 
8 13 12 5 2 0 1 3 4 6 
8 7 6 4 5 2 0 2 5 4 6 
8 11 12 5 2 0 2 5 9 8 7 6 
8 7 0 1 2 5 4 6 
8 13 10 3 1 0 1 2 5 4 6 
8 7 0 2 5 9 8 7 6 
8 13 12 5 2 0 2 5 9 8 7 6 
8 11 12 5 2 0 7 8 9 5 4 6 
8 7 6 4 5 2 0 7 6 
8 11 10 3 1 0 1 2 5 4 6 
8 13 10 3 1 0 2 1 3 4 6 
---------------
Request id 13
8 7 0 1 3 4 3 10 11 8 7 0 1 2 5 4 6 
8 13 12 5 4 5 12 11 8 7 0 7 6 
8 11 10 3 4 5 2 0 1 2 5 9 8 7 6 
8 7 0 2 5 4 5 2 0 2 1 3 4 6 
8 7 6 4 5 2 0 2 1 3 4 6 
8 13 12 5 4 3 1 0 2 5 9 8 7 6 
8 13 12 5 4 3 10 11 8 7 0 7 6 
8 13 12 5 4 6 7 0 2 5 12 13 8 7 6 
8 11 10 3 4 5 12 11 8 7 0 2 5 9 8 7 6 
8 7 6 4 5 12 11 8 7 0 7 8 9 5 4 6 
8 9 5 4 3 1 2 0 1 3 4 6 
8 7 0 1 3 4 5 2 1 0 2 5 9 8 7 6 
8 13 10 3 4 3 10 11 8 7 0 2 5 9 8 7 6 
8 7 6 4 6 7 0 2 5 4 6 
8 7 0 2 5 4 3 10 11 8 7 0 7 6 
8 7 0 2 5 4 3 1 2 0 2 5 4 6 
8 9 5 2 1 3 4 5 2 1 0 2 1 3 4 6 
8 9 5 4 3 10 13 8 7 0 7 8 9 5 4 6 
8 7 6 4 5 12 13 8 7 0 7 8 13 12 5 4 6 
8 13 10 3 4 5 12 13 8 7 0 2 1 3 4 6 
8 13 10 3 4 3 1 2 0 7 6 
8 7 0 2 5 4 3 10 13 8 7 0 1 3 4 6 
8 11 10 3 4 5 12 13 8 7 0 2 1 3 4 6 
8 7 6 4 5 9 8 7 0 1 2 5 4 6 
8 9 5 2 1 3 4 3 1 0 7 8 13 12 5 4 6 
8 11 12 5 4 5 2 1 0 7 8 13 12 5 4 6 
8 13 10 3 4 3 10 11 8 7 0 2 5 12 13 8 7 6 
8 11 12 13 10 3 4 3 1 0 2 1 3 4 6 
8 9 5 2 1 3 4 5 12 11 8 7 0 7 8 13 12 5 4 6 
8 9 5 4 3 1 2 0 7 8 13 12 5 4 6 
8 9 5 4 5 2 1 0 7 8 13 12 5 4 6 
8 7 0 2 5 4 5 12 11 8 7 0 2 1 3 4 6 
8 11 12 5 4 5 12 13 8 7 0 1 3 4 6 
8 9 5 4 5 2 0 1 3 4 6 
8 11 10 3 4 3 1 0 7 8 13 12 5 4 6 
8 7 0 2 5 4 5 9 8 7 0 1 3 4 6 
8 9 5 4 5 12 11 8 7 0 2 5 4 6 
8 7 0 1 3 4 5 2 1 0 2 1 3 4 6 
8 11 12 13 10 3 4 5 2 1 0 1 2 5 9 8 7 6 
8 11 12 5 4 5 12 13 8 7 0 7 8 9 5 4 6 
---------------
Request id 30
8 9 5 12 11 10 13 8 7 6 4 3 1 0 2 5 12 11 10 3 1 
8 7 0 1 3 10 11 8 9 5 4 5 2 1 0 7 6 4 3 1 
8 7 0 1 3 10 11 10 13 12 5 4 5 12 13 8 7 0 7 8 9 5 2 1 
8 9 5 12 13 10 11 10 3 4 5 9 8 7 0 7 8 11 10 3 1 
8 9 5 4 3 10 11 8 13 12 5 4 5 2 1 0 7 8 13 10 3 1 
8 9 5 12 13 10 11 8 7 6 4 6 7 0 2 5 4 3 1 
8 7 0 1 3 10 11 12 5 4 5 2 0 7 6 4 3 1 
8 9 5 12 13 10 11 8 9 5 4 3 10 11 8 7 0 7 8 11 12 5 2 1 
8 9 5 4 3 10 11 8 9 5 4 5 2 1 0 2 5 12 11 10 3 1 
8 7 0 2 5 12 11 10 13 12 5 4 3 10 11 8 7 0 7 6 4 5 2 1 
8 11 10 3 4 3 10 13 8 7 0 7 8 9 5 2 1 
8 9 5 12 11 8 7 6 4 3 10 11 8 7 0 2 5 4 3 1 
8 9 5 12 13 10 11 10 13 8 7 6 4 5 2 1 0 7 6 4 5 2 1 
8 9 5 12 13 10 11 10 13 12 5 4 3 1 2 0 7 8 9 5 2 1 
8 7 6 4 3 10 11 8 7 6 4 3 10 13 8 7 0 2 1 
8 7 6 4 5 12 11 8 7 6 4 3 10 11 8 7 0 2 1 
8 9 5 4 3 10 11 8 7 6 4 5 12 11 8 7 0 7 6 4 3 1 
8 9 5 12 13 10 11 8 13 10 3 4 5 12 11 8 7 0 7 8 11 12 5 2 1 
8 7 6 4 3 10 11 10 13 8 7 6 4 5 2 1 0 7 8 13 10 3 1 
8 9 5 4 3 10 11 10 13 12 5 4 5 12 13 8 7 0 7 8 11 12 5 2 1 
8 7 6 4 5 12 11 10 3 1 2 5 4 5 2 0 7 8 13 10 3 1 
8 11 10 13 12 5 4 5 2 0 2 1 
8 9 5 4 3 10 11 8 9 5 4 5 2 1 0 2 5 4 3 1 
8 9 5 12 13 10 11 10 3 4 3 1 2 0 7 8 9 5 2 1 
8 11 10 3 1 2 5 4 3 10 11 8 7 0 7 6 4 3 1 
8 7 0 2 5 12 11 10 13 8 7 6 4 5 2 0 2 1 
8 7 0 2 5 12 11 10 13 8 7 6 4 3 1 0 2 5 4 3 1 
8 13 10 11 10 13 12 5 4 3 1 2 0 7 6 4 5 2 1 
8 9 5 12 13 10 11 10 13 12 5 4 5 12 13 8 7 0 2 1 
8 7 0 2 5 12 11 8 13 12 5 4 5 12 11 8 7 0 7 8 11 10 3 1 
8 7 0 1 3 10 11 12 13 10 3 4 5 2 0 7 8 11 12 5 2 1 
8 9 5 12 11 8 7 6 4 5 2 0 2 5 12 11 10 3 1 
8 9 5 12 11 12 13 10 3 4 3 10 11 8 7 0 2 1 
8 7 6 4 3 10 11 12 13 10 3 4 3 10 13 8 7 0 1 
8 13 12 11 8 13 10 3 4 3 10 13 8 7 0 7 6 4 3 1 
8 7 6 4 5 12 11 8 7 6 4 3 10 11 8 7 0 7 6 4 3 1 
8 11 8 9 5 4 3 1 2 0 7 6 4 5 2 1 
8 11 8 13 12 5 4 5 12 13 8 7 0 7 8 11 12 5 2 1 
8 9 5 12 11 10 3 1 2 5 4 3 1 2 0 7 8 11 12 5 2 1 
8 9 5 12 11 10 13 12 5 4 5 9 8 7 0 7 6 4 5 2 1 
---------------
