Request id 2
1 2 5 12 13 8 7 6 
1 3 10 11 12 5 9 8 7 6 
1 2 0 7 8 9 5 9 8 7 6 
1 0 7 8 11 12 5 9 8 7 6 
1 0 7 8 11 12 5 12 11 10 3 4 6 
1 3 4 5 2 0 7 6 
1 0 7 6 4 5 12 11 10 3 4 6 
1 0 7 8 11 12 5 4 6 
1 3 10 13 12 5 9 8 7 6 
1 2 5 2 0 7 6 
1 0 7 8 9 5 12 11 10 3 4 6 
1 0 7 8 11 12 5 2 1 0 7 6 
1 0 7 8 11 12 5 4 3 1 0 7 6 
1 0 7 8 9 5 12 13 8 7 6 
1 2 0 7 6 4 5 2 0 7 6 
1 0 7 6 4 5 4 3 1 0 7 6 
1 2 0 7 8 9 5 12 13 10 3 4 6 
1 3 10 13 12 5 12 11 10 3 4 6 
1 2 0 7 8 9 5 2 1 0 7 6 
1 2 5 4 6 
---------------
Request id 10
4 5 4 3 10 11 8 
4 6 7 8 11 12 5 12 11 8 
4 5 12 13 10 11 8 
4 6 7 8 9 5 9 8 
4 3 1 2 5 2 0 7 8 
4 3 10 11 12 5 12 11 10 13 8 
4 3 10 11 8 9 5 12 13 8 
4 6 7 0 2 5 12 13 10 11 8 
4 3 10 11 12 5 4 6 7 8 
4 3 1 0 2 5 4 3 10 13 8 
4 3 1 0 2 5 2 0 7 8 
4 5 2 0 7 8 
4 3 1 2 5 9 8 
4 3 10 13 12 5 2 0 7 8 
4 6 7 0 2 5 12 11 8 
4 6 7 8 13 12 5 12 11 8 
4 3 10 11 12 5 2 1 0 7 8 
4 3 10 13 12 5 4 3 10 11 8 
4 3 10 11 8 9 5 4 6 7 8 
4 6 7 8 13 12 5 9 8 
---------------
Request id 8
10 3 1 2 5 4 3 10 11 8 7 
10 13 8 9 5 2 0 7 
10 13 12 5 4 3 10 11 8 7 
10 11 12 5 2 0 7 
10 11 8 9 5 4 3 1 2 0 7 
10 11 8 13 12 5 2 0 7 
10 11 8 9 5 12 11 8 7 
10 13 12 5 2 1 3 4 6 7 
10 11 12 5 2 1 0 7 
10 13 8 7 6 4 5 4 3 10 11 8 7 
10 3 1 0 2 5 12 11 8 7 
10 13 8 7 6 4 5 2 1 3 4 6 7 
10 13 8 7 6 4 5 4 3 1 0 7 
10 11 8 9 5 9 8 7 
10 11 8 13 12 5 12 11 8 7 
10 13 8 9 5 12 11 8 7 
10 13 8 9 5 4 3 1 0 7 
10 13 12 5 4 3 1 0 7 
10 11 8 13 12 5 12 13 8 7 
10 11 8 13 12 5 4 3 10 11 8 7 
---------------
Request id 6
4 5 5 12 11 8 7 0 2 
4 6 7 0 2 5 5 2 
4 3 10 11 12 5 5 9 8 7 0 2 
4 3 10 13 8 9 5 5 4 6 7 0 1 2 
4 6 7 8 9 5 5 12 13 10 3 1 2 
4 3 10 13 8 9 5 5 12 11 8 7 0 2 
4 6 7 8 9 5 5 12 11 8 7 0 2 
4 3 10 13 8 9 5 5 12 13 10 3 1 2 
4 3 1 2 5 5 12 13 8 7 0 2 
4 6 7 0 2 5 5 12 13 10 3 1 2 
4 5 5 9 8 7 0 2 
4 6 7 8 11 12 5 5 9 8 7 0 2 
4 5 5 12 13 8 7 0 2 
4 6 7 8 9 5 5 2 
4 6 7 8 11 12 5 5 12 13 8 7 0 2 
4 3 10 13 12 5 5 9 8 7 0 2 
4 6 7 0 1 2 5 5 12 13 10 3 1 2 
4 3 10 13 12 5 5 4 6 7 0 1 2 
4 6 7 0 1 2 5 5 12 11 10 3 1 2 
4 5 5 4 6 7 0 1 2 
---------------
Request id 4
4 6 7 8 13 12 5 5 12 11 8 13 10 
4 3 1 2 5 5 2 0 1 3 10 
4 3 10 11 12 5 5 12 13 8 11 10 
4 3 10 13 12 5 5 9 8 11 10 
4 6 7 8 13 12 5 5 2 0 1 3 10 
4 6 7 0 2 5 5 12 11 10 
4 6 7 8 13 12 5 5 9 8 11 10 
4 3 10 11 12 5 5 9 8 11 12 13 10 
4 3 10 13 12 5 5 2 0 1 3 10 
4 3 10 11 12 5 5 9 8 13 10 
4 6 7 8 11 12 5 5 12 13 8 11 10 
4 3 10 11 8 9 5 5 2 1 3 10 
4 3 10 11 12 5 5 4 3 10 
4 6 7 0 2 5 5 9 8 11 12 13 10 
4 3 10 11 8 9 5 5 9 8 11 10 
4 6 7 8 13 12 5 5 9 8 11 12 13 10 
4 3 10 11 8 9 5 5 9 8 11 12 13 10 
4 6 7 0 2 5 5 9 8 11 10 
4 3 1 2 5 5 12 11 8 13 10 
4 5 5 12 13 10 
---------------
Request id 9
8 11 12 5 5 5 9 8 13 10 11 
8 11 10 13 12 5 5 5 9 8 11 
8 7 0 1 2 5 5 5 9 8 11 
8 7 0 1 2 5 5 5 12 11 
8 11 10 3 4 5 5 5 12 13 10 11 
8 13 10 3 4 5 5 5 9 8 13 10 11 
8 7 0 2 5 5 5 2 1 3 10 11 
8 13 12 5 5 5 2 1 3 10 11 
8 11 10 13 12 5 5 5 12 11 
8 11 10 13 12 5 5 5 4 6 7 8 11 
8 11 12 5 5 5 9 8 11 
8 7 6 4 5 5 5 2 1 3 10 11 
8 7 6 4 5 5 5 9 8 11 
8 7 0 1 2 5 5 5 12 13 8 11 
8 11 10 3 4 5 5 5 9 8 11 
8 7 0 1 2 5 5 5 12 13 10 11 
8 13 10 11 12 5 5 5 9 8 13 10 11 
8 13 12 5 5 5 9 8 13 12 11 
8 7 0 2 5 5 5 9 8 11 
8 11 12 5 5 5 2 1 3 10 11 
---------------
Request id 7
1 2 5 2 1 0 7 
1 3 4 5 4 3 1 2 0 7 
1 3 10 13 12 5 12 13 8 7 
1 3 10 13 12 5 4 3 10 13 8 7 
1 3 4 5 9 8 7 
1 2 5 4 6 7 
1 3 10 13 12 5 12 11 8 7 
1 3 10 11 12 5 4 3 1 2 0 7 
1 3 4 5 2 1 3 4 6 7 
1 0 7 8 9 5 12 13 8 7 
1 0 7 8 13 12 5 4 6 7 
1 0 7 6 4 5 4 3 10 13 8 7 
1 3 4 5 2 0 7 
1 3 4 5 4 3 10 13 8 7 
1 0 7 8 13 12 5 12 13 8 7 
1 0 2 5 12 13 8 7 
1 0 7 8 13 12 5 2 1 0 7 
1 0 7 8 11 12 5 2 0 7 
1 2 0 7 6 4 5 4 3 10 13 8 7 
1 0 2 5 4 3 1 2 0 7 
---------------
Request id 3
9 8 13 12 5 5 12 11 10 3 
9 8 11 12 5 5 2 0 1 3 
9 8 11 12 5 5 2 1 3 
9 8 7 0 1 2 5 5 12 11 8 13 10 3 
9 8 7 6 4 5 5 12 11 8 13 10 3 
9 8 11 10 13 12 5 5 12 13 10 3 
9 5 5 12 13 10 3 
9 8 7 6 4 5 5 4 6 7 0 1 3 
9 8 11 12 5 5 2 0 7 6 4 3 
9 8 11 12 5 5 4 6 7 0 1 3 
9 8 7 6 4 5 5 9 8 13 10 3 
9 8 11 12 5 5 12 13 10 3 
9 8 13 10 3 4 5 5 2 0 1 3 
9 8 7 0 2 5 5 12 13 10 3 
9 8 13 10 3 4 5 5 2 1 3 
9 8 13 10 3 4 5 5 4 6 7 0 1 3 
9 8 7 0 2 5 5 2 0 1 3 
9 5 5 9 8 13 10 3 
9 8 7 6 4 5 5 2 1 3 
9 8 11 10 3 4 5 5 2 1 3 
---------------
Request id 1
6 4 5 5 2 0 7 6 4 3 
6 4 3 10 11 12 5 5 12 11 8 13 10 3 
6 7 8 9 5 5 12 11 8 13 10 3 
6 7 8 11 12 5 5 12 11 8 13 10 3 
6 7 0 2 5 5 2 1 3 
6 7 0 1 2 5 5 12 11 8 13 10 3 
6 7 0 1 2 5 5 2 0 1 3 
6 4 3 1 2 5 5 2 0 1 3 
6 7 8 13 12 5 5 9 8 13 10 3 
6 4 5 5 12 13 10 3 
6 4 3 1 2 5 5 12 13 10 3 
6 7 8 9 5 5 12 13 10 3 
6 4 3 1 0 2 5 5 12 13 10 3 
6 7 0 1 2 5 5 4 3 
6 4 5 5 9 8 13 10 3 
6 7 0 1 3 4 5 5 9 8 11 10 3 
6 7 0 1 2 5 5 9 8 11 10 3 
6 7 8 13 12 5 5 2 0 7 6 4 3 
6 7 8 13 12 5 5 4 3 
6 7 8 13 12 5 5 12 13 10 3 
---------------
Request id 5
13 12 5 5 12 13 8 11 10 3 
13 10 11 12 5 5 12 11 10 3 
13 10 11 8 9 5 5 4 3 
13 8 7 0 2 5 5 9 8 11 10 3 
13 8 7 6 4 5 5 2 0 1 3 
13 10 11 8 9 5 5 12 11 10 3 
13 8 7 6 4 5 5 12 11 10 3 
13 12 11 8 9 5 5 2 0 1 3 
13 8 9 5 5 9 8 13 10 3 
13 12 11 8 9 5 5 12 11 10 3 
13 8 11 12 5 5 4 3 
13 12 11 8 9 5 5 9 8 13 10 3 
13 12 5 5 12 11 10 3 
13 8 11 12 5 5 2 0 7 6 4 3 
13 8 7 6 4 5 5 9 8 13 10 3 
13 10 3 1 2 5 5 12 13 10 3 
13 8 7 6 4 5 5 12 13 8 11 10 3 
13 8 9 5 5 12 13 10 3 
13 10 3 1 2 5 5 12 11 10 3 
13 8 7 6 4 5 5 4 3 
---------------
