30
0 324 2 18 11 35 43 5,1
1 706 3 12 10 32 2 7,5
34 574 4 5 15 12 41 4,5
44 727 1 6 6 66 37 9,0,8
73 633 5 4 9 50 33 2
104 776 15 10 12 10 24 3
130 446 12 4 17 67 60 9,6
134 523 5 7 10 72 43 7,8,9
136 693 4 6 9 42 19 3,6
180 340 17 13 9 54 42 7,9,7
197 131 4 7 6 15 59 9,2
206 934 6 14 12 60 11 1,8
219 431 6 6 9 46 69 6,7,6
221 318 3 6 10 59 30 6,7,5
233 110 5 10 8 33 35 6,4
237 694 2 10 5 23 63 6,0,3
289 216 5 7 4 24 2 0,8,2
306 0 6 9 9 23 8 6,8
311 77 3 5 13 27 56 7,1
338 615 4 4 10 8 19 9
354 23 4 7 4 23 12 2
354 561 5 10 4 44 33 8,7,8
361 386 6 2 4 67 60 6
381 120 7 13 3 63 67 5,2
390 27 6 3 3 73 1 9,5
396 30 3 8 4 31 3 6,2,9
414 27 5 11 5 48 33 9,5,3
421 497 8 3 12 10 63 1,9,6
438 439 9 11 8 72 25 8,7,2
439 19 7 4 8 41 33 2,6,1
