Request id 11
94 87 85 83 74 67 63 68 77 73 77 68 63 67 74 83 84 82 81 71 74 67 63 68 66 78 75 56 49 46 40 37 30 21 26 35 
94 98 102 101 85 83 84 82 81 71 74 67 63 68 66 78 75 72 73 72 75 78 66 68 63 67 62 65 54 57 59 64 69 80 81 71 74 67 63 68 66 78 75 56 49 46 40 37 30 21 26 35 
94 87 85 83 84 82 81 71 74 67 63 68 66 78 75 72 73 77 68 66 78 75 56 49 46 50 52 55 58 60 62 67 74 71 81 80 69 64 59 57 54 65 62 60 58 55 52 50 46 40 36 35 
94 87 85 83 84 82 81 71 74 67 63 68 66 78 75 72 73 72 75 78 66 68 63 67 74 83 84 82 81 71 81 80 69 64 59 57 54 65 62 60 58 55 52 50 46 40 36 35 
94 98 102 101 85 83 74 67 63 68 77 73 77 68 63 67 74 71 81 82 84 83 74 67 63 68 66 78 75 56 49 46 40 36 35 
94 87 85 83 84 82 81 71 74 67 63 68 77 73 72 75 78 66 68 63 67 74 83 84 82 81 71 74 67 62 60 58 55 52 50 46 40 36 35 
94 87 85 83 74 67 62 60 58 55 52 50 46 49 56 75 72 73 77 68 63 67 62 65 54 57 59 64 69 80 81 71 74 67 63 68 66 78 75 56 49 46 40 37 30 21 26 35 
94 87 85 83 74 67 62 60 58 55 52 50 46 49 56 75 72 73 77 68 63 67 62 65 54 57 59 64 69 80 81 82 84 83 74 71 81 82 84 83 74 67 63 68 66 78 75 56 49 46 40 36 35 
94 98 102 101 85 83 74 67 63 68 77 73 77 68 63 67 74 83 84 82 81 71 81 80 69 64 59 57 54 65 62 60 58 55 52 50 46 40 36 35 
94 87 85 83 74 67 63 68 66 78 75 72 73 72 75 56 49 46 50 52 55 58 60 62 67 74 83 84 82 81 71 74 67 62 60 58 55 52 50 46 40 37 30 21 26 35 
94 87 85 83 84 82 81 71 74 67 63 68 66 78 75 72 73 72 75 78 66 68 63 67 74 71 74 67 63 68 66 78 75 56 49 46 40 36 35 
94 87 85 83 74 67 62 60 58 55 52 50 46 49 56 75 72 73 77 68 66 78 75 56 49 46 50 52 55 58 60 62 67 74 71 81 82 84 83 74 67 63 68 77 73 72 75 56 49 46 40 36 35 
94 98 102 101 85 83 74 67 63 68 77 73 77 68 63 67 74 71 74 67 63 68 66 78 75 56 49 46 40 37 30 21 26 35 
94 87 85 83 74 67 62 60 58 55 52 50 46 49 56 75 72 73 72 75 56 49 46 50 52 55 58 60 62 67 74 83 84 82 81 71 81 82 84 83 74 67 63 68 77 73 72 75 56 49 46 40 36 35 
94 87 85 83 84 82 81 71 74 67 63 68 66 78 75 72 73 77 68 66 78 75 56 49 46 50 52 55 58 60 62 67 74 71 81 82 84 83 74 67 62 60 58 55 52 50 46 40 36 35 
94 98 102 101 85 83 74 67 63 68 66 78 75 72 73 72 75 78 66 68 63 67 74 71 74 67 63 68 66 78 75 56 49 46 40 37 30 21 26 35 
94 98 102 101 85 83 74 67 63 68 66 78 75 72 73 77 68 63 67 74 83 84 82 81 71 81 82 84 83 74 67 63 68 77 73 72 75 56 49 46 40 36 35 
94 87 85 83 84 82 81 71 74 67 63 68 77 73 72 75 78 66 68 63 67 74 71 74 67 63 68 66 78 75 56 49 46 40 37 30 21 26 35 
94 87 85 83 74 67 63 68 66 78 75 72 73 77 68 66 78 75 56 49 46 50 52 55 58 60 62 67 74 71 81 80 69 64 59 57 54 65 62 60 58 55 52 50 46 40 36 35 
94 98 102 101 85 83 74 67 62 60 58 55 52 50 46 49 56 75 72 73 72 75 56 49 46 50 52 55 58 60 62 67 74 83 84 82 81 71 74 67 63 68 77 73 72 75 56 49 46 40 37 30 21 26 35 
94 87 85 83 74 67 63 68 77 73 72 75 56 49 46 50 52 55 58 60 62 67 74 71 81 82 84 83 74 67 63 68 66 78 75 56 49 46 40 36 35 
94 87 85 83 74 67 62 60 58 55 52 50 46 49 56 75 72 73 77 68 63 67 62 65 54 57 59 64 69 80 81 82 84 83 74 71 74 67 63 68 77 73 72 75 56 49 46 40 37 30 21 26 35 
94 87 85 83 74 67 62 60 58 55 52 50 46 49 56 75 72 73 72 75 78 66 68 63 67 62 65 54 57 59 64 69 80 81 71 74 67 63 68 66 78 75 56 49 46 40 36 35 
94 98 102 101 85 83 74 67 63 68 66 78 75 72 73 72 75 78 66 68 63 67 62 65 54 57 59 64 69 80 81 71 81 82 84 83 74 67 62 60 58 55 52 50 46 40 36 35 
94 98 102 101 85 83 74 67 63 68 77 73 77 68 63 67 62 65 54 57 59 64 69 80 81 82 84 83 74 71 81 82 84 83 74 67 62 60 58 55 52 50 46 40 36 35 
94 87 85 83 74 67 63 68 66 78 75 72 73 72 75 56 49 46 50 52 55 58 60 62 67 74 71 74 67 63 68 77 73 72 75 56 49 46 40 36 35 
94 98 102 101 85 83 74 67 63 68 77 73 72 75 56 49 46 50 52 55 58 60 62 67 74 83 84 82 81 71 74 67 62 60 58 55 52 50 46 40 37 30 21 26 35 
94 87 85 83 74 67 63 68 77 73 72 75 78 66 68 63 67 62 65 54 57 59 64 69 80 81 71 81 80 69 64 59 57 54 65 62 60 58 55 52 50 46 40 36 35 
94 98 102 101 85 83 84 82 81 71 74 67 63 68 77 73 77 68 63 67 74 71 81 80 69 64 59 57 54 65 62 60 58 55 52 50 46 40 36 35 
94 87 85 83 74 67 63 68 77 73 72 75 78 66 68 63 67 74 71 81 82 84 83 74 67 63 68 66 78 75 56 49 46 40 36 35 
---------------
Request id 19
21 26 35 36 40 46 50 52 55 58 60 62 65 54 57 59 64 69 80 81 71 74 67 63 68 66 78 75 56 49 42 49 56 75 72 73 77 68 63 67 74 71 81 80 69 64 59 57 54 65 62 60 58 55 52 50 46 47 46 50 52 55 58 60 62 67 74 71 81 80 69 64 59 57 54 65 61 51 61 65 62 67 74 83 84 
21 26 35 36 40 46 50 52 55 58 60 62 67 63 68 77 73 72 75 56 49 42 49 56 75 78 66 68 63 67 74 83 84 82 81 80 69 64 59 57 54 53 48 34 45 65 62 60 58 55 52 50 46 47 46 49 56 75 72 73 77 68 63 67 62 65 61 51 61 65 62 60 58 55 52 50 46 49 56 75 72 73 77 68 63 67 74 83 84 
21 30 37 40 46 50 52 55 58 60 62 65 54 57 59 64 69 80 81 82 84 83 74 67 63 68 66 78 75 56 49 42 49 56 75 72 73 77 68 63 67 74 71 81 80 69 64 59 57 54 53 48 34 45 65 62 60 58 55 52 50 46 47 46 49 56 75 72 73 77 68 63 67 74 83 84 82 81 80 69 64 59 57 54 65 61 51 61 65 62 67 74 71 81 82 84 
21 30 37 40 46 50 52 55 58 60 62 65 54 57 59 64 69 80 81 82 84 83 74 67 63 68 66 78 75 56 49 42 49 56 75 72 73 77 68 63 67 62 60 58 55 52 50 46 47 46 49 56 75 78 66 68 63 67 74 71 81 80 69 64 59 57 54 65 61 51 61 65 62 67 74 83 84 
21 26 35 36 40 46 50 52 55 58 60 62 67 63 68 77 73 72 75 56 49 42 49 56 75 78 66 68 63 67 62 60 58 55 52 50 46 47 46 49 56 75 78 66 68 63 67 74 71 81 80 69 64 59 57 54 65 61 51 61 65 62 67 74 71 81 82 84 
21 30 37 40 46 50 52 55 58 60 62 67 63 68 77 73 72 75 56 49 42 49 56 75 72 73 77 68 63 67 74 83 84 82 81 80 69 64 59 57 54 65 62 60 58 55 52 50 46 47 46 50 52 55 58 60 62 67 74 71 81 80 69 64 59 57 54 65 61 51 61 65 62 60 58 55 52 50 46 49 56 75 78 66 68 63 67 74 83 84 
21 30 37 40 46 50 52 55 58 60 62 67 63 68 77 73 72 75 56 49 42 49 56 75 72 73 77 68 63 67 74 71 81 80 69 64 59 57 54 65 62 60 58 55 52 50 46 47 46 49 56 75 78 66 68 63 67 74 71 81 80 69 64 59 57 54 65 61 51 61 65 62 67 74 71 81 82 84 
21 30 37 40 46 49 42 49 56 75 78 66 68 63 67 74 71 81 80 69 64 59 57 54 53 48 34 45 65 62 60 58 55 52 50 46 47 46 50 52 55 58 60 62 65 61 51 61 65 45 34 48 53 54 57 59 64 69 80 81 82 84 
21 30 37 40 46 49 42 49 46 47 46 49 56 75 78 66 68 63 67 62 65 61 51 61 65 45 34 48 53 54 57 59 64 69 80 81 82 84 
21 30 37 40 46 50 52 55 58 60 62 67 63 68 66 78 75 56 49 42 49 56 75 72 73 77 68 63 67 74 71 81 80 69 64 59 57 54 53 48 34 45 65 62 60 58 55 52 50 46 47 46 49 56 75 72 73 77 68 63 67 74 71 81 80 69 64 59 57 54 65 61 51 61 65 45 34 48 53 54 57 59 64 69 80 81 82 84 
21 26 35 36 40 46 50 52 55 58 60 62 65 54 57 59 64 69 80 81 71 74 67 63 68 66 78 75 56 49 42 49 56 75 72 73 77 68 63 67 74 71 81 80 69 64 59 57 54 53 48 34 45 65 62 60 58 55 52 50 46 47 46 49 56 75 72 73 77 68 63 67 74 83 84 82 81 80 69 64 59 57 54 65 61 51 61 65 62 60 58 55 52 50 46 49 56 75 78 66 68 63 67 74 83 84 
21 30 37 40 46 50 52 55 58 60 62 67 63 68 66 78 75 56 49 42 49 56 75 72 73 77 68 63 67 74 71 81 80 69 64 59 57 54 53 48 34 45 65 62 60 58 55 52 50 46 47 46 50 52 55 58 60 62 67 74 71 81 80 69 64 59 57 54 65 61 51 61 65 54 57 59 64 69 80 81 82 84 
21 26 35 36 40 46 49 42 49 56 75 78 66 68 63 67 74 83 84 82 81 80 69 64 59 57 54 53 48 34 45 65 62 60 58 55 52 50 46 47 46 50 52 55 58 60 62 67 74 83 84 82 81 80 69 64 59 57 54 65 61 51 61 65 45 34 48 53 54 57 59 64 69 80 81 71 74 83 84 
21 30 37 40 46 50 52 55 58 60 62 65 54 57 59 64 69 80 81 82 84 83 74 67 63 68 66 78 75 56 49 42 49 56 75 78 66 68 63 67 74 83 84 82 81 80 69 64 59 57 54 53 48 34 45 65 62 60 58 55 52 50 46 47 46 50 52 55 58 60 62 67 74 71 81 80 69 64 59 57 54 65 61 51 61 65 62 60 58 55 52 50 46 49 56 75 78 66 68 63 67 74 83 84 
21 30 37 40 46 50 52 55 58 60 62 67 63 68 66 78 75 56 49 42 49 56 75 72 73 77 68 63 67 74 83 84 82 81 80 69 64 59 57 54 65 62 60 58 55 52 50 46 47 46 50 52 55 58 60 62 65 61 51 61 65 62 60 58 55 52 50 46 49 56 75 78 66 68 63 67 74 83 84 
21 26 35 36 40 46 50 52 55 58 60 62 67 63 68 66 78 75 56 49 42 49 46 47 46 49 56 75 72 73 77 68 63 67 74 71 81 80 69 64 59 57 54 65 61 51 61 65 45 34 48 53 54 57 59 64 69 80 81 71 74 83 84 
21 26 35 36 40 46 50 52 55 58 60 62 65 54 57 59 64 69 80 81 71 74 67 63 68 66 78 75 56 49 42 49 56 75 78 66 68 63 67 74 83 84 82 81 80 69 64 59 57 54 65 62 60 58 55 52 50 46 47 46 50 52 55 58 60 62 65 61 51 61 65 62 60 58 55 52 50 46 49 56 75 72 73 77 68 63 67 74 71 81 82 84 
21 30 37 40 46 50 52 55 58 60 62 67 63 68 77 73 72 75 56 49 42 49 56 75 72 73 77 68 63 67 74 71 81 80 69 64 59 57 54 53 48 34 45 65 62 60 58 55 52 50 46 47 46 49 56 75 78 66 68 63 67 62 65 61 51 61 65 62 60 58 55 52 50 46 49 56 75 72 73 77 68 63 67 74 83 84 
21 30 37 40 46 50 52 55 58 60 62 67 63 68 66 78 75 56 49 42 49 56 75 72 73 77 68 63 67 74 83 84 82 81 80 69 64 59 57 54 65 62 60 58 55 52 50 46 47 46 50 52 55 58 60 62 67 74 71 81 80 69 64 59 57 54 65 61 51 61 65 62 60 58 55 52 50 46 49 56 75 72 73 77 68 63 67 74 71 81 82 84 
21 30 37 40 46 50 52 55 58 60 62 65 54 57 59 64 69 80 81 71 74 67 63 68 77 73 72 75 56 49 42 49 56 75 78 66 68 63 67 62 60 58 55 52 50 46 47 46 50 52 55 58 60 62 67 74 71 81 80 69 64 59 57 54 65 61 51 61 65 45 34 48 53 54 57 59 64 69 80 81 71 74 83 84 
21 30 37 40 46 50 52 55 58 60 62 67 63 68 77 73 72 75 56 49 42 49 56 75 72 73 77 68 63 67 74 71 81 80 69 64 59 57 54 53 48 34 45 65 62 60 58 55 52 50 46 47 46 49 56 75 72 73 77 68 63 67 62 65 61 51 61 65 45 34 48 53 54 57 59 64 69 80 81 71 74 83 84 
21 30 37 40 46 49 42 49 46 47 46 50 52 55 58 60 62 67 74 71 81 80 69 64 59 57 54 65 61 51 61 65 62 60 58 55 52 50 46 49 56 75 72 73 77 68 63 67 74 71 81 82 84 
21 26 35 36 40 46 50 52 55 58 60 62 67 63 68 77 73 72 75 56 49 42 49 56 75 78 66 68 63 67 74 83 84 82 81 80 69 64 59 57 54 53 48 34 45 65 62 60 58 55 52 50 46 47 46 49 56 75 72 73 77 68 63 67 62 65 61 51 61 65 62 60 58 55 52 50 46 49 56 75 78 66 68 63 67 74 83 84 
21 30 37 40 46 49 42 49 56 75 72 73 77 68 63 67 62 60 58 55 52 50 46 47 46 50 52 55 58 60 62 65 61 51 61 65 62 67 74 83 84 
21 26 35 36 40 46 50 52 55 58 60 62 67 63 68 66 78 75 56 49 42 49 56 75 78 66 68 63 67 74 71 81 80 69 64 59 57 54 53 48 34 45 65 62 60 58 55 52 50 46 47 46 49 56 75 78 66 68 63 67 62 65 61 51 61 65 54 57 59 64 69 80 81 71 74 83 84 
21 30 37 40 46 50 52 55 58 60 62 67 63 68 66 78 75 56 49 42 49 56 75 78 66 68 63 67 74 71 81 80 69 64 59 57 54 65 62 60 58 55 52 50 46 47 46 49 56 75 78 66 68 63 67 74 71 81 80 69 64 59 57 54 65 61 51 61 65 62 67 74 83 84 
21 30 37 40 46 50 52 55 58 60 62 67 63 68 77 73 72 75 56 49 42 49 56 75 78 66 68 63 67 74 71 81 80 69 64 59 57 54 65 62 60 58 55 52 50 46 47 46 49 56 75 72 73 77 68 63 67 62 65 61 51 61 65 45 34 48 53 54 57 59 64 69 80 81 71 74 83 84 
21 30 37 40 46 49 42 49 56 75 78 66 68 63 67 74 83 84 82 81 80 69 64 59 57 54 53 48 34 45 65 62 60 58 55 52 50 46 47 46 49 56 75 78 66 68 63 67 74 71 81 80 69 64 59 57 54 65 61 51 61 65 45 34 48 53 54 57 59 64 69 80 81 71 74 83 84 
21 30 37 40 46 50 52 55 58 60 62 65 54 57 59 64 69 80 81 71 74 67 63 68 77 73 72 75 56 49 42 49 56 75 72 73 77 68 63 67 74 71 81 80 69 64 59 57 54 65 62 60 58 55 52 50 46 47 46 50 52 55 58 60 62 67 74 71 81 80 69 64 59 57 54 65 61 51 61 65 62 60 58 55 52 50 46 49 56 75 78 66 68 63 67 74 71 81 82 84 
21 30 37 40 46 50 52 55 58 60 62 65 54 57 59 64 69 80 81 71 74 67 63 68 77 73 72 75 56 49 42 49 56 75 72 73 77 68 63 67 62 60 58 55 52 50 46 47 46 49 56 75 78 66 68 63 67 74 71 81 80 69 64 59 57 54 65 61 51 61 65 62 67 74 83 84 
---------------
Request id 6
52 55 58 60 62 65 45 34 48 53 54 57 59 64 69 80 81 82 84 83 74 67 63 68 66 78 75 56 49 46 47 46 50 52 55 58 60 62 65 45 34 48 53 54 57 59 64 69 80 81 71 74 67 63 68 66 78 75 56 49 42 49 56 75 78 66 68 63 67 74 71 81 80 69 64 59 57 54 65 62 60 58 55 52 50 46 40 37 30 
52 55 58 60 62 65 54 57 59 64 69 80 81 82 84 83 74 67 63 68 77 73 72 75 56 49 46 47 46 50 52 55 58 60 62 65 54 57 59 64 69 80 81 82 84 83 74 67 63 68 77 73 72 75 56 49 42 49 56 75 78 66 68 63 67 62 60 58 55 52 50 46 40 36 35 26 21 30 
52 55 58 60 62 65 45 34 48 53 54 57 59 64 69 80 81 71 74 67 63 68 77 73 72 75 56 49 46 47 46 50 52 55 58 60 62 67 63 68 66 78 75 56 49 42 49 46 40 37 30 
52 50 46 47 46 50 52 55 58 60 62 65 45 34 48 53 54 57 59 64 69 80 81 71 74 67 63 68 66 78 75 56 49 42 49 46 40 36 35 26 21 30 
52 55 58 60 62 65 54 57 59 64 69 80 81 71 74 67 63 68 66 78 75 56 49 46 47 46 50 52 55 58 60 62 65 54 57 59 64 69 80 81 82 84 83 74 67 63 68 66 78 75 56 49 42 49 56 75 72 73 77 68 63 67 62 60 58 55 52 50 46 40 36 35 26 21 30 
52 55 58 60 62 65 54 57 59 64 69 80 81 82 84 83 74 67 63 68 77 73 72 75 56 49 46 47 46 50 52 55 58 60 62 65 45 34 48 53 54 57 59 64 69 80 81 71 74 67 63 68 77 73 72 75 56 49 42 49 56 75 72 73 77 68 63 67 62 60 58 55 52 50 46 40 37 30 
52 55 58 60 62 65 54 57 59 64 69 80 81 82 84 83 74 67 63 68 77 73 72 75 56 49 46 47 46 50 52 55 58 60 62 65 45 34 48 53 54 57 59 64 69 80 81 82 84 83 74 67 63 68 66 78 75 56 49 42 49 56 75 78 66 68 63 67 62 60 58 55 52 50 46 40 37 30 
52 50 46 47 46 50 52 55 58 60 62 65 45 34 48 53 54 57 59 64 69 80 81 82 84 83 74 67 63 68 66 78 75 56 49 42 49 56 75 78 66 68 63 67 74 71 81 80 69 64 59 57 54 65 62 60 58 55 52 50 46 40 36 35 26 21 30 
52 55 58 60 62 65 45 34 48 53 54 57 59 64 69 80 81 71 74 67 63 68 66 78 75 56 49 46 47 46 50 52 55 58 60 62 65 54 57 59 64 69 80 81 82 84 83 74 67 63 68 66 78 75 56 49 42 49 56 75 78 66 68 63 67 74 71 81 80 69 64 59 57 54 65 62 60 58 55 52 50 46 40 36 35 26 21 30 
52 55 58 60 62 65 54 57 59 64 69 80 81 82 84 83 74 67 63 68 66 78 75 56 49 46 47 46 50 52 55 58 60 62 65 54 57 59 64 69 80 81 71 74 67 63 68 66 78 75 56 49 42 49 56 75 78 66 68 63 67 62 60 58 55 52 50 46 40 37 30 
52 55 58 60 62 67 63 68 77 73 72 75 56 49 46 47 46 50 52 55 58 60 62 65 54 57 59 64 69 80 81 82 84 83 74 67 63 68 77 73 72 75 56 49 42 49 56 75 78 66 68 63 67 62 60 58 55 52 50 46 40 37 30 
52 55 58 60 62 65 54 57 59 64 69 80 81 71 74 67 63 68 77 73 72 75 56 49 46 47 46 50 52 55 58 60 62 65 54 57 59 64 69 80 81 71 74 67 63 68 77 73 72 75 56 49 42 49 46 40 36 35 26 21 30 
52 55 58 60 62 65 45 34 48 53 54 57 59 64 69 80 81 71 74 67 63 68 66 78 75 56 49 46 47 46 50 52 55 58 60 62 65 54 57 59 64 69 80 81 82 84 83 74 67 63 68 66 78 75 56 49 42 49 56 75 78 66 68 63 67 74 83 84 82 81 80 69 64 59 57 54 65 62 60 58 55 52 50 46 40 37 30 
52 55 58 60 62 65 54 57 59 64 69 80 81 71 74 67 63 68 77 73 72 75 56 49 46 47 46 50 52 55 58 60 62 65 45 34 48 53 54 57 59 64 69 80 81 71 74 67 63 68 77 73 72 75 56 49 42 49 56 75 78 66 68 63 67 74 83 84 82 81 80 69 64 59 57 54 65 62 60 58 55 52 50 46 40 37 30 
52 55 58 60 62 65 54 57 59 64 69 80 81 71 74 67 63 68 66 78 75 56 49 46 47 46 49 42 49 46 40 37 30 
52 55 58 60 62 65 54 57 59 64 69 80 81 71 74 67 63 68 77 73 72 75 56 49 46 47 46 49 42 49 56 75 78 66 68 63 67 62 60 58 55 52 50 46 40 36 35 26 21 30 
52 55 58 60 62 65 45 34 48 53 54 57 59 64 69 80 81 82 84 83 74 67 63 68 66 78 75 56 49 46 47 46 50 52 55 58 60 62 65 45 34 48 53 54 57 59 64 69 80 81 82 84 83 74 67 63 68 66 78 75 56 49 42 49 56 75 78 66 68 63 67 62 60 58 55 52 50 46 40 37 30 
52 55 58 60 62 65 54 57 59 64 69 80 81 71 74 67 63 68 66 78 75 56 49 46 47 46 50 52 55 58 60 62 65 54 57 59 64 69 80 81 82 84 83 74 67 63 68 66 78 75 56 49 42 49 56 75 78 66 68 63 67 74 71 81 80 69 64 59 57 54 65 62 60 58 55 52 50 46 40 37 30 
52 55 58 60 62 65 45 34 48 53 54 57 59 64 69 80 81 82 84 83 74 67 63 68 66 78 75 56 49 46 47 46 50 52 55 58 60 62 65 54 57 59 64 69 80 81 82 84 83 74 67 63 68 66 78 75 56 49 42 49 56 75 78 66 68 63 67 74 83 84 82 81 80 69 64 59 57 54 65 62 60 58 55 52 50 46 40 37 30 
52 55 58 60 62 67 63 68 77 73 72 75 56 49 46 47 46 50 52 55 58 60 62 67 63 68 77 73 72 75 56 49 42 49 56 75 72 73 77 68 63 67 74 71 81 80 69 64 59 57 54 65 62 60 58 55 52 50 46 40 37 30 
52 55 58 60 62 67 63 68 77 73 72 75 56 49 46 47 46 49 42 49 56 75 78 66 68 63 67 74 83 84 82 81 80 69 64 59 57 54 65 62 60 58 55 52 50 46 40 37 30 
52 55 58 60 62 65 54 57 59 64 69 80 81 71 74 67 63 68 66 78 75 56 49 46 47 46 50 52 55 58 60 62 65 45 34 48 53 54 57 59 64 69 80 81 71 74 67 63 68 66 78 75 56 49 42 49 56 75 78 66 68 63 67 62 60 58 55 52 50 46 40 36 35 26 21 30 
52 55 58 60 62 65 45 34 48 53 54 57 59 64 69 80 81 71 74 67 63 68 77 73 72 75 56 49 46 47 46 50 52 55 58 60 62 65 54 57 59 64 69 80 81 82 84 83 74 67 63 68 77 73 72 75 56 49 42 49 56 75 78 66 68 63 67 62 60 58 55 52 50 46 40 37 30 
52 55 58 60 62 65 45 34 48 53 54 57 59 64 69 80 81 71 74 67 63 68 77 73 72 75 56 49 46 47 46 50 52 55 58 60 62 67 63 68 66 78 75 56 49 42 49 56 75 78 66 68 63 67 74 83 84 82 81 80 69 64 59 57 54 65 62 60 58 55 52 50 46 40 37 30 
52 50 46 47 46 50 52 55 58 60 62 65 54 57 59 64 69 80 81 82 84 83 74 67 63 68 77 73 72 75 56 49 42 49 56 75 72 73 77 68 63 67 74 71 81 80 69 64 59 57 54 65 62 60 58 55 52 50 46 40 37 30 
52 55 58 60 62 65 54 57 59 64 69 80 81 71 74 67 63 68 77 73 72 75 56 49 46 47 46 50 52 55 58 60 62 65 54 57 59 64 69 80 81 82 84 83 74 67 63 68 66 78 75 56 49 42 49 46 40 37 30 
52 55 58 60 62 67 63 68 66 78 75 56 49 46 47 46 50 52 55 58 60 62 67 63 68 66 78 75 56 49 42 49 46 40 36 35 26 21 30 
52 55 58 60 62 65 45 34 48 53 54 57 59 64 69 80 81 82 84 83 74 67 63 68 66 78 75 56 49 46 47 46 50 52 55 58 60 62 65 54 57 59 64 69 80 81 71 74 67 63 68 66 78 75 56 49 42 49 56 75 78 66 68 63 67 74 83 84 82 81 80 69 64 59 57 54 65 62 60 58 55 52 50 46 40 37 30 
52 55 58 60 62 65 45 34 48 53 54 57 59 64 69 80 81 71 74 67 63 68 66 78 75 56 49 46 47 46 49 42 49 56 75 78 66 68 63 67 74 71 81 80 69 64 59 57 54 65 62 60 58 55 52 50 46 40 36 35 26 21 30 
52 55 58 60 62 65 54 57 59 64 69 80 81 71 74 67 63 68 66 78 75 56 49 46 47 46 50 52 55 58 60 62 67 63 68 77 73 72 75 56 49 42 49 56 75 78 66 68 63 67 74 83 84 82 81 80 69 64 59 57 54 65 62 60 58 55 52 50 46 40 37 30 
---------------
Request id 18
36 35 26 21 30 37 40 46 50 52 55 58 60 62 65 61 51 61 65 62 67 63 68 66 78 75 56 49 46 40 36 35 29 23 17 12 7 8 
36 40 46 49 56 75 78 66 68 63 67 74 71 81 80 69 64 59 57 54 65 61 51 61 65 62 60 58 55 52 50 46 40 36 35 29 23 17 12 7 8 
36 40 46 50 52 55 58 60 62 67 74 71 81 80 69 64 59 57 54 65 61 51 61 65 62 67 63 68 66 78 75 56 49 46 40 36 35 29 23 17 12 7 8 
36 40 46 49 56 75 78 66 68 63 67 74 71 81 80 69 64 59 57 54 65 61 51 61 65 62 67 63 68 66 78 75 56 49 46 40 37 30 21 26 35 29 23 17 12 7 8 
36 40 46 50 52 55 58 60 62 65 61 51 61 65 62 60 58 55 52 50 46 40 37 30 21 26 35 29 23 17 12 7 8 
36 35 26 21 30 37 40 46 49 56 75 72 73 77 68 63 67 62 65 61 51 61 65 62 67 63 68 66 78 75 56 49 46 40 36 35 29 23 17 9 3 2 1 8 
36 40 46 49 56 75 72 73 77 68 63 67 74 71 81 80 69 64 59 57 54 65 61 51 61 65 62 67 63 68 77 73 72 75 56 49 46 40 36 35 29 23 17 12 7 8 
36 40 46 50 52 55 58 60 62 67 74 71 81 80 69 64 59 57 54 65 61 51 61 65 62 60 58 55 52 50 46 40 36 35 29 23 17 9 3 2 1 8 
36 35 26 21 30 37 40 46 49 56 75 72 73 77 68 63 67 62 65 61 51 61 65 62 67 63 68 77 73 72 75 56 49 46 40 37 30 21 26 35 29 23 17 12 7 8 
36 40 46 49 56 75 72 73 77 68 63 67 62 65 61 51 61 65 62 67 63 68 77 73 72 75 56 49 46 40 36 35 29 23 17 12 7 8 
36 40 46 49 56 75 78 66 68 63 67 74 71 81 80 69 64 59 57 54 65 61 51 61 65 62 67 63 68 66 78 75 56 49 46 40 36 35 29 23 17 9 3 2 1 8 
36 40 46 50 52 55 58 60 62 65 61 51 61 65 62 67 63 68 66 78 75 56 49 46 40 36 35 29 23 17 12 7 8 
36 40 46 49 56 75 72 73 77 68 63 67 74 71 81 80 69 64 59 57 54 65 61 51 61 65 62 60 58 55 52 50 46 40 37 30 21 26 35 29 23 17 12 7 8 
36 40 46 49 56 75 72 73 77 68 63 67 74 71 81 80 69 64 59 57 54 65 61 51 61 65 62 67 63 68 77 73 72 75 56 49 46 40 37 30 21 26 35 29 23 17 12 7 8 
36 35 26 21 30 37 40 46 49 56 75 78 66 68 63 67 62 65 61 51 61 65 62 60 58 55 52 50 46 40 36 35 29 23 17 12 7 8 
36 40 46 50 52 55 58 60 62 65 61 51 61 65 62 67 63 68 77 73 72 75 56 49 46 40 37 30 21 26 35 29 23 17 12 7 8 
36 40 46 49 56 75 78 66 68 63 67 74 71 81 80 69 64 59 57 54 65 61 51 61 65 62 60 58 55 52 50 46 40 36 35 29 23 17 9 3 2 1 8 
36 35 26 21 30 37 40 46 50 52 55 58 60 62 65 61 51 61 65 62 67 63 68 66 78 75 56 49 46 40 36 35 29 23 17 9 3 2 1 8 
36 40 46 50 52 55 58 60 62 67 74 71 81 80 69 64 59 57 54 65 61 51 61 65 62 67 63 68 66 78 75 56 49 46 40 37 30 21 26 35 29 23 17 12 7 8 
36 40 46 50 52 55 58 60 62 67 74 71 81 80 69 64 59 57 54 65 61 51 61 65 62 60 58 55 52 50 46 40 37 30 21 26 35 29 23 17 12 7 8 
36 40 46 50 52 55 58 60 62 65 61 51 61 65 62 60 58 55 52 50 46 40 37 30 21 26 35 29 23 17 9 3 2 1 8 
36 35 26 21 30 37 40 46 50 52 55 58 60 62 65 61 51 61 65 62 67 63 68 66 78 75 56 49 46 40 37 30 21 26 35 29 23 17 12 7 8 
36 40 46 50 52 55 58 60 62 67 74 71 81 80 69 64 59 57 54 65 61 51 61 65 62 67 63 68 66 78 75 56 49 46 40 36 35 29 23 17 9 3 2 1 8 
36 40 46 49 56 75 78 66 68 63 67 62 65 61 51 61 65 62 60 58 55 52 50 46 40 37 30 21 26 35 29 23 17 9 3 2 1 8 
36 35 26 21 30 37 40 46 49 56 75 78 66 68 63 67 62 65 61 51 61 65 62 67 63 68 77 73 72 75 56 49 46 40 36 35 29 23 17 12 7 8 
36 40 46 50 52 55 58 60 62 65 61 51 61 65 62 67 63 68 66 78 75 56 49 46 40 36 35 29 23 17 9 3 2 1 8 
36 40 46 50 52 55 58 60 62 65 61 51 61 65 62 67 63 68 77 73 72 75 56 49 46 40 36 35 29 23 17 9 3 2 1 8 
36 40 46 49 56 75 78 66 68 63 67 62 65 61 51 61 65 62 67 63 68 77 73 72 75 56 49 46 40 37 30 21 26 35 29 23 17 12 7 8 
36 40 46 49 56 75 72 73 77 68 63 67 74 71 81 80 69 64 59 57 54 65 61 51 61 65 62 67 63 68 66 78 75 56 49 46 40 37 30 21 26 35 29 23 17 12 7 8 
36 35 26 21 30 37 40 46 50 52 55 58 60 62 65 61 51 61 65 62 60 58 55 52 50 46 40 37 30 21 26 35 29 23 17 9 3 2 1 8 
---------------
Request id 2
40 36 35 29 23 17 18 27 18 17 23 29 35 36 40 46 49 56 75 78 66 68 63 67 74 71 81 80 69 64 59 57 54 65 61 51 61 65 62 60 58 55 52 50 46 49 56 75 72 73 77 68 63 67 74 71 81 80 69 64 59 57 54 65 45 34 48 
40 37 30 21 26 35 29 23 17 18 27 18 17 23 29 35 36 40 46 49 56 75 72 73 77 68 63 67 62 65 61 51 61 65 62 67 74 83 84 82 81 80 81 71 74 67 63 68 66 78 75 56 49 46 50 52 55 58 60 62 65 45 34 48 
40 37 30 21 26 35 29 23 17 18 27 18 17 23 29 35 36 40 46 49 56 75 72 73 77 68 63 67 62 65 61 51 61 65 54 57 59 64 69 80 81 82 84 83 74 67 62 65 45 34 48 
40 36 35 29 23 17 18 27 18 17 23 29 35 26 21 30 37 40 46 50 52 55 58 60 62 65 61 51 61 65 54 57 59 64 69 80 81 71 74 67 63 68 66 78 75 56 49 46 50 52 55 58 60 62 65 54 53 48 
40 36 35 29 23 17 18 27 18 17 23 29 35 36 40 46 49 56 75 72 73 77 68 63 67 74 71 81 80 69 64 59 57 54 65 61 51 61 65 62 67 74 83 84 82 81 80 81 82 84 83 74 67 62 65 45 34 48 
40 37 30 21 26 35 29 23 17 18 27 18 17 23 29 35 36 40 46 49 56 75 78 66 68 63 67 62 65 61 51 61 65 62 67 74 71 81 80 69 64 59 57 54 65 45 34 48 
40 37 30 21 26 35 29 23 17 18 27 18 17 23 29 35 26 21 30 37 40 46 49 56 75 78 66 68 63 67 62 65 61 51 61 65 54 57 59 64 69 80 81 71 74 67 63 68 66 78 75 56 49 46 50 52 55 58 60 62 65 45 34 48 
40 37 30 21 26 35 29 23 17 18 27 18 17 23 29 35 36 40 46 49 56 75 78 66 68 63 67 74 71 81 80 69 64 59 57 54 65 61 51 61 65 45 34 48 53 54 57 59 64 69 80 81 71 74 67 62 65 45 34 48 
40 36 35 29 23 17 18 27 18 17 23 29 35 36 40 46 49 56 75 72 73 77 68 63 67 62 65 61 51 61 65 54 57 59 64 69 80 69 64 59 57 54 65 45 34 48 
40 36 35 29 23 17 18 27 18 17 23 29 35 36 40 46 49 56 75 78 66 68 63 67 74 71 81 80 69 64 59 57 54 65 61 51 61 65 62 67 74 83 84 82 81 80 81 71 74 67 63 68 77 73 72 75 56 49 46 50 52 55 58 60 62 65 54 53 48 
40 36 35 29 23 17 18 27 18 17 23 29 35 36 40 46 50 52 55 58 60 62 67 74 71 81 80 69 64 59 57 54 65 61 51 61 65 62 60 58 55 52 50 46 49 56 75 72 73 77 68 63 67 74 83 84 82 81 80 81 71 74 67 63 68 66 78 75 56 49 46 50 52 55 58 60 62 65 54 53 48 
40 37 30 21 26 35 29 23 17 18 27 18 17 23 29 35 36 40 46 49 56 75 72 73 77 68 63 67 62 65 61 51 61 65 62 60 58 55 52 50 46 49 56 75 72 73 77 68 63 67 74 71 81 80 69 64 59 57 54 53 48 
40 36 35 29 23 17 18 27 18 17 23 29 35 36 40 46 49 56 75 72 73 77 68 63 67 74 71 81 80 69 64 59 57 54 65 61 51 61 65 62 60 58 55 52 50 46 49 56 75 78 66 68 63 67 74 83 84 82 81 80 81 82 84 83 74 67 62 65 45 34 48 
40 36 35 29 23 17 18 27 18 17 23 29 35 36 40 46 49 56 75 78 66 68 63 67 62 65 61 51 61 65 62 60 58 55 52 50 46 49 56 75 78 66 68 63 67 74 71 81 80 69 64 59 57 54 53 48 
40 37 30 21 26 35 29 23 17 18 27 18 17 23 29 35 36 40 46 49 56 75 78 66 68 63 67 62 65 61 51 61 65 62 67 74 71 81 80 81 71 74 67 62 65 54 53 48 
40 36 35 29 23 17 18 27 18 17 23 29 35 36 40 46 49 56 75 72 73 77 68 63 67 74 71 81 80 69 64 59 57 54 65 61 51 61 65 62 60 58 55 52 50 46 49 56 75 78 66 68 63 67 74 83 84 82 81 80 81 71 74 67 63 68 66 78 75 56 49 46 50 52 55 58 60 62 65 45 34 48 
40 36 35 29 23 17 18 27 18 17 23 29 35 36 40 46 50 52 55 58 60 62 67 74 83 84 82 81 80 69 64 59 57 54 65 61 51 61 65 62 67 74 83 84 82 81 80 81 71 74 67 62 65 45 34 48 
40 36 35 29 23 17 18 27 18 17 23 29 35 36 40 46 49 56 75 72 73 77 68 63 67 74 71 81 80 69 64 59 57 54 65 61 51 61 65 62 60 58 55 52 50 46 49 56 75 72 73 77 68 63 67 74 71 81 80 81 71 74 67 63 68 77 73 72 75 56 49 46 50 52 55 58 60 62 65 45 34 48 
40 36 35 29 23 17 18 27 18 17 23 29 35 36 40 46 49 56 75 78 66 68 63 67 74 71 81 80 69 64 59 57 54 65 61 51 61 65 54 57 59 64 69 80 81 71 74 67 63 68 66 78 75 56 49 46 50 52 55 58 60 62 65 45 34 48 
40 37 30 21 26 35 29 23 17 18 27 18 17 23 29 35 36 40 46 49 56 75 78 66 68 63 67 74 71 81 80 69 64 59 57 54 65 61 51 61 65 62 60 58 55 52 50 46 49 56 75 72 73 77 68 63 67 74 71 81 80 81 71 74 67 62 65 45 34 48 
40 37 30 21 26 35 29 23 17 18 27 18 17 23 29 35 36 40 46 49 56 75 78 66 68 63 67 74 71 81 80 69 64 59 57 54 65 61 51 61 65 62 60 58 55 52 50 46 49 56 75 78 66 68 63 67 74 83 84 82 81 80 69 64 59 57 54 53 48 
40 37 30 21 26 35 29 23 17 18 27 18 17 23 29 35 26 21 30 37 40 46 50 52 55 58 60 62 65 61 51 61 65 62 60 58 55 52 50 46 49 56 75 72 73 77 68 63 67 74 71 81 80 69 64 59 57 54 53 48 
40 37 30 21 26 35 29 23 17 18 27 18 17 23 29 35 36 40 46 50 52 55 58 60 62 67 74 83 84 82 81 80 69 64 59 57 54 65 61 51 61 65 62 67 74 83 84 82 81 80 69 64 59 57 54 53 48 
40 36 35 29 23 17 18 27 18 17 23 29 35 26 21 30 37 40 46 50 52 55 58 60 62 65 61 51 61 65 54 57 59 64 69 80 81 71 74 67 62 65 54 53 48 
40 36 35 29 23 17 18 27 18 17 23 29 35 26 21 30 37 40 46 50 52 55 58 60 62 65 61 51 61 65 62 60 58 55 52 50 46 49 56 75 72 73 77 68 63 67 74 83 84 82 81 80 81 71 74 67 63 68 77 73 72 75 56 49 46 50 52 55 58 60 62 65 45 34 48 
40 36 35 29 23 17 18 27 18 17 23 29 35 36 40 46 49 56 75 72 73 77 68 63 67 62 65 61 51 61 65 62 60 58 55 52 50 46 49 56 75 72 73 77 68 63 67 74 83 84 82 81 80 81 71 74 67 62 65 45 34 48 
40 37 30 21 26 35 29 23 17 18 27 18 17 23 29 35 36 40 46 50 52 55 58 60 62 65 61 51 61 65 45 34 48 53 54 57 59 64 69 80 81 71 74 67 63 68 77 73 72 75 56 49 46 50 52 55 58 60 62 65 45 34 48 
40 37 30 21 26 35 29 23 17 18 27 18 17 23 29 35 36 40 46 50 52 55 58 60 62 67 74 83 84 82 81 80 69 64 59 57 54 65 61 51 61 65 62 67 74 71 81 80 69 64 59 57 54 53 48 
40 36 35 29 23 17 18 27 18 17 23 29 35 36 40 46 49 56 75 72 73 77 68 63 67 62 65 61 51 61 65 62 60 58 55 52 50 46 49 56 75 72 73 77 68 63 67 74 83 84 82 81 80 81 71 74 67 63 68 66 78 75 56 49 46 50 52 55 58 60 62 65 45 34 48 
40 37 30 21 26 35 29 23 17 18 27 18 17 23 29 35 36 40 46 49 56 75 78 66 68 63 67 74 71 81 80 69 64 59 57 54 65 61 51 61 65 45 34 48 53 54 57 59 64 69 80 81 71 74 67 63 68 77 73 72 75 56 49 46 50 52 55 58 60 62 65 45 34 48 
---------------
Request id 7
83 74 67 63 68 77 73 72 75 56 49 46 50 52 55 58 60 62 65 45 34 48 53 54 57 59 64 69 80 81 82 84 88 84 82 81 71 74 83 85 87 94 98 102 101 85 83 74 67 62 65 45 34 48 53 54 57 59 64 69 
83 74 67 63 68 66 78 75 56 49 46 50 52 55 58 60 62 65 45 34 48 53 54 57 59 64 69 80 81 82 84 88 84 82 81 71 74 83 85 87 94 98 102 101 85 83 74 71 81 80 69 
83 74 67 62 65 54 57 59 64 69 80 81 82 84 88 84 82 81 71 74 83 85 101 102 101 85 83 84 82 81 80 69 
83 74 67 62 65 54 57 59 64 69 80 81 82 84 88 84 82 81 80 69 64 59 57 54 53 48 34 45 65 62 67 74 83 85 87 94 98 102 98 94 87 85 83 84 82 81 71 74 67 62 65 54 57 59 64 69 
83 74 67 63 68 77 73 72 75 56 49 46 50 52 55 58 60 62 65 54 57 59 64 69 80 81 82 84 88 84 82 81 80 69 64 59 57 54 53 48 34 45 65 62 67 74 83 85 87 94 98 102 98 94 87 85 83 84 82 81 80 69 
83 74 67 63 68 77 73 72 75 56 49 46 50 52 55 58 60 62 65 54 57 59 64 69 80 81 82 84 88 84 83 85 101 102 98 94 87 85 83 84 82 81 71 74 67 62 65 54 57 59 64 69 
83 74 67 63 68 77 73 72 75 56 49 46 50 52 55 58 60 62 65 45 34 48 53 54 57 59 64 69 80 81 82 84 88 84 83 85 101 102 101 85 83 74 71 81 80 69 
83 74 67 63 68 66 78 75 56 49 46 50 52 55 58 60 62 65 45 34 48 53 54 57 59 64 69 80 81 82 84 88 84 82 81 71 74 83 85 101 102 98 94 87 85 83 74 67 62 65 54 57 59 64 69 
83 74 67 62 65 45 34 48 53 54 57 59 64 69 80 81 82 84 88 84 82 81 80 69 64 59 57 54 65 62 60 58 55 52 50 46 49 56 75 72 73 77 68 63 67 74 83 85 101 102 101 85 83 74 67 62 65 54 57 59 64 69 
83 74 67 63 68 77 73 72 75 56 49 46 50 52 55 58 60 62 65 45 34 48 53 54 57 59 64 69 80 81 82 84 88 84 82 81 71 74 83 85 87 94 98 102 101 85 83 84 82 81 80 69 
83 74 67 63 68 77 73 72 75 56 49 46 50 52 55 58 60 62 65 54 57 59 64 69 80 81 82 84 88 84 82 81 80 69 64 59 57 54 53 48 34 45 65 62 67 74 83 85 87 94 98 102 98 94 87 85 83 74 67 62 65 45 34 48 53 54 57 59 64 69 
83 74 67 63 68 77 73 72 75 56 49 46 50 52 55 58 60 62 65 45 34 48 53 54 57 59 64 69 80 81 82 84 88 84 82 81 80 69 64 59 57 54 65 62 60 58 55 52 50 46 49 56 75 72 73 77 68 63 67 74 83 85 101 102 98 94 87 85 83 74 67 62 65 54 57 59 64 69 
83 74 67 63 68 66 78 75 56 49 46 50 52 55 58 60 62 65 54 57 59 64 69 80 81 82 84 88 84 82 81 80 69 64 59 57 54 53 48 34 45 65 62 67 74 83 85 101 102 101 85 83 84 82 81 80 69 
83 74 67 62 65 45 34 48 53 54 57 59 64 69 80 81 82 84 88 84 82 81 71 74 83 85 101 102 98 94 87 85 83 84 82 81 80 69 
83 74 67 62 65 54 57 59 64 69 80 81 82 84 88 84 82 81 80 69 64 59 57 54 65 62 67 74 83 85 101 102 101 85 83 84 82 81 71 74 67 62 65 54 57 59 64 69 
83 84 88 84 83 85 87 94 98 102 98 94 87 85 83 74 67 62 65 54 57 59 64 69 
83 74 67 62 65 54 57 59 64 69 80 81 82 84 88 84 83 85 101 102 101 85 83 74 67 62 65 54 57 59 64 69 
83 84 88 84 82 81 80 69 64 59 57 54 65 62 67 74 83 85 101 102 98 94 87 85 83 84 82 81 80 69 
83 74 67 63 68 66 78 75 56 49 46 50 52 55 58 60 62 65 54 57 59 64 69 80 81 82 84 88 84 82 81 80 69 64 59 57 54 65 62 60 58 55 52 50 46 49 56 75 78 66 68 63 67 74 83 85 101 102 101 85 83 74 67 62 65 45 34 48 53 54 57 59 64 69 
83 74 67 62 65 54 57 59 64 69 80 81 82 84 88 84 82 81 80 69 64 59 57 54 65 62 67 74 83 85 101 102 98 94 87 85 83 74 67 62 65 45 34 48 53 54 57 59 64 69 
83 74 67 62 65 54 57 59 64 69 80 81 82 84 88 84 82 81 80 69 64 59 57 54 53 48 34 45 65 62 67 74 83 85 101 102 98 94 87 85 83 74 67 62 65 45 34 48 53 54 57 59 64 69 
83 74 67 63 68 77 73 72 75 56 49 46 50 52 55 58 60 62 65 54 57 59 64 69 80 81 82 84 88 84 82 81 71 74 83 85 87 94 98 102 101 85 83 84 82 81 71 74 67 62 65 54 57 59 64 69 
83 74 67 62 65 54 57 59 64 69 80 81 82 84 88 84 82 81 80 69 64 59 57 54 65 62 60 58 55 52 50 46 49 56 75 78 66 68 63 67 74 83 85 101 102 98 94 87 85 83 74 71 81 80 69 
83 74 67 62 65 45 34 48 53 54 57 59 64 69 80 81 82 84 88 84 82 81 80 69 64 59 57 54 65 62 67 74 83 85 101 102 98 94 87 85 83 74 67 62 65 45 34 48 53 54 57 59 64 69 
83 74 67 63 68 66 78 75 56 49 46 50 52 55 58 60 62 65 45 34 48 53 54 57 59 64 69 80 81 82 84 88 84 82 81 80 69 64 59 57 54 65 62 60 58 55 52 50 46 49 56 75 72 73 77 68 63 67 74 83 85 101 102 101 85 83 74 67 62 65 45 34 48 53 54 57 59 64 69 
83 74 67 63 68 66 78 75 56 49 46 50 52 55 58 60 62 65 54 57 59 64 69 80 81 82 84 88 84 82 81 80 69 64 59 57 54 53 48 34 45 65 62 67 74 83 85 101 102 98 94 87 85 83 74 67 62 65 54 57 59 64 69 
83 74 67 63 68 77 73 72 75 56 49 46 50 52 55 58 60 62 65 45 34 48 53 54 57 59 64 69 80 81 82 84 88 84 82 81 80 69 64 59 57 54 65 62 60 58 55 52 50 46 49 56 75 72 73 77 68 63 67 74 83 85 101 102 101 85 83 74 67 62 65 45 34 48 53 54 57 59 64 69 
83 74 67 63 68 77 73 72 75 56 49 46 50 52 55 58 60 62 65 45 34 48 53 54 57 59 64 69 80 81 82 84 88 84 82 81 80 69 64 59 57 54 65 62 60 58 55 52 50 46 49 56 75 72 73 77 68 63 67 74 83 85 101 102 98 94 87 85 83 74 71 81 80 69 
83 74 71 81 82 84 88 84 82 81 80 69 64 59 57 54 53 48 34 45 65 62 67 74 83 85 87 94 98 102 101 85 83 74 67 62 65 54 57 59 64 69 
83 74 71 81 82 84 88 84 82 81 80 69 64 59 57 54 65 62 67 74 83 85 101 102 98 94 87 85 83 84 82 81 80 69 
---------------
Request id 13
14 11 6 4 0 3 2 1 8 7 12 17 23 29 35 26 21 30 37 40 46 49 42 49 46 40 36 35 29 23 17 18 27 18 17 23 29 35 26 21 30 37 40 46 49 56 75 72 73 77 68 63 67 62 65 45 34 
14 11 6 4 0 3 9 17 23 29 35 36 40 46 49 42 49 56 75 78 66 68 63 67 74 83 84 82 81 80 69 64 59 57 54 65 62 60 58 55 52 50 46 40 36 35 29 23 17 18 27 18 17 23 29 35 26 21 30 37 40 46 49 56 75 72 73 77 68 63 67 62 65 45 34 
14 22 31 32 13 9 17 23 29 35 36 40 46 50 52 55 58 60 62 67 63 68 66 78 75 56 49 42 49 56 75 78 66 68 63 67 62 60 58 55 52 50 46 40 37 30 21 26 35 29 23 17 18 27 18 17 23 29 35 36 40 46 50 52 55 58 60 62 65 54 53 48 34 
14 22 31 32 13 9 3 2 1 8 7 12 17 23 29 35 36 40 46 49 42 49 56 75 78 66 68 63 67 74 71 81 80 69 64 59 57 54 65 62 60 58 55 52 50 46 40 36 35 29 23 17 18 27 18 17 23 29 35 36 40 46 49 56 75 72 73 77 68 63 67 62 65 45 34 
14 11 6 4 0 3 9 17 23 29 35 26 21 30 37 40 46 49 42 49 46 40 37 30 21 26 35 29 23 17 18 27 18 17 23 29 35 26 21 30 37 40 46 49 56 75 72 73 77 68 63 67 62 65 45 34 
14 22 31 32 13 9 3 2 1 8 7 12 17 23 29 35 36 40 46 49 42 49 56 75 72 73 77 68 63 67 74 71 81 80 69 64 59 57 54 65 62 60 58 55 52 50 46 40 36 35 29 23 17 18 27 18 17 23 29 35 26 21 30 37 40 46 49 56 75 72 73 77 68 63 67 62 65 45 34 
14 22 31 32 13 9 17 23 29 35 26 21 30 37 40 46 49 42 49 56 75 78 66 68 63 67 74 71 81 80 69 64 59 57 54 65 62 60 58 55 52 50 46 40 37 30 21 26 35 29 23 17 18 27 18 17 23 29 35 36 40 46 50 52 55 58 60 62 65 45 34 
14 22 31 32 13 9 17 23 29 35 36 40 46 49 42 49 56 75 78 66 68 63 67 62 60 58 55 52 50 46 40 37 30 21 26 35 29 23 17 18 27 18 17 23 29 35 36 40 46 49 56 75 72 73 77 68 63 67 62 65 54 53 48 34 
14 11 6 4 0 3 9 17 23 29 35 36 40 46 49 42 49 46 40 36 35 29 23 17 18 27 18 17 23 29 35 26 21 30 37 40 46 50 52 55 58 60 62 65 45 34 
14 11 6 4 0 3 2 1 8 7 12 17 23 29 35 36 40 46 49 42 49 56 75 72 73 77 68 63 67 74 71 81 80 69 64 59 57 54 65 62 60 58 55 52 50 46 40 36 35 29 23 17 18 27 18 17 23 29 35 26 21 30 37 40 46 49 56 75 78 66 68 63 67 62 65 45 34 
14 11 6 4 0 3 9 17 23 29 35 26 21 30 37 40 46 49 42 49 56 75 78 66 68 63 67 74 71 81 80 69 64 59 57 54 65 62 60 58 55 52 50 46 40 37 30 21 26 35 29 23 17 18 27 18 17 23 29 35 36 40 46 50 52 55 58 60 62 65 45 34 
14 22 31 32 13 9 3 2 1 8 7 12 17 23 29 35 36 40 46 49 42 49 56 75 72 73 77 68 63 67 74 71 81 80 69 64 59 57 54 65 62 60 58 55 52 50 46 40 36 35 29 23 17 18 27 18 17 23 29 35 36 40 46 49 56 75 72 73 77 68 63 67 62 65 45 34 
14 22 31 32 13 9 17 23 29 35 36 40 46 49 42 49 56 75 78 66 68 63 67 74 71 81 80 69 64 59 57 54 65 62 60 58 55 52 50 46 40 36 35 29 23 17 18 27 18 17 23 29 35 26 21 30 37 40 46 50 52 55 58 60 62 65 54 53 48 34 
14 22 31 32 13 9 17 23 29 35 36 40 46 50 52 55 58 60 62 67 63 68 66 78 75 56 49 42 49 56 75 78 66 68 63 67 62 60 58 55 52 50 46 40 36 35 29 23 17 18 27 18 17 23 29 35 26 21 30 37 40 46 50 52 55 58 60 62 65 54 53 48 34 
14 11 6 4 0 3 9 17 23 29 35 36 40 46 50 52 55 58 60 62 67 63 68 66 78 75 56 49 42 49 56 75 78 66 68 63 67 62 60 58 55 52 50 46 40 36 35 29 23 17 18 27 18 17 23 29 35 36 40 46 50 52 55 58 60 62 65 54 53 48 34 
14 11 6 4 0 3 2 1 8 7 12 17 23 29 35 36 40 46 49 42 49 56 75 78 66 68 63 67 62 60 58 55 52 50 46 40 36 35 29 23 17 18 27 18 17 23 29 35 26 21 30 37 40 46 49 56 75 72 73 77 68 63 67 62 65 45 34 
14 11 6 4 0 3 9 17 23 29 35 26 21 30 37 40 46 49 42 49 56 75 72 73 77 68 63 67 62 60 58 55 52 50 46 40 37 30 21 26 35 29 23 17 18 27 18 17 23 29 35 26 21 30 37 40 46 49 56 75 72 73 77 68 63 67 62 65 45 34 
14 11 6 4 0 3 2 1 8 7 12 17 23 29 35 36 40 46 49 42 49 56 75 78 66 68 63 67 62 60 58 55 52 50 46 40 37 30 21 26 35 29 23 17 18 27 18 17 23 29 35 26 21 30 37 40 46 50 52 55 58 60 62 65 45 34 
14 22 31 32 13 9 17 23 29 35 36 40 46 49 42 49 56 75 78 66 68 63 67 74 71 81 80 69 64 59 57 54 65 62 60 58 55 52 50 46 40 37 30 21 26 35 29 23 17 18 27 18 17 23 29 35 36 40 46 49 56 75 78 66 68 63 67 62 65 54 53 48 34 
14 22 31 32 13 9 17 23 29 35 26 21 30 37 40 46 49 42 49 56 75 72 73 77 68 63 67 74 71 81 80 69 64 59 57 54 65 62 60 58 55 52 50 46 40 36 35 29 23 17 18 27 18 17 23 29 35 36 40 46 50 52 55 58 60 62 65 45 34 
14 11 6 4 0 3 9 17 23 29 35 36 40 46 49 42 49 56 75 78 66 68 63 67 74 71 81 80 69 64 59 57 54 65 62 60 58 55 52 50 46 40 36 35 29 23 17 18 27 18 17 23 29 35 26 21 30 37 40 46 49 56 75 72 73 77 68 63 67 62 65 45 34 
14 11 6 4 0 3 9 17 23 29 35 26 21 30 37 40 46 49 42 49 56 75 72 73 77 68 63 67 62 60 58 55 52 50 46 40 36 35 29 23 17 18 27 18 17 23 29 35 26 21 30 37 40 46 49 56 75 72 73 77 68 63 67 62 65 45 34 
14 11 6 4 0 3 9 17 23 29 35 36 40 46 49 42 49 56 75 72 73 77 68 63 67 62 60 58 55 52 50 46 40 37 30 21 26 35 29 23 17 18 27 18 17 23 29 35 36 40 46 49 56 75 72 73 77 68 63 67 62 65 45 34 
14 11 6 4 0 3 2 1 8 7 12 17 23 29 35 26 21 30 37 40 46 49 42 49 46 40 37 30 21 26 35 29 23 17 18 27 18 17 23 29 35 36 40 46 49 56 75 72 73 77 68 63 67 62 65 54 53 48 34 
14 11 6 4 0 3 9 17 23 29 35 36 40 46 49 42 49 56 75 78 66 68 63 67 74 71 81 80 69 64 59 57 54 65 62 60 58 55 52 50 46 40 37 30 21 26 35 29 23 17 18 27 18 17 23 29 35 36 40 46 49 56 75 72 73 77 68 63 67 62 65 54 53 48 34 
14 22 31 32 13 9 3 2 1 8 7 12 17 23 29 35 36 40 46 49 42 49 56 75 78 66 68 63 67 74 83 84 82 81 80 69 64 59 57 54 65 62 60 58 55 52 50 46 40 36 35 29 23 17 18 27 18 17 23 29 35 26 21 30 37 40 46 50 52 55 58 60 62 65 45 34 
14 11 6 4 0 3 2 1 8 7 12 17 23 29 35 36 40 46 49 42 49 46 40 36 35 29 23 17 18 27 18 17 23 29 35 36 40 46 49 56 75 72 73 77 68 63 67 62 65 45 34 
14 11 6 4 0 3 9 17 23 29 35 26 21 30 37 40 46 49 42 49 56 75 78 66 68 63 67 62 60 58 55 52 50 46 40 37 30 21 26 35 29 23 17 18 27 18 17 23 29 35 36 40 46 49 56 75 72 73 77 68 63 67 62 65 45 34 
14 22 31 32 13 9 17 23 29 35 26 21 30 37 40 46 49 42 49 56 75 72 73 77 68 63 67 74 71 81 80 69 64 59 57 54 65 62 60 58 55 52 50 46 40 36 35 29 23 17 18 27 18 17 23 29 35 26 21 30 37 40 46 49 56 75 78 66 68 63 67 62 65 45 34 
14 11 6 4 0 3 2 1 8 7 12 17 23 29 35 36 40 46 49 42 49 56 75 78 66 68 63 67 62 60 58 55 52 50 46 40 37 30 21 26 35 29 23 17 18 27 18 17 23 29 35 36 40 46 49 56 75 78 66 68 63 67 62 65 54 53 48 34 
---------------
Request id 3
17 23 29 35 36 40 46 49 56 75 78 66 68 77 73 72 75 78 66 68 63 67 74 83 84 82 81 71 74 67 63 68 66 78 75 56 49 46 50 52 55 58 60 62 65 54 57 59 64 69 80 81 82 84 83 74 67 62 60 58 55 52 50 46 40 41 33 20 25 
17 23 29 35 36 40 46 50 52 55 58 60 62 67 63 68 66 78 75 72 73 72 75 56 49 46 50 52 55 58 60 62 67 74 83 84 82 81 71 74 67 62 65 54 57 59 64 69 80 81 71 74 67 63 68 66 78 75 56 49 46 40 43 33 20 25 
17 23 29 35 36 40 46 50 52 55 58 60 62 67 63 68 77 73 77 68 63 67 62 65 54 57 59 64 69 80 81 82 84 83 74 71 81 82 84 83 74 67 62 65 45 34 48 53 54 57 59 64 69 80 81 71 74 67 63 68 66 78 75 56 49 46 40 41 33 20 25 
17 23 29 35 26 21 30 37 40 46 49 56 75 78 66 68 77 73 77 68 63 67 74 71 81 82 84 83 74 67 62 65 54 57 59 64 69 80 69 64 59 57 54 65 62 60 58 55 52 50 46 40 41 33 20 25 
17 23 29 35 26 21 30 37 40 46 50 52 55 58 60 62 67 63 68 66 78 75 72 73 72 75 78 66 68 63 67 74 71 81 82 84 83 74 67 63 68 66 78 75 56 49 46 50 52 55 58 60 62 65 54 57 59 64 69 80 81 71 74 67 62 60 58 55 52 50 46 40 43 33 20 25 
17 23 29 35 26 21 30 37 40 46 49 56 75 72 73 72 75 56 49 46 50 52 55 58 60 62 67 74 71 74 67 62 65 54 57 59 64 69 80 81 71 74 67 62 60 58 55 52 50 46 40 28 19 5 15 20 25 
17 23 29 35 36 40 46 50 52 55 58 60 62 67 63 68 66 78 75 72 73 77 68 66 78 75 56 49 46 50 52 55 58 60 62 67 74 71 74 67 62 65 45 34 48 53 54 57 59 64 69 80 81 71 74 67 62 60 58 55 52 50 46 40 43 33 20 25 
17 23 29 35 26 21 30 37 40 46 49 56 75 78 66 68 77 73 72 75 78 66 68 63 67 74 83 84 82 81 71 74 67 63 68 66 78 75 56 49 46 50 52 55 58 60 62 65 45 34 48 53 54 57 59 64 69 80 81 71 74 67 62 60 58 55 52 50 46 40 41 33 20 25 
17 23 29 35 36 40 46 49 56 75 78 66 68 77 73 72 75 78 66 68 63 67 74 71 81 82 84 83 74 67 63 68 66 78 75 56 49 46 50 52 55 58 60 62 65 54 57 59 64 69 80 81 71 74 67 63 68 77 73 72 75 56 49 46 40 41 33 20 25 
17 23 29 35 36 40 46 49 56 75 72 73 77 68 63 67 62 65 54 57 59 64 69 80 81 71 74 67 63 68 66 78 75 56 49 46 50 52 55 58 60 62 65 54 57 59 64 69 80 81 82 84 83 74 67 62 60 58 55 52 50 46 40 41 33 20 25 
17 23 29 35 36 40 46 50 52 55 58 60 62 67 63 68 66 78 75 72 73 77 68 63 67 74 71 74 67 62 65 45 34 48 53 54 57 59 64 69 80 81 71 74 67 62 60 58 55 52 50 46 40 28 19 5 15 20 25 
17 23 29 35 36 40 46 50 52 55 58 60 62 65 54 57 59 64 69 80 81 82 84 83 74 67 63 68 77 73 77 68 63 67 62 65 54 57 59 64 69 80 81 71 74 67 63 68 66 78 75 56 49 46 50 52 55 58 60 62 65 54 57 59 64 69 80 81 71 74 67 62 60 58 55 52 50 46 40 43 33 20 25 
17 23 29 35 36 40 46 49 56 75 72 73 72 75 56 49 46 50 52 55 58 60 62 67 74 83 84 82 81 71 74 67 62 65 45 34 48 53 54 57 59 64 69 80 69 64 59 57 54 65 62 60 58 55 52 50 46 40 43 33 20 25 
17 23 29 35 36 40 46 49 56 75 72 73 72 75 78 66 68 63 67 74 71 74 67 63 68 66 78 75 56 49 46 50 52 55 58 60 62 65 54 57 59 64 69 80 81 71 74 67 63 68 66 78 75 56 49 46 40 43 33 20 25 
17 23 29 35 26 21 30 37 40 46 50 52 55 58 60 62 67 63 68 77 73 77 68 63 67 74 71 74 67 62 65 45 34 48 53 54 57 59 64 69 80 81 71 74 67 62 60 58 55 52 50 46 40 43 33 20 25 
17 23 29 35 36 40 46 49 56 75 78 66 68 77 73 72 75 56 49 46 50 52 55 58 60 62 67 74 71 74 67 62 65 54 57 59 64 69 80 81 82 84 83 74 67 62 60 58 55 52 50 46 40 41 33 20 25 
17 23 29 35 36 40 46 49 56 75 72 73 77 68 63 67 74 71 74 67 63 68 66 78 75 56 49 46 50 52 55 58 60 62 65 45 34 48 53 54 57 59 64 69 80 81 71 74 67 62 60 58 55 52 50 46 40 43 33 20 25 
17 23 29 35 36 40 46 50 52 55 58 60 62 65 54 57 59 64 69 80 81 71 74 67 63 68 77 73 72 75 56 49 46 50 52 55 58 60 62 67 74 71 81 82 84 83 74 67 62 65 45 34 48 53 54 57 59 64 69 80 81 71 74 67 62 60 58 55 52 50 46 40 43 33 20 25 
17 23 29 35 36 40 46 50 52 55 58 60 62 67 63 68 66 78 75 72 73 72 75 56 49 46 50 52 55 58 60 62 67 74 83 84 82 81 71 74 67 63 68 66 78 75 56 49 46 50 52 55 58 60 62 65 54 57 59 64 69 80 81 71 74 67 62 60 58 55 52 50 46 40 28 19 5 15 20 25 
17 23 29 35 36 40 46 49 56 75 78 66 68 77 73 72 75 78 66 68 63 67 74 71 74 83 84 82 81 80 69 64 59 57 54 65 62 60 58 55 52 50 46 40 41 33 20 25 
17 23 29 35 36 40 46 50 52 55 58 60 62 67 63 68 77 73 77 68 63 67 74 83 84 82 81 71 74 67 62 65 54 57 59 64 69 80 69 64 59 57 54 65 62 60 58 55 52 50 46 40 41 33 20 25 
17 23 29 35 26 21 30 37 40 46 49 56 75 78 66 68 77 73 72 75 78 66 68 63 67 74 71 74 67 62 65 54 57 59 64 69 80 81 71 74 67 63 68 66 78 75 56 49 46 40 41 33 20 25 
17 23 29 35 36 40 46 50 52 55 58 60 62 65 54 57 59 64 69 80 81 71 74 67 63 68 77 73 72 75 56 49 46 50 52 55 58 60 62 67 74 83 84 82 81 71 74 67 63 68 77 73 72 75 56 49 46 50 52 55 58 60 62 65 54 57 59 64 69 80 69 64 59 57 54 65 62 60 58 55 52 50 46 40 41 33 20 25 
17 23 29 35 26 21 30 37 40 46 49 56 75 78 66 68 77 73 72 75 56 49 46 50 52 55 58 60 62 67 74 71 81 82 84 83 74 67 62 65 45 34 48 53 54 57 59 64 69 80 69 64 59 57 54 65 62 60 58 55 52 50 46 40 41 33 20 25 
17 23 29 35 36 40 46 50 52 55 58 60 62 67 63 68 66 78 75 72 73 72 75 78 66 68 63 67 74 71 81 82 84 83 74 67 63 68 66 78 75 56 49 46 50 52 55 58 60 62 65 54 57 59 64 69 80 81 71 74 67 63 68 66 78 75 56 49 46 40 41 33 20 25 
17 23 29 35 26 21 30 37 40 46 50 52 55 58 60 62 67 63 68 77 73 72 75 78 66 68 63 67 74 71 74 83 84 82 81 80 81 71 74 67 62 60 58 55 52 50 46 40 28 19 5 15 20 25 
17 23 29 35 36 40 46 50 52 55 58 60 62 67 63 68 66 78 75 72 73 77 68 63 67 62 65 54 57 59 64 69 80 81 71 74 67 63 68 77 73 72 75 56 49 46 50 52 55 58 60 62 65 54 57 59 64 69 80 69 64 59 57 54 65 62 60 58 55 52 50 46 40 43 33 20 25 
17 23 29 35 26 21 30 37 40 46 49 56 75 72 73 72 75 78 66 68 63 67 74 71 81 82 84 83 74 67 62 65 45 34 48 53 54 57 59 64 69 80 81 82 84 83 74 67 62 60 58 55 52 50 46 40 41 33 20 25 
17 23 29 35 26 21 30 37 40 46 50 52 55 58 60 62 67 63 68 77 73 77 68 63 67 74 71 74 67 63 68 77 73 72 75 56 49 46 50 52 55 58 60 62 65 54 57 59 64 69 80 69 64 59 57 54 65 62 60 58 55 52 50 46 40 43 33 20 25 
17 23 29 35 36 40 46 50 52 55 58 60 62 67 63 68 66 78 75 72 73 77 68 66 78 75 56 49 46 50 52 55 58 60 62 67 74 71 74 67 63 68 77 73 72 75 56 49 46 50 52 55 58 60 62 65 54 57 59 64 69 80 81 71 74 67 62 60 58 55 52 50 46 40 43 33 20 25 
---------------
Request id 17
67 62 65 54 57 59 64 69 80 81 82 84 83 74 71 74 83 84 82 81 80 69 79 86 
67 63 68 66 78 75 56 49 46 50 52 55 58 60 62 65 54 57 59 64 69 80 81 82 84 83 74 71 74 83 84 82 81 80 69 79 86 
67 62 65 45 34 48 53 54 57 59 64 69 80 81 71 74 83 84 82 81 80 69 79 86 
67 63 68 66 78 75 56 49 46 50 52 55 58 60 62 65 54 57 59 64 69 80 81 71 81 80 69 79 86 
67 63 68 66 78 75 56 49 46 50 52 55 58 60 62 65 45 34 48 53 54 57 59 64 69 80 81 71 74 67 62 65 45 34 48 53 54 57 59 64 69 79 86 
67 62 65 54 57 59 64 69 80 81 71 74 67 62 65 54 57 59 64 69 79 76 70 86 
67 62 65 45 34 48 53 54 57 59 64 69 80 81 82 84 83 74 71 74 67 62 65 54 57 59 64 69 79 76 70 86 
67 63 68 66 78 75 56 49 46 50 52 55 58 60 62 65 54 57 59 64 69 80 81 71 81 80 69 79 76 70 86 
67 62 65 54 57 59 64 69 80 81 71 74 67 62 65 45 34 48 53 54 57 59 64 69 79 86 
67 63 68 77 73 72 75 56 49 46 50 52 55 58 60 62 65 54 57 59 64 69 80 81 71 81 80 69 79 86 
67 62 65 54 57 59 64 69 80 81 82 84 83 74 71 74 67 62 65 54 57 59 64 69 79 76 70 86 
67 63 68 77 73 72 75 56 49 46 50 52 55 58 60 62 65 54 57 59 64 69 80 81 71 81 80 69 79 76 70 86 
67 62 65 45 34 48 53 54 57 59 64 69 80 81 71 74 67 62 65 54 57 59 64 69 79 76 70 86 
67 74 71 81 82 84 83 74 67 62 65 54 57 59 64 69 79 86 
67 63 68 66 78 75 56 49 46 50 52 55 58 60 62 65 45 34 48 53 54 57 59 64 69 80 81 71 74 67 62 65 54 57 59 64 69 79 86 
67 63 68 66 78 75 56 49 46 50 52 55 58 60 62 65 54 57 59 64 69 80 81 82 84 83 74 71 74 67 62 65 45 34 48 53 54 57 59 64 69 79 76 70 86 
67 63 68 77 73 72 75 56 49 46 50 52 55 58 60 62 65 54 57 59 64 69 80 81 71 74 67 62 65 54 57 59 64 69 79 86 
67 74 83 84 82 81 71 74 83 84 82 81 80 69 79 86 
67 62 65 45 34 48 53 54 57 59 64 69 80 81 71 74 67 62 65 54 57 59 64 69 79 86 
67 62 65 45 34 48 53 54 57 59 64 69 80 81 71 81 80 69 79 86 
67 63 68 66 78 75 56 49 46 50 52 55 58 60 62 65 54 57 59 64 69 80 81 82 84 83 74 71 74 67 62 65 54 57 59 64 69 79 86 
67 63 68 66 78 75 56 49 46 50 52 55 58 60 62 65 54 57 59 64 69 80 81 82 84 83 74 71 74 83 84 82 81 80 69 79 76 70 86 
67 62 65 54 57 59 64 69 80 81 82 84 83 74 71 74 67 62 65 45 34 48 53 54 57 59 64 69 79 76 70 86 
67 74 83 84 82 81 71 81 82 84 83 74 67 62 65 54 57 59 64 69 79 76 70 86 
67 62 65 45 34 48 53 54 57 59 64 69 80 81 82 84 83 74 71 81 82 84 83 74 67 62 65 54 57 59 64 69 79 76 70 86 
67 63 68 77 73 72 75 56 49 46 50 52 55 58 60 62 65 54 57 59 64 69 80 81 71 74 83 84 82 81 80 69 79 76 70 86 
67 62 65 54 57 59 64 69 80 81 71 74 67 62 65 45 34 48 53 54 57 59 64 69 79 76 70 86 
67 74 71 81 80 69 79 86 
67 63 68 66 78 75 56 49 46 50 52 55 58 60 62 65 54 57 59 64 69 80 81 71 74 83 84 82 81 80 69 79 76 70 86 
67 74 83 84 82 81 71 74 67 62 65 45 34 48 53 54 57 59 64 69 79 76 70 86 
---------------
Request id 5
8 7 12 17 18 27 18 17 23 29 35 36 40 46 50 52 55 58 60 62 67 74 71 81 80 69 79 76 70 76 79 69 80 81 82 84 83 85 101 102 98 94 87 85 
8 7 12 17 18 27 18 17 23 29 35 36 40 46 50 52 55 58 60 62 65 54 57 59 64 69 79 76 70 76 79 69 80 81 71 74 83 85 87 94 98 102 98 94 87 85 
8 7 12 17 18 27 18 17 23 29 35 36 40 46 50 52 55 58 60 62 67 74 71 81 80 69 79 76 70 86 79 69 80 81 82 84 83 85 87 94 98 102 101 85 
8 1 2 3 0 4 6 11 14 22 31 32 13 9 17 18 27 18 17 23 29 35 36 40 46 50 52 55 58 60 62 67 74 71 81 80 69 79 86 70 76 79 69 80 81 82 84 83 85 87 94 98 102 98 94 87 85 
8 1 2 3 9 17 18 27 18 17 23 29 35 36 40 46 49 56 75 78 66 68 63 67 74 71 81 80 69 79 76 70 76 79 69 80 81 82 84 83 85 101 102 101 85 
8 1 2 3 0 4 6 11 14 22 31 32 13 9 17 18 27 18 17 23 29 35 36 40 46 50 52 55 58 60 62 65 54 57 59 64 69 79 86 70 76 79 69 80 81 71 74 83 85 87 94 98 102 98 94 87 85 
8 7 12 17 18 27 18 17 23 29 35 36 40 46 50 52 55 58 60 62 67 74 83 84 82 81 80 69 79 86 70 86 79 69 80 81 82 84 83 85 101 102 98 94 87 85 
8 7 12 17 18 27 18 17 23 29 35 36 40 46 49 56 75 72 73 77 68 63 67 74 71 81 80 69 79 86 70 86 79 69 80 81 71 74 83 85 101 102 98 94 87 85 
8 1 2 3 9 17 18 27 18 17 23 29 35 36 40 46 50 52 55 58 60 62 67 74 71 81 80 69 79 86 70 86 79 69 80 81 71 74 83 85 87 94 98 102 101 85 
8 1 2 3 9 17 18 27 18 17 23 29 35 36 40 46 49 56 75 72 73 77 68 63 67 74 71 81 80 69 79 76 70 86 79 69 80 81 82 84 83 85 101 102 98 94 87 85 
8 1 2 3 0 4 6 11 14 22 31 32 13 9 17 18 27 18 17 23 29 35 36 40 46 50 52 55 58 60 62 67 74 71 81 80 69 79 76 70 76 79 69 80 81 71 74 83 85 101 102 101 85 
8 1 2 3 9 17 18 27 18 17 23 29 35 36 40 46 49 56 75 72 73 77 68 63 67 74 71 81 80 69 79 76 70 86 79 69 80 81 71 74 83 85 101 102 98 94 87 85 
8 7 12 17 18 27 18 17 23 29 35 36 40 46 50 52 55 58 60 62 65 54 57 59 64 69 79 86 70 86 79 69 80 81 82 84 83 85 87 94 98 102 98 94 87 85 
8 1 2 3 0 4 6 11 14 22 31 32 13 9 17 18 27 18 17 23 29 35 36 40 46 50 52 55 58 60 62 67 74 71 81 80 69 79 86 70 76 79 69 80 81 71 74 83 85 87 94 98 102 98 94 87 85 
8 7 12 17 18 27 18 17 23 29 35 36 40 46 50 52 55 58 60 62 67 74 83 84 82 81 80 69 79 86 70 76 79 69 80 81 71 74 83 85 101 102 101 85 
8 1 2 3 9 17 18 27 18 17 23 29 35 36 40 46 49 56 75 78 66 68 63 67 74 71 81 80 69 79 86 70 76 79 69 80 81 71 74 83 85 101 102 101 85 
8 7 12 17 18 27 18 17 23 29 35 36 40 46 50 52 55 58 60 62 65 54 57 59 64 69 79 76 70 76 79 69 64 59 57 54 65 62 67 74 83 85 101 102 101 85 
8 1 2 3 9 17 18 27 18 17 23 29 35 36 40 46 49 56 75 72 73 77 68 63 67 74 71 81 80 69 79 76 70 76 79 69 64 59 57 54 65 62 67 74 83 85 101 102 98 94 87 85 
8 7 12 17 18 27 18 17 23 29 35 36 40 46 49 56 75 72 73 77 68 63 67 74 71 81 80 69 79 76 70 76 79 69 80 81 82 84 83 85 101 102 101 85 
8 1 2 3 9 17 18 27 18 17 23 29 35 36 40 46 50 52 55 58 60 62 67 74 83 84 82 81 80 69 79 76 70 76 79 69 64 59 57 54 65 62 67 74 83 85 101 102 98 94 87 85 
8 1 2 3 9 17 18 27 18 17 23 29 35 36 40 46 49 56 75 78 66 68 63 67 74 71 81 80 69 79 76 70 86 79 69 80 81 71 74 83 85 101 102 101 85 
8 7 12 17 18 27 18 17 23 29 35 36 40 46 50 52 55 58 60 62 67 74 83 84 82 81 80 69 79 86 70 76 79 69 80 81 82 84 83 85 101 102 101 85 
8 1 2 3 9 17 18 27 18 17 23 29 35 36 40 46 50 52 55 58 60 62 67 74 71 81 80 69 79 76 70 86 79 69 80 81 71 74 83 85 101 102 98 94 87 85 
8 1 2 3 0 4 6 11 14 22 31 32 13 9 17 18 27 18 17 23 29 35 36 40 46 49 56 75 78 66 68 63 67 74 71 81 80 69 79 76 70 76 79 69 80 81 71 74 83 85 101 102 101 85 
8 7 12 17 18 27 18 17 23 29 35 36 40 46 49 56 75 72 73 77 68 63 67 74 71 81 80 69 79 86 70 86 79 69 80 81 82 84 83 85 101 102 98 94 87 85 
8 1 2 3 9 17 18 27 18 17 23 29 35 36 40 46 49 56 75 78 66 68 63 67 74 71 81 80 69 79 86 70 76 79 69 64 59 57 54 65 62 67 74 83 85 101 102 98 94 87 85 
8 1 2 3 0 4 6 11 14 22 31 32 13 9 17 18 27 18 17 23 29 35 36 40 46 49 56 75 72 73 77 68 63 67 74 71 81 80 69 79 86 70 76 79 69 80 81 82 84 83 85 87 94 98 102 98 94 87 85 
8 1 2 3 9 17 18 27 18 17 23 29 35 36 40 46 49 56 75 72 73 77 68 63 67 74 71 81 80 69 79 76 70 86 79 69 80 81 82 84 83 85 87 94 98 102 101 85 
8 1 2 3 9 17 18 27 18 17 23 29 35 36 40 46 50 52 55 58 60 62 67 74 71 81 80 69 79 86 70 76 79 69 80 81 71 74 83 85 87 94 98 102 98 94 87 85 
8 1 2 3 9 17 18 27 18 17 23 29 35 36 40 46 50 52 55 58 60 62 67 74 71 81 80 69 79 86 70 76 79 69 64 59 57 54 65 62 67 74 83 85 101 102 101 85 
---------------
Request id 15
28 19 5 15 20 33 41 40 46 49 56 75 72 73 72 75 56 49 46 40 37 30 21 26 35 29 
28 19 5 15 20 33 41 40 46 49 56 75 78 66 68 77 73 77 68 63 67 74 83 84 82 81 80 69 64 59 57 54 65 62 60 58 55 52 50 46 40 36 35 29 
28 19 5 15 20 33 43 40 46 49 56 75 72 73 77 68 66 78 75 56 49 46 40 36 35 29 
28 40 46 49 56 75 78 66 68 77 73 77 68 63 67 62 60 58 55 52 50 46 40 36 35 29 
28 40 46 49 56 75 72 73 77 68 63 67 74 71 81 80 69 64 59 57 54 65 62 60 58 55 52 50 46 40 36 35 29 
28 19 5 15 20 33 41 40 46 49 56 75 78 66 68 77 73 72 75 56 49 46 40 36 35 29 
28 19 5 15 10 16 24 25 20 33 43 40 46 49 56 75 72 73 77 68 63 67 74 83 84 82 81 80 69 64 59 57 54 65 62 60 58 55 52 50 46 40 36 35 29 
28 40 46 50 52 55 58 60 62 67 63 68 66 78 75 72 73 77 68 63 67 74 83 84 82 81 80 69 64 59 57 54 65 62 60 58 55 52 50 46 40 36 35 29 
28 19 5 15 20 33 43 40 46 49 56 75 72 73 77 68 63 67 74 83 84 82 81 80 69 64 59 57 54 65 62 60 58 55 52 50 46 40 36 35 29 
28 40 46 49 56 75 72 73 77 68 63 67 62 60 58 55 52 50 46 40 37 30 21 26 35 29 
28 19 5 15 10 16 24 25 20 33 41 40 46 49 56 75 72 73 77 68 63 67 62 60 58 55 52 50 46 40 36 35 29 
28 19 5 15 10 16 24 25 20 33 43 40 46 49 56 75 72 73 77 68 66 78 75 56 49 46 40 37 30 21 26 35 29 
28 19 5 15 10 16 24 25 20 33 41 40 46 49 56 75 72 73 77 68 63 67 74 83 84 82 81 80 69 64 59 57 54 65 62 60 58 55 52 50 46 40 36 35 29 
28 40 46 50 52 55 58 60 62 67 63 68 77 73 72 75 56 49 46 40 37 30 21 26 35 29 
28 40 46 50 52 55 58 60 62 67 63 68 77 73 77 68 63 67 74 71 81 80 69 64 59 57 54 65 62 60 58 55 52 50 46 40 36 35 29 
28 40 46 50 52 55 58 60 62 67 63 68 66 78 75 72 73 77 68 66 78 75 56 49 46 40 37 30 21 26 35 29 
28 40 46 49 56 75 78 66 68 77 73 77 68 66 78 75 56 49 46 40 36 35 29 
28 19 5 15 20 33 41 40 46 49 56 75 78 66 68 77 73 77 68 66 78 75 56 49 46 40 36 35 29 
28 40 46 50 52 55 58 60 62 67 63 68 66 78 75 72 73 72 75 78 66 68 63 67 62 60 58 55 52 50 46 40 37 30 21 26 35 29 
28 19 5 15 20 33 43 40 46 49 56 75 78 66 68 77 73 77 68 63 67 74 83 84 82 81 80 69 64 59 57 54 65 62 60 58 55 52 50 46 40 36 35 29 
28 40 46 49 56 75 78 66 68 77 73 72 75 78 66 68 63 67 62 60 58 55 52 50 46 40 36 35 29 
28 19 5 15 20 33 41 40 46 49 56 75 72 73 72 75 78 66 68 63 67 62 60 58 55 52 50 46 40 37 30 21 26 35 29 
28 19 5 15 20 33 43 40 46 49 56 75 78 66 68 77 73 72 75 56 49 46 40 37 30 21 26 35 29 
28 40 46 49 56 75 78 66 68 77 73 77 68 63 67 74 71 81 80 69 64 59 57 54 65 62 60 58 55 52 50 46 40 36 35 29 
28 19 5 15 10 16 24 25 20 33 43 40 46 49 56 75 72 73 72 75 56 49 46 40 37 30 21 26 35 29 
28 19 5 15 20 33 43 40 46 49 56 75 72 73 77 68 63 67 62 60 58 55 52 50 46 40 37 30 21 26 35 29 
28 19 5 15 10 16 24 25 20 33 43 40 46 49 56 75 72 73 77 68 63 67 62 60 58 55 52 50 46 40 36 35 29 
28 19 5 15 20 33 41 40 46 49 56 75 72 73 77 68 63 67 74 71 81 80 69 64 59 57 54 65 62 60 58 55 52 50 46 40 36 35 29 
28 40 46 50 52 55 58 60 62 67 63 68 66 78 75 72 73 72 75 56 49 46 40 36 35 29 
28 40 46 50 52 55 58 60 62 67 63 68 66 78 75 72 73 77 68 66 78 75 56 49 46 40 36 35 29 
---------------
Request id 8
9 17 23 29 35 36 40 46 50 52 55 58 60 62 67 63 68 77 73 72 75 78 66 68 63 67 74 71 81 80 69 64 59 57 54 65 61 
9 17 23 29 35 36 40 46 50 52 55 58 60 62 67 63 68 77 73 77 68 63 67 74 83 84 82 81 80 69 64 59 57 54 53 48 34 45 65 61 
9 17 23 29 35 36 40 46 50 52 55 58 60 62 67 63 68 66 78 75 72 73 72 75 78 66 68 63 67 74 83 84 82 81 80 69 64 59 57 54 65 61 
9 3 2 1 8 7 12 17 23 29 35 36 40 46 49 56 75 78 66 68 77 73 77 68 63 67 74 71 81 80 69 64 59 57 54 65 61 
9 17 23 29 35 36 40 46 49 56 75 72 73 77 68 63 67 62 65 61 
9 17 23 29 35 26 21 30 37 40 46 49 56 75 72 73 77 68 63 67 74 83 84 82 81 80 69 64 59 57 54 65 61 
9 17 23 29 35 36 40 46 50 52 55 58 60 62 67 63 68 77 73 72 75 78 66 68 63 67 74 83 84 82 81 80 69 64 59 57 54 65 61 
9 17 23 29 35 26 21 30 37 40 46 50 52 55 58 60 62 67 63 68 77 73 77 68 63 67 74 83 84 82 81 80 69 64 59 57 54 53 48 34 45 65 61 
9 17 23 29 35 36 40 46 49 56 75 78 66 68 77 73 77 68 63 67 62 65 61 
9 17 23 29 35 26 21 30 37 40 46 50 52 55 58 60 62 67 63 68 77 73 77 68 66 78 75 56 49 46 50 52 55 58 60 62 65 61 
9 17 23 29 35 26 21 30 37 40 46 49 56 75 78 66 68 77 73 77 68 63 67 74 83 84 82 81 80 69 64 59 57 54 53 48 34 45 65 61 
9 17 23 29 35 26 21 30 37 40 46 50 52 55 58 60 62 67 63 68 77 73 77 68 63 67 74 83 84 82 81 80 69 64 59 57 54 65 61 
9 17 23 29 35 36 40 46 50 52 55 58 60 62 67 63 68 77 73 77 68 63 67 74 71 81 80 69 64 59 57 54 53 48 34 45 65 61 
9 17 23 29 35 26 21 30 37 40 46 50 52 55 58 60 62 67 63 68 77 73 72 75 78 66 68 63 67 74 71 81 80 69 64 59 57 54 65 61 
9 3 2 1 8 7 12 17 23 29 35 36 40 46 49 56 75 78 66 68 77 73 77 68 63 67 74 83 84 82 81 80 69 64 59 57 54 53 48 34 45 65 61 
9 3 2 1 8 7 12 17 23 29 35 36 40 46 49 56 75 78 66 68 77 73 77 68 63 67 74 83 84 82 81 80 69 64 59 57 54 65 61 
9 17 23 29 35 36 40 46 50 52 55 58 60 62 67 63 68 66 78 75 72 73 77 68 63 67 62 65 61 
9 17 23 29 35 36 40 46 49 56 75 78 66 68 77 73 72 75 78 66 68 63 67 74 71 81 80 69 64 59 57 54 65 61 
9 17 23 29 35 26 21 30 37 40 46 50 52 55 58 60 62 67 63 68 77 73 77 68 63 67 74 71 81 80 69 64 59 57 54 65 61 
9 17 23 29 35 36 40 46 49 56 75 72 73 72 75 78 66 68 63 67 62 65 61 
9 17 23 29 35 36 40 46 50 52 55 58 60 62 67 63 68 66 78 75 72 73 77 68 63 67 74 83 84 82 81 80 69 64 59 57 54 65 61 
9 3 2 1 8 7 12 17 23 29 35 36 40 46 49 56 75 78 66 68 77 73 72 75 78 66 68 63 67 74 83 84 82 81 80 69 64 59 57 54 65 61 
9 17 23 29 35 36 40 46 49 56 75 72 73 77 68 66 78 75 56 49 46 50 52 55 58 60 62 65 61 
9 3 2 1 8 7 12 17 23 29 35 26 21 30 37 40 46 49 56 75 72 73 72 75 78 66 68 63 67 74 83 84 82 81 80 69 64 59 57 54 65 61 
9 17 23 29 35 36 40 46 49 56 75 78 66 68 77 73 77 68 66 78 75 56 49 46 50 52 55 58 60 62 65 61 
9 3 2 1 8 7 12 17 23 29 35 36 40 46 49 56 75 78 66 68 77 73 77 68 66 78 75 56 49 46 50 52 55 58 60 62 65 61 
9 17 23 29 35 36 40 46 50 52 55 58 60 62 67 63 68 77 73 72 75 78 66 68 63 67 62 65 61 
9 3 2 1 8 7 12 17 23 29 35 36 40 46 49 56 75 72 73 77 68 63 67 74 71 81 80 69 64 59 57 54 53 48 34 45 65 61 
9 3 2 1 8 7 12 17 23 29 35 36 40 46 49 56 75 78 66 68 77 73 72 75 56 49 46 50 52 55 58 60 62 65 61 
9 17 23 29 35 36 40 46 49 56 75 72 73 77 68 63 67 74 71 81 80 69 64 59 57 54 53 48 34 45 65 61 
---------------
Request id 20
41 33 43 40 46 50 52 55 58 60 62 67 63 68 77 73 72 75 91 75 56 49 46 50 52 55 58 60 62 65 45 34 48 53 54 57 59 64 69 80 81 82 84 83 74 67 63 68 66 78 75 72 73 77 68 63 67 62 65 54 53 48 
41 40 46 50 52 55 58 60 62 67 63 68 77 73 72 75 91 75 56 49 46 50 52 55 58 60 62 65 54 57 59 64 69 80 81 71 74 67 63 68 66 78 75 56 49 46 50 52 55 58 60 62 65 45 34 48 
41 33 20 15 5 19 28 40 46 49 56 75 91 75 78 66 68 63 67 74 71 81 80 69 64 59 57 54 65 45 34 48 
41 40 46 50 52 55 58 60 62 67 63 68 66 78 75 91 75 78 66 68 63 67 62 65 54 53 48 
41 33 20 15 5 19 28 40 46 50 52 55 58 60 62 67 63 68 66 78 75 91 75 56 49 46 50 52 55 58 60 62 65 45 34 48 53 54 57 59 64 69 80 81 71 74 67 63 68 66 78 66 68 63 67 74 83 84 82 81 80 69 64 59 57 54 53 48 
41 33 20 15 5 19 28 40 46 50 52 55 58 60 62 67 63 68 77 73 72 75 91 75 72 73 77 68 66 78 75 72 73 77 68 63 67 62 65 45 34 48 
41 33 20 25 24 16 10 15 5 19 28 40 46 49 56 75 91 75 72 73 77 68 66 78 75 72 73 77 68 63 67 62 65 54 53 48 
41 33 43 40 46 49 56 75 91 75 56 49 46 50 52 55 58 60 62 65 45 34 48 53 54 57 59 64 69 80 81 71 74 67 63 68 66 78 66 68 63 67 74 71 81 80 69 64 59 57 54 65 45 34 48 
41 40 46 50 52 55 58 60 62 67 63 68 77 73 72 75 91 75 78 75 56 49 46 50 52 55 58 60 62 65 54 53 48 
41 33 20 15 5 19 28 40 46 50 52 55 58 60 62 67 63 68 66 78 75 91 75 56 49 46 50 52 55 58 60 62 65 54 57 59 64 69 80 81 71 74 67 63 68 66 78 75 72 73 77 68 63 67 62 65 45 34 48 
41 40 46 50 52 55 58 60 62 67 63 68 77 73 72 75 91 75 56 49 46 50 52 55 58 60 62 65 54 57 59 64 69 80 81 82 84 83 74 67 63 68 66 78 75 56 49 46 50 52 55 58 60 62 65 45 34 48 
41 40 46 49 56 75 91 75 72 73 77 68 66 78 66 68 63 67 62 65 45 34 48 
41 33 20 15 5 19 28 40 46 49 56 75 91 75 56 49 46 50 52 55 58 60 62 67 63 68 66 78 66 68 63 67 74 71 81 80 69 64 59 57 54 53 48 
41 33 20 15 5 19 28 40 46 49 56 75 91 75 78 75 72 73 77 68 63 67 62 65 54 53 48 
41 33 20 15 5 19 28 40 46 49 56 75 91 75 56 49 46 50 52 55 58 60 62 65 54 57 59 64 69 80 81 82 84 83 74 67 63 68 66 78 66 68 63 67 74 83 84 82 81 80 69 64 59 57 54 53 48 
41 33 43 40 46 49 56 75 91 75 56 49 46 50 52 55 58 60 62 67 63 68 66 78 75 72 73 77 68 63 67 62 65 54 53 48 
41 33 20 25 24 16 10 15 5 19 28 40 46 49 56 75 91 75 56 49 46 50 52 55 58 60 62 65 54 57 59 64 69 80 81 82 84 83 74 67 63 68 66 78 66 68 63 67 62 65 54 53 48 
41 33 20 15 5 19 28 40 46 50 52 55 58 60 62 67 63 68 66 78 75 91 75 56 49 46 50 52 55 58 60 62 65 54 57 59 64 69 80 81 71 74 67 63 68 66 78 66 68 63 67 74 83 84 82 81 80 69 64 59 57 54 53 48 
41 33 20 25 24 16 10 15 5 19 28 40 46 49 56 75 91 75 56 49 46 50 52 55 58 60 62 67 63 68 66 78 66 68 63 67 62 65 45 34 48 
41 33 43 40 46 49 56 75 91 75 56 49 46 50 52 55 58 60 62 65 45 34 48 53 54 57 59 64 69 80 81 82 84 83 74 67 63 68 66 78 75 72 73 77 68 63 67 74 71 81 80 69 64 59 57 54 53 48 
41 33 20 25 24 16 10 15 5 19 28 40 46 49 56 75 91 75 78 66 68 63 67 74 71 81 80 69 64 59 57 54 53 48 
41 40 46 50 52 55 58 60 62 67 63 68 66 78 75 91 75 56 49 46 50 52 55 58 60 62 65 54 57 59 64 69 80 81 82 84 83 74 67 63 68 66 78 66 68 63 67 74 71 81 80 69 64 59 57 54 65 45 34 48 
41 40 46 50 52 55 58 60 62 67 63 68 77 73 72 75 91 75 56 49 46 50 52 55 58 60 62 65 54 57 59 64 69 80 81 82 84 83 74 67 63 68 66 78 75 72 73 77 68 63 67 62 65 54 53 48 
41 40 46 50 52 55 58 60 62 67 63 68 77 73 72 75 91 75 56 49 46 50 52 55 58 60 62 65 45 34 48 53 54 57 59 64 69 80 81 82 84 83 74 67 63 68 66 78 75 56 49 46 50 52 55 58 60 62 65 54 53 48 
41 33 20 15 5 19 28 40 46 50 52 55 58 60 62 67 63 68 66 78 75 91 75 56 49 46 50 52 55 58 60 62 65 45 34 48 53 54 57 59 64 69 80 81 82 84 83 74 67 63 68 66 78 66 68 63 67 74 83 84 82 81 80 69 64 59 57 54 53 48 
41 33 20 25 24 16 10 15 5 19 28 40 46 49 56 75 91 75 72 73 77 68 66 78 66 68 63 67 74 83 84 82 81 80 69 64 59 57 54 53 48 
41 33 43 40 46 50 52 55 58 60 62 67 63 68 66 78 75 91 75 56 49 46 50 52 55 58 60 62 67 63 68 66 78 75 56 49 46 50 52 55 58 60 62 65 54 53 48 
41 33 20 25 24 16 10 15 5 19 28 40 46 49 56 75 91 75 56 49 46 50 52 55 58 60 62 67 63 68 66 78 66 68 63 67 74 71 81 80 69 64 59 57 54 53 48 
41 40 46 49 56 75 91 75 56 49 46 50 52 55 58 60 62 65 54 57 59 64 69 80 81 71 74 67 63 68 66 78 75 56 49 46 50 52 55 58 60 62 65 45 34 48 
41 33 43 40 46 50 52 55 58 60 62 67 63 68 77 73 72 75 91 75 56 49 46 50 52 55 58 60 62 67 63 68 66 78 75 56 49 46 50 52 55 58 60 62 65 45 34 48 
---------------
Request id 1
7 8 1 2 3 0 4 6 11 14 22 31 32 13 9 17 23 29 38 29 35 26 21 30 37 40 46 50 52 55 58 60 62 67 63 68 77 73 72 75 56 49 42 49 46 50 52 55 58 60 62 65 45 34 48 53 54 57 59 64 69 80 81 71 74 67 63 68 66 68 63 67 62 65 54 57 
7 8 1 2 3 0 4 6 11 14 22 31 32 13 9 17 23 29 38 29 35 36 40 46 50 52 55 58 60 62 67 63 68 77 73 72 75 56 49 42 49 46 50 52 55 58 60 62 65 54 57 59 64 69 80 81 82 84 83 74 67 63 68 66 68 77 73 72 75 56 49 46 50 52 55 58 60 62 65 54 57 
7 8 1 2 3 9 17 23 29 38 29 35 36 40 46 50 52 55 58 60 62 65 54 57 59 64 69 80 81 71 74 67 63 68 66 78 75 56 49 42 49 46 50 52 55 58 60 62 65 54 57 59 64 69 80 81 71 74 67 63 68 77 73 72 75 78 66 68 77 73 72 75 56 49 46 50 52 55 58 60 62 65 54 57 
7 8 1 2 3 9 17 23 29 38 29 35 36 40 46 50 52 55 58 60 62 65 54 57 59 64 69 80 81 71 74 67 63 68 77 73 72 75 56 49 42 49 46 50 52 55 58 60 62 65 54 57 59 64 69 80 81 82 84 83 74 67 63 68 66 78 75 72 73 77 68 63 67 62 65 54 57 
7 8 1 2 3 0 4 6 11 14 22 31 32 13 9 17 23 29 38 29 35 26 21 30 37 40 46 50 52 55 58 60 62 67 63 68 66 78 75 56 49 42 49 46 50 52 55 58 60 62 65 54 57 59 64 69 80 81 82 84 83 74 67 63 68 77 73 72 75 78 66 78 75 72 73 77 68 63 67 62 65 54 57 
7 12 17 23 29 38 29 35 36 40 46 50 52 55 58 60 62 65 54 57 59 64 69 80 81 82 84 83 74 67 63 68 77 73 72 75 56 49 42 49 46 50 52 55 58 60 62 65 45 34 48 53 54 57 59 64 69 80 81 71 74 67 63 68 66 68 63 67 74 83 84 82 81 80 69 64 59 57 
7 12 17 23 29 38 29 35 26 21 30 37 40 46 50 52 55 58 60 62 67 63 68 77 73 72 75 56 49 42 49 46 50 52 55 58 60 62 67 63 68 66 78 75 72 73 77 68 63 67 74 71 81 80 69 64 59 57 
7 8 1 2 3 9 17 23 29 38 29 35 36 40 46 49 42 49 46 50 52 55 58 60 62 65 45 34 48 53 54 57 59 64 69 80 81 82 84 83 74 67 63 68 66 68 63 67 62 65 54 57 
7 12 17 23 29 38 29 35 36 40 46 50 52 55 58 60 62 67 63 68 66 78 75 56 49 42 49 46 50 52 55 58 60 62 65 54 57 59 64 69 80 81 71 74 67 63 68 66 68 63 67 74 71 81 80 69 64 59 57 
7 8 1 2 3 9 17 23 29 38 29 35 36 40 46 50 52 55 58 60 62 65 54 57 59 64 69 80 81 82 84 83 74 67 63 68 77 73 72 75 56 49 42 49 46 50 52 55 58 60 62 67 63 68 77 73 72 75 78 66 78 75 72 73 77 68 63 67 74 71 81 80 69 64 59 57 
7 8 1 2 3 9 17 23 29 38 29 35 36 40 46 50 52 55 58 60 62 67 63 68 77 73 72 75 56 49 42 49 46 50 52 55 58 60 62 65 54 57 59 64 69 80 81 71 74 67 63 68 77 73 72 75 78 66 78 75 56 49 46 50 52 55 58 60 62 65 54 57 
7 8 1 2 3 9 17 23 29 38 29 35 36 40 46 50 52 55 58 60 62 65 54 57 59 64 69 80 81 82 84 83 74 67 63 68 66 78 75 56 49 42 49 46 50 52 55 58 60 62 67 63 68 66 68 63 67 62 65 45 34 48 53 54 57 
7 12 17 23 29 38 29 35 36 40 46 49 42 49 46 50 52 55 58 60 62 65 45 34 48 53 54 57 59 64 69 80 81 82 84 83 74 67 63 68 66 68 63 67 74 71 81 80 69 64 59 57 
7 12 17 23 29 38 29 35 26 21 30 37 40 46 50 52 55 58 60 62 67 63 68 77 73 72 75 56 49 42 49 56 75 72 73 77 68 66 68 63 67 62 65 54 57 
7 8 1 2 3 0 4 6 11 14 22 31 32 13 9 17 23 29 38 29 35 36 40 46 49 42 49 46 50 52 55 58 60 62 67 63 68 66 68 63 67 74 83 84 82 81 80 69 64 59 57 
7 8 1 2 3 9 17 23 29 38 29 35 36 40 46 50 52 55 58 60 62 65 54 57 59 64 69 80 81 82 84 83 74 67 63 68 66 78 75 56 49 42 49 46 50 52 55 58 60 62 65 45 34 48 53 54 57 59 64 69 80 81 82 84 83 74 67 63 68 66 78 75 56 49 46 50 52 55 58 60 62 65 54 57 
7 8 1 2 3 0 4 6 11 14 22 31 32 13 9 17 23 29 38 29 35 36 40 46 50 52 55 58 60 62 65 54 57 59 64 69 80 81 71 74 67 63 68 77 73 72 75 56 49 42 49 46 50 52 55 58 60 62 65 54 57 59 64 69 80 81 71 74 67 63 68 66 68 63 67 74 71 81 80 69 64 59 57 
7 8 1 2 3 0 4 6 11 14 22 31 32 13 9 17 23 29 38 29 35 36 40 46 50 52 55 58 60 62 65 54 57 59 64 69 80 81 82 84 83 74 67 63 68 77 73 72 75 56 49 42 49 56 75 72 73 77 68 66 68 63 67 62 65 54 57 
7 8 1 2 3 0 4 6 11 14 22 31 32 13 9 17 23 29 38 29 35 36 40 46 50 52 55 58 60 62 67 63 68 66 78 75 56 49 42 49 46 50 52 55 58 60 62 65 45 34 48 53 54 57 59 64 69 80 81 71 74 67 63 68 66 78 75 72 73 77 68 63 67 62 65 54 57 
7 8 1 2 3 0 4 6 11 14 22 31 32 13 9 17 23 29 38 29 35 36 40 46 50 52 55 58 60 62 65 54 57 59 64 69 80 81 82 84 83 74 67 63 68 66 78 75 56 49 42 49 46 50 52 55 58 60 62 65 54 57 59 64 69 80 81 82 84 83 74 67 63 68 66 68 63 67 62 65 45 34 48 53 54 57 
7 8 1 2 3 0 4 6 11 14 22 31 32 13 9 17 23 29 38 29 35 36 40 46 50 52 55 58 60 62 67 63 68 66 78 75 56 49 42 49 46 50 52 55 58 60 62 65 45 34 48 53 54 57 59 64 69 80 81 71 74 67 63 68 66 68 63 67 74 83 84 82 81 80 69 64 59 57 
7 8 1 2 3 9 17 23 29 38 29 35 36 40 46 50 52 55 58 60 62 67 63 68 66 78 75 56 49 42 49 46 50 52 55 58 60 62 65 54 57 59 64 69 80 81 82 84 83 74 67 63 68 66 78 75 72 73 77 68 63 67 74 83 84 82 81 80 69 64 59 57 
7 8 1 2 3 9 17 23 29 38 29 35 36 40 46 49 42 49 56 75 72 73 77 68 66 78 75 72 73 77 68 63 67 74 71 81 80 69 64 59 57 
7 8 1 2 3 0 4 6 11 14 22 31 32 13 9 17 23 29 38 29 35 36 40 46 49 42 49 56 75 72 73 77 68 66 78 75 72 73 77 68 63 67 74 71 81 80 69 64 59 57 
7 8 1 2 3 9 17 23 29 38 29 35 26 21 30 37 40 46 50 52 55 58 60 62 67 63 68 66 78 75 56 49 42 49 46 50 52 55 58 60 62 65 45 34 48 53 54 57 59 64 69 80 81 71 74 67 63 68 66 68 63 67 62 65 54 57 
7 12 17 23 29 38 29 35 26 21 30 37 40 46 50 52 55 58 60 62 67 63 68 77 73 72 75 56 49 42 49 46 50 52 55 58 60 62 65 45 34 48 53 54 57 59 64 69 80 81 82 84 83 74 67 63 68 66 68 77 73 72 75 56 49 46 50 52 55 58 60 62 65 54 57 
7 12 17 23 29 38 29 35 36 40 46 50 52 55 58 60 62 65 54 57 59 64 69 80 81 71 74 67 63 68 77 73 72 75 56 49 42 49 46 50 52 55 58 60 62 65 54 57 59 64 69 80 81 82 84 83 74 67 63 68 66 68 63 67 62 65 45 34 48 53 54 57 
7 8 1 2 3 0 4 6 11 14 22 31 32 13 9 17 23 29 38 29 35 36 40 46 50 52 55 58 60 62 67 63 68 66 78 75 56 49 42 49 46 50 52 55 58 60 62 67 63 68 77 73 72 75 78 66 78 75 56 49 46 50 52 55 58 60 62 65 54 57 
7 8 1 2 3 0 4 6 11 14 22 31 32 13 9 17 23 29 38 29 35 36 40 46 50 52 55 58 60 62 67 63 68 66 78 75 56 49 42 49 56 75 72 73 77 68 66 68 63 67 74 71 81 80 69 64 59 57 
7 12 17 23 29 38 29 35 36 40 46 50 52 55 58 60 62 65 54 57 59 64 69 80 81 71 74 67 63 68 77 73 72 75 56 49 42 49 46 50 52 55 58 60 62 65 54 57 59 64 69 80 81 82 84 83 74 67 63 68 77 73 72 75 78 66 78 75 72 73 77 68 63 67 62 65 45 34 48 53 54 57 
---------------
Request id 10
62 65 45 34 48 53 54 57 59 64 69 80 81 71 74 67 63 68 66 78 75 56 49 46 50 52 55 58 60 62 65 54 57 59 64 69 80 69 64 59 57 54 65 62 60 58 55 52 50 46 40 36 35 29 23 17 12 7 8 1 2 
62 67 63 68 66 68 63 67 62 65 45 34 48 53 54 57 59 64 69 80 81 71 74 67 62 60 58 55 52 50 46 40 37 30 21 26 35 29 23 17 9 3 2 
62 65 45 34 48 53 54 57 59 64 69 80 81 71 74 67 63 68 66 78 75 56 49 46 50 52 55 58 60 62 67 74 71 81 80 81 71 74 67 62 60 58 55 52 50 46 40 36 35 29 23 17 12 7 8 1 2 
62 65 54 57 59 64 69 80 81 82 84 83 74 67 63 68 77 73 72 75 78 66 78 75 72 73 77 68 63 67 74 71 81 80 81 82 84 83 74 67 62 60 58 55 52 50 46 40 36 35 29 23 17 9 3 2 
62 67 63 68 66 78 75 56 49 46 50 52 55 58 60 62 67 74 71 81 80 81 71 74 67 62 60 58 55 52 50 46 40 37 30 21 26 35 29 23 17 9 3 2 
62 60 58 55 52 50 46 49 56 75 72 73 77 68 66 68 63 67 62 65 54 57 59 64 69 80 69 64 59 57 54 65 62 60 58 55 52 50 46 40 36 35 29 23 17 12 7 8 1 2 
62 67 63 68 77 73 72 75 78 66 78 75 56 49 46 50 52 55 58 60 62 67 74 71 81 80 81 82 84 83 74 67 63 68 66 78 75 56 49 46 40 36 35 29 23 17 9 3 2 
62 67 63 68 77 73 72 75 78 66 78 75 56 49 46 50 52 55 58 60 62 67 74 71 81 80 81 71 74 67 62 60 58 55 52 50 46 40 36 35 29 23 17 12 7 8 1 2 
62 67 63 68 77 73 72 75 78 66 78 75 72 73 77 68 63 67 74 83 84 82 81 80 81 71 74 67 62 60 58 55 52 50 46 40 36 35 29 23 17 9 3 2 
62 65 54 57 59 64 69 80 81 71 74 67 63 68 77 73 72 75 78 66 68 63 67 62 65 45 34 48 53 54 57 59 64 69 80 81 71 74 67 62 60 58 55 52 50 46 40 36 35 29 23 17 9 3 2 
62 65 45 34 48 53 54 57 59 64 69 80 81 82 84 83 74 67 63 68 66 68 63 67 62 65 45 34 48 53 54 57 59 64 69 80 81 71 74 67 62 60 58 55 52 50 46 40 36 35 29 23 17 9 3 2 
62 65 45 34 48 53 54 57 59 64 69 80 81 71 74 67 63 68 66 78 75 56 49 46 50 52 55 58 60 62 67 74 71 81 80 81 71 74 67 63 68 77 73 72 75 56 49 46 40 36 35 29 23 17 9 3 2 
62 65 54 57 59 64 69 80 81 71 74 67 63 68 77 73 72 75 78 66 68 63 67 62 65 45 34 48 53 54 57 59 64 69 80 69 64 59 57 54 65 62 60 58 55 52 50 46 40 36 35 29 23 17 9 3 2 
62 60 58 55 52 50 46 49 56 75 78 66 68 63 67 74 83 84 82 81 80 69 64 59 57 54 65 62 60 58 55 52 50 46 40 36 35 29 23 17 9 3 2 
62 60 58 55 52 50 46 49 56 75 78 66 78 75 72 73 77 68 63 67 74 83 84 82 81 80 81 82 84 83 74 67 62 60 58 55 52 50 46 40 36 35 29 23 17 9 3 2 
62 65 54 57 59 64 69 80 81 71 74 67 63 68 66 78 75 72 73 77 68 63 67 74 71 81 80 81 71 74 67 62 60 58 55 52 50 46 40 36 35 29 23 17 9 3 2 
62 65 45 34 48 53 54 57 59 64 69 80 81 82 84 83 74 67 63 68 66 68 63 67 74 71 81 80 81 71 74 67 62 60 58 55 52 50 46 40 36 35 29 23 17 9 3 2 
62 65 54 57 59 64 69 80 81 71 74 67 63 68 77 73 72 75 78 66 68 63 67 62 65 45 34 48 53 54 57 59 64 69 80 81 71 74 67 62 60 58 55 52 50 46 40 36 35 29 23 17 12 7 8 1 2 
62 65 45 34 48 53 54 57 59 64 69 80 81 82 84 83 74 67 63 68 66 78 75 56 49 46 50 52 55 58 60 62 67 74 83 84 82 81 80 69 64 59 57 54 65 62 60 58 55 52 50 46 40 36 35 29 23 17 12 7 8 1 2 
62 60 58 55 52 50 46 49 56 75 72 73 77 68 66 68 63 67 74 71 81 80 81 71 74 67 62 60 58 55 52 50 46 40 36 35 29 23 17 12 7 8 1 2 
62 65 54 57 59 64 69 80 81 71 74 67 63 68 66 78 75 72 73 77 68 63 67 74 83 84 82 81 80 81 71 74 67 63 68 77 73 72 75 56 49 46 40 36 35 29 23 17 9 3 2 
62 60 58 55 52 50 46 49 56 75 78 66 68 63 67 62 65 45 34 48 53 54 57 59 64 69 80 81 71 74 67 63 68 66 78 75 56 49 46 40 36 35 29 23 17 9 3 2 
62 65 54 57 59 64 69 80 81 71 74 67 63 68 77 73 72 75 78 66 78 75 72 73 77 68 63 67 74 83 84 82 81 80 69 64 59 57 54 65 62 60 58 55 52 50 46 40 36 35 29 23 17 12 7 8 1 2 
62 67 63 68 77 73 72 75 78 66 68 63 67 62 65 45 34 48 53 54 57 59 64 69 80 81 71 74 67 62 60 58 55 52 50 46 40 36 35 29 23 17 12 7 8 1 2 
62 67 63 68 77 73 72 75 78 66 78 75 56 49 46 50 52 55 58 60 62 65 54 57 59 64 69 80 81 71 74 67 63 68 66 78 75 56 49 46 40 36 35 29 23 17 12 7 8 1 2 
62 67 63 68 77 73 72 75 78 66 68 63 67 62 65 45 34 48 53 54 57 59 64 69 80 81 71 74 67 63 68 77 73 72 75 56 49 46 40 36 35 29 23 17 9 3 2 
62 65 54 57 59 64 69 80 81 71 74 67 63 68 77 73 72 75 78 66 78 75 56 49 46 50 52 55 58 60 62 67 74 83 84 82 81 80 69 64 59 57 54 65 62 60 58 55 52 50 46 40 36 35 29 23 17 9 3 2 
62 65 54 57 59 64 69 80 81 71 74 67 63 68 66 68 63 67 62 65 45 34 48 53 54 57 59 64 69 80 81 71 74 67 62 60 58 55 52 50 46 40 36 35 29 23 17 9 3 2 
62 65 54 57 59 64 69 80 81 71 74 67 63 68 77 73 72 75 78 66 78 75 56 49 46 50 52 55 58 60 62 67 74 71 81 80 81 71 74 67 63 68 77 73 72 75 56 49 46 40 36 35 29 23 17 9 3 2 
62 67 63 68 66 68 63 67 74 71 81 80 81 71 74 67 62 60 58 55 52 50 46 40 36 35 29 23 17 12 7 8 1 2 
---------------
Request id 4
46 49 56 75 78 66 68 63 67 74 71 81 80 69 64 59 57 54 65 61 51 61 
46 50 52 55 58 60 62 65 61 51 61 
46 49 56 75 78 66 68 63 67 62 65 61 51 61 
46 50 52 55 58 60 62 67 74 71 81 80 69 64 59 57 54 53 48 34 45 65 61 51 61 
46 49 56 75 72 73 77 68 63 67 74 71 81 80 69 64 59 57 54 65 61 51 61 
46 50 52 55 58 60 62 67 74 83 84 82 81 80 69 64 59 57 54 65 61 51 61 
46 49 56 75 78 66 68 63 67 74 83 84 82 81 80 69 64 59 57 54 65 61 51 61 
46 49 56 75 72 73 77 68 63 67 74 83 84 82 81 80 69 64 59 57 54 65 61 51 61 
46 49 56 75 72 73 77 68 63 67 62 65 61 51 61 
46 50 52 55 58 60 62 67 74 71 81 80 69 64 59 57 54 65 61 51 61 
---------------
Request id 14
55 58 60 62 67 74 71 81 80 69 64 59 57 54 53 48 34 45 65 61 
55 52 50 46 49 56 75 78 66 68 63 67 62 65 54 57 59 64 69 80 81 71 74 67 63 68 77 73 72 75 56 49 46 50 52 55 58 60 62 65 61 
55 52 50 46 49 56 75 78 66 68 63 67 74 71 81 80 81 82 84 83 74 67 62 65 61 
55 52 50 46 49 56 75 78 66 68 63 67 74 71 81 80 69 64 59 57 54 65 61 
55 52 50 46 49 56 75 72 73 77 68 63 67 74 71 81 80 81 71 74 67 63 68 77 73 72 75 56 49 46 50 52 55 58 60 62 65 61 
55 52 50 46 49 56 75 78 66 68 63 67 74 71 81 80 81 71 74 67 63 68 77 73 72 75 56 49 46 50 52 55 58 60 62 65 61 
55 58 60 62 65 45 34 48 53 54 57 59 64 69 80 69 64 59 57 54 65 61 
55 58 60 62 67 74 71 81 80 81 71 74 67 62 65 61 
55 52 50 46 49 56 75 72 73 77 68 63 67 74 83 84 82 81 80 81 71 74 67 62 65 61 
55 52 50 46 49 56 75 72 73 77 68 63 67 74 83 84 82 81 80 81 82 84 83 74 67 62 65 61 
55 52 50 46 49 56 75 72 73 77 68 63 67 62 65 54 57 59 64 69 80 69 64 59 57 54 53 48 34 45 65 61 
55 52 50 46 49 56 75 78 66 68 63 67 74 83 84 82 81 80 81 82 84 83 74 67 63 68 77 73 72 75 56 49 46 50 52 55 58 60 62 65 61 
55 58 60 62 65 45 34 48 53 54 57 59 64 69 80 81 82 84 83 74 67 63 68 66 78 75 56 49 46 50 52 55 58 60 62 65 61 
55 52 50 46 49 56 75 72 73 77 68 63 67 62 65 54 57 59 64 69 80 69 64 59 57 54 65 61 
55 58 60 62 65 45 34 48 53 54 57 59 64 69 80 69 64 59 57 54 53 48 34 45 65 61 
55 52 50 46 49 56 75 72 73 77 68 63 67 74 83 84 82 81 80 69 64 59 57 54 65 61 
55 52 50 46 49 56 75 78 66 68 63 67 62 65 54 57 59 64 69 80 81 71 74 67 63 68 66 78 75 56 49 46 50 52 55 58 60 62 65 61 
55 58 60 62 67 74 71 81 80 81 82 84 83 74 67 63 68 77 73 72 75 56 49 46 50 52 55 58 60 62 65 61 
55 58 60 62 65 54 57 59 64 69 80 81 71 74 67 63 68 66 78 75 56 49 46 50 52 55 58 60 62 65 61 
55 52 50 46 49 56 75 78 66 68 63 67 74 71 81 80 69 64 59 57 54 53 48 34 45 65 61 
55 52 50 46 49 56 75 72 73 77 68 63 67 74 83 84 82 81 80 81 82 84 83 74 67 63 68 77 73 72 75 56 49 46 50 52 55 58 60 62 65 61 
55 52 50 46 49 56 75 78 66 68 63 67 62 65 54 57 59 64 69 80 69 64 59 57 54 65 61 
55 58 60 62 65 45 34 48 53 54 57 59 64 69 80 81 71 74 67 62 65 61 
55 52 50 46 49 56 75 72 73 77 68 63 67 74 83 84 82 81 80 69 64 59 57 54 53 48 34 45 65 61 
55 52 50 46 49 56 75 78 66 68 63 67 74 83 84 82 81 80 81 71 74 67 63 68 77 73 72 75 56 49 46 50 52 55 58 60 62 65 61 
55 52 50 46 49 56 75 78 66 68 63 67 74 83 84 82 81 80 81 71 74 67 62 65 61 
55 58 60 62 67 74 71 81 80 81 82 84 83 74 67 63 68 66 78 75 56 49 46 50 52 55 58 60 62 65 61 
55 58 60 62 67 74 83 84 82 81 80 81 71 74 67 62 65 61 
55 52 50 46 49 56 75 78 66 68 63 67 74 71 81 80 81 71 74 67 63 68 66 78 75 56 49 46 50 52 55 58 60 62 65 61 
55 52 50 46 49 56 75 72 73 77 68 63 67 74 71 81 80 81 82 84 83 74 67 62 65 61 
---------------
Request id 9
75 78 75 56 49 46 50 52 55 58 60 62 65 45 34 48 53 54 57 59 64 69 80 81 71 74 67 63 68 77 73 72 75 78 66 68 63 67 62 60 58 55 52 50 46 40 37 30 
75 72 73 77 68 66 78 75 56 49 46 50 52 55 58 60 62 67 63 68 77 68 63 67 62 60 58 55 52 50 46 40 37 30 
75 56 49 46 50 52 55 58 60 62 65 45 34 48 53 54 57 59 64 69 80 81 82 84 83 74 67 63 68 66 78 66 68 63 67 74 71 81 80 69 64 59 57 54 65 62 60 58 55 52 50 46 49 56 75 72 73 77 68 63 67 62 60 58 55 52 50 46 40 36 35 26 21 30 
75 78 66 68 63 67 74 83 84 82 81 80 69 64 59 57 54 65 62 60 58 55 52 50 46 49 56 75 72 73 77 68 63 67 62 60 58 55 52 50 46 40 36 35 26 21 30 
75 56 49 46 50 52 55 58 60 62 65 54 57 59 64 69 80 81 82 84 83 74 67 63 68 66 78 75 72 73 77 73 72 75 56 49 46 40 37 30 
75 56 49 46 50 52 55 58 60 62 65 54 57 59 64 69 80 81 71 74 67 63 68 66 78 66 68 63 67 74 71 81 80 69 64 59 57 54 65 62 60 58 55 52 50 46 49 56 75 72 73 77 68 66 78 75 56 49 46 40 37 30 
75 56 49 46 50 52 55 58 60 62 65 45 34 48 53 54 57 59 64 69 80 81 71 74 67 63 68 66 78 75 56 49 46 50 52 55 58 60 62 67 63 68 77 68 63 67 74 71 81 80 69 64 59 57 54 65 62 60 58 55 52 50 46 40 37 30 
75 56 49 46 50 52 55 58 60 62 65 54 57 59 64 69 80 81 71 74 67 63 68 66 78 75 56 49 46 50 52 55 58 60 62 65 45 34 48 53 54 57 59 64 69 80 81 71 74 67 63 68 77 73 72 75 78 66 68 63 67 62 60 58 55 52 50 46 40 37 30 
75 56 49 46 50 52 55 58 60 62 65 54 57 59 64 69 80 81 82 84 83 74 67 63 68 66 78 75 56 49 46 50 52 55 58 60 62 65 54 57 59 64 69 80 81 71 74 67 63 68 77 73 72 75 56 49 46 40 37 30 
75 56 49 46 50 52 55 58 60 62 65 45 34 48 53 54 57 59 64 69 80 81 71 74 67 63 68 66 78 66 68 63 67 74 83 84 82 81 80 69 64 59 57 54 65 62 60 58 55 52 50 46 49 56 75 72 73 77 68 63 67 74 83 84 82 81 80 69 64 59 57 54 65 62 60 58 55 52 50 46 40 37 30 
75 78 66 68 63 67 74 83 84 82 81 80 69 64 59 57 54 65 62 60 58 55 52 50 46 49 56 75 72 73 77 73 72 75 78 66 68 63 67 62 60 58 55 52 50 46 40 37 30 
75 56 49 46 50 52 55 58 60 62 65 45 34 48 53 54 57 59 64 69 80 81 82 84 83 74 67 63 68 66 78 75 56 49 46 50 52 55 58 60 62 67 63 68 77 68 66 78 75 56 49 46 40 37 30 
75 56 49 46 50 52 55 58 60 62 65 45 34 48 53 54 57 59 64 69 80 81 71 74 67 63 68 66 78 75 56 49 46 50 52 55 58 60 62 67 63 68 77 68 66 78 75 56 49 46 40 37 30 
75 72 73 77 68 66 78 66 68 77 73 72 75 78 66 68 63 67 62 60 58 55 52 50 46 40 36 35 26 21 30 
75 56 49 46 50 52 55 58 60 62 65 54 57 59 64 69 80 81 82 84 83 74 67 63 68 66 78 66 68 63 67 74 71 81 80 69 64 59 57 54 65 62 60 58 55 52 50 46 49 56 75 72 73 77 68 63 67 62 60 58 55 52 50 46 40 37 30 
75 56 49 46 50 52 55 58 60 62 65 45 34 48 53 54 57 59 64 69 80 81 71 74 67 63 68 66 78 75 56 49 46 50 52 55 58 60 62 65 54 57 59 64 69 80 81 71 74 67 63 68 77 73 72 75 78 66 68 63 67 62 60 58 55 52 50 46 40 37 30 
75 56 49 46 50 52 55 58 60 62 65 45 34 48 53 54 57 59 64 69 80 81 71 74 67 63 68 66 78 75 56 49 46 50 52 55 58 60 62 65 45 34 48 53 54 57 59 64 69 80 81 71 74 67 63 68 77 73 72 75 78 66 68 63 67 62 60 58 55 52 50 46 40 36 35 26 21 30 
75 56 49 46 50 52 55 58 60 62 67 63 68 66 78 75 56 49 46 50 52 55 58 60 62 65 45 34 48 53 54 57 59 64 69 80 81 82 84 83 74 67 63 68 77 73 72 75 56 49 46 40 37 30 
75 56 49 46 50 52 55 58 60 62 65 54 57 59 64 69 80 81 71 74 67 63 68 66 78 66 68 77 73 72 75 56 49 46 40 37 30 
75 72 73 77 68 66 78 75 56 49 46 50 52 55 58 60 62 65 54 57 59 64 69 80 81 82 84 83 74 67 63 68 77 73 72 75 78 66 68 63 67 62 60 58 55 52 50 46 40 36 35 26 21 30 
75 56 49 46 50 52 55 58 60 62 65 45 34 48 53 54 57 59 64 69 80 81 82 84 83 74 67 63 68 66 78 75 56 49 46 50 52 55 58 60 62 65 54 57 59 64 69 80 81 82 84 83 74 67 63 68 77 68 63 67 62 60 58 55 52 50 46 40 37 30 
75 56 49 46 50 52 55 58 60 62 65 54 57 59 64 69 80 81 82 84 83 74 67 63 68 66 78 75 56 49 46 50 52 55 58 60 62 65 54 57 59 64 69 80 81 82 84 83 74 67 63 68 77 73 72 75 78 66 68 63 67 62 60 58 55 52 50 46 40 36 35 26 21 30 
75 56 49 46 50 52 55 58 60 62 65 54 57 59 64 69 80 81 82 84 83 74 67 63 68 66 78 75 56 49 46 50 52 55 58 60 62 65 45 34 48 53 54 57 59 64 69 80 81 82 84 83 74 67 63 68 77 68 63 67 62 60 58 55 52 50 46 40 37 30 
75 72 73 77 68 66 78 75 72 73 77 73 72 75 56 49 46 40 36 35 26 21 30 
75 56 49 46 50 52 55 58 60 62 65 45 34 48 53 54 57 59 64 69 80 81 71 74 67 63 68 66 78 75 56 49 46 50 52 55 58 60 62 65 45 34 48 53 54 57 59 64 69 80 81 71 74 67 63 68 77 68 63 67 62 60 58 55 52 50 46 40 37 30 
75 56 49 46 50 52 55 58 60 62 67 63 68 66 78 75 56 49 46 50 52 55 58 60 62 65 54 57 59 64 69 80 81 82 84 83 74 67 63 68 77 73 72 75 56 49 46 40 37 30 
75 56 49 46 50 52 55 58 60 62 67 63 68 66 78 75 56 49 46 50 52 55 58 60 62 65 45 34 48 53 54 57 59 64 69 80 81 82 84 83 74 67 63 68 77 68 66 78 75 56 49 46 40 36 35 26 21 30 
75 56 49 46 50 52 55 58 60 62 65 45 34 48 53 54 57 59 64 69 80 81 82 84 83 74 67 63 68 66 78 75 56 49 46 50 52 55 58 60 62 65 54 57 59 64 69 80 81 71 74 67 63 68 77 73 72 75 56 49 46 40 37 30 
75 56 49 46 50 52 55 58 60 62 65 54 57 59 64 69 80 81 82 84 83 74 67 63 68 66 78 75 56 49 46 50 52 55 58 60 62 65 45 34 48 53 54 57 59 64 69 80 81 71 74 67 63 68 77 68 63 67 74 83 84 82 81 80 69 64 59 57 54 65 62 60 58 55 52 50 46 40 37 30 
75 56 49 46 50 52 55 58 60 62 65 54 57 59 64 69 80 81 82 84 83 74 67 63 68 66 78 75 72 73 77 68 63 67 62 60 58 55 52 50 46 40 37 30 
---------------
Request id 12
59 57 54 65 62 67 74 71 81 80 69 64 59 57 54 65 62 67 63 68 66 78 75 56 49 46 50 52 55 58 60 62 67 74 71 81 82 84 83 74 67 62 60 58 55 52 50 46 49 
59 57 54 65 62 67 74 83 84 82 81 71 74 67 62 60 58 55 52 50 46 49 56 75 78 66 68 63 67 62 65 45 34 48 53 54 57 59 64 69 80 81 82 84 83 74 71 81 82 84 83 74 67 63 68 66 78 75 56 49 
59 57 54 53 48 34 45 65 62 67 74 83 84 82 81 71 81 80 69 64 59 57 54 53 48 34 45 65 62 67 63 67 62 65 45 34 48 53 54 57 59 64 69 80 81 82 84 83 74 71 81 82 84 83 74 67 63 68 66 78 75 56 49 
59 57 54 65 62 60 58 55 52 50 46 49 56 75 78 66 68 63 67 74 71 81 82 84 83 74 67 62 60 58 55 52 50 46 49 56 75 78 66 68 63 68 66 78 75 56 49 46 50 52 55 58 60 62 67 74 71 74 67 63 68 66 78 75 56 49 
59 57 54 65 62 67 74 71 74 67 62 60 58 55 52 50 46 49 56 75 78 66 68 63 67 62 65 54 57 59 64 69 80 81 82 84 83 74 71 81 82 84 83 74 67 63 68 77 73 72 75 56 49 
59 57 54 65 62 60 58 55 52 50 46 49 56 75 78 66 68 63 67 74 83 84 82 81 71 81 80 69 64 59 57 54 53 48 34 45 65 62 67 63 67 62 65 54 57 59 64 69 80 81 71 74 67 62 60 58 55 52 50 46 49 
59 57 54 65 62 60 58 55 52 50 46 49 56 75 78 66 68 63 67 74 71 81 80 69 64 59 57 54 65 62 67 63 68 66 78 75 56 49 46 50 52 55 58 60 62 67 74 71 74 67 63 68 77 73 72 75 56 49 
59 57 54 65 62 60 58 55 52 50 46 49 56 75 72 73 77 68 63 67 74 71 81 82 84 83 74 67 63 67 62 65 45 34 48 53 54 57 59 64 69 80 81 71 81 80 69 64 59 57 54 65 62 67 63 68 77 73 72 75 56 49 
59 57 54 53 48 34 45 65 62 60 58 55 52 50 46 49 56 75 78 66 68 63 67 74 71 74 67 62 60 58 55 52 50 46 49 56 75 72 73 77 68 63 67 62 65 45 34 48 53 54 57 59 64 69 80 81 82 84 83 74 71 81 80 69 64 59 57 54 65 62 67 63 68 77 73 72 75 56 49 
59 57 54 65 62 60 58 55 52 50 46 49 56 75 78 66 68 63 67 74 71 74 67 63 67 62 65 54 57 59 64 69 80 81 71 81 80 69 64 59 57 54 53 48 34 45 65 62 60 58 55 52 50 46 49 
59 57 54 65 62 60 58 55 52 50 46 49 56 75 78 66 68 63 67 74 71 74 67 62 60 58 55 52 50 46 49 56 75 72 73 77 68 63 67 62 65 54 57 59 64 69 80 81 71 81 80 69 64 59 57 54 65 62 67 63 68 77 73 72 75 56 49 
59 64 69 80 81 82 84 83 74 71 74 67 63 67 62 65 45 34 48 53 54 57 59 64 69 80 81 71 81 82 84 83 74 67 63 68 77 73 72 75 56 49 
59 57 54 53 48 34 45 65 62 67 74 71 81 80 69 64 59 57 54 65 62 67 63 67 62 65 45 34 48 53 54 57 59 64 69 80 81 71 81 82 84 83 74 67 62 60 58 55 52 50 46 49 
59 57 54 65 62 60 58 55 52 50 46 49 56 75 78 66 68 63 67 74 71 81 80 69 64 59 57 54 65 62 67 63 68 77 73 72 75 56 49 46 50 52 55 58 60 62 67 74 83 84 82 81 71 81 80 69 64 59 57 54 53 48 34 45 65 62 60 58 55 52 50 46 49 
59 57 54 65 62 60 58 55 52 50 46 49 56 75 78 66 68 63 67 74 71 81 80 69 64 59 57 54 65 62 67 63 67 74 71 74 67 63 68 77 73 72 75 56 49 
59 57 54 53 48 34 45 65 62 67 74 71 74 83 84 82 81 80 69 64 59 57 54 53 48 34 45 65 62 67 63 68 66 78 75 56 49 46 50 52 55 58 60 62 67 74 83 84 82 81 71 81 80 69 64 59 57 54 65 62 67 63 68 77 73 72 75 56 49 
59 57 54 65 62 60 58 55 52 50 46 49 56 75 78 66 68 63 67 74 71 81 82 84 83 74 67 62 60 58 55 52 50 46 49 56 75 78 66 68 63 68 66 78 75 56 49 46 50 52 55 58 60 62 67 74 71 81 82 84 83 74 67 63 68 77 73 72 75 56 49 
59 64 69 80 81 82 84 83 74 71 74 83 84 82 81 80 69 64 59 57 54 65 62 67 63 68 66 78 75 56 49 46 50 52 55 58 60 62 67 74 83 84 82 81 71 74 67 62 60 58 55 52 50 46 49 
59 57 54 65 62 67 74 71 81 80 69 64 59 57 54 65 62 67 63 67 62 65 54 57 59 64 69 80 81 71 81 80 69 64 59 57 54 65 62 67 63 68 77 73 72 75 56 49 
59 57 54 65 62 60 58 55 52 50 46 49 56 75 78 66 68 63 67 74 83 84 82 81 71 74 67 62 60 58 55 52 50 46 49 56 75 72 73 77 68 63 68 66 78 75 56 49 46 50 52 55 58 60 62 67 74 71 81 80 69 64 59 57 54 53 48 34 45 65 62 60 58 55 52 50 46 49 
59 57 54 65 62 60 58 55 52 50 46 49 56 75 78 66 68 63 67 74 83 84 82 81 71 81 80 69 64 59 57 54 53 48 34 45 65 62 67 63 67 74 83 84 82 81 71 81 80 69 64 59 57 54 65 62 60 58 55 52 50 46 49 
59 57 54 65 62 67 74 83 84 82 81 71 81 82 84 83 74 67 63 67 62 65 45 34 48 53 54 57 59 64 69 80 81 82 84 83 74 71 81 82 84 83 74 67 63 68 77 73 72 75 56 49 
59 57 54 65 62 67 74 71 74 83 84 82 81 80 69 64 59 57 54 65 62 67 63 68 66 78 75 56 49 46 50 52 55 58 60 62 67 74 71 81 80 69 64 59 57 54 65 62 60 58 55 52 50 46 49 
59 57 54 53 48 34 45 65 62 60 58 55 52 50 46 49 56 75 78 66 68 63 67 74 71 74 83 84 82 81 80 69 64 59 57 54 53 48 34 45 65 62 67 63 67 74 71 81 80 69 64 59 57 54 65 62 67 63 68 77 73 72 75 56 49 
59 64 69 80 81 71 81 80 69 64 59 57 54 65 62 67 63 67 62 65 54 57 59 64 69 80 81 71 81 82 84 83 74 67 62 60 58 55 52 50 46 49 
59 57 54 65 62 60 58 55 52 50 46 49 56 75 78 66 68 63 67 74 71 74 67 62 60 58 55 52 50 46 49 56 75 72 73 77 68 63 68 66 78 75 56 49 46 50 52 55 58 60 62 67 74 71 81 80 69 64 59 57 54 53 48 34 45 65 62 60 58 55 52 50 46 49 
59 57 54 65 62 60 58 55 52 50 46 49 56 75 78 66 68 63 67 74 83 84 82 81 71 81 82 84 83 74 67 62 60 58 55 52 50 46 49 56 75 72 73 77 68 63 68 66 78 75 56 49 46 50 52 55 58 60 62 67 74 71 81 80 69 64 59 57 54 53 48 34 45 65 62 60 58 55 52 50 46 49 
59 57 54 65 62 60 58 55 52 50 46 49 56 75 78 66 68 63 67 74 71 74 83 84 82 81 80 69 64 59 57 54 53 48 34 45 65 62 67 63 67 62 65 45 34 48 53 54 57 59 64 69 80 81 71 74 67 62 60 58 55 52 50 46 49 
59 57 54 65 62 60 58 55 52 50 46 49 56 75 78 66 68 63 67 74 83 84 82 81 71 81 82 84 83 74 67 62 60 58 55 52 50 46 49 56 75 78 66 68 63 67 62 65 45 34 48 53 54 57 59 64 69 80 81 71 81 82 84 83 74 67 62 60 58 55 52 50 46 49 
59 57 54 65 62 60 58 55 52 50 46 49 56 75 78 66 68 63 67 74 71 74 67 62 60 58 55 52 50 46 49 56 75 72 73 77 68 63 67 62 65 54 57 59 64 69 80 81 71 81 80 69 64 59 57 54 53 48 34 45 65 62 60 58 55 52 50 46 49 
---------------
Request id 16
67 62 65 45 34 48 53 54 57 59 64 69 80 81 71 74 67 63 68 77 73 72 75 56 49 46 40 41 33 20 
67 74 71 74 67 62 60 58 55 52 50 46 40 28 19 5 15 20 
67 63 68 66 78 75 56 49 46 50 52 55 58 60 62 65 54 57 59 64 69 80 81 82 84 83 74 71 74 67 63 68 66 78 75 56 49 46 40 28 19 5 15 20 
67 62 65 54 57 59 64 69 80 81 82 84 83 74 71 74 67 62 60 58 55 52 50 46 40 43 33 20 
67 63 68 66 78 75 56 49 46 50 52 55 58 60 62 65 54 57 59 64 69 80 81 82 84 83 74 71 81 82 84 83 74 67 62 60 58 55 52 50 46 40 41 33 20 
67 63 68 66 78 75 56 49 46 50 52 55 58 60 62 65 54 57 59 64 69 80 81 71 81 82 84 83 74 67 62 60 58 55 52 50 46 40 41 33 20 
67 62 65 54 57 59 64 69 80 81 82 84 83 74 71 74 67 63 68 66 78 75 56 49 46 40 43 33 20 
67 62 65 54 57 59 64 69 80 81 71 74 67 62 60 58 55 52 50 46 40 28 19 5 15 20 
67 74 83 84 82 81 71 81 82 84 83 74 67 62 60 58 55 52 50 46 40 41 33 20 
67 62 65 54 57 59 64 69 80 81 71 74 67 63 68 66 78 75 56 49 46 40 43 33 20 
67 62 65 54 57 59 64 69 80 81 71 74 67 63 68 66 78 75 56 49 46 40 41 33 20 
67 74 83 84 82 81 71 74 67 63 68 77 73 72 75 56 49 46 40 43 33 20 
67 62 65 45 34 48 53 54 57 59 64 69 80 81 71 74 67 63 68 66 78 75 56 49 46 40 28 19 5 15 20 
67 62 65 54 57 59 64 69 80 81 82 84 83 74 71 81 82 84 83 74 67 62 60 58 55 52 50 46 40 41 33 20 
67 62 65 45 34 48 53 54 57 59 64 69 80 81 82 84 83 74 71 74 67 63 68 77 73 72 75 56 49 46 40 41 33 20 
67 62 65 45 34 48 53 54 57 59 64 69 80 81 82 84 83 74 71 74 67 63 68 66 78 75 56 49 46 40 41 33 20 
67 74 71 74 67 63 68 66 78 75 56 49 46 40 41 33 20 
67 62 65 54 57 59 64 69 80 81 71 74 67 63 68 77 73 72 75 56 49 46 40 41 33 20 
67 63 68 66 78 75 56 49 46 50 52 55 58 60 62 65 54 57 59 64 69 80 81 71 74 67 63 68 77 73 72 75 56 49 46 40 28 19 5 15 20 
67 63 68 77 73 72 75 56 49 46 50 52 55 58 60 62 65 54 57 59 64 69 80 81 71 74 67 63 68 77 73 72 75 56 49 46 40 28 19 5 15 20 
67 62 65 54 57 59 64 69 80 81 82 84 83 74 71 74 67 62 60 58 55 52 50 46 40 28 19 5 15 20 
67 63 68 66 78 75 56 49 46 50 52 55 58 60 62 65 54 57 59 64 69 80 81 71 74 67 62 60 58 55 52 50 46 40 41 33 20 
67 74 83 84 82 81 71 74 67 63 68 66 78 75 56 49 46 40 43 33 20 
67 63 68 77 73 72 75 56 49 46 50 52 55 58 60 62 65 54 57 59 64 69 80 81 71 74 67 62 60 58 55 52 50 46 40 43 33 20 
67 63 68 66 78 75 56 49 46 50 52 55 58 60 62 65 54 57 59 64 69 80 81 82 84 83 74 71 74 67 63 68 66 78 75 56 49 46 40 43 33 20 
67 62 65 54 57 59 64 69 80 81 82 84 83 74 71 74 67 62 60 58 55 52 50 46 40 41 33 20 
67 63 68 66 78 75 56 49 46 50 52 55 58 60 62 65 45 34 48 53 54 57 59 64 69 80 81 71 74 67 63 68 66 78 75 56 49 46 40 43 33 20 
67 62 65 45 34 48 53 54 57 59 64 69 80 81 82 84 83 74 71 74 67 63 68 66 78 75 56 49 46 40 28 19 5 15 20 
67 63 68 66 78 75 56 49 46 50 52 55 58 60 62 65 54 57 59 64 69 80 81 82 84 83 74 71 74 67 62 60 58 55 52 50 46 40 41 33 20 
67 63 68 66 78 75 56 49 46 50 52 55 58 60 62 65 54 57 59 64 69 80 81 82 84 83 74 71 74 67 62 60 58 55 52 50 46 40 43 33 20 
---------------
