Request id 13
11 12 13 10 3 1 1 1 3 4 
11 8 7 0 1 1 1 2 0 7 6 4 
11 10 3 1 1 1 3 10 13 8 7 6 4 
11 8 9 5 2 0 1 1 1 0 7 8 11 12 5 4 
11 12 5 2 0 1 1 1 2 0 7 6 4 
---------------
Request id 7
4 5 2 0 7 8 11 12 5 2 
4 3 10 11 8 13 12 5 2 
4 3 10 13 8 9 5 4 3 1 2 
4 5 12 11 8 11 10 3 1 2 
4 3 1 0 7 8 7 0 1 2 
---------------
Request id 14
12 5 9 8 7 0 1 2 5 12 13 8 13 12 11 
12 13 8 7 0 1 3 10 13 8 13 10 11 
12 13 8 7 0 1 2 5 9 8 13 12 11 
12 13 8 11 10 3 1 3 4 6 7 8 13 12 11 
12 11 8 7 0 1 3 4 5 9 8 13 12 11 
---------------
Request id 5
10 3 1 1 0 7 6 4 5 9 
10 13 12 5 2 1 1 3 10 11 8 9 
10 3 1 1 0 2 5 9 
10 13 12 5 2 0 1 1 0 7 8 9 
10 11 8 7 0 1 1 3 10 11 8 9 
---------------
Request id 17
9 8 13 12 5 2 1 3 10 13 8 11 10 3 1 0 7 
9 5 12 13 10 3 1 3 10 11 8 13 10 3 1 0 7 
9 5 4 6 7 0 1 2 0 7 8 13 12 5 2 0 7 
9 5 12 13 10 3 1 3 10 13 8 9 5 2 1 0 7 
9 8 7 0 1 0 7 8 11 12 5 2 0 7 
---------------
Request id 18
13 8 11 10 3 1 1 2 5 4 3 
13 10 3 1 1 2 5 4 3 
13 8 9 5 2 0 1 1 0 7 8 13 10 3 
13 8 7 0 1 1 3 
13 8 11 10 3 1 1 2 0 7 6 4 3 
---------------
Request id 20
10 3 4 6 7 8 11 12 5 2 1 3 10 13 8 11 
10 3 4 5 9 8 7 6 4 3 1 0 7 8 13 10 11 
10 3 4 6 7 8 11 12 5 2 1 3 4 5 12 11 
10 3 4 5 9 8 9 5 2 0 1 3 10 11 
10 3 4 5 9 8 13 10 3 1 0 7 8 11 
---------------
Request id 16
7 6 4 5 9 8 9 5 2 1 2 5 9 8 7 0 1 3 10 
7 0 2 5 9 8 13 10 3 1 0 2 5 9 8 11 10 
7 6 4 5 12 13 8 9 5 4 3 1 0 2 5 9 8 13 12 11 10 
7 8 9 5 2 0 1 2 5 9 8 7 0 1 3 10 
7 0 2 5 12 13 8 9 5 4 3 1 0 2 5 9 8 9 5 12 13 10 
---------------
Request id 8
11 12 5 4 3 1 0 7 
11 12 5 4 3 1 2 5 9 8 7 
11 10 13 12 5 2 1 2 5 4 6 7 
11 12 5 2 1 3 4 5 9 8 7 
11 12 5 4 3 1 3 4 5 9 8 7 
---------------
Request id 12
13 10 3 1 2 5 12 13 8 13 12 5 4 6 
13 12 11 8 7 0 1 2 5 9 8 7 6 
13 12 5 2 1 2 5 12 13 8 7 0 1 3 4 6 
13 8 11 10 3 1 3 10 13 8 7 0 1 3 4 6 
13 8 7 0 2 1 3 10 13 8 13 12 5 4 6 
---------------
Request id 1
4 3 10 11 12 13 8 7 0 2 1 3 4 5 9 8 7 
4 3 10 11 8 11 10 3 1 0 2 5 4 6 7 
4 3 10 11 12 13 8 9 5 4 3 1 3 10 13 8 7 
4 3 1 0 7 8 9 5 4 3 1 3 4 6 7 
4 5 12 11 10 13 8 9 5 2 1 0 2 5 9 8 7 
---------------
Request id 10
4 5 12 11 10 3 1 3 10 13 8 9 
4 6 7 0 2 1 3 10 13 8 9 
4 3 1 2 5 12 13 8 9 
4 5 2 1 3 10 11 12 5 9 
4 5 9 8 11 10 3 1 0 2 5 9 
---------------
Request id 6
11 12 5 4 3 1 1 2 5 12 13 8 13 10 3 4 6 7 
11 8 13 10 3 1 1 3 10 11 8 9 5 4 6 7 
11 12 13 8 7 0 1 1 2 5 9 8 9 5 4 6 7 
11 12 5 2 1 1 2 5 12 11 8 11 10 3 1 0 7 
11 12 13 8 7 0 1 1 3 4 5 9 8 9 5 2 0 7 
---------------
Request id 19
9 5 4 3 10 13 8 7 0 1 1 0 2 5 4 6 
9 5 2 0 7 8 11 12 5 2 1 1 2 5 9 8 7 6 
9 5 12 13 8 11 10 3 1 1 3 4 5 2 0 7 6 
9 5 12 11 8 7 0 1 1 2 5 9 8 7 6 
9 5 2 1 0 7 8 7 0 1 1 2 5 4 6 
---------------
Request id 11
10 13 8 7 0 1 1 2 5 9 8 9 
10 11 12 5 2 0 1 1 3 4 5 9 8 13 10 11 12 5 9 
10 3 4 5 2 1 1 0 2 5 9 8 7 0 2 5 9 
10 11 12 5 2 1 1 3 4 6 7 8 11 10 3 4 5 9 
10 13 12 5 2 1 1 0 7 8 11 10 13 12 5 9 
---------------
Request id 3
6 7 0 1 3 10 11 8 7 0 2 1 2 5 4 6 7 
6 7 8 13 10 3 1 2 5 12 11 8 9 5 2 0 1 2 0 7 
6 7 8 13 10 3 1 2 0 7 8 7 0 2 1 3 10 13 8 7 
6 7 8 13 10 3 1 2 5 12 13 8 7 6 4 3 1 2 5 4 6 7 
6 7 8 9 5 4 3 1 2 5 12 13 8 7 6 4 3 1 0 2 5 4 6 7 
---------------
Request id 4
6 7 8 7 0 2 5 12 11 
6 4 3 10 13 8 9 5 4 3 10 11 
6 4 3 1 0 7 8 11 
6 7 8 9 5 12 13 10 11 
6 4 5 12 11 8 7 6 4 3 10 11 
---------------
Request id 15
7 8 9 5 2 1 0 7 6 4 5 12 
7 0 2 5 4 3 1 0 7 8 11 12 
7 6 4 3 1 3 4 5 12 
7 6 4 5 2 0 1 2 0 7 8 13 12 
7 6 4 3 1 0 7 8 13 12 
---------------
Request id 9
9 8 7 6 4 3 1 2 5 12 11 10 
9 5 2 1 0 7 8 9 5 4 3 1 2 5 12 11 10 
9 5 12 11 10 13 8 7 6 4 3 1 2 5 9 8 11 10 
9 5 4 6 7 8 7 6 4 3 1 0 7 8 11 10 
9 5 12 13 8 9 5 2 0 1 2 5 9 8 11 10 
---------------
Request id 2
9 5 2 1 0 7 8 11 12 5 2 
9 5 12 13 8 11 10 3 1 2 
9 5 4 6 7 8 11 10 13 12 5 2 
9 5 12 13 10 11 8 7 6 4 5 2 
9 5 12 13 8 7 6 4 3 1 2 
---------------
