Request id 9
49 55 58 56 40 32 28 25 18 16 24 30 33 39 38 42 49 55 58 56 
49 42 51 56 40 39 38 34 31 27 24 20 17 16 18 25 28 32 40 56 
49 42 38 34 31 27 24 16 18 25 28 32 40 56 
49 55 58 56 40 39 33 30 24 30 33 39 40 41 61 59 56 
49 55 58 56 40 32 28 25 18 16 24 27 31 34 38 42 51 56 
49 42 38 39 40 32 28 26 23 24 16 18 25 28 32 40 56 
49 55 58 56 40 39 33 30 24 27 31 34 38 42 49 55 58 56 
49 42 51 56 40 32 28 26 23 24 30 33 39 38 42 49 55 58 56 
49 55 58 56 40 32 28 26 23 24 16 18 25 28 32 40 56 
49 42 51 56 40 39 38 34 31 27 24 27 31 34 38 42 49 55 58 56 
49 42 51 56 40 39 33 30 24 30 33 39 40 56 
49 50 53 52 47 43 34 31 27 24 23 26 28 32 40 56 
49 42 38 39 40 32 28 26 23 24 27 31 34 38 42 51 56 
49 42 51 56 40 32 28 26 23 24 30 33 39 40 41 61 59 56 
49 55 58 56 40 39 33 30 24 23 26 28 32 40 56 
49 42 51 56 40 32 28 26 23 24 16 18 25 28 32 40 56 
49 42 38 39 40 32 28 26 23 24 27 31 34 38 39 40 56 
49 42 38 39 33 30 24 30 33 39 40 41 61 59 56 
49 55 58 56 40 39 33 30 24 30 33 39 38 42 49 55 58 56 
49 55 58 56 40 32 28 25 18 16 24 27 31 34 38 42 49 55 58 56 
49 42 38 39 33 30 24 27 31 34 38 42 51 56 
49 42 51 56 40 39 33 30 24 23 26 28 32 40 56 
49 42 51 56 40 39 33 30 24 30 33 39 38 42 51 56 
49 42 51 56 40 32 28 26 23 24 30 33 39 38 42 51 56 
49 42 51 56 40 39 38 34 31 27 24 27 31 34 38 39 40 56 
49 42 38 39 33 30 24 30 33 39 38 42 49 55 58 56 
49 55 58 56 40 32 28 25 18 16 24 23 26 28 32 40 56 
49 55 58 56 40 32 28 26 23 24 27 31 34 38 42 51 56 
49 42 51 56 40 39 38 34 31 27 24 30 33 39 40 56 
49 42 51 56 40 39 38 34 31 27 24 30 33 39 38 42 51 56 
---------------
Request id 8
52 47 43 34 38 42 51 56 40 39 33 30 24 24 23 26 28 32 40 41 46 48 57 60 
52 47 43 34 38 39 33 30 24 24 16 18 25 29 36 37 45 44 48 57 60 
52 53 50 49 42 38 39 33 30 24 24 30 33 39 40 41 46 54 65 64 60 
52 47 43 34 38 39 33 30 24 24 30 33 39 40 41 46 48 57 60 
52 47 43 34 38 42 51 56 40 39 33 30 24 24 23 26 28 32 40 41 46 54 65 64 60 
52 53 50 49 42 51 56 40 39 33 30 24 24 23 26 28 32 40 41 46 54 65 64 60 
52 53 50 49 55 58 56 40 39 33 30 24 24 27 31 34 38 39 40 41 46 48 57 60 
52 47 43 34 38 39 40 32 28 26 23 24 24 16 18 25 29 36 37 45 44 48 57 60 
52 53 50 49 42 51 56 40 39 33 30 24 24 30 33 39 40 41 46 54 65 64 60 
52 47 43 34 38 42 51 56 40 39 33 30 24 24 16 18 25 28 32 40 41 46 48 57 60 
52 53 50 49 42 51 56 40 39 33 30 24 24 23 26 28 32 40 41 61 62 54 65 64 60 
52 47 43 34 38 39 33 30 24 24 16 18 25 28 32 40 41 46 48 57 60 
52 53 50 49 42 51 56 40 39 33 30 24 24 23 26 28 32 35 37 45 44 48 57 60 
52 47 43 34 31 27 22 21 17 20 24 24 30 33 39 40 41 46 48 57 60 
52 47 43 34 31 27 24 24 30 33 39 40 41 46 48 57 60 
52 53 50 49 55 58 56 40 39 33 30 24 24 23 26 28 32 35 37 45 44 48 57 60 
52 47 43 34 31 27 22 21 17 16 24 24 30 33 39 40 41 61 62 54 65 64 60 
52 47 43 34 31 27 22 21 17 16 24 24 30 33 39 40 41 46 48 57 60 
52 53 50 49 42 38 39 33 30 24 24 23 26 28 32 40 41 46 54 65 64 60 
52 47 43 34 38 39 33 30 24 24 23 26 28 32 35 37 45 44 48 57 60 
52 47 43 34 31 27 22 21 17 20 24 24 23 26 28 32 40 41 61 62 54 65 64 60 
52 53 50 49 42 38 39 33 30 24 24 30 33 39 40 41 46 48 57 60 
52 47 43 34 38 39 33 30 24 24 23 26 28 32 40 41 46 54 65 64 60 
52 53 50 49 42 51 56 40 39 33 30 24 24 23 26 28 32 40 41 46 48 57 60 
52 47 43 34 38 39 33 30 24 24 30 33 39 40 41 46 54 65 64 60 
52 47 43 34 38 39 40 32 28 26 23 24 24 16 18 25 28 32 40 41 46 48 57 60 
52 53 50 49 55 58 56 40 39 33 30 24 24 30 33 39 40 41 61 62 54 65 64 60 
52 53 50 49 42 51 56 40 39 33 30 24 24 30 33 39 40 41 61 62 54 65 64 60 
52 53 50 49 42 38 39 33 30 24 24 23 26 28 32 40 41 46 48 57 60 
52 47 43 34 38 39 40 32 28 26 23 24 24 23 26 28 32 40 41 61 62 54 65 64 60 
---------------
Request id 11
35 32 40 39 33 30 24 16 11 13 18 25 28 32 40 41 46 48 44 45 37 
35 37 36 29 25 18 16 17 20 24 23 26 28 32 35 37 
35 32 28 26 23 24 16 18 25 28 32 40 41 46 48 44 45 37 
35 32 40 39 33 30 24 20 17 16 18 15 19 29 25 28 32 35 37 
35 37 36 29 19 15 18 25 28 32 35 37 
35 32 28 26 23 24 20 17 16 18 25 29 36 37 
35 32 28 25 29 19 15 18 15 19 29 25 28 32 35 37 
35 37 36 29 25 18 13 0 2 9 15 19 29 36 37 
35 32 28 26 23 24 16 18 25 28 32 35 37 
35 32 40 39 33 30 24 20 17 16 18 16 24 30 33 39 40 32 35 37 
35 32 28 26 23 24 16 11 13 18 25 28 32 35 37 
35 32 28 26 23 24 16 18 16 24 30 33 39 40 32 35 37 
35 37 36 29 25 18 16 24 30 33 39 40 32 35 37 
35 32 40 39 33 30 24 16 18 15 19 29 36 37 
35 32 28 26 23 24 16 11 13 18 25 29 36 37 
35 32 40 39 33 30 24 16 18 25 28 32 35 37 
35 32 28 25 29 19 15 18 16 24 30 33 39 40 32 35 37 
35 32 40 39 33 30 24 20 17 16 18 15 19 29 36 37 
35 32 28 25 18 25 28 32 35 37 
35 32 28 26 23 24 16 11 13 18 15 19 29 25 28 32 35 37 
35 32 28 26 23 24 20 17 16 18 16 24 23 26 28 25 29 36 37 
35 32 28 26 23 24 20 17 16 18 25 28 32 40 41 46 48 44 45 37 
35 32 28 25 29 19 15 18 25 28 32 35 37 
35 32 40 39 33 30 24 16 11 13 18 16 17 20 24 23 26 28 32 35 37 
35 37 36 29 19 15 18 16 24 30 33 39 40 32 35 37 
35 32 28 26 23 24 20 17 16 18 15 19 29 25 28 32 35 37 
35 32 40 39 33 30 24 16 11 13 18 25 28 32 35 37 
35 32 40 39 33 30 24 16 11 13 18 15 19 29 36 37 
35 32 28 25 18 25 29 36 37 
35 32 40 39 33 30 24 16 18 16 24 30 33 39 40 32 35 37 
---------------
Request id 13
64 60 57 48 46 41 40 39 33 30 24 30 33 39 40 41 61 62 66 67 68 69 
64 60 57 48 46 41 40 39 33 30 24 30 33 39 40 56 59 61 62 66 67 69 
64 65 54 62 61 41 40 32 28 26 23 24 23 26 28 32 40 56 58 63 66 67 69 
64 65 54 62 61 59 56 40 39 33 30 24 30 33 39 40 56 58 63 66 67 69 
64 65 54 62 61 41 40 39 33 30 24 30 33 39 40 41 46 54 62 66 67 69 
64 60 57 48 44 45 37 36 29 25 18 16 24 23 26 28 32 40 56 58 63 66 67 69 
64 65 54 62 61 41 40 32 28 26 23 24 30 33 39 40 56 59 61 62 66 67 69 
64 65 54 46 41 40 32 28 25 18 16 24 30 33 39 40 56 58 63 66 67 69 
64 60 57 48 46 41 40 39 33 30 24 23 26 28 32 40 41 46 54 65 68 69 
64 60 57 48 46 41 40 32 28 26 23 24 30 33 39 40 56 59 61 62 66 67 69 
64 65 54 46 41 40 39 38 34 31 27 24 30 33 39 40 41 61 62 54 65 68 69 
64 65 54 46 41 40 32 28 25 18 16 24 23 26 28 32 40 41 46 54 65 68 69 
64 65 54 62 61 59 56 40 39 33 30 24 30 33 39 40 41 46 54 65 68 69 
64 65 54 62 61 59 56 40 39 33 30 24 30 33 39 40 41 46 54 62 66 67 69 
64 65 54 46 41 40 32 28 25 18 16 24 30 33 39 40 56 59 61 62 66 67 69 
64 65 54 62 61 41 40 32 28 26 23 24 30 33 39 40 41 46 54 65 68 69 
64 65 54 62 61 41 40 39 33 30 24 30 33 39 40 41 46 54 65 68 69 
64 65 54 46 41 40 32 28 25 18 16 24 23 26 28 32 40 56 58 63 66 67 69 
64 65 54 62 61 41 40 32 28 26 23 24 23 26 28 32 40 41 46 54 65 68 69 
64 65 54 46 41 40 39 38 34 31 27 24 30 33 39 40 41 61 62 66 67 69 
64 65 54 46 41 40 39 33 30 24 30 33 39 40 41 46 54 65 68 69 
64 65 54 62 61 59 56 40 39 33 30 24 23 26 28 32 40 41 46 54 65 68 69 
64 65 54 46 41 40 39 33 30 24 30 33 39 40 41 46 54 62 66 67 69 
64 65 54 62 61 41 40 32 28 26 23 24 30 33 39 40 41 46 54 62 66 67 69 
64 60 57 48 44 45 37 36 29 25 18 16 24 23 26 28 32 40 41 46 54 65 68 69 
64 65 54 46 41 40 32 28 26 23 24 30 33 39 40 41 61 62 66 67 69 
64 65 54 46 41 40 32 28 25 18 16 24 30 33 39 40 41 61 62 66 67 69 
64 65 54 46 41 40 32 28 25 18 16 24 30 33 39 40 41 61 62 54 65 68 69 
64 65 54 46 41 40 32 28 25 18 16 24 30 33 39 40 41 46 54 62 66 67 69 
64 65 54 46 41 40 39 38 34 31 27 24 30 33 39 40 56 59 61 62 66 67 69 
---------------
Request id 3
35 32 40 39 33 30 24 20 17 16 18 25 29 
35 32 28 26 23 24 16 18 16 11 13 0 2 9 15 19 29 
35 32 28 25 18 13 3 5 0 2 9 15 19 29 
35 37 36 29 25 18 25 29 
35 32 40 39 33 30 24 16 11 13 18 25 29 
35 32 28 25 18 16 24 23 26 28 32 35 37 36 29 
35 32 28 26 23 24 20 17 16 18 25 28 32 35 37 36 29 
35 32 28 26 23 24 16 11 13 18 16 24 23 26 28 25 29 
35 32 28 26 23 24 20 17 16 18 13 11 16 24 23 26 28 25 29 
35 32 28 26 23 24 20 17 16 18 25 29 
35 37 36 29 25 18 15 19 29 
35 32 40 39 33 30 24 16 18 25 29 
35 32 28 26 23 24 16 11 13 18 13 0 2 9 15 19 29 
35 37 36 29 25 18 25 28 32 35 37 36 29 
35 32 28 26 23 24 20 17 16 18 15 19 29 
35 32 40 39 33 30 24 16 11 13 18 13 11 16 24 23 26 28 25 29 
35 37 36 29 19 15 18 16 17 20 24 23 26 28 25 29 
35 32 40 39 33 30 24 16 11 13 18 16 24 23 26 28 25 29 
35 32 40 39 33 30 24 16 18 16 24 23 26 28 32 35 37 36 29 
35 37 36 29 25 18 13 0 2 9 15 19 29 
35 32 40 39 33 30 24 16 18 15 19 29 
35 37 36 29 25 18 16 11 13 0 2 9 15 19 29 
35 32 40 39 33 30 24 20 17 16 18 16 24 23 26 28 25 29 
35 32 28 25 18 25 29 
35 32 28 25 29 19 15 18 13 0 2 9 15 19 29 
35 32 28 25 18 16 17 20 24 23 26 28 25 29 
35 32 40 39 33 30 24 16 11 13 18 16 11 13 0 2 9 15 19 29 
35 37 36 29 19 15 18 13 11 16 24 23 26 28 25 29 
35 37 36 29 19 15 18 13 3 5 0 2 9 15 19 29 
35 32 28 25 29 19 15 18 13 11 16 24 23 26 28 25 29 
---------------
Request id 15
59 61 41 40 32 28 26 23 24 16 11 13 18 15 19 29 
59 56 40 39 38 34 31 27 24 20 17 16 11 13 18 25 29 
59 56 40 32 28 26 23 24 16 11 13 18 15 19 29 
59 61 41 40 39 33 30 24 20 17 16 18 25 29 
59 56 40 39 33 30 24 23 26 28 25 29 
59 56 40 39 33 30 24 16 18 25 29 
59 56 40 39 38 34 31 27 24 16 11 13 18 25 29 
59 61 41 40 32 28 25 18 16 24 20 17 16 18 25 29 
59 56 51 42 38 39 33 30 24 23 26 28 32 35 37 36 29 
59 56 40 39 38 34 31 27 24 20 17 16 18 25 29 
59 56 40 32 28 25 18 16 24 23 26 28 32 35 37 36 29 
59 56 40 39 38 34 31 27 24 16 18 25 29 
59 61 41 40 32 28 26 23 24 20 17 16 18 25 29 
59 56 51 42 38 34 31 27 24 20 17 16 18 15 19 29 
59 56 51 42 38 39 33 30 24 16 11 13 18 15 19 29 
59 56 40 39 33 30 24 20 17 16 18 25 29 
59 56 40 32 28 26 23 24 23 26 28 32 35 37 36 29 
59 56 40 32 28 25 18 16 24 30 33 39 40 32 28 25 29 
59 61 41 40 39 38 34 31 27 24 20 17 16 11 13 18 25 29 
59 56 51 42 38 39 33 30 24 16 18 15 19 29 
59 61 41 40 32 28 25 18 16 24 16 18 25 29 
59 61 41 40 32 28 26 23 24 16 18 25 29 
59 56 40 32 28 26 23 24 16 18 15 19 29 
59 56 40 32 28 25 18 16 24 16 18 15 19 29 
59 56 51 42 38 39 33 30 24 20 17 16 11 13 18 25 29 
59 61 41 40 32 28 25 18 16 24 20 17 16 18 15 19 29 
59 61 41 40 39 33 30 24 16 18 25 29 
59 56 51 42 38 34 31 27 24 16 11 13 18 15 19 29 
59 56 40 39 38 34 31 27 24 16 11 13 18 15 19 29 
59 56 40 39 33 30 24 20 17 16 11 13 18 25 29 
---------------
Request id 16
20 24 23 26 28 25 18 16 17 17 17 20 24 27 31 34 43 
20 24 16 11 12 14 17 17 17 14 12 11 16 24 27 31 34 43 
20 17 17 17 16 24 30 33 39 38 34 43 
20 17 17 17 20 24 30 33 39 38 34 43 
20 24 16 11 6 8 10 12 14 17 17 17 16 18 25 28 32 40 39 38 34 43 
20 24 16 18 13 3 6 11 12 14 17 17 17 21 22 27 31 34 43 
20 24 16 11 6 8 10 12 14 17 17 17 21 22 27 24 30 33 39 38 34 43 
20 24 16 18 13 3 6 11 12 14 17 17 17 20 24 23 26 28 32 40 39 38 34 43 
20 24 16 11 6 8 10 12 14 17 17 17 14 12 11 16 24 27 31 34 43 
20 24 16 11 12 14 17 17 17 20 24 27 31 34 43 
20 24 16 18 13 11 12 14 17 17 17 21 22 27 31 34 43 
20 24 23 26 28 25 18 13 11 16 17 17 17 20 24 30 33 39 38 34 43 
20 24 16 11 12 14 17 17 17 14 12 11 13 18 16 24 27 31 34 43 
20 24 16 11 12 14 17 17 17 20 24 30 33 39 38 34 43 
20 24 23 26 28 25 18 16 17 17 17 16 24 27 31 34 43 
20 24 16 11 12 14 17 17 17 16 18 25 28 32 40 39 38 34 43 
20 24 16 17 17 17 14 12 11 16 24 27 31 34 43 
20 24 16 17 17 17 20 24 27 31 34 43 
20 24 16 11 6 8 10 12 14 17 17 17 20 24 23 26 28 32 40 39 38 34 43 
20 24 16 18 13 3 6 11 12 14 17 17 17 14 12 11 13 18 16 24 27 31 34 43 
20 24 23 26 28 25 18 13 11 16 17 17 17 21 22 27 24 30 33 39 38 34 43 
20 24 16 11 6 8 10 12 14 17 17 17 20 24 30 33 39 38 34 43 
20 24 16 18 13 3 6 11 12 14 17 17 17 20 24 27 31 34 43 
20 24 16 11 6 8 10 12 14 17 17 17 21 22 27 31 34 43 
20 17 17 17 14 12 11 13 18 16 24 27 31 34 43 
20 24 16 17 17 17 16 24 30 33 39 38 34 43 
20 24 16 17 17 17 21 22 27 24 30 33 39 38 34 43 
20 24 27 22 21 17 17 17 20 24 30 33 39 38 34 43 
20 24 23 26 28 25 18 16 17 17 17 20 24 23 26 28 32 40 39 38 34 43 
20 24 23 26 28 25 29 19 15 18 16 17 17 17 20 24 27 31 34 43 
---------------
Request id 1
19 15 18 18 16 24 30 33 39 40 32 35 37 36 
19 15 9 2 0 5 3 13 18 18 15 19 29 25 28 32 35 37 36 
19 15 9 2 0 13 11 16 18 18 25 28 32 35 37 36 
19 15 9 2 0 5 3 13 18 18 16 24 23 26 28 32 35 37 36 
19 15 18 18 13 0 2 9 15 19 29 36 
19 15 9 2 0 13 18 18 15 19 29 36 
19 15 9 2 0 5 3 13 18 18 25 28 32 35 37 36 
19 15 9 2 0 13 3 6 11 16 18 18 16 24 30 33 39 40 32 35 37 36 
19 15 9 2 0 5 3 13 11 16 18 18 25 28 32 35 37 36 
19 15 9 2 0 5 3 13 11 16 18 18 16 24 23 26 28 25 29 36 
19 15 9 2 0 13 18 18 16 24 30 33 39 40 32 35 37 36 
19 29 36 37 35 32 28 25 18 18 16 11 13 0 2 9 15 19 29 36 
19 29 36 37 35 32 28 25 18 18 16 24 23 26 28 25 29 36 
19 15 9 2 0 5 3 13 18 18 16 24 23 26 28 25 29 36 
19 29 25 28 26 23 24 16 11 13 18 18 15 19 29 25 28 32 35 37 36 
19 15 9 2 0 13 3 6 11 16 18 18 25 28 32 35 37 36 
19 29 36 37 35 32 28 25 18 18 15 19 29 36 
19 15 9 2 0 13 11 16 18 18 13 0 2 9 15 19 29 36 
19 29 25 28 26 23 24 16 18 18 25 29 36 
19 15 9 2 0 13 18 18 16 24 23 26 28 32 35 37 36 
19 29 36 37 35 32 28 25 18 18 16 24 23 26 28 32 35 37 36 
19 15 9 2 0 5 3 13 11 16 18 18 25 29 36 
19 15 9 2 0 5 3 13 18 18 16 11 13 0 2 9 15 19 29 36 
19 15 18 18 25 29 36 
19 15 9 2 0 13 3 6 11 16 18 18 13 3 5 0 2 9 15 19 29 36 
19 15 18 18 13 3 5 0 2 9 15 19 29 36 
19 15 9 2 0 13 3 6 11 16 18 18 25 29 36 
19 15 18 18 16 11 13 0 2 9 15 19 29 36 
19 29 25 28 26 23 24 16 11 13 18 18 16 24 23 26 28 25 29 36 
19 29 25 18 18 16 24 23 26 28 32 35 37 36 
---------------
Request id 20
54 46 41 40 32 28 25 18 13 11 16 24 23 26 28 
54 46 48 44 45 37 36 29 19 15 18 16 24 23 26 28 
54 62 61 41 40 32 28 25 18 16 17 20 24 23 26 28 
54 46 41 61 59 56 40 32 28 25 18 25 29 36 37 35 32 28 
54 46 48 44 45 37 36 29 19 15 18 16 17 20 24 23 26 28 
54 46 48 44 45 37 35 32 28 25 18 15 19 29 25 28 
54 62 61 41 40 32 28 25 18 16 24 30 33 39 40 32 28 
54 46 41 40 32 28 25 18 13 11 16 17 20 24 23 26 28 
54 62 66 63 58 56 40 32 28 25 18 15 19 29 36 37 35 32 28 
54 62 61 59 56 40 32 28 25 18 13 11 16 24 23 26 28 
54 62 61 59 56 40 32 28 25 18 16 17 20 24 23 26 28 
54 46 41 40 39 33 30 24 16 18 13 11 16 17 20 24 23 26 28 
54 62 61 59 56 40 32 28 25 18 16 24 23 26 28 
54 46 41 40 39 33 30 24 16 18 16 24 23 26 28 
54 46 48 44 45 37 35 32 28 25 18 13 11 16 17 20 24 23 26 28 
54 46 41 40 32 28 25 29 19 15 18 16 17 20 24 23 26 28 
54 62 66 63 58 56 40 32 28 25 18 16 24 23 26 28 
54 46 48 44 45 37 36 29 25 18 25 28 
54 46 48 44 45 37 36 29 25 18 13 11 16 17 20 24 23 26 28 
54 46 41 61 59 56 40 32 28 25 18 16 24 23 26 28 
54 62 66 63 58 56 40 32 28 25 18 16 24 30 33 39 40 32 28 
54 46 48 44 45 37 35 32 28 25 18 16 24 30 33 39 40 32 28 
54 62 61 41 40 32 28 25 18 16 24 23 26 28 
54 62 66 63 58 56 40 32 28 25 18 13 11 16 24 23 26 28 
54 46 48 44 45 37 35 32 28 25 18 13 11 16 24 23 26 28 
54 46 48 44 45 37 35 32 28 25 18 25 28 
54 46 48 44 45 37 35 32 28 25 18 16 17 20 24 23 26 28 
54 46 48 44 45 37 35 32 28 25 18 16 24 23 26 28 
54 62 61 41 40 32 28 25 18 13 11 16 17 20 24 23 26 28 
54 46 48 44 45 37 36 29 19 15 18 13 11 16 24 23 26 28 
---------------
Request id 12
27 22 21 17 16 18 25 28 26 23 24 16 18 13 3 5 0 
27 22 21 17 14 12 10 8 6 11 16 24 20 17 16 11 13 0 
27 31 34 38 39 33 30 24 20 17 14 12 11 13 0 
27 22 21 17 14 12 11 13 18 16 24 20 17 16 11 13 0 
27 22 21 17 14 12 11 16 24 20 17 14 12 11 13 0 
27 31 34 38 39 33 30 24 20 17 16 18 13 0 
27 22 21 17 16 18 25 28 26 23 24 16 18 15 9 2 0 
27 22 21 17 14 12 11 16 24 16 11 13 3 5 0 
27 22 21 17 16 24 16 11 13 3 5 0 
27 22 21 17 20 24 16 18 13 3 5 0 
27 24 20 17 16 11 13 0 
27 24 20 17 16 18 13 0 
27 22 21 17 16 18 25 28 26 23 24 20 17 14 12 11 13 0 
27 22 21 17 16 24 20 17 16 11 13 0 
27 31 34 38 39 40 32 28 25 18 16 24 16 11 13 0 
27 22 21 17 16 18 25 28 26 23 24 16 18 13 0 
27 24 16 11 13 3 5 0 
27 31 34 38 39 33 30 24 16 18 13 0 
27 22 21 17 14 12 10 8 6 11 16 24 16 18 13 3 5 0 
27 31 34 38 39 33 30 24 16 18 15 9 2 0 
27 31 34 38 39 40 32 28 26 23 24 16 11 13 3 5 0 
27 31 34 38 39 33 30 24 16 18 13 3 5 0 
27 22 21 17 20 24 20 17 16 11 13 0 
27 22 21 17 16 24 16 18 15 9 2 0 
27 31 34 38 39 40 32 28 25 18 16 24 16 18 13 3 5 0 
27 31 34 38 39 40 32 28 25 18 16 24 16 11 6 3 5 0 
27 22 21 17 20 24 16 11 13 0 
27 31 34 38 39 33 30 24 16 11 6 3 5 0 
27 31 34 38 39 40 32 28 26 23 24 16 11 13 0 
27 24 16 11 13 0 
---------------
Request id 4
54 46 41 40 39 38 34 31 27 24 23 26 28 32 40 41 61 62 
54 62 61 41 40 32 28 26 23 24 27 31 34 38 39 40 41 61 62 
54 46 41 40 39 33 30 24 30 33 39 40 56 59 61 62 
54 46 41 40 32 28 26 23 24 23 26 28 32 40 41 46 54 62 
54 46 41 61 59 56 40 39 33 30 24 23 26 28 32 40 56 59 61 62 
54 62 61 59 56 40 39 33 30 24 23 26 28 32 40 56 59 61 62 
54 46 41 40 39 33 30 24 30 33 39 38 42 51 56 59 61 62 
54 46 41 61 59 56 40 39 33 30 24 30 33 39 40 41 46 54 62 
54 46 41 40 39 33 30 24 23 26 28 32 40 41 61 62 
54 46 41 61 59 56 40 39 33 30 24 30 33 39 40 56 59 61 62 
54 46 41 40 32 28 26 23 24 23 26 28 32 40 41 61 62 
54 46 41 40 32 28 25 18 16 24 23 26 28 32 40 56 59 61 62 
54 62 66 63 58 56 40 39 33 30 24 16 18 25 28 32 40 41 61 62 
54 46 41 61 59 56 40 39 33 30 24 30 33 39 38 42 51 56 59 61 62 
54 62 61 41 40 39 33 30 24 30 33 39 38 42 51 56 59 61 62 
54 62 61 59 56 40 32 28 26 23 24 30 33 39 40 41 61 62 
54 46 41 61 59 56 40 39 33 30 24 16 18 25 28 32 40 41 61 62 
54 46 41 40 39 38 34 31 27 24 23 26 28 32 40 56 59 61 62 
54 46 41 40 32 28 25 18 16 24 30 33 39 40 56 59 61 62 
54 62 61 41 40 32 28 26 23 24 30 33 39 40 56 59 61 62 
54 46 41 40 32 28 26 23 24 16 18 25 28 32 40 41 61 62 
54 62 61 59 56 40 32 28 26 23 24 23 26 28 32 40 41 61 62 
54 46 41 40 39 38 34 31 27 24 30 33 39 40 41 46 54 62 
54 46 41 40 39 33 30 24 30 33 39 40 41 46 54 62 
54 46 41 61 59 56 40 39 33 30 24 23 26 28 32 40 41 61 62 
54 46 41 61 59 56 40 39 33 30 24 30 33 39 40 56 58 63 66 62 
54 46 41 40 32 28 25 18 16 24 23 26 28 32 40 41 61 62 
54 62 66 63 58 56 40 39 33 30 24 23 26 28 32 40 41 46 54 62 
54 62 61 59 56 40 32 28 26 23 24 30 33 39 40 56 58 63 66 62 
54 46 41 40 39 33 30 24 30 33 39 40 41 61 62 
---------------
Request id 19
14 12 11 16 24 27 22 21 17 17 16 18 15 
14 17 17 14 12 11 16 18 15 
14 12 11 16 24 20 17 17 16 18 25 29 19 15 
14 12 11 16 24 20 17 17 16 11 13 0 2 9 15 
14 12 11 16 17 17 14 12 11 13 18 15 
14 12 11 6 3 13 18 16 17 17 16 11 6 3 13 18 15 
14 12 11 16 24 27 22 21 17 17 14 12 11 16 18 15 
14 12 11 6 3 13 18 16 17 17 16 18 15 
14 12 11 16 24 27 22 21 17 17 20 24 16 18 15 
14 12 11 16 17 17 16 11 13 0 2 9 15 
14 12 11 16 17 17 16 18 25 29 19 15 
14 12 11 13 18 16 24 20 17 17 20 24 16 11 13 18 15 
14 17 17 16 18 25 29 19 15 
14 12 10 8 6 11 16 17 17 16 11 13 18 15 
14 12 10 8 6 11 16 24 20 17 17 20 24 16 11 13 18 15 
14 12 11 16 24 20 17 17 20 24 16 18 15 
14 12 10 8 6 11 16 17 17 16 18 15 
14 12 10 8 6 11 16 17 17 16 11 13 0 2 9 15 
14 12 10 8 6 11 16 17 17 20 24 16 18 15 
14 12 11 16 24 20 17 17 20 24 16 11 13 18 15 
14 12 10 8 6 3 13 11 16 17 17 16 11 13 0 2 9 15 
14 12 11 6 3 13 18 16 17 17 16 18 25 29 19 15 
14 12 11 16 24 27 22 21 17 17 16 11 13 0 2 9 15 
14 12 11 13 18 16 17 17 16 18 25 29 19 15 
14 12 11 13 18 16 17 17 14 12 11 16 18 15 
14 12 11 16 24 20 17 17 21 22 27 24 16 18 15 
14 12 11 16 24 27 22 21 17 17 16 11 13 18 15 
14 12 11 16 24 27 22 21 17 17 20 24 16 11 13 18 15 
14 12 11 16 24 27 22 21 17 17 21 22 27 24 16 18 15 
14 12 11 16 17 17 20 24 16 18 15 
---------------
Request id 14
15 19 29 25 18 16 17 20 24 23 26 28 32 35 37 45 
15 9 2 0 13 3 6 11 16 18 16 24 30 33 39 40 32 35 37 45 
15 9 2 0 13 3 6 11 16 18 15 19 29 36 37 45 
15 9 2 0 5 3 6 11 13 18 16 24 23 26 28 25 29 36 37 45 
15 9 2 0 5 3 13 11 16 18 16 17 20 24 23 26 28 32 35 37 45 
15 9 2 0 13 11 16 18 25 28 32 40 41 46 48 44 45 
15 19 29 25 28 26 23 24 16 18 16 24 23 26 28 32 35 37 45 
15 9 2 0 5 3 6 11 13 18 25 28 32 40 41 46 48 44 45 
15 18 16 24 23 26 28 32 35 37 45 
15 18 25 28 32 35 37 45 
15 19 29 25 18 15 19 29 36 37 45 
15 9 2 0 13 11 16 18 25 29 36 37 45 
15 19 29 25 18 16 24 23 26 28 32 35 37 45 
15 19 29 25 28 26 23 24 16 18 25 28 32 40 41 46 48 44 45 
15 9 2 0 13 3 6 11 16 18 16 24 23 26 28 32 35 37 45 
15 19 29 36 37 35 32 28 25 18 16 24 23 26 28 25 29 36 37 45 
15 9 2 0 5 3 6 11 13 18 25 29 36 37 45 
15 19 29 36 37 35 32 28 25 18 16 24 30 33 39 40 32 35 37 45 
15 9 2 0 5 3 13 18 15 19 29 36 37 45 
15 9 2 0 13 3 6 11 16 18 13 0 2 9 15 19 29 36 37 45 
15 9 2 0 13 11 16 18 13 0 2 9 15 19 29 36 37 45 
15 9 2 0 13 18 25 28 32 35 37 45 
15 9 2 0 13 18 16 24 23 26 28 32 35 37 45 
15 9 2 0 13 11 16 18 16 24 30 33 39 40 32 35 37 45 
15 19 29 25 18 25 29 36 37 45 
15 9 2 0 5 3 13 11 16 18 25 28 32 40 41 46 48 44 45 
15 9 2 0 13 11 16 18 15 19 29 36 37 45 
15 9 2 0 5 3 13 18 25 29 36 37 45 
15 19 29 36 37 35 32 28 25 18 13 0 2 9 15 19 29 36 37 45 
15 9 2 0 5 3 13 18 16 17 20 24 23 26 28 32 35 37 45 
---------------
Request id 6
0 2 9 15 18 13 13 13 18 15 19 29 36 37 45 44 48 57 60 64 
0 2 9 15 18 13 13 13 18 16 24 30 33 39 40 41 46 54 65 64 
0 5 3 6 11 16 18 13 13 13 18 15 19 29 36 37 45 44 48 57 60 64 
0 2 9 15 19 29 25 18 13 13 13 18 25 28 32 40 41 61 62 54 65 64 
0 2 9 15 18 16 11 6 3 13 13 13 18 25 28 32 35 37 45 44 48 57 60 64 
0 2 9 15 18 16 11 6 3 13 13 13 18 25 28 32 40 41 46 48 57 60 64 
0 5 3 6 11 13 13 13 18 25 29 36 37 45 44 48 57 60 64 
0 2 9 15 18 13 13 13 18 25 29 36 37 45 44 48 57 60 64 
0 2 9 15 18 16 11 6 3 13 13 13 18 25 28 32 40 56 59 61 62 54 65 64 
0 5 3 6 11 13 13 13 18 25 28 32 35 37 45 44 48 57 60 64 
0 5 3 6 11 16 18 13 13 13 11 16 18 25 28 32 40 41 46 54 65 64 
0 2 9 15 18 16 11 13 13 13 18 25 29 36 37 45 44 48 57 60 64 
0 2 9 15 18 16 11 6 3 13 13 13 18 25 29 36 37 45 44 48 57 60 64 
0 2 9 15 18 13 13 13 18 25 28 32 35 37 45 44 48 57 60 64 
0 2 9 15 18 16 11 13 13 13 11 16 18 25 28 32 40 41 46 54 65 64 
0 2 9 15 19 29 25 18 13 13 13 11 16 24 30 33 39 40 41 46 54 65 64 
0 13 13 13 11 16 24 30 33 39 40 41 46 54 65 64 
0 5 3 6 11 13 13 13 18 16 24 30 33 39 40 41 46 54 65 64 
0 2 9 15 19 29 25 18 13 13 13 18 25 28 32 40 56 59 61 62 54 65 64 
0 5 3 6 8 10 12 11 13 13 13 18 16 24 30 33 39 40 41 46 54 65 64 
0 5 3 6 11 16 18 13 13 13 18 25 28 32 35 37 45 44 48 57 60 64 
0 2 9 15 18 16 11 6 3 13 13 13 18 16 24 30 33 39 40 41 46 54 65 64 
0 5 3 1 4 7 8 6 11 13 13 13 11 16 24 30 33 39 40 41 46 54 65 64 
0 2 9 15 18 13 13 13 11 16 24 30 33 39 40 41 46 54 65 64 
0 2 9 15 18 16 11 6 3 13 13 13 18 25 28 32 40 41 61 62 54 65 64 
0 5 3 13 13 13 18 25 28 32 40 41 46 54 65 64 
0 5 3 6 8 10 12 11 13 13 13 18 25 28 32 40 41 61 62 54 65 64 
0 5 3 13 13 13 18 25 28 32 40 56 59 61 62 54 65 64 
0 2 9 15 18 16 11 13 13 13 18 25 28 32 35 37 45 44 48 57 60 64 
0 5 3 1 4 7 8 6 11 13 13 13 11 16 18 25 28 32 40 41 46 54 65 64 
---------------
Request id 10
30 33 39 40 32 28 26 23 24 24 23 26 28 32 40 41 46 54 65 64 70 74 73 
30 33 39 40 32 28 25 18 16 24 24 30 33 39 40 41 61 62 54 65 68 69 71 72 73 
30 33 39 38 34 31 27 22 21 17 20 24 24 30 33 39 40 41 61 62 66 67 69 71 72 73 
30 33 39 40 56 51 42 38 34 31 27 24 24 30 33 39 40 56 58 63 66 67 69 71 72 73 
30 33 39 40 32 28 25 18 16 17 20 24 24 27 31 34 38 39 40 41 46 54 65 64 70 74 73 
30 33 39 40 32 28 25 18 16 17 20 24 24 30 33 39 40 41 46 48 57 60 64 70 74 73 
30 24 24 30 33 39 40 56 58 63 66 67 69 71 72 73 
30 33 39 40 32 28 26 23 24 24 30 33 39 40 41 46 54 65 64 70 74 73 
30 33 39 40 32 28 25 18 16 24 24 30 33 39 40 56 58 63 66 67 69 71 72 73 
30 33 39 40 56 51 42 38 34 31 27 24 24 23 26 28 32 40 41 46 54 65 64 70 74 73 
30 33 39 38 42 51 56 40 32 28 26 23 24 24 30 33 39 40 41 46 48 57 60 64 70 74 73 
30 33 39 38 34 31 27 22 21 17 16 24 24 30 33 39 40 41 61 62 54 65 64 70 74 73 
30 33 39 38 34 31 27 22 21 17 16 24 24 30 33 39 40 41 61 62 54 65 68 69 71 72 73 
30 33 39 38 34 31 27 24 24 27 31 34 38 39 40 41 46 54 65 64 70 74 73 
30 33 39 38 34 31 27 22 21 17 16 24 24 30 33 39 40 41 46 54 65 68 69 71 72 73 
30 33 39 40 32 28 26 23 24 24 30 33 39 40 41 61 62 54 65 68 69 71 72 73 
30 33 39 40 32 28 25 18 16 24 24 30 33 39 40 56 58 63 66 67 68 69 71 72 73 
30 33 39 40 32 28 25 18 13 11 16 24 24 27 31 34 38 39 40 41 46 54 65 64 70 74 73 
30 33 39 38 34 31 27 24 24 30 33 39 40 41 61 62 66 67 69 71 72 73 
30 33 39 38 34 31 27 24 24 30 33 39 40 41 46 54 65 64 70 74 73 
30 33 39 40 32 28 25 18 16 17 20 24 24 30 33 39 40 41 61 62 54 65 64 70 74 73 
30 33 39 38 34 31 27 22 21 17 20 24 24 30 33 39 40 41 61 62 54 65 64 70 74 73 
30 33 39 40 56 51 42 38 34 31 27 24 24 30 33 39 40 41 61 62 54 65 64 70 74 73 
30 24 24 30 33 39 40 41 61 62 54 65 68 69 71 72 73 
30 24 24 23 26 28 32 40 41 46 54 65 64 70 74 73 
30 33 39 38 34 31 27 22 21 17 16 24 24 23 26 28 32 40 41 46 54 65 64 70 74 73 
30 33 39 40 56 51 42 38 34 31 27 24 24 30 33 39 40 41 46 54 65 64 70 74 73 
30 33 39 38 42 51 56 40 32 28 26 23 24 24 30 33 39 40 56 58 63 66 67 68 69 71 72 73 
30 33 39 38 34 31 27 22 21 17 20 24 24 30 33 39 40 41 46 54 65 64 70 74 73 
30 33 39 38 34 31 27 24 24 30 33 39 40 56 58 63 66 67 68 69 71 72 73 
---------------
Request id 17
20 17 14 12 11 6 3 13 18 16 24 30 33 39 40 56 
20 17 14 12 11 16 24 20 17 16 18 25 28 32 40 56 
20 17 14 12 11 6 3 13 18 16 24 16 18 25 28 32 40 56 
20 17 16 18 25 28 26 23 24 27 31 34 38 42 49 55 58 56 
20 17 16 24 27 31 34 38 39 40 56 
20 17 14 12 11 16 24 30 33 39 40 41 61 59 56 
20 17 16 18 25 28 26 23 24 16 18 25 28 32 40 56 
20 17 16 11 13 18 25 28 26 23 24 27 31 34 38 42 51 56 
20 17 21 22 27 31 34 38 39 33 30 24 16 18 25 28 32 40 56 
20 24 30 33 39 38 42 49 55 58 56 
20 17 14 12 11 6 3 13 18 16 24 30 33 39 38 42 49 55 58 56 
20 17 21 22 27 24 30 33 39 40 56 
20 17 21 22 27 24 30 33 39 38 42 51 56 
20 17 14 12 11 13 18 16 24 30 33 39 40 56 
20 17 14 12 11 16 24 30 33 39 40 56 
20 17 16 11 13 18 25 28 26 23 24 27 31 34 38 42 49 55 58 56 
20 17 16 18 25 28 26 23 24 20 17 16 18 25 28 32 40 56 
20 17 14 12 11 13 18 16 24 27 31 34 38 39 40 56 
20 17 14 12 11 6 3 13 18 16 24 30 33 39 38 42 51 56 
20 17 21 22 27 31 34 38 39 33 30 24 30 33 39 40 41 61 59 56 
20 17 16 18 25 28 26 23 24 23 26 28 32 40 56 
20 17 14 12 11 16 24 16 18 25 28 32 40 56 
20 17 14 12 11 6 3 13 18 16 24 27 31 34 38 42 49 55 58 56 
20 17 14 12 11 13 18 16 24 20 17 16 18 25 28 32 40 56 
20 24 27 31 34 38 39 40 56 
20 17 14 12 10 8 6 11 16 24 20 17 16 18 25 28 32 40 56 
20 17 16 24 30 33 39 38 42 49 55 58 56 
20 17 16 24 27 31 34 38 42 51 56 
20 17 21 22 27 24 16 18 25 28 32 40 56 
20 17 16 24 20 17 16 18 25 28 32 40 56 
---------------
Request id 18
66 63 58 55 49 42 38 34 31 27 24 24 30 33 39 38 42 51 56 58 63 
66 63 58 55 49 42 38 34 31 27 24 24 23 26 28 32 40 41 61 62 66 63 
66 63 58 56 51 42 38 39 33 30 24 24 30 33 39 38 42 51 56 58 63 
66 62 54 46 41 40 39 33 30 24 24 30 33 39 38 42 51 56 58 63 
66 62 61 41 40 32 28 26 23 24 24 30 33 39 40 41 61 62 66 63 
66 63 58 56 40 39 33 30 24 24 30 33 39 38 42 51 56 58 63 
66 63 58 56 40 32 28 26 23 24 24 30 33 39 40 41 61 62 66 63 
66 62 61 41 40 39 33 30 24 24 30 33 39 38 42 49 55 58 63 
66 63 58 56 40 32 28 26 23 24 24 27 31 34 38 39 40 56 58 63 
66 62 61 41 40 39 38 34 31 27 24 24 23 26 28 32 40 41 61 62 66 63 
66 62 61 41 40 32 28 26 23 24 24 16 18 25 28 32 40 56 58 63 
66 62 61 59 56 40 39 33 30 24 24 27 31 34 38 39 40 56 58 63 
66 63 58 55 49 42 38 34 31 27 24 24 27 31 34 38 42 49 55 58 63 
66 63 58 56 40 39 38 34 31 27 24 24 27 31 34 38 42 49 55 58 63 
66 62 54 46 41 40 39 33 30 24 24 23 26 28 32 40 41 61 62 66 63 
66 62 61 41 40 32 28 26 23 24 24 30 33 39 40 56 58 63 
66 62 61 41 40 39 33 30 24 24 27 31 34 38 39 40 56 58 63 
66 62 61 41 40 32 28 26 23 24 24 23 26 28 32 40 56 58 63 
66 63 58 56 51 42 38 39 33 30 24 24 30 33 39 40 41 61 62 66 63 
66 63 58 56 40 32 28 26 23 24 24 30 33 39 38 42 49 55 58 63 
66 62 61 41 40 39 38 34 31 27 24 24 27 31 34 38 39 40 56 58 63 
66 62 61 41 40 39 38 34 31 27 24 24 30 33 39 38 42 49 55 58 63 
66 62 61 41 40 32 28 26 23 24 24 27 31 34 38 42 51 56 58 63 
66 63 58 55 49 42 38 34 31 27 24 24 30 33 39 40 56 58 63 
66 62 61 41 40 32 28 26 23 24 24 27 31 34 38 42 49 55 58 63 
66 63 58 56 51 42 38 39 33 30 24 24 23 26 28 32 40 56 58 63 
66 63 58 56 40 32 28 26 23 24 24 23 26 28 32 40 41 61 62 66 63 
66 62 61 41 40 39 33 30 24 24 30 33 39 38 42 51 56 58 63 
66 63 58 56 40 39 38 34 31 27 24 24 23 26 28 32 40 41 61 62 66 63 
66 62 61 59 56 40 39 33 30 24 24 23 26 28 32 40 56 58 63 
---------------
Request id 7
15 9 2 0 13 18 18 18 25 28 32 40 56 58 63 66 67 68 69 71 
15 9 2 0 5 3 6 11 16 18 18 18 25 28 32 40 41 61 62 54 65 68 69 71 
15 9 2 0 13 3 6 11 16 18 18 18 25 28 32 40 41 61 62 66 67 68 69 71 
15 19 29 36 37 35 32 28 25 18 18 18 25 28 32 40 56 59 61 62 66 67 69 71 
15 19 29 25 28 26 23 24 16 18 18 18 25 28 32 40 41 61 62 54 65 68 69 71 
15 9 2 0 5 3 6 11 16 18 18 18 16 24 30 33 39 40 41 46 54 65 68 69 71 
15 9 2 0 5 3 13 11 16 18 18 18 25 28 32 40 56 58 63 66 67 68 69 71 
15 9 2 0 5 3 13 11 16 18 18 18 25 28 32 40 41 46 54 65 68 69 71 
15 18 18 18 25 28 32 40 41 61 62 66 67 68 69 71 
15 18 18 18 25 28 32 40 41 61 62 54 65 68 69 71 
15 9 2 0 13 18 18 18 25 28 32 40 41 46 54 62 66 67 69 71 
15 9 2 0 13 11 16 18 18 18 25 28 32 40 56 59 61 62 66 67 69 71 
15 19 29 25 18 18 18 25 28 32 40 41 61 62 66 67 68 69 71 
15 9 2 0 5 3 13 11 16 18 18 18 25 28 32 40 56 59 61 62 66 67 69 71 
15 9 2 0 13 11 16 18 18 18 16 24 30 33 39 40 41 46 54 65 68 69 71 
15 9 2 0 13 3 6 11 16 18 18 18 16 24 30 33 39 40 41 46 54 65 68 69 71 
15 9 2 0 13 11 16 18 18 18 25 28 32 40 41 46 54 65 68 69 71 
15 9 2 0 5 3 13 11 16 18 18 18 25 28 32 40 41 46 54 65 68 67 69 71 
15 19 29 25 18 18 18 25 28 32 40 56 58 63 66 67 68 69 71 
15 9 2 0 13 18 18 18 25 28 32 40 41 61 62 54 65 68 69 71 
15 9 2 0 5 3 13 18 18 18 25 28 32 40 56 59 61 62 66 67 69 71 
15 19 29 25 18 18 18 25 28 32 40 41 46 54 65 68 67 69 71 
15 9 2 0 13 11 16 18 18 18 25 28 32 40 41 61 62 54 65 68 69 71 
15 9 2 0 13 3 6 11 16 18 18 18 25 28 32 40 41 61 62 54 65 68 69 71 
15 19 29 25 28 26 23 24 16 18 18 18 25 28 32 40 41 61 62 66 67 68 69 71 
15 9 2 0 5 3 13 18 18 18 25 28 32 40 41 46 54 65 68 69 71 
15 9 2 0 5 3 13 11 16 18 18 18 25 28 32 40 41 61 62 54 65 68 69 71 
15 9 2 0 5 3 13 11 16 18 18 18 25 28 32 40 41 61 62 66 67 68 69 71 
15 18 18 18 16 24 30 33 39 40 41 46 54 65 68 69 71 
15 9 2 0 13 3 6 11 16 18 18 18 25 28 32 40 41 46 54 62 66 67 69 71 
---------------
Request id 2
34 31 27 24 24 24 27 22 21 17 14 12 10 
34 31 27 22 21 17 14 12 11 16 24 24 24 16 11 6 8 10 
34 38 39 40 32 28 25 18 13 11 16 24 24 24 20 17 16 11 6 8 10 
34 31 27 22 21 17 20 24 24 24 16 11 12 10 
34 38 39 33 30 24 24 24 16 18 13 11 6 8 10 
34 31 27 24 24 24 16 18 13 11 6 8 10 
34 31 27 22 21 17 16 24 24 24 20 17 14 12 10 
34 38 39 40 32 28 25 18 16 24 24 24 16 18 13 11 12 10 
34 38 39 40 32 28 25 18 13 11 16 24 24 24 16 18 13 3 6 8 10 
34 38 42 51 56 40 39 33 30 24 24 24 16 11 12 10 
34 31 27 22 21 17 14 12 11 16 24 24 24 16 18 13 11 6 8 10 
34 38 42 51 56 40 39 33 30 24 24 24 27 22 21 17 14 12 10 
34 31 27 24 24 24 20 17 16 11 12 10 
34 38 39 40 32 28 25 18 13 11 16 24 24 24 16 11 12 10 
34 38 39 33 30 24 24 24 20 17 16 11 12 10 
34 38 42 51 56 40 32 28 26 23 24 24 24 16 18 13 3 6 8 10 
34 38 42 51 56 40 39 33 30 24 24 24 16 18 13 11 12 10 
34 38 42 51 56 40 39 33 30 24 24 24 20 17 16 11 6 8 10 
34 38 39 40 32 28 26 23 24 24 24 20 17 14 12 10 
34 38 39 33 30 24 24 24 16 17 14 12 10 
34 31 27 22 21 17 16 24 24 24 16 18 13 11 12 10 
34 38 42 51 56 40 39 33 30 24 24 24 16 18 13 11 6 8 10 
34 38 39 33 30 24 24 24 16 11 12 10 
34 31 27 22 21 17 20 24 24 24 16 18 13 11 12 10 
34 38 42 51 56 40 32 28 26 23 24 24 24 27 22 21 17 14 12 10 
34 38 39 40 32 28 25 18 16 24 24 24 20 17 16 11 12 10 
34 38 42 51 56 40 39 33 30 24 24 24 16 18 13 3 6 8 10 
34 38 39 40 32 28 26 23 24 24 24 16 18 13 3 6 8 10 
34 38 42 51 56 40 32 28 26 23 24 24 24 16 18 13 11 12 10 
34 31 27 22 21 17 14 12 11 16 24 24 24 16 18 13 11 12 10 
---------------
Request id 5
21 22 27 24 16 11 12 14 17 17 16 24 30 33 39 40 
21 22 27 24 16 11 12 14 17 17 16 24 23 26 28 32 40 
21 22 27 24 16 17 17 16 18 25 28 32 40 
21 22 27 24 16 17 17 16 11 13 18 25 28 32 40 
21 22 27 24 23 26 28 25 18 13 11 16 17 17 20 24 23 26 28 32 40 
21 17 17 21 22 27 31 34 38 39 40 
21 22 27 24 20 17 17 16 24 30 33 39 40 
21 22 27 31 34 38 39 33 30 24 20 17 17 16 11 13 18 25 28 32 40 
21 22 27 31 34 38 39 33 30 24 20 17 17 16 18 25 28 32 40 
21 22 27 31 34 38 39 33 30 24 16 17 17 20 24 23 26 28 32 40 
21 22 27 24 16 11 6 8 10 12 14 17 17 16 11 13 18 25 28 32 40 
21 17 17 16 24 30 33 39 40 
21 22 27 24 16 18 13 11 12 14 17 17 20 24 30 33 39 40 
21 22 27 24 20 17 17 20 24 23 26 28 32 40 
21 17 17 21 22 27 24 30 33 39 40 
21 22 27 24 23 26 28 25 18 16 17 17 16 11 13 18 25 28 32 40 
21 22 27 24 23 26 28 25 18 13 11 16 17 17 20 24 16 18 25 28 32 40 
21 22 27 24 16 18 13 11 12 14 17 17 20 24 23 26 28 32 40 
21 22 27 24 16 18 13 11 12 14 17 17 21 22 27 24 30 33 39 40 
21 22 27 24 20 17 17 21 22 27 24 30 33 39 40 
21 22 27 31 34 38 39 33 30 24 20 17 17 21 22 27 24 30 33 39 40 
21 22 27 24 16 18 13 11 12 14 17 17 20 24 16 18 25 28 32 40 
21 22 27 24 16 11 6 8 10 12 14 17 17 20 24 16 18 25 28 32 40 
21 22 27 24 16 18 13 11 12 14 17 17 16 24 23 26 28 32 40 
21 22 27 31 34 38 39 33 30 24 20 17 17 16 24 23 26 28 32 40 
21 22 27 24 16 17 17 16 24 30 33 39 40 
21 22 27 24 16 11 12 14 17 17 16 18 25 28 32 40 
21 22 27 24 16 11 6 8 10 12 14 17 17 16 24 27 31 34 38 39 40 
21 22 27 31 34 38 39 33 30 24 20 17 17 20 24 30 33 39 40 
21 22 27 24 23 26 28 25 18 13 11 16 17 17 20 24 30 33 39 40 
---------------
