Request id 12
57 48 44 45 37 35 32 28 26 23 24 24 30 33 39 40 41 61 62 66 67 68 69 
57 48 44 45 37 35 32 28 26 23 24 24 30 33 39 40 41 46 54 65 68 69 
57 48 46 41 40 39 33 30 24 24 23 26 28 32 40 41 61 62 66 67 69 
57 48 46 41 40 39 38 34 31 27 24 24 30 33 39 40 41 61 62 54 65 68 69 
57 48 46 41 40 32 28 25 18 16 24 24 30 33 39 40 41 61 62 66 67 69 
57 48 46 41 61 59 56 40 39 33 30 24 24 30 33 39 40 56 59 61 62 66 67 69 
57 48 44 45 37 35 32 28 25 18 16 24 24 30 33 39 40 41 61 62 66 67 68 69 
57 48 44 45 37 35 32 28 26 23 24 24 30 33 39 40 56 58 63 66 67 69 
57 48 44 45 37 35 32 28 25 18 16 24 24 23 26 28 32 40 56 58 63 66 67 69 
57 48 46 41 40 39 38 34 31 27 24 24 23 26 28 32 40 41 61 62 66 67 69 
---------------
Request id 17
26 28 32 40 39 38 34 31 27 24 24 24 20 17 21 22 27 31 34 38 42 
26 28 25 18 13 3 6 11 16 24 24 24 30 33 39 40 56 58 55 49 42 
26 28 25 18 13 11 16 24 24 24 16 18 25 28 32 40 39 38 42 
26 28 32 40 39 33 30 24 24 24 30 33 39 40 56 51 42 
26 28 25 18 16 24 24 24 16 18 25 28 32 40 56 51 42 
26 28 25 18 16 17 21 22 27 24 24 24 20 17 21 22 27 31 34 38 42 
26 28 25 18 16 17 20 24 24 24 27 31 34 38 39 40 56 51 42 
26 23 24 24 24 30 33 39 40 56 51 42 
26 28 32 40 39 33 30 24 24 24 23 26 28 32 40 56 51 42 
26 23 24 24 24 30 33 39 38 42 
---------------
Request id 5
27 31 34 38 39 40 32 28 26 23 24 24 24 20 17 14 12 10 8 7 
27 31 34 38 39 40 32 28 26 23 24 24 24 16 18 13 11 6 8 7 
27 31 34 38 39 33 30 24 24 24 20 17 16 11 6 8 7 
27 22 21 17 20 24 24 24 16 17 14 12 10 8 7 
27 31 34 38 39 40 32 28 26 23 24 24 24 16 17 14 12 10 8 7 
27 31 34 38 39 33 30 24 24 24 16 17 14 12 10 8 7 
27 22 21 17 20 24 24 24 16 18 13 11 6 8 7 
27 22 21 17 14 12 11 13 18 16 24 24 24 16 18 13 3 6 8 7 
27 31 34 38 39 40 32 28 25 18 16 24 24 24 16 11 12 10 8 7 
27 22 21 17 16 24 24 24 16 17 14 12 10 8 7 
---------------
Request id 16
19 15 9 2 0 5 3 13 11 16 18 18 18 25 29 36 37 35 32 40 
19 29 25 18 18 18 13 11 16 24 23 26 28 32 40 
19 29 25 28 26 23 24 16 18 18 18 13 11 16 24 23 26 28 32 40 
19 29 25 28 26 23 24 16 18 18 18 13 11 16 24 30 33 39 40 
19 15 9 2 0 13 3 6 11 16 18 18 18 13 11 16 24 23 26 28 32 40 
19 29 25 18 18 18 16 24 27 31 34 38 39 40 
19 15 9 2 0 13 18 18 18 13 11 16 24 30 33 39 40 
19 29 25 18 18 18 25 29 36 37 35 32 40 
19 15 9 2 0 5 3 13 11 16 18 18 18 16 17 20 24 30 33 39 40 
19 15 9 2 0 13 11 16 18 18 18 13 11 16 24 23 26 28 32 40 
---------------
Request id 18
59 56 40 32 35 37 36 29 25 18 18 18 25 28 32 40 41 46 54 62 66 67 69 71 72 73 
59 61 41 40 32 28 25 18 18 18 25 29 36 37 45 44 48 57 60 64 70 74 73 
59 61 41 40 39 33 30 24 16 18 18 18 25 28 32 40 41 46 54 65 64 70 74 73 
59 56 40 32 35 37 36 29 25 18 18 18 25 29 36 37 45 44 48 57 60 64 70 74 73 
59 56 40 32 28 25 29 19 15 18 18 18 25 28 32 35 37 45 44 48 57 60 64 70 74 73 
59 61 41 40 32 35 37 36 29 25 18 18 18 25 28 32 35 37 45 44 48 57 60 64 70 74 73 
59 61 41 40 39 33 30 24 16 18 18 18 25 28 32 40 41 46 54 65 68 69 71 72 73 
59 56 40 39 33 30 24 16 18 18 18 25 28 32 40 41 46 48 57 60 64 70 74 73 
59 56 40 32 28 25 29 19 15 18 18 18 25 28 32 40 41 46 54 65 68 69 71 72 73 
59 56 40 32 28 25 29 19 15 18 18 18 25 28 32 40 41 46 48 57 60 64 70 74 73 
---------------
Request id 1
67 68 65 54 46 41 40 32 28 25 18 18 18 16 24 23 26 28 25 29 19 15 
67 66 62 54 46 41 40 32 28 25 18 18 18 16 24 23 26 28 25 29 19 15 
67 66 62 61 41 40 32 28 25 18 18 18 16 24 23 26 28 25 29 19 15 
67 66 62 61 41 40 32 28 26 23 24 16 18 18 18 15 
67 66 62 54 46 41 40 32 28 25 18 18 18 16 11 13 0 2 9 15 
67 66 63 58 56 40 39 33 30 24 16 18 18 18 13 11 6 3 5 0 2 9 15 
67 68 65 54 62 61 41 40 32 28 25 18 18 18 16 11 13 3 5 0 2 9 15 
67 66 62 54 46 41 40 32 28 25 18 18 18 25 28 32 35 37 36 29 19 15 
67 68 65 54 46 41 40 32 28 25 18 18 18 16 11 6 3 13 0 2 9 15 
67 68 65 54 62 61 41 40 32 28 25 18 18 18 13 0 2 9 15 
---------------
Request id 2
32 40 39 33 30 24 16 18 18 18 16 17 20 24 27 31 34 38 39 
32 40 39 33 30 24 20 17 16 18 18 18 15 19 29 25 28 32 40 39 
32 40 39 33 30 24 20 17 16 18 18 18 16 24 27 31 34 38 39 
32 28 25 29 19 15 18 18 18 16 24 27 31 34 38 39 
32 40 39 33 30 24 20 17 16 18 18 18 16 24 30 33 39 
32 40 39 38 34 31 27 24 16 18 18 18 16 17 20 24 27 31 34 38 39 
32 35 37 36 29 19 15 18 18 18 25 28 26 23 24 30 33 39 
32 40 39 33 30 24 20 17 16 18 18 18 25 28 32 40 39 
32 28 26 23 24 20 17 16 18 18 18 25 28 32 40 39 
32 35 37 36 29 19 15 18 18 18 25 28 32 40 39 
---------------
Request id 20
56 40 39 38 34 31 27 24 30 33 39 40 41 46 54 65 64 70 74 73 
56 40 32 28 25 18 16 24 30 33 39 40 41 46 54 65 64 70 74 73 
56 59 61 41 40 32 28 26 23 24 30 33 39 40 41 46 54 65 68 69 71 72 73 
56 40 32 28 26 23 24 16 18 25 28 32 40 41 46 54 65 64 70 74 73 
56 51 42 38 39 33 30 24 30 33 39 40 41 61 62 54 65 64 70 74 73 
56 40 32 28 26 23 24 30 33 39 40 41 46 54 65 64 70 74 73 
56 59 61 41 40 39 33 30 24 30 33 39 40 41 61 62 66 67 69 71 72 73 
56 51 42 38 34 31 27 24 30 33 39 40 41 61 62 66 67 68 69 71 72 73 
56 51 42 38 39 33 30 24 30 33 39 40 41 61 62 66 67 69 71 72 73 
56 51 42 38 34 31 27 24 30 33 39 40 41 46 54 65 68 69 71 72 73 
---------------
Request id 14
59 61 41 40 32 28 25 18 16 24 20 17 16 11 12 
59 56 51 42 38 39 33 30 24 27 22 21 17 14 12 
59 56 40 39 38 34 31 27 24 16 17 14 12 
59 56 40 39 38 34 31 27 24 16 18 13 11 12 
59 56 40 39 33 30 24 16 17 14 12 
59 56 40 39 38 34 31 27 24 27 22 21 17 14 12 
59 56 51 42 38 34 31 27 24 27 22 21 17 16 11 12 
59 56 40 39 38 34 31 27 24 16 18 13 3 6 11 12 
59 56 40 39 38 34 31 27 24 20 17 14 12 
59 61 41 40 39 38 34 31 27 24 27 22 21 17 14 12 
---------------
Request id 3
33 39 40 56 51 42 38 34 31 27 24 24 27 31 34 38 39 40 41 61 59 
33 39 40 56 51 42 38 34 31 27 24 24 23 26 28 32 40 56 59 
33 39 40 32 28 25 18 16 17 20 24 24 30 33 39 40 41 61 59 
33 39 38 34 31 27 22 21 17 20 24 24 30 33 39 40 56 59 
33 39 40 32 28 25 18 16 24 24 30 33 39 38 42 51 56 59 
33 39 38 34 31 27 24 24 30 33 39 40 41 61 59 
33 39 40 32 28 26 23 24 24 30 33 39 38 42 51 56 59 
33 39 40 32 28 25 18 16 17 20 24 24 16 18 25 28 32 40 41 61 59 
33 39 38 34 31 27 24 24 30 33 39 38 42 51 56 59 
33 39 38 34 31 27 22 21 17 16 24 24 30 33 39 40 41 61 59 
---------------
Request id 4
21 22 27 31 34 38 39 33 30 24 16 17 21 22 27 31 34 38 42 51 56 58 
21 22 27 31 34 38 39 33 30 24 16 17 21 22 27 31 34 38 42 49 55 58 
21 22 27 31 34 38 39 33 30 24 20 17 16 11 13 18 25 28 32 40 56 58 
21 22 27 31 34 38 39 33 30 24 20 17 20 24 30 33 39 40 56 58 
21 22 27 24 16 17 20 24 30 33 39 40 56 58 
21 22 27 24 23 26 28 25 18 16 17 16 18 25 28 32 40 56 58 
21 22 27 24 16 11 12 14 17 20 24 30 33 39 40 56 58 
21 17 20 24 23 26 28 32 40 56 58 
21 22 27 31 34 38 39 33 30 24 16 17 16 24 30 33 39 38 42 49 55 58 
21 22 27 31 34 38 39 33 30 24 16 17 16 18 25 28 32 40 56 58 
---------------
Request id 19
19 15 9 2 0 13 11 16 18 18 18 25 29 36 37 35 32 40 41 61 62 
19 29 25 28 26 23 24 16 18 18 18 25 28 32 40 56 59 61 62 
19 15 9 2 0 13 11 16 18 18 18 25 28 32 40 41 61 62 
19 29 25 18 18 18 25 28 32 40 56 59 61 62 
19 15 9 2 0 13 3 6 11 16 18 18 18 25 29 36 37 35 32 40 41 61 62 
19 29 25 28 26 23 24 16 18 18 18 25 29 36 37 45 44 48 46 54 62 
19 15 9 2 0 5 3 13 18 18 18 25 28 32 40 41 61 62 
19 29 36 37 35 32 28 25 18 18 18 25 29 36 37 35 32 40 41 61 62 
19 15 9 2 0 13 11 16 18 18 18 25 28 32 40 41 46 54 62 
19 15 9 2 0 5 3 13 11 16 18 18 18 25 28 32 40 41 46 54 62 
---------------
Request id 6
73 72 71 69 68 65 54 46 41 40 39 33 30 24 24 30 33 39 38 34 43 47 52 53 50 
73 74 70 64 65 54 46 41 40 39 38 34 31 27 24 24 30 33 39 38 42 49 50 
73 74 70 64 60 57 48 46 41 40 32 28 26 23 24 24 30 33 39 40 56 51 42 49 50 
73 74 70 64 65 54 62 61 41 40 39 33 30 24 24 30 33 39 38 42 49 50 
73 72 71 69 67 66 62 61 41 40 39 33 30 24 24 23 26 28 32 40 56 58 55 49 50 
73 72 71 69 67 66 62 61 41 40 39 33 30 24 24 16 18 25 28 32 40 39 38 42 49 50 
73 74 70 64 65 54 46 41 40 39 38 34 31 27 24 24 30 33 39 38 34 43 47 52 53 50 
73 72 71 69 67 66 63 58 56 40 39 33 30 24 24 27 31 34 38 42 49 50 
73 74 70 64 65 54 46 41 40 39 33 30 24 24 30 33 39 40 56 51 42 49 50 
73 74 70 64 65 54 46 41 40 32 28 26 23 24 24 30 33 39 40 56 58 55 49 50 
---------------
Request id 7
56 40 32 35 37 36 29 19 15 18 18 15 19 29 25 28 26 23 
56 40 32 28 25 18 18 16 17 20 24 23 
56 40 39 33 30 24 20 17 16 18 18 16 17 21 22 27 24 23 
56 40 32 28 25 18 18 15 19 29 25 28 26 23 
56 40 32 35 37 36 29 25 18 18 13 11 12 14 17 16 24 23 
56 59 61 41 40 32 28 25 18 18 15 19 29 25 28 26 23 
56 40 39 33 30 24 20 17 16 18 18 13 11 12 14 17 16 24 23 
56 40 39 33 30 24 20 17 16 18 18 13 3 6 11 16 24 23 
56 40 39 33 30 24 16 18 18 13 11 12 14 17 16 24 23 
56 51 42 38 39 33 30 24 16 18 18 16 17 21 22 27 24 23 
---------------
Request id 10
57 48 46 41 40 32 35 37 36 29 25 18 18 16 24 20 17 14 12 10 
57 48 46 41 40 32 28 25 18 18 13 3 1 4 7 8 10 
57 48 46 54 62 61 41 40 32 28 25 18 18 13 3 6 11 12 10 
57 48 44 45 37 35 32 28 25 18 18 16 11 12 10 
57 48 46 41 40 32 35 37 36 29 25 18 18 13 11 12 10 
57 48 46 41 40 32 35 37 36 29 25 18 18 13 3 1 4 7 8 10 
57 48 46 41 40 32 35 37 36 29 25 18 18 13 11 6 8 10 
57 48 46 41 40 32 35 37 36 29 25 18 18 13 3 6 8 10 
57 60 64 65 54 46 41 40 32 28 25 18 18 16 11 12 10 
57 48 46 41 61 59 56 40 32 28 25 18 18 13 11 6 8 10 
---------------
Request id 13
60 64 65 54 46 41 40 39 33 30 24 16 18 18 18 25 28 32 40 56 59 61 62 
60 57 48 46 41 40 39 33 30 24 16 18 18 18 16 24 30 33 39 40 41 61 62 
60 57 48 46 41 40 32 28 25 18 18 18 25 28 32 40 41 46 54 62 
60 57 48 44 45 37 36 29 25 18 18 18 16 24 30 33 39 40 56 59 61 62 
60 57 48 44 45 37 35 32 28 25 18 18 18 16 24 30 33 39 40 56 59 61 62 
60 57 48 44 45 37 36 29 25 18 18 18 25 28 32 40 41 61 62 
60 64 65 54 46 41 40 32 28 25 18 18 18 16 24 23 26 28 32 40 41 61 62 
60 57 48 46 41 40 32 35 37 36 29 25 18 18 18 16 24 30 33 39 40 41 61 62 
60 57 48 46 41 40 32 28 25 18 18 18 25 28 32 40 56 59 61 62 
60 57 48 44 45 37 35 32 28 25 18 18 18 16 24 23 26 28 32 40 41 61 62 
---------------
Request id 9
21 22 27 24 16 11 6 8 10 12 14 17 17 17 16 24 30 33 39 38 34 31 27 22 
21 22 27 24 16 11 12 14 17 17 17 20 24 30 33 39 38 34 31 27 22 
21 22 27 24 16 18 13 11 12 14 17 17 17 16 18 25 28 26 23 24 27 22 
21 22 27 31 34 38 39 33 30 24 16 17 17 17 14 12 11 16 24 27 22 
21 22 27 24 16 18 13 11 12 14 17 17 17 14 12 11 16 24 27 22 
21 17 17 17 20 24 27 22 
21 17 17 17 14 12 11 16 24 27 22 
21 22 27 31 34 38 39 33 30 24 20 17 17 17 14 12 11 16 24 27 22 
21 22 27 31 34 38 39 33 30 24 20 17 17 17 14 12 10 8 6 11 16 24 27 22 
21 22 27 24 16 11 6 8 10 12 14 17 17 17 16 11 13 18 25 28 26 23 24 27 22 
---------------
Request id 11
74 70 64 65 54 62 61 41 40 39 33 30 24 24 24 30 33 39 40 41 46 54 65 64 60 
74 70 64 60 57 48 46 41 40 39 33 30 24 24 24 30 33 39 40 41 46 54 65 64 60 
74 70 64 60 57 48 46 41 40 32 28 26 23 24 24 24 30 33 39 40 41 61 62 54 65 64 60 
74 70 64 65 54 46 41 40 39 33 30 24 24 24 16 18 25 28 32 40 41 46 48 57 60 
74 70 64 65 54 62 61 59 56 40 39 33 30 24 24 24 16 18 25 29 36 37 45 44 48 57 60 
74 70 64 65 54 62 61 41 40 32 28 26 23 24 24 24 30 33 39 40 41 46 54 65 64 60 
74 70 64 65 54 62 61 59 56 40 39 33 30 24 24 24 23 26 28 32 40 41 46 48 57 60 
74 70 64 60 57 48 46 41 40 32 28 26 23 24 24 24 16 18 25 29 36 37 45 44 48 57 60 
74 70 64 65 54 46 41 40 32 28 26 23 24 24 24 30 33 39 40 41 61 62 54 65 64 60 
74 70 64 65 54 62 61 59 56 40 39 33 30 24 24 24 30 33 39 40 41 61 62 54 65 64 60 
---------------
Request id 15
69 68 67 66 63 58 56 40 39 33 30 24 16 18 15 9 2 0 5 
69 68 65 54 62 61 41 40 39 33 30 24 16 11 13 3 5 
69 67 66 62 54 46 41 40 39 33 30 24 20 17 16 11 6 3 5 
69 68 65 54 62 61 41 40 39 33 30 24 20 17 16 18 13 0 5 
69 67 66 62 61 41 40 32 28 26 23 24 16 11 13 3 5 
69 67 66 62 61 59 56 40 39 33 30 24 20 17 16 11 6 3 5 
69 67 66 62 54 46 41 40 39 33 30 24 16 11 13 3 5 
69 67 68 65 54 46 41 40 39 33 30 24 20 17 16 11 13 0 5 
69 68 67 66 62 61 41 40 39 33 30 24 16 18 13 11 6 3 5 
69 68 67 66 63 58 56 40 39 33 30 24 20 17 16 11 13 0 5 
---------------
Request id 8
49 42 51 56 40 39 33 30 24 30 33 39 40 41 61 62 66 67 68 
49 42 38 39 40 32 28 26 23 24 30 33 39 40 41 61 62 66 67 69 68 
49 42 38 39 33 30 24 30 33 39 40 41 46 54 65 68 
49 42 38 39 40 32 28 26 23 24 23 26 28 32 40 56 58 63 66 67 68 
49 55 58 56 40 39 33 30 24 23 26 28 32 40 56 58 63 66 67 68 
49 42 38 34 31 27 24 23 26 28 32 40 56 58 63 66 67 68 
49 42 38 39 40 32 28 26 23 24 30 33 39 40 41 61 62 54 65 68 
49 42 51 56 40 32 28 26 23 24 16 18 25 28 32 40 41 46 54 65 68 
49 55 58 56 40 32 28 26 23 24 16 18 25 28 32 40 41 46 54 65 68 
49 55 58 56 40 39 33 30 24 30 33 39 40 56 58 63 66 67 68 
---------------
