Request id 17
13 10 3 1 2 0 0 1 3 10 11 8 9 
13 10 3 1 0 0 7 8 9 
13 12 5 2 0 0 7 6 4 5 9 
13 12 5 2 1 0 0 1 2 5 9 
13 10 3 1 2 0 0 7 8 11 12 5 9 
13 12 11 8 7 0 0 7 8 9 
13 12 5 2 1 0 0 7 8 11 12 5 9 
13 10 11 8 7 0 0 1 3 4 5 9 
13 12 5 2 0 0 2 1 3 4 5 9 
13 12 5 2 0 0 7 8 11 12 5 9 
13 12 5 2 0 0 1 2 5 9 
13 12 5 2 1 0 0 7 8 9 
13 8 7 0 0 7 8 11 12 5 9 
13 10 3 1 0 0 1 3 4 5 9 
13 10 3 1 2 0 0 1 3 4 5 9 
13 10 11 8 7 0 0 7 8 9 
13 12 11 8 7 0 0 2 1 3 4 5 9 
13 8 9 5 2 0 0 7 8 13 12 5 9 
13 12 5 2 0 0 1 3 4 5 9 
13 12 11 8 7 0 0 2 5 9 
13 8 9 5 2 0 0 1 3 10 11 8 9 
13 8 9 5 2 0 0 1 3 4 5 9 
13 12 5 2 1 0 0 1 3 4 5 9 
13 10 3 4 5 2 0 0 2 1 3 4 5 9 
13 8 7 0 0 1 3 10 11 8 9 
13 10 3 4 5 2 0 0 7 8 9 
13 8 11 12 5 2 0 0 1 3 10 11 8 9 
13 12 5 2 1 0 0 2 5 12 13 8 9 
13 12 5 2 0 0 2 5 9 
13 12 11 8 7 0 0 7 8 11 12 5 9 
13 10 3 1 0 0 7 8 11 12 5 9 
13 12 5 2 1 0 0 7 8 13 12 5 9 
13 8 7 0 0 7 8 9 
13 8 9 5 2 0 0 7 8 9 
13 8 11 12 5 2 0 0 7 8 11 12 5 9 
13 12 5 2 0 0 7 8 9 
13 10 3 1 0 0 2 5 9 
13 8 11 12 5 2 0 0 7 8 9 
13 12 5 2 1 0 0 2 5 9 
13 10 3 1 2 0 0 7 8 13 12 5 9 
---------------
Request id 5
5 4 3 10 13 8 7 
5 9 8 13 10 3 4 3 1 2 0 7 
5 9 8 13 10 3 4 5 12 13 8 7 
5 4 3 10 11 8 7 
5 2 0 1 3 4 5 12 13 8 7 
5 12 13 10 3 4 5 12 13 8 7 
5 12 11 10 3 4 5 12 13 8 7 
5 12 13 8 7 6 4 3 10 13 8 7 
5 9 8 7 6 4 5 12 11 8 7 
5 9 8 7 6 4 5 9 8 7 
5 2 0 7 6 4 5 9 8 7 
5 2 0 7 6 4 3 1 2 0 7 
5 2 1 0 7 6 4 3 10 11 8 7 
5 4 5 2 1 0 7 
5 12 13 10 3 4 3 1 0 7 
5 2 0 1 3 4 3 1 2 0 7 
5 2 1 3 4 5 12 13 8 7 
5 2 1 3 4 3 10 13 8 7 
5 9 8 13 10 3 4 5 2 1 0 7 
5 9 8 13 10 3 4 3 1 0 7 
5 12 13 8 7 6 4 5 2 1 0 7 
5 12 11 10 3 4 3 1 2 0 7 
5 9 8 7 6 4 3 1 2 0 7 
5 12 11 10 3 4 3 1 0 7 
5 9 8 13 10 3 4 5 2 0 7 
5 2 0 1 3 4 5 12 11 8 7 
5 2 0 7 6 4 5 2 1 0 7 
5 12 13 8 7 6 4 3 1 0 7 
5 2 0 1 3 4 5 9 8 7 
5 2 1 0 7 6 4 5 9 8 7 
5 2 1 0 7 6 4 5 12 11 8 7 
5 12 11 10 3 4 5 12 11 8 7 
5 9 8 7 6 4 3 10 13 8 7 
5 2 0 1 3 4 5 2 1 0 7 
5 12 13 10 3 4 3 1 2 0 7 
5 9 8 7 6 4 5 2 1 0 7 
5 9 8 7 6 4 3 1 0 7 
5 2 1 3 4 3 1 0 7 
5 2 0 1 3 4 6 7 
5 2 1 3 4 3 1 2 0 7 
---------------
Request id 13
1 0 7 8 9 5 4 5 12 11 8 7 0 7 6 4 3 
1 0 2 5 4 3 10 13 8 7 0 1 2 5 4 3 
1 0 2 5 4 5 2 0 7 8 11 10 3 
1 0 7 8 11 10 3 4 5 9 8 7 0 2 5 12 13 10 3 
1 0 2 5 4 5 9 8 7 0 1 3 
1 3 10 11 12 5 4 5 12 11 8 7 0 7 8 11 10 3 
1 2 5 4 5 12 13 8 7 0 1 3 
1 3 10 11 12 5 4 6 7 0 7 8 13 10 3 
1 3 10 11 12 5 4 5 12 11 8 7 0 1 2 5 4 3 
1 0 7 6 4 5 2 1 0 2 5 12 13 10 3 
1 0 2 5 4 5 9 8 7 0 2 1 3 
1 0 7 8 11 10 3 4 3 10 11 8 7 0 7 8 13 10 3 
1 0 7 8 11 10 3 4 5 12 11 8 7 0 2 5 4 3 
1 3 10 11 12 5 4 3 1 0 1 3 
1 0 7 8 9 5 4 3 10 13 8 7 0 7 8 9 5 4 3 
1 0 7 8 11 10 3 4 5 12 11 8 7 0 7 6 4 3 
1 0 2 5 4 6 7 0 7 8 9 5 4 3 
1 2 5 4 5 9 8 7 0 7 8 13 10 3 
1 0 7 8 9 5 4 5 12 13 8 7 0 7 8 9 5 4 3 
1 3 4 3 10 13 8 7 0 7 8 9 5 4 3 
1 0 7 8 11 10 3 4 3 10 11 8 7 0 2 5 4 3 
1 3 10 13 12 5 4 5 2 1 0 2 1 3 
1 3 4 5 12 11 8 7 0 7 8 11 10 3 
1 0 7 8 11 10 3 4 3 1 0 2 5 4 3 
1 3 10 11 12 5 4 3 1 2 0 2 5 12 11 10 3 
1 0 7 8 9 5 4 5 12 11 8 7 0 1 3 
1 0 7 6 4 5 12 13 8 7 0 1 3 
1 2 0 7 6 4 5 9 8 7 0 2 5 4 3 
1 3 10 11 12 5 4 5 2 0 1 3 
1 3 4 3 10 11 8 7 0 1 2 5 4 3 
1 0 2 5 4 5 2 1 0 2 5 12 13 10 3 
1 0 7 8 9 5 4 3 1 0 2 5 12 13 10 3 
1 0 2 5 4 6 7 0 2 5 12 13 10 3 
1 3 10 13 12 5 4 5 9 8 7 0 1 3 
1 3 4 3 10 13 8 7 0 2 5 12 13 10 3 
1 2 0 7 6 4 3 10 11 8 7 0 7 8 9 5 4 3 
1 3 10 13 8 9 5 4 5 12 11 8 7 0 2 5 12 13 10 3 
1 3 10 11 12 5 4 6 7 0 2 5 12 11 10 3 
1 2 0 7 6 4 6 7 0 7 6 4 3 
1 0 7 6 4 5 2 0 7 8 9 5 4 3 
---------------
Request id 1
10 3 4 4 4 5 9 8 7 0 2 
10 13 8 7 6 4 4 4 6 7 0 1 2 
10 3 1 0 7 6 4 4 4 3 10 13 12 5 2 
10 3 1 0 7 6 4 4 4 3 1 0 2 
10 13 8 11 12 5 4 4 4 6 7 0 1 2 
10 13 8 11 12 5 4 4 4 3 1 2 
10 13 12 5 4 4 4 6 7 8 11 12 5 2 
10 11 12 5 4 4 4 3 10 13 12 5 2 
10 13 8 7 6 4 4 4 5 2 
10 13 8 11 12 5 4 4 4 6 7 0 2 
10 13 8 11 12 5 4 4 4 6 7 8 11 12 5 2 
10 13 12 5 4 4 4 3 10 13 12 5 2 
10 3 1 2 5 4 4 4 6 7 0 1 2 
10 3 1 2 5 4 4 4 6 7 8 9 5 2 
10 11 8 9 5 4 4 4 6 7 8 9 5 2 
10 3 1 2 5 4 4 4 3 1 0 2 
10 13 8 7 6 4 4 4 6 7 8 11 12 5 2 
10 3 1 0 7 6 4 4 4 6 7 0 1 2 
10 13 8 11 12 5 4 4 4 3 10 11 12 5 2 
10 13 8 11 12 5 4 4 4 6 7 8 9 5 2 
10 11 8 7 6 4 4 4 5 2 
10 11 8 7 6 4 4 4 3 10 13 12 5 2 
10 11 8 7 6 4 4 4 6 7 0 1 2 
10 13 8 9 5 4 4 4 3 1 0 2 
10 11 12 5 4 4 4 3 1 0 2 
10 3 1 0 7 6 4 4 4 3 1 2 
10 13 12 5 4 4 4 5 9 8 7 0 2 
10 3 1 0 7 6 4 4 4 6 7 8 9 5 2 
10 11 8 7 6 4 4 4 3 1 0 2 
10 11 12 5 4 4 4 6 7 0 1 2 
10 13 8 9 5 4 4 4 5 9 8 7 0 2 
10 3 1 2 5 4 4 4 6 7 0 2 
10 3 4 4 4 6 7 0 2 
10 13 8 9 5 4 4 4 3 1 2 
10 13 12 5 4 4 4 5 2 
10 11 8 7 6 4 4 4 5 9 8 7 0 2 
10 13 12 5 4 4 4 6 7 0 1 2 
10 3 1 2 5 4 4 4 6 7 8 11 12 5 2 
10 3 4 4 4 6 7 8 9 5 2 
10 11 12 5 4 4 4 5 2 
---------------
Request id 14
2 5 9 8 11 12 13 10 
2 0 7 8 13 12 11 8 9 5 12 13 10 
2 1 0 7 8 11 10 
2 0 7 8 11 8 9 5 4 3 10 
2 0 7 8 13 12 11 8 9 5 4 3 10 
2 0 7 8 13 12 11 12 5 4 3 10 
2 5 4 3 10 11 12 5 2 1 3 10 
2 5 12 13 10 11 12 5 4 3 10 
2 0 7 8 13 12 11 8 13 10 
2 0 1 3 10 11 8 7 0 1 3 10 
2 5 12 13 8 11 8 9 5 4 3 10 
2 0 7 8 11 12 5 4 3 10 
2 5 12 13 8 11 12 5 9 8 13 10 
2 0 7 8 13 12 11 12 13 10 
2 5 12 13 10 11 8 13 10 
2 5 12 13 10 11 12 13 10 
2 0 7 8 11 8 7 0 1 3 10 
2 0 1 3 10 11 8 13 10 
2 1 0 7 8 11 12 5 4 3 10 
2 1 3 10 11 8 13 10 
2 5 12 13 8 11 8 13 10 
2 0 7 8 11 12 5 9 8 13 10 
2 0 1 3 10 11 10 
2 5 12 13 8 11 12 5 4 3 10 
2 5 12 13 8 11 8 7 0 1 3 10 
2 5 12 13 10 11 12 5 2 1 3 10 
2 5 12 13 8 11 12 13 10 
2 0 7 8 13 12 11 8 7 6 4 3 10 
2 5 9 8 11 12 5 9 8 13 10 
2 5 9 8 11 8 7 0 1 3 10 
2 5 12 11 12 13 10 
2 5 12 11 8 13 10 
2 0 1 3 10 11 12 5 4 3 10 
2 5 12 11 8 9 5 12 13 10 
2 5 4 3 10 11 8 7 0 1 3 10 
2 1 0 7 8 11 8 7 0 1 3 10 
2 5 12 11 12 5 4 3 10 
2 0 7 8 11 12 5 2 1 3 10 
2 5 9 8 11 8 9 5 4 3 10 
2 5 12 13 10 11 8 9 5 4 3 10 
---------------
Request id 6
6 4 3 10 13 8 7 0 0 7 8 13 12 5 4 5 2 0 1 3 
6 4 5 9 8 7 0 0 7 6 4 5 12 13 10 3 
6 7 8 9 5 2 0 0 7 8 9 5 4 5 9 8 13 10 3 
6 4 5 9 8 7 0 0 2 5 4 6 7 8 11 10 3 
6 7 0 0 7 8 11 10 3 4 3 
6 7 8 9 5 2 1 0 0 1 3 4 5 12 11 10 3 
6 4 5 9 8 7 0 0 7 8 9 5 4 6 7 8 11 10 3 
6 4 3 1 0 0 7 8 13 10 3 4 5 2 1 3 
6 4 3 1 0 0 7 8 9 5 4 5 9 8 13 10 3 
6 7 8 9 5 2 0 0 1 2 5 4 6 7 0 1 3 
6 4 3 1 2 0 0 1 2 5 4 3 
6 4 3 1 2 0 0 7 8 13 12 5 4 6 7 8 13 10 3 
6 4 5 12 13 8 7 0 0 1 3 4 5 12 13 10 3 
6 4 5 2 0 0 2 1 3 4 5 2 0 1 3 
6 4 5 2 1 0 0 2 1 3 4 5 2 0 1 3 
6 4 3 10 13 8 7 0 0 7 8 9 5 4 6 7 0 2 1 3 
6 4 5 12 13 8 7 0 0 2 1 3 4 6 7 0 1 3 
6 4 5 9 8 7 0 0 7 8 13 12 5 4 5 12 13 10 3 
6 4 5 9 8 7 0 0 7 8 13 10 3 4 3 
6 4 3 1 0 0 1 3 4 3 
6 4 3 1 0 0 7 8 13 10 3 4 5 12 13 10 3 
6 4 5 2 0 0 7 8 11 12 5 4 5 12 13 10 3 
6 4 5 9 8 7 0 0 7 8 13 10 3 4 6 7 8 11 10 3 
6 4 3 1 0 0 7 8 11 10 3 4 5 2 0 1 3 
6 4 3 1 2 0 0 7 8 13 10 3 4 5 9 8 13 10 3 
6 4 5 2 0 0 7 8 13 12 5 4 5 12 13 10 3 
6 7 0 0 7 8 13 10 3 4 6 7 8 13 10 3 
6 7 8 9 5 2 1 0 0 2 1 3 4 5 9 8 13 10 3 
6 4 5 2 1 0 0 1 3 4 5 12 11 10 3 
6 4 5 2 1 0 0 7 8 13 10 3 4 5 9 8 13 10 3 
6 4 5 9 8 7 0 0 7 8 11 12 5 4 6 7 0 1 3 
6 7 8 9 5 2 0 0 7 8 11 12 5 4 5 2 1 3 
6 7 0 0 1 3 4 5 2 1 3 
6 4 3 1 0 0 1 3 4 5 12 13 10 3 
6 4 3 1 2 0 0 7 8 9 5 4 5 2 1 3 
6 4 3 1 0 0 2 1 3 4 5 12 11 10 3 
6 4 5 12 13 8 7 0 0 7 6 4 6 7 0 1 3 
6 4 3 1 0 0 1 2 5 4 6 7 8 11 10 3 
6 7 8 9 5 2 1 0 0 7 8 13 12 5 4 6 7 0 1 3 
6 4 5 2 0 0 7 8 13 10 3 4 5 2 1 3 
---------------
Request id 3
6 7 8 13 10 3 4 5 9 8 7 0 1 
6 7 0 2 1 3 4 5 12 13 8 7 0 1 
6 7 8 11 12 5 4 5 12 13 8 7 0 1 
6 7 0 1 2 5 4 5 12 11 10 3 1 
6 7 8 13 12 5 4 5 9 8 7 0 2 1 
6 7 8 11 10 3 4 5 9 8 7 0 1 
6 7 0 1 3 4 5 12 13 8 7 0 1 
6 7 8 13 12 5 4 5 2 0 1 
6 7 0 1 3 4 5 12 11 10 3 1 
6 7 8 11 12 5 4 5 12 11 10 3 1 
6 7 0 2 1 3 4 5 12 13 10 3 1 
6 7 0 1 3 4 5 2 0 1 
6 7 8 13 12 5 4 5 12 11 10 3 1 
6 7 0 2 5 4 5 2 0 1 
6 7 0 1 2 5 4 5 9 8 7 0 1 
6 7 0 1 2 5 4 5 2 0 1 
6 7 8 9 5 4 5 2 0 1 
6 7 0 2 5 4 3 1 
6 7 8 13 10 3 4 5 2 0 1 
6 7 0 2 5 4 5 12 13 10 3 1 
6 4 5 12 13 10 3 1 
6 7 0 2 5 4 6 7 0 1 
6 7 8 13 10 3 4 6 7 0 2 1 
6 7 8 9 5 4 5 12 13 10 3 1 
6 7 8 13 12 5 4 5 9 8 7 0 1 
6 7 8 13 10 3 4 5 9 8 7 0 2 1 
6 7 8 11 10 3 4 6 7 0 1 
6 7 8 13 12 5 4 6 7 0 2 1 
6 7 0 1 2 5 4 5 2 1 
6 7 0 1 3 4 5 9 8 7 0 2 1 
6 7 0 1 2 5 4 3 1 
6 7 8 13 12 5 4 6 7 0 1 
6 7 0 2 1 3 4 6 7 0 2 1 
6 7 8 13 12 5 4 5 2 1 
6 4 6 7 0 2 1 
6 7 8 11 12 5 4 5 9 8 7 0 1 
6 7 0 2 1 3 4 5 2 1 
6 7 0 1 3 4 3 1 
6 4 3 1 
6 7 8 13 10 3 4 5 12 13 8 7 0 1 
---------------
Request id 4
8 11 10 3 4 5 12 13 8 7 0 2 1 3 4 5 12 13 8 7 6 
8 7 6 4 5 2 1 0 1 2 5 4 5 12 13 8 7 6 
8 9 5 4 3 1 0 7 8 9 5 4 5 9 8 7 6 
8 9 5 4 5 12 13 8 7 0 2 1 3 4 5 12 13 8 7 6 
8 13 10 11 12 5 4 6 7 0 2 5 4 5 12 13 8 7 6 
8 13 10 11 12 5 4 5 12 13 8 7 0 7 6 4 6 
8 13 10 11 12 5 4 5 9 8 7 0 7 6 4 5 9 8 7 6 
8 7 0 2 5 4 5 2 1 0 7 8 9 5 4 5 9 8 7 6 
8 7 0 1 3 4 3 10 11 8 7 0 7 8 13 10 3 4 3 1 0 7 6 
8 13 12 5 4 5 2 1 0 7 8 11 12 5 4 5 9 8 7 6 
8 7 0 2 5 4 5 12 13 8 7 0 1 3 4 3 1 2 0 7 6 
8 9 5 4 3 1 2 0 7 8 11 12 5 4 5 2 1 0 7 6 
8 13 12 5 4 5 12 11 8 7 0 2 5 4 5 2 0 7 6 
8 11 10 3 4 3 1 0 7 8 13 10 3 4 3 10 13 8 7 6 
8 7 6 4 5 12 13 8 7 0 1 3 4 5 2 0 7 6 
8 9 5 2 1 3 4 3 10 11 8 7 0 7 6 4 3 1 2 0 7 6 
8 9 5 4 3 1 2 0 7 6 4 5 2 1 0 7 6 
8 9 5 2 1 3 4 3 1 2 0 7 8 11 10 3 4 6 
8 7 0 2 5 4 6 7 0 7 6 4 5 2 0 7 6 
8 13 10 11 12 5 4 5 12 13 8 7 0 2 1 3 4 5 2 1 0 7 6 
8 7 0 2 5 4 5 2 0 1 2 5 4 6 
8 9 5 2 1 3 4 3 10 13 8 7 0 1 3 4 5 9 8 7 6 
8 7 0 2 5 4 5 12 13 8 7 0 1 3 4 5 2 0 7 6 
8 11 12 5 4 5 2 0 2 5 4 3 1 2 0 7 6 
8 7 0 2 5 4 3 1 2 0 1 3 4 3 10 11 8 7 6 
8 7 0 1 3 4 5 2 0 1 3 4 5 2 1 0 7 6 
8 7 0 1 3 4 5 12 13 8 7 0 2 1 3 4 3 10 11 8 7 6 
8 7 0 2 5 4 3 1 2 0 7 8 9 5 4 6 
8 11 12 5 4 5 2 1 0 7 8 13 10 3 4 6 
8 7 6 4 5 12 13 8 7 0 7 8 11 12 5 4 3 10 11 8 7 6 
8 13 10 11 12 5 4 5 12 11 8 7 0 7 8 11 10 3 4 5 12 13 8 7 6 
8 11 12 5 4 5 9 8 7 0 7 8 13 12 5 4 6 
8 11 10 3 4 3 10 13 8 7 0 2 5 4 5 12 11 8 7 6 
8 9 5 2 1 3 4 5 12 11 8 7 0 1 2 5 4 5 2 0 7 6 
8 13 12 5 4 5 2 0 7 6 4 3 10 11 8 7 6 
8 13 10 3 4 5 12 11 8 7 0 7 6 4 5 12 13 8 7 6 
8 13 10 3 4 3 1 0 7 8 9 5 4 6 
8 11 12 5 4 6 7 0 7 6 4 3 1 0 7 6 
8 7 0 1 3 4 3 1 0 1 3 4 5 12 13 8 7 6 
8 11 10 3 4 5 12 13 8 7 0 7 8 13 12 5 4 5 12 13 8 7 6 
---------------
Request id 12
9 8 11 10 3 4 3 1 0 7 8 11 8 13 12 5 4 5 9 8 13 10 3 
9 8 7 6 4 3 10 13 12 11 10 13 12 5 4 6 7 0 2 1 3 
9 8 11 12 5 4 6 7 8 13 10 11 10 13 12 5 4 6 7 8 11 10 3 
9 5 4 3 10 13 8 11 10 3 1 2 5 4 6 7 8 11 10 3 
9 8 11 12 5 4 6 7 8 13 10 11 8 13 12 5 4 6 7 0 1 3 
9 5 12 13 10 3 4 5 12 13 8 11 8 13 10 3 4 6 7 0 1 3 
9 8 7 6 4 6 7 8 13 10 11 10 3 4 5 2 1 3 
9 5 4 3 10 13 12 11 12 13 10 3 4 3 
9 5 4 5 12 11 10 3 4 6 7 0 2 1 3 
9 8 13 12 5 4 3 10 11 10 13 8 9 5 4 5 12 13 10 3 
9 8 13 12 5 4 5 12 13 10 11 10 3 1 2 5 4 5 9 8 13 10 3 
9 8 13 10 3 4 5 9 8 11 8 7 6 4 5 12 11 10 3 
9 5 4 5 12 11 8 13 10 3 4 3 
9 5 4 3 10 13 12 11 12 5 4 6 7 8 13 10 3 
9 5 4 6 7 8 11 10 3 4 5 9 8 13 10 3 
9 8 11 10 3 4 3 10 13 8 11 8 13 12 5 4 5 2 0 1 3 
9 5 2 1 3 4 3 10 11 12 5 4 5 2 1 3 
9 8 7 0 2 5 4 3 10 13 12 11 10 13 12 5 4 3 
9 5 2 0 1 3 4 3 10 11 10 3 4 5 2 0 1 3 
9 5 4 3 10 11 10 13 12 5 4 6 7 8 13 10 3 
9 5 12 13 10 3 4 3 1 0 7 8 11 10 13 8 9 5 4 6 7 0 2 1 3 
9 5 2 0 1 3 4 6 7 8 13 10 11 8 7 6 4 6 7 0 1 3 
9 8 11 12 5 4 3 10 13 12 11 8 9 5 4 6 7 8 11 10 3 
9 8 13 10 3 4 3 1 0 7 8 11 8 13 12 5 4 5 2 0 1 3 
9 8 11 12 5 4 5 12 13 10 11 12 5 4 6 7 8 13 10 3 
9 8 13 10 3 4 3 10 13 8 11 8 13 10 3 4 5 2 0 1 3 
9 5 2 1 3 4 6 7 8 11 10 3 4 5 12 13 10 3 
9 8 13 12 5 4 3 10 13 8 11 10 3 1 2 5 4 3 
9 8 7 6 4 6 7 8 13 10 11 10 13 8 9 5 4 3 
9 5 12 13 10 3 4 5 12 13 8 11 12 13 10 3 4 5 2 1 3 
9 8 11 10 3 4 3 1 0 7 8 11 10 3 1 2 5 4 5 9 8 13 10 3 
9 8 7 6 4 3 1 0 7 8 11 8 13 10 3 4 5 12 11 10 3 
9 8 7 6 4 3 10 13 8 11 10 13 12 5 4 3 
9 5 12 13 10 3 4 6 7 8 13 10 11 8 13 12 5 4 5 12 11 10 3 
9 8 7 0 2 5 4 3 1 0 7 8 11 12 13 10 3 4 6 7 8 11 10 3 
9 5 12 13 10 3 4 3 10 11 8 13 12 5 4 5 2 1 3 
9 5 2 0 1 3 4 3 10 11 8 13 10 3 4 5 9 8 13 10 3 
9 8 13 12 5 4 6 7 8 13 10 11 8 13 10 3 4 5 2 1 3 
9 8 13 12 5 4 3 10 13 8 11 12 13 10 3 4 6 7 8 11 10 3 
9 5 2 1 3 4 5 12 13 10 11 12 13 10 3 4 6 7 8 13 10 3 
---------------
Request id 20
10 11 12 5 4 5 9 8 7 6 
10 3 1 2 5 4 3 10 11 8 7 6 
10 13 12 5 4 5 2 0 7 6 
10 3 1 2 5 4 5 9 8 7 6 
10 11 8 9 5 4 3 1 2 0 7 6 
10 3 1 0 2 5 4 3 1 2 0 7 6 
10 13 12 5 4 3 10 11 8 7 6 
10 3 1 0 2 5 4 5 2 0 7 6 
10 13 8 9 5 4 5 2 0 7 6 
10 3 1 0 2 5 4 5 12 13 8 7 6 
10 13 8 11 12 5 4 6 
10 3 4 5 2 0 7 6 
10 11 8 9 5 4 5 2 1 0 7 6 
10 13 8 11 12 5 4 3 10 11 8 7 6 
10 11 8 7 6 4 6 
10 13 8 9 5 4 5 2 1 0 7 6 
10 3 4 3 10 11 8 7 6 
10 13 8 7 6 4 5 2 0 7 6 
10 3 1 0 2 5 4 3 10 13 8 7 6 
10 3 4 3 10 13 8 7 6 
10 3 1 2 5 4 3 10 13 8 7 6 
10 11 12 5 4 5 12 13 8 7 6 
10 11 8 7 6 4 5 12 13 8 7 6 
10 11 12 5 4 6 
10 3 4 3 1 0 7 6 
10 3 1 0 2 5 4 3 10 11 8 7 6 
10 11 8 7 6 4 3 1 2 0 7 6 
10 11 8 9 5 4 5 2 0 7 6 
10 11 8 9 5 4 5 9 8 7 6 
10 11 12 5 4 3 1 0 7 6 
10 11 8 7 6 4 5 2 1 0 7 6 
10 11 12 5 4 3 10 13 8 7 6 
10 13 8 11 12 5 4 3 10 13 8 7 6 
10 13 8 11 12 5 4 5 12 11 8 7 6 
10 3 4 5 9 8 7 6 
10 13 12 5 4 5 12 11 8 7 6 
10 3 4 5 12 13 8 7 6 
10 3 1 2 5 4 5 2 1 0 7 6 
10 13 12 5 4 5 2 1 0 7 6 
10 13 8 7 6 4 6 
---------------
Request id 18
13 12 5 4 5 9 8 7 6 
13 12 11 10 3 4 6 
13 10 11 12 5 4 3 1 2 0 7 6 
13 10 11 12 5 4 3 1 0 7 6 
13 10 11 12 5 4 5 2 0 7 6 
13 12 11 10 3 4 5 2 1 0 7 6 
13 10 11 12 5 4 5 9 8 7 6 
13 10 3 1 2 5 4 3 10 13 8 7 6 
13 10 11 8 7 6 4 5 2 0 7 6 
13 8 11 10 3 4 3 10 13 8 7 6 
13 8 9 5 4 5 2 0 7 6 
13 12 11 10 3 4 5 12 11 8 7 6 
13 12 5 4 5 12 13 8 7 6 
13 8 9 5 4 3 1 2 0 7 6 
13 10 11 8 7 6 4 5 9 8 7 6 
13 8 11 10 3 4 5 12 13 8 7 6 
13 8 7 6 4 5 9 8 7 6 
13 8 9 5 4 3 1 0 7 6 
13 8 11 10 3 4 3 1 2 0 7 6 
13 8 9 5 4 6 
13 8 7 6 4 5 12 11 8 7 6 
13 12 11 10 3 4 5 9 8 7 6 
13 8 11 12 5 4 5 2 1 0 7 6 
13 10 3 4 3 10 11 8 7 6 
13 8 7 6 4 5 12 13 8 7 6 
13 8 11 10 3 4 5 12 11 8 7 6 
13 10 3 1 2 5 4 3 1 2 0 7 6 
13 12 11 10 3 4 3 1 0 7 6 
13 12 11 10 3 4 5 2 0 7 6 
13 8 7 6 4 3 10 13 8 7 6 
13 8 9 5 4 5 2 1 0 7 6 
13 12 11 10 3 4 3 10 13 8 7 6 
13 8 11 12 5 4 3 1 2 0 7 6 
13 8 7 6 4 3 1 0 7 6 
13 12 11 10 3 4 5 12 13 8 7 6 
13 8 11 10 3 4 3 1 0 7 6 
13 10 11 12 5 4 5 12 13 8 7 6 
13 10 3 1 2 5 4 5 2 0 7 6 
13 8 7 6 4 3 1 2 0 7 6 
13 10 3 4 5 12 11 8 7 6 
---------------
Request id 9
9 8 11 12 5 2 1 0 1 2 5 12 11 10 3 4 5 
9 5 12 11 8 13 12 5 2 0 1 2 5 9 8 11 10 13 12 5 
9 5 12 13 10 11 10 3 1 2 0 1 2 5 9 8 11 10 13 12 5 
9 8 11 8 13 12 5 2 0 7 8 11 12 13 8 9 5 
9 5 2 0 7 8 11 12 5 2 1 0 7 6 4 3 10 11 10 3 4 5 
9 5 12 13 8 11 10 3 4 6 7 0 2 5 12 11 12 5 
9 5 4 3 10 11 10 3 1 0 7 8 13 12 11 8 9 5 
9 8 11 8 7 0 7 8 13 10 11 8 7 0 2 5 
9 5 12 13 10 11 12 5 2 0 2 5 9 8 11 8 7 0 2 5 
9 5 4 3 10 11 12 5 2 1 0 2 5 9 8 11 10 13 12 5 
9 5 2 0 7 8 11 8 9 5 2 0 7 8 13 10 11 10 13 12 5 
9 5 2 1 3 10 11 8 7 0 1 2 5 12 11 8 7 0 2 5 
9 5 4 3 10 11 10 13 8 7 0 7 8 13 10 11 10 13 12 5 
9 5 4 3 10 11 10 3 1 0 2 1 3 10 11 8 7 0 2 5 
9 5 4 6 7 8 11 12 5 2 1 0 1 2 5 9 8 11 8 7 6 4 5 
9 5 4 3 10 11 10 3 4 6 7 0 7 8 11 12 13 8 9 5 
9 5 12 13 8 11 10 3 1 2 0 1 2 5 9 8 11 8 7 0 2 5 
9 5 2 0 7 8 11 12 5 2 0 7 6 4 3 10 11 8 7 0 2 5 
9 8 13 12 11 10 13 8 7 0 1 3 10 11 8 13 12 5 
9 5 12 11 8 9 5 2 0 2 1 3 10 11 8 7 6 4 5 
9 5 2 0 7 8 11 12 5 2 1 0 7 8 13 10 11 10 13 12 5 
9 8 11 12 5 2 0 7 6 4 3 10 11 12 13 8 9 5 
9 5 2 0 7 8 11 8 7 0 1 2 5 12 11 10 13 12 5 
9 5 12 13 10 11 12 5 2 0 1 2 5 9 8 11 8 13 12 5 
9 8 13 10 11 12 13 8 7 0 2 5 12 11 12 13 8 9 5 
9 5 4 3 10 11 10 3 1 2 0 7 8 13 12 11 12 5 
9 8 11 12 5 2 1 0 1 3 10 11 12 5 
9 5 2 0 7 8 11 8 7 0 7 6 4 3 10 11 8 9 5 
9 8 11 8 9 5 2 0 2 5 12 11 8 7 6 4 5 
9 5 4 6 7 8 11 10 13 8 7 0 2 5 12 11 8 7 6 4 5 
9 5 4 3 10 11 12 5 2 0 2 5 9 8 11 8 7 6 4 5 
9 8 13 10 11 12 5 2 0 7 8 11 10 13 8 9 5 
9 8 13 10 11 8 13 12 5 2 0 2 5 12 11 12 13 8 9 5 
9 8 13 12 11 10 3 1 0 1 3 10 11 8 7 0 2 5 
9 5 2 0 7 8 11 10 3 1 0 7 8 11 10 3 1 2 5 
9 5 4 3 10 11 12 5 2 0 7 8 11 12 5 
9 5 4 3 10 11 10 13 8 7 0 2 5 12 11 12 13 8 9 5 
9 5 4 6 7 8 11 8 7 0 2 5 9 8 11 10 13 8 9 5 
9 8 11 10 13 8 7 0 7 6 4 3 10 11 8 7 6 4 5 
9 5 4 3 10 11 12 5 2 1 0 7 8 11 10 3 4 5 
---------------
Request id 10
8 9 5 2 1 0 0 1 3 10 11 12 5 2 1 
8 7 6 4 3 1 0 0 2 5 9 8 11 8 7 0 1 
8 13 12 5 2 0 0 1 3 10 13 8 11 8 7 0 1 
8 11 10 3 1 2 0 0 2 5 9 8 11 8 7 0 1 
8 7 0 0 7 8 13 10 11 8 13 10 3 1 
8 11 12 5 2 0 0 2 5 9 8 11 8 7 0 1 
8 11 10 3 1 0 0 7 8 13 12 11 12 13 10 3 1 
8 11 12 5 2 0 0 7 8 13 10 11 12 5 2 0 1 
8 7 0 0 1 3 10 11 8 9 5 2 1 
8 7 0 0 7 8 13 10 11 10 3 1 
8 7 0 0 7 6 4 5 12 11 8 13 10 3 1 
8 9 5 4 6 7 0 0 7 8 13 10 11 12 5 4 3 1 
8 13 10 3 1 0 0 2 5 12 11 12 13 10 3 1 
8 13 12 5 2 0 0 2 5 9 8 11 12 5 2 1 
8 7 0 0 2 5 12 11 8 9 5 2 0 1 
8 7 0 0 7 8 13 12 11 10 3 1 
8 9 5 2 0 0 7 8 13 10 11 8 9 5 2 0 1 
8 7 0 0 7 8 11 8 9 5 2 1 
8 9 5 2 1 0 0 7 8 13 10 11 10 3 1 
8 13 10 3 1 0 0 1 3 10 11 12 5 4 3 1 
8 11 10 3 1 0 0 2 5 9 8 11 8 9 5 2 1 
8 9 5 4 6 7 0 0 7 8 13 10 11 12 13 10 3 1 
8 9 5 2 1 0 0 7 8 11 12 5 4 3 1 
8 13 12 5 2 0 0 1 2 5 12 11 12 5 2 0 1 
8 11 12 5 2 0 0 1 3 10 11 8 13 10 3 1 
8 7 0 0 2 1 3 10 11 8 7 0 1 
8 13 10 3 1 0 0 2 5 12 11 8 7 0 1 
8 13 12 5 2 0 0 7 6 4 5 12 11 12 5 2 1 
8 9 5 4 6 7 0 0 7 6 4 5 12 11 8 9 5 2 0 1 
8 11 10 3 1 2 0 0 7 6 4 5 12 11 12 13 10 3 1 
8 9 5 2 1 0 0 7 8 13 10 11 12 5 2 0 1 
8 11 10 3 1 0 0 1 3 10 11 12 5 4 3 1 
8 11 12 5 2 0 0 7 8 13 12 11 12 5 2 0 1 
8 9 5 2 0 0 1 3 10 11 12 5 2 1 
8 7 0 0 1 3 10 11 8 13 10 3 1 
8 11 10 3 1 2 0 0 1 3 10 13 8 11 8 13 10 3 1 
8 7 0 0 7 6 4 5 12 11 8 9 5 2 1 
8 7 0 0 2 5 9 8 11 8 13 10 3 1 
8 7 6 4 3 1 0 0 7 6 4 5 12 11 8 9 5 2 0 1 
8 7 0 0 7 8 11 12 5 4 3 1 
---------------
Request id 15
5 12 13 10 3 1 0 7 8 13 12 11 12 13 8 7 0 2 5 4 3 
5 12 11 10 3 1 0 7 6 4 3 10 11 8 13 10 3 1 0 1 2 5 4 3 
5 4 3 1 0 1 2 5 12 11 10 3 4 6 7 0 2 5 4 3 
5 12 11 8 7 0 7 6 4 3 10 11 10 13 8 7 0 7 6 4 3 
5 2 1 0 7 8 13 12 11 10 3 1 2 0 2 5 12 13 10 3 
5 12 11 8 7 0 1 2 5 12 11 10 13 8 7 0 2 5 12 13 10 3 
5 4 3 1 0 1 2 5 12 11 8 9 5 2 0 1 2 5 4 3 
5 12 11 8 7 0 2 5 9 8 11 8 13 10 3 1 0 2 5 12 13 10 3 
5 2 1 0 7 8 11 12 13 8 7 0 1 3 
5 12 11 10 3 1 0 1 2 5 9 8 11 10 13 8 7 0 7 8 9 5 4 3 
5 12 11 8 7 0 2 5 9 8 11 8 13 10 3 1 0 7 6 4 3 
5 12 11 10 3 1 0 7 8 13 10 11 10 3 1 2 0 1 3 
5 2 1 0 1 2 5 12 11 10 3 4 6 7 0 1 2 5 4 3 
5 2 1 0 1 2 5 12 11 10 3 4 6 7 0 1 3 
5 4 6 7 0 2 5 9 8 11 10 13 8 7 0 2 5 12 13 10 3 
5 2 0 7 8 11 10 3 4 6 7 0 2 1 3 
5 2 0 7 6 4 3 10 11 8 9 5 2 0 2 1 3 
5 12 11 8 7 0 2 1 3 10 11 8 7 0 7 6 4 3 
5 9 8 7 0 2 1 3 10 11 10 13 8 7 0 2 1 3 
5 9 8 7 0 2 5 12 11 8 9 5 2 0 7 8 11 10 3 
5 12 13 8 7 0 2 5 9 8 11 8 7 0 2 5 12 13 10 3 
5 12 11 10 3 1 0 1 2 5 12 11 12 13 8 7 0 2 5 12 11 10 3 
5 12 11 10 3 1 0 2 5 12 11 10 3 1 0 1 3 
5 2 0 7 6 4 3 10 11 12 5 2 1 0 7 8 9 5 4 3 
5 4 3 1 2 0 1 2 5 12 11 10 13 8 7 0 1 3 
5 12 11 8 7 0 1 3 10 11 10 13 8 7 0 7 8 11 10 3 
5 2 0 7 6 4 3 10 11 12 13 8 7 0 2 5 12 13 10 3 
5 4 3 1 2 0 2 5 12 11 8 9 5 2 0 2 1 3 
5 4 3 1 2 0 7 8 11 12 5 2 0 2 5 4 3 
5 4 3 1 2 0 7 6 4 3 10 11 12 5 2 1 0 7 8 11 10 3 
5 9 8 7 0 2 5 12 11 10 13 8 7 0 1 3 
5 4 3 1 2 0 2 5 12 11 12 5 2 0 2 5 12 13 10 3 
5 4 3 1 0 2 1 3 10 11 8 13 10 3 1 0 7 6 4 3 
5 9 8 7 0 7 6 4 3 10 11 12 13 8 7 0 1 3 
5 2 1 0 7 8 13 12 11 8 13 10 3 1 0 7 6 4 3 
5 12 11 10 3 1 0 7 8 13 10 11 12 5 2 1 0 2 5 12 11 10 3 
5 2 0 7 8 13 12 11 12 5 2 0 7 8 13 10 3 
5 9 8 7 0 7 8 11 8 13 10 3 1 0 7 8 13 10 3 
5 12 11 10 3 1 0 1 3 10 11 12 13 8 7 0 2 5 4 3 
5 4 6 7 0 1 2 5 12 11 8 9 5 2 0 2 5 12 13 10 3 
---------------
Request id 11
8 13 12 5 4 3 10 11 12 5 
8 11 10 3 4 6 7 0 2 5 
8 13 12 5 4 3 10 13 12 5 
8 7 6 4 3 10 11 12 5 
8 9 5 2 1 3 4 6 7 0 2 5 
8 7 0 1 3 4 5 
8 9 5 4 6 7 8 11 12 5 
8 13 10 3 4 3 1 2 5 
8 11 12 5 4 3 1 0 2 5 
8 11 12 5 4 6 7 0 2 5 
8 7 0 2 5 4 6 7 8 9 5 
8 9 5 2 1 3 4 3 10 13 8 9 5 
8 13 12 11 10 3 4 6 7 0 2 5 
8 11 12 5 4 3 10 11 12 5 
8 13 10 3 4 3 10 13 12 5 
8 13 10 3 4 3 10 11 12 5 
8 13 12 11 10 3 4 6 7 8 11 12 5 
8 11 10 3 4 5 
8 7 0 2 5 4 5 
8 13 10 3 4 5 
8 13 12 11 10 3 4 6 7 8 13 12 5 
8 13 12 5 4 6 7 8 11 12 5 
8 7 0 1 3 4 6 7 8 11 12 5 
8 7 0 2 5 4 6 7 0 2 5 
8 9 5 2 1 3 4 5 
8 11 10 3 4 3 1 0 2 5 
8 11 12 5 4 6 7 8 9 5 
8 7 6 4 6 7 0 2 5 
8 13 12 11 10 3 4 6 7 8 9 5 
8 11 10 3 4 3 10 13 12 5 
8 13 10 3 4 6 7 8 13 12 5 
8 9 5 2 1 3 4 6 7 8 11 12 5 
8 9 5 2 1 3 4 3 1 2 5 
8 7 0 2 5 4 3 10 11 12 5 
8 7 0 1 3 4 3 1 2 5 
8 11 10 3 4 3 10 13 8 9 5 
8 7 6 4 3 1 0 2 5 
8 7 0 2 5 4 3 10 13 8 9 5 
8 7 6 4 6 7 8 11 12 5 
8 9 5 4 6 7 8 13 12 5 
---------------
Request id 7
9 5 12 11 12 5 2 0 7 8 
9 5 2 0 7 8 11 10 13 8 7 0 2 5 12 13 8 
9 5 4 6 7 8 11 12 13 8 7 0 1 3 4 6 7 8 
9 8 13 10 11 10 3 1 2 0 1 3 10 13 8 
9 5 12 11 8 13 10 3 1 0 7 8 
9 8 13 10 11 8 13 10 3 1 0 7 8 
9 8 13 12 11 12 5 2 1 0 2 5 12 11 8 
9 8 11 8 13 10 3 1 0 2 5 4 6 7 8 
9 5 12 13 8 11 12 5 2 0 1 2 5 9 8 
9 8 13 12 11 12 5 2 1 0 2 5 4 6 7 8 
9 5 12 13 8 11 12 13 8 7 0 2 5 4 6 7 8 
9 5 12 11 10 13 8 7 0 2 5 9 8 
9 8 13 12 11 8 13 10 3 1 0 7 8 
9 8 13 12 11 10 3 1 0 2 5 12 13 8 
9 5 12 11 8 7 0 1 3 10 11 8 
9 5 12 13 8 11 8 13 10 3 1 0 1 3 4 6 7 8 
9 8 11 8 13 10 3 1 0 1 3 10 11 8 
9 8 13 10 11 12 13 8 7 0 2 5 9 8 
9 5 4 3 10 11 12 5 2 1 0 7 6 4 5 9 8 
9 8 11 10 3 4 6 7 0 7 6 4 5 9 8 
9 5 4 3 10 11 12 5 2 1 0 7 8 
9 5 12 13 8 11 8 7 0 2 5 4 6 7 8 
9 5 2 1 3 10 11 12 5 2 1 0 2 5 12 13 8 
9 5 12 13 8 11 10 3 4 6 7 0 1 2 5 9 8 
9 8 13 10 11 8 13 10 3 1 0 1 2 5 9 8 
9 5 12 11 12 13 8 7 0 2 5 4 6 7 8 
9 5 4 6 7 8 11 12 13 8 7 0 7 6 4 5 9 8 
9 5 2 1 3 10 11 8 7 0 7 6 4 5 9 8 
9 5 12 13 10 11 8 9 5 2 0 1 3 10 11 8 
9 5 12 13 8 11 12 5 2 1 0 1 3 10 11 8 
9 8 13 10 11 8 13 10 3 1 0 2 5 12 11 8 
9 5 12 13 10 11 8 7 0 2 5 9 8 
9 5 4 6 7 8 11 12 5 2 0 1 3 4 6 7 8 
9 5 4 6 7 8 11 12 5 2 0 7 6 4 5 9 8 
9 5 12 11 8 13 10 3 1 0 1 3 10 13 8 
9 8 13 10 11 12 5 2 0 1 3 4 6 7 8 
9 8 13 10 11 10 13 8 7 0 2 5 4 6 7 8 
9 5 12 11 8 13 10 3 1 0 2 5 12 11 8 
9 5 2 0 7 8 11 12 13 8 7 0 1 3 10 11 8 
9 5 4 3 10 11 10 13 8 7 0 2 5 12 13 8 
---------------
Request id 16
3 10 11 12 5 2 0 7 8 13 10 3 4 4 5 12 11 8 7 6 
3 1 2 0 7 6 4 4 5 12 11 8 7 6 
3 10 13 12 5 2 0 7 6 4 4 3 1 0 7 6 
3 10 11 8 7 0 7 8 11 10 3 4 4 3 1 0 7 6 
3 4 5 9 8 7 0 7 8 13 12 5 4 4 6 
3 10 11 12 5 2 0 7 6 4 4 6 
3 10 11 8 7 0 7 8 13 12 5 4 4 5 2 0 7 6 
3 10 13 12 5 2 0 7 6 4 4 5 2 1 0 7 6 
3 1 0 7 8 13 12 5 4 4 5 12 13 8 7 6 
3 1 0 7 8 13 12 5 4 4 3 1 0 7 6 
3 1 2 0 7 8 9 5 4 4 5 2 1 0 7 6 
3 1 0 2 1 3 4 4 5 12 13 8 7 6 
3 10 11 12 5 2 0 1 3 4 4 5 12 13 8 7 6 
3 10 11 12 5 2 0 2 1 3 4 4 5 2 0 7 6 
3 10 11 12 5 2 0 2 1 3 4 4 3 1 2 0 7 6 
3 4 5 2 1 0 7 8 13 10 3 4 4 3 10 13 8 7 6 
3 4 5 2 1 0 7 8 13 10 3 4 4 5 12 11 8 7 6 
3 10 11 8 7 0 1 3 4 4 5 12 13 8 7 6 
3 4 5 2 0 7 6 4 4 5 2 1 0 7 6 
3 4 5 2 1 0 2 1 3 4 4 3 10 11 8 7 6 
3 4 5 2 0 7 8 13 10 3 4 4 5 2 0 7 6 
3 10 11 12 5 2 0 7 8 9 5 4 4 5 12 11 8 7 6 
3 10 11 12 5 2 0 1 2 5 4 4 5 12 11 8 7 6 
3 4 5 9 8 7 0 7 8 9 5 4 4 5 9 8 7 6 
3 10 13 12 5 2 0 2 5 4 4 3 10 13 8 7 6 
3 4 5 2 1 0 7 8 11 10 3 4 4 5 9 8 7 6 
3 10 11 8 7 0 1 2 5 4 4 3 1 2 0 7 6 
3 1 2 0 2 1 3 4 4 3 10 13 8 7 6 
3 4 5 2 1 0 1 3 4 4 5 9 8 7 6 
3 1 2 0 7 8 9 5 4 4 3 1 0 7 6 
3 10 11 12 5 2 0 7 8 11 10 3 4 4 5 2 1 0 7 6 
3 1 2 0 7 8 13 10 3 4 4 5 2 1 0 7 6 
3 4 6 7 0 2 5 4 4 5 12 11 8 7 6 
3 4 5 9 8 7 0 7 8 9 5 4 4 6 
3 4 6 7 0 2 1 3 4 4 6 
3 4 5 9 8 7 0 7 8 13 12 5 4 4 5 12 11 8 7 6 
3 1 2 0 2 5 4 4 5 9 8 7 6 
3 1 0 7 6 4 4 5 2 1 0 7 6 
3 10 13 12 5 2 0 7 8 13 12 5 4 4 6 
3 4 5 2 0 7 8 9 5 4 4 5 12 13 8 7 6 
---------------
Request id 19
7 0 1 2 5 4 6 7 8 13 12 11 12 5 2 0 7 8 
7 6 4 3 10 13 12 11 12 5 4 6 7 8 
7 8 9 5 4 5 12 13 10 11 12 5 2 0 7 8 
7 0 2 5 4 3 10 13 8 11 10 13 8 
7 0 2 5 4 6 7 8 11 10 13 12 5 9 8 
7 0 2 1 3 4 3 1 0 7 8 11 12 5 4 6 7 8 
7 8 11 10 3 4 3 1 0 7 8 11 12 5 9 8 
7 8 11 12 5 4 3 10 11 10 13 12 5 9 8 
7 8 9 5 4 3 10 13 12 11 12 5 2 0 7 8 
7 0 1 3 4 6 7 8 11 8 
7 8 11 12 5 4 5 12 13 10 11 8 
7 0 2 5 4 5 12 13 8 11 12 5 9 8 
7 8 11 10 3 4 5 12 13 8 11 10 13 8 
7 8 11 10 3 4 5 12 11 10 13 8 
7 6 4 5 12 13 8 11 12 13 8 
7 8 11 12 5 4 5 9 8 11 10 3 4 5 9 8 
7 0 1 3 4 3 10 11 10 13 8 
7 8 13 10 3 4 3 10 13 12 11 12 5 4 6 7 8 
7 8 11 12 5 4 5 12 13 8 11 10 3 4 6 7 8 
7 8 11 12 5 4 6 7 8 13 12 11 10 3 1 0 7 8 
7 8 11 10 3 4 3 10 13 8 11 12 5 9 8 
7 6 4 3 1 0 7 8 11 12 5 2 0 7 8 
7 8 13 10 3 4 5 9 8 11 10 3 1 0 7 8 
7 0 2 5 4 3 10 13 8 11 12 5 4 6 7 8 
7 0 1 2 5 4 5 9 8 11 10 13 12 5 9 8 
7 8 11 12 5 4 5 12 13 10 11 12 5 9 8 
7 8 9 5 4 5 9 8 11 12 13 8 
7 8 13 10 3 4 3 10 13 12 11 8 
7 0 1 3 4 3 10 11 8 
7 0 1 2 5 4 3 1 0 7 8 11 10 3 4 5 9 8 
7 0 1 2 5 4 3 10 11 12 5 9 8 
7 8 13 10 3 4 3 10 13 8 11 10 13 12 5 9 8 
7 8 11 12 5 4 6 7 8 11 10 3 4 5 9 8 
7 8 13 10 3 4 5 12 11 12 5 9 8 
7 0 1 2 5 4 3 1 0 7 8 11 10 13 8 
7 0 2 5 4 6 7 8 11 8 
7 6 4 6 7 8 11 10 3 4 6 7 8 
7 8 11 10 3 4 5 12 13 10 11 12 5 2 0 7 8 
7 0 2 1 3 4 3 10 11 10 3 1 0 7 8 
7 8 13 12 5 4 5 12 11 10 3 1 0 7 8 
---------------
Request id 8
9 5 12 13 8 7 0 1 3 10 11 12 5 2 1 3 
9 5 12 11 8 7 0 1 2 5 9 8 11 8 9 5 4 3 
9 8 13 10 3 1 0 7 8 13 12 11 12 5 2 1 3 
9 5 2 0 7 8 11 10 13 12 5 4 3 
9 5 2 1 0 2 5 12 11 8 13 10 3 
9 5 2 1 0 1 2 5 9 8 11 12 13 10 3 
9 5 4 6 7 0 1 2 5 12 11 8 7 0 2 1 3 
9 8 11 12 5 2 0 1 2 5 12 11 8 7 0 2 1 3 
9 8 11 12 5 2 0 7 8 13 10 11 8 7 6 4 3 
9 5 4 6 7 0 7 8 11 8 13 10 3 
9 5 12 11 8 7 0 2 5 12 11 12 5 2 1 3 
9 5 2 1 0 2 1 3 10 11 8 7 0 2 1 3 
9 8 11 12 5 2 0 2 5 12 11 12 13 10 3 
9 5 4 6 7 0 1 3 10 11 8 7 0 2 1 3 
9 5 4 3 1 0 1 2 5 9 8 11 12 13 10 3 
9 8 11 12 5 2 0 2 1 3 10 11 12 13 10 3 
9 5 12 11 8 7 0 1 2 5 12 11 12 13 10 3 
9 5 4 3 1 2 0 2 1 3 10 11 12 5 4 3 
9 5 4 6 7 0 7 8 13 10 11 10 13 12 5 4 3 
9 8 7 0 7 6 4 3 10 11 12 13 10 3 
9 5 12 11 8 7 0 1 2 5 12 11 8 7 6 4 3 
9 5 2 1 0 1 2 5 12 11 12 5 4 3 
9 5 2 0 2 5 9 8 11 10 3 
9 8 11 12 5 2 0 7 6 4 3 10 11 10 13 12 5 4 3 
9 5 2 0 1 2 5 12 11 10 13 12 5 4 3 
9 8 11 12 5 2 0 1 2 5 9 8 11 8 7 0 1 3 
9 5 12 13 8 7 0 7 8 13 12 11 8 7 0 2 1 3 
9 8 13 10 3 1 0 1 2 5 9 8 11 12 5 4 3 
9 5 2 0 7 8 11 12 5 4 3 
9 8 11 12 5 2 0 7 6 4 3 10 11 8 9 5 4 3 
9 8 13 10 3 1 0 2 5 12 11 12 13 10 3 
9 8 13 10 3 1 0 7 6 4 3 10 11 10 3 
9 5 4 3 1 0 1 3 10 11 8 7 0 1 3 
9 5 12 11 8 7 0 7 6 4 3 10 11 8 9 5 4 3 
9 5 4 3 1 0 7 6 4 3 10 11 8 7 0 1 3 
9 5 12 11 8 7 0 2 5 9 8 11 8 7 0 1 3 
9 5 4 6 7 0 7 8 13 12 11 8 7 0 1 3 
9 8 11 12 5 2 0 1 2 5 9 8 11 8 13 10 3 
9 5 4 3 1 0 1 2 5 9 8 11 8 7 0 2 1 3 
9 5 12 11 8 7 0 2 1 3 10 11 8 13 10 3 
---------------
Request id 2
13 12 11 12 13 10 3 4 4 5 9 8 11 10 
13 10 11 8 13 10 3 4 4 5 12 13 10 
13 12 5 4 3 10 11 10 3 4 4 5 12 11 8 13 10 
13 12 5 4 3 10 11 12 13 10 3 4 4 5 12 11 8 13 10 
13 8 11 10 13 8 7 6 4 4 6 7 8 11 10 
13 10 11 8 13 10 3 4 4 5 9 8 13 10 
13 8 9 5 12 11 8 13 10 3 4 4 6 7 8 11 10 
13 12 11 8 13 12 5 4 4 3 10 
13 8 11 12 13 10 3 4 4 5 12 13 10 
13 12 5 4 3 10 11 10 3 4 4 5 9 8 11 10 
13 12 11 8 9 5 4 4 5 12 13 10 
13 12 11 8 13 12 5 4 4 5 9 8 11 10 
13 8 7 6 4 3 10 11 10 13 8 7 6 4 4 5 12 11 10 
13 12 5 4 3 10 11 12 13 10 3 4 4 6 7 8 11 10 
13 10 11 10 13 8 7 6 4 4 5 12 11 8 13 10 
13 8 9 5 12 11 8 13 10 3 4 4 5 12 11 8 13 10 
13 12 11 10 3 4 4 3 10 
13 12 11 12 5 4 4 5 9 8 11 10 
13 12 5 4 3 10 11 8 9 5 4 4 3 10 
13 10 3 4 5 12 11 12 13 10 3 4 4 6 7 0 1 3 10 
13 8 11 10 3 1 2 5 4 4 5 12 11 10 
13 12 11 8 13 10 3 4 4 5 9 8 13 10 
13 10 3 4 5 9 8 11 10 13 8 7 6 4 4 5 12 11 10 
13 12 5 9 8 11 8 13 12 5 4 4 5 2 1 3 10 
13 12 5 4 6 7 8 11 10 3 4 4 6 7 8 13 10 
13 8 9 5 12 11 8 13 10 3 4 4 5 9 8 13 10 
13 10 3 4 5 12 11 12 5 4 4 6 7 0 1 3 10 
13 10 3 4 5 12 11 8 7 6 4 4 6 7 8 11 10 
13 8 9 5 12 11 12 5 4 4 6 7 0 1 3 10 
13 12 5 4 3 10 11 8 13 12 5 4 4 5 12 11 8 13 10 
13 8 11 12 5 4 4 6 7 8 13 10 
13 8 7 6 4 3 10 11 8 13 10 3 4 4 6 7 8 11 10 
13 10 3 4 5 9 8 11 12 13 10 3 4 4 5 9 8 11 10 
13 8 11 10 13 12 5 4 4 5 12 11 8 13 10 
13 10 3 4 5 12 11 12 5 4 4 5 12 13 10 
13 12 5 9 8 11 12 5 4 4 5 12 11 10 
13 10 3 4 5 12 11 12 5 4 4 5 12 11 10 
13 10 3 4 5 12 11 10 13 12 5 4 4 6 7 8 11 10 
13 8 7 6 4 3 10 11 10 3 4 4 5 2 1 3 10 
13 12 5 4 3 10 11 10 13 12 5 4 4 6 7 0 1 3 10 
---------------
