Request id 7
7 8 10 10 6 5 4 3 
7 8 10 10 6 10 8 9 4 3 
7 8 10 10 6 10 8 9 2 3 
7 8 10 10 5 6 5 4 3 
7 8 10 10 5 6 10 8 9 4 3 
7 8 10 10 5 6 10 8 9 2 3 
7 6 10 10 6 5 4 3 
7 6 10 10 6 10 8 9 4 3 
7 6 10 10 6 10 8 9 2 3 
7 6 10 10 5 6 5 4 3 
7 6 10 10 5 6 10 8 9 4 3 
7 6 10 10 5 6 10 8 9 2 3 
---------------
Request id 6
7 8 10 10 6 5 4 
7 8 10 10 6 10 8 9 4 
7 8 10 10 5 6 5 4 
7 8 10 10 5 6 10 8 9 4 
7 6 10 10 6 5 4 
7 6 10 10 6 10 8 9 4 
7 6 10 10 5 6 5 4 
7 6 10 10 5 6 10 8 9 4 
---------------
Request id 5
10 8 9 2 9 8 10 6 5 4 3 
10 8 9 2 9 8 10 6 10 8 9 4 3 
10 8 9 2 9 8 10 6 10 8 9 2 3 
10 8 9 2 9 8 10 5 6 5 4 3 
10 8 9 2 9 8 10 5 6 10 8 9 4 3 
10 8 9 2 9 8 10 5 6 10 8 9 2 3 
10 8 9 2 1 8 10 6 5 4 3 
10 8 9 2 1 8 10 6 10 8 9 4 3 
10 8 9 2 1 8 10 6 10 8 9 2 3 
10 8 9 2 1 8 10 5 6 5 4 3 
10 8 9 2 1 8 10 5 6 10 8 9 4 3 
10 8 9 2 1 8 10 5 6 10 8 9 2 3 
10 8 9 2 9 1 8 10 6 5 4 3 
10 8 9 2 9 1 8 10 6 10 8 9 4 3 
10 8 9 2 9 1 8 10 6 10 8 9 2 3 
10 8 9 2 9 1 8 10 5 6 5 4 3 
10 8 9 2 9 1 8 10 5 6 10 8 9 4 3 
10 8 9 2 9 1 8 10 5 6 10 8 9 2 3 
10 8 9 2 9 4 5 10 6 5 4 3 
10 8 9 2 9 4 5 10 6 10 8 9 4 3 
10 8 9 2 9 4 5 10 6 10 8 9 2 3 
10 8 9 2 9 4 5 10 5 6 5 4 3 
10 8 9 2 9 4 5 10 5 6 10 8 9 4 3 
10 8 9 2 9 4 5 10 5 6 10 8 9 2 3 
10 5 4 9 2 9 8 10 6 5 4 3 
10 5 4 9 2 9 8 10 6 10 8 9 4 3 
10 5 4 9 2 9 8 10 6 10 8 9 2 3 
10 5 4 9 2 9 8 10 5 6 5 4 3 
10 5 4 9 2 9 8 10 5 6 10 8 9 4 3 
10 5 4 9 2 9 8 10 5 6 10 8 9 2 3 
10 5 4 9 2 1 8 10 6 5 4 3 
10 5 4 9 2 1 8 10 6 10 8 9 4 3 
10 5 4 9 2 1 8 10 6 10 8 9 2 3 
10 5 4 9 2 1 8 10 5 6 5 4 3 
10 5 4 9 2 1 8 10 5 6 10 8 9 4 3 
10 5 4 9 2 1 8 10 5 6 10 8 9 2 3 
10 5 4 9 2 9 1 8 10 6 5 4 3 
10 5 4 9 2 9 1 8 10 6 10 8 9 4 3 
10 5 4 9 2 9 1 8 10 6 10 8 9 2 3 
10 5 4 9 2 9 1 8 10 5 6 5 4 3 
10 5 4 9 2 9 1 8 10 5 6 10 8 9 4 3 
10 5 4 9 2 9 1 8 10 5 6 10 8 9 2 3 
10 5 4 9 2 9 4 5 10 6 5 4 3 
10 5 4 9 2 9 4 5 10 6 10 8 9 4 3 
10 5 4 9 2 9 4 5 10 6 10 8 9 2 3 
10 5 4 9 2 9 4 5 10 5 6 5 4 3 
10 5 4 9 2 9 4 5 10 5 6 10 8 9 4 3 
10 5 4 9 2 9 4 5 10 5 6 10 8 9 2 3 
10 8 1 9 2 9 8 10 6 5 4 3 
10 8 1 9 2 9 8 10 6 10 8 9 4 3 
10 8 1 9 2 9 8 10 6 10 8 9 2 3 
10 8 1 9 2 9 8 10 5 6 5 4 3 
10 8 1 9 2 9 8 10 5 6 10 8 9 4 3 
10 8 1 9 2 9 8 10 5 6 10 8 9 2 3 
10 8 1 9 2 1 8 10 6 5 4 3 
10 8 1 9 2 1 8 10 6 10 8 9 4 3 
10 8 1 9 2 1 8 10 6 10 8 9 2 3 
10 8 1 9 2 1 8 10 5 6 5 4 3 
10 8 1 9 2 1 8 10 5 6 10 8 9 4 3 
10 8 1 9 2 1 8 10 5 6 10 8 9 2 3 
10 8 1 9 2 9 1 8 10 6 5 4 3 
10 8 1 9 2 9 1 8 10 6 10 8 9 4 3 
10 8 1 9 2 9 1 8 10 6 10 8 9 2 3 
10 8 1 9 2 9 1 8 10 5 6 5 4 3 
10 8 1 9 2 9 1 8 10 5 6 10 8 9 4 3 
10 8 1 9 2 9 1 8 10 5 6 10 8 9 2 3 
10 8 1 9 2 9 4 5 10 6 5 4 3 
10 8 1 9 2 9 4 5 10 6 10 8 9 4 3 
10 8 1 9 2 9 4 5 10 6 10 8 9 2 3 
10 8 1 9 2 9 4 5 10 5 6 5 4 3 
10 8 1 9 2 9 4 5 10 5 6 10 8 9 4 3 
10 8 1 9 2 9 4 5 10 5 6 10 8 9 2 3 
10 8 1 2 9 8 10 6 5 4 3 
10 8 1 2 9 8 10 6 10 8 9 4 3 
10 8 1 2 9 8 10 6 10 8 9 2 3 
10 8 1 2 9 8 10 5 6 5 4 3 
10 8 1 2 9 8 10 5 6 10 8 9 4 3 
10 8 1 2 9 8 10 5 6 10 8 9 2 3 
10 8 1 2 1 8 10 6 5 4 3 
10 8 1 2 1 8 10 6 10 8 9 4 3 
10 8 1 2 1 8 10 6 10 8 9 2 3 
10 8 1 2 1 8 10 5 6 5 4 3 
10 8 1 2 1 8 10 5 6 10 8 9 4 3 
10 8 1 2 1 8 10 5 6 10 8 9 2 3 
10 8 1 2 9 1 8 10 6 5 4 3 
10 8 1 2 9 1 8 10 6 10 8 9 4 3 
10 8 1 2 9 1 8 10 6 10 8 9 2 3 
10 8 1 2 9 1 8 10 5 6 5 4 3 
10 8 1 2 9 1 8 10 5 6 10 8 9 4 3 
10 8 1 2 9 1 8 10 5 6 10 8 9 2 3 
10 8 1 2 9 4 5 10 6 5 4 3 
10 8 1 2 9 4 5 10 6 10 8 9 4 3 
10 8 1 2 9 4 5 10 6 10 8 9 2 3 
10 8 1 2 9 4 5 10 5 6 5 4 3 
10 8 1 2 9 4 5 10 5 6 10 8 9 4 3 
10 8 1 2 9 4 5 10 5 6 10 8 9 2 3 
---------------
Request id 1
5 10 10 6 10 8 1 
5 10 10 6 5 10 8 1 
5 10 10 6 5 4 9 1 
5 10 10 6 10 8 9 1 
5 10 10 5 6 10 8 1 
5 10 10 5 6 5 10 8 1 
5 10 10 5 6 5 4 9 1 
5 10 10 5 6 10 8 9 1 
5 6 10 10 6 10 8 1 
5 6 10 10 6 5 10 8 1 
5 6 10 10 6 5 4 9 1 
5 6 10 10 6 10 8 9 1 
5 6 10 10 5 6 10 8 1 
5 6 10 10 5 6 5 10 8 1 
5 6 10 10 5 6 5 4 9 1 
5 6 10 10 5 6 10 8 9 1 
---------------
Request id 4
9 2 2 9 8 10 10 
9 2 2 1 8 10 10 
9 2 2 9 1 8 10 10 
9 2 2 9 4 5 10 10 
9 1 2 2 9 8 10 10 
9 1 2 2 1 8 10 10 
9 1 2 2 9 1 8 10 10 
9 1 2 2 9 4 5 10 10 
---------------
Request id 3
2 2 9 8 10 6 6 
2 2 1 8 10 6 6 
2 2 9 1 8 10 6 6 
2 2 9 4 5 6 6 
2 2 9 8 10 5 6 6 
---------------
Request id 2
2 9 8 10 6 6 10 8 1 
2 9 8 10 6 6 5 10 8 1 
2 9 8 10 6 6 5 4 9 1 
2 9 8 10 6 6 10 8 9 1 
2 9 8 10 5 6 6 10 8 1 
2 9 8 10 5 6 6 5 10 8 1 
2 9 8 10 5 6 6 5 4 9 1 
2 9 8 10 5 6 6 10 8 9 1 
2 1 8 10 6 6 10 8 1 
2 1 8 10 6 6 5 10 8 1 
2 1 8 10 6 6 5 4 9 1 
2 1 8 10 6 6 10 8 9 1 
2 1 8 10 5 6 6 10 8 1 
2 1 8 10 5 6 6 5 10 8 1 
2 1 8 10 5 6 6 5 4 9 1 
2 1 8 10 5 6 6 10 8 9 1 
2 9 1 8 10 6 6 10 8 1 
2 9 1 8 10 6 6 5 10 8 1 
2 9 1 8 10 6 6 5 4 9 1 
2 9 1 8 10 6 6 10 8 9 1 
2 9 1 8 10 5 6 6 10 8 1 
2 9 1 8 10 5 6 6 5 10 8 1 
2 9 1 8 10 5 6 6 5 4 9 1 
2 9 1 8 10 5 6 6 10 8 9 1 
2 9 4 5 10 6 6 10 8 1 
2 9 4 5 10 6 6 5 10 8 1 
2 9 4 5 10 6 6 5 4 9 1 
2 9 4 5 10 6 6 10 8 9 1 
2 9 4 5 10 5 6 6 10 8 1 
2 9 4 5 10 5 6 6 5 10 8 1 
2 9 4 5 10 5 6 6 5 4 9 1 
2 9 4 5 10 5 6 6 10 8 9 1 
---------------
