Request id 15
0 2 1 3 10 11 11 10 3 4 5 9 8 13 10 
0 7 8 13 12 11 11 10 3 1 0 7 8 13 10 
0 7 8 13 12 11 11 10 3 4 6 7 8 9 5 4 3 10 
0 1 3 10 11 11 12 5 4 6 7 8 13 12 11 10 
0 2 5 12 11 11 10 3 4 5 9 8 7 0 1 3 10 
0 7 6 4 3 10 11 11 12 5 9 8 9 5 4 3 10 
0 1 3 10 11 11 12 5 2 0 7 8 7 0 1 3 10 
0 7 8 13 12 11 11 10 13 12 5 9 8 7 0 1 3 10 
0 1 2 5 9 8 11 11 12 13 8 7 6 4 3 10 
0 1 2 5 12 11 11 10 3 1 0 7 8 9 5 12 13 10 
0 7 6 4 3 10 11 11 10 3 4 5 9 8 9 5 2 1 3 10 
0 7 6 4 3 10 11 11 12 13 8 13 10 
0 1 3 10 11 11 10 3 1 0 7 8 13 10 
0 2 5 9 8 11 11 8 13 10 
0 7 8 13 12 11 11 12 5 4 6 7 8 9 5 2 1 3 10 
0 1 3 10 11 11 10 13 12 5 9 8 9 5 12 13 10 
0 1 2 5 9 8 11 11 10 13 12 5 9 8 7 0 1 3 10 
0 1 3 10 11 11 10 3 4 5 9 8 7 0 1 3 10 
0 1 3 10 11 11 12 5 9 8 9 5 12 13 10 
0 7 8 13 10 11 11 12 5 4 6 7 8 13 10 
0 7 8 13 10 11 11 10 3 4 6 7 8 7 6 4 3 10 
0 7 8 13 12 11 11 10 13 12 5 9 8 7 6 4 3 10 
0 2 5 9 8 11 11 10 3 4 6 7 8 11 10 
0 1 3 10 11 11 12 13 8 9 5 4 3 10 
0 7 6 4 3 10 11 11 8 7 6 4 3 10 
0 1 2 5 9 8 11 11 10 3 4 5 9 8 9 5 12 13 10 
0 7 8 13 10 11 11 12 13 8 7 6 4 3 10 
0 2 5 9 8 11 11 8 9 5 4 3 10 
0 7 8 13 12 11 11 12 5 2 0 7 8 9 5 2 1 3 10 
0 2 1 3 10 11 11 12 5 4 6 7 8 9 5 2 1 3 10 
0 2 1 3 10 11 11 10 13 8 7 6 4 3 10 
0 2 5 12 11 11 10 13 12 5 9 8 11 12 13 10 
0 2 1 3 10 11 11 10 13 8 9 5 12 11 10 
0 1 3 10 11 11 10 3 4 6 7 8 9 5 12 13 10 
0 2 5 9 8 11 11 12 5 4 6 7 8 9 5 12 13 10 
0 7 8 13 10 11 11 10 13 12 5 9 8 9 5 12 11 10 
0 2 1 3 10 11 11 10 3 1 0 7 8 9 5 12 13 10 
0 1 2 5 9 8 11 11 10 3 4 6 7 8 9 5 4 3 10 
0 1 3 10 11 11 10 3 4 5 9 8 7 6 4 3 10 
0 1 2 5 12 11 11 10 3 4 5 9 8 9 5 12 11 10 
---------------
Request id 28
2 0 1 3 10 11 10 3 1 2 5 12 
2 5 12 13 10 11 10 3 4 5 12 
2 0 7 8 11 12 
2 0 7 8 11 8 7 0 2 5 12 
2 5 4 3 10 11 10 13 8 9 5 12 
2 5 9 8 11 8 13 12 
2 0 7 8 11 8 9 5 12 
2 5 12 13 8 11 10 13 8 9 5 12 
2 1 3 10 13 12 11 12 
2 0 7 8 11 10 3 1 2 5 12 
2 5 9 8 11 8 9 5 12 
2 1 0 7 8 11 10 13 8 9 5 12 
2 1 0 7 8 11 10 3 1 2 5 12 
2 5 12 13 8 11 8 9 5 12 
2 5 12 11 8 7 0 2 5 12 
2 5 12 13 8 11 8 7 6 4 5 12 
2 5 12 13 8 11 12 
2 1 0 7 8 11 10 3 1 0 2 5 12 
2 1 3 10 11 8 7 0 2 5 12 
2 5 12 11 10 13 8 9 5 12 
2 1 3 10 13 12 11 8 13 12 
2 5 9 8 11 10 3 1 0 2 5 12 
2 1 0 7 8 11 8 7 0 2 5 12 
2 1 3 10 11 8 9 5 12 
2 1 3 10 13 12 11 10 3 4 5 12 
2 5 12 13 10 11 8 13 12 
2 0 1 3 10 11 8 7 0 2 5 12 
2 5 12 13 10 11 8 7 6 4 5 12 
2 1 3 10 13 12 11 8 7 6 4 5 12 
2 5 12 13 8 11 10 3 4 5 12 
2 5 4 3 10 11 8 13 12 
2 5 12 13 10 11 8 9 5 12 
2 1 0 7 8 11 8 13 12 
2 5 12 11 10 3 1 0 2 5 12 
2 5 12 11 10 3 1 2 5 12 
2 0 7 8 11 8 7 6 4 5 12 
2 5 4 3 10 11 10 3 4 5 12 
2 5 12 13 8 11 8 13 12 
2 5 12 11 8 7 6 4 5 12 
2 1 3 10 11 8 7 6 4 5 12 
---------------
Request id 5
0 1 3 10 11 10 13 8 9 5 2 1 3 
0 2 1 3 10 11 8 11 10 3 
0 7 8 13 10 11 12 5 2 0 7 8 11 10 3 
0 7 8 13 12 11 12 5 4 6 7 8 9 5 4 3 
0 7 8 11 12 5 9 8 7 0 1 3 
0 1 3 10 11 10 13 8 11 10 3 
0 2 1 3 10 11 12 13 8 7 0 2 1 3 
0 2 5 9 8 11 8 11 10 3 
0 7 8 11 12 5 9 8 7 6 4 3 
0 7 8 13 12 11 10 3 1 0 7 8 13 12 11 10 3 
0 1 3 10 11 10 3 4 6 7 8 9 5 2 1 3 
0 1 3 10 11 12 13 8 7 6 4 3 
0 7 8 11 8 9 5 4 3 
0 2 5 12 11 10 3 1 0 7 8 13 12 5 4 3 
0 1 2 5 12 11 10 3 4 6 7 8 13 10 3 
0 7 8 13 12 11 12 13 8 13 12 5 4 3 
0 2 5 12 11 10 3 4 6 7 8 11 10 3 
0 2 5 12 11 10 3 1 0 7 8 13 10 3 
0 1 2 5 12 11 10 13 12 5 9 8 11 12 13 10 3 
0 7 8 13 12 11 12 13 8 9 5 2 1 3 
0 1 2 5 9 8 11 12 13 8 9 5 2 1 3 
0 2 5 9 8 11 12 13 8 9 5 4 3 
0 2 5 12 11 10 3 4 5 9 8 7 0 2 1 3 
0 2 1 3 10 11 10 3 1 0 7 8 7 0 2 1 3 
0 1 2 5 12 11 12 5 2 0 7 8 11 10 3 
0 7 8 13 12 11 8 7 6 4 3 
0 7 8 13 12 11 12 5 9 8 7 6 4 3 
0 1 2 5 12 11 12 5 4 6 7 8 9 5 4 3 
0 7 8 13 10 11 12 5 4 6 7 8 13 10 3 
0 7 8 13 10 11 8 9 5 2 1 3 
0 7 8 13 10 11 10 3 4 5 9 8 11 12 13 10 3 
0 2 5 9 8 11 10 3 1 0 7 8 7 0 2 1 3 
0 7 8 13 12 11 10 13 8 13 12 5 4 3 
0 7 6 4 3 10 11 10 13 8 7 0 2 1 3 
0 7 8 13 12 11 10 3 1 0 7 8 13 12 5 4 3 
0 7 8 13 10 11 10 13 12 5 9 8 7 6 4 3 
0 7 8 13 10 11 10 3 1 0 7 8 11 10 3 
0 7 8 11 10 3 1 0 7 8 13 10 3 
0 7 8 11 12 5 2 0 7 8 13 12 5 4 3 
0 1 2 5 12 11 12 5 4 6 7 8 7 0 1 3 
---------------
Request id 24
5 2 0 7 8 11 11 8 7 0 1 2 5 12 
5 4 6 7 8 11 11 10 13 12 
5 9 8 13 12 11 11 10 13 12 
5 9 8 11 11 8 7 0 2 5 12 
5 4 3 10 11 11 8 9 5 12 
5 12 11 11 8 13 12 
5 9 8 11 11 8 9 5 12 
5 9 8 13 10 11 11 8 7 6 4 5 12 
5 2 0 7 8 11 11 8 13 12 
5 9 8 13 12 11 11 10 13 8 9 5 12 
5 4 3 10 11 11 8 7 6 4 5 12 
5 9 8 13 12 11 11 10 3 1 2 5 12 
5 2 0 7 8 11 11 10 13 8 9 5 12 
5 12 11 11 8 7 0 2 5 12 
5 9 8 13 10 11 11 10 13 8 9 5 12 
5 2 1 3 10 11 11 8 7 0 2 5 12 
5 2 0 7 8 11 11 10 13 12 
5 4 6 7 8 11 11 10 3 4 5 12 
5 12 13 8 11 11 8 7 0 2 5 12 
5 2 0 7 8 11 11 10 3 4 5 12 
5 9 8 13 12 11 11 8 7 6 4 5 12 
5 2 1 3 10 11 11 10 3 1 2 5 12 
5 4 3 10 11 11 10 13 12 
5 4 6 7 8 11 11 12 
5 9 8 13 10 11 11 8 9 5 12 
5 12 13 10 11 11 10 3 4 5 12 
5 4 6 7 8 11 11 8 7 6 4 5 12 
5 4 3 10 11 11 10 13 8 9 5 12 
5 2 0 7 8 11 11 12 
5 9 8 11 11 10 3 4 5 12 
5 9 8 13 10 11 11 12 
5 12 13 8 11 11 10 3 4 5 12 
5 2 0 7 8 11 11 8 7 6 4 5 12 
5 12 13 8 11 11 10 13 8 9 5 12 
5 2 1 3 10 11 11 8 7 6 4 5 12 
5 4 6 7 8 11 11 8 9 5 12 
5 9 8 13 10 11 11 10 3 1 2 5 12 
5 9 8 13 12 11 11 8 13 12 
5 4 6 7 8 11 11 8 7 0 1 2 5 12 
5 2 0 7 8 11 11 8 7 0 2 5 12 
---------------
Request id 30
2 5 4 3 10 11 12 13 10 3 1 
2 5 4 3 10 11 8 9 5 2 0 1 
2 0 1 3 10 11 12 5 4 3 1 
2 5 12 13 8 11 12 5 2 1 
2 5 4 3 10 11 8 9 5 2 1 
2 0 7 8 13 10 11 8 13 10 3 1 
2 1 3 10 11 10 3 1 
2 0 7 8 13 10 11 8 7 0 2 1 
2 5 12 13 10 11 12 5 2 1 
2 5 9 8 11 12 5 2 1 
2 5 4 3 10 11 12 5 2 0 1 
2 5 9 8 11 8 13 10 3 1 
2 1 0 7 8 11 12 13 10 3 1 
2 5 12 13 8 11 8 9 5 2 0 1 
2 5 12 13 8 11 12 5 2 0 1 
2 0 7 8 13 10 11 12 5 4 3 1 
2 0 7 8 11 12 5 4 3 1 
2 1 3 10 11 8 13 10 3 1 
2 1 3 10 11 12 5 4 3 1 
2 5 4 3 10 11 12 5 2 1 
2 5 4 3 10 11 8 13 10 3 1 
2 0 7 8 11 12 5 2 1 
2 1 3 10 11 8 9 5 2 0 1 
2 5 9 8 11 12 5 2 0 1 
2 5 12 11 12 13 10 3 1 
2 5 4 3 10 11 8 7 0 2 1 
2 5 9 8 11 8 9 5 2 0 1 
2 0 7 8 11 12 5 2 0 1 
2 5 4 3 10 11 10 3 1 
2 0 7 8 11 8 9 5 2 1 
2 5 9 8 11 8 7 0 1 
2 0 7 8 13 10 11 8 9 5 2 1 
2 1 0 7 8 11 8 7 0 1 
2 5 12 13 10 11 12 5 2 0 1 
2 5 12 13 10 11 8 7 0 1 
2 5 9 8 11 10 3 1 
2 5 9 8 11 8 7 0 2 1 
2 5 12 13 8 11 10 3 1 
2 1 0 7 8 11 12 5 4 3 1 
2 5 12 11 12 5 2 0 1 
---------------
Request id 18
5 9 8 11 11 8 7 0 1 2 5 12 
5 2 0 7 8 11 11 10 13 12 
5 12 13 8 11 11 10 13 12 
5 12 13 10 11 11 10 3 1 2 5 12 
5 2 1 3 10 11 11 12 
5 12 13 8 11 11 8 13 12 
5 2 1 3 10 11 11 10 3 1 2 5 12 
5 4 6 7 8 11 11 8 9 5 12 
5 9 8 13 12 11 11 10 3 4 5 12 
5 12 11 11 8 9 5 12 
5 4 3 10 11 11 8 7 6 4 5 12 
5 2 1 3 10 11 11 8 9 5 12 
5 9 8 11 11 10 3 4 5 12 
5 12 13 8 11 11 10 13 8 9 5 12 
5 2 1 3 10 11 11 8 7 0 1 2 5 12 
5 2 0 7 8 11 11 8 7 0 2 5 12 
5 2 1 3 10 11 11 10 3 4 5 12 
5 12 11 11 10 13 8 9 5 12 
5 9 8 13 10 11 11 8 7 0 1 2 5 12 
5 9 8 11 11 10 3 1 2 5 12 
5 12 13 10 11 11 8 7 0 2 5 12 
5 9 8 11 11 8 7 0 2 5 12 
5 4 3 10 11 11 10 3 1 2 5 12 
5 2 1 3 10 11 11 10 13 8 9 5 12 
5 9 8 13 10 11 11 12 
5 12 13 8 11 11 8 9 5 12 
5 2 0 7 8 11 11 8 7 6 4 5 12 
5 4 6 7 8 11 11 10 3 4 5 12 
5 12 13 8 11 11 12 
5 2 1 3 10 11 11 8 13 12 
5 9 8 13 10 11 11 8 7 6 4 5 12 
5 12 13 8 11 11 10 3 4 5 12 
5 12 13 10 11 11 8 7 6 4 5 12 
5 12 13 8 11 11 8 7 6 4 5 12 
5 4 3 10 11 11 8 9 5 12 
5 9 8 13 12 11 11 8 13 12 
5 12 13 8 11 11 10 3 1 2 5 12 
5 12 11 11 12 
5 4 3 10 11 11 8 7 0 1 2 5 12 
5 9 8 13 12 11 11 8 7 6 4 5 12 
---------------
Request id 22
1 0 7 8 11 11 11 12 5 2 0 7 6 
1 3 10 11 11 11 12 5 4 6 
1 3 10 13 8 11 11 11 10 3 4 6 
1 2 0 7 8 11 11 11 8 13 12 5 4 6 
1 0 2 5 12 11 11 11 10 13 8 7 6 
1 2 0 7 8 11 11 11 10 3 1 0 7 6 
1 0 7 8 11 11 11 10 3 4 6 
1 2 5 12 11 11 11 8 9 5 4 6 
1 2 5 12 11 11 11 10 3 1 0 7 6 
1 3 10 13 12 11 11 11 8 7 6 
1 2 0 7 8 11 11 11 8 9 5 4 6 
1 0 7 8 13 10 11 11 11 10 13 12 5 4 6 
1 3 10 13 12 11 11 11 10 13 12 5 4 6 
1 0 2 5 12 11 11 11 10 3 4 6 
1 0 2 5 12 11 11 11 12 5 2 0 7 6 
1 2 0 7 8 11 11 11 8 7 6 
1 2 5 9 8 11 11 11 10 13 8 7 6 
1 3 10 13 8 11 11 11 8 7 6 
1 2 0 7 8 11 11 11 10 13 8 7 6 
1 3 4 5 12 11 11 11 10 13 12 5 4 6 
1 3 4 5 12 11 11 11 12 13 8 7 6 
1 2 5 9 8 11 11 11 12 5 2 0 7 6 
1 2 5 12 11 11 11 12 5 2 0 7 6 
1 2 5 9 8 11 11 11 10 3 1 0 7 6 
1 3 10 13 12 11 11 11 12 13 8 7 6 
1 0 7 8 13 10 11 11 11 8 9 5 4 6 
1 0 7 8 13 10 11 11 11 10 3 1 0 7 6 
1 2 0 7 8 11 11 11 10 13 12 5 4 6 
1 3 10 11 11 11 8 13 12 5 4 6 
1 3 10 13 8 11 11 11 8 9 5 4 6 
1 2 5 9 8 11 11 11 10 13 12 5 4 6 
1 2 5 12 11 11 11 10 13 12 5 4 6 
1 3 10 13 12 11 11 11 8 9 5 4 6 
1 3 10 13 8 11 11 11 12 13 8 7 6 
1 0 7 8 13 10 11 11 11 10 13 8 7 6 
1 3 10 13 12 11 11 11 8 13 12 5 4 6 
1 0 2 5 12 11 11 11 12 13 8 7 6 
1 2 0 7 8 11 11 11 12 5 4 6 
1 2 0 7 8 11 11 11 12 5 2 0 7 6 
1 3 10 11 11 11 12 5 2 0 7 6 
---------------
Request id 27
0 2 5 9 8 11 11 8 9 5 12 
0 2 1 3 10 11 11 8 13 12 
0 2 5 9 8 11 11 8 13 12 
0 2 5 12 11 11 8 7 0 2 5 12 
0 7 6 4 5 12 11 11 10 3 4 5 12 
0 1 2 5 9 8 11 11 10 3 4 5 12 
0 1 3 10 11 11 8 9 5 12 
0 1 2 5 12 11 11 8 9 5 12 
0 7 8 11 11 8 13 12 
0 7 8 11 11 10 3 1 0 2 5 12 
0 2 5 9 8 11 11 10 13 12 
0 2 1 3 10 11 11 12 
0 7 8 11 11 8 7 0 2 5 12 
0 7 8 13 10 11 11 12 
0 7 8 13 12 11 11 8 13 12 
0 2 5 12 11 11 8 13 12 
0 2 1 3 10 11 11 10 3 4 5 12 
0 7 8 13 10 11 11 8 9 5 12 
0 7 8 13 10 11 11 8 7 0 2 5 12 
0 7 6 4 5 12 11 11 10 3 1 0 2 5 12 
0 7 8 13 12 11 11 10 3 4 5 12 
0 1 2 5 12 11 11 8 7 6 4 5 12 
0 1 3 10 11 11 8 13 12 
0 2 1 3 10 11 11 10 3 1 0 2 5 12 
0 7 8 11 11 12 
0 7 8 11 11 8 7 6 4 5 12 
0 7 8 13 12 11 11 10 3 1 0 2 5 12 
0 2 5 12 11 11 8 7 6 4 5 12 
0 1 2 5 9 8 11 11 8 7 6 4 5 12 
0 2 5 12 11 11 10 3 1 0 2 5 12 
0 2 5 9 8 11 11 12 
0 7 8 13 10 11 11 10 3 1 2 5 12 
0 2 5 9 8 11 11 10 3 1 0 2 5 12 
0 7 8 11 11 10 3 4 5 12 
0 7 8 13 12 11 11 10 3 1 2 5 12 
0 2 5 12 11 11 10 13 8 9 5 12 
0 1 2 5 12 11 11 8 7 0 2 5 12 
0 1 2 5 12 11 11 10 3 1 2 5 12 
0 7 6 4 5 12 11 11 12 
0 1 2 5 12 11 11 10 13 8 9 5 12 
---------------
Request id 20
1 0 2 5 12 11 10 3 4 5 9 8 13 10 11 12 
1 0 2 5 12 11 10 3 4 5 9 8 7 6 4 5 12 
1 2 5 12 11 10 3 4 5 9 8 11 12 
1 3 10 11 12 5 9 8 7 0 2 5 12 
1 2 5 12 11 10 13 8 7 6 4 5 12 
1 3 10 13 12 11 10 3 4 5 9 8 13 10 11 12 
1 0 2 5 12 11 12 5 2 0 7 8 9 5 12 
1 3 4 5 12 11 10 3 4 6 7 8 7 0 1 2 5 12 
1 0 7 8 11 10 3 4 5 9 8 7 6 4 5 12 
1 2 0 7 8 11 12 5 2 0 7 8 7 6 4 5 12 
1 3 10 13 12 11 10 3 1 0 7 8 11 12 
1 2 0 7 8 11 10 3 4 6 7 8 13 10 11 12 
1 3 10 11 10 3 1 0 7 8 7 0 2 5 12 
1 3 10 13 12 11 12 5 4 6 7 8 13 10 3 4 5 12 
1 3 10 13 8 11 8 9 5 12 
1 3 10 11 12 13 8 7 0 2 5 12 
1 3 10 11 12 5 4 6 7 8 11 10 13 12 
1 0 2 5 12 11 10 13 8 11 10 3 4 5 12 
1 3 10 11 10 13 8 11 10 13 12 
1 3 10 13 8 11 8 7 6 4 5 12 
1 3 10 13 12 11 12 13 8 13 10 11 12 
1 2 0 7 8 11 12 5 4 6 7 8 13 12 
1 0 7 8 11 10 13 12 5 9 8 7 6 4 5 12 
1 3 4 5 12 11 10 3 4 5 9 8 11 10 13 12 
1 3 4 5 12 11 12 5 4 6 7 8 11 10 3 4 5 12 
1 3 10 11 10 3 1 0 7 8 11 10 3 4 5 12 
1 2 5 9 8 11 10 13 12 5 9 8 9 5 12 
1 3 10 11 10 3 1 0 7 8 11 10 13 12 
1 0 2 5 12 11 10 13 12 5 9 8 13 12 
1 3 10 13 12 11 12 5 4 6 7 8 9 5 12 
1 2 5 12 11 10 3 1 0 7 8 13 12 
1 0 2 5 12 11 10 13 12 5 9 8 7 0 2 5 12 
1 2 0 7 8 11 12 13 8 11 10 3 4 5 12 
1 0 7 8 13 10 11 10 3 1 0 7 8 11 10 13 12 
1 0 2 5 12 11 10 13 12 5 9 8 11 10 3 4 5 12 
1 3 4 5 12 11 10 13 8 7 6 4 5 12 
1 2 5 9 8 11 10 13 12 5 9 8 11 10 3 4 5 12 
1 3 10 13 12 11 10 13 12 5 9 8 13 10 3 4 5 12 
1 0 7 8 11 12 13 8 7 6 4 5 12 
1 3 4 5 12 11 12 5 4 6 7 8 13 10 11 12 
---------------
Request id 3
10 11 11 8 13 12 5 
10 13 8 9 5 12 11 11 10 13 8 9 5 
10 3 1 2 5 12 11 11 10 13 12 5 
10 13 8 11 11 10 3 4 5 
10 13 8 9 5 12 11 11 8 13 12 5 
10 13 8 11 11 8 7 6 4 5 
10 3 4 6 7 8 11 11 8 13 12 5 
10 3 4 6 7 8 11 11 8 7 0 2 5 
10 3 4 5 12 11 11 8 7 6 4 5 
10 11 11 10 3 4 5 
10 13 8 11 11 12 13 8 9 5 
10 13 8 9 5 12 11 11 10 3 4 5 
10 3 4 6 7 8 11 11 10 13 12 5 
10 13 8 9 5 12 11 11 12 5 
10 13 8 9 5 12 11 11 8 7 6 4 5 
10 13 8 9 5 12 11 11 10 13 12 5 
10 3 1 0 7 8 11 11 12 5 
10 11 11 10 3 1 2 5 
10 13 12 5 9 8 11 11 8 13 12 5 
10 3 1 0 7 8 11 11 10 3 4 5 
10 3 4 6 7 8 11 11 10 3 4 5 
10 13 12 11 11 10 13 12 5 
10 3 1 2 5 12 11 11 12 13 8 9 5 
10 3 1 0 7 8 11 11 8 7 0 2 5 
10 3 4 5 9 8 11 11 10 13 8 9 5 
10 13 8 11 11 8 9 5 
10 13 12 11 11 8 9 5 
10 3 4 5 12 11 11 8 13 12 5 
10 3 4 5 12 11 11 10 13 8 9 5 
10 3 4 5 9 8 11 11 10 3 4 5 
10 3 4 5 9 8 11 11 8 7 0 2 5 
10 3 4 5 12 11 11 12 13 8 9 5 
10 3 4 5 9 8 11 11 8 13 12 5 
10 13 12 5 9 8 11 11 10 3 1 2 5 
10 11 11 12 13 8 9 5 
10 3 4 5 12 11 11 10 3 4 5 
10 13 12 11 11 10 3 4 5 
10 3 4 6 7 8 11 11 12 13 8 9 5 
10 3 4 6 7 8 11 11 8 9 5 
10 3 4 6 7 8 11 11 10 13 8 9 5 
---------------
Request id 7
0 7 6 4 5 9 8 11 12 5 2 0 7 8 13 10 3 1 2 
0 1 3 4 6 7 8 7 6 4 5 12 11 12 5 2 0 7 8 9 5 4 3 1 2 
0 1 3 10 13 8 9 5 12 13 10 11 12 5 9 8 13 10 3 1 2 
0 2 5 12 11 8 13 12 11 12 5 4 6 7 8 11 12 5 2 
0 2 5 9 8 9 5 12 11 12 5 2 0 7 8 13 10 3 1 2 
0 2 5 12 11 8 13 10 11 12 5 2 0 7 8 11 10 3 1 2 
0 1 3 10 13 8 9 5 4 3 10 11 10 13 8 7 0 1 2 
0 7 6 4 5 9 8 9 5 12 13 10 11 10 13 8 11 12 5 2 
0 2 5 12 11 8 13 10 11 10 13 8 13 12 5 2 
0 2 5 9 8 9 5 12 13 10 11 10 3 1 0 7 8 13 10 11 12 5 2 
0 1 2 5 9 8 7 6 4 5 12 11 8 11 10 3 1 2 
0 1 2 5 12 13 8 11 10 3 4 5 9 8 7 0 2 
0 7 8 9 5 12 11 8 11 12 5 2 
0 1 2 5 9 8 9 5 12 13 10 11 10 3 4 5 9 8 11 10 3 1 2 
0 1 2 5 9 8 9 5 4 3 10 11 12 5 2 0 7 8 13 10 3 1 2 
0 7 8 7 6 4 5 12 11 10 13 8 11 10 3 1 2 
0 2 5 12 13 8 7 0 2 5 12 11 8 13 10 11 12 5 2 
0 1 3 10 11 8 9 5 4 3 10 11 8 9 5 4 3 1 2 
0 1 2 5 9 8 9 5 12 13 10 11 12 5 4 6 7 8 13 10 11 12 5 2 
0 1 3 10 13 8 7 6 4 5 12 11 12 5 2 0 7 8 11 10 3 1 2 
0 1 3 10 13 8 7 6 4 5 12 11 12 5 9 8 9 5 2 
0 1 2 5 9 8 13 12 11 8 9 5 4 3 1 2 
0 1 2 5 12 13 8 9 5 12 11 10 3 1 0 7 8 11 12 5 2 
0 1 2 5 9 8 7 6 4 5 12 11 10 13 12 5 9 8 11 12 5 2 
0 2 5 12 13 8 7 6 4 5 12 11 10 13 12 5 9 8 7 0 2 
0 2 5 12 11 8 7 0 1 3 10 11 10 3 1 0 7 8 13 10 11 12 5 2 
0 1 3 10 11 8 9 5 12 13 10 11 12 13 8 7 6 4 5 2 
0 2 5 12 11 8 13 10 11 12 5 4 6 7 8 13 12 5 2 
0 1 2 5 12 13 8 9 5 12 11 10 3 4 5 9 8 7 0 2 
0 1 3 10 11 8 7 6 4 3 10 11 10 3 1 0 7 8 9 5 4 3 1 2 
0 1 2 5 12 13 8 9 5 12 11 10 13 8 13 10 11 12 5 2 
0 1 3 4 6 7 8 7 6 4 5 12 11 10 13 12 5 9 8 9 5 2 
0 7 8 7 6 4 3 10 11 12 13 8 7 6 4 5 2 
0 1 3 10 13 8 11 10 3 1 0 7 8 13 10 3 1 2 
0 2 5 12 13 8 9 5 4 3 10 11 12 13 8 9 5 4 3 1 2 
0 1 3 10 11 8 9 5 12 13 10 11 10 13 8 9 5 2 
0 1 2 5 9 8 7 6 4 5 12 11 12 5 4 6 7 8 13 10 3 1 2 
0 1 3 10 13 8 9 5 12 13 10 11 12 5 4 6 7 8 13 10 3 1 2 
0 7 6 4 5 9 8 11 8 13 10 11 12 5 2 
0 7 8 9 5 12 13 10 11 12 13 8 11 10 3 1 2 
---------------
Request id 8
0 7 8 13 10 11 8 9 5 4 3 10 11 10 3 4 5 2 
0 7 8 11 10 3 1 0 7 8 11 10 3 4 5 2 
0 7 6 4 3 10 11 10 3 4 6 7 8 7 6 4 3 10 11 10 3 1 0 2 
0 1 3 10 11 12 5 9 8 7 0 1 3 10 11 10 13 12 5 2 
0 1 3 10 11 10 13 12 5 9 8 9 5 12 11 10 3 1 0 2 
0 2 5 9 8 11 8 9 5 12 13 10 11 12 5 2 
0 7 8 13 10 11 10 13 12 5 9 8 13 10 11 8 13 12 5 2 
0 1 2 5 9 8 11 12 13 8 13 10 11 10 13 12 5 2 
0 1 2 5 9 8 11 12 5 9 8 9 5 4 3 10 11 12 13 8 9 5 2 
0 7 8 13 12 11 10 13 12 5 9 8 7 0 2 5 12 11 12 13 8 9 5 2 
0 7 8 11 10 13 8 7 0 2 5 12 11 8 7 0 2 
0 1 2 5 9 8 11 12 5 2 0 7 8 7 0 2 5 12 11 10 3 1 0 2 
0 1 3 10 11 10 3 1 0 7 8 9 5 12 13 10 11 8 13 12 5 2 
0 7 6 4 3 10 11 12 5 9 8 13 10 11 8 7 0 1 2 
0 2 5 9 8 11 10 3 1 0 7 8 9 5 12 11 10 3 4 5 2 
0 1 2 5 12 11 12 5 4 6 7 8 13 10 11 12 13 8 9 5 2 
0 2 1 3 10 11 10 13 8 13 10 11 8 9 5 2 
0 7 8 13 10 11 12 5 9 8 13 10 11 12 5 2 
0 2 5 12 11 12 5 2 0 7 8 7 0 1 3 10 11 12 13 8 9 5 2 
0 1 2 5 9 8 11 12 5 2 0 7 8 9 5 12 11 8 7 0 2 
0 1 3 10 11 12 5 4 6 7 8 7 0 1 3 10 11 12 5 2 
0 2 5 12 11 10 3 4 6 7 8 13 10 11 12 5 2 
0 7 8 13 12 11 10 3 4 6 7 8 7 6 4 3 10 11 8 9 5 2 
0 7 8 11 12 5 4 6 7 8 9 5 12 13 10 11 10 3 4 5 2 
0 2 5 12 11 10 3 1 0 7 8 7 0 2 5 12 11 10 3 1 2 
0 1 2 5 12 11 12 5 2 0 7 8 7 6 4 5 12 11 8 9 5 2 
0 1 2 5 12 11 12 13 8 7 6 4 3 10 11 10 3 4 5 2 
0 2 5 12 11 10 3 1 0 7 8 9 5 12 13 10 11 8 9 5 2 
0 7 8 13 12 11 10 13 12 5 9 8 7 0 1 3 10 11 8 13 12 5 2 
0 7 8 13 10 11 12 13 8 13 12 11 12 5 2 
0 2 5 12 11 12 5 4 6 7 8 9 5 12 11 8 9 5 2 
0 2 1 3 10 11 12 5 9 8 9 5 12 13 10 11 8 9 5 2 
0 7 8 11 12 13 8 13 10 11 8 7 0 2 
0 7 8 11 12 5 9 8 9 5 12 11 10 3 1 0 2 
0 7 8 13 12 11 10 13 8 13 12 11 12 13 8 9 5 2 
0 7 8 13 10 11 10 13 8 9 5 12 13 10 11 12 13 8 9 5 2 
0 1 3 10 11 10 3 4 6 7 8 7 0 2 5 12 11 8 9 5 2 
0 1 2 5 9 8 11 12 5 9 8 13 12 11 12 5 2 
0 2 5 9 8 11 12 5 2 0 7 8 7 0 1 3 10 11 8 13 12 5 2 
0 7 8 11 10 13 12 5 9 8 13 10 11 8 7 0 1 2 
---------------
Request id 19
3 10 13 12 11 8 7 0 1 3 10 11 12 5 4 6 
3 1 2 0 7 8 7 0 2 5 12 11 8 13 12 5 4 6 
3 10 13 8 9 5 12 13 10 11 12 5 4 6 
3 10 13 8 9 5 12 11 10 3 4 6 
3 1 0 7 8 9 5 4 3 10 11 12 13 8 7 6 
3 4 5 12 11 8 9 5 4 3 10 11 10 3 4 6 
3 10 11 8 7 0 1 3 10 11 8 9 5 4 6 
3 4 5 9 8 7 0 1 3 10 11 8 7 6 
3 10 13 8 9 5 12 13 10 11 10 13 8 7 6 
3 1 2 0 7 8 7 0 2 5 12 11 8 9 5 4 6 
3 10 11 8 13 12 11 12 5 9 8 7 6 
3 10 13 8 9 5 12 13 10 11 8 9 5 4 6 
3 1 2 5 9 8 13 10 11 10 3 4 6 
3 4 5 9 8 7 0 2 5 12 11 12 13 8 7 6 
3 4 6 7 8 9 5 12 11 8 9 5 4 6 
3 10 13 12 11 8 7 0 2 5 12 11 10 13 8 7 6 
3 4 5 9 8 7 0 2 5 12 11 12 5 4 6 
3 10 11 8 13 12 11 8 9 5 4 6 
3 10 11 8 13 10 11 12 13 10 3 4 6 
3 4 5 12 11 8 7 0 2 5 12 11 12 5 9 8 7 6 
3 4 5 12 11 8 7 6 4 5 12 11 8 9 5 4 6 
3 10 11 8 11 10 13 8 7 6 
3 1 2 0 7 8 13 12 11 12 5 9 8 7 6 
3 10 13 12 11 8 7 6 4 5 12 11 8 7 6 
3 4 5 9 8 9 5 12 13 10 11 8 7 6 
3 10 13 12 11 8 11 10 3 1 0 7 6 
3 4 5 9 8 9 5 4 3 10 11 12 13 8 7 6 
3 4 5 9 8 7 6 4 5 12 11 10 3 1 0 7 6 
3 1 2 5 9 8 9 5 12 11 8 13 12 5 4 6 
3 1 0 7 8 7 6 4 3 10 11 8 9 5 4 6 
3 4 5 9 8 13 10 11 8 13 12 5 4 6 
3 4 5 12 11 8 9 5 12 11 8 9 5 4 6 
3 10 13 8 9 5 4 3 10 11 10 13 8 7 6 
3 1 2 5 9 8 7 6 4 5 12 11 10 3 1 0 7 6 
3 4 5 9 8 13 10 11 8 9 5 4 6 
3 10 11 8 7 0 1 3 10 11 10 3 1 0 7 6 
3 1 0 7 8 7 6 4 5 12 11 10 3 1 0 7 6 
3 10 11 8 7 0 2 5 12 11 12 13 8 7 6 
3 1 0 7 8 7 6 4 5 12 11 8 7 6 
3 10 13 8 13 10 11 8 7 6 
---------------
Request id 23
3 4 5 12 11 11 8 9 5 2 0 
3 1 0 7 8 11 11 8 7 0 
3 10 13 8 11 11 12 13 8 7 0 
3 10 13 12 11 11 12 5 2 0 
3 10 13 12 11 11 10 3 1 0 
3 1 0 7 8 11 11 10 3 1 2 0 
3 1 0 7 8 11 11 8 9 5 2 0 
3 1 0 7 8 11 11 12 5 2 1 0 
3 4 6 7 8 11 11 8 9 5 2 0 
3 4 6 7 8 11 11 10 3 1 0 
3 4 5 12 13 8 11 11 12 5 2 0 
3 4 5 12 11 11 12 5 2 1 0 
3 1 0 7 8 11 11 12 5 2 0 
3 10 11 11 12 5 2 1 0 
3 10 11 11 8 7 0 
3 4 5 12 11 11 8 7 0 
3 1 2 5 12 11 11 10 3 1 0 
3 4 5 9 8 11 11 12 5 2 0 
3 1 0 7 8 11 11 12 5 9 8 7 0 
3 1 2 5 12 11 11 8 13 10 3 1 0 
3 1 2 0 7 8 11 11 12 5 9 8 7 0 
3 10 13 12 11 11 8 13 10 3 1 0 
3 4 5 9 8 11 11 12 5 9 8 7 0 
3 10 13 12 11 11 12 13 8 7 0 
3 4 5 12 11 11 12 5 9 8 7 0 
3 1 2 0 7 8 11 11 8 9 5 2 0 
3 4 6 7 8 11 11 12 5 9 8 7 0 
3 10 13 12 11 11 12 5 2 1 0 
3 1 2 5 12 11 11 10 13 8 7 0 
3 4 5 12 11 11 8 13 10 3 1 0 
3 4 6 7 8 11 11 10 3 1 2 0 
3 10 11 11 12 5 9 8 7 0 
3 4 5 9 8 11 11 10 3 1 2 0 
3 1 2 0 7 8 11 11 8 7 0 
3 1 2 5 12 11 11 12 13 8 7 0 
3 1 2 0 7 8 11 11 8 13 10 3 1 0 
3 1 2 0 7 8 11 11 12 5 2 0 
3 4 5 12 13 8 11 11 12 13 8 7 0 
3 4 5 9 8 11 11 12 5 2 1 0 
3 10 13 8 11 11 12 5 2 1 0 
---------------
Request id 2
0 1 2 5 12 11 11 8 9 5 12 
0 2 5 12 11 11 10 13 8 9 5 12 
0 2 5 12 11 11 10 3 4 5 12 
0 1 2 5 9 8 11 11 8 9 5 12 
0 7 8 13 10 11 11 8 7 0 2 5 12 
0 7 6 4 3 10 11 11 10 13 12 
0 2 1 3 10 11 11 8 7 0 1 2 5 12 
0 1 2 5 12 11 11 8 13 12 
0 7 8 13 10 11 11 10 3 4 5 12 
0 7 8 11 11 10 3 4 5 12 
0 7 8 13 12 11 11 8 7 0 1 2 5 12 
0 7 6 4 3 10 11 11 8 7 0 2 5 12 
0 2 5 9 8 11 11 12 
0 7 8 13 12 11 11 10 3 1 2 5 12 
0 1 3 10 11 11 10 13 8 9 5 12 
0 7 8 13 10 11 11 10 3 1 2 5 12 
0 1 2 5 12 11 11 12 
0 7 6 4 3 10 11 11 12 
0 2 1 3 10 11 11 8 7 6 4 5 12 
0 1 2 5 12 11 11 8 7 6 4 5 12 
0 2 5 9 8 11 11 8 9 5 12 
0 7 8 13 12 11 11 8 7 6 4 5 12 
0 2 5 12 11 11 8 7 0 1 2 5 12 
0 1 2 5 9 8 11 11 10 3 1 2 5 12 
0 7 8 11 11 8 7 0 2 5 12 
0 1 2 5 9 8 11 11 12 
0 2 1 3 10 11 11 10 3 1 2 5 12 
0 1 2 5 12 11 11 10 13 12 
0 7 8 13 10 11 11 8 13 12 
0 1 3 10 11 11 10 3 1 2 5 12 
0 7 6 4 3 10 11 11 8 9 5 12 
0 7 6 4 3 10 11 11 8 13 12 
0 2 5 12 11 11 8 13 12 
0 1 2 5 12 11 11 8 7 0 1 2 5 12 
0 7 8 11 11 8 7 0 1 2 5 12 
0 1 2 5 9 8 11 11 8 13 12 
0 7 8 11 11 12 
0 7 8 13 10 11 11 10 13 12 
0 7 8 13 10 11 11 8 7 0 1 2 5 12 
0 7 8 11 11 10 13 8 9 5 12 
---------------
Request id 9
2 1 0 7 8 11 12 5 4 3 1 
2 5 12 11 8 13 10 3 1 
2 1 3 10 13 12 11 10 3 1 
2 1 3 10 13 12 11 8 9 5 2 1 
2 0 1 3 10 11 10 3 1 
2 1 0 7 8 11 10 3 1 
2 5 12 13 8 11 8 7 0 2 1 
2 5 12 13 10 11 8 13 10 3 1 
2 0 7 8 11 8 7 0 2 1 
2 5 9 8 11 8 7 0 1 
2 1 0 7 8 11 8 7 0 2 1 
2 1 3 10 11 12 5 4 3 1 
2 1 3 10 11 8 7 0 1 
2 5 12 13 10 11 8 7 0 1 
2 5 12 13 8 11 10 3 1 
2 1 3 10 13 12 11 12 5 2 1 
2 5 9 8 11 8 9 5 2 1 
2 1 3 10 11 8 9 5 2 1 
2 5 4 3 10 11 8 7 0 2 1 
2 5 9 8 11 10 3 1 
2 1 0 7 8 11 12 5 2 0 1 
2 5 9 8 11 12 5 2 0 1 
2 5 12 13 8 11 10 13 8 7 0 1 
2 5 12 13 8 11 8 13 10 3 1 
2 5 4 3 10 11 12 5 4 3 1 
2 5 12 13 10 11 12 13 10 3 1 
2 5 4 3 10 11 8 7 0 1 
2 1 0 7 8 11 12 5 2 1 
2 5 9 8 11 8 13 10 3 1 
2 5 4 3 10 11 12 5 2 0 1 
2 5 4 3 10 11 12 5 2 1 
2 5 12 11 10 13 8 7 0 1 
2 0 7 8 11 12 5 2 0 1 
2 1 3 10 13 12 11 12 5 4 3 1 
2 1 0 7 8 11 8 13 10 3 1 
2 5 4 3 10 11 10 3 1 
2 0 1 3 10 11 8 9 5 2 1 
2 0 7 8 11 12 5 4 3 1 
2 5 9 8 11 8 7 0 2 1 
2 0 7 8 11 12 5 2 1 
---------------
Request id 10
0 2 5 4 6 7 8 8 13 12 11 8 7 0 1 3 10 
0 1 3 10 13 8 8 9 5 4 3 10 11 8 9 5 12 13 10 
0 2 5 12 11 8 8 7 0 1 3 10 11 8 9 5 4 3 10 
0 2 5 4 6 7 8 8 11 12 5 9 8 13 10 
0 1 2 5 9 8 8 7 6 4 5 12 11 8 13 10 
0 2 5 4 6 7 8 8 9 5 12 13 10 11 12 13 10 
0 1 2 5 9 8 8 9 5 12 13 10 11 12 5 9 8 13 10 
0 1 2 5 9 8 8 9 5 4 3 10 11 8 9 5 4 3 10 
0 1 3 10 13 8 8 9 5 12 13 10 11 12 5 9 8 13 10 
0 1 3 10 13 8 8 7 6 4 5 12 11 8 13 10 
0 2 5 4 6 7 8 8 7 6 4 3 10 11 8 7 6 4 3 10 
0 7 8 8 7 0 2 5 12 11 12 5 4 3 10 
0 2 5 4 6 7 8 8 9 5 12 11 12 5 2 1 3 10 
0 7 8 8 9 5 12 13 10 11 10 
0 1 3 10 13 8 8 9 5 12 13 10 11 10 
0 1 3 10 13 8 8 9 5 4 3 10 11 8 7 0 1 3 10 
0 2 5 9 8 8 7 0 1 3 10 11 8 13 10 
0 1 3 4 6 7 8 8 7 0 1 3 10 11 8 13 10 
0 1 3 4 6 7 8 8 13 12 11 12 5 4 3 10 
0 2 5 4 6 7 8 8 7 6 4 3 10 11 12 5 4 3 10 
0 2 5 4 6 7 8 8 7 6 4 5 12 11 8 13 10 
0 2 5 9 8 8 9 5 12 11 8 9 5 12 13 10 
0 2 5 9 8 8 13 12 11 12 5 4 3 10 
0 1 3 10 13 8 8 13 10 11 8 7 0 1 3 10 
0 1 3 4 6 7 8 8 11 8 9 5 12 13 10 
0 1 3 10 11 8 8 13 10 11 12 13 10 
0 1 2 5 9 8 8 13 12 11 8 7 0 1 3 10 
0 1 3 10 11 8 8 13 12 11 8 9 5 12 13 10 
0 2 5 9 8 8 7 6 4 3 10 11 8 13 10 
0 1 3 4 6 7 8 8 13 12 11 12 13 10 
0 1 3 10 11 8 8 9 5 12 13 10 11 8 13 10 
0 2 5 4 6 7 8 8 13 10 11 12 5 4 3 10 
0 1 3 10 11 8 8 9 5 12 13 10 11 12 5 4 3 10 
0 2 5 4 6 7 8 8 9 5 12 11 8 7 6 4 3 10 
0 2 5 4 6 7 8 8 7 0 1 3 10 11 12 5 2 1 3 10 
0 1 3 4 6 7 8 8 13 12 11 12 5 9 8 13 10 
0 7 6 4 5 9 8 8 9 5 12 13 10 11 12 5 9 8 13 10 
0 2 5 12 11 8 8 9 5 12 11 8 7 0 1 3 10 
0 7 8 8 7 0 1 3 10 11 12 5 2 1 3 10 
0 2 5 12 13 8 8 13 12 11 8 7 0 1 3 10 
---------------
Request id 25
1 3 10 13 12 11 11 11 8 9 5 
1 0 2 5 12 11 11 11 10 13 12 5 
1 3 4 5 12 11 11 11 10 3 1 2 5 
1 2 5 12 11 11 11 12 13 8 9 5 
1 2 5 12 13 10 11 11 11 10 3 1 2 5 
1 3 10 11 11 11 10 13 12 5 
1 3 4 5 12 11 11 11 12 13 8 9 5 
1 2 5 12 11 11 11 10 13 12 5 
1 3 10 11 11 11 12 13 8 9 5 
1 2 5 12 13 10 11 11 11 10 3 4 5 
1 3 4 5 12 11 11 11 8 7 6 4 5 
1 2 5 12 11 11 11 12 5 
1 2 5 12 11 11 11 8 9 5 
1 2 5 9 8 11 11 11 8 7 6 4 5 
1 2 5 9 8 11 11 11 8 13 12 5 
1 3 10 13 8 11 11 11 10 3 4 5 
1 0 7 8 11 11 11 8 9 5 
1 2 0 7 8 11 11 11 12 5 
1 2 5 12 13 10 11 11 11 12 5 
1 3 4 5 12 11 11 11 8 7 0 2 5 
1 3 10 11 11 11 8 13 12 5 
1 2 0 7 8 11 11 11 8 13 12 5 
1 2 5 12 13 10 11 11 11 8 9 5 
1 2 0 7 8 11 11 11 8 9 5 
1 2 0 7 8 11 11 11 10 3 4 5 
1 2 5 9 8 11 11 11 10 3 4 5 
1 0 7 8 11 11 11 8 7 0 2 5 
1 2 5 9 8 11 11 11 12 13 8 9 5 
1 2 5 12 13 10 11 11 11 8 13 12 5 
1 0 2 5 12 11 11 11 12 5 
1 3 10 11 11 11 10 13 8 9 5 
1 0 2 5 12 11 11 11 8 9 5 
1 3 10 13 8 11 11 11 10 3 1 2 5 
1 3 4 5 12 11 11 11 8 9 5 
1 3 10 13 12 11 11 11 12 13 8 9 5 
1 2 0 7 8 11 11 11 8 7 6 4 5 
1 2 5 12 11 11 11 8 13 12 5 
1 2 5 9 8 11 11 11 10 13 8 9 5 
1 3 10 11 11 11 12 5 
1 2 5 12 11 11 11 10 3 4 5 
---------------
Request id 17
6 7 0 2 5 9 8 9 5 2 1 3 10 
6 7 0 2 5 9 8 13 12 11 10 
6 4 3 1 0 7 8 11 10 
6 7 0 2 5 9 8 9 5 4 3 10 
6 4 5 9 8 9 5 2 1 3 10 
6 4 3 10 13 8 13 10 
6 7 8 7 0 1 3 10 
6 7 0 2 5 12 11 8 13 10 
6 4 5 9 8 11 12 13 10 
6 4 3 10 11 8 9 5 2 1 3 10 
6 7 0 2 5 9 8 11 10 
6 4 5 12 13 8 9 5 2 1 3 10 
6 7 8 9 5 12 11 10 
6 4 3 10 13 8 9 5 2 1 3 10 
6 4 3 1 0 7 8 11 12 13 10 
6 7 0 2 5 12 11 8 9 5 12 13 10 
6 4 5 12 11 8 7 6 4 3 10 
6 4 5 9 8 9 5 12 13 10 
6 7 0 2 5 12 11 8 9 5 2 1 3 10 
6 4 3 1 0 7 8 13 12 11 10 
6 4 3 10 11 8 9 5 12 11 10 
6 7 0 2 5 12 11 8 9 5 4 3 10 
6 4 5 9 8 9 5 4 3 10 
6 4 3 10 13 8 11 12 13 10 
6 4 3 1 0 7 8 9 5 2 1 3 10 
6 4 3 10 11 8 11 12 13 10 
6 4 5 2 0 7 8 9 5 12 11 10 
6 4 3 10 11 8 7 6 4 3 10 
6 4 5 2 0 7 8 13 10 
6 4 3 1 0 7 8 7 0 1 3 10 
6 4 5 12 13 8 9 5 12 13 10 
6 4 3 10 13 8 9 5 12 13 10 
6 7 0 2 5 12 11 8 11 12 13 10 
6 7 0 2 5 12 11 8 7 0 1 3 10 
6 7 8 13 12 11 10 
6 7 0 2 5 12 11 8 13 12 11 10 
6 4 5 9 8 13 10 
6 4 3 10 11 8 9 5 4 3 10 
6 4 3 10 13 8 7 6 4 3 10 
6 4 3 1 0 7 8 9 5 4 3 10 
---------------
Request id 21
1 3 10 11 8 7 6 4 5 12 11 12 5 2 
1 3 4 5 9 8 9 5 12 13 10 11 10 3 4 5 2 
1 2 5 12 11 8 13 10 11 8 7 0 1 2 
1 3 4 5 9 8 7 6 4 3 10 11 8 7 6 4 5 2 
1 3 10 11 8 7 6 4 3 10 11 8 13 12 5 2 
1 3 10 11 8 13 10 11 8 13 12 5 2 
1 2 0 7 8 7 6 4 3 10 11 8 13 12 5 2 
1 2 5 9 8 9 5 12 13 10 11 8 13 12 5 2 
1 2 5 12 11 8 7 0 2 5 12 11 12 5 2 
1 2 0 7 8 9 5 4 3 10 11 10 3 4 5 2 
1 3 4 5 9 8 9 5 12 13 10 11 10 3 1 2 
1 3 10 13 8 7 0 1 3 10 11 8 13 12 5 2 
1 2 0 7 8 13 12 11 12 5 2 
1 3 4 5 9 8 9 5 12 13 10 11 10 13 12 5 2 
1 0 7 8 11 8 9 5 2 
1 2 5 12 13 8 7 6 4 5 12 11 8 7 0 2 
1 3 10 11 8 13 10 11 8 7 0 2 
1 2 5 12 13 8 13 12 11 10 3 4 5 2 
1 3 4 6 7 8 9 5 4 3 10 11 8 7 0 2 
1 0 2 5 9 8 7 0 2 5 12 11 8 7 0 1 2 
1 2 5 12 13 8 9 5 4 3 10 11 8 9 5 2 
1 3 10 11 8 7 6 4 3 10 11 8 7 6 4 5 2 
1 3 4 6 7 8 7 0 2 5 12 11 10 13 12 5 2 
1 0 2 5 9 8 7 6 4 3 10 11 8 7 6 4 5 2 
1 3 4 6 7 8 7 6 4 3 10 11 8 7 6 4 5 2 
1 0 2 5 9 8 7 6 4 3 10 11 8 7 0 1 2 
1 0 2 5 9 8 13 12 11 10 3 1 0 2 
1 0 7 8 9 5 4 3 10 11 8 13 12 5 2 
1 2 5 12 13 8 9 5 12 11 8 7 0 2 
1 3 4 6 7 8 9 5 12 13 10 11 8 13 12 5 2 
1 0 2 5 9 8 7 0 2 5 12 11 10 3 4 5 2 
1 2 5 12 13 8 13 10 11 8 7 6 4 5 2 
1 0 2 5 9 8 7 6 4 5 12 11 8 7 0 1 2 
1 2 5 12 13 8 9 5 12 13 10 11 10 13 12 5 2 
1 3 10 13 8 7 6 4 5 12 11 8 9 5 2 
1 3 10 13 8 7 0 2 5 12 11 10 3 4 5 2 
1 0 2 5 9 8 7 6 4 3 10 11 8 13 12 5 2 
1 3 4 5 9 8 7 6 4 5 12 11 8 9 5 2 
1 0 2 5 9 8 9 5 4 3 10 11 8 7 0 2 
1 3 10 11 8 7 6 4 5 12 11 10 3 1 0 2 
---------------
Request id 26
4 6 7 8 11 10 3 1 2 5 
4 3 10 11 8 7 0 2 5 
4 5 12 13 10 11 10 3 4 5 
4 5 12 11 12 13 8 9 5 
4 3 1 2 5 12 11 10 3 4 5 
4 3 1 2 5 12 11 12 5 
4 5 9 8 11 8 9 5 
4 5 12 13 8 11 10 13 8 9 5 
4 5 9 8 11 8 13 12 5 
4 5 12 13 8 11 10 3 4 5 
4 6 7 8 13 10 11 8 9 5 
4 5 9 8 11 10 3 4 5 
4 6 7 8 11 10 13 12 5 
4 5 12 11 10 3 1 2 5 
4 5 12 13 10 11 10 3 1 2 5 
4 6 7 8 11 10 13 8 9 5 
4 5 12 13 10 11 12 5 
4 6 7 8 11 8 13 12 5 
4 3 1 2 5 12 11 8 7 6 4 5 
4 3 10 13 8 11 12 13 8 9 5 
4 3 10 13 8 11 12 5 
4 3 10 13 12 11 8 13 12 5 
4 3 10 13 12 11 8 9 5 
4 5 12 13 8 11 12 5 
4 5 9 8 11 10 3 1 2 5 
4 6 7 8 11 8 7 0 2 5 
4 5 12 11 10 13 8 9 5 
4 3 10 11 8 13 12 5 
4 5 12 13 10 11 10 13 12 5 
4 3 10 13 8 11 10 13 12 5 
4 3 10 13 12 11 10 13 12 5 
4 3 1 2 5 12 11 8 7 0 2 5 
4 5 9 8 11 12 5 
4 3 10 13 8 11 8 9 5 
4 6 7 8 13 10 11 8 7 0 2 5 
4 5 9 8 11 10 13 8 9 5 
4 5 9 8 11 8 7 0 2 5 
4 3 10 11 10 3 4 5 
4 5 12 13 8 11 8 7 6 4 5 
4 6 7 8 13 10 11 10 13 8 9 5 
---------------
Request id 1
6 7 0 2 5 12 11 10 3 4 5 
6 4 3 10 11 10 13 8 9 5 
6 4 5 12 13 8 11 8 7 0 2 5 
6 4 5 12 13 8 11 10 3 4 5 
6 4 3 10 11 12 13 8 9 5 
6 4 5 12 11 12 13 8 9 5 
6 7 8 13 12 11 10 3 1 2 5 
6 7 8 13 10 11 12 5 
6 7 8 9 5 12 11 10 13 8 9 5 
6 4 3 10 11 10 3 1 2 5 
6 7 0 1 3 10 11 10 13 12 5 
6 4 5 9 8 11 8 9 5 
6 4 5 12 11 8 7 6 4 5 
6 4 3 10 11 10 3 4 5 
6 7 8 11 10 3 4 5 
6 7 8 9 5 12 11 12 13 8 9 5 
6 4 5 9 8 11 8 13 12 5 
6 7 0 1 3 10 11 8 13 12 5 
6 7 0 1 3 10 11 8 7 6 4 5 
6 7 8 11 10 13 12 5 
6 7 8 13 12 11 12 5 
6 4 5 9 8 11 10 13 8 9 5 
6 4 5 12 13 8 11 8 13 12 5 
6 4 3 10 11 8 13 12 5 
6 4 5 12 13 8 11 10 13 12 5 
6 7 8 9 5 12 11 8 13 12 5 
6 7 8 13 12 11 10 3 4 5 
6 4 5 12 11 10 3 4 5 
6 7 8 11 10 3 1 2 5 
6 7 8 13 10 11 10 13 8 9 5 
6 4 5 12 13 8 11 10 13 8 9 5 
6 7 8 13 10 11 8 7 0 2 5 
6 7 8 13 10 11 10 13 12 5 
6 7 8 13 10 11 10 3 1 2 5 
6 4 5 12 11 8 9 5 
6 7 8 13 10 11 8 7 6 4 5 
6 7 8 11 12 5 
6 4 5 12 13 8 11 10 3 1 2 5 
6 4 5 12 13 8 11 8 9 5 
6 4 3 10 11 8 7 0 2 5 
---------------
Request id 6
10 3 1 0 7 8 11 10 3 1 0 7 
10 3 4 6 7 8 9 5 4 6 7 
10 3 4 5 9 8 11 10 3 4 6 7 
10 13 8 11 10 3 4 6 7 
10 3 4 6 7 8 13 10 3 4 6 7 
10 3 4 6 7 8 11 12 5 4 6 7 
10 13 12 11 8 13 12 5 4 6 7 
10 13 12 11 8 11 12 5 4 6 7 
10 13 8 11 10 3 1 0 7 
10 11 8 9 5 2 0 7 
10 3 4 6 7 8 13 12 5 4 6 7 
10 11 12 13 8 11 10 3 4 6 7 
10 11 12 13 8 13 10 3 4 6 7 
10 3 1 0 7 8 9 5 4 6 7 
10 13 12 11 8 13 10 3 4 6 7 
10 11 12 5 9 8 11 10 3 4 6 7 
10 11 12 5 9 8 11 10 3 1 0 7 
10 11 12 13 8 9 5 4 6 7 
10 11 12 5 9 8 11 12 5 2 0 7 
10 13 8 7 
10 11 8 11 12 5 2 0 7 
10 11 12 13 8 11 12 5 4 6 7 
10 11 8 13 12 5 4 6 7 
10 13 12 5 9 8 13 10 3 4 6 7 
10 13 12 11 8 11 12 5 2 0 7 
10 3 4 5 9 8 13 10 3 4 6 7 
10 11 12 5 9 8 13 12 5 4 6 7 
10 3 4 5 12 13 8 11 12 5 4 6 7 
10 11 12 5 9 8 13 10 3 4 6 7 
10 3 1 0 7 8 7 
10 11 12 5 9 8 9 5 4 6 7 
10 13 8 11 12 5 2 0 7 
10 3 4 6 7 8 9 5 2 0 7 
10 3 4 5 12 13 8 7 
10 3 4 6 7 8 11 10 3 4 6 7 
10 3 1 0 7 8 13 12 5 4 6 7 
10 11 12 13 8 11 12 5 2 0 7 
10 3 4 6 7 8 11 10 3 1 0 7 
10 13 12 11 8 13 10 3 1 0 7 
10 13 12 5 9 8 11 10 3 1 0 7 
---------------
Request id 13
0 1 3 10 13 8 7 0 1 3 10 11 8 7 0 2 5 4 
0 2 5 12 11 8 7 6 4 5 12 11 8 13 12 5 4 
0 2 5 4 6 7 8 9 5 4 3 10 11 12 13 10 3 4 
0 2 5 12 11 8 13 12 11 8 13 12 5 4 
0 2 5 4 6 7 8 9 5 4 3 10 11 8 13 10 3 4 
0 2 5 4 6 7 8 11 12 13 10 3 4 
0 1 3 10 13 8 7 6 4 5 12 11 10 3 4 
0 1 2 5 9 8 11 8 9 5 4 
0 1 3 10 13 8 7 6 4 5 12 11 8 9 5 4 
0 2 5 9 8 9 5 12 11 8 9 5 4 
0 7 6 4 5 9 8 7 6 4 3 10 11 8 13 12 5 4 
0 2 5 4 6 7 8 7 6 4 3 10 11 12 13 10 3 4 
0 2 5 12 13 8 7 0 2 5 12 11 8 13 12 5 4 
0 2 5 4 6 7 8 7 6 4 3 10 11 12 5 4 
0 1 3 10 11 8 11 12 5 4 
0 7 8 9 5 12 13 10 11 12 5 2 1 3 4 
0 1 3 4 6 7 8 11 8 13 10 3 4 
0 2 5 12 13 8 7 0 1 3 10 11 8 13 12 5 4 
0 1 3 4 6 7 8 11 12 5 2 1 3 4 
0 2 5 12 11 8 7 6 4 3 10 11 12 5 4 
0 7 8 9 5 4 3 10 11 8 9 5 4 
0 1 3 10 11 8 7 6 4 5 12 11 12 5 2 1 3 4 
0 2 5 12 11 8 7 0 2 5 12 11 10 3 4 
0 1 3 10 11 8 9 5 4 3 10 11 8 9 5 4 
0 2 5 4 6 7 8 7 6 4 5 12 11 12 5 2 1 3 4 
0 2 5 12 11 8 13 12 11 10 3 4 
0 2 5 12 11 8 7 6 4 5 12 11 8 13 10 3 4 
0 1 3 4 6 7 8 11 12 13 10 3 4 
0 2 5 12 11 8 9 5 12 13 10 11 12 5 4 
0 1 3 4 6 7 8 9 5 4 3 10 11 8 13 10 3 4 
0 7 6 4 5 9 8 7 6 4 3 10 11 8 9 5 4 
0 1 2 5 9 8 7 0 1 3 10 11 8 13 12 5 4 
0 1 2 5 9 8 11 8 7 6 4 
0 1 2 5 9 8 7 0 2 5 12 11 10 3 4 
0 1 3 4 6 7 8 7 6 4 3 10 11 8 7 6 4 
0 1 3 10 13 8 7 0 2 5 12 11 8 13 10 3 4 
0 2 5 9 8 9 5 4 3 10 11 12 5 2 1 3 4 
0 1 3 10 11 8 11 8 13 10 3 4 
0 2 5 9 8 9 5 12 11 12 13 10 3 4 
0 1 3 10 13 8 7 6 4 5 12 11 12 5 2 1 3 4 
---------------
Request id 14
4 5 12 11 11 8 11 10 3 4 6 7 
4 5 9 8 11 11 12 5 9 8 9 5 2 1 0 7 
4 3 1 0 7 8 11 11 10 13 8 13 10 3 4 6 7 
4 3 10 13 8 11 11 10 13 12 5 9 8 7 
4 3 10 13 8 11 11 12 5 4 6 7 8 11 12 5 4 6 7 
4 3 10 13 8 11 11 12 13 8 13 10 3 4 6 7 
4 3 10 13 12 11 11 10 13 12 5 9 8 13 12 5 4 6 7 
4 3 1 0 7 8 11 11 10 3 1 0 7 8 13 10 3 4 6 7 
4 5 9 8 11 11 10 3 1 0 7 8 11 10 3 4 6 7 
4 5 12 13 10 11 11 10 3 4 5 9 8 9 5 4 6 7 
4 5 12 13 10 11 11 12 5 9 8 7 
4 5 12 13 10 11 11 10 13 12 5 9 8 9 5 2 1 0 7 
4 5 2 0 7 8 11 11 10 3 1 0 7 8 13 10 3 1 0 7 
4 5 12 11 11 10 3 4 5 9 8 13 12 5 4 6 7 
4 3 10 13 8 11 11 12 5 2 0 7 8 9 5 4 6 7 
4 5 9 8 11 11 8 9 5 2 0 7 
4 5 2 0 7 8 11 11 10 13 8 11 10 3 1 0 7 
4 6 7 8 11 11 12 5 9 8 11 12 5 4 6 7 
4 5 9 8 11 11 10 3 4 5 9 8 9 5 4 6 7 
4 5 2 0 7 8 11 11 10 3 4 5 9 8 13 10 3 1 0 7 
4 3 10 13 12 11 11 10 3 4 6 7 8 9 5 2 0 7 
4 5 9 8 11 11 12 5 9 8 9 5 4 6 7 
4 6 7 8 11 11 12 5 9 8 13 10 3 1 0 7 
4 3 10 13 12 11 11 10 13 8 13 10 3 4 6 7 
4 5 9 8 11 11 10 3 4 6 7 8 9 5 4 6 7 
4 6 7 8 11 11 10 3 4 5 9 8 11 12 5 4 6 7 
4 5 12 11 11 10 3 1 0 7 8 7 
4 3 10 13 12 11 11 12 5 9 8 7 
4 6 7 8 11 11 10 3 4 6 7 8 13 12 5 4 6 7 
4 3 1 0 7 8 11 11 12 5 4 6 7 8 7 
4 6 7 8 11 11 10 3 4 6 7 8 11 10 3 1 0 7 
4 5 2 0 7 8 11 11 12 5 9 8 9 5 2 1 0 7 
4 3 10 13 12 11 11 8 11 12 5 4 6 7 
4 5 12 13 8 11 11 8 9 5 2 1 0 7 
4 3 10 13 8 11 11 10 13 8 9 5 2 1 0 7 
4 6 7 8 11 11 10 13 12 5 9 8 7 
4 3 10 13 12 11 11 10 3 4 5 9 8 7 
4 3 10 13 8 11 11 10 3 4 6 7 8 11 10 3 4 6 7 
4 6 7 8 11 11 10 3 1 0 7 8 13 10 3 4 6 7 
4 3 10 13 12 11 11 10 3 4 6 7 8 9 5 2 1 0 7 
---------------
Request id 29
6 4 3 1 0 7 8 7 0 
6 4 3 10 13 8 13 10 3 1 0 
6 4 5 12 13 8 13 10 3 1 0 
6 4 3 10 11 8 11 12 5 2 1 0 
6 4 5 9 8 11 10 3 1 0 
6 4 3 1 0 7 8 9 5 2 0 
6 4 3 10 13 8 9 5 2 1 0 
6 7 0 2 5 9 8 7 6 4 3 1 0 
6 4 3 10 11 8 9 5 2 0 
6 4 5 12 11 8 11 10 3 1 0 
6 4 5 12 11 8 11 12 5 2 0 
6 4 3 10 13 8 9 5 2 0 
6 4 3 10 11 8 7 6 4 3 1 0 
6 7 0 2 5 12 11 8 9 5 2 1 0 
6 4 5 12 13 8 9 5 2 1 0 
6 7 8 7 6 4 3 1 0 
6 4 3 10 11 8 11 10 3 1 0 
6 4 5 2 0 7 8 7 6 4 3 1 0 
6 7 0 2 5 9 8 7 0 
6 4 5 9 8 7 0 
6 4 5 2 0 7 8 13 10 3 1 0 
6 4 3 1 0 7 8 11 12 5 2 0 
6 4 3 10 11 8 13 12 5 2 0 
6 7 8 13 10 3 1 0 
6 4 5 2 0 7 8 11 12 5 2 1 0 
6 4 5 2 0 7 8 11 10 3 1 0 
6 4 5 12 13 8 11 10 3 1 0 
6 4 5 2 0 7 8 9 5 4 6 7 0 
6 4 5 12 11 8 13 10 3 1 0 
6 4 5 12 13 8 11 12 5 2 0 
6 7 0 2 5 12 11 8 7 0 
6 4 3 1 0 7 8 7 6 4 3 1 0 
6 4 3 10 11 8 9 5 4 6 7 0 
6 4 5 9 8 9 5 2 1 0 
6 4 3 10 13 8 13 12 5 2 0 
6 7 0 2 5 12 11 8 11 12 5 2 0 
6 4 5 12 11 8 9 5 4 6 7 0 
6 4 3 1 0 7 8 9 5 4 6 7 0 
6 7 8 7 0 
6 4 5 9 8 13 12 5 2 0 
---------------
Request id 11
10 13 8 11 11 11 10 13 8 9 5 4 
10 3 1 0 7 8 11 11 11 10 13 12 5 4 
10 13 8 11 11 11 8 9 5 4 
10 13 8 11 11 11 8 13 12 5 4 
10 3 4 5 9 8 11 11 11 8 13 10 3 4 
10 3 4 6 7 8 11 11 11 8 9 5 4 
10 13 12 11 11 11 10 3 4 
10 11 11 11 10 13 12 5 4 
10 3 4 5 9 8 11 11 11 10 3 1 2 5 4 
10 3 4 5 9 8 11 11 11 10 13 12 5 4 
10 13 8 9 5 12 11 11 11 10 13 12 5 4 
10 13 8 11 11 11 10 13 12 5 4 
10 13 12 11 11 11 10 3 1 2 5 4 
10 3 4 5 9 8 11 11 11 8 13 12 5 4 
10 3 1 2 5 12 11 11 11 12 5 4 
10 3 1 0 7 8 11 11 11 8 13 12 5 4 
10 3 1 2 5 12 11 11 11 8 7 6 4 
10 13 12 11 11 11 8 13 10 3 4 
10 3 4 6 7 8 11 11 11 10 13 12 5 4 
10 3 1 2 5 12 11 11 11 10 13 12 5 4 
10 3 1 2 5 12 11 11 11 8 13 10 3 4 
10 3 4 5 12 11 11 11 12 13 10 3 4 
10 3 4 6 7 8 11 11 11 10 3 1 2 5 4 
10 3 1 0 7 8 11 11 11 12 13 10 3 4 
10 13 12 11 11 11 10 13 12 5 4 
10 3 1 0 7 8 11 11 11 12 5 4 
10 3 1 2 5 12 11 11 11 8 13 12 5 4 
10 13 8 9 5 12 11 11 11 8 13 10 3 4 
10 3 1 2 5 12 11 11 11 10 3 1 2 5 4 
10 3 4 5 9 8 11 11 11 8 9 5 4 
10 3 1 2 5 12 11 11 11 10 3 4 
10 13 8 11 11 11 8 7 6 4 
10 3 1 2 5 12 11 11 11 12 13 10 3 4 
10 13 8 11 11 11 12 13 10 3 4 
10 13 12 11 11 11 12 13 10 3 4 
10 13 8 9 5 12 11 11 11 8 7 6 4 
10 3 4 6 7 8 11 11 11 12 5 4 
10 3 1 0 7 8 11 11 11 8 13 10 3 4 
10 3 4 5 9 8 11 11 11 8 7 6 4 
10 3 1 0 7 8 11 11 11 10 13 8 9 5 4 
---------------
Request id 12
10 3 4 5 9 8 11 12 5 9 8 7 0 2 5 12 11 12 5 9 8 7 
10 3 1 0 7 8 11 12 5 2 0 7 8 9 5 4 3 10 11 10 3 1 2 0 7 
10 13 8 9 5 12 11 12 13 8 7 0 1 3 10 11 10 3 4 6 7 
10 13 12 5 9 8 11 8 7 6 4 3 10 11 8 9 5 2 0 7 
10 11 10 3 4 5 9 8 7 0 1 3 10 11 10 3 1 2 0 7 
10 11 8 9 5 4 3 10 11 8 9 5 2 0 7 
10 13 8 9 5 12 11 12 5 4 6 7 8 13 10 11 8 9 5 2 0 7 
10 3 4 5 12 11 12 5 4 6 7 8 7 0 1 3 10 11 8 9 5 2 0 7 
10 3 1 2 5 12 11 10 13 8 13 12 11 10 3 1 0 7 
10 3 4 6 7 8 11 10 13 8 11 10 3 4 6 7 
10 3 1 2 5 12 11 12 5 9 8 13 10 11 10 3 4 6 7 
10 3 4 5 9 8 11 12 5 2 0 7 8 9 5 12 13 10 11 8 9 5 2 0 7 
10 3 4 5 12 11 10 13 8 11 10 3 4 6 7 
10 3 4 5 12 11 10 3 4 5 9 8 13 10 11 8 9 5 2 0 7 
10 13 8 11 10 3 4 6 7 8 7 0 2 5 12 11 12 5 9 8 7 
10 13 8 9 5 12 11 10 3 4 6 7 8 11 12 13 8 7 
10 3 4 6 7 8 11 8 7 6 4 3 10 11 8 7 
10 11 12 5 9 8 7 6 4 5 12 11 8 7 
10 3 1 2 5 12 11 12 5 2 0 7 8 7 6 4 3 10 11 10 13 8 7 
10 13 12 5 9 8 11 10 3 1 0 7 8 9 5 4 3 10 11 10 13 8 7 
10 13 12 5 9 8 11 10 13 8 7 6 4 3 10 11 8 9 5 2 0 7 
10 11 10 13 12 5 9 8 9 5 12 11 10 3 1 0 7 
10 3 4 6 7 8 11 10 3 4 5 9 8 7 0 2 5 12 11 10 3 1 2 0 7 
10 13 12 11 10 3 1 0 7 8 9 5 12 13 10 11 12 13 8 7 
10 3 4 5 12 11 10 3 4 6 7 8 9 5 12 13 10 11 10 3 1 2 0 7 
10 13 8 9 5 12 11 10 3 4 6 7 8 7 0 1 3 10 11 10 3 1 2 0 7 
10 3 1 0 7 8 11 10 3 1 0 7 8 7 0 2 5 12 11 10 3 4 6 7 
10 3 4 6 7 8 11 12 13 8 9 5 12 13 10 11 8 7 
10 13 12 5 9 8 11 12 13 8 7 6 4 5 12 11 8 9 5 2 0 7 
10 3 1 2 5 12 11 10 3 4 5 9 8 9 5 12 13 10 11 12 13 8 7 
10 3 4 5 12 11 12 13 8 13 10 11 10 13 8 7 
10 13 8 11 12 5 4 6 7 8 9 5 4 3 10 11 10 13 8 7 
10 3 4 5 9 8 11 10 13 8 9 5 12 13 10 11 12 5 9 8 7 
10 13 12 5 9 8 11 12 13 8 9 5 4 3 10 11 10 3 1 0 7 
10 13 8 9 5 12 11 10 3 4 5 9 8 13 10 11 10 3 4 6 7 
10 11 10 3 4 5 9 8 7 6 4 5 12 11 10 3 4 6 7 
10 13 12 11 12 5 9 8 13 10 11 12 5 4 6 7 
10 13 12 5 9 8 11 12 5 4 6 7 8 11 12 13 8 7 
10 13 12 11 10 3 1 0 7 8 7 0 1 3 10 11 8 9 5 2 0 7 
10 13 12 5 9 8 11 10 13 8 9 5 12 11 12 5 9 8 7 
---------------
Request id 4
2 1 3 10 11 8 7 0 1 
2 5 4 6 7 8 9 5 2 0 1 
2 5 12 13 10 11 8 9 5 2 1 
2 5 4 6 7 8 11 12 5 2 1 
2 5 12 13 8 9 5 4 3 1 
2 0 7 8 7 0 1 
2 5 4 3 10 11 8 11 12 5 2 1 
2 5 12 11 8 13 10 3 1 
2 5 9 8 9 5 2 0 1 
2 5 9 8 9 5 4 3 1 
2 5 4 6 7 8 9 5 4 3 1 
2 5 4 3 10 11 8 7 0 2 1 
2 5 9 8 11 12 5 2 1 
2 1 0 7 8 9 5 2 0 1 
2 5 4 3 10 11 8 9 5 4 3 1 
2 5 12 13 8 7 0 2 1 
2 5 12 11 8 11 12 5 2 1 
2 0 7 8 9 5 2 0 1 
2 5 12 11 8 9 5 2 0 1 
2 5 12 13 8 7 6 4 3 1 
2 1 0 7 8 7 0 2 1 
2 5 12 13 10 11 8 9 5 4 3 1 
2 0 7 8 9 5 2 1 
2 1 3 10 13 8 9 5 2 0 1 
2 1 3 10 13 8 13 10 3 1 
2 1 0 7 8 9 5 4 3 1 
2 1 0 7 8 11 10 3 1 
2 1 3 10 13 8 13 12 5 2 1 
2 1 0 7 8 11 12 5 2 1 
2 5 12 11 8 11 10 3 1 
2 5 4 6 7 8 7 0 2 1 
2 5 12 13 10 11 8 11 10 3 1 
2 5 12 13 10 11 8 7 0 2 1 
2 5 12 13 10 11 8 7 6 4 3 1 
2 0 7 8 7 6 4 3 1 
2 5 12 13 8 13 12 5 2 1 
2 5 12 11 8 7 6 4 3 1 
2 5 4 6 7 8 11 10 3 1 
2 1 3 10 13 8 11 12 5 2 1 
2 5 12 13 8 9 5 2 0 1 
---------------
Request id 16
7 0 2 5 12 11 8 13 12 5 4 
7 0 2 5 12 13 8 11 12 5 4 
7 6 4 3 10 13 8 13 10 3 4 
7 6 4 5 9 8 11 12 5 4 
7 6 4 5 12 13 8 7 0 2 5 4 
7 0 2 5 9 8 9 5 2 1 3 4 
7 0 2 5 12 11 8 13 10 11 12 5 4 
7 6 4 5 12 13 8 7 6 4 
7 6 4 5 12 13 8 9 5 4 
7 0 1 3 10 13 8 11 12 5 4 
7 0 2 5 9 8 7 0 1 3 4 
7 0 2 5 12 11 8 13 10 3 4 
7 0 1 3 10 11 8 7 6 4 
7 0 1 3 10 13 8 7 0 1 3 4 
7 0 1 3 10 11 8 9 5 4 
7 0 2 5 9 8 9 5 4 
7 8 9 5 4 
7 6 4 5 12 13 8 13 12 5 4 
7 0 1 2 5 9 8 9 5 2 1 3 4 
7 0 1 2 5 9 8 7 6 4 
7 0 2 5 9 8 11 12 5 4 
7 8 7 6 4 
7 0 2 5 9 8 7 6 4 
7 0 2 5 12 13 8 13 10 3 4 
7 0 1 3 10 11 8 11 10 3 4 
7 6 4 3 10 13 8 11 10 3 4 
7 6 4 5 9 8 11 10 3 4 
7 8 9 5 2 1 3 4 
7 0 1 3 10 13 8 9 5 4 
7 0 1 2 5 9 8 13 10 11 12 5 4 
7 0 2 5 12 11 8 7 0 2 5 4 
7 0 2 5 12 13 8 7 6 4 
7 6 4 5 12 13 8 11 10 3 4 
7 0 2 5 12 13 8 7 0 2 5 4 
7 6 4 5 9 8 7 6 4 
7 0 2 5 9 8 11 10 3 4 
7 6 4 5 12 13 8 9 5 2 1 3 4 
7 6 4 5 9 8 9 5 2 1 3 4 
7 8 13 10 3 4 
7 6 4 3 10 13 8 7 0 1 3 4 
---------------
