Request id 10
9 8 7 0 1 2 5 5 5 12 13 8 7 0 1 
9 8 7 0 2 5 5 5 9 8 7 0 1 
9 8 13 10 3 4 5 5 5 4 3 1 
9 8 7 6 4 5 5 5 12 13 8 7 0 1 
9 8 11 10 3 4 5 5 5 9 8 7 0 2 1 
9 8 7 0 1 2 5 5 5 9 8 7 0 2 1 
9 8 7 0 2 5 5 5 2 1 
9 8 11 12 5 5 5 2 0 1 
9 8 7 0 2 5 5 5 12 13 8 7 0 1 
9 5 5 5 12 11 10 3 1 
9 8 7 0 1 2 5 5 5 2 1 
9 8 11 10 13 12 5 5 5 12 13 8 7 0 1 
9 8 7 0 1 2 5 5 5 12 13 10 3 1 
9 8 7 6 4 5 5 5 12 11 8 7 0 1 
9 8 11 12 5 5 5 12 13 8 7 0 1 
9 8 11 12 5 5 5 4 3 1 
9 8 11 12 5 5 5 4 6 7 0 1 
9 8 7 0 2 5 5 5 12 13 10 3 1 
9 8 7 0 2 5 5 5 9 8 7 0 2 1 
9 8 7 6 4 5 5 5 9 8 7 0 2 1 
9 8 7 0 1 2 5 5 5 9 8 7 0 1 
9 8 11 12 5 5 5 9 8 7 0 2 1 
9 8 13 10 3 4 5 5 5 12 13 8 7 0 1 
9 8 7 0 1 2 5 5 5 4 3 1 
9 8 13 12 5 5 5 12 13 10 3 1 
9 5 5 5 9 8 7 0 1 
9 5 5 5 12 13 10 3 1 
9 8 11 12 5 5 5 12 11 10 3 1 
9 8 13 10 11 12 5 5 5 4 6 7 0 1 
9 8 7 0 2 5 5 5 4 6 7 0 1 
---------------
Request id 9
0 7 8 13 12 5 4 3 1 2 0 7 
0 1 3 4 5 4 3 1 2 0 7 
0 1 3 10 11 12 5 12 13 8 7 
0 1 3 10 13 12 5 12 11 8 7 
0 2 5 12 11 8 7 
0 1 2 5 12 13 10 11 8 7 
0 7 8 11 12 5 2 1 0 7 
0 7 8 9 5 9 8 7 
0 7 8 13 12 5 12 13 8 7 
0 1 2 5 2 0 7 
0 1 2 5 4 6 7 
0 7 8 11 12 5 9 8 7 
0 2 1 3 4 5 2 0 7 
0 7 8 13 12 5 2 1 0 7 
0 2 1 3 4 5 9 8 7 
0 7 6 4 5 12 13 10 11 8 7 
0 2 5 4 3 1 2 0 7 
0 2 1 3 4 5 4 3 1 2 0 7 
0 7 6 4 5 2 1 0 7 
0 1 2 5 12 11 10 13 8 7 
0 7 8 9 5 4 3 1 2 0 7 
0 7 8 13 12 5 9 8 7 
0 1 3 10 11 12 5 4 6 7 
0 1 3 10 11 12 5 4 3 1 0 7 
0 2 5 12 11 10 13 8 7 
0 7 6 4 5 2 0 7 
0 2 5 4 6 7 
0 7 8 13 12 5 12 11 8 7 
0 7 8 9 5 12 11 8 7 
0 1 3 10 13 12 5 12 13 10 11 8 7 
---------------
Request id 2
6 4 3 1 2 5 5 5 4 6 7 0 
6 7 0 1 2 5 5 5 12 13 10 3 1 0 
6 7 8 9 5 5 5 4 3 1 2 0 
6 4 3 10 11 12 5 5 5 12 11 10 3 1 0 
6 7 8 13 12 5 5 5 12 13 10 3 1 0 
6 4 3 10 11 12 5 5 5 12 11 8 7 0 
6 7 8 13 12 5 5 5 9 8 7 0 
6 4 3 10 13 12 5 5 5 12 11 8 7 0 
6 7 0 1 3 4 5 5 5 9 8 7 0 
6 7 0 1 3 4 5 5 5 4 3 1 2 0 
6 4 3 10 13 12 5 5 5 4 3 1 2 0 
6 4 3 10 13 12 5 5 5 12 13 8 7 0 
6 7 0 1 2 5 5 5 12 11 8 7 0 
6 7 0 1 2 5 5 5 12 11 10 3 1 0 
6 4 5 5 5 12 13 8 7 0 
6 7 0 1 3 4 5 5 5 12 13 8 7 0 
6 4 5 5 5 4 3 1 0 
6 4 3 10 11 12 5 5 5 12 13 8 7 0 
6 4 3 1 2 5 5 5 12 11 10 3 1 0 
6 7 8 13 12 5 5 5 4 6 7 0 
6 7 8 9 5 5 5 2 1 0 
6 4 3 10 11 12 5 5 5 4 3 1 2 0 
6 4 3 10 11 12 5 5 5 4 3 1 0 
6 4 3 10 13 12 5 5 5 4 3 1 0 
6 4 3 10 11 12 5 5 5 2 1 0 
6 7 8 13 12 5 5 5 4 3 1 2 0 
6 4 3 10 11 12 5 5 5 2 0 
6 7 0 1 2 5 5 5 4 3 1 0 
6 4 5 5 5 4 6 7 0 
6 4 3 10 11 12 5 5 5 4 6 7 0 
---------------
Request id 4
2 0 7 6 4 5 5 2 0 1 
2 1 3 4 5 5 12 13 8 7 0 1 
2 1 3 4 5 5 2 1 
2 0 7 6 4 5 5 12 13 8 7 0 1 
2 0 7 8 13 12 5 5 9 8 7 0 1 
2 1 3 10 13 12 5 5 2 1 
2 5 5 2 0 1 
2 1 3 10 13 12 5 5 12 11 10 3 1 
2 0 7 8 9 5 5 4 6 7 0 1 
2 0 7 8 9 5 5 9 8 7 0 1 
2 1 3 10 13 12 5 5 2 0 1 
2 0 7 8 13 12 5 5 4 6 7 0 1 
2 0 7 8 13 12 5 5 2 1 
2 1 3 10 11 12 5 5 2 1 
2 1 3 4 5 5 2 0 1 
2 0 1 3 4 5 5 2 0 1 
2 1 3 10 11 12 5 5 12 13 10 3 1 
2 1 3 10 11 12 5 5 9 8 7 0 1 
2 0 7 8 9 5 5 2 0 1 
2 0 7 8 13 12 5 5 12 11 8 7 0 1 
2 0 7 8 13 12 5 5 12 13 8 7 0 1 
2 1 0 7 8 9 5 5 12 13 8 7 0 1 
2 1 0 7 6 4 5 5 12 11 8 7 0 1 
2 0 7 8 13 12 5 5 9 8 7 0 2 1 
2 5 5 12 13 10 3 1 
2 1 0 7 6 4 5 5 4 6 7 0 1 
2 1 3 4 5 5 12 13 10 3 1 
2 5 5 2 1 
2 0 7 6 4 5 5 9 8 7 0 2 1 
2 5 5 4 6 7 0 1 
---------------
Request id 8
9 8 13 12 5 5 12 11 8 7 6 
9 8 11 10 13 12 5 5 4 6 
9 8 7 6 4 5 5 12 11 10 3 4 6 
9 8 11 12 5 5 2 1 0 7 6 
9 8 7 0 1 2 5 5 12 11 10 3 4 6 
9 8 7 0 2 5 5 2 1 3 4 6 
9 5 5 12 13 10 3 4 6 
9 5 5 2 1 0 7 6 
9 8 13 10 3 4 5 5 2 0 7 6 
9 5 5 4 6 
9 8 7 0 1 2 5 5 12 13 10 3 4 6 
9 8 13 10 3 4 5 5 4 6 
9 8 13 10 11 12 5 5 12 13 8 7 6 
9 8 11 10 3 4 5 5 4 6 
9 8 11 10 3 4 5 5 12 13 8 7 6 
9 8 7 0 2 5 5 2 0 7 6 
9 8 7 0 1 2 5 5 12 11 8 7 6 
9 8 7 6 4 5 5 12 13 10 3 4 6 
9 8 11 12 5 5 4 3 1 0 7 6 
9 8 13 10 3 4 5 5 12 13 10 3 4 6 
9 8 13 12 5 5 4 6 
9 8 13 10 3 4 5 5 2 1 0 7 6 
9 8 13 10 11 12 5 5 2 1 0 7 6 
9 8 11 12 5 5 12 13 10 3 4 6 
9 8 13 10 11 12 5 5 2 1 3 4 6 
9 5 5 12 13 8 7 6 
9 8 13 12 5 5 4 3 1 0 7 6 
9 5 5 12 11 10 3 4 6 
9 8 7 0 1 2 5 5 2 1 0 7 6 
9 8 7 0 2 5 5 12 13 10 3 4 6 
---------------
Request id 5
8 11 10 13 12 5 4 3 10 11 
8 13 12 5 12 13 8 11 
8 9 5 2 0 7 8 11 
8 11 12 5 2 1 3 10 11 
8 9 5 4 3 10 11 
8 11 10 13 12 5 12 13 8 11 
8 13 12 5 4 6 7 8 11 
8 7 6 4 5 2 0 7 8 11 
8 7 0 1 2 5 4 3 10 11 
8 13 10 11 12 5 12 13 10 11 
8 13 12 5 2 0 7 8 11 
8 13 12 5 12 11 
8 13 10 11 12 5 9 8 11 
8 13 10 3 4 5 4 6 7 8 11 
8 13 10 11 12 5 9 8 13 12 11 
8 11 10 3 4 5 12 13 10 11 
8 13 10 11 12 5 4 3 10 11 
8 7 6 4 5 12 13 10 11 
8 7 0 2 5 4 6 7 8 11 
8 7 6 4 5 2 1 3 10 11 
8 7 0 1 2 5 9 8 13 12 11 
8 11 10 3 4 5 2 1 3 10 11 
8 11 10 13 12 5 9 8 13 10 11 
8 13 10 3 4 5 9 8 13 12 11 
8 11 12 5 12 13 10 11 
8 7 0 2 5 9 8 13 10 11 
8 11 10 13 12 5 4 6 7 8 11 
8 11 10 3 4 5 2 0 7 8 11 
8 13 12 5 2 1 3 10 11 
8 7 6 4 5 4 3 10 11 
---------------
Request id 3
2 1 0 7 8 9 5 2 0 1 
2 0 1 3 4 5 4 6 7 0 1 
2 1 3 10 13 12 5 12 13 10 3 1 
2 0 7 6 4 5 9 8 7 0 1 
2 1 3 10 13 12 5 2 0 1 
2 1 3 10 11 12 5 12 13 10 3 1 
2 0 1 3 4 5 2 0 1 
2 1 0 7 6 4 5 4 6 7 0 1 
2 1 3 10 13 12 5 12 11 8 7 0 1 
2 0 1 3 4 5 2 1 
2 0 1 3 4 5 12 13 8 7 0 1 
2 0 7 8 9 5 9 8 7 0 1 
2 1 3 4 5 12 13 8 7 0 1 
2 1 3 10 13 12 5 9 8 7 0 1 
2 0 7 8 9 5 4 3 1 
2 1 0 7 6 4 5 2 1 
2 1 3 4 5 9 8 7 0 1 
2 0 7 8 9 5 12 11 8 7 0 1 
2 1 3 10 11 12 5 9 8 7 0 2 1 
2 1 3 4 5 12 11 8 7 0 1 
2 5 12 13 10 3 1 
2 1 3 10 11 12 5 4 6 7 0 1 
2 0 1 3 4 5 12 11 8 7 0 1 
2 0 7 8 13 12 5 2 0 1 
2 1 0 7 6 4 5 9 8 7 0 2 1 
2 5 2 0 1 
2 0 1 3 4 5 4 3 1 
2 0 7 8 13 12 5 2 1 
2 1 3 10 11 12 5 9 8 7 0 1 
2 1 0 7 8 9 5 9 8 7 0 1 
---------------
Request id 1
2 1 3 4 5 12 13 8 
2 0 7 6 4 5 4 3 10 13 8 
2 0 7 8 11 12 5 2 1 0 7 8 
2 1 3 10 13 12 5 12 13 10 11 8 
2 0 7 6 4 5 4 3 10 11 8 
2 1 3 10 13 12 5 12 11 10 13 8 
2 0 7 8 13 12 5 12 13 8 
2 1 0 7 6 4 5 12 13 8 
2 0 7 8 11 12 5 12 13 10 11 8 
2 1 0 7 6 4 5 4 3 10 13 8 
2 0 1 3 4 5 4 3 10 11 8 
2 1 3 10 11 12 5 12 11 10 13 8 
2 1 3 4 5 12 11 8 
2 1 0 7 6 4 5 12 13 10 11 8 
2 0 1 3 4 5 2 1 0 7 8 
2 0 7 8 11 12 5 12 11 8 
2 0 7 8 13 12 5 4 3 10 11 8 
2 1 3 10 13 12 5 2 0 7 8 
2 0 7 6 4 5 9 8 
2 0 1 3 4 5 12 13 8 
2 1 3 10 11 12 5 12 11 8 
2 1 0 7 6 4 5 2 0 7 8 
2 0 7 8 9 5 4 3 10 11 8 
2 0 7 8 9 5 2 1 0 7 8 
2 0 7 8 9 5 4 3 10 13 8 
2 5 2 1 0 7 8 
2 0 7 8 11 12 5 4 3 10 11 8 
2 0 7 8 13 12 5 12 13 10 11 8 
2 1 3 4 5 12 13 10 11 8 
2 1 3 10 11 12 5 12 13 8 
---------------
Request id 6
2 1 3 10 11 12 5 12 11 8 13 
2 0 7 8 11 12 5 4 3 10 13 
2 1 3 10 11 12 5 2 0 7 8 13 
2 0 7 6 4 5 12 13 
2 0 7 6 4 5 2 0 7 8 13 
2 1 3 10 13 12 5 12 11 10 13 
2 5 2 1 3 10 13 
2 1 3 10 11 12 5 9 8 11 12 13 
2 0 1 3 4 5 2 0 7 8 13 
2 0 7 8 11 12 5 2 0 7 8 13 
2 0 7 8 11 12 5 9 8 11 12 13 
2 5 9 8 13 
2 0 7 8 9 5 2 0 7 8 13 
2 5 9 8 11 10 13 
2 0 1 3 4 5 12 11 8 13 
2 1 3 10 11 12 5 12 11 10 13 
2 0 1 3 4 5 4 3 10 13 
2 1 3 10 13 12 5 4 6 7 8 13 
2 0 7 8 13 12 5 9 8 11 10 13 
2 1 3 10 13 12 5 4 3 10 13 
2 0 7 8 11 12 5 12 11 10 13 
2 0 7 8 11 12 5 4 6 7 8 13 
2 1 3 10 11 12 5 9 8 13 
2 5 12 11 8 13 
2 1 3 10 13 12 5 9 8 13 
2 0 7 6 4 5 9 8 11 10 13 
2 0 7 6 4 5 4 3 10 13 
2 1 0 7 6 4 5 12 11 10 13 
2 1 3 4 5 2 0 7 8 13 
2 1 3 4 5 9 8 13 
---------------
Request id 7
9 8 11 12 5 5 5 12 11 8 13 
9 8 11 10 3 4 5 5 5 4 6 7 8 13 
9 8 13 12 5 5 5 12 11 8 13 
9 8 7 0 1 2 5 5 5 12 11 8 13 
9 5 5 5 9 8 13 
9 8 7 6 4 5 5 5 9 8 13 
9 8 13 12 5 5 5 4 6 7 8 13 
9 8 7 0 1 2 5 5 5 4 6 7 8 13 
9 8 13 12 5 5 5 9 8 13 
9 8 11 10 13 12 5 5 5 9 8 11 12 13 
9 8 11 12 5 5 5 4 3 10 13 
9 8 11 12 5 5 5 2 0 7 8 13 
9 8 13 12 5 5 5 12 11 10 13 
9 8 13 12 5 5 5 12 13 
9 8 11 10 13 12 5 5 5 4 6 7 8 13 
9 8 7 0 2 5 5 5 4 6 7 8 13 
9 8 11 12 5 5 5 9 8 11 12 13 
9 8 11 10 13 12 5 5 5 4 3 10 13 
9 8 13 10 11 12 5 5 5 12 11 10 13 
9 8 11 10 3 4 5 5 5 12 11 10 13 
9 5 5 5 4 6 7 8 13 
9 8 13 10 3 4 5 5 5 9 8 13 
9 8 11 10 3 4 5 5 5 12 11 8 13 
9 8 11 12 5 5 5 12 11 10 13 
9 8 7 0 2 5 5 5 4 3 10 13 
9 5 5 5 4 3 10 13 
9 5 5 5 12 13 
9 8 7 0 2 5 5 5 9 8 11 10 13 
9 8 13 12 5 5 5 9 8 11 10 13 
9 8 13 10 3 4 5 5 5 4 6 7 8 13 
---------------
