Request id 4
68 63 67 74 71 81 80 69 64 59 57 54 53 48 34 45 65 62 60 58 55 52 50 46 49 56 75 78 66 68 63 67 74 71 81 82 84 83 85 101 102 98 
68 63 67 62 60 58 55 52 50 46 50 52 55 58 60 62 67 74 71 81 82 84 83 85 87 94 98 
68 77 73 72 75 56 49 46 49 56 75 78 66 68 63 67 74 71 81 82 84 83 85 87 94 98 
68 63 67 74 71 81 80 69 64 59 57 54 65 62 60 58 55 52 50 46 50 52 55 58 60 62 67 74 71 81 82 84 83 85 101 102 98 
68 63 67 74 83 84 82 81 80 69 64 59 57 54 53 48 34 45 65 62 60 58 55 52 50 46 49 56 75 72 73 77 68 63 67 74 83 85 101 102 98 
---------------
Request id 29
36 35 26 21 30 37 40 41 33 44 33 20 25 24 16 10 15 5 19 28 40 46 49 42 49 46 50 52 55 58 60 62 67 74 83 85 101 102 98 94 87 
36 40 41 33 44 33 20 25 24 16 10 15 5 19 28 40 46 49 42 49 56 75 72 73 77 68 63 67 74 83 85 87 
36 35 26 21 30 37 40 28 19 5 15 10 16 24 25 20 33 44 33 41 40 46 49 42 49 56 75 78 66 68 63 67 74 83 85 101 102 98 94 87 
36 35 26 21 30 37 40 41 33 44 33 41 40 46 50 52 55 58 60 62 67 63 68 66 78 75 56 49 42 49 56 75 72 73 77 68 63 67 74 83 85 87 
36 40 28 19 5 15 10 16 24 25 20 33 44 33 41 40 46 50 52 55 58 60 62 67 63 68 66 78 75 56 49 42 49 56 75 78 66 68 63 67 74 83 85 101 102 98 94 87 
---------------
Request id 8
37 30 21 26 35 36 40 46 50 52 55 58 60 62 67 63 68 66 78 75 56 49 42 49 46 50 52 55 58 60 62 65 45 34 48 53 54 57 59 64 69 80 81 82 84 83 74 67 63 68 77 73 77 68 63 67 62 60 58 55 52 50 46 49 
37 30 21 26 35 36 40 46 50 52 55 58 60 62 67 63 68 77 73 72 75 56 49 42 49 46 50 52 55 58 60 62 65 54 57 59 64 69 80 81 82 84 83 74 67 63 68 66 78 75 72 73 77 68 63 67 74 83 84 82 81 80 69 64 59 57 54 53 48 34 45 65 62 60 58 55 52 50 46 49 
37 40 46 50 52 55 58 60 62 65 54 57 59 64 69 80 81 82 84 83 74 67 63 68 66 78 75 56 49 42 49 56 75 78 66 68 77 73 77 68 66 78 75 56 49 
37 40 46 50 52 55 58 60 62 65 54 57 59 64 69 80 81 71 74 67 63 68 77 73 72 75 56 49 42 49 46 50 52 55 58 60 62 65 54 57 59 64 69 80 81 82 84 83 74 67 63 68 77 73 72 75 78 66 68 63 67 62 60 58 55 52 50 46 49 
37 40 46 50 52 55 58 60 62 65 54 57 59 64 69 80 81 71 74 67 63 68 66 78 75 56 49 42 49 46 50 52 55 58 60 62 67 63 68 66 78 75 72 73 77 68 63 67 74 83 84 82 81 80 69 64 59 57 54 65 62 60 58 55 52 50 46 49 
---------------
Request id 19
34 48 53 54 57 59 64 69 80 81 71 74 67 62 65 61 65 62 67 63 68 66 78 75 72 73 77 68 63 67 74 83 84 82 81 80 69 64 59 57 54 65 62 60 62 65 54 57 59 64 69 79 
34 45 65 61 65 62 67 63 68 66 78 75 56 49 46 50 52 55 58 60 58 55 52 50 46 49 56 75 72 73 77 68 63 67 74 83 84 82 81 80 69 79 
34 48 53 54 65 61 65 45 34 48 53 54 57 59 64 69 80 81 82 84 83 74 67 63 68 66 78 66 68 63 67 74 71 81 80 69 64 59 57 54 65 62 60 58 55 52 50 46 49 56 75 72 73 77 68 63 67 74 71 81 80 69 79 
34 48 53 54 57 59 64 69 80 81 71 74 67 63 68 77 73 72 75 56 49 46 50 52 55 58 60 62 65 61 65 62 60 58 55 52 50 46 49 56 75 78 75 72 73 77 68 63 67 62 60 62 65 45 34 48 53 54 57 59 64 69 79 
34 48 53 54 57 59 64 69 80 81 71 74 67 63 68 77 73 72 75 56 49 46 50 52 55 58 60 62 65 61 65 62 67 63 68 66 78 66 68 77 73 72 75 56 49 46 50 52 55 58 60 58 55 52 50 46 49 56 75 78 66 68 63 67 74 71 81 80 69 79 
---------------
Request id 15
25 24 16 10 15 5 19 28 40 43 33 41 33 20 15 5 19 28 40 46 49 42 49 56 75 78 66 68 63 67 62 60 58 55 52 50 46 40 43 33 20 25 24 16 
25 24 16 10 15 5 19 28 40 43 33 41 33 20 25 24 16 10 15 5 19 28 40 46 49 42 49 46 40 43 33 20 25 24 16 
25 24 16 10 15 20 33 41 33 43 40 46 50 52 55 58 60 62 67 63 68 77 73 72 75 56 49 42 49 46 40 43 33 20 25 24 16 
25 20 33 41 40 46 50 52 55 58 60 62 67 63 68 77 73 72 75 56 49 42 49 46 40 41 33 20 15 10 16 
25 24 16 10 15 20 33 43 40 41 33 20 15 5 19 28 40 46 49 42 49 46 40 28 19 5 15 20 25 24 16 
---------------
Request id 1
100 94 98 102 101 85 83 74 67 63 68 77 73 72 75 56 49 46 40 43 33 20 25 24 16 10 15 
100 94 98 102 101 85 83 74 67 62 60 58 55 52 50 46 49 56 75 72 73 77 68 66 78 75 56 49 46 40 43 33 20 15 
100 94 87 85 83 74 67 62 60 58 55 52 50 46 49 56 75 72 73 72 75 56 49 46 40 28 19 5 15 
100 94 98 102 101 85 83 74 67 63 68 66 78 75 72 73 77 68 66 78 75 56 49 46 40 28 19 5 15 
100 94 98 102 101 85 83 84 82 81 71 74 67 63 68 66 78 75 72 73 72 75 56 49 46 40 28 19 5 15 
---------------
Request id 21
36 40 46 49 42 49 46 50 52 55 58 60 62 65 54 57 59 64 69 80 81 71 74 67 63 68 77 73 72 75 78 66 68 63 67 62 60 62 67 74 71 81 80 69 64 59 57 54 53 48 34 45 65 
36 35 26 21 30 37 40 46 50 52 55 58 60 62 67 63 68 66 78 75 56 49 42 49 46 50 52 55 58 60 62 65 45 34 48 53 54 57 59 64 69 80 81 82 84 83 74 67 63 68 77 73 77 68 63 67 74 71 81 80 69 64 59 57 54 65 62 60 58 55 52 50 46 49 56 75 72 73 77 68 63 67 74 71 81 80 69 64 59 57 54 65 
36 40 46 50 52 55 58 60 62 65 54 57 59 64 69 80 81 71 74 67 63 68 77 73 72 75 56 49 42 49 46 50 52 55 58 60 62 65 54 57 59 64 69 80 81 82 84 83 74 67 63 68 77 73 77 68 66 78 75 56 49 46 50 52 55 58 60 58 55 52 50 46 49 56 75 78 66 68 63 67 74 71 81 80 69 64 59 57 54 65 
36 40 46 50 52 55 58 60 62 65 54 57 59 64 69 80 81 82 84 83 74 67 63 68 66 78 75 56 49 42 49 56 75 72 73 72 75 78 66 68 63 67 74 83 84 82 81 80 69 64 59 57 54 65 62 60 58 55 52 50 46 49 56 75 78 66 68 63 67 62 65 
36 40 46 50 52 55 58 60 62 67 63 68 66 78 75 56 49 42 49 46 50 52 55 58 60 62 67 63 68 77 73 72 75 78 66 68 63 67 62 60 58 55 52 50 46 49 56 75 72 73 77 68 63 67 74 71 81 80 69 64 59 57 54 65 
---------------
Request id 7
36 40 41 33 44 33 41 40 46 49 56 75 72 73 72 75 56 49 46 40 43 33 20 25 
36 35 26 21 30 37 40 41 33 44 33 20 25 24 16 10 15 5 19 28 40 46 49 56 75 72 73 77 68 66 78 75 56 49 46 40 28 19 5 15 20 25 
36 40 41 33 44 33 41 40 46 49 56 75 78 66 68 77 73 72 75 56 49 46 40 43 33 20 15 10 16 24 25 
36 40 28 19 5 15 10 16 24 25 20 33 44 33 43 40 46 50 52 55 58 60 62 67 63 68 66 78 75 72 73 72 75 56 49 46 40 43 33 20 25 
36 40 43 33 44 33 41 40 46 49 56 75 78 66 68 77 73 77 68 66 78 75 56 49 46 40 28 19 5 15 20 25 
---------------
Request id 24
1 8 7 12 17 18 27 18 17 23 29 35 36 40 46 50 52 55 58 60 62 65 54 57 59 
1 8 7 12 17 18 27 18 17 23 29 35 36 40 46 49 56 75 72 73 77 68 63 67 74 71 81 80 69 64 59 
1 2 3 9 17 18 27 18 17 23 29 35 36 40 46 50 52 55 58 60 62 65 45 34 48 53 54 57 59 
1 2 3 9 17 18 27 18 17 23 29 35 26 21 30 37 40 46 50 52 55 58 60 62 65 54 57 59 
1 2 3 9 17 18 27 18 17 23 29 35 36 40 46 49 56 75 72 73 77 68 63 67 74 71 81 80 69 64 59 
---------------
Request id 25
16 10 15 20 33 43 40 36 35 29 
16 24 25 20 33 20 25 24 16 10 15 5 19 28 40 36 35 29 
16 10 15 20 33 41 40 36 35 29 
16 10 15 5 19 28 40 41 33 20 25 24 16 10 15 5 19 28 40 37 30 21 26 35 29 
16 24 25 20 15 5 19 28 40 41 33 41 40 37 30 21 26 35 29 
---------------
Request id 27
56 49 46 50 52 55 58 60 62 65 54 57 59 64 69 80 81 82 84 83 74 67 63 68 77 73 72 75 56 49 46 50 52 55 58 60 62 65 45 34 
56 75 78 66 68 77 73 77 68 63 67 74 71 81 80 69 64 59 57 54 53 48 34 
56 75 78 66 68 77 73 77 68 63 67 62 65 45 34 
56 49 46 50 52 55 58 60 62 65 45 34 48 53 54 57 59 64 69 80 81 82 84 83 74 67 63 68 77 73 72 75 56 49 46 50 52 55 58 60 62 65 54 53 48 34 
56 49 46 50 52 55 58 60 62 67 63 68 77 73 77 68 63 67 74 71 81 80 69 64 59 57 54 65 45 34 
---------------
Request id 11
18 17 23 29 35 36 40 46 49 56 75 78 66 68 63 67 74 71 81 80 69 64 59 57 54 65 62 60 58 55 52 50 46 49 56 75 78 66 68 77 73 72 
18 17 23 29 35 36 40 46 50 52 55 58 60 62 65 54 57 59 64 69 80 81 71 74 67 63 68 66 78 75 72 
18 17 23 29 35 36 40 46 49 56 75 78 66 68 63 67 74 83 84 82 81 80 69 64 59 57 54 65 62 60 62 65 54 57 59 64 69 80 81 82 84 83 74 67 63 68 77 73 72 
18 17 23 29 35 26 21 30 37 40 46 49 56 75 72 73 77 68 63 67 62 60 62 65 45 34 48 53 54 57 59 64 69 80 81 71 74 67 63 68 77 73 72 
18 17 23 29 35 36 40 46 49 56 75 72 73 77 68 63 67 62 60 62 65 45 34 48 53 54 57 59 64 69 80 81 71 74 67 63 68 66 78 75 72 
---------------
Request id 13
100 94 87 85 83 84 82 81 71 74 67 62 60 58 55 58 60 62 65 54 57 59 64 69 80 81 71 74 67 63 68 77 73 72 75 56 49 46 40 41 33 43 
100 94 87 85 83 74 67 63 68 77 73 72 75 56 49 46 50 52 55 58 60 62 65 54 57 59 64 69 80 81 82 84 83 74 67 63 68 77 73 72 75 56 49 46 40 43 
100 94 98 102 101 85 83 74 67 63 68 66 78 75 56 49 46 50 52 55 58 60 62 65 54 57 59 64 69 80 81 82 84 83 74 67 63 68 77 73 72 75 56 49 46 40 43 
100 94 87 85 83 74 71 81 80 69 64 59 57 54 65 62 60 58 55 58 60 62 65 54 57 59 64 69 80 81 82 84 83 74 67 63 68 77 73 72 75 56 49 46 40 43 
100 94 98 102 101 85 83 74 67 62 60 58 55 58 60 62 65 45 34 48 53 54 57 59 64 69 80 81 82 84 83 74 67 63 68 66 78 75 56 49 46 40 43 
---------------
Request id 17
54 65 62 67 63 68 77 73 72 75 56 49 46 50 52 55 58 60 62 65 45 34 48 53 54 57 59 64 69 80 81 71 74 67 63 68 77 73 72 75 56 49 42 49 56 75 78 66 68 63 67 74 71 81 80 69 64 59 57 54 65 62 60 58 55 52 50 46 47 46 49 56 75 72 73 77 68 63 67 74 71 81 80 69 64 59 57 54 65 62 
54 65 62 67 63 68 66 78 75 56 49 46 50 52 55 58 60 62 65 45 34 48 53 54 57 59 64 69 80 81 82 84 83 74 67 63 68 66 78 75 56 49 42 49 56 75 72 73 77 68 63 67 62 60 58 55 52 50 46 47 46 49 56 75 78 66 68 63 67 74 83 84 82 81 80 69 64 59 57 54 65 62 
54 57 59 64 69 80 81 71 74 67 63 68 66 78 75 56 49 46 50 52 55 58 60 62 65 54 57 59 64 69 80 81 71 74 67 63 68 77 73 72 75 56 49 42 49 56 75 72 73 77 68 63 67 74 71 81 80 69 64 59 57 54 53 48 34 45 65 62 60 58 55 52 50 46 47 46 49 56 75 72 73 77 68 63 67 74 71 81 80 69 64 59 57 54 65 62 
54 57 59 64 69 80 81 82 84 83 74 67 62 60 58 55 52 50 46 50 52 55 58 60 62 65 54 57 59 64 69 80 81 71 74 67 63 68 66 78 75 56 49 42 49 56 75 72 73 77 68 63 67 74 83 84 82 81 80 69 64 59 57 54 65 62 60 58 55 52 50 46 47 46 49 56 75 72 73 77 68 63 67 74 71 81 80 69 64 59 57 54 53 48 34 45 65 62 
54 53 48 34 45 65 62 67 63 68 77 73 72 75 56 49 46 49 42 49 56 75 72 73 77 68 63 67 62 60 58 55 52 50 46 47 46 50 52 55 58 60 62 
---------------
Request id 26
2 3 0 4 6 11 14 22 31 32 13 9 17 23 29 35 36 40 46 50 52 55 58 60 62 65 54 57 59 64 69 80 81 82 84 83 
2 1 8 7 12 17 23 29 35 36 40 46 49 56 75 78 66 68 63 67 62 60 62 65 54 57 59 64 69 80 81 82 84 83 
2 3 0 4 6 11 14 22 31 32 13 9 17 23 29 35 36 40 46 50 52 55 58 60 58 55 52 50 46 49 56 75 78 66 68 63 67 74 71 81 82 84 83 
2 3 9 17 23 29 35 26 21 30 37 40 46 49 56 75 78 66 68 63 67 62 60 62 65 45 34 48 53 54 57 59 64 69 80 81 82 84 83 
2 1 8 7 12 17 23 29 35 36 40 46 49 56 75 72 73 77 68 63 67 62 60 62 65 45 34 48 53 54 57 59 64 69 80 81 82 84 83 
---------------
Request id 10
8 1 2 3 9 13 32 31 22 14 11 6 4 0 3 2 1 8 7 12 17 23 29 35 36 40 46 50 52 55 58 60 62 65 45 
8 1 2 3 9 3 0 4 6 4 0 3 9 17 23 29 35 26 21 30 37 40 46 50 52 55 58 60 62 65 45 
8 7 12 17 9 13 32 31 22 14 11 6 4 0 3 9 17 23 29 35 26 21 30 37 40 46 49 56 75 78 66 68 63 67 62 65 45 
8 7 12 17 9 3 0 4 6 11 14 22 31 32 13 9 17 23 29 35 26 21 30 37 40 46 50 52 55 58 60 62 65 45 
8 1 2 3 9 17 12 7 8 1 2 3 0 4 6 4 0 3 9 17 23 29 35 36 40 46 49 56 75 72 73 77 68 63 67 62 65 45 
---------------
Request id 18
52 50 46 49 56 75 78 66 68 63 67 74 71 81 80 69 64 59 57 54 65 62 60 58 55 58 60 62 65 45 34 48 53 54 57 59 64 69 80 81 71 74 67 63 68 66 78 75 56 49 46 49 56 75 72 73 77 68 63 67 74 71 81 80 69 64 59 57 54 53 48 34 45 65 62 60 58 55 58 60 62 65 45 34 48 53 54 57 59 64 69 79 76 70 86 93 92 
52 50 46 49 56 75 72 73 77 68 63 67 62 60 58 55 58 60 62 65 45 34 48 53 54 57 59 64 69 80 81 82 84 83 74 67 63 68 66 78 75 56 49 46 49 56 75 78 66 68 63 67 74 83 84 82 81 80 69 64 59 57 54 65 62 60 58 55 58 60 62 67 74 71 81 80 69 79 76 70 86 93 92 
52 50 46 49 56 75 78 66 68 63 67 74 71 81 80 69 64 59 57 54 65 62 60 58 55 58 60 62 65 54 57 59 64 69 80 81 71 74 67 63 68 66 78 75 56 49 46 50 52 55 58 60 62 65 54 57 59 64 69 79 86 93 92 
52 50 46 49 56 75 72 73 77 68 63 67 74 83 84 82 81 80 69 64 59 57 54 65 62 60 58 55 58 60 62 65 54 57 59 64 69 80 81 82 84 83 74 67 63 68 77 73 72 75 56 49 46 49 56 75 72 73 77 68 63 67 62 60 58 55 58 60 62 67 74 83 84 82 81 80 69 79 86 93 92 
52 55 58 60 62 65 54 57 59 64 69 80 81 71 74 67 63 68 66 78 75 56 49 46 49 56 75 78 66 68 63 67 62 60 58 55 58 60 62 67 74 83 84 82 81 80 69 79 76 70 86 93 92 
---------------
Request id 6
91 75 72 73 73 77 68 63 67 74 83 84 82 81 80 69 64 59 57 54 65 62 60 58 55 52 50 46 47 46 49 56 75 78 66 68 63 67 74 83 85 101 102 98 
91 75 56 49 46 50 52 55 58 60 62 65 54 57 59 64 69 80 81 82 84 83 74 67 63 68 77 73 73 77 68 63 67 74 71 81 80 69 64 59 57 54 65 62 60 58 55 52 50 46 47 46 50 52 55 58 60 62 67 74 83 85 101 102 98 
91 75 56 49 46 50 52 55 58 60 62 65 54 57 59 64 69 80 81 82 84 83 74 67 63 68 77 73 73 77 68 63 67 74 83 84 82 81 80 69 64 59 57 54 65 62 60 58 55 52 50 46 47 46 50 52 55 58 60 62 67 74 83 85 87 94 98 
91 75 56 49 46 50 52 55 58 60 62 65 54 57 59 64 69 80 81 71 74 67 63 68 77 73 73 77 68 66 78 75 56 49 46 47 46 49 56 75 78 66 68 63 67 74 83 85 101 102 98 
91 75 72 73 73 72 75 56 49 46 47 46 50 52 55 58 60 62 67 74 83 85 87 94 98 
---------------
Request id 2
71 81 80 69 64 59 57 54 65 62 67 74 83 85 87 94 98 102 101 85 87 94 98 
71 74 67 62 65 54 57 59 64 69 80 81 82 84 83 85 101 85 87 94 98 
71 81 80 69 64 59 57 54 65 62 67 74 83 85 87 94 98 102 101 102 98 
71 81 82 84 83 85 101 85 87 94 98 
71 74 67 62 65 45 34 48 53 54 57 59 64 69 80 81 82 84 83 85 101 102 98 
---------------
Request id 20
58 60 62 67 74 71 81 80 69 64 59 57 54 53 48 34 45 65 62 60 58 55 52 50 46 49 56 75 78 66 68 63 67 74 71 81 80 69 80 81 71 74 67 62 60 58 55 52 50 46 49 56 75 72 73 77 68 63 67 74 83 84 82 81 80 69 64 
58 60 62 65 54 57 59 64 69 64 59 57 54 65 62 67 63 68 77 73 72 75 78 66 68 63 67 74 83 84 82 81 80 69 64 
58 55 52 50 46 49 56 75 78 66 68 63 67 62 65 45 34 48 53 54 57 54 65 62 60 58 55 52 50 46 49 56 75 72 73 77 68 63 67 74 83 84 82 81 80 69 80 81 71 74 67 63 68 77 73 72 75 78 66 68 63 67 74 83 84 82 81 80 69 64 
58 55 52 50 46 49 56 75 72 73 77 68 63 67 62 65 45 34 48 53 54 57 59 64 69 80 81 71 74 67 63 68 66 78 75 72 73 77 68 63 67 62 65 54 57 59 64 
58 55 52 50 46 49 56 75 78 66 68 63 67 62 65 45 34 48 53 54 57 54 65 62 60 58 55 52 50 46 49 56 75 72 73 77 68 63 67 74 71 81 80 69 80 81 71 74 67 63 68 66 78 75 72 73 77 68 63 67 62 65 45 34 48 53 54 57 59 64 
---------------
Request id 23
100 94 98 102 101 85 83 74 67 62 65 54 57 59 64 69 80 81 71 74 67 62 65 61 65 62 60 58 55 52 50 46 49 56 75 78 66 68 63 67 74 83 84 82 81 80 69 64 59 57 54 53 48 34 45 65 62 67 63 68 77 73 72 
100 94 98 102 101 85 83 84 82 81 71 74 67 62 65 54 57 59 64 69 80 81 71 74 67 63 68 66 78 75 56 49 46 50 52 55 58 60 62 65 61 65 54 57 59 64 69 80 81 82 84 83 74 67 63 68 66 78 75 72 
100 94 87 85 83 74 71 81 80 69 64 59 57 59 64 69 80 81 71 74 67 63 68 66 78 75 56 49 46 50 52 55 58 60 62 65 61 65 45 34 48 53 54 57 59 64 69 80 81 82 84 83 74 67 63 68 66 78 75 72 
100 94 87 85 83 74 71 81 80 69 64 59 57 59 64 69 80 81 82 84 83 74 67 63 68 77 73 72 75 56 49 46 50 52 55 58 60 62 65 61 65 54 57 54 53 48 34 45 65 62 60 58 55 52 50 46 49 56 75 72 
100 94 87 85 83 74 71 81 80 69 64 59 57 54 53 48 34 45 65 61 65 62 60 58 55 52 50 46 49 56 75 72 73 77 68 63 67 74 83 84 82 81 80 69 64 59 57 59 64 69 80 81 82 84 83 74 67 63 68 66 78 75 72 
---------------
Request id 9
38 29 23 17 18 27 27 18 17 23 29 35 36 40 46 50 52 55 58 60 62 65 54 57 59 64 69 80 81 71 74 67 63 68 66 78 75 56 49 
38 29 23 17 18 27 27 18 17 23 29 35 26 21 30 37 40 46 49 
38 29 23 17 18 27 27 18 17 23 29 35 26 21 30 37 40 46 50 52 55 58 60 62 67 63 68 66 78 75 56 49 
38 29 23 17 18 27 27 18 17 23 29 35 36 40 46 49 
38 29 23 17 18 27 27 18 17 23 29 35 36 40 46 50 52 55 58 60 62 67 63 68 77 73 72 75 56 49 
---------------
Request id 14
102 101 85 83 74 71 81 80 69 64 59 57 54 65 62 67 62 65 54 57 59 64 69 80 81 71 74 83 85 87 94 98 102 101 85 83 74 67 62 65 54 57 59 64 69 79 86 
102 98 94 87 85 83 84 82 81 71 74 67 74 71 81 82 84 83 85 101 85 83 74 67 62 65 54 57 59 64 69 79 76 70 86 
102 101 85 83 84 82 81 71 74 67 62 65 54 57 59 64 69 80 81 82 84 83 85 87 94 98 102 101 85 83 74 67 62 65 54 57 59 64 69 79 86 
102 101 85 83 84 82 81 80 69 64 59 57 54 53 48 34 45 65 62 67 62 65 45 34 48 53 54 57 59 64 69 80 81 71 74 83 85 101 85 83 84 82 81 80 69 79 86 
102 101 85 83 74 71 81 80 69 64 59 57 54 53 48 34 45 65 62 67 74 83 85 87 94 98 102 101 102 98 94 87 85 83 84 82 81 80 69 79 76 70 86 
---------------
Request id 16
12 7 8 1 2 3 9 17 23 29 35 26 21 30 37 40 46 50 52 55 58 60 62 65 54 57 59 64 69 80 81 82 84 83 74 67 63 68 66 78 75 56 49 42 49 46 50 52 55 58 60 62 67 74 83 85 101 103 
12 17 23 29 35 36 40 46 50 52 55 58 60 62 67 63 68 77 73 72 75 56 49 42 49 46 50 52 55 58 60 62 67 74 83 85 87 94 98 102 101 103 
12 7 8 1 2 3 0 4 6 11 14 22 31 32 13 9 17 23 29 35 36 40 46 50 52 55 58 60 62 67 63 68 77 73 72 75 56 49 42 49 56 75 78 66 68 63 67 74 71 81 82 84 83 85 87 94 98 102 101 103 
12 7 8 1 2 3 9 17 23 29 35 36 40 46 50 52 55 58 60 62 65 45 34 48 53 54 57 59 64 69 80 81 82 84 83 74 67 63 68 66 78 75 56 49 42 49 56 75 78 66 68 63 67 74 83 85 101 103 
12 7 8 1 2 3 9 17 23 29 35 26 21 30 37 40 46 50 52 55 58 60 62 65 54 57 59 64 69 80 81 82 84 83 74 67 63 68 77 73 72 75 56 49 42 49 56 75 72 73 77 68 63 67 74 83 85 87 94 98 102 101 103 
---------------
Request id 12
87 85 83 84 82 81 71 74 67 63 68 77 73 77 68 63 67 74 71 81 80 69 64 59 57 54 65 62 60 58 55 52 50 46 49 56 75 78 66 68 77 73 72 75 56 49 46 50 52 55 58 60 62 67 74 83 85 83 74 67 62 60 58 55 52 50 46 49 56 75 72 
87 94 98 102 101 85 83 74 67 63 68 66 78 75 72 73 77 68 66 78 75 56 49 46 50 52 55 58 60 62 67 74 71 81 82 84 83 85 83 84 82 81 80 69 64 59 57 54 65 62 67 63 68 77 73 72 
87 94 98 102 101 85 83 74 67 63 68 77 73 77 68 63 67 74 71 81 80 69 64 59 57 54 65 62 60 58 55 52 50 46 49 56 75 78 66 78 75 56 49 46 50 52 55 58 60 62 67 74 71 81 82 84 83 85 83 74 67 62 60 58 55 52 50 46 49 56 75 72 
87 85 83 74 67 63 68 77 73 72 75 56 49 46 50 52 55 58 60 62 65 45 34 48 53 54 57 59 64 69 80 81 71 74 67 63 68 66 78 75 56 49 46 50 52 55 58 60 62 67 74 71 81 82 84 83 85 83 84 82 81 71 74 67 63 68 66 78 75 72 
87 85 83 84 82 81 71 74 67 63 68 77 73 72 75 56 49 46 50 52 55 58 60 62 65 54 57 59 64 69 80 81 82 84 83 74 67 63 68 66 78 75 56 49 46 50 52 55 58 60 62 67 74 71 81 82 84 83 85 83 84 82 81 80 69 64 59 57 54 65 62 67 63 68 77 73 72 
---------------
Request id 22
96 97 99 100 94 100 
---------------
Request id 30
11 14 22 31 32 13 9 3 2 1 8 7 12 17 23 29 35 36 40 46 50 52 55 58 60 62 65 45 34 48 53 54 57 59 64 69 80 81 82 84 83 74 67 63 
11 14 22 31 32 13 9 3 2 1 8 7 12 17 23 29 35 36 40 46 50 52 55 58 60 62 65 45 34 48 53 54 57 59 64 69 80 81 71 74 67 63 
11 6 4 0 3 9 17 23 29 35 26 21 30 37 40 46 50 52 55 58 60 62 65 45 34 48 53 54 57 59 64 69 80 81 82 84 83 74 67 63 
11 14 22 31 32 13 9 3 2 1 8 7 12 17 23 29 35 26 21 30 37 40 46 49 56 75 78 66 68 63 
11 6 4 0 3 9 17 23 29 35 36 40 46 50 52 55 58 60 62 65 45 34 48 53 54 57 59 64 69 80 81 82 84 83 74 67 63 
---------------
Request id 28
84 83 74 67 63 68 66 78 75 56 49 46 50 52 55 58 60 62 65 54 57 59 64 69 80 81 82 84 83 85 87 94 98 102 101 85 83 84 82 81 80 69 64 59 57 54 65 62 60 58 55 52 50 46 49 56 
84 83 74 67 62 65 45 34 48 53 54 57 59 64 69 80 81 80 69 64 59 57 54 65 62 67 74 83 85 87 94 98 102 101 85 83 84 82 81 80 69 64 59 57 54 65 62 60 58 55 52 50 46 49 56 
84 83 74 67 63 68 66 78 75 56 49 46 50 52 55 58 60 62 65 54 57 59 64 69 80 81 80 69 64 59 57 54 65 62 60 58 55 52 50 46 49 56 75 72 73 77 68 63 67 74 83 85 101 102 98 94 87 85 83 84 82 81 80 69 64 59 57 54 65 62 67 63 68 77 73 72 75 56 
84 83 74 67 63 68 66 78 75 56 49 46 50 52 55 58 60 62 65 45 34 48 53 54 57 59 64 69 80 81 82 84 83 85 101 85 83 74 67 63 68 77 73 72 75 56 
84 83 74 67 63 68 66 78 75 56 49 46 50 52 55 58 60 62 65 54 57 59 64 69 80 81 71 74 83 85 101 102 98 94 87 85 83 74 67 62 60 58 55 52 50 46 49 56 
---------------
Request id 5
84 83 74 67 63 68 66 78 75 72 73 77 68 63 67 74 71 81 80 69 64 59 57 54 65 62 60 58 55 52 50 46 49 56 75 78 75 72 73 77 68 63 67 62 60 58 55 52 50 46 49 56 75 78 66 68 63 67 74 71 81 82 84 83 85 101 102 98 
84 83 74 67 63 68 66 78 75 72 73 72 75 78 66 68 77 73 72 75 56 49 46 50 52 55 58 60 62 67 74 83 85 101 102 98 
84 82 81 80 69 64 59 57 54 65 62 67 63 68 66 78 75 72 73 72 75 56 49 46 50 52 55 58 60 62 67 63 68 66 78 75 72 73 77 68 63 67 74 71 81 80 69 64 59 57 54 65 62 60 58 55 52 50 46 49 56 75 78 66 68 63 67 74 83 85 101 102 98 
84 82 81 80 69 64 59 57 54 65 62 67 63 68 77 73 72 75 78 66 68 63 67 74 83 84 82 81 80 69 64 59 57 54 65 62 60 58 55 52 50 46 49 56 75 78 66 68 63 67 74 71 81 82 84 83 85 101 102 98 
84 83 74 67 63 68 77 73 77 68 66 78 66 68 63 67 74 83 84 82 81 80 69 64 59 57 54 65 62 60 58 55 52 50 46 49 56 75 78 66 68 63 67 74 71 81 82 84 83 85 101 102 98 
---------------
Request id 3
17 23 29 35 36 40 43 33 44 33 41 40 46 50 52 55 58 60 62 67 63 68 77 73 77 68 63 67 62 60 58 55 52 50 46 40 43 33 41 33 43 40 46 49 56 75 78 66 68 63 67 74 83 85 87 94 100 99 97 96 
17 23 29 35 26 21 30 37 40 41 33 44 33 43 40 46 49 56 75 72 73 72 75 56 49 46 40 28 19 5 15 20 33 41 33 43 40 46 50 52 55 58 60 62 67 74 83 85 101 102 98 94 100 99 97 96 
17 23 29 35 26 21 30 37 40 41 33 44 33 20 15 5 19 28 40 46 49 56 75 72 73 72 75 56 49 46 40 28 19 5 15 10 16 24 25 20 33 41 40 46 50 52 55 58 60 62 67 74 83 85 87 94 100 99 97 96 
17 23 29 35 26 21 30 37 40 43 33 44 33 41 40 46 50 52 55 58 60 62 67 63 68 66 78 75 72 73 72 75 56 49 46 40 41 40 46 49 56 75 78 66 68 63 67 74 83 85 101 102 98 94 100 99 97 96 
17 23 29 35 26 21 30 37 40 41 33 44 33 41 40 46 49 56 75 72 73 72 75 56 49 46 40 43 33 41 40 46 49 56 75 78 66 68 63 67 74 83 85 101 102 98 94 100 99 97 96 
---------------
