Request id 7
33 30 24 27 31 34 31 27 24 16 24 20 
33 30 24 27 31 34 31 27 24 16 17 20 
33 30 24 27 31 34 31 27 24 16 11 12 14 17 20 
33 30 24 27 31 34 31 27 24 16 17 21 22 27 24 20 
33 30 24 27 31 34 31 27 24 16 24 27 22 21 17 20 
---------------
Request id 8
7 8 6 11 16 11 13 0 13 11 12 11 13 18 15 19 
7 8 6 11 16 11 13 0 13 11 12 11 16 18 15 19 
7 8 6 11 16 11 13 0 13 11 12 11 13 18 25 29 19 
7 8 6 11 16 11 13 0 13 11 12 14 17 16 18 15 19 
7 8 6 11 16 11 13 0 13 11 12 11 16 18 25 29 19 
---------------
Request id 3
63 58 56 40 32 28 25 18 25 28 32 40 41 61 62 66 67 
63 58 56 40 32 28 25 18 25 28 32 40 56 58 63 66 67 
63 58 56 40 32 28 25 18 25 28 32 40 41 46 54 62 66 67 
63 58 56 40 32 28 25 18 25 28 32 40 56 59 61 62 66 67 
63 58 56 40 32 28 25 18 25 28 32 40 41 46 54 65 68 67 
---------------
Request id 4
47 43 34 31 27 24 16 11 12 10 8 6 11 16 24 23 26 
47 43 34 31 27 24 16 11 12 10 8 10 12 11 16 24 23 26 
47 43 34 31 27 24 16 11 12 10 8 6 3 13 18 25 28 26 
47 43 34 31 27 24 16 11 12 10 8 6 11 16 18 25 28 26 
47 43 34 31 27 24 16 11 12 10 8 6 11 13 18 25 28 26 
---------------
Request id 2
67 66 63 58 56 40 32 40 56 58 55 49 50 53 
67 66 63 58 56 40 32 40 39 38 42 49 50 53 
67 66 63 58 56 40 32 40 56 51 42 49 50 53 
67 66 63 58 56 40 32 40 39 38 34 43 47 52 53 
67 66 63 58 56 40 32 40 41 61 59 56 51 42 49 50 53 
---------------
Request id 5
62 61 41 40 32 28 25 28 32 40 56 58 55 49 
62 61 41 40 32 28 25 28 32 40 39 38 42 49 
62 61 41 40 32 28 25 28 32 40 56 51 42 49 
62 61 41 40 32 28 25 18 16 24 27 31 34 38 42 49 
62 61 41 40 32 28 25 18 16 24 30 33 39 38 42 49 
---------------
Request id 10
2 9 15 18 25 18 16 24 30 33 
2 9 15 18 25 18 13 11 16 24 30 33 
2 9 15 18 25 18 16 17 20 24 30 33 
2 9 15 18 25 18 25 28 32 40 39 33 
2 9 15 18 25 18 25 28 26 23 24 30 33 
---------------
Request id 9
10 8 6 11 16 24 30 33 39 40 56 59 
10 8 6 3 13 18 25 28 32 40 56 59 
10 8 6 11 16 18 25 28 32 40 56 59 
10 8 6 11 13 18 25 28 32 40 56 59 
10 8 10 12 11 16 24 30 33 39 40 56 59 
---------------
Request id 1
61 41 40 32 28 25 29 25 28 32 40 41 61 62 
61 41 40 32 28 25 29 36 37 45 44 48 46 54 62 
61 41 40 32 28 25 29 25 28 32 40 56 59 61 62 
61 41 40 32 28 25 29 36 37 35 32 40 41 61 62 
61 41 40 32 28 25 29 25 28 32 40 41 46 54 62 
---------------
Request id 6
37 36 29 25 18 18 25 28 32 40 41 46 54 65 64 70 74 73 
37 36 29 25 18 18 25 29 36 37 45 44 48 57 60 64 70 74 73 
37 36 29 25 18 18 25 28 32 40 56 58 63 66 67 69 71 72 73 
37 36 29 25 18 18 25 28 32 40 41 46 54 65 68 69 71 72 73 
37 36 29 25 18 18 25 28 32 40 41 61 62 54 65 64 70 74 73 
---------------
