Request id 3
47 46 40 36 35 29 23 17 12 7 8 1 2 3 9 13 
47 46 40 36 35 29 23 17 12 7 8 1 2 3 0 4 6 11 14 22 31 32 13 
47 46 40 37 30 21 26 35 29 23 17 12 7 8 1 2 3 9 13 
47 46 40 37 30 21 26 35 29 23 17 9 3 0 4 6 11 14 22 31 32 13 
47 46 40 36 35 29 23 17 9 13 
47 46 40 37 30 21 26 35 29 23 17 9 13 
47 46 40 37 30 21 26 35 29 23 17 12 7 8 1 2 3 0 4 6 11 14 22 31 32 13 
47 46 40 36 35 29 23 17 9 3 0 4 6 11 14 22 31 32 13 
---------------
Request id 5
54 57 59 64 69 80 81 71 74 67 63 68 77 73 72 75 56 49 46 50 52 55 58 60 62 65 65 65 62 60 58 55 52 50 46 40 37 30 21 26 35 29 23 17 9 3 0 4 6 11 14 22 31 
54 57 59 64 69 80 81 82 84 83 74 67 63 68 66 78 75 56 49 46 50 52 55 58 60 62 65 65 65 62 60 58 55 52 50 46 40 37 30 21 26 35 29 23 17 9 13 32 31 
54 57 59 64 69 80 81 71 74 67 62 65 65 65 62 67 63 68 77 73 72 75 56 49 46 40 36 35 29 23 17 9 13 32 31 
54 57 59 64 69 80 81 71 74 67 63 68 66 78 75 56 49 46 50 52 55 58 60 62 65 65 65 62 60 58 55 52 50 46 40 36 35 29 23 17 9 3 0 4 6 11 14 22 31 
54 57 59 64 69 80 81 71 74 67 62 65 65 65 62 67 63 68 66 78 75 56 49 46 40 36 35 29 23 17 9 13 32 31 
54 57 59 64 69 80 81 71 74 67 62 65 65 65 62 67 63 68 66 78 75 56 49 46 40 37 30 21 26 35 29 23 17 9 13 32 31 
54 57 59 64 69 80 81 82 84 83 74 67 62 65 65 65 62 67 63 68 77 73 72 75 56 49 46 40 36 35 29 23 17 9 13 32 31 
54 53 48 34 45 65 65 65 62 60 58 55 52 50 46 40 36 35 29 23 17 9 13 32 31 
54 53 48 34 45 65 65 65 62 67 63 68 66 78 75 56 49 46 40 36 35 29 23 17 9 3 0 4 6 11 14 22 31 
54 57 59 64 69 80 81 82 84 83 74 67 63 68 66 78 75 56 49 46 50 52 55 58 60 62 65 65 65 62 60 58 55 52 50 46 40 36 35 29 23 17 12 7 8 1 2 3 9 13 32 31 
---------------
Request id 20
48 53 54 57 59 64 69 80 81 82 84 83 74 67 63 68 77 73 72 75 56 49 46 50 52 55 58 60 62 65 65 62 60 58 55 52 50 46 49 56 75 78 66 68 63 67 74 83 84 88 
48 53 54 57 59 64 69 80 81 82 84 83 74 67 63 68 66 78 75 56 49 46 50 52 55 58 60 62 65 65 62 60 58 55 52 50 46 49 56 75 78 66 68 63 67 74 83 84 88 
48 53 54 65 65 62 67 74 83 84 88 
48 53 54 57 59 64 69 80 81 82 84 83 74 67 63 68 66 78 75 56 49 46 50 52 55 58 60 62 65 65 54 57 59 64 69 80 81 71 74 83 84 88 
48 53 54 57 59 64 69 80 81 82 84 83 74 67 62 65 65 62 67 74 71 81 82 84 88 
48 53 54 57 59 64 69 80 81 71 74 67 63 68 77 73 72 75 56 49 46 50 52 55 58 60 62 65 65 62 60 58 55 52 50 46 49 56 75 72 73 77 68 63 67 74 71 81 82 84 88 
48 53 54 65 65 62 67 74 71 81 82 84 88 
48 53 54 57 59 64 69 80 81 71 74 67 63 68 77 73 72 75 56 49 46 50 52 55 58 60 62 65 65 45 34 48 53 54 57 59 64 69 80 81 82 84 88 
48 53 54 57 59 64 69 80 81 71 74 67 63 68 66 78 75 56 49 46 50 52 55 58 60 62 65 65 62 60 58 55 52 50 46 49 56 75 72 73 77 68 63 67 74 83 84 88 
48 53 54 57 59 64 69 80 81 71 74 67 63 68 66 78 75 56 49 46 50 52 55 58 60 62 65 65 62 60 58 55 52 50 46 49 56 75 78 66 68 63 67 74 83 84 88 
---------------
Request id 24
61 65 54 57 
61 65 62 60 58 55 52 50 46 49 56 75 78 66 68 63 67 74 83 84 82 81 80 69 64 59 57 
61 65 62 60 58 55 52 50 46 49 56 75 78 66 68 63 67 74 71 81 80 69 64 59 57 
61 65 62 60 58 55 52 50 46 49 56 75 72 73 77 68 63 67 74 83 84 82 81 80 69 64 59 57 
61 65 62 67 74 83 84 82 81 80 69 64 59 57 
61 65 62 67 74 71 81 80 69 64 59 57 
61 65 62 60 58 55 52 50 46 49 56 75 72 73 77 68 63 67 74 71 81 80 69 64 59 57 
61 65 45 34 48 53 54 57 
---------------
Request id 4
71 81 80 69 64 59 57 54 53 48 34 45 65 65 54 57 59 64 69 80 81 71 74 67 63 68 66 78 75 56 49 46 40 36 35 26 
71 81 82 84 83 74 67 63 68 66 78 75 56 49 46 50 52 55 58 60 62 65 65 62 60 58 55 52 50 46 40 36 35 26 
71 74 67 63 68 77 73 72 75 56 49 46 50 52 55 58 60 62 65 65 54 57 59 64 69 80 81 71 74 67 63 68 66 78 75 56 49 46 40 36 35 26 
71 81 82 84 83 74 67 63 68 66 78 75 56 49 46 50 52 55 58 60 62 65 65 54 57 59 64 69 80 81 71 74 67 63 68 66 78 75 56 49 46 40 36 35 26 
71 74 83 84 82 81 80 69 64 59 57 54 53 48 34 45 65 65 62 60 58 55 52 50 46 40 36 35 26 
71 81 80 69 64 59 57 54 65 65 62 60 58 55 52 50 46 40 36 35 26 
71 74 83 84 82 81 80 69 64 59 57 54 53 48 34 45 65 65 62 67 63 68 66 78 75 56 49 46 40 36 35 26 
71 74 83 84 82 81 80 69 64 59 57 54 65 65 62 67 63 68 66 78 75 56 49 46 40 37 30 21 26 
71 81 82 84 83 74 67 62 65 65 62 67 63 68 66 78 75 56 49 46 40 36 35 26 
71 81 82 84 83 74 67 62 65 65 54 57 59 64 69 80 81 71 74 67 62 60 58 55 52 50 46 40 37 30 21 26 
---------------
Request id 23
99 100 94 98 102 101 85 83 84 82 81 71 74 67 62 65 62 67 74 71 81 82 84 83 85 87 94 98 102 101 103 
99 100 94 98 102 101 85 83 84 82 81 71 74 67 62 65 62 67 74 71 81 82 84 83 85 101 103 
99 100 94 87 85 83 84 82 81 80 69 64 59 57 54 65 62 67 74 71 81 82 84 83 85 101 103 
99 100 94 98 102 101 85 83 84 82 81 80 69 64 59 57 54 65 45 34 48 53 54 57 59 64 69 80 81 71 74 83 85 101 103 
99 100 94 87 85 83 74 71 81 80 69 64 59 57 54 65 45 34 48 53 54 57 59 64 69 80 81 82 84 83 85 101 103 
99 100 94 98 102 101 85 83 74 67 62 65 62 67 74 83 85 101 103 
99 100 94 98 102 101 85 83 74 71 81 80 69 64 59 57 54 65 45 34 48 53 54 57 59 64 69 80 81 71 74 83 85 101 103 
99 100 94 87 85 83 84 82 81 80 69 64 59 57 54 65 54 57 59 64 69 80 81 82 84 83 85 101 103 
99 100 94 87 85 83 74 71 81 80 69 64 59 57 54 65 62 67 74 83 85 101 103 
99 100 94 98 102 101 85 83 84 82 81 80 69 64 59 57 54 65 62 67 74 83 85 87 94 98 102 101 103 
---------------
Request id 28
101 102 98 94 87 85 83 74 71 81 80 69 64 59 57 54 65 62 60 58 55 52 50 46 40 41 33 20 15 5 
101 85 83 84 82 81 80 69 64 59 57 54 65 62 60 58 55 52 50 46 40 43 33 20 25 24 16 10 15 5 
101 85 83 74 71 81 80 69 64 59 57 54 53 48 34 45 65 62 60 58 55 52 50 46 40 43 33 20 25 24 16 10 15 5 
101 85 83 74 71 81 80 69 64 59 57 54 53 48 34 45 65 62 67 63 68 77 73 72 75 56 49 46 40 28 19 5 
101 102 98 94 87 85 83 74 71 81 80 69 64 59 57 54 65 62 67 63 68 77 73 72 75 56 49 46 40 28 19 5 
101 102 98 94 87 85 83 74 71 81 80 69 64 59 57 54 65 62 67 63 68 66 78 75 56 49 46 40 43 33 20 15 5 
101 85 83 74 67 62 65 62 67 63 68 77 73 72 75 56 49 46 40 28 19 5 
101 102 98 94 87 85 83 84 82 81 71 74 67 62 65 62 67 63 68 77 73 72 75 56 49 46 40 28 19 5 
101 102 98 94 87 85 83 74 67 62 65 62 67 63 68 66 78 75 56 49 46 40 41 33 20 15 5 
101 102 98 94 87 85 83 74 71 81 80 69 64 59 57 54 65 62 60 58 55 52 50 46 40 41 33 20 25 24 16 10 15 5 
---------------
Request id 2
29 23 17 23 
---------------
Request id 9
48 53 54 57 59 64 69 80 81 71 74 67 63 68 66 78 75 56 49 46 50 52 55 58 60 62 65 65 54 57 59 64 69 80 81 71 74 67 63 68 77 73 72 75 56 49 46 47 
48 53 54 57 59 64 69 80 81 71 74 67 63 68 66 78 75 56 49 46 50 52 55 58 60 62 65 65 54 57 59 64 69 80 81 71 74 67 62 60 58 55 52 50 46 47 
48 53 54 57 59 64 69 80 81 82 84 83 74 67 63 68 66 78 75 56 49 46 50 52 55 58 60 62 65 65 54 57 59 64 69 80 81 71 74 67 63 68 66 78 75 56 49 46 47 
48 53 54 57 59 64 69 80 81 71 74 67 63 68 77 73 72 75 56 49 46 50 52 55 58 60 62 65 65 62 67 63 68 77 73 72 75 56 49 46 47 
48 53 54 57 59 64 69 80 81 71 74 67 63 68 77 73 72 75 56 49 46 50 52 55 58 60 62 65 65 45 34 48 53 54 57 59 64 69 80 81 71 74 67 62 60 58 55 52 50 46 47 
48 53 54 65 65 62 67 63 68 66 78 75 56 49 46 47 
48 53 54 57 59 64 69 80 81 71 74 67 62 65 65 54 57 59 64 69 80 81 82 84 83 74 67 62 60 58 55 52 50 46 47 
48 53 54 57 59 64 69 80 81 82 84 83 74 67 63 68 77 73 72 75 56 49 46 50 52 55 58 60 62 65 65 62 67 63 68 77 73 72 75 56 49 46 47 
48 34 45 65 65 54 57 59 64 69 80 81 82 84 83 74 67 62 60 58 55 52 50 46 47 
48 34 45 65 65 54 57 59 64 69 80 81 71 74 67 63 68 66 78 75 56 49 46 47 
---------------
Request id 17
74 67 63 68 66 78 75 56 49 46 50 52 55 58 60 62 65 62 67 74 83 84 82 81 80 69 
74 83 84 82 81 80 69 64 59 57 54 53 48 34 45 65 62 60 58 55 52 50 46 49 56 75 78 66 68 63 67 74 71 81 80 69 
74 67 63 68 66 78 75 56 49 46 50 52 55 58 60 62 65 62 60 58 55 52 50 46 49 56 75 78 66 68 63 67 74 71 81 80 69 
74 71 81 80 69 64 59 57 54 53 48 34 45 65 62 60 58 55 52 50 46 49 56 75 78 66 68 63 67 74 83 84 82 81 80 69 
74 83 84 82 81 80 69 64 59 57 54 53 48 34 45 65 62 67 74 71 81 80 69 
74 83 84 82 81 80 69 64 59 57 54 65 62 60 58 55 52 50 46 49 56 75 72 73 77 68 63 67 74 83 84 82 81 80 69 
74 83 84 82 81 80 69 64 59 57 54 65 62 60 58 55 52 50 46 49 56 75 78 66 68 63 67 74 71 81 80 69 
74 67 62 65 54 57 59 64 69 
74 83 84 82 81 80 69 64 59 57 54 53 48 34 45 65 62 60 58 55 52 50 46 49 56 75 78 66 68 63 67 74 83 84 82 81 80 69 
74 71 81 80 69 64 59 57 54 65 62 60 58 55 52 50 46 49 56 75 72 73 77 68 63 67 74 83 84 82 81 80 69 
---------------
Request id 12
13 9 9 9 3 2 1 8 7 12 17 23 29 35 36 40 46 49 56 75 78 66 68 63 
13 32 31 22 14 11 6 4 0 3 2 1 8 7 12 17 9 9 9 17 23 29 35 26 21 30 37 40 46 49 56 75 72 73 77 68 63 
13 32 31 22 14 11 6 4 0 3 2 1 8 7 12 17 9 9 9 3 2 1 8 7 12 17 23 29 35 36 40 46 49 56 75 78 66 68 63 
13 32 31 22 14 11 6 4 0 3 9 9 9 17 23 29 35 26 21 30 37 40 46 50 52 55 58 60 62 67 63 
13 9 9 9 3 2 1 8 7 12 17 23 29 35 36 40 46 49 56 75 72 73 77 68 63 
13 9 9 9 17 23 29 35 26 21 30 37 40 46 50 52 55 58 60 62 67 63 
13 32 31 22 14 11 6 4 0 3 2 1 8 7 12 17 9 9 9 17 23 29 35 36 40 46 49 56 75 72 73 77 68 63 
13 9 9 9 17 23 29 35 36 40 46 50 52 55 58 60 62 67 63 
13 32 31 22 14 11 6 4 0 3 9 9 9 17 23 29 35 36 40 46 50 52 55 58 60 62 67 63 
13 32 31 22 14 11 6 4 0 3 2 1 8 7 12 17 9 9 9 17 23 29 35 36 40 46 49 56 75 78 66 68 63 
---------------
Request id 27
22 14 11 6 4 0 3 9 13 32 32 32 13 9 17 23 29 35 36 40 46 49 56 75 78 66 68 63 67 74 83 85 87 94 100 99 97 96 
22 14 11 6 4 0 3 9 13 32 32 32 13 9 17 23 29 35 36 40 46 50 52 55 58 60 62 67 74 83 85 87 94 100 99 97 96 
22 14 11 6 4 0 3 2 1 8 7 12 17 9 13 32 32 32 13 9 17 23 29 35 36 40 46 50 52 55 58 60 62 67 74 83 85 87 94 100 99 97 96 
22 14 11 6 4 0 3 9 13 32 32 32 13 9 17 23 29 35 36 40 46 50 52 55 58 60 62 67 74 83 85 101 102 98 94 100 99 97 96 
22 14 11 6 4 0 3 9 13 32 32 32 13 9 17 23 29 35 36 40 46 49 56 75 72 73 77 68 63 67 74 83 85 101 102 98 94 100 99 97 96 
22 14 11 6 4 0 3 2 1 8 7 12 17 9 13 32 32 32 13 9 17 23 29 35 26 21 30 37 40 46 49 56 75 78 66 68 63 67 74 83 85 87 94 100 99 97 96 
22 14 11 6 4 0 3 2 1 8 7 12 17 9 13 32 32 32 13 9 17 23 29 35 36 40 46 49 56 75 78 66 68 63 67 74 83 85 101 102 98 94 100 99 97 96 
22 31 32 32 32 13 9 17 23 29 35 26 21 30 37 40 46 50 52 55 58 60 62 67 74 83 85 87 94 100 99 97 96 
22 14 11 6 4 0 3 2 1 8 7 12 17 9 13 32 32 32 13 9 17 23 29 35 26 21 30 37 40 46 50 52 55 58 60 62 67 74 83 85 87 94 100 99 97 96 
22 14 11 6 4 0 3 2 1 8 7 12 17 9 13 32 32 32 13 9 17 23 29 35 36 40 46 49 56 75 72 73 77 68 63 67 74 83 85 87 94 100 99 97 96 
---------------
Request id 6
66 68 63 67 62 60 58 55 52 50 46 49 56 75 75 75 78 66 68 63 67 62 60 58 55 52 50 46 40 28 19 
66 68 77 73 72 75 75 75 56 49 46 40 43 33 20 25 24 16 10 15 5 19 
66 68 63 67 74 71 81 80 69 64 59 57 54 53 48 34 45 65 62 60 58 55 52 50 46 49 56 75 75 75 78 66 68 63 67 62 60 58 55 52 50 46 40 41 33 20 15 5 19 
66 68 63 67 74 83 84 82 81 80 69 64 59 57 54 65 62 60 58 55 52 50 46 49 56 75 75 75 78 66 68 63 67 62 60 58 55 52 50 46 40 41 33 20 15 5 19 
66 78 75 75 75 72 73 77 68 63 67 62 60 58 55 52 50 46 40 28 19 
66 78 75 75 75 72 73 77 68 63 67 62 60 58 55 52 50 46 40 43 33 20 15 5 19 
66 68 63 67 74 83 84 82 81 80 69 64 59 57 54 53 48 34 45 65 62 60 58 55 52 50 46 49 56 75 75 75 72 73 77 68 63 67 62 60 58 55 52 50 46 40 28 19 
66 68 63 67 74 83 84 82 81 80 69 64 59 57 54 53 48 34 45 65 62 60 58 55 52 50 46 49 56 75 75 75 56 49 46 40 43 33 20 25 24 16 10 15 5 19 
66 68 63 67 62 60 58 55 52 50 46 49 56 75 75 75 72 73 77 68 63 67 62 60 58 55 52 50 46 40 28 19 
66 68 77 73 72 75 75 75 72 73 77 68 63 67 62 60 58 55 52 50 46 40 43 33 20 15 5 19 
---------------
Request id 18
103 101 85 83 74 67 62 65 65 65 62 60 58 55 52 50 46 49 56 75 78 66 68 63 67 74 71 81 80 69 79 76 70 
103 101 85 83 84 82 81 71 74 67 62 65 65 65 62 67 74 71 81 80 69 79 86 70 
103 101 102 98 94 87 85 83 84 82 81 80 69 64 59 57 54 65 65 65 45 34 48 53 54 57 59 64 69 79 86 70 
103 101 102 98 94 87 85 83 84 82 81 71 74 67 62 65 65 65 62 67 74 71 81 80 69 79 76 70 
103 101 85 83 74 71 81 80 69 64 59 57 54 53 48 34 45 65 65 65 62 67 74 83 84 82 81 80 69 79 86 70 
103 101 102 98 94 87 85 83 84 82 81 80 69 64 59 57 54 65 65 65 62 60 58 55 52 50 46 49 56 75 78 66 68 63 67 74 71 81 80 69 79 76 70 
103 101 85 83 84 82 81 80 69 64 59 57 54 53 48 34 45 65 65 65 45 34 48 53 54 57 59 64 69 79 76 70 
103 101 102 98 94 87 85 83 74 71 81 80 69 64 59 57 54 65 65 65 54 57 59 64 69 79 76 70 
103 101 85 83 74 71 81 80 69 64 59 57 54 53 48 34 45 65 65 65 62 67 74 71 81 80 69 79 86 70 
103 101 102 98 94 87 85 83 74 71 81 80 69 64 59 57 54 65 65 65 45 34 48 53 54 57 59 64 69 79 76 70 
---------------
Request id 7
102 101 85 83 84 82 81 80 69 64 59 57 54 65 54 57 59 64 69 80 81 82 84 88 
102 98 94 87 85 83 84 82 81 80 69 64 59 57 54 65 62 67 74 71 81 82 84 88 
102 101 85 83 74 71 81 80 69 64 59 57 54 53 48 34 45 65 62 60 58 55 52 50 46 49 56 75 72 73 77 68 63 67 74 83 84 88 
102 101 85 83 84 82 81 71 74 67 62 65 62 67 74 71 81 82 84 88 
102 98 94 87 85 83 74 71 81 80 69 64 59 57 54 65 62 67 74 83 84 88 
102 101 85 83 74 67 62 65 62 67 74 71 81 82 84 88 
102 98 94 87 85 83 84 82 81 80 69 64 59 57 54 65 54 57 59 64 69 80 81 82 84 88 
102 101 85 83 84 82 81 80 69 64 59 57 54 65 62 67 74 83 84 88 
102 101 85 83 84 82 81 71 74 67 62 65 54 57 59 64 69 80 81 71 74 83 84 88 
102 101 85 83 74 71 81 80 69 64 59 57 54 53 48 34 45 65 62 60 58 55 52 50 46 49 56 75 78 66 68 63 67 74 71 81 82 84 88 
---------------
Request id 19
86 79 69 80 81 71 74 67 63 68 77 73 72 75 56 49 46 50 52 55 58 60 62 65 65 65 62 67 74 83 84 82 81 80 69 79 76 70 86 93 92 
86 79 69 80 81 71 74 67 63 68 66 78 75 56 49 46 50 52 55 58 60 62 65 65 65 45 34 48 53 54 57 59 64 69 79 76 70 86 93 92 
86 79 69 64 59 57 54 65 65 65 62 67 74 83 84 82 81 80 69 79 86 93 92 
86 70 76 79 69 64 59 57 54 65 65 65 62 67 74 83 84 82 81 80 69 79 86 93 92 
86 70 76 79 69 80 81 82 84 83 74 67 62 65 65 65 62 67 74 83 84 82 81 80 69 79 86 93 92 
86 79 69 64 59 57 54 53 48 34 45 65 65 65 62 60 58 55 52 50 46 49 56 75 78 66 68 63 67 74 71 81 80 69 79 86 93 92 
86 79 69 80 81 82 84 83 74 67 62 65 65 65 54 57 59 64 69 79 86 93 92 
86 79 69 80 81 71 74 67 62 65 65 65 62 67 74 71 81 80 69 79 76 70 86 93 92 
86 79 69 64 59 57 54 53 48 34 45 65 65 65 62 67 74 71 81 80 69 79 76 70 86 93 92 
86 70 76 79 69 80 81 71 74 67 62 65 65 65 62 60 58 55 52 50 46 49 56 75 78 66 68 63 67 74 71 81 80 69 79 86 93 92 
---------------
Request id 13
23 17 17 23 29 35 36 40 46 50 52 55 58 60 62 65 54 57 59 64 69 79 
23 17 17 23 29 35 26 21 30 37 40 46 49 56 75 78 66 68 63 67 74 71 81 80 69 79 
23 17 17 23 29 35 36 40 46 49 56 75 78 66 68 63 67 74 83 84 82 81 80 69 79 
23 17 17 23 29 35 36 40 46 50 52 55 58 60 62 67 74 71 81 80 69 79 
23 17 17 23 29 35 26 21 30 37 40 46 50 52 55 58 60 62 67 74 71 81 80 69 79 
23 17 17 23 29 35 36 40 46 49 56 75 72 73 77 68 63 67 74 71 81 80 69 79 
23 17 17 23 29 35 36 40 46 50 52 55 58 60 62 67 74 83 84 82 81 80 69 79 
23 17 17 23 29 35 36 40 46 49 56 75 78 66 68 63 67 74 71 81 80 69 79 
23 17 17 23 29 35 36 40 46 49 56 75 78 66 68 63 67 62 65 54 57 59 64 69 79 
23 17 17 23 29 35 26 21 30 37 40 46 50 52 55 58 60 62 65 54 57 59 64 69 79 
---------------
Request id 15
103 101 85 83 74 71 81 80 69 64 59 57 54 65 65 45 34 48 53 54 57 59 64 69 80 81 71 74 83 85 87 94 100 
103 101 85 83 74 71 81 80 69 64 59 57 54 53 48 34 45 65 65 62 67 74 71 81 82 84 83 85 101 102 98 94 100 
103 101 102 98 94 87 85 83 74 71 81 80 69 64 59 57 54 65 65 62 67 74 71 81 82 84 83 85 101 102 98 94 100 
103 101 85 83 74 67 62 65 65 54 57 59 64 69 80 81 82 84 83 85 87 94 100 
103 101 85 83 74 71 81 80 69 64 59 57 54 65 65 54 57 59 64 69 80 81 71 74 83 85 101 102 98 94 100 
103 101 85 83 84 82 81 80 69 64 59 57 54 65 65 54 57 59 64 69 80 81 71 74 83 85 87 94 100 
103 101 85 83 84 82 81 80 69 64 59 57 54 65 65 54 57 59 64 69 80 81 71 74 83 85 101 102 98 94 100 
103 101 102 98 94 87 85 83 84 82 81 80 69 64 59 57 54 65 65 62 67 74 71 81 82 84 83 85 101 102 98 94 100 
103 101 85 83 74 71 81 80 69 64 59 57 54 65 65 62 67 74 83 85 87 94 100 
103 101 102 98 94 87 85 83 74 71 81 80 69 64 59 57 54 65 65 45 34 48 53 54 57 59 64 69 80 81 71 74 83 85 87 94 100 
---------------
Request id 21
21 26 35 36 40 40 40 36 35 29 23 17 9 13 32 31 22 14 11 6 4 0 3 2 1 
21 30 37 40 40 40 36 35 29 23 17 12 7 8 1 
21 30 37 40 40 40 37 30 21 26 35 29 23 17 9 3 2 1 
21 26 35 36 40 40 40 37 30 21 26 35 29 23 17 9 3 2 1 
21 30 37 40 40 40 37 30 21 26 35 29 23 17 9 13 32 31 22 14 11 6 4 0 3 2 1 
21 26 35 36 40 40 40 36 35 29 23 17 12 7 8 1 
21 30 37 40 40 40 37 30 21 26 35 29 23 17 12 7 8 1 
21 30 37 40 40 40 36 35 29 23 17 9 13 32 31 22 14 11 6 4 0 3 2 1 
21 30 37 40 40 40 36 35 29 23 17 9 3 2 1 
21 26 35 36 40 40 40 37 30 21 26 35 29 23 17 9 13 32 31 22 14 11 6 4 0 3 2 1 
---------------
Request id 1
100 94 98 102 101 85 83 74 67 62 65 62 60 58 55 52 50 46 49 56 75 72 73 77 68 63 67 74 83 84 82 81 80 69 64 59 
100 94 87 85 83 84 82 81 80 69 64 59 57 54 53 48 34 45 65 62 60 58 55 52 50 46 49 56 75 72 73 77 68 63 67 74 71 81 80 69 64 59 
100 94 87 85 83 74 67 62 65 62 60 58 55 52 50 46 49 56 75 72 73 77 68 63 67 74 71 81 80 69 64 59 
100 94 87 85 83 84 82 81 80 69 64 59 57 54 65 54 57 59 
100 94 98 102 101 85 83 74 71 81 80 69 64 59 57 54 65 62 67 74 83 84 82 81 80 69 64 59 
100 94 87 85 83 74 71 81 80 69 64 59 57 54 53 48 34 45 65 62 67 74 83 84 82 81 80 69 64 59 
100 94 98 102 101 85 83 84 82 81 71 74 67 62 65 62 67 74 71 81 80 69 64 59 
100 94 87 85 83 74 71 81 80 69 64 59 57 54 53 48 34 45 65 62 67 74 71 81 80 69 64 59 
100 94 87 85 83 74 71 81 80 69 64 59 57 54 53 48 34 45 65 62 60 58 55 52 50 46 49 56 75 78 66 68 63 67 74 83 84 82 81 80 69 64 59 
100 94 87 85 83 84 82 81 80 69 64 59 57 54 53 48 34 45 65 45 34 48 53 54 57 59 
---------------
Request id 22
28 40 40 46 49 56 75 78 66 68 63 67 62 65 54 57 59 64 69 80 81 82 
28 19 5 15 10 16 24 25 20 33 43 40 40 46 50 52 55 58 60 62 65 54 57 59 64 69 80 81 71 74 83 84 82 
28 19 5 15 20 33 43 40 40 46 50 52 55 58 60 62 65 54 57 59 64 69 80 81 71 74 83 84 82 
28 19 5 15 10 16 24 25 20 33 41 40 40 46 49 56 75 72 73 77 68 63 67 74 71 81 82 
28 40 40 46 49 56 75 78 66 68 63 67 74 71 81 82 
28 19 5 15 20 33 43 40 40 46 50 52 55 58 60 62 67 74 71 81 82 
28 40 40 46 50 52 55 58 60 62 65 54 57 59 64 69 80 81 71 74 83 84 82 
28 19 5 15 20 33 43 40 40 46 49 56 75 72 73 77 68 63 67 62 65 54 57 59 64 69 80 81 82 
28 19 5 15 10 16 24 25 20 33 41 40 40 46 50 52 55 58 60 62 67 74 83 84 82 
28 19 5 15 20 33 41 40 40 46 50 52 55 58 60 62 65 54 57 59 64 69 80 81 71 74 83 84 82 
---------------
Request id 8
16 10 15 20 33 41 40 46 49 56 75 78 66 68 63 67 74 83 85 87 94 100 
16 10 15 20 33 41 40 46 49 56 75 72 73 77 68 63 67 74 83 85 87 94 100 
16 24 25 20 33 43 40 28 19 5 15 20 33 41 40 46 49 56 75 72 73 77 68 63 67 74 83 85 87 94 100 
16 24 25 20 33 43 40 28 19 5 15 20 33 43 40 46 49 56 75 78 66 68 63 67 74 83 85 87 94 100 
16 10 15 5 19 28 40 46 49 56 75 78 66 68 63 67 74 83 85 87 94 100 
16 24 25 20 33 43 40 28 19 5 15 20 33 43 40 46 49 56 75 72 73 77 68 63 67 74 83 85 87 94 100 
16 24 25 20 15 5 19 28 40 46 49 56 75 78 66 68 63 67 74 83 85 87 94 100 
16 10 15 20 33 43 40 46 50 52 55 58 60 62 67 74 83 85 87 94 100 
16 24 25 20 33 41 40 28 19 5 15 20 33 41 40 46 49 56 75 72 73 77 68 63 67 74 83 85 87 94 100 
16 10 15 5 19 28 40 46 50 52 55 58 60 62 67 74 83 85 101 102 98 94 100 
---------------
Request id 10
69 64 59 57 54 53 48 34 45 65 65 62 67 74 71 81 82 84 83 85 101 102 98 94 100 99 
69 80 81 82 84 83 74 67 62 65 65 62 67 74 83 85 101 102 98 94 100 99 
69 80 81 82 84 83 74 67 63 68 66 78 75 56 49 46 50 52 55 58 60 62 65 65 62 67 74 71 81 82 84 83 85 101 102 98 94 100 99 
69 80 81 82 84 83 74 67 62 65 65 62 67 74 71 81 82 84 83 85 101 102 98 94 100 99 
69 80 81 82 84 83 74 67 63 68 77 73 72 75 56 49 46 50 52 55 58 60 62 65 65 62 67 74 71 81 82 84 83 85 101 102 98 94 100 99 
69 80 81 82 84 83 74 67 62 65 65 62 67 74 71 81 82 84 83 85 87 94 100 99 
69 80 81 71 74 67 62 65 65 54 57 59 64 69 80 81 82 84 83 85 87 94 100 99 
69 80 81 82 84 83 74 67 63 68 66 78 75 56 49 46 50 52 55 58 60 62 65 65 45 34 48 53 54 57 59 64 69 80 81 71 74 83 85 87 94 100 99 
69 80 81 82 84 83 74 67 62 65 65 62 67 74 83 85 87 94 100 99 
69 80 81 71 74 67 62 65 65 54 57 59 64 69 80 81 71 74 83 85 101 102 98 94 100 99 
---------------
Request id 14
86 70 76 79 69 64 59 57 54 65 62 67 63 68 66 78 75 56 49 46 40 36 35 29 23 17 18 
86 70 76 79 69 80 81 71 74 67 62 65 54 57 59 64 69 80 81 71 74 67 63 68 77 73 72 75 56 49 46 40 36 35 29 23 17 18 
86 70 76 79 69 64 59 57 54 53 48 34 45 65 62 60 58 55 52 50 46 40 37 30 21 26 35 29 23 17 18 
86 70 76 79 69 64 59 57 54 53 48 34 45 65 62 60 58 55 52 50 46 40 36 35 29 23 17 18 
86 79 69 64 59 57 54 53 48 34 45 65 62 67 63 68 66 78 75 56 49 46 40 37 30 21 26 35 29 23 17 18 
86 79 69 64 59 57 54 53 48 34 45 65 62 67 63 68 66 78 75 56 49 46 40 36 35 29 23 17 18 
86 79 69 64 59 57 54 65 62 60 58 55 52 50 46 40 37 30 21 26 35 29 23 17 18 
86 79 69 64 59 57 54 65 54 57 59 64 69 80 81 71 74 67 63 68 77 73 72 75 56 49 46 40 36 35 29 23 17 18 
86 70 76 79 69 64 59 57 54 53 48 34 45 65 62 67 63 68 77 73 72 75 56 49 46 40 37 30 21 26 35 29 23 17 18 
86 79 69 80 81 71 74 67 63 68 66 78 75 56 49 46 50 52 55 58 60 62 65 62 67 63 68 77 73 72 75 56 49 46 40 36 35 29 23 17 18 
---------------
Request id 29
11 6 4 0 3 2 1 8 7 12 17 9 13 32 13 9 17 23 29 35 26 21 30 37 40 46 49 56 75 78 66 68 63 67 74 83 85 101 102 
11 6 4 0 3 9 13 32 13 9 17 23 29 35 36 40 46 49 56 75 72 73 77 68 63 67 74 83 85 87 94 98 102 
11 14 22 31 32 13 9 17 23 29 35 26 21 30 37 40 46 49 56 75 78 66 68 63 67 74 83 85 101 102 
11 6 4 0 3 9 13 32 13 9 17 23 29 35 36 40 46 49 56 75 78 66 68 63 67 74 83 85 101 102 
11 14 22 31 32 13 9 17 23 29 35 36 40 46 50 52 55 58 60 62 67 74 83 85 87 94 98 102 
11 14 22 31 32 13 9 17 23 29 35 36 40 46 49 56 75 72 73 77 68 63 67 74 83 85 87 94 98 102 
11 6 4 0 3 9 13 32 13 9 17 23 29 35 36 40 46 49 56 75 78 66 68 63 67 74 83 85 87 94 98 102 
11 6 4 0 3 9 13 32 13 9 17 23 29 35 36 40 46 50 52 55 58 60 62 67 74 83 85 101 102 
11 6 4 0 3 2 1 8 7 12 17 9 13 32 13 9 17 23 29 35 26 21 30 37 40 46 50 52 55 58 60 62 67 74 83 85 101 102 
11 6 4 0 3 2 1 8 7 12 17 9 13 32 13 9 17 23 29 35 36 40 46 49 56 75 72 73 77 68 63 67 74 83 85 87 94 98 102 
---------------
Request id 30
7 12 17 17 23 29 35 26 21 30 37 40 46 50 52 55 58 60 62 67 74 71 81 80 69 79 86 93 92 
7 8 1 2 3 9 17 17 23 29 35 36 40 46 49 56 75 78 66 68 63 67 74 83 84 82 81 80 69 79 86 93 92 
7 12 17 17 23 29 35 36 40 46 49 56 75 78 66 68 63 67 74 71 81 80 69 79 86 93 92 
7 8 1 2 3 0 4 6 11 14 22 31 32 13 9 17 17 23 29 35 36 40 46 50 52 55 58 60 62 67 74 71 81 80 69 79 76 70 86 93 92 
7 8 1 2 3 9 17 17 23 29 35 36 40 46 50 52 55 58 60 62 67 74 83 84 82 81 80 69 79 86 93 92 
7 12 17 17 23 29 35 36 40 46 50 52 55 58 60 62 65 54 57 59 64 69 79 86 93 92 
7 8 1 2 3 9 17 17 23 29 35 36 40 46 50 52 55 58 60 62 65 54 57 59 64 69 79 86 93 92 
7 12 17 17 23 29 35 36 40 46 50 52 55 58 60 62 67 74 71 81 80 69 79 86 93 92 
7 8 1 2 3 9 17 17 23 29 35 36 40 46 49 56 75 72 73 77 68 63 67 74 71 81 80 69 79 86 93 92 
7 12 17 17 23 29 35 36 40 46 50 52 55 58 60 62 65 54 57 59 64 69 79 76 70 86 93 92 
---------------
Request id 25
4 6 11 14 22 31 32 13 9 17 12 7 8 1 2 3 3 3 2 1 8 7 12 17 23 29 35 26 21 30 37 40 46 50 52 
4 6 11 14 22 31 32 13 9 3 3 3 2 1 8 7 12 17 23 29 35 26 21 30 37 40 46 50 52 
4 0 3 3 3 9 17 23 29 35 36 40 46 49 56 75 72 73 77 68 63 67 62 60 58 55 52 
4 0 3 3 3 0 4 6 11 14 22 31 32 13 9 17 23 29 35 36 40 46 50 52 
4 6 11 14 22 31 32 13 9 3 3 3 0 4 6 11 14 22 31 32 13 9 17 23 29 35 26 21 30 37 40 46 50 52 
4 6 11 14 22 31 32 13 9 3 3 3 2 1 8 7 12 17 23 29 35 36 40 46 49 56 75 78 66 68 63 67 62 60 58 55 52 
4 0 3 3 3 9 17 23 29 35 26 21 30 37 40 46 49 56 75 78 66 68 63 67 62 60 58 55 52 
4 6 11 14 22 31 32 13 9 3 3 3 9 17 23 29 35 26 21 30 37 40 46 50 52 
4 6 11 14 22 31 32 13 9 3 3 3 9 17 23 29 35 36 40 46 49 56 75 78 66 68 63 67 62 60 58 55 52 
4 6 11 14 22 31 32 13 9 3 3 3 2 1 8 7 12 17 23 29 35 36 40 46 50 52 
---------------
Request id 16
86 79 69 80 81 71 74 67 63 68 66 78 75 56 49 46 50 52 55 58 60 62 65 62 67 74 83 85 
86 70 76 79 69 64 59 57 54 65 45 34 48 53 54 57 59 64 69 80 81 82 84 83 85 
86 79 69 80 81 71 74 67 62 65 62 60 58 55 52 50 46 49 56 75 78 66 68 63 67 74 83 85 
86 79 69 80 81 71 74 67 63 68 77 73 72 75 56 49 46 50 52 55 58 60 62 65 62 60 58 55 52 50 46 49 56 75 78 66 68 63 67 74 71 81 82 84 83 85 
86 79 69 64 59 57 54 65 62 60 58 55 52 50 46 49 56 75 78 66 68 63 67 74 83 85 
86 79 69 80 81 71 74 67 63 68 66 78 75 56 49 46 50 52 55 58 60 62 65 62 60 58 55 52 50 46 49 56 75 72 73 77 68 63 67 74 83 85 
86 79 69 80 81 82 84 83 74 67 62 65 62 60 58 55 52 50 46 49 56 75 72 73 77 68 63 67 74 83 85 
86 70 76 79 69 64 59 57 54 65 62 60 58 55 52 50 46 49 56 75 72 73 77 68 63 67 74 83 85 
86 70 76 79 69 80 81 71 74 67 62 65 62 60 58 55 52 50 46 49 56 75 78 66 68 63 67 74 71 81 82 84 83 85 
86 79 69 80 81 71 74 67 63 68 77 73 72 75 56 49 46 50 52 55 58 60 62 65 62 67 74 83 85 
---------------
Request id 11
54 57 59 64 69 80 81 82 84 83 74 67 63 68 66 78 75 56 49 46 50 52 55 58 60 62 65 65 65 62 67 63 68 66 78 75 56 49 46 40 36 35 29 23 17 9 13 32 31 
54 57 59 64 69 80 81 71 74 67 63 68 66 78 75 56 49 46 50 52 55 58 60 62 65 65 65 62 67 63 68 66 78 75 56 49 46 40 36 35 29 23 17 9 3 0 4 6 11 14 22 31 
54 57 59 64 69 80 81 82 84 83 74 67 62 65 65 65 62 67 63 68 77 73 72 75 56 49 46 40 36 35 29 23 17 9 13 32 31 
54 53 48 34 45 65 65 65 62 67 63 68 66 78 75 56 49 46 40 37 30 21 26 35 29 23 17 9 13 32 31 
54 57 59 64 69 80 81 82 84 83 74 67 63 68 66 78 75 56 49 46 50 52 55 58 60 62 65 65 65 62 60 58 55 52 50 46 40 36 35 29 23 17 12 7 8 1 2 3 9 13 32 31 
54 53 48 34 45 65 65 65 62 60 58 55 52 50 46 40 36 35 29 23 17 12 7 8 1 2 3 9 13 32 31 
54 57 59 64 69 80 81 82 84 83 74 67 63 68 77 73 72 75 56 49 46 50 52 55 58 60 62 65 65 65 62 60 58 55 52 50 46 40 37 30 21 26 35 29 23 17 9 3 0 4 6 11 14 22 31 
54 57 59 64 69 80 81 82 84 83 74 67 63 68 77 73 72 75 56 49 46 50 52 55 58 60 62 65 65 65 62 60 58 55 52 50 46 40 36 35 29 23 17 12 7 8 1 2 3 9 13 32 31 
54 53 48 34 45 65 65 65 62 67 63 68 66 78 75 56 49 46 40 36 35 29 23 17 9 13 32 31 
54 65 65 65 62 60 58 55 52 50 46 40 37 30 21 26 35 29 23 17 9 13 32 31 
---------------
Request id 26
74 67 62 65 65 62 67 63 68 66 78 75 56 
74 67 63 68 77 73 72 75 56 49 46 50 52 55 58 60 62 65 65 62 60 58 55 52 50 46 49 56 
74 83 84 82 81 80 69 64 59 57 54 53 48 34 45 65 65 54 57 59 64 69 80 81 82 84 83 74 67 63 68 66 78 75 56 
74 67 63 68 66 78 75 56 49 46 50 52 55 58 60 62 65 65 45 34 48 53 54 57 59 64 69 80 81 71 74 67 63 68 77 73 72 75 56 
74 67 62 65 65 62 60 58 55 52 50 46 49 56 
74 71 81 80 69 64 59 57 54 65 65 45 34 48 53 54 57 59 64 69 80 81 71 74 67 63 68 77 73 72 75 56 
74 67 63 68 77 73 72 75 56 49 46 50 52 55 58 60 62 65 65 62 67 63 68 77 73 72 75 56 
74 67 63 68 66 78 75 56 49 46 50 52 55 58 60 62 65 65 62 67 63 68 66 78 75 56 
74 71 81 80 69 64 59 57 54 65 65 54 57 59 64 69 80 81 82 84 83 74 67 63 68 66 78 75 56 
74 67 62 65 65 54 57 59 64 69 80 81 71 74 67 62 60 58 55 52 50 46 49 56 
---------------
