Request id 25
48 34 45 65 65 62 60 58 55 52 50 46 40 36 35 26 
48 34 45 65 65 62 60 58 55 52 50 46 40 37 30 21 26 
48 34 45 65 65 62 67 63 68 66 78 75 56 49 46 40 36 35 26 
48 34 45 65 65 62 67 63 68 77 73 72 75 56 49 46 40 36 35 26 
48 34 45 65 65 62 67 63 68 66 78 75 56 49 46 40 37 30 21 26 
---------------
Request id 10
4 0 3 3 9 17 23 29 35 36 40 46 49 56 
4 0 3 3 9 17 23 29 35 26 21 30 37 40 46 49 56 
4 0 3 3 2 1 8 7 12 17 23 29 35 36 40 46 49 56 
4 0 3 3 2 1 8 7 12 17 23 29 35 26 21 30 37 40 46 49 56 
4 0 3 3 0 4 6 11 14 22 31 32 13 9 17 23 29 35 36 40 46 49 56 
---------------
Request id 18
25 20 15 5 19 28 40 46 50 52 55 58 60 62 67 74 71 81 80 69 79 86 93 92 
25 20 15 20 33 43 40 46 50 52 55 58 60 62 67 74 71 81 80 69 79 86 93 92 
25 20 15 5 19 28 40 46 50 52 55 58 60 62 65 54 57 59 64 69 79 86 93 92 
25 20 15 20 33 43 40 46 50 52 55 58 60 62 65 54 57 59 64 69 79 86 93 92 
25 20 15 20 33 41 40 46 50 52 55 58 60 62 67 74 71 81 80 69 79 86 93 92 
---------------
Request id 14
45 65 65 65 62 60 58 55 52 50 46 40 37 
45 65 65 65 62 67 63 68 66 78 75 56 49 46 40 37 
45 65 65 65 62 67 63 68 77 73 72 75 56 49 46 40 37 
45 65 65 65 62 60 58 55 52 50 46 40 36 35 26 21 30 37 
45 65 65 65 62 67 63 68 66 78 75 56 49 46 40 36 35 26 21 30 37 
---------------
Request id 12
27 18 17 17 17 23 29 35 36 40 46 50 52 55 58 60 62 67 74 83 85 87 94 98 
27 18 17 17 17 23 29 35 36 40 46 50 52 55 58 60 62 67 74 83 85 101 102 98 
27 18 17 17 17 23 29 35 36 40 46 49 56 75 78 66 68 63 67 74 83 85 87 94 98 
27 18 17 17 17 23 29 35 36 40 46 49 56 75 78 66 68 63 67 74 83 85 101 102 98 
27 18 17 17 17 23 29 35 36 40 46 49 56 75 72 73 77 68 63 67 74 83 85 101 102 98 
---------------
Request id 4
8 7 12 17 17 17 9 3 0 4 
8 7 12 17 17 17 12 7 8 1 2 3 0 4 
8 7 12 17 17 17 9 13 32 31 22 14 11 6 4 
8 7 12 17 17 17 12 7 8 1 2 3 9 13 32 31 22 14 11 6 4 
8 1 2 3 9 17 17 17 9 3 0 4 
---------------
Request id 5
53 54 65 65 65 62 60 58 55 52 50 46 40 37 30 
53 54 65 65 65 62 67 63 68 66 78 75 56 49 46 40 37 30 
53 54 65 65 65 62 60 58 55 52 50 46 40 36 35 26 21 30 
53 54 65 65 65 62 67 63 68 77 73 72 75 56 49 46 40 37 30 
53 54 65 65 65 62 67 63 68 66 78 75 56 49 46 40 36 35 26 21 30 
---------------
Request id 28
20 33 33 20 15 10 
20 33 33 20 25 24 16 10 
20 33 33 43 40 28 19 5 15 10 
20 33 33 41 40 28 19 5 15 10 
20 33 33 41 40 28 19 5 15 20 25 24 16 10 
---------------
Request id 3
95 96 97 99 100 94 87 85 83 74 67 62 65 65 65 54 57 59 64 69 
95 96 97 99 100 94 87 85 83 74 67 62 65 65 65 62 67 74 71 81 80 69 
95 96 97 99 100 94 87 85 83 74 67 62 65 65 65 45 34 48 53 54 57 59 64 69 
95 96 97 99 100 94 87 85 83 74 67 62 65 65 65 62 67 74 83 84 82 81 80 69 
95 96 97 99 100 94 87 85 83 74 67 62 65 65 65 62 60 58 55 52 50 46 49 56 75 78 66 68 63 67 74 71 81 80 69 
---------------
Request id 15
21 30 37 40 40 28 19 5 15 10 16 
21 30 37 40 40 43 33 20 25 24 16 
21 30 37 40 40 41 33 20 25 24 16 
21 30 37 40 40 43 33 20 15 10 16 
21 30 37 40 40 41 33 20 15 10 16 
---------------
Request id 22
12 17 17 17 18 
12 7 8 1 2 3 9 17 17 17 18 
12 7 8 1 2 3 0 4 6 11 14 22 31 32 13 9 17 17 17 18 
---------------
Request id 26
50 46 46 46 40 36 35 29 23 17 9 13 32 39 
50 46 46 46 40 37 30 21 26 35 29 23 17 9 13 32 39 
50 46 46 46 40 36 35 29 23 17 12 7 8 1 2 3 9 13 32 39 
50 46 46 46 40 36 35 29 23 17 9 3 0 4 6 11 14 22 31 32 39 
50 46 46 46 40 37 30 21 26 35 29 23 17 12 7 8 1 2 3 9 13 32 39 
---------------
Request id 27
47 46 49 42 
47 46 50 52 55 58 60 62 67 63 68 66 78 75 56 49 42 
47 46 50 52 55 58 60 62 67 63 68 77 73 72 75 56 49 42 
47 46 50 52 55 58 60 62 65 54 57 59 64 69 80 81 71 74 67 63 68 66 78 75 56 49 42 
47 46 50 52 55 58 60 62 65 54 57 59 64 69 80 81 71 74 67 63 68 77 73 72 75 56 49 42 
---------------
Request id 8
19 5 15 15 5 19 28 40 46 50 52 55 58 60 62 65 45 
19 5 15 15 20 33 43 40 46 50 52 55 58 60 62 65 45 
19 5 15 15 20 33 41 40 46 50 52 55 58 60 62 65 45 
19 5 15 15 5 19 28 40 46 49 56 75 78 66 68 63 67 62 65 45 
19 5 15 15 20 33 41 40 46 49 56 75 78 66 68 63 67 62 65 45 
---------------
Request id 9
18 17 17 17 9 3 0 4 6 11 
18 17 17 17 9 13 32 31 22 14 11 
18 17 17 17 12 7 8 1 2 3 0 4 6 11 
18 17 17 17 12 7 8 1 2 3 9 13 32 31 22 14 11 
---------------
Request id 16
66 78 75 75 75 78 66 68 63 67 
66 78 75 75 75 72 73 77 68 63 67 
66 78 75 75 75 56 49 46 50 52 55 58 60 62 67 
66 78 75 75 75 56 49 46 50 52 55 58 60 62 65 54 57 59 64 69 80 81 71 74 67 
66 78 75 75 75 56 49 46 50 52 55 58 60 62 65 54 57 59 64 69 80 81 82 84 83 74 67 
---------------
Request id 6
0 3 3 3 9 17 23 29 35 36 40 43 33 20 15 10 
0 3 3 3 9 17 23 29 35 36 40 28 19 5 15 10 
0 3 3 3 9 17 23 29 35 36 40 41 33 20 15 10 
0 3 3 3 9 17 23 29 35 36 40 43 33 20 25 24 16 10 
0 3 3 3 9 17 23 29 35 36 40 41 33 20 25 24 16 10 
---------------
Request id 13
42 49 46 40 43 33 44 
42 49 46 40 41 33 44 
42 49 46 40 28 19 5 15 20 33 44 
42 49 46 40 28 19 5 15 10 16 24 25 20 33 44 
42 49 56 75 78 66 68 63 67 62 60 58 55 52 50 46 40 43 33 44 
---------------
Request id 19
56 75 75 75 78 66 68 63 67 74 83 85 
56 75 75 75 72 73 77 68 63 67 74 83 85 
56 75 75 75 78 66 68 63 67 74 71 81 82 84 83 85 
56 75 75 75 72 73 77 68 63 67 74 71 81 82 84 83 85 
56 75 75 75 56 49 46 50 52 55 58 60 62 67 74 83 85 
---------------
Request id 24
81 71 74 67 62 65 65 62 60 
81 71 74 67 62 65 65 54 57 59 64 69 80 81 71 74 67 62 60 
81 71 74 67 62 65 65 54 57 59 64 69 80 81 82 84 83 74 67 62 60 
81 71 74 67 62 65 65 62 67 63 68 66 78 75 56 49 46 50 52 55 58 60 
81 71 74 67 62 65 65 45 34 48 53 54 57 59 64 69 80 81 71 74 67 62 60 
---------------
Request id 7
76 79 69 64 59 57 54 65 65 65 62 60 
76 79 69 64 59 57 54 65 65 65 54 57 59 64 69 80 81 71 74 67 62 60 
76 79 69 64 59 57 54 65 65 65 54 57 59 64 69 80 81 82 84 83 74 67 62 60 
76 79 69 64 59 57 54 65 65 65 62 67 63 68 66 78 75 56 49 46 50 52 55 58 60 
76 79 69 64 59 57 54 65 65 65 45 34 48 53 54 57 59 64 69 80 81 71 74 67 62 60 
---------------
Request id 21
0 3 3 3 9 17 18 
0 3 3 3 2 1 8 7 12 17 18 
0 3 3 3 0 4 6 11 14 22 31 32 13 9 17 18 
0 4 6 11 14 22 31 32 13 9 3 3 3 9 17 18 
0 4 6 11 14 22 31 32 13 9 3 3 3 2 1 8 7 12 17 18 
---------------
Request id 20
73 72 75 75 75 56 49 46 40 36 35 29 23 17 9 13 
73 72 75 75 75 56 49 46 40 37 30 21 26 35 29 23 17 9 13 
73 72 75 75 75 56 49 46 40 36 35 29 23 17 12 7 8 1 2 3 9 13 
73 72 75 75 75 78 66 68 63 67 62 60 58 55 52 50 46 40 36 35 29 23 17 9 13 
73 72 75 75 75 56 49 46 40 37 30 21 26 35 29 23 17 12 7 8 1 2 3 9 13 
---------------
Request id 1
60 62 65 65 65 62 60 58 55 52 50 46 40 36 35 29 23 17 9 13 32 31 22 
60 62 65 65 65 62 67 63 68 66 78 75 56 49 46 40 36 35 29 23 17 9 13 32 31 22 
60 62 65 65 65 62 60 58 55 52 50 46 40 36 35 29 23 17 9 3 0 4 6 11 14 22 
60 62 65 65 65 62 60 58 55 52 50 46 40 37 30 21 26 35 29 23 17 9 13 32 31 22 
60 62 65 65 65 62 67 63 68 77 73 72 75 56 49 46 40 36 35 29 23 17 9 13 32 31 22 
---------------
Request id 2
16 10 15 15 15 5 19 28 40 46 50 52 55 58 60 62 67 74 83 85 101 102 
16 10 15 15 15 20 33 43 40 46 50 52 55 58 60 62 67 74 83 85 101 102 
16 10 15 15 15 20 33 41 40 46 50 52 55 58 60 62 67 74 83 85 101 102 
16 10 15 15 15 5 19 28 40 46 49 56 75 78 66 68 63 67 74 83 85 101 102 
16 10 15 15 15 20 33 41 40 46 49 56 75 78 66 68 63 67 74 83 85 101 102 
---------------
Request id 17
48 34 45 65 65 62 67 63 68 77 73 72 
48 34 45 65 65 62 67 63 68 66 78 75 72 
48 34 45 65 65 62 60 58 55 52 50 46 49 56 75 72 
48 34 45 65 65 54 57 59 64 69 80 81 71 74 67 63 68 77 73 72 
48 34 45 65 65 54 57 59 64 69 80 81 71 74 67 63 68 66 78 75 72 
---------------
Request id 29
97 99 100 94 87 85 83 74 67 62 65 65 62 60 58 55 52 50 46 40 36 35 29 23 17 12 7 8 
97 99 100 94 87 85 83 74 67 62 65 65 62 60 58 55 52 50 46 40 36 35 29 23 17 9 3 2 1 8 
97 99 100 94 87 85 83 74 67 62 65 65 62 67 63 68 66 78 75 56 49 46 40 36 35 29 23 17 12 7 8 
97 99 100 94 87 85 83 74 67 62 65 65 62 60 58 55 52 50 46 40 37 30 21 26 35 29 23 17 12 7 8 
97 99 100 94 87 85 83 74 67 62 65 65 62 67 63 68 77 73 72 75 56 49 46 40 36 35 29 23 17 12 7 8 
---------------
Request id 30
18 17 17 17 23 29 35 36 40 46 50 52 55 58 60 62 65 45 34 48 
18 17 17 17 23 29 35 36 40 46 50 52 55 58 60 62 65 54 53 48 
18 17 17 17 23 29 35 36 40 46 49 56 75 78 66 68 63 67 62 65 54 53 48 
18 17 17 17 23 29 35 26 21 30 37 40 46 50 52 55 58 60 62 65 45 34 48 
18 17 17 17 23 29 35 26 21 30 37 40 46 50 52 55 58 60 62 65 54 53 48 
---------------
Request id 23
66 78 75 75 75 56 49 46 40 28 
66 78 75 75 75 56 49 46 40 43 33 20 15 5 19 28 
66 78 75 75 75 56 49 46 40 41 33 20 15 5 19 28 
66 78 75 75 75 78 66 68 63 67 62 60 58 55 52 50 46 40 28 
66 78 75 75 75 56 49 46 40 41 33 20 25 24 16 10 15 5 19 28 
---------------
Request id 11
38 29 23 17 23 29 35 36 40 41 
38 29 23 17 23 29 35 36 40 43 33 41 
38 29 23 17 23 29 35 26 21 30 37 40 41 
38 29 23 17 23 29 35 26 21 30 37 40 43 33 41 
38 29 23 17 23 29 35 36 40 28 19 5 15 20 33 41 
---------------
