Request id 1
1 3 10 13 8 11 10 3 1 2 5 9 5 12 13 10 3 4 
1 2 0 7 8 11 12 5 9 8 13 12 5 4 
1 0 2 5 12 11 12 13 8 9 8 13 10 3 4 
1 2 0 7 8 11 8 9 5 4 
1 2 0 7 8 11 12 13 8 9 8 7 6 4 
---------------
Request id 28
0 2 5 9 5 12 13 10 3 
0 2 5 9 8 7 6 4 3 
0 2 1 3 4 5 9 5 4 3 
0 7 8 11 12 5 9 8 11 10 3 
0 2 5 12 13 8 9 8 11 10 3 
---------------
Request id 10
8 13 12 11 8 7 6 7 0 1 
8 11 10 13 8 7 6 7 0 1 
8 7 6 4 5 12 13 10 11 8 7 6 7 8 11 10 3 1 
8 9 5 12 11 10 13 12 5 4 6 7 8 11 10 3 1 
8 7 6 4 5 12 13 8 11 10 3 4 6 4 5 2 0 1 
---------------
Request id 13
4 5 12 11 8 7 6 7 8 9 5 2 1 
4 5 2 0 7 6 7 8 13 10 3 1 
4 5 2 0 7 6 7 8 9 5 2 1 
4 6 4 3 1 
4 3 10 13 8 7 6 7 8 9 5 2 1 
---------------
Request id 9
7 0 1 3 10 13 10 11 12 5 
7 0 2 5 12 13 10 3 1 2 5 
7 8 11 12 13 10 11 8 9 5 
7 0 2 5 12 13 8 9 5 
7 8 11 10 13 8 9 5 
---------------
Request id 3
4 5 9 8 7 6 4 5 9 8 7 0 
4 5 12 13 8 7 6 4 3 1 2 0 
4 5 2 1 0 7 6 4 3 1 0 
4 5 12 11 8 7 6 4 5 9 8 7 0 
4 5 12 13 8 7 6 4 3 1 0 
---------------
Request id 4
2 5 9 5 2 1 0 
2 1 3 10 13 8 9 5 4 6 7 0 
2 1 0 7 8 9 5 4 6 7 0 
2 5 12 11 8 9 8 7 0 
2 0 7 6 4 5 9 5 4 3 1 2 0 
---------------
Request id 23
3 1 2 0 7 6 4 3 10 13 8 9 8 11 12 5 2 0 
3 10 13 12 5 4 6 7 0 2 5 9 5 4 3 1 2 0 
3 1 2 5 4 6 4 3 10 13 8 9 5 12 11 8 7 0 
3 10 11 8 7 6 4 3 1 2 5 9 8 13 12 5 2 0 
3 10 13 12 5 4 6 7 0 2 5 9 5 12 11 8 7 0 
---------------
Request id 30
0 1 3 10 13 8 7 6 4 3 10 11 8 7 6 4 5 9 5 
0 7 8 9 5 4 6 4 5 9 8 11 10 3 1 2 5 9 8 13 10 3 4 5 
0 2 5 4 6 4 5 9 8 11 12 5 9 8 13 10 3 4 5 
0 1 3 4 6 4 5 9 8 11 8 7 6 4 5 9 8 11 10 13 12 5 
0 7 8 9 5 4 6 7 8 11 8 13 12 5 9 8 13 10 3 4 5 
---------------
Request id 2
2 1 3 10 13 8 9 5 12 11 10 13 12 5 4 3 10 
2 0 1 3 4 5 9 5 4 6 7 8 13 12 5 2 1 3 10 
2 5 9 8 13 8 9 5 4 3 10 
2 0 7 6 4 5 9 5 12 11 10 13 12 11 10 
2 1 3 10 13 8 9 5 2 1 3 10 13 8 7 0 1 3 10 
---------------
Request id 7
7 8 11 12 5 4 6 7 8 13 12 5 9 8 
7 8 13 12 11 10 3 4 5 9 8 13 12 5 9 8 
7 8 11 10 13 12 5 9 8 
7 8 13 12 11 12 5 9 8 13 12 5 9 8 
7 8 13 10 11 8 13 10 3 4 5 9 8 
---------------
Request id 8
3 1 2 0 7 8 13 10 3 4 5 9 8 7 6 7 8 11 12 5 
3 4 5 12 13 10 3 1 2 5 9 5 12 11 8 7 6 7 0 1 3 4 5 
3 1 0 7 8 13 8 7 0 2 5 9 5 12 11 8 7 6 7 0 1 3 4 5 
3 4 5 12 13 12 5 9 8 7 6 4 3 1 0 2 5 
3 10 13 10 11 12 5 9 8 13 12 5 4 6 7 8 13 12 5 
---------------
Request id 20
4 3 10 13 12 5 9 5 12 11 10 13 8 11 12 5 2 
4 3 10 11 8 9 8 11 10 13 8 9 5 2 
4 5 12 11 8 9 5 12 13 10 3 1 0 2 
4 5 9 8 11 12 13 10 3 4 5 2 
4 5 12 13 8 9 5 4 6 7 8 13 12 5 2 
---------------
Request id 27
0 7 8 13 12 5 9 8 13 10 3 4 5 
0 7 8 13 12 5 4 6 7 8 13 10 11 12 5 
0 7 8 13 12 5 2 0 1 3 10 13 10 3 4 5 
0 7 8 9 5 12 5 4 3 10 13 8 11 12 5 
0 7 8 9 5 12 11 10 13 8 7 0 2 5 
---------------
Request id 17
7 0 2 1 3 4 6 4 3 1 0 2 
7 0 2 5 4 6 7 0 1 2 
7 8 11 12 5 4 6 4 3 1 2 
7 6 7 8 11 12 5 2 
7 8 13 10 3 4 6 4 5 2 
---------------
Request id 11
5 2 0 7 8 11 12 11 8 9 5 4 3 
5 2 0 7 8 11 12 5 2 1 3 
5 2 1 3 10 11 12 11 8 13 10 3 
5 2 0 7 8 13 12 11 8 13 10 3 
5 2 0 7 8 13 12 11 8 9 5 4 3 
---------------
Request id 21
4 5 2 0 7 8 9 8 7 6 4 3 
4 3 10 11 8 9 5 2 0 1 3 
4 3 1 2 5 9 8 7 6 4 3 
4 5 12 11 8 9 5 4 3 
4 5 2 0 7 8 9 8 11 10 3 
---------------
Request id 19
8 11 12 5 9 8 13 10 11 12 5 9 5 4 6 7 0 
8 11 12 5 9 5 12 11 10 13 8 7 0 2 5 9 8 13 10 3 1 0 
8 7 0 1 2 5 9 5 12 11 8 13 10 3 4 5 9 5 12 11 8 7 0 
8 13 10 3 4 5 9 5 2 0 7 8 13 8 11 12 5 9 5 2 1 0 
8 9 5 12 13 12 5 9 5 4 3 1 0 
---------------
Request id 18
0 1 2 5 4 6 7 8 9 5 4 3 1 
0 2 1 3 4 6 7 8 13 10 3 1 
0 2 5 9 8 7 6 7 8 11 10 3 1 
0 1 3 4 6 7 8 9 5 4 3 1 
0 7 8 11 10 3 4 6 7 0 2 5 4 3 1 
---------------
Request id 25
4 3 1 2 0 7 6 7 8 13 12 11 8 7 0 
4 3 10 11 8 7 6 4 3 10 13 10 3 1 0 
4 5 2 0 7 6 7 0 2 5 12 13 8 7 0 
4 5 12 13 8 7 6 7 8 11 12 13 12 5 2 0 
4 3 10 11 8 7 6 4 5 9 8 13 8 7 0 
---------------
Request id 16
8 11 12 13 8 9 5 2 1 3 4 6 4 5 2 0 1 3 
8 9 5 4 3 10 11 8 13 12 5 9 8 13 10 3 4 6 7 0 2 1 3 
8 11 10 13 12 5 9 5 2 1 0 7 6 4 3 
8 7 0 1 3 10 11 8 13 12 5 9 8 11 12 5 4 6 7 8 13 10 3 
8 11 10 13 8 9 8 13 10 3 4 6 7 8 13 10 3 
---------------
Request id 22
10 3 1 0 7 8 13 10 3 4 5 9 8 11 10 13 12 11 10 3 1 0 2 
10 3 4 5 12 13 8 9 5 4 3 10 11 12 11 8 7 0 2 
10 11 12 13 12 5 9 8 13 12 13 8 9 5 2 
10 3 4 6 7 8 13 8 9 8 13 10 11 12 13 8 7 0 2 
10 3 4 6 7 8 13 10 3 4 5 9 8 13 10 11 12 13 10 3 1 0 2 
---------------
Request id 29
3 10 11 12 13 10 11 8 9 8 13 12 11 10 
3 4 5 12 13 12 11 8 9 5 12 13 10 
3 4 5 9 8 13 10 11 8 9 8 7 6 4 3 10 
3 4 5 12 11 10 13 10 11 8 9 8 13 12 11 10 
3 4 6 7 8 13 10 11 8 9 5 2 1 3 10 
---------------
Request id 14
5 12 13 8 9 5 2 1 0 7 
5 9 5 12 11 8 7 
5 12 13 8 9 5 4 3 10 11 8 7 
5 4 3 10 11 8 9 5 4 3 1 0 7 
5 4 3 10 11 8 9 8 11 10 3 1 0 7 
---------------
Request id 15
5 2 0 7 8 9 5 2 1 
5 4 6 7 8 9 8 7 0 1 
5 2 0 7 8 9 8 7 0 2 1 
5 12 11 8 9 5 4 6 7 0 1 
5 4 3 10 13 8 9 5 12 13 10 3 1 
---------------
Request id 24
4 5 9 8 13 12 11 12 5 2 0 7 8 
4 5 12 11 8 9 5 4 6 7 8 11 12 5 2 0 7 8 
4 3 10 13 8 9 5 4 6 7 8 11 10 3 4 5 9 8 
4 3 10 11 8 9 8 13 12 11 12 5 2 0 7 8 
4 3 10 13 12 5 9 8 13 10 11 12 5 9 8 
---------------
Request id 26
10 11 8 13 12 11 8 7 6 4 5 
10 3 4 6 7 8 13 10 3 4 6 7 0 2 5 
10 3 4 5 9 8 13 8 7 6 4 3 1 2 5 
10 11 12 13 12 5 9 8 7 6 7 0 2 5 
10 3 4 5 12 13 12 5 4 6 7 8 11 12 5 
---------------
Request id 6
7 8 11 10 3 4 5 9 9 5 
7 8 11 10 3 4 5 9 9 8 13 12 5 
7 0 2 5 9 9 8 13 12 5 
7 0 1 3 4 5 9 9 8 13 10 11 12 5 
7 8 11 10 3 4 5 9 9 8 7 6 4 5 
---------------
Request id 5
4 3 10 13 12 11 8 7 6 4 3 1 2 5 
4 5 12 11 8 9 5 4 6 4 3 1 2 5 
4 6 7 8 11 12 11 8 9 5 4 6 7 0 2 5 
4 3 10 11 12 13 10 3 4 6 7 8 11 12 5 
4 6 7 8 11 12 11 8 7 6 4 3 10 13 12 5 
---------------
Request id 12
5 4 3 10 11 12 13 8 9 5 4 6 4 5 2 0 7 8 
5 4 3 10 13 12 13 10 3 4 6 7 0 2 5 12 11 8 
5 2 1 3 10 11 12 13 8 7 6 4 3 1 0 7 8 
5 2 1 3 10 11 12 5 2 0 7 6 7 0 2 5 12 11 8 
5 4 6 7 8 11 12 5 4 6 4 3 10 13 8 
---------------
