Request id 5
3 10 13 8 7 0 2 1 0 7 8 13 12 5 4 
3 1 0 7 6 4 
3 10 13 12 5 2 1 0 2 5 4 
3 4 5 2 0 1 0 2 5 4 
3 4 6 7 0 1 0 2 5 4 
3 4 6 7 0 2 1 0 7 8 13 12 5 4 
3 10 13 8 7 0 2 1 3 10 13 12 5 4 
3 10 11 12 5 2 1 0 2 5 4 
3 4 6 7 0 2 1 3 10 13 12 5 4 
3 10 13 8 7 0 1 2 0 7 6 4 
3 10 13 12 5 2 1 3 10 11 12 5 4 
3 10 11 12 5 2 1 3 10 13 12 5 4 
3 10 11 12 5 2 1 2 0 7 6 4 
3 10 13 8 7 0 1 3 10 13 12 5 4 
3 10 13 8 7 0 2 1 2 5 4 
3 4 6 7 0 2 1 2 0 7 6 4 
3 10 11 8 7 0 1 2 5 4 
3 4 5 2 1 3 10 13 12 5 4 
3 1 3 10 11 12 5 4 
3 4 5 2 0 1 3 10 13 12 5 4 
3 4 6 7 0 1 2 5 4 
3 4 6 7 0 2 1 3 10 11 8 9 5 4 
3 4 5 2 1 3 4 
3 4 5 2 0 1 0 7 8 9 5 4 
3 10 13 12 5 2 1 2 0 7 6 4 
3 10 13 8 7 0 1 3 4 
3 10 13 12 5 2 1 0 7 8 9 5 4 
3 1 3 10 13 12 5 4 
3 10 11 8 7 0 1 0 7 8 9 5 4 
3 10 11 8 7 0 1 3 10 13 12 5 4 
3 10 13 8 7 0 2 1 0 2 5 4 
3 10 11 8 7 0 1 2 0 7 6 4 
3 4 5 2 1 0 7 8 13 12 5 4 
3 10 13 8 7 0 1 3 10 11 12 5 4 
3 1 0 7 8 9 5 4 
3 4 6 7 0 1 0 7 8 9 5 4 
3 4 6 7 0 2 1 0 7 8 9 5 4 
3 10 13 8 7 0 1 3 10 11 8 9 5 4 
3 4 6 7 0 1 0 7 8 13 12 5 4 
3 4 5 2 0 1 3 4 
---------------
Request id 8
2 5 9 8 11 10 3 1 2 5 9 8 7 
2 0 7 8 11 10 3 1 3 4 6 7 
2 0 1 3 10 11 8 7 
2 5 12 13 10 3 1 3 10 11 8 7 
2 5 4 3 1 2 5 4 6 7 
2 5 9 8 11 10 3 1 3 4 6 7 
2 0 7 6 4 3 1 2 0 7 
2 5 4 3 1 3 10 13 8 7 
2 0 7 8 11 10 3 1 2 0 7 
2 1 0 7 
2 5 4 6 7 0 1 0 2 5 9 8 7 
2 5 12 13 10 3 1 0 2 5 9 8 7 
2 1 0 2 5 4 6 7 
2 0 7 6 4 3 1 2 5 9 8 7 
2 5 4 6 7 0 1 2 5 9 8 7 
2 5 4 3 1 2 5 9 8 7 
2 0 7 6 4 3 1 0 2 5 9 8 7 
2 0 7 6 4 3 1 2 5 4 6 7 
2 5 12 11 10 3 1 2 5 4 6 7 
2 5 9 8 7 0 1 0 2 5 9 8 7 
2 5 9 8 7 0 1 3 10 13 8 7 
2 1 3 10 11 8 7 
2 0 1 2 5 4 6 7 
2 5 9 8 7 0 1 2 5 4 6 7 
2 5 4 6 7 0 1 3 4 6 7 
2 1 0 2 5 9 8 7 
2 5 12 11 10 3 1 3 10 13 8 7 
2 5 12 11 10 3 1 2 0 7 
2 5 9 8 7 0 1 0 2 5 4 6 7 
2 1 3 10 13 8 7 
2 5 9 8 7 0 1 3 10 11 8 7 
2 5 9 8 11 10 3 1 2 0 7 
2 5 9 8 11 10 3 1 0 2 5 9 8 7 
2 5 4 6 7 0 1 0 2 5 4 6 7 
2 5 4 3 1 3 4 5 2 0 7 
2 1 2 5 4 6 7 
2 5 12 13 10 3 1 2 5 9 8 7 
2 0 7 8 11 10 3 1 3 10 13 8 7 
2 1 3 4 6 7 
2 0 1 3 4 6 7 
---------------
Request id 11
10 11 8 9 5 2 1 3 4 5 9 8 13 10 3 1 2 
10 3 4 5 2 1 3 4 6 7 8 13 10 3 1 2 
10 3 4 5 2 1 3 4 5 9 8 11 10 3 1 2 
10 11 12 5 2 1 3 4 6 7 8 13 12 5 2 
10 13 12 5 2 1 2 5 9 8 13 12 5 2 
10 11 12 5 2 1 2 5 9 8 13 10 3 1 2 
10 13 8 7 0 1 2 5 12 11 8 7 0 1 2 
10 13 12 5 2 0 1 3 10 11 8 9 5 2 
10 3 4 5 2 1 2 5 12 11 8 13 12 5 2 
10 13 12 5 2 1 3 10 11 8 13 10 3 1 2 
10 3 4 5 2 1 0 7 8 11 10 3 1 2 
10 11 8 9 5 2 1 3 4 6 7 8 7 0 1 2 
10 13 8 7 0 1 2 5 12 11 8 7 6 4 5 2 
10 3 4 5 2 0 1 3 4 6 7 8 9 5 2 
10 13 12 5 2 1 3 10 11 8 7 0 1 2 
10 13 12 5 2 0 1 3 4 6 7 8 13 10 11 12 5 2 
10 11 8 9 5 2 1 0 2 5 9 8 13 12 5 2 
10 11 12 5 2 1 2 5 9 8 13 12 5 2 
10 11 8 9 5 2 1 0 2 5 9 8 11 12 5 2 
10 3 4 5 2 0 1 2 5 9 8 11 10 3 1 2 
10 11 12 5 2 1 2 5 12 11 8 7 0 1 2 
10 3 4 5 2 1 2 5 12 13 8 7 6 4 3 1 2 
10 11 12 5 2 1 2 5 12 11 8 7 6 4 5 2 
10 13 8 7 0 1 3 10 11 8 13 12 5 2 
10 11 12 5 2 1 3 4 6 7 8 7 6 4 3 1 2 
10 3 4 5 2 1 3 10 13 8 7 0 1 2 
10 3 4 5 2 1 3 4 6 7 8 7 0 2 
10 11 8 9 5 2 1 3 10 11 8 13 10 11 12 5 2 
10 13 12 5 2 1 2 5 12 11 8 13 12 5 2 
10 13 12 5 2 1 2 0 7 8 13 12 5 2 
10 11 12 5 2 1 3 10 11 8 13 12 5 2 
10 11 12 5 2 0 1 2 5 12 11 8 9 5 2 
10 11 12 5 2 0 1 2 5 12 13 8 11 10 3 1 2 
10 13 12 5 2 0 1 0 7 8 11 12 5 2 
10 11 8 9 5 2 1 2 0 7 8 7 6 4 5 2 
10 11 12 5 2 1 2 0 7 8 11 12 5 2 
10 13 12 5 2 1 0 2 5 9 8 7 0 1 2 
10 11 8 7 0 1 0 2 5 9 8 7 6 4 3 1 2 
10 11 12 5 2 1 0 7 8 7 0 2 
10 13 12 5 2 0 1 2 0 7 8 7 6 4 5 2 
---------------
Request id 9
2 0 7 6 4 5 12 13 10 3 1 1 2 0 7 8 11 10 
2 0 1 3 4 5 12 11 10 3 1 1 2 5 12 11 10 
2 1 0 7 8 9 5 4 6 7 0 1 1 2 5 12 13 10 
2 1 0 7 6 4 5 9 8 7 0 2 1 1 0 7 8 13 10 
2 1 0 7 6 4 5 2 1 1 3 10 
2 0 7 8 11 12 5 4 3 1 1 2 0 7 8 13 10 
2 1 3 10 13 12 5 9 8 7 0 1 1 2 0 7 8 13 10 
2 1 0 7 6 4 5 2 1 1 2 5 12 13 10 
2 1 3 4 5 4 6 7 0 1 1 2 0 7 8 13 10 
2 1 0 7 6 4 5 4 3 1 1 3 4 5 12 13 10 
2 0 7 8 9 5 4 3 1 1 3 4 5 12 13 10 
2 0 7 8 11 12 5 12 13 8 7 0 1 1 2 5 12 13 10 
2 0 7 8 11 12 5 9 8 7 0 1 1 3 4 5 12 13 10 
2 1 0 7 8 9 5 12 13 8 7 0 1 1 0 7 8 13 10 
2 0 1 3 4 5 4 3 1 1 3 10 
2 0 7 6 4 5 2 1 1 2 5 12 11 10 
2 0 7 8 9 5 9 8 7 0 2 1 1 2 5 9 8 11 10 
2 1 0 7 6 4 5 12 11 8 7 0 1 1 2 5 9 8 11 10 
2 0 7 6 4 5 12 11 10 3 1 1 2 5 12 13 10 
2 1 3 10 13 12 5 12 11 8 7 0 1 1 2 5 12 11 10 
2 1 0 7 8 9 5 12 13 8 7 0 1 1 2 5 12 13 10 
2 1 3 4 5 9 8 7 0 1 1 2 5 12 11 10 
2 1 0 7 8 9 5 12 13 8 7 0 1 1 2 0 7 8 11 10 
2 1 0 7 8 9 5 9 8 7 0 1 1 2 5 9 8 11 10 
2 1 3 10 11 12 5 9 8 7 0 1 1 2 5 12 11 10 
2 1 0 7 8 9 5 12 11 10 3 1 1 2 0 7 8 13 10 
2 0 7 6 4 5 12 11 10 3 1 1 0 7 8 13 10 
2 0 7 6 4 5 12 11 10 3 1 1 2 0 7 8 11 10 
2 0 7 8 11 12 5 9 8 7 0 1 1 2 5 12 11 10 
2 1 3 4 5 2 0 1 1 3 4 5 12 13 10 
2 0 7 8 11 12 5 2 0 1 1 2 5 9 8 11 10 
2 1 3 10 11 12 5 2 0 1 1 0 7 8 11 10 
2 1 0 7 6 4 5 4 6 7 0 1 1 2 0 7 8 13 10 
2 1 0 7 6 4 5 4 6 7 0 1 1 3 4 5 12 13 10 
2 1 3 10 11 12 5 9 8 7 0 2 1 1 2 5 12 11 10 
2 5 2 0 1 1 2 5 9 8 11 10 
2 0 7 6 4 5 12 13 8 7 0 1 1 2 5 12 11 10 
2 5 12 13 8 7 0 1 1 3 4 5 12 13 10 
2 0 7 6 4 5 2 1 1 3 4 5 12 13 10 
2 0 7 6 4 5 2 1 1 0 7 8 11 10 
---------------
Request id 15
4 5 2 1 3 10 11 8 9 5 12 
4 5 2 0 1 0 7 8 9 5 9 8 13 10 11 12 
4 5 2 0 1 3 4 5 12 
4 6 7 0 1 3 10 13 12 5 9 8 13 10 11 12 
4 6 7 0 1 2 5 9 8 11 12 
4 3 1 0 7 8 11 12 5 2 0 7 8 13 12 
4 5 9 8 7 0 2 1 0 7 8 9 5 9 8 13 12 
4 5 2 0 1 0 2 5 9 8 13 10 11 12 
4 3 1 0 7 8 9 5 2 0 7 8 11 12 
4 5 12 13 10 3 1 3 10 11 8 9 5 2 1 3 10 13 12 
4 5 12 11 10 3 1 0 2 5 2 0 7 8 13 12 
4 5 2 0 1 0 7 8 9 5 4 6 7 8 13 12 
4 5 12 13 10 3 1 0 2 5 4 3 10 11 12 
4 5 2 0 1 3 10 11 8 9 5 4 3 10 13 12 
4 3 1 0 2 5 12 
4 5 9 8 7 0 1 3 4 5 12 
4 5 9 8 7 0 1 2 0 7 6 4 5 2 0 7 8 11 12 
4 6 7 0 2 1 0 7 6 4 5 2 1 3 10 13 12 
4 5 2 1 0 7 6 4 5 4 6 7 8 13 12 
4 5 9 8 7 0 2 1 3 10 11 8 9 5 2 1 3 10 13 12 
4 3 1 0 7 8 9 5 4 3 10 11 12 
4 6 7 0 2 1 3 4 5 2 0 7 8 13 12 
4 5 12 11 10 3 1 2 5 2 0 7 8 11 12 
4 6 7 0 1 3 10 11 8 9 5 9 8 13 12 
4 5 12 13 10 3 1 0 7 8 11 12 5 4 6 7 8 13 12 
4 5 9 8 7 0 2 1 3 10 11 12 5 2 1 3 10 13 12 
4 5 2 0 1 2 0 7 6 4 5 9 8 13 12 
4 5 12 13 8 7 0 1 0 7 8 11 12 5 9 8 13 10 11 12 
4 5 9 8 7 0 2 1 3 10 11 12 5 2 0 7 8 11 12 
4 5 9 8 7 0 1 3 4 5 2 0 7 8 13 12 
4 5 9 8 7 0 1 0 7 8 11 12 5 2 0 7 8 11 12 
4 5 12 13 8 7 0 1 2 5 4 6 7 8 13 12 
4 5 12 13 8 7 0 1 2 0 7 6 4 5 2 1 3 10 13 12 
4 5 9 8 7 0 1 0 7 8 9 5 4 6 7 8 13 12 
4 5 2 0 1 3 10 13 12 5 4 3 10 13 12 
4 5 12 11 10 3 1 3 10 11 12 5 9 8 11 12 
4 5 12 13 10 3 1 0 7 8 11 12 5 2 1 3 10 13 12 
4 5 2 1 0 7 6 4 5 2 1 3 10 13 12 
4 6 7 0 1 3 4 5 9 8 13 12 
4 5 2 0 1 0 7 8 9 5 2 0 7 8 11 12 
---------------
Request id 10
2 5 12 13 10 11 8 8 11 12 5 12 13 
2 5 4 6 7 8 8 7 0 1 2 5 12 13 
2 5 12 11 8 8 7 0 2 5 9 8 11 10 13 
2 1 0 7 8 8 13 12 5 2 0 7 8 13 
2 0 7 8 8 11 10 13 12 5 9 8 11 12 13 
2 5 12 11 8 8 11 12 5 12 11 10 13 
2 5 4 3 10 11 8 8 13 10 11 12 5 4 3 10 13 
2 1 3 10 11 8 8 11 12 5 2 0 7 8 13 
2 5 12 13 8 8 13 10 11 12 5 12 11 8 13 
2 5 12 13 8 8 13 12 5 12 11 10 13 
2 5 4 6 7 8 8 13 12 5 2 1 3 10 13 
2 5 12 13 8 8 9 5 2 1 3 10 13 
2 1 3 10 11 8 8 11 10 3 4 5 2 0 7 8 13 
2 5 9 8 8 11 10 13 12 5 12 13 
2 1 3 10 13 8 8 11 10 3 4 5 12 13 
2 1 3 10 13 8 8 7 0 1 2 5 9 8 11 12 13 
2 5 12 11 8 8 13 10 3 4 5 2 1 3 10 13 
2 1 3 10 11 8 8 7 0 1 2 5 12 11 8 13 
2 5 4 6 7 8 8 7 6 4 5 4 6 7 8 13 
2 5 12 11 8 8 13 10 11 12 5 12 13 
2 5 9 8 8 11 10 3 4 5 2 0 7 8 13 
2 1 3 10 11 8 8 7 6 4 5 9 8 13 
2 1 3 10 11 8 8 11 12 5 9 8 11 10 13 
2 5 12 13 10 11 8 8 11 12 5 9 8 11 12 13 
2 1 3 10 11 8 8 9 5 12 11 8 13 
2 1 3 10 11 8 8 7 6 4 5 9 8 11 10 13 
2 1 3 10 11 8 8 13 12 5 2 1 3 10 13 
2 5 4 6 7 8 8 13 10 11 12 5 9 8 11 10 13 
2 5 12 13 10 11 8 8 7 0 2 5 12 13 
2 5 12 11 8 8 7 0 1 2 5 12 11 10 13 
2 5 4 6 7 8 8 9 5 9 8 11 10 13 
2 1 3 10 11 8 8 7 0 2 5 4 3 10 13 
2 5 12 11 8 8 11 10 3 4 5 12 11 8 13 
2 5 4 3 10 11 8 8 13 10 3 4 5 2 0 7 8 13 
2 5 12 11 8 8 7 0 1 2 5 12 11 8 13 
2 1 0 7 8 8 7 0 2 5 12 11 10 13 
2 1 0 7 8 8 11 12 5 12 11 8 13 
2 5 4 6 7 8 8 13 10 3 4 5 12 11 8 13 
2 1 3 10 13 8 8 13 10 3 4 5 9 8 13 
2 1 3 10 11 8 8 7 0 1 2 5 9 8 11 10 13 
---------------
Request id 21
6 4 5 12 11 8 8 11 10 3 1 3 10 
6 7 0 2 5 12 11 8 8 7 0 1 2 5 9 8 11 10 
6 4 5 12 13 8 8 9 5 2 1 0 7 8 13 10 
6 7 8 8 9 5 4 3 1 3 4 5 12 13 10 
6 4 5 12 11 8 8 7 6 4 3 1 2 5 4 3 10 
6 4 3 10 11 8 8 11 12 5 2 1 0 7 8 13 10 
6 4 3 1 0 7 8 8 11 10 3 1 2 0 7 8 11 10 
6 7 0 2 5 12 11 8 8 13 10 3 1 3 4 5 12 13 10 
6 7 8 8 13 12 5 2 1 0 7 8 11 10 
6 4 5 9 8 8 9 5 4 3 1 2 5 12 11 10 
6 7 8 8 9 5 4 3 1 2 5 12 13 10 
6 4 3 10 13 8 8 11 10 3 1 3 10 
6 4 5 12 13 8 8 7 0 1 3 10 
6 4 5 12 11 8 8 11 10 3 1 0 7 8 13 10 
6 4 5 12 11 8 8 13 10 3 1 2 5 4 3 10 
6 7 0 2 5 9 8 8 11 12 5 2 1 2 0 7 8 11 10 
6 4 5 9 8 8 13 10 3 1 2 5 9 8 11 10 
6 4 3 1 0 7 8 8 7 0 2 1 2 0 7 8 11 10 
6 7 8 8 13 12 5 2 1 2 5 12 13 10 
6 7 0 2 5 12 11 8 8 11 12 5 2 1 3 10 
6 4 3 10 11 8 8 9 5 4 3 1 2 5 9 8 11 10 
6 4 5 12 11 8 8 9 5 4 3 1 2 5 4 3 10 
6 4 5 12 11 8 8 7 6 4 3 1 3 4 5 12 13 10 
6 4 5 12 13 8 8 11 12 5 2 1 2 5 12 13 10 
6 4 3 10 13 8 8 7 6 4 3 1 3 10 
6 7 8 8 13 12 5 2 1 3 4 5 12 13 10 
6 4 5 12 11 8 8 9 5 2 1 0 7 8 13 10 
6 4 5 12 11 8 8 13 10 3 1 2 0 7 8 11 10 
6 7 0 2 5 9 8 8 9 5 2 1 2 5 9 8 11 10 
6 4 3 10 11 8 8 9 5 2 1 2 5 9 8 11 10 
6 7 8 8 9 5 2 1 3 4 5 12 11 10 
6 4 3 1 0 7 8 8 9 5 2 0 1 2 5 9 8 11 10 
6 4 5 12 13 8 8 11 10 3 1 0 7 8 11 10 
6 4 5 12 11 8 8 9 5 2 0 1 2 0 7 8 11 10 
6 4 5 9 8 8 7 6 4 3 1 3 10 
6 7 0 2 5 9 8 8 9 5 2 1 0 7 8 11 10 
6 4 3 10 13 8 8 7 6 4 3 1 0 7 8 11 10 
6 4 5 9 8 8 7 0 2 1 2 5 4 3 10 
6 7 8 8 11 10 3 1 2 5 4 3 10 
6 4 5 9 8 8 7 0 2 1 2 5 9 8 11 10 
---------------
Request id 23
9 5 2 0 1 1 0 2 5 9 8 9 5 12 
9 8 7 0 2 1 1 3 4 6 7 8 11 12 
9 8 13 10 3 1 1 2 5 9 8 11 12 
9 8 11 12 5 2 1 1 3 10 11 8 11 10 13 12 
9 5 12 11 10 3 1 1 2 5 12 11 8 13 10 3 4 5 12 
9 8 11 12 5 2 1 1 0 2 5 9 8 13 12 
9 5 4 3 1 1 2 5 9 8 9 5 12 
9 5 2 0 1 1 2 5 9 8 9 5 12 
9 8 11 10 3 1 1 0 7 8 11 10 13 12 
9 5 12 11 10 3 1 1 2 5 9 8 13 10 11 12 
9 8 13 10 3 1 1 2 5 12 11 8 11 10 13 12 
9 5 2 0 1 1 2 5 12 11 8 11 10 3 4 5 12 
9 8 7 0 1 1 2 0 7 8 13 12 
9 5 12 11 10 3 1 1 0 7 8 13 10 3 4 5 12 
9 8 13 10 3 1 1 2 0 7 8 7 0 1 2 5 12 
9 5 4 3 1 1 3 10 11 8 9 5 12 
9 5 4 6 7 0 1 1 2 5 12 13 8 11 12 
9 8 7 0 2 1 1 2 5 12 11 8 11 10 13 12 
9 8 7 0 1 1 2 0 7 8 7 0 2 5 12 
9 5 12 11 10 3 1 1 0 7 8 7 0 1 2 5 12 
9 8 11 10 3 1 1 0 7 8 11 10 3 4 5 12 
9 8 11 10 3 1 1 3 4 6 7 8 11 12 
9 5 4 3 1 1 3 4 6 7 8 13 10 11 12 
9 5 4 6 7 0 1 1 0 2 5 9 8 7 0 1 2 5 12 
9 5 12 11 10 3 1 1 2 5 12 11 8 13 12 
9 5 2 0 1 1 2 5 12 11 8 13 10 3 4 5 12 
9 5 12 11 10 3 1 1 2 0 7 8 13 10 11 12 
9 8 13 10 3 1 1 2 0 7 8 13 12 
9 5 4 3 1 1 2 0 7 8 9 5 12 
9 8 11 10 3 1 1 2 0 7 8 7 0 1 2 5 12 
9 5 2 0 1 1 3 10 11 8 13 10 11 12 
9 8 11 12 5 2 1 1 0 2 5 9 8 7 0 2 5 12 
9 8 7 0 1 1 3 10 11 8 7 0 1 2 5 12 
9 8 11 10 3 1 1 0 7 8 7 0 1 2 5 12 
9 5 2 1 1 0 2 5 9 8 13 12 
9 8 11 12 5 2 1 1 3 10 13 8 7 0 1 2 5 12 
9 5 4 3 1 1 2 0 7 8 7 0 1 2 5 12 
9 8 11 12 5 2 1 1 0 2 5 9 8 7 6 4 5 12 
9 8 7 0 2 1 1 2 5 9 8 11 12 
9 8 11 10 3 1 1 0 7 8 9 5 12 
---------------
Request id 24
10 11 12 5 2 1 0 7 8 9 5 2 0 1 3 
10 11 12 5 2 1 3 10 13 12 5 12 13 10 3 
10 11 12 5 2 1 3 10 11 12 5 4 3 
10 3 4 5 2 0 1 0 7 8 9 5 12 11 8 13 10 3 
10 13 12 5 2 1 3 10 13 12 5 2 1 3 
10 11 8 7 0 1 0 7 8 11 12 5 2 0 1 3 
10 13 8 9 5 2 1 2 5 9 8 11 10 3 
10 13 12 5 2 0 1 2 0 7 6 4 5 4 3 
10 3 1 2 5 4 6 7 0 1 3 
10 11 12 5 2 0 1 3 10 13 12 5 9 8 11 10 3 
10 13 8 7 0 1 3 4 5 4 3 
10 13 12 5 2 1 0 7 8 9 5 2 1 3 
10 3 4 5 2 1 3 10 11 12 5 2 0 1 3 
10 11 12 5 2 0 1 0 7 8 13 12 5 4 3 
10 13 8 7 0 1 2 5 12 11 10 3 
10 13 12 5 2 0 1 0 2 5 9 8 13 10 3 
10 11 12 5 2 1 2 0 7 6 4 5 9 8 11 10 3 
10 3 4 5 2 0 1 0 7 8 11 12 5 2 0 7 6 4 3 
10 13 12 5 2 0 1 0 7 8 13 12 5 2 0 7 6 4 3 
10 13 8 7 0 1 3 10 13 12 5 12 11 10 3 
10 3 1 2 5 2 0 1 3 
10 13 8 7 0 1 0 2 5 4 6 7 0 1 3 
10 13 8 7 0 1 0 7 6 4 5 12 11 10 3 
10 13 12 5 2 0 1 3 10 11 12 5 4 3 
10 11 8 7 0 1 2 0 7 6 4 5 12 11 8 13 10 3 
10 11 12 5 2 0 1 3 4 5 9 8 11 10 3 
10 13 12 5 2 1 2 5 4 3 
10 13 8 9 5 2 1 0 2 5 12 13 10 3 
10 13 12 5 2 1 0 7 8 11 12 5 4 6 7 0 1 3 
10 11 8 7 0 1 3 10 11 12 5 4 3 
10 11 12 5 2 1 0 7 8 11 12 5 4 6 7 0 1 3 
10 11 12 5 2 0 1 3 10 11 12 5 12 11 10 3 
10 13 12 5 2 1 2 0 7 6 4 5 9 8 11 10 3 
10 13 8 7 0 1 3 10 13 12 5 12 11 8 13 10 3 
10 3 1 2 5 2 1 3 
10 11 12 5 2 1 2 0 7 6 4 5 12 11 10 3 
10 11 12 5 2 0 1 3 10 11 12 5 2 0 7 6 4 3 
10 11 12 5 2 1 0 7 6 4 5 2 0 7 6 4 3 
10 11 12 5 2 0 1 2 0 7 6 4 5 12 13 10 3 
10 11 12 5 2 0 1 0 7 8 11 12 5 2 1 3 
---------------
Request id 18
7 0 2 5 12 13 8 8 11 10 13 
7 8 8 9 5 12 11 10 13 
7 6 4 5 9 8 8 9 5 12 11 10 13 
7 6 4 3 10 13 8 8 11 10 13 
7 6 4 3 10 11 8 8 7 6 4 3 10 13 
7 0 2 5 9 8 8 9 5 4 3 10 13 
7 6 4 3 10 11 8 8 11 10 13 
7 6 4 3 10 13 8 8 9 5 4 3 10 13 
7 0 2 5 9 8 8 11 12 13 
7 6 4 5 12 13 8 8 11 12 13 
7 6 4 3 10 11 8 8 7 0 2 5 12 13 
7 6 4 5 9 8 8 7 6 4 3 10 13 
7 0 2 5 9 8 8 11 10 13 
7 0 1 3 10 11 8 8 11 12 13 
7 6 4 5 12 11 8 8 7 0 1 3 10 13 
7 0 2 5 12 11 8 8 13 
7 0 2 5 12 11 8 8 11 12 13 
7 6 4 5 12 13 8 8 7 6 4 3 10 13 
7 6 4 5 9 8 8 11 10 13 
7 0 2 5 12 13 8 8 9 5 12 13 
7 6 4 3 10 11 8 8 7 6 4 5 12 13 
7 6 4 5 9 8 8 7 6 4 5 12 13 
7 0 2 5 12 11 8 8 9 5 12 11 10 13 
7 6 4 5 9 8 8 13 
7 8 8 7 6 4 3 10 13 
7 0 2 5 12 11 8 8 9 5 12 13 
7 6 4 5 12 13 8 8 9 5 12 13 
7 0 2 5 12 13 8 8 9 5 4 3 10 13 
7 0 2 5 12 11 8 8 9 5 4 3 10 13 
7 0 2 5 12 11 8 8 7 6 4 5 12 13 
7 6 4 3 10 13 8 8 9 5 12 11 10 13 
7 6 4 5 12 13 8 8 7 0 1 3 10 13 
7 6 4 5 12 13 8 8 7 0 2 5 12 13 
7 6 4 5 12 11 8 8 9 5 12 11 10 13 
7 0 2 5 12 11 8 8 7 6 4 3 10 13 
7 6 4 3 10 13 8 8 9 5 12 13 
7 0 2 5 9 8 8 9 5 12 13 
7 8 8 9 5 4 3 10 13 
7 0 2 5 12 13 8 8 7 6 4 5 12 13 
7 6 4 3 10 13 8 8 7 6 4 3 10 13 
---------------
Request id 19
4 5 12 11 10 3 1 3 10 13 
4 3 1 0 7 8 13 
4 5 9 8 7 0 1 3 10 13 
4 5 2 1 0 7 8 13 
4 6 7 0 2 1 0 7 8 11 10 13 
4 3 1 2 5 9 8 13 
4 5 9 8 7 0 1 0 7 8 11 10 13 
4 5 9 8 7 0 2 1 0 7 8 11 10 13 
4 6 7 0 2 1 0 7 8 13 
4 3 1 0 2 5 12 13 
4 6 7 0 2 1 3 10 13 
4 5 2 1 2 5 12 13 
4 5 12 11 8 7 0 1 3 10 11 12 13 
4 3 1 3 10 11 12 13 
4 6 7 0 1 3 4 5 12 13 
4 5 12 11 10 3 1 2 0 7 8 13 
4 5 12 13 10 3 1 0 2 5 12 13 
4 5 12 13 10 3 1 2 5 12 13 
4 5 9 8 7 0 1 2 0 7 8 13 
4 5 2 1 2 5 9 8 13 
4 5 2 1 0 7 8 11 10 13 
4 5 12 11 10 3 1 3 4 5 12 13 
4 5 2 0 1 3 10 13 
4 6 7 0 1 0 7 8 11 10 13 
4 5 9 8 7 0 2 1 2 0 7 8 13 
4 3 1 3 4 5 12 13 
4 5 9 8 7 0 1 3 10 11 8 13 
4 3 1 2 0 7 8 13 
4 5 9 8 7 0 1 0 7 8 13 
4 6 7 0 2 1 0 2 5 12 13 
4 5 9 8 7 0 1 3 4 5 12 13 
4 5 9 8 7 0 2 1 3 10 11 8 13 
4 5 2 1 2 0 7 8 13 
4 6 7 0 2 1 2 0 7 8 13 
4 5 12 11 8 7 0 1 3 10 13 
4 5 2 1 3 10 11 8 13 
4 5 9 8 7 0 2 1 3 10 13 
4 5 12 13 10 3 1 2 0 7 8 13 
4 5 12 13 10 3 1 2 5 9 8 13 
4 3 1 0 7 8 11 10 13 
---------------
Request id 6
2 5 12 13 8 9 5 2 0 7 
2 5 9 8 13 10 3 4 6 7 
2 5 4 6 7 8 9 5 4 6 7 
2 5 12 11 8 9 5 2 1 0 7 
2 5 12 13 8 13 10 3 4 6 7 
2 5 12 13 8 13 12 5 2 0 7 
2 0 7 8 9 5 2 0 7 
2 5 12 11 8 9 5 2 0 7 
2 1 0 7 8 7 
2 1 3 10 11 8 9 5 2 1 0 7 
2 1 0 7 8 11 10 3 4 6 7 
2 5 12 13 8 11 12 5 4 6 7 
2 1 3 4 5 9 8 11 12 5 4 6 7 
2 5 12 13 10 11 8 13 10 3 4 6 7 
2 1 3 4 5 9 8 11 10 3 4 6 7 
2 5 12 11 8 11 12 5 2 0 7 
2 0 7 8 13 12 5 4 6 7 
2 5 9 8 9 5 2 1 0 7 
2 1 3 4 5 9 8 7 
2 5 12 13 8 7 
2 1 3 10 13 8 13 12 5 2 0 7 
2 1 0 7 8 9 5 2 0 7 
2 1 0 7 8 13 12 5 4 6 7 
2 1 0 7 8 11 12 5 2 0 7 
2 1 3 10 13 8 9 5 2 0 7 
2 5 4 6 7 8 11 12 5 2 0 7 
2 1 3 10 13 8 7 
2 5 12 13 8 9 5 4 6 7 
2 1 0 7 8 9 5 4 6 7 
2 0 7 8 13 10 3 4 6 7 
2 5 12 13 10 11 8 9 5 2 0 7 
2 5 9 8 11 10 3 4 6 7 
2 5 12 11 8 9 5 4 6 7 
2 5 12 13 8 11 12 5 2 0 7 
2 5 12 13 10 11 8 9 5 4 6 7 
2 1 3 10 13 8 11 12 5 2 0 7 
2 1 3 4 5 9 8 13 10 3 4 6 7 
2 1 3 4 5 9 8 13 12 5 4 6 7 
2 5 12 13 10 11 8 11 12 5 2 0 7 
2 1 3 10 11 8 13 12 5 4 6 7 
---------------
Request id 16
11 10 3 4 5 9 8 7 0 1 2 0 7 8 13 12 5 4 6 7 
11 8 7 0 1 2 5 12 13 8 9 5 2 0 7 
11 10 13 8 9 5 4 3 1 0 7 8 11 10 3 1 0 7 
11 8 13 10 3 1 0 2 5 9 8 9 5 4 6 7 
11 12 5 2 0 7 8 11 10 3 1 2 5 9 8 11 10 3 4 6 7 
11 10 13 12 5 9 8 13 10 3 1 3 10 11 8 13 10 3 1 0 7 
11 10 13 12 5 9 8 9 5 2 0 1 3 4 6 7 8 13 10 3 4 6 7 
11 10 3 4 6 7 8 11 12 5 2 1 2 5 12 13 8 11 12 5 4 6 7 
11 8 7 0 1 3 10 11 8 13 12 5 4 6 7 
11 10 3 4 6 7 8 13 10 3 1 0 2 5 9 8 11 12 5 2 0 7 
11 10 3 4 5 9 8 13 10 3 1 3 10 13 8 11 10 3 4 6 7 
11 10 13 8 13 10 3 1 0 2 5 9 8 9 5 2 0 7 
11 12 5 9 8 11 10 3 1 0 2 5 9 8 11 12 5 2 0 7 
11 10 3 1 0 7 8 7 0 2 1 2 5 12 13 8 9 5 4 6 7 
11 10 3 1 0 7 8 9 5 2 1 3 10 13 8 11 10 3 1 0 7 
11 12 5 2 0 7 8 13 10 3 1 3 4 6 7 8 13 12 5 4 6 7 
11 12 13 8 11 10 3 1 3 4 5 9 8 9 5 2 0 7 
11 12 5 4 6 7 8 7 0 1 3 10 11 8 7 
11 10 3 4 5 9 8 9 5 4 3 1 2 5 9 8 7 
11 10 13 12 5 9 8 7 0 1 2 5 9 8 9 5 4 6 7 
11 10 3 1 0 7 8 7 6 4 3 1 3 4 6 7 8 9 5 4 6 7 
11 12 5 9 8 11 12 5 2 1 0 7 8 11 10 3 1 0 7 
11 12 13 8 11 12 5 2 1 3 4 6 7 8 9 5 4 6 7 
11 10 3 1 0 7 8 7 6 4 3 1 3 10 13 8 13 10 3 4 6 7 
11 12 5 9 8 9 5 2 1 2 5 9 8 11 12 5 2 0 7 
11 12 5 2 0 7 8 9 5 2 0 1 0 2 5 9 8 13 10 3 1 0 7 
11 12 13 8 13 12 5 2 1 2 0 7 8 11 10 3 1 0 7 
11 12 13 8 7 0 2 1 2 0 7 8 13 10 3 1 0 7 
11 12 5 4 6 7 8 11 12 5 2 1 2 5 12 13 8 13 12 5 4 6 7 
11 8 9 5 2 1 3 10 11 8 9 5 2 0 7 
11 8 11 10 3 1 2 5 12 11 8 13 12 5 4 6 7 
11 12 5 2 0 7 8 7 6 4 3 1 2 5 12 13 8 11 12 5 2 0 7 
11 10 13 8 13 12 5 2 1 2 5 12 11 8 13 10 3 1 0 7 
11 12 5 9 8 7 6 4 3 1 3 10 11 8 11 12 5 2 0 7 
11 10 3 4 5 9 8 7 0 1 2 5 9 8 9 5 4 6 7 
11 12 5 4 6 7 8 11 10 3 1 3 4 6 7 8 13 12 5 4 6 7 
11 10 3 4 6 7 8 11 10 3 1 3 10 11 8 9 5 4 6 7 
11 10 13 12 5 9 8 13 10 3 1 3 10 11 8 9 5 2 0 7 
11 12 5 4 6 7 8 13 10 3 1 2 5 12 11 8 9 5 4 6 7 
11 12 5 2 0 7 8 13 10 3 1 3 4 5 9 8 7 
---------------
Request id 28
6 4 3 10 13 8 7 0 2 1 2 0 7 8 11 
6 7 0 2 5 9 8 9 5 2 0 1 0 7 8 13 12 11 
6 4 5 12 11 8 7 0 1 3 10 13 8 11 
6 4 5 12 11 8 9 5 4 3 1 0 2 5 12 11 
6 4 3 10 13 8 13 10 3 1 2 5 12 11 
6 4 5 12 11 8 11 12 5 2 1 0 7 8 13 12 11 
6 4 3 1 0 7 8 13 10 3 1 2 0 7 8 11 
6 4 5 2 0 7 8 9 5 2 1 0 2 5 12 11 
6 7 0 2 5 12 11 8 7 0 1 0 2 5 12 11 
6 7 0 2 5 9 8 7 0 2 1 2 5 9 8 11 
6 4 5 9 8 7 0 2 1 0 7 8 11 
6 7 8 9 5 2 0 1 2 0 7 8 11 
6 7 0 2 5 9 8 9 5 4 3 1 2 0 7 8 11 
6 7 0 2 5 9 8 9 5 4 3 1 2 5 12 11 
6 4 5 12 13 8 7 0 2 1 3 4 5 12 11 
6 4 5 9 8 7 0 2 1 3 10 13 8 11 
6 7 0 2 5 12 11 8 9 5 2 1 2 5 9 8 11 
6 4 5 9 8 9 5 2 0 1 3 10 13 12 11 
6 7 8 9 5 2 0 1 3 10 13 12 11 
6 4 3 10 13 8 7 0 1 2 0 7 8 11 
6 4 5 12 11 8 11 10 3 1 3 10 13 8 11 
6 4 5 12 13 8 13 10 3 1 0 2 5 12 11 
6 4 5 9 8 7 0 1 3 4 5 12 11 
6 4 5 2 0 7 8 9 5 2 0 1 3 10 13 12 11 
6 7 8 9 5 4 3 1 3 10 11 
6 7 8 13 10 3 1 0 7 8 13 12 11 
6 4 3 10 13 8 7 0 1 0 7 8 13 12 11 
6 4 5 2 0 7 8 7 6 4 3 1 2 0 7 8 11 
6 4 5 12 11 8 11 10 3 1 3 4 5 12 11 
6 4 3 10 13 8 9 5 4 3 1 0 2 5 12 11 
6 4 3 1 0 7 8 13 10 3 1 3 10 13 8 11 
6 7 0 2 5 9 8 13 10 3 1 0 2 5 12 11 
6 4 5 9 8 11 12 5 2 1 3 4 5 12 11 
6 4 3 10 11 8 13 12 5 2 1 0 7 8 13 12 11 
6 4 5 12 13 8 13 10 3 1 2 5 12 11 
6 7 0 2 5 9 8 11 10 3 1 0 2 5 12 11 
6 4 5 2 0 7 8 13 12 5 2 1 3 10 11 
6 4 5 12 13 8 13 12 5 2 1 0 7 8 11 
6 4 3 1 0 7 8 7 0 1 3 4 5 12 11 
6 4 3 1 0 7 8 11 10 3 1 0 2 5 12 11 
---------------
Request id 30
9 5 9 8 13 10 
9 8 7 6 4 5 12 11 8 13 10 
9 8 13 12 5 4 3 10 
9 8 7 0 1 2 5 12 13 8 11 10 
9 5 9 8 11 10 
9 8 7 0 1 2 5 4 6 7 8 13 10 
9 8 7 0 2 5 9 8 11 10 
9 8 13 10 11 12 5 12 13 10 
9 8 7 0 1 2 5 2 0 1 3 10 
9 8 7 0 1 2 5 4 3 10 
9 8 13 12 5 9 8 11 10 
9 8 7 0 2 5 9 8 13 10 
9 8 11 10 13 12 5 9 8 13 10 
9 8 13 10 3 4 5 12 13 8 11 10 
9 8 11 12 5 4 3 10 
9 8 7 0 1 2 5 2 1 3 10 
9 5 4 6 7 8 13 10 
9 5 4 3 10 
9 8 13 10 3 4 5 9 8 11 10 
9 8 13 10 11 12 5 9 8 13 10 
9 8 7 0 1 2 5 12 11 8 13 10 
9 8 13 10 3 4 5 2 1 3 10 
9 8 7 6 4 5 4 3 10 
9 8 7 0 2 5 12 11 8 13 10 
9 8 13 10 11 12 5 4 6 7 8 13 10 
9 8 11 10 13 12 5 12 13 8 11 10 
9 8 11 10 3 4 5 9 8 13 10 
9 8 13 12 5 2 0 1 3 10 
9 8 11 10 13 12 5 12 13 10 
9 8 7 0 2 5 12 11 10 
9 8 7 6 4 5 4 6 7 8 13 10 
9 8 11 10 13 12 5 4 6 7 8 13 10 
9 8 11 10 13 12 5 12 11 8 13 10 
9 5 12 11 10 
9 8 7 6 4 5 9 8 11 10 
9 8 7 6 4 5 9 8 13 10 
9 8 13 12 5 4 6 7 8 13 10 
9 8 13 12 5 12 13 8 11 10 
9 5 12 11 8 13 10 
9 8 11 12 5 9 8 11 10 
---------------
Request id 14
6 7 0 1 2 5 12 11 8 7 0 1 3 4 5 2 0 7 8 11 
6 7 8 13 12 5 4 3 1 3 10 13 12 5 2 1 3 10 11 
6 4 3 1 0 2 5 9 8 7 0 2 1 0 2 5 2 1 3 10 11 
6 7 0 1 3 4 5 4 6 7 0 1 3 10 13 12 5 4 3 10 11 
6 7 8 11 12 5 12 11 8 7 0 1 0 7 6 4 5 4 3 10 11 
6 7 0 1 2 5 2 1 0 7 6 4 5 12 13 10 11 
6 4 5 4 6 7 0 1 0 2 5 4 6 7 8 11 
6 7 0 1 2 5 2 0 1 3 4 5 12 11 
6 7 0 1 2 5 2 0 1 3 10 11 12 5 12 11 
6 7 0 1 3 4 5 12 11 8 7 0 1 2 5 12 13 8 11 
6 4 3 10 13 12 5 2 1 3 10 13 8 9 5 12 13 8 11 
6 4 3 1 0 2 5 12 13 8 7 0 1 3 10 13 12 5 4 3 10 11 
6 7 0 1 2 5 9 8 7 0 1 3 10 13 8 9 5 4 6 7 8 11 
6 7 8 13 12 5 2 0 1 2 5 2 0 7 8 11 
6 7 8 9 5 4 6 7 0 1 0 7 6 4 5 12 13 10 11 
6 7 0 2 5 9 8 7 0 2 1 0 2 5 9 8 11 
6 7 8 13 12 5 4 3 1 3 10 11 12 5 4 6 7 8 11 
6 7 0 1 3 4 5 4 3 1 2 0 7 6 4 5 12 11 
6 7 0 1 3 4 5 4 6 7 0 1 0 2 5 12 11 
6 7 0 2 5 12 11 8 7 0 1 3 10 13 8 9 5 4 6 7 8 11 
6 4 5 4 3 1 2 0 7 6 4 5 4 3 10 11 
6 7 0 1 3 4 5 2 0 1 2 5 9 8 13 12 11 
6 7 8 9 5 9 8 7 0 2 1 3 4 5 9 8 11 
6 7 0 2 5 9 8 7 0 1 3 4 5 2 0 7 8 11 
6 7 8 9 5 4 3 1 3 10 13 12 5 4 3 10 11 
6 4 5 12 11 8 7 0 1 3 10 13 12 5 4 3 10 11 
6 7 0 1 2 5 12 13 10 3 1 3 10 11 12 5 2 0 7 8 11 
6 4 3 1 2 5 2 0 1 3 10 11 12 5 4 3 10 11 
6 4 3 1 2 5 12 13 10 3 1 0 2 5 12 13 10 11 
6 7 8 9 5 4 6 7 0 1 2 5 4 6 7 8 11 
6 7 0 2 5 12 11 10 3 1 2 0 7 6 4 5 12 13 10 11 
6 7 8 9 5 9 8 7 0 1 3 10 13 12 5 9 8 13 12 11 
6 7 8 13 12 5 12 13 10 3 1 2 5 4 6 7 8 11 
6 7 8 9 5 2 0 1 0 7 8 9 5 2 1 3 10 11 
6 7 0 1 2 5 2 1 3 10 13 8 9 5 12 11 
6 4 3 10 13 12 5 9 8 7 0 1 0 7 6 4 5 9 8 11 
6 4 5 12 11 10 3 1 2 0 7 6 4 5 12 11 
6 7 8 13 12 5 2 0 1 3 10 13 12 5 4 6 7 8 11 
6 4 3 1 2 5 9 8 7 0 2 1 3 4 5 12 11 
6 4 3 1 0 2 5 4 3 1 3 10 11 12 5 2 1 3 10 11 
---------------
Request id 17
3 10 13 8 11 12 5 12 11 8 13 
3 10 11 8 9 5 9 8 13 
3 4 6 7 0 2 5 9 8 11 12 13 
3 1 2 5 9 8 11 12 13 
3 4 6 7 0 2 5 4 6 7 8 13 
3 1 0 2 5 4 6 7 8 13 
3 10 11 12 5 12 11 10 13 
3 10 13 8 11 12 5 12 13 
3 10 13 12 5 9 8 11 12 13 
3 10 11 8 13 12 5 9 8 11 12 13 
3 10 13 8 11 12 5 4 3 10 13 
3 10 13 8 11 12 5 12 11 10 13 
3 1 0 2 5 9 8 13 
3 4 6 7 0 2 5 12 11 10 13 
3 10 11 12 5 12 13 
3 10 11 12 5 9 8 11 10 13 
3 1 0 2 5 12 13 
3 1 0 2 5 9 8 11 12 13 
3 10 11 12 5 9 8 11 12 13 
3 1 0 2 5 4 3 10 13 
3 10 13 8 9 5 9 8 13 
3 10 13 8 9 5 12 11 10 13 
3 10 11 8 13 12 5 12 13 
3 10 11 12 5 2 1 3 10 13 
3 4 6 7 0 2 5 12 11 8 13 
3 10 11 8 9 5 9 8 11 10 13 
3 4 5 12 11 10 13 
3 1 2 5 9 8 13 
3 1 2 5 12 13 
3 10 11 8 9 5 12 13 
3 4 5 2 1 3 10 13 
3 10 13 8 9 5 4 6 7 8 13 
3 10 11 8 9 5 12 11 10 13 
3 4 5 9 8 11 10 13 
3 10 13 8 9 5 2 1 3 10 13 
3 10 11 12 5 4 6 7 8 13 
3 10 13 8 9 5 9 8 11 10 13 
3 10 13 8 9 5 2 0 7 8 13 
3 10 11 8 13 12 5 12 11 10 13 
3 1 2 5 12 11 10 13 
---------------
Request id 25
4 6 7 8 9 5 12 11 10 3 4 6 
4 6 7 8 13 12 5 12 11 10 3 4 6 
4 3 10 11 12 5 2 0 7 6 
4 3 1 0 2 5 12 11 8 7 6 
4 6 7 8 13 12 5 4 3 1 0 7 6 
4 5 2 1 0 7 6 
4 3 1 0 2 5 12 13 8 7 6 
4 3 10 13 8 9 5 12 13 10 3 4 6 
4 6 7 8 9 5 4 3 1 0 7 6 
4 3 10 13 12 5 12 13 8 7 6 
4 6 7 8 13 12 5 12 11 8 7 6 
4 6 7 8 11 12 5 9 8 7 6 
4 6 7 0 2 5 2 1 3 4 6 
4 3 1 2 5 4 3 1 0 7 6 
4 3 10 13 8 9 5 2 1 0 7 6 
4 6 7 0 2 5 2 1 0 7 6 
4 3 10 13 8 9 5 4 6 
4 3 1 0 2 5 9 8 7 6 
4 6 7 0 2 5 9 8 7 6 
4 3 10 13 12 5 12 11 8 7 6 
4 3 1 2 5 12 11 8 7 6 
4 3 1 2 5 12 11 10 3 4 6 
4 5 4 6 
4 6 7 0 2 5 4 3 1 0 7 6 
4 3 10 13 12 5 9 8 7 6 
4 3 1 0 2 5 4 3 1 0 7 6 
4 5 12 13 10 3 4 6 
4 3 1 0 2 5 4 6 
4 3 1 0 2 5 2 1 0 7 6 
4 5 12 11 8 7 6 
4 3 10 13 12 5 2 1 3 4 6 
4 5 12 11 10 3 4 6 
4 6 7 8 11 12 5 2 1 3 4 6 
4 3 10 13 8 9 5 12 11 10 3 4 6 
4 6 7 8 13 12 5 2 1 0 7 6 
4 6 7 0 2 5 4 6 
4 6 7 8 11 12 5 12 13 10 3 4 6 
4 6 7 8 11 12 5 12 11 10 3 4 6 
4 3 1 0 2 5 12 13 10 3 4 6 
4 3 1 0 2 5 12 11 10 3 4 6 
---------------
Request id 27
11 12 13 8 7 6 4 5 2 
11 10 13 12 5 9 8 11 10 3 1 2 
11 12 5 2 0 7 8 7 6 4 5 2 
11 8 7 0 1 2 
11 10 3 4 5 9 8 13 10 11 12 5 2 
11 10 13 12 5 9 8 7 0 1 2 
11 12 5 4 6 7 8 13 10 11 12 5 2 
11 10 3 4 5 9 8 11 12 5 2 
11 12 13 8 7 0 2 
11 10 3 1 0 7 8 11 12 5 2 
11 10 13 8 13 10 11 12 5 2 
11 12 13 8 11 12 5 2 
11 10 13 12 5 9 8 9 5 4 3 1 2 
11 12 5 9 8 11 12 5 2 
11 12 13 8 13 10 11 12 5 2 
11 12 5 4 6 7 8 13 10 3 1 2 
11 12 5 9 8 7 0 2 
11 10 3 1 0 7 8 7 0 1 2 
11 10 13 8 13 12 5 2 
11 12 5 4 6 7 8 9 5 2 
11 12 5 2 0 7 8 9 5 2 
11 10 13 12 5 9 8 11 12 5 2 
11 10 3 4 6 7 8 7 0 2 
11 12 5 9 8 13 10 3 1 2 
11 8 9 5 4 3 1 2 
11 12 5 2 0 7 8 13 10 11 12 5 2 
11 12 5 9 8 11 10 3 1 2 
11 10 13 8 7 6 4 5 2 
11 10 3 4 5 9 8 9 5 4 3 1 2 
11 10 13 12 5 9 8 9 5 2 
11 10 3 4 6 7 8 11 12 5 2 
11 10 3 4 6 7 8 13 12 5 2 
11 10 3 4 5 9 8 13 12 5 2 
11 12 13 8 13 12 5 2 
11 12 5 9 8 9 5 2 
11 10 13 12 5 9 8 13 10 3 1 2 
11 12 5 4 6 7 8 7 6 4 5 2 
11 10 3 4 6 7 8 7 0 1 2 
11 12 5 9 8 13 12 5 2 
11 10 3 4 5 9 8 13 10 3 1 2 
---------------
Request id 1
11 10 13 12 5 9 8 8 11 12 5 2 1 2 5 12 13 10 
11 10 3 4 6 7 8 8 9 5 2 0 1 2 5 12 13 10 
11 10 13 8 8 9 5 4 3 1 3 4 5 12 13 10 
11 10 13 8 8 7 0 2 1 3 4 5 12 11 10 
11 10 3 1 0 7 8 8 7 0 2 1 2 5 12 13 10 
11 12 5 9 8 8 9 5 2 1 2 5 9 8 11 10 
11 12 5 2 0 7 8 8 9 5 2 1 2 5 12 13 10 
11 12 5 4 6 7 8 8 7 0 1 2 5 12 11 10 
11 12 5 4 6 7 8 8 11 12 5 2 1 2 5 12 11 10 
11 12 13 8 8 9 5 2 1 3 4 5 12 11 10 
11 12 5 9 8 8 11 12 5 2 1 0 7 8 13 10 
11 10 3 1 0 7 8 8 9 5 2 0 1 2 0 7 8 11 10 
11 8 8 7 0 1 3 10 
11 10 13 8 8 11 10 3 1 3 4 5 12 13 10 
11 10 3 4 5 9 8 8 9 5 2 1 2 5 12 13 10 
11 8 8 9 5 4 3 1 2 5 12 13 10 
11 12 5 2 0 7 8 8 13 10 3 1 0 7 8 13 10 
11 12 5 9 8 8 9 5 4 3 1 0 7 8 13 10 
11 8 8 9 5 4 3 1 0 7 8 13 10 
11 10 13 12 5 9 8 8 7 0 1 3 4 5 12 11 10 
11 12 5 9 8 8 13 10 3 1 0 7 8 13 10 
11 10 13 12 5 9 8 8 11 10 3 1 3 4 5 12 13 10 
11 12 5 9 8 8 7 0 2 1 3 10 
11 10 3 1 0 7 8 8 9 5 4 3 1 0 7 8 13 10 
11 10 3 4 5 9 8 8 7 0 1 2 5 9 8 11 10 
11 8 8 9 5 2 1 3 10 
11 12 13 8 8 7 0 1 3 4 5 12 11 10 
11 12 13 8 8 7 0 2 1 2 5 4 3 10 
11 10 13 8 8 9 5 2 0 1 0 7 8 11 10 
11 10 13 12 5 9 8 8 13 10 3 1 2 5 4 3 10 
11 10 13 8 8 7 0 2 1 2 5 4 3 10 
11 12 13 8 8 7 0 1 2 5 4 3 10 
11 10 3 1 0 7 8 8 13 12 5 2 1 2 5 12 13 10 
11 10 3 4 5 9 8 8 7 0 2 1 3 4 5 12 11 10 
11 12 5 2 0 7 8 8 9 5 2 1 3 4 5 12 11 10 
11 10 13 8 8 7 6 4 3 1 2 5 12 11 10 
11 10 13 8 8 7 0 2 1 2 5 12 13 10 
11 12 5 9 8 8 7 6 4 3 1 2 5 9 8 11 10 
11 12 5 4 6 7 8 8 11 10 3 1 2 0 7 8 11 10 
11 10 3 1 0 7 8 8 11 10 3 1 2 5 4 3 10 
---------------
Request id 20
6 7 0 2 5 12 11 8 11 12 5 12 13 10 11 8 9 
6 4 3 10 11 8 13 12 5 4 3 10 13 8 9 
6 4 5 12 13 8 7 6 4 5 12 13 10 11 8 9 
6 4 3 10 11 8 11 12 5 9 
6 7 0 2 5 12 11 8 13 10 3 4 5 12 11 8 9 
6 4 5 12 13 8 9 5 2 0 7 8 9 
6 4 5 2 0 7 8 7 0 2 5 12 11 8 9 
6 4 5 9 8 9 5 4 6 7 8 9 
6 7 8 11 10 3 4 5 9 
6 4 5 12 13 8 9 5 12 11 10 13 8 9 
6 4 5 2 0 7 8 11 12 5 12 11 10 13 8 9 
6 4 5 9 8 7 6 4 5 12 11 8 9 
6 4 3 10 13 8 13 12 5 12 11 10 13 8 9 
6 4 3 1 0 7 8 9 5 12 13 10 11 8 9 
6 7 0 2 5 12 11 8 13 10 11 12 5 2 0 7 8 9 
6 4 5 12 11 8 7 0 2 5 12 11 8 9 
6 7 8 11 10 13 12 5 12 11 8 9 
6 4 3 10 11 8 13 10 3 4 5 12 13 10 11 8 9 
6 7 0 2 5 9 8 11 12 5 12 13 10 11 8 9 
6 4 5 12 11 8 13 10 3 4 5 4 6 7 8 9 
6 7 8 7 0 2 5 4 3 10 11 8 9 
6 4 5 12 13 8 13 10 11 12 5 4 3 10 13 8 9 
6 4 3 10 13 8 11 10 13 12 5 12 11 8 9 
6 4 5 12 13 8 11 10 13 12 5 4 3 10 13 8 9 
6 7 0 2 5 12 11 8 13 10 11 12 5 9 
6 4 5 2 0 7 8 11 10 3 4 5 12 11 10 13 8 9 
6 4 5 2 0 7 8 11 10 13 12 5 4 6 7 8 9 
6 4 3 10 11 8 9 5 4 3 10 13 8 9 
6 7 0 2 5 12 11 8 13 10 11 12 5 12 13 10 11 8 9 
6 4 5 12 11 8 11 12 5 4 6 7 8 9 
6 4 5 12 13 8 11 10 3 4 5 4 6 7 8 9 
6 4 5 9 8 11 10 13 12 5 12 13 8 9 
6 4 3 10 13 8 7 0 2 5 12 11 10 13 8 9 
6 7 8 7 6 4 5 2 1 0 7 8 9 
6 7 0 2 5 12 11 8 11 12 5 4 3 10 11 8 9 
6 4 5 12 11 8 13 12 5 12 13 10 11 8 9 
6 4 3 10 11 8 7 0 2 5 12 13 10 11 8 9 
6 4 3 10 11 8 11 10 13 12 5 4 3 10 11 8 9 
6 7 0 2 5 9 8 13 10 3 4 5 2 1 0 7 8 9 
6 4 5 2 0 7 8 11 10 3 4 5 2 0 7 8 9 
---------------
Request id 22
12 11 10 13 8 7 0 2 1 1 3 10 13 8 11 
12 5 2 0 7 8 7 0 2 1 1 3 4 5 12 11 
12 5 4 6 7 8 9 5 4 3 1 1 2 5 12 13 8 11 
12 5 4 6 7 8 9 5 4 3 1 1 3 10 13 8 11 
12 5 2 1 0 7 8 7 0 2 1 1 3 10 11 
12 11 8 11 12 5 2 1 1 0 2 5 12 11 
12 5 4 3 10 11 8 9 5 2 0 1 1 0 2 5 12 11 
12 5 4 3 10 13 8 7 0 1 1 2 0 7 8 11 
12 5 4 3 10 11 8 13 10 3 1 1 2 5 9 8 11 
12 11 10 13 8 11 10 3 1 1 3 10 11 
12 13 8 9 5 2 0 1 1 2 5 12 11 
12 5 9 8 11 10 3 1 1 0 2 5 12 11 
12 5 9 8 9 5 4 3 1 1 0 7 8 11 
12 5 9 8 9 5 2 1 1 3 10 13 12 11 
12 5 4 6 7 8 13 12 5 2 1 1 3 10 11 
12 11 8 7 0 1 1 0 2 5 12 11 
12 13 10 11 8 7 0 1 1 0 2 5 12 11 
12 5 4 6 7 8 11 10 3 1 1 2 0 7 8 11 
12 5 2 1 0 7 8 9 5 4 3 1 1 2 5 12 11 
12 5 2 1 0 7 8 7 6 4 3 1 1 3 10 13 12 11 
12 5 9 8 7 0 1 1 3 10 13 8 11 
12 11 8 9 5 2 1 1 0 2 5 12 11 
12 13 8 7 6 4 3 1 1 0 2 5 12 11 
12 13 8 11 10 3 1 1 2 5 9 8 11 
12 5 4 6 7 8 9 5 2 0 1 1 3 10 13 8 11 
12 5 9 8 9 5 2 0 1 1 0 7 8 11 
12 5 2 1 0 7 8 9 5 4 3 1 1 3 10 13 8 11 
12 5 9 8 13 12 5 2 1 1 2 0 7 8 11 
12 5 2 1 0 7 8 13 12 5 2 1 1 3 4 5 12 11 
12 5 4 3 10 13 8 7 0 2 1 1 0 2 5 12 11 
12 13 10 11 8 9 5 2 0 1 1 2 0 7 8 11 
12 5 2 0 7 8 9 5 4 3 1 1 2 0 7 8 11 
12 5 9 8 7 0 2 1 1 3 10 13 8 11 
12 5 4 3 10 13 8 13 12 5 2 1 1 3 4 5 12 11 
12 5 4 3 10 11 8 7 6 4 3 1 1 3 10 11 
12 11 10 13 8 9 5 2 0 1 1 2 5 12 11 
12 13 8 7 0 2 1 1 3 10 11 
12 13 10 11 8 9 5 2 0 1 1 0 2 5 12 11 
12 5 4 3 10 13 8 7 0 2 1 1 3 4 5 12 11 
12 5 2 0 7 8 9 5 2 1 1 2 5 9 8 11 
---------------
Request id 3
2 0 7 8 8 7 6 4 
2 5 12 13 8 8 13 12 5 4 
2 5 12 11 10 13 8 8 11 12 5 4 
2 5 12 11 10 13 8 8 7 6 4 
2 5 12 11 8 8 11 12 5 4 
2 5 4 6 7 8 8 13 12 5 4 
2 5 12 11 8 8 13 10 3 4 
2 1 0 7 8 8 11 10 3 4 
2 0 7 8 8 7 0 1 3 4 
2 5 12 13 8 8 9 5 2 1 3 4 
2 5 4 6 7 8 8 7 6 4 
2 1 3 10 13 8 8 13 10 3 4 
2 5 9 8 8 7 0 2 5 4 
2 1 3 10 13 8 8 7 6 4 
2 1 3 4 6 7 8 8 7 6 4 
2 1 3 4 6 7 8 8 9 5 2 1 3 4 
2 1 0 7 8 8 13 12 5 4 
2 1 3 4 6 7 8 8 13 12 5 4 
2 0 7 8 8 11 12 5 4 
2 5 12 11 10 13 8 8 7 0 1 3 4 
2 1 3 10 11 8 8 11 12 5 4 
2 5 12 11 8 8 7 0 1 3 4 
2 1 3 10 11 8 8 7 6 4 
2 1 0 7 8 8 7 0 1 3 4 
2 0 7 8 8 13 10 3 4 
2 1 3 4 6 7 8 8 11 12 5 4 
2 5 12 11 8 8 9 5 4 
2 5 12 11 8 8 13 12 5 4 
2 1 3 4 6 7 8 8 13 10 11 12 5 4 
2 5 12 13 8 8 13 10 3 4 
2 1 3 4 6 7 8 8 9 5 4 
2 1 3 10 13 8 8 13 10 11 12 5 4 
2 5 9 8 8 7 0 1 3 4 
2 1 3 10 13 8 8 7 0 2 5 4 
2 0 7 8 8 9 5 2 1 3 4 
2 1 3 10 11 8 8 13 10 11 12 5 4 
2 0 7 8 8 13 10 11 12 5 4 
2 1 0 7 8 8 7 6 4 
2 1 3 10 13 8 8 13 12 5 4 
2 1 3 10 11 8 8 11 10 3 4 
---------------
Request id 26
4 5 12 11 8 13 12 11 10 3 4 6 
4 5 9 8 9 5 4 6 
4 3 1 0 7 8 13 12 11 10 3 4 6 
4 5 12 13 8 13 10 3 4 6 
4 5 12 11 10 13 8 11 12 5 4 6 
4 3 1 0 7 8 7 0 2 5 4 6 
4 5 12 13 8 9 5 2 0 7 6 
4 3 1 0 7 8 13 10 3 4 6 
4 5 12 13 8 11 10 3 4 6 
4 3 1 0 7 8 7 0 1 3 4 6 
4 5 12 13 8 11 12 5 4 6 
4 6 7 8 7 6 
4 5 2 0 7 8 13 10 3 4 6 
4 5 12 11 8 9 5 2 0 7 6 
4 3 10 11 8 13 10 3 4 6 
4 5 12 13 8 9 5 4 6 
4 5 12 11 8 11 12 5 4 6 
4 3 10 11 8 13 12 11 10 3 4 6 
4 5 12 11 8 13 10 3 4 6 
4 5 9 8 13 12 5 4 6 
4 3 10 11 8 11 10 3 4 6 
4 5 2 0 7 8 7 0 1 3 4 6 
4 5 12 11 8 7 0 2 5 4 6 
4 5 12 13 8 7 6 
4 3 10 11 12 13 8 11 10 3 4 6 
4 5 12 11 10 13 8 13 12 5 4 6 
4 5 2 0 7 8 13 12 11 10 3 4 6 
4 3 10 13 8 7 6 
4 3 10 11 12 13 8 13 12 11 10 3 4 6 
4 5 12 11 10 13 8 11 10 3 4 6 
4 3 10 13 8 7 0 2 5 4 6 
4 5 12 11 8 9 5 4 6 
4 6 7 8 7 0 1 3 4 6 
4 3 10 11 12 13 8 11 12 5 4 6 
4 5 9 8 9 5 2 0 7 6 
4 5 12 13 8 13 12 11 10 3 4 6 
4 6 7 8 11 10 3 4 6 
4 3 10 11 12 13 8 7 6 
4 6 7 8 13 10 3 4 6 
4 3 10 11 12 13 8 13 12 5 4 6 
---------------
Request id 4
9 5 9 8 7 0 2 
9 8 11 10 13 12 5 12 13 8 7 0 2 
9 8 13 10 3 4 5 4 6 7 0 1 2 
9 5 12 13 10 3 1 2 
9 8 11 10 13 12 5 4 3 1 0 2 
9 8 7 6 4 5 12 11 8 7 0 2 
9 8 13 10 11 12 5 9 8 7 0 2 
9 8 11 10 13 12 5 12 11 10 3 1 2 
9 8 13 10 3 4 5 4 6 7 0 2 
9 5 12 11 10 3 1 2 
9 8 7 6 4 5 9 8 7 0 2 
9 8 11 10 13 12 5 9 8 7 0 2 
9 8 11 12 5 4 3 1 0 2 
9 8 11 12 5 9 8 7 0 2 
9 8 13 10 11 12 5 12 13 10 3 1 2 
9 8 13 10 11 12 5 4 3 1 2 
9 5 12 13 8 7 0 2 
9 8 13 10 3 4 5 2 
9 8 7 0 1 2 5 9 8 7 0 2 
9 8 11 10 3 4 5 12 13 10 3 1 2 
9 8 7 0 1 2 5 12 11 10 3 1 2 
9 8 7 0 1 2 5 2 
9 8 7 0 1 2 5 4 6 7 0 1 2 
9 8 11 12 5 12 13 8 7 0 2 
9 5 4 3 1 2 
9 8 7 0 1 2 5 12 13 10 3 1 2 
9 8 7 0 2 5 12 13 8 7 0 2 
9 8 13 10 11 12 5 12 11 10 3 1 2 
9 8 11 10 3 4 5 2 
9 8 13 12 5 4 3 1 2 
9 8 11 12 5 4 3 1 2 
9 5 12 11 8 7 0 2 
9 8 13 10 11 12 5 2 
9 8 11 10 3 4 5 12 13 8 7 0 2 
9 8 7 6 4 5 2 
9 8 7 0 2 5 4 6 7 0 1 2 
9 5 4 6 7 0 1 2 
9 8 7 0 1 2 5 12 11 8 7 0 2 
9 8 11 12 5 4 6 7 0 1 2 
9 5 4 3 1 0 2 
---------------
Request id 2
7 6 4 5 12 11 8 9 5 2 1 3 4 
7 0 2 5 9 8 9 5 4 
7 6 4 5 12 11 8 13 12 5 4 
7 0 1 2 5 9 8 7 0 2 5 4 
7 0 1 3 10 13 8 11 10 13 12 5 4 
7 0 1 3 10 11 8 9 5 4 
7 0 2 5 9 8 13 10 3 4 
7 6 4 5 9 8 7 0 2 5 4 
7 0 2 5 12 13 8 7 0 2 5 4 
7 0 2 5 12 11 8 7 0 2 5 4 
7 6 4 5 12 11 8 13 10 3 4 
7 0 1 3 10 11 8 13 12 5 4 
7 0 1 2 5 9 8 13 10 3 4 
7 6 4 5 9 8 13 10 3 4 
7 0 2 5 12 13 8 13 10 3 4 
7 0 1 3 10 11 8 11 12 5 4 
7 6 4 5 12 11 8 9 5 4 
7 0 1 3 10 13 8 11 10 3 4 
7 6 4 3 10 11 8 9 5 4 
7 0 1 2 5 9 8 13 12 5 4 
7 0 1 3 10 11 8 9 5 2 1 3 4 
7 6 4 3 10 11 8 7 0 2 5 4 
7 0 1 3 10 11 8 13 10 3 4 
7 6 4 3 10 11 8 11 10 3 4 
7 0 2 5 12 11 8 7 0 1 3 4 
7 6 4 5 12 11 8 7 0 2 5 4 
7 0 1 3 10 11 8 11 10 3 4 
7 0 1 2 5 9 8 11 10 13 12 5 4 
7 6 4 5 12 11 8 11 12 5 4 
7 8 13 12 5 4 
7 0 1 3 10 13 8 7 0 2 5 4 
7 8 11 10 3 4 
7 6 4 5 12 11 8 7 0 1 3 4 
7 0 2 5 9 8 11 12 5 4 
7 0 2 5 12 13 8 9 5 4 
7 0 2 5 9 8 7 0 1 3 4 
7 0 2 5 12 13 8 11 10 3 4 
7 6 4 3 10 11 8 11 10 13 12 5 4 
7 0 1 3 10 13 8 9 5 4 
7 8 7 6 4 
---------------
Request id 12
6 4 5 2 1 1 2 0 7 8 13 
6 7 8 9 5 4 3 1 1 0 2 5 12 13 
6 4 3 1 1 0 7 8 13 
6 7 0 1 1 2 5 12 13 
6 7 0 2 1 1 0 2 5 12 13 
6 4 5 2 1 1 2 5 12 13 
6 7 8 9 5 2 1 1 3 10 11 12 13 
6 7 0 2 5 4 3 1 1 2 0 7 8 13 
6 7 8 11 10 3 1 1 3 4 5 12 13 
6 7 8 13 10 3 1 1 2 0 7 8 13 
6 7 8 13 10 3 1 1 3 4 5 12 13 
6 7 8 11 10 3 1 1 3 10 11 8 13 
6 7 8 9 5 2 1 1 2 0 7 8 13 
6 7 0 1 1 3 10 11 8 13 
6 4 5 2 0 1 1 3 10 11 12 13 
6 4 3 1 1 2 5 12 11 8 13 
6 7 8 9 5 2 1 1 3 10 11 8 13 
6 4 3 1 1 2 0 7 8 13 
6 7 0 2 1 1 2 0 7 8 13 
6 7 8 13 10 3 1 1 0 2 5 12 13 
6 4 5 2 1 1 0 7 8 13 
6 7 0 2 1 1 3 10 13 
6 7 8 11 10 3 1 1 3 10 13 
6 7 8 9 5 2 1 1 2 5 12 11 8 13 
6 7 0 2 5 4 3 1 1 0 2 5 12 13 
6 7 8 9 5 4 3 1 1 3 10 11 8 13 
6 7 0 2 5 4 3 1 1 2 5 12 11 8 13 
6 4 5 2 1 1 2 5 12 11 8 13 
6 7 8 9 5 4 3 1 1 2 0 7 8 13 
6 7 0 1 1 0 7 8 13 
6 7 8 13 10 3 1 1 3 10 13 
6 4 3 1 1 2 5 12 13 
6 4 3 1 1 3 10 13 
6 7 0 2 1 1 3 10 11 12 13 
6 4 5 2 0 1 1 0 2 5 12 13 
6 7 0 1 1 2 5 9 8 13 
6 4 5 2 1 1 3 10 11 12 13 
6 7 8 13 10 3 1 1 2 5 12 11 8 13 
6 7 0 2 1 1 3 4 5 12 13 
6 4 3 1 1 3 10 11 12 13 
---------------
Request id 29
12 13 8 7 6 4 5 12 11 10 3 1 2 5 12 11 10 3 
12 11 8 7 0 2 5 9 8 7 0 2 1 0 7 6 4 3 
12 11 10 13 8 9 5 12 13 10 3 1 2 5 9 8 11 10 3 
12 11 10 3 1 2 5 12 11 8 7 0 1 0 7 8 13 10 3 
12 11 10 13 8 9 5 9 8 7 0 1 2 5 12 13 10 3 
12 5 9 8 7 0 2 1 2 0 7 6 4 3 
12 11 10 3 1 2 5 4 6 7 0 1 3 
12 11 10 13 8 9 5 2 0 1 0 2 5 4 3 
12 11 8 7 6 4 5 2 1 0 7 6 4 3 
12 11 8 7 0 2 5 12 13 8 7 0 1 0 7 8 13 10 3 
12 11 8 7 0 2 5 2 0 1 0 7 8 11 10 3 
12 11 8 7 0 2 5 12 13 10 3 1 0 2 5 4 3 
12 11 8 7 6 4 5 12 13 10 3 1 0 2 5 4 3 
12 11 10 3 1 2 5 12 13 8 7 0 1 2 5 9 8 11 10 3 
12 13 10 3 4 5 2 0 1 3 
12 11 10 13 8 9 5 12 13 10 3 1 2 0 7 6 4 3 
12 11 8 7 0 2 5 4 6 7 0 1 3 
12 5 4 6 7 0 1 0 7 8 11 10 3 
12 13 10 3 4 5 2 0 1 0 2 5 4 3 
12 11 8 9 5 4 3 1 2 5 9 8 11 10 3 
12 13 10 3 4 5 4 6 7 0 1 2 5 12 11 10 3 
12 13 10 3 4 5 9 8 7 0 2 1 0 2 5 4 3 
12 13 10 3 4 5 4 6 7 0 1 0 7 8 11 10 3 
12 11 8 7 6 4 5 9 8 7 0 1 2 5 4 3 
12 11 10 13 8 9 5 12 13 10 3 1 2 5 4 3 
12 11 8 9 5 12 11 8 7 0 1 0 7 8 13 10 3 
12 13 8 9 5 12 13 8 7 0 1 2 5 12 11 10 3 
12 5 12 11 8 7 0 1 2 5 12 11 10 3 
12 5 2 0 1 2 5 12 11 10 3 
12 13 10 3 4 5 12 11 10 3 1 2 5 4 3 
12 11 10 3 1 2 5 2 0 1 0 2 5 4 3 
12 5 2 1 2 5 12 13 10 3 
12 5 12 11 8 7 0 1 2 0 7 6 4 3 
12 13 8 9 5 12 13 8 7 0 1 0 2 5 4 3 
12 11 8 9 5 4 3 1 2 5 12 11 10 3 
12 11 10 13 8 9 5 4 6 7 0 1 0 2 5 4 3 
12 5 12 13 10 3 1 3 
12 13 8 9 5 9 8 7 0 2 1 2 0 7 6 4 3 
12 11 10 13 8 9 5 2 0 1 0 7 8 13 10 3 
12 13 8 9 5 4 3 1 0 7 6 4 3 
---------------
Request id 7
12 5 2 0 1 0 7 8 11 12 5 12 11 
12 11 8 7 0 1 3 4 6 7 8 11 10 13 12 5 4 6 7 8 11 
12 13 10 3 1 2 0 7 8 9 5 12 11 
12 5 2 1 2 5 12 11 8 7 0 1 2 5 12 13 10 11 
12 13 8 11 10 3 1 3 4 6 7 8 11 10 13 12 5 12 13 10 11 
12 11 8 7 0 1 2 5 12 11 8 11 12 5 4 6 7 8 11 
12 5 4 3 1 0 7 8 11 10 13 12 5 4 6 7 8 11 
12 13 8 7 0 1 2 5 12 13 8 7 0 2 5 2 0 7 8 11 
12 5 9 8 7 0 1 3 4 5 9 8 7 0 1 2 5 12 13 8 11 
12 5 4 3 1 2 5 9 8 7 0 1 2 5 2 0 7 8 11 
12 11 8 7 0 1 2 5 9 8 13 12 5 9 8 11 
12 11 10 3 1 2 5 12 13 8 9 5 2 0 7 8 11 
12 5 2 1 2 5 12 11 8 7 0 2 5 9 8 13 10 11 
12 11 8 7 0 1 3 4 6 7 8 13 10 3 4 5 9 8 13 12 11 
12 5 4 6 7 0 1 2 5 9 8 13 10 11 12 5 9 8 13 10 11 
12 13 8 7 0 1 0 7 8 13 10 3 4 5 9 8 13 10 11 
12 11 10 3 1 2 5 12 11 8 7 0 2 5 9 8 13 12 11 
12 13 8 7 0 1 3 10 11 8 7 6 4 5 12 13 8 11 
12 11 8 7 0 1 0 2 5 9 8 13 10 3 4 5 2 1 3 10 11 
12 5 9 8 7 0 1 3 4 6 7 8 11 10 13 12 5 4 6 7 8 11 
12 11 10 3 1 2 5 12 11 8 11 10 13 12 5 2 0 7 8 11 
12 13 10 3 1 3 10 11 8 11 10 13 12 5 2 0 7 8 11 
12 5 4 3 1 0 2 5 9 8 13 12 5 2 1 3 10 11 
12 13 8 11 10 3 1 0 2 5 9 8 7 6 4 5 12 11 
12 13 8 11 10 3 1 3 4 5 9 8 11 10 3 4 5 12 13 8 11 
12 5 4 3 1 0 7 8 13 10 11 12 5 2 0 7 8 11 
12 5 4 6 7 0 1 3 4 6 7 8 7 0 1 2 5 9 8 13 10 11 
12 11 10 3 1 2 5 12 11 8 7 6 4 5 9 8 13 12 11 
12 5 4 6 7 0 1 3 4 5 9 8 9 5 9 8 13 10 11 
12 5 4 6 7 0 1 0 7 8 11 12 5 12 13 10 11 
12 5 9 8 7 0 1 2 0 7 8 7 0 1 2 5 2 1 3 10 11 
12 5 4 3 1 3 4 6 7 8 7 6 4 5 2 0 7 8 11 
12 13 10 3 1 2 5 12 13 8 11 10 3 4 5 9 8 13 10 11 
12 5 9 8 7 0 1 3 4 5 9 8 7 6 4 5 2 0 7 8 11 
12 5 9 8 7 0 1 3 4 5 9 8 7 0 2 5 12 13 8 11 
12 5 4 6 7 0 1 3 10 13 8 13 12 5 12 13 8 11 
12 13 8 7 0 1 2 5 12 11 8 7 0 2 5 9 8 13 10 11 
12 5 4 3 1 2 5 12 11 8 7 0 2 5 9 8 13 12 11 
12 5 2 0 1 2 5 12 13 8 7 0 2 5 9 8 11 
12 11 10 3 1 2 5 12 13 8 13 10 3 4 5 2 0 7 8 11 
---------------
Request id 13
13 10 3 1 0 7 8 9 5 2 
13 12 5 9 8 9 5 2 
13 8 9 5 2 
13 8 13 10 3 1 2 
13 10 3 4 6 7 8 7 6 4 5 2 
13 10 3 1 0 7 8 7 0 2 
13 12 5 9 8 7 0 1 2 
13 12 5 2 0 7 8 9 5 4 3 1 2 
13 12 5 4 6 7 8 9 5 4 3 1 2 
13 10 3 1 0 7 8 7 6 4 5 2 
13 10 3 4 5 9 8 13 12 5 2 
13 10 11 8 9 5 4 3 1 2 
13 12 5 4 6 7 8 11 10 3 1 2 
13 10 3 4 5 9 8 11 12 5 2 
13 12 5 9 8 11 12 5 2 
13 12 11 8 11 10 3 1 2 
13 10 11 12 5 9 8 7 6 4 5 2 
13 10 3 4 5 9 8 7 6 4 5 2 
13 10 11 12 5 9 8 13 10 11 12 5 2 
13 8 13 12 5 2 
13 10 11 12 5 9 8 7 0 1 2 
13 12 5 9 8 7 0 2 
13 12 5 4 6 7 8 11 12 5 2 
13 8 11 12 5 2 
13 10 11 8 7 0 2 
13 10 3 4 5 9 8 13 10 11 12 5 2 
13 12 5 9 8 13 10 11 12 5 2 
13 10 11 8 7 6 4 5 2 
13 10 11 12 5 9 8 11 10 3 1 2 
13 12 5 2 0 7 8 11 10 3 1 2 
13 10 3 1 0 7 8 11 10 3 1 2 
13 10 11 8 11 12 5 2 
13 10 3 1 0 7 8 13 12 5 2 
13 12 5 4 6 7 8 7 6 4 5 2 
13 10 3 4 5 9 8 11 10 3 1 2 
13 12 11 8 13 10 11 12 5 2 
13 12 5 9 8 13 10 3 1 2 
13 12 5 4 6 7 8 13 12 5 2 
13 10 11 12 5 9 8 13 12 5 2 
13 10 11 8 13 10 11 12 5 2 
---------------
