Request id 1
8 9 5 4 3 1 
8 9 5 4 5 2 1 
8 9 5 4 6 7 0 1 
8 9 5 4 5 2 0 1 
8 9 5 4 6 7 0 2 1 
8 9 5 4 5 12 11 10 3 1 
8 9 5 4 5 12 13 10 3 1 
8 9 5 4 5 9 8 7 0 1 
8 9 5 4 5 12 11 8 7 0 1 
8 9 5 4 5 9 8 7 0 2 1 
---------------
Request id 3
13 8 7 0 0 1 
13 8 7 0 0 2 1 
13 8 7 0 0 7 6 4 3 1 
13 8 7 0 0 2 5 4 3 1 
13 8 7 0 0 7 8 9 5 2 1 
13 8 7 0 0 7 6 4 5 2 1 
13 8 7 0 0 7 8 13 10 3 1 
13 8 7 0 0 7 8 11 10 3 1 
13 8 7 0 0 2 5 12 11 10 3 1 
13 8 7 0 0 7 8 11 12 5 2 1 
---------------
Request id 8
13 10 3 4 6 7 0 1 3 4 6 7 
13 10 3 4 6 7 0 1 3 4 5 9 8 7 
13 10 3 4 6 7 0 1 3 4 3 1 0 7 
13 10 3 4 6 7 0 1 3 4 5 2 0 7 
13 10 3 4 6 7 0 1 3 4 3 1 2 0 7 
13 10 3 4 6 7 0 1 3 4 5 12 13 8 7 
13 10 3 4 6 7 0 1 3 4 3 10 13 8 7 
13 10 3 4 6 7 0 1 3 4 5 12 11 8 7 
13 10 3 4 6 7 0 1 3 4 3 10 11 8 7 
13 10 3 4 6 7 0 1 3 4 5 2 1 0 7 
---------------
Request id 2
3 1 0 7 8 11 8 7 
3 1 0 7 8 11 10 13 8 7 
3 1 0 7 8 11 12 13 8 7 
3 1 0 7 8 11 10 3 1 0 7 
3 1 0 7 8 11 12 5 2 0 7 
3 1 0 7 8 11 10 3 4 6 7 
3 1 0 7 8 11 12 5 9 8 7 
3 1 0 7 8 11 12 5 4 6 7 
3 1 0 7 8 11 8 9 5 2 0 7 
3 1 0 7 8 11 10 3 1 2 0 7 
---------------
Request id 4
1 0 7 8 11 8 7 0 1 3 10 
1 0 7 8 11 8 7 0 2 1 3 10 
1 0 7 8 11 8 7 0 7 8 13 10 
1 0 7 8 11 8 7 0 7 8 11 10 
1 0 7 8 11 8 7 0 7 6 4 3 10 
1 0 7 8 11 8 7 0 2 5 4 3 10 
1 0 7 8 11 8 7 0 2 5 12 13 10 
1 0 7 8 11 8 7 0 2 5 12 11 10 
1 0 7 8 11 8 7 0 7 8 13 12 11 10 
1 0 7 8 11 8 7 0 7 8 11 12 13 10 
---------------
Request id 10
6 7 8 11 10 3 4 3 10 11 10 3 1 
6 7 8 11 10 3 4 3 10 11 8 7 0 1 
6 7 8 11 10 3 4 3 10 11 12 5 2 1 
6 7 8 11 10 3 4 3 10 11 8 9 5 2 1 
6 7 8 11 10 3 4 3 10 11 12 5 2 0 1 
6 7 8 11 10 3 4 3 10 11 8 13 10 3 1 
6 7 8 11 10 3 4 3 10 11 12 13 10 3 1 
6 7 8 11 10 3 4 3 10 11 12 5 4 3 1 
6 7 8 11 10 3 4 3 10 11 8 7 0 2 1 
6 7 8 11 10 3 4 3 10 11 10 13 12 5 2 1 
---------------
Request id 6
6 7 8 11 8 7 0 7 8 
6 7 8 11 8 7 0 2 5 9 8 
6 7 8 11 8 7 0 1 3 10 11 8 
6 7 8 11 8 7 0 2 5 12 11 8 
6 7 8 11 8 7 0 1 2 5 9 8 
6 7 8 11 8 7 0 2 5 12 13 8 
6 7 8 11 8 7 0 1 3 10 13 8 
6 7 8 11 8 7 0 7 6 4 5 9 8 
6 7 8 11 8 7 0 2 5 4 6 7 8 
6 7 8 11 8 7 0 1 3 4 6 7 8 
---------------
Request id 5
5 4 6 7 0 7 8 13 
5 4 6 7 0 1 3 10 13 
5 4 6 7 0 2 5 12 13 
5 4 6 7 0 1 2 5 12 13 
5 4 6 7 0 7 8 11 12 13 
5 4 6 7 0 2 1 3 10 13 
5 4 6 7 0 7 8 11 10 13 
5 4 6 7 0 2 5 9 8 13 
5 4 6 7 0 7 6 4 5 12 13 
5 4 6 7 0 1 2 5 9 8 13 
---------------
Request id 7
9 8 11 12 5 2 
9 8 11 10 3 1 2 
9 8 11 8 9 5 2 
9 8 11 8 7 0 2 
9 8 11 10 3 4 5 2 
9 8 11 8 7 0 1 2 
9 8 11 10 13 12 5 2 
9 8 11 8 13 12 5 2 
9 8 11 10 3 1 0 2 
9 8 11 12 13 8 9 5 2 
---------------
Request id 9
10 3 1 0 0 7 8 13 
10 3 1 0 0 1 3 10 13 
10 3 1 0 0 2 5 12 13 
10 3 1 0 0 1 2 5 12 13 
10 3 1 0 0 7 8 11 12 13 
10 3 1 0 0 2 1 3 10 13 
10 3 1 0 0 7 8 11 10 13 
10 3 1 0 0 2 5 9 8 13 
10 3 1 0 0 7 6 4 3 10 13 
10 3 1 0 0 1 2 5 9 8 13 
---------------
