Request id 27
73 77 68 66 78 75 56 49 46 40 36 35 29 23 17 12 7 
73 77 68 66 78 75 56 49 46 40 37 30 21 26 35 29 23 17 12 7 
73 77 68 66 78 75 56 49 46 40 36 35 29 23 17 9 3 2 1 8 7 
73 77 68 66 78 75 56 49 46 40 37 30 21 26 35 29 23 17 9 3 2 1 8 7 
73 77 68 66 78 75 78 66 68 63 67 62 60 58 55 52 50 46 40 36 35 29 23 17 12 7 
73 77 68 66 78 75 72 73 77 68 63 67 62 60 58 55 52 50 46 40 36 35 29 23 17 12 7 
73 77 68 66 78 75 78 66 68 63 67 62 60 58 55 52 50 46 40 37 30 21 26 35 29 23 17 12 7 
73 77 68 66 78 75 78 66 68 63 67 62 60 58 55 52 50 46 40 36 35 29 23 17 9 3 2 1 8 7 
73 77 68 66 78 75 56 49 46 40 36 35 29 23 17 9 13 32 31 22 14 11 6 4 0 3 2 1 8 7 
73 77 68 66 78 75 72 73 77 68 63 67 62 60 58 55 52 50 46 40 37 30 21 26 35 29 23 17 12 7 
---------------
Request id 16
53 54 57 59 64 69 80 81 71 74 67 62 67 74 71 81 82 84 83 85 87 94 100 99 97 96 
53 54 57 59 64 69 80 81 71 74 67 62 67 74 71 81 71 74 83 85 87 94 100 99 97 96 
53 54 57 59 64 69 80 81 71 74 67 62 67 74 71 81 82 84 83 85 101 102 98 94 100 99 97 96 
53 54 57 59 64 69 80 81 71 74 67 62 67 74 71 81 71 74 83 85 101 102 98 94 100 99 97 96 
53 54 57 59 64 69 80 81 71 74 67 62 67 74 71 81 80 69 64 59 57 54 65 62 67 74 83 85 87 94 100 99 97 96 
53 54 57 59 64 69 80 81 71 74 67 62 67 74 71 81 80 69 64 59 57 54 65 62 67 74 83 85 101 102 98 94 100 99 97 96 
53 54 57 59 64 69 80 81 71 74 67 62 67 74 71 81 80 69 64 59 57 54 53 48 34 45 65 62 67 74 83 85 87 94 100 99 97 96 
53 54 57 59 64 69 80 81 71 74 67 62 67 74 71 81 80 69 64 59 57 54 53 48 34 45 65 62 67 74 83 85 101 102 98 94 100 99 97 96 
53 54 57 59 64 69 80 81 71 74 67 62 67 74 71 81 80 69 64 59 57 54 65 62 60 58 55 52 50 46 49 56 75 78 66 68 63 67 74 83 85 87 94 100 99 97 96 
53 54 57 59 64 69 80 81 71 74 67 62 67 74 71 81 80 69 64 59 57 54 65 62 60 58 55 52 50 46 49 56 75 72 73 77 68 63 67 74 83 85 87 94 100 99 97 96 
---------------
Request id 30
27 18 17 9 3 0 3 9 17 23 29 35 36 40 46 49 56 75 72 73 
27 18 17 9 3 0 3 9 17 23 29 35 26 21 30 37 40 46 49 56 75 72 73 
27 18 17 9 3 0 3 9 17 23 29 35 36 40 46 49 56 75 78 66 68 77 73 
27 18 17 9 3 0 3 2 1 8 7 12 17 23 29 35 36 40 46 49 56 75 72 73 
27 18 17 9 3 0 3 9 17 23 29 35 36 40 46 50 52 55 58 60 62 67 63 68 77 73 
27 18 17 9 3 0 3 9 17 23 29 35 26 21 30 37 40 46 49 56 75 78 66 68 77 73 
27 18 17 9 3 0 3 2 1 8 7 12 17 23 29 35 36 40 46 49 56 75 78 66 68 77 73 
27 18 17 9 3 0 4 6 11 14 22 31 32 13 9 17 23 29 35 36 40 46 49 56 75 72 73 
27 18 17 9 3 0 3 2 1 8 7 12 17 23 29 35 26 21 30 37 40 46 49 56 75 72 73 
27 18 17 9 3 0 3 9 17 23 29 35 36 40 46 50 52 55 58 60 62 67 63 68 66 78 75 72 73 
---------------
Request id 8
58 60 62 65 62 67 74 83 85 87 85 83 74 67 62 60 58 55 52 50 46 40 36 35 29 23 17 9 13 
58 60 62 65 62 67 74 83 85 87 85 83 74 67 62 67 63 68 66 78 75 56 49 46 40 36 35 29 23 17 9 13 
58 60 62 65 62 67 74 83 85 87 85 83 74 67 62 60 58 55 52 50 46 40 37 30 21 26 35 29 23 17 9 13 
58 60 62 65 62 67 74 83 85 87 85 83 74 67 62 67 63 68 77 73 72 75 56 49 46 40 36 35 29 23 17 9 13 
58 60 62 65 62 67 74 83 85 87 85 83 74 67 62 60 58 55 52 50 46 40 36 35 29 23 17 12 7 8 1 2 3 9 13 
58 60 62 65 62 67 74 83 85 87 85 83 74 67 62 67 63 68 66 78 75 56 49 46 40 37 30 21 26 35 29 23 17 9 13 
58 60 62 65 62 67 74 83 85 87 85 83 74 67 62 67 63 68 77 73 72 75 56 49 46 40 37 30 21 26 35 29 23 17 9 13 
58 60 62 65 62 67 74 83 85 87 85 83 74 67 62 60 58 55 52 50 46 40 37 30 21 26 35 29 23 17 12 7 8 1 2 3 9 13 
58 60 62 65 62 67 74 83 85 87 85 83 74 67 62 60 58 55 52 50 46 40 36 35 29 23 17 9 3 0 4 6 11 14 22 31 32 13 
58 60 62 65 62 67 74 83 85 87 85 83 74 67 62 67 63 68 66 78 75 56 49 46 40 36 35 29 23 17 12 7 8 1 2 3 9 13 
---------------
Request id 22
100 94 87 85 83 74 71 81 71 74 67 62 65 54 53 48 
100 94 87 85 83 74 71 81 80 69 64 59 57 54 53 48 
100 94 87 85 83 74 71 81 71 74 67 62 65 45 34 48 
100 94 87 85 83 74 71 81 80 69 64 59 57 54 65 45 34 48 
100 94 87 85 83 74 71 81 82 84 83 74 67 62 65 45 34 48 
100 94 87 85 83 74 71 81 82 84 83 74 67 62 65 54 53 48 
100 94 87 85 83 74 71 81 71 74 67 63 68 66 78 75 56 49 46 50 52 55 58 60 62 65 45 34 48 
100 94 87 85 83 74 71 81 71 74 67 63 68 66 78 75 56 49 46 50 52 55 58 60 62 65 54 53 48 
100 94 87 85 83 74 71 81 71 74 67 63 68 77 73 72 75 56 49 46 50 52 55 58 60 62 65 45 34 48 
100 94 87 85 83 74 71 81 71 74 67 63 68 77 73 72 75 56 49 46 50 52 55 58 60 62 65 54 53 48 
---------------
Request id 29
64 69 79 86 79 69 80 81 82 84 83 85 87 85 83 74 67 62 60 58 55 52 50 46 40 36 35 36 40 43 
64 69 79 86 79 69 80 81 82 84 83 85 87 85 83 74 67 62 60 58 55 52 50 46 40 36 35 36 40 41 33 43 
64 69 79 86 79 69 80 81 82 84 83 85 87 85 83 74 67 62 60 58 55 52 50 46 40 36 35 26 21 30 37 40 43 
64 69 79 86 79 69 80 81 82 84 83 85 87 85 83 74 67 62 60 58 55 52 50 46 40 36 35 26 21 30 37 40 41 33 43 
64 69 79 86 79 69 80 81 82 84 83 85 87 85 83 74 67 62 60 58 55 52 50 46 40 36 35 36 40 28 19 5 15 20 33 43 
64 69 79 86 79 69 80 81 82 84 83 85 87 85 83 74 67 62 60 58 55 52 50 46 40 36 35 26 21 30 37 40 28 19 5 15 20 33 43 
64 69 79 86 79 69 80 81 82 84 83 85 87 85 83 74 67 62 60 58 55 52 50 46 40 36 35 36 40 28 19 5 15 10 16 24 25 20 33 43 
64 69 79 86 79 69 80 81 82 84 83 85 87 85 83 74 67 62 60 58 55 52 50 46 40 36 35 26 21 30 37 40 28 19 5 15 10 16 24 25 20 33 43 
64 69 79 86 79 69 80 81 82 84 83 85 87 85 83 74 67 63 68 66 78 75 56 49 46 40 36 35 36 40 43 
64 69 79 86 79 69 80 81 82 84 83 85 87 85 83 74 67 63 68 66 78 75 56 49 46 40 36 35 36 40 41 33 43 
---------------
Request id 15
57 59 64 69 80 81 71 74 83 85 87 85 83 74 67 62 60 58 55 52 50 46 40 43 33 20 25 24 
57 59 64 69 80 81 71 74 83 85 87 85 83 74 67 62 60 58 55 52 50 46 40 41 33 20 25 24 
57 59 64 69 80 81 71 74 83 85 87 85 83 74 67 63 68 66 78 75 56 49 46 40 43 33 20 25 24 
57 59 64 69 80 81 71 74 83 85 87 85 83 74 67 63 68 66 78 75 56 49 46 40 41 33 20 25 24 
57 59 64 69 80 81 71 74 83 85 87 85 83 74 67 63 68 77 73 72 75 56 49 46 40 43 33 20 25 24 
57 59 64 69 80 81 71 74 83 85 87 85 83 74 67 62 60 58 55 52 50 46 40 41 33 20 15 10 16 24 
57 59 64 69 80 81 71 74 83 85 87 85 83 74 67 62 60 58 55 52 50 46 40 28 19 5 15 20 25 24 
57 59 64 69 80 81 71 74 83 85 87 85 83 74 67 63 68 77 73 72 75 56 49 46 40 41 33 20 25 24 
57 59 64 69 80 81 71 74 83 85 87 85 83 74 67 62 60 58 55 52 50 46 40 28 19 5 15 10 16 24 
57 59 64 69 80 81 71 74 83 85 87 85 83 74 67 62 60 58 55 52 50 46 40 43 33 20 15 10 16 24 
---------------
Request id 3
1 8 7 12 17 23 29 35 36 40 46 50 52 55 58 60 62 65 54 57 59 64 69 80 81 82 84 83 84 82 81 80 69 79 86 70 
1 8 7 12 17 23 29 35 36 40 46 50 52 55 58 60 62 65 54 57 59 64 69 80 81 82 84 83 74 71 81 80 69 79 86 70 
1 8 7 12 17 23 29 35 36 40 46 50 52 55 58 60 62 65 54 57 59 64 69 80 81 82 84 83 84 82 81 80 69 79 76 70 
1 8 7 12 17 23 29 35 36 40 46 50 52 55 58 60 62 65 54 57 59 64 69 80 81 82 84 83 74 71 81 80 69 79 76 70 
1 8 7 12 17 23 29 35 36 40 46 50 52 55 58 60 62 65 54 57 59 64 69 80 81 82 84 83 74 67 62 65 54 57 59 64 69 79 76 70 
1 8 7 12 17 23 29 35 36 40 46 50 52 55 58 60 62 65 54 57 59 64 69 80 81 82 84 83 74 67 62 65 54 57 59 64 69 79 86 70 
1 8 7 12 17 23 29 35 36 40 46 50 52 55 58 60 62 65 54 57 59 64 69 80 81 82 84 83 84 82 81 71 74 67 62 65 54 57 59 64 69 79 76 70 
1 8 7 12 17 23 29 35 36 40 46 50 52 55 58 60 62 65 54 57 59 64 69 80 81 82 84 83 74 67 62 65 45 34 48 53 54 57 59 64 69 79 76 70 
1 8 7 12 17 23 29 35 36 40 46 50 52 55 58 60 62 65 54 57 59 64 69 80 81 82 84 83 74 67 62 65 45 34 48 53 54 57 59 64 69 79 86 70 
1 8 7 12 17 23 29 35 36 40 46 50 52 55 58 60 62 65 54 57 59 64 69 80 81 82 84 83 84 82 81 71 74 67 62 65 54 57 59 64 69 79 86 70 
---------------
Request id 9
91 75 56 49 46 40 43 33 43 40 46 40 37 
91 75 56 49 46 40 43 33 43 40 46 40 36 35 26 21 30 37 
91 75 56 49 46 40 43 33 41 40 46 40 37 
91 75 56 49 46 40 43 33 41 40 46 40 36 35 26 21 30 37 
91 75 56 49 46 40 43 33 20 15 5 19 28 40 46 40 37 
91 75 56 49 46 40 43 33 20 15 5 19 28 40 46 40 36 35 26 21 30 37 
91 75 56 49 46 40 43 33 20 25 24 16 10 15 5 19 28 40 46 40 37 
91 75 56 49 46 40 43 33 20 25 24 16 10 15 5 19 28 40 46 40 36 35 26 21 30 37 
91 75 56 49 46 40 41 33 43 40 46 40 37 
91 75 56 49 46 40 41 33 43 40 46 40 36 35 26 21 30 37 
---------------
Request id 28
48 34 45 65 62 67 74 83 85 87 94 100 99 97 96 
48 34 45 65 62 67 74 83 85 87 85 101 102 98 94 100 99 97 96 
48 34 45 65 62 67 74 83 85 101 102 98 94 87 94 100 99 97 96 
48 34 45 65 62 67 74 83 85 101 102 98 94 87 85 101 102 98 94 100 99 97 96 
48 53 54 65 62 67 74 83 85 87 94 100 99 97 96 
48 53 54 65 62 67 74 83 85 87 85 101 102 98 94 100 99 97 96 
48 53 54 65 62 67 74 83 85 101 102 98 94 87 94 100 99 97 96 
48 53 54 65 62 67 74 83 85 101 102 98 94 87 85 101 102 98 94 100 99 97 96 
48 34 45 65 62 67 74 71 81 82 84 83 85 87 94 100 99 97 96 
48 34 45 65 62 67 74 71 81 82 84 83 85 87 85 101 102 98 94 100 99 97 96 
---------------
Request id 4
48 34 45 65 54 57 59 64 69 80 81 71 74 67 62 60 58 55 52 50 46 40 36 35 29 23 17 18 
48 34 45 65 54 57 59 64 69 64 59 57 54 65 62 60 58 55 52 50 46 40 36 35 29 23 17 18 
48 34 45 65 54 57 59 64 69 80 81 71 74 67 63 68 66 78 75 56 49 46 40 36 35 29 23 17 18 
48 34 45 65 54 57 59 64 69 80 81 82 84 83 74 67 62 60 58 55 52 50 46 40 36 35 29 23 17 18 
48 34 45 65 54 57 59 64 69 80 81 71 74 67 63 68 77 73 72 75 56 49 46 40 36 35 29 23 17 18 
48 34 45 65 54 57 59 64 69 64 59 57 54 65 62 60 58 55 52 50 46 40 37 30 21 26 35 29 23 17 18 
48 34 45 65 54 57 59 64 69 80 81 82 84 83 74 67 63 68 66 78 75 56 49 46 40 36 35 29 23 17 18 
48 34 45 65 54 57 59 64 69 64 59 57 54 65 62 67 63 68 66 78 75 56 49 46 40 36 35 29 23 17 18 
48 34 45 65 54 57 59 64 69 80 81 71 74 67 62 60 58 55 52 50 46 40 37 30 21 26 35 29 23 17 18 
48 34 45 65 54 57 59 64 69 64 59 57 54 53 48 34 45 65 62 60 58 55 52 50 46 40 36 35 29 23 17 18 
---------------
Request id 10
38 29 35 36 40 46 50 52 55 58 60 62 65 65 62 67 74 83 84 88 
38 29 35 36 40 46 50 52 55 58 60 62 65 65 62 67 74 71 81 82 84 88 
38 29 35 36 40 46 50 52 55 58 60 62 65 65 54 57 59 64 69 80 81 82 84 88 
38 29 35 36 40 46 50 52 55 58 60 62 65 65 54 57 59 64 69 80 81 71 74 83 84 88 
38 29 35 36 40 46 50 52 55 58 60 62 65 65 45 34 48 53 54 57 59 64 69 80 81 82 84 88 
38 29 35 36 40 46 50 52 55 58 60 62 65 65 45 34 48 53 54 57 59 64 69 80 81 71 74 83 84 88 
38 29 35 36 40 46 50 52 55 58 60 62 65 65 62 60 58 55 52 50 46 49 56 75 78 66 68 63 67 74 83 84 88 
38 29 35 36 40 46 50 52 55 58 60 62 65 65 62 60 58 55 52 50 46 49 56 75 72 73 77 68 63 67 74 83 84 88 
38 29 35 36 40 46 50 52 55 58 60 62 65 65 62 60 58 55 52 50 46 49 56 75 78 66 68 63 67 74 71 81 82 84 88 
38 29 35 36 40 46 50 52 55 58 60 62 65 65 62 60 58 55 52 50 46 49 56 75 72 73 77 68 63 67 74 71 81 82 84 88 
---------------
Request id 18
22 31 32 13 9 17 23 29 35 36 40 46 50 52 55 58 60 62 67 74 83 85 87 94 100 99 97 
22 31 32 13 9 17 23 29 35 36 40 46 49 56 75 78 66 68 63 67 74 83 85 87 94 100 99 97 
22 31 32 13 9 17 23 29 35 36 40 46 50 52 55 58 60 62 67 74 83 85 101 102 98 94 100 99 97 
22 31 32 13 9 17 23 29 35 36 40 46 49 56 75 72 73 77 68 63 67 74 83 85 87 94 100 99 97 
22 31 32 13 9 17 23 29 35 36 40 46 49 56 75 78 66 68 63 67 74 83 85 101 102 98 94 100 99 97 
22 31 32 13 9 17 23 29 35 36 40 46 50 52 55 58 60 62 67 74 71 81 82 84 83 85 87 94 100 99 97 
22 31 32 13 9 17 23 29 35 36 40 46 49 56 75 72 73 77 68 63 67 74 83 85 101 102 98 94 100 99 97 
22 31 32 13 9 17 23 29 35 36 40 46 49 56 75 78 66 68 63 67 74 71 81 82 84 83 85 87 94 100 99 97 
22 31 32 13 9 17 23 29 35 36 40 46 50 52 55 58 60 62 67 74 71 81 82 84 83 85 101 102 98 94 100 99 97 
22 31 32 13 9 17 23 29 35 36 40 46 49 56 75 72 73 77 68 63 67 74 71 81 82 84 83 85 87 94 100 99 97 
---------------
Request id 2
102 101 85 83 74 67 62 65 45 34 48 
102 101 85 83 74 67 62 65 54 53 48 
102 101 85 83 84 82 81 71 74 67 62 65 45 34 48 
102 101 102 98 94 87 85 83 74 67 62 65 54 53 48 
102 101 102 98 94 87 85 83 74 67 62 65 45 34 48 
102 101 85 83 84 82 81 80 69 64 59 57 54 53 48 
102 101 85 83 84 82 81 71 74 67 62 65 54 53 48 
102 101 85 83 74 71 81 80 69 64 59 57 54 53 48 
102 101 85 83 84 82 81 80 69 64 59 57 54 65 45 34 48 
102 101 85 83 74 71 81 80 69 64 59 57 54 65 45 34 48 
---------------
Request id 6
11 6 4 0 3 9 17 23 29 35 36 40 43 33 20 33 43 40 46 50 52 55 58 60 62 65 62 67 74 83 85 101 103 
11 6 4 0 3 9 17 23 29 35 36 40 43 33 20 33 43 40 46 50 52 55 58 60 62 65 62 67 74 71 81 82 84 83 85 101 103 
11 6 4 0 3 9 17 23 29 35 36 40 43 33 20 33 43 40 46 50 52 55 58 60 62 65 62 67 74 83 85 87 94 98 102 101 103 
11 6 4 0 3 9 17 23 29 35 36 40 43 33 20 33 43 40 46 50 52 55 58 60 62 65 54 57 59 64 69 80 81 82 84 83 85 101 103 
11 6 4 0 3 9 17 23 29 35 36 40 43 33 20 33 43 40 46 50 52 55 58 60 62 65 54 57 59 64 69 80 81 71 74 83 85 101 103 
11 6 4 0 3 9 17 23 29 35 36 40 43 33 20 33 43 40 46 50 52 55 58 60 62 65 62 67 74 71 81 82 84 83 85 87 94 98 102 101 103 
11 6 4 0 3 9 17 23 29 35 36 40 43 33 20 33 43 40 46 50 52 55 58 60 62 65 54 57 59 64 69 80 81 82 84 83 85 87 94 98 102 101 103 
11 6 4 0 3 9 17 23 29 35 36 40 43 33 20 33 43 40 46 50 52 55 58 60 62 65 54 57 59 64 69 80 81 71 74 83 85 87 94 98 102 101 103 
11 6 4 0 3 9 17 23 29 35 36 40 43 33 20 33 43 40 46 50 52 55 58 60 62 65 45 34 48 53 54 57 59 64 69 80 81 82 84 83 85 101 103 
11 6 4 0 3 9 17 23 29 35 36 40 43 33 20 33 43 40 46 50 52 55 58 60 62 65 45 34 48 53 54 57 59 64 69 80 81 71 74 83 85 101 103 
---------------
Request id 11
78 66 68 63 67 62 65 45 34 
78 66 68 63 67 62 65 54 53 48 34 
78 66 68 63 67 74 71 81 80 69 64 59 57 54 53 48 34 
78 66 68 63 67 74 71 81 80 69 64 59 57 54 65 45 34 
78 66 68 66 78 75 56 49 46 50 52 55 58 60 62 65 45 34 
78 66 68 63 67 74 83 84 82 81 80 69 64 59 57 54 53 48 34 
78 66 68 63 67 74 83 84 82 81 80 69 64 59 57 54 65 45 34 
78 66 68 77 73 72 75 56 49 46 50 52 55 58 60 62 65 45 34 
78 66 68 66 78 75 56 49 46 50 52 55 58 60 62 65 54 53 48 34 
78 66 68 77 73 72 75 56 49 46 50 52 55 58 60 62 65 54 53 48 34 
---------------
Request id 13
53 54 65 62 67 74 71 81 81 71 74 67 62 60 58 55 52 50 46 40 37 
53 54 65 62 67 74 71 81 81 71 74 67 63 68 66 78 75 56 49 46 40 37 
53 54 65 62 67 74 71 81 81 82 84 83 74 67 62 60 58 55 52 50 46 40 37 
53 54 65 62 67 74 71 81 81 71 74 67 63 68 77 73 72 75 56 49 46 40 37 
53 54 65 62 67 74 71 81 81 82 84 83 74 67 63 68 66 78 75 56 49 46 40 37 
53 54 65 62 67 74 71 81 81 80 69 64 59 57 54 65 62 60 58 55 52 50 46 40 37 
53 54 65 62 67 74 71 81 81 82 84 83 74 67 63 68 77 73 72 75 56 49 46 40 37 
53 54 65 62 67 74 71 81 81 71 74 67 62 60 58 55 52 50 46 40 36 35 26 21 30 37 
53 54 65 62 67 74 71 81 81 71 74 67 63 68 66 78 75 56 49 46 40 36 35 26 21 30 37 
53 54 65 62 67 74 71 81 81 80 69 64 59 57 54 65 62 67 63 68 66 78 75 56 49 46 40 37 
---------------
Request id 17
77 68 63 67 74 83 85 87 94 100 99 
77 68 63 67 74 83 85 87 85 101 102 98 94 100 99 
77 68 63 67 74 71 81 82 84 83 85 87 94 100 99 
77 68 63 67 74 71 81 82 84 83 85 87 85 101 102 98 94 100 99 
77 68 63 67 74 83 85 101 102 98 94 87 94 100 99 
77 68 63 67 74 83 85 101 102 98 94 87 85 101 102 98 94 100 99 
77 68 63 67 74 71 81 82 84 83 85 101 102 98 94 87 94 100 99 
77 68 63 67 74 71 81 82 84 83 85 101 102 98 94 87 85 101 102 98 94 100 99 
77 68 63 67 62 65 54 57 59 64 69 80 81 82 84 83 85 87 94 100 99 
77 68 63 67 62 65 54 57 59 64 69 80 81 82 84 83 85 87 85 101 102 98 94 100 99 
---------------
Request id 23
16 24 25 20 33 43 40 36 35 36 40 46 50 52 55 58 60 62 65 54 57 59 64 69 79 86 93 
16 24 25 20 33 43 40 36 35 36 40 46 50 52 55 58 60 62 65 62 67 74 71 81 80 69 79 86 93 
16 24 25 20 33 43 40 36 35 36 40 46 50 52 55 58 60 62 65 54 57 59 64 69 79 76 70 86 93 
16 24 25 20 33 43 40 36 35 36 40 46 50 52 55 58 60 62 65 62 67 74 71 81 80 69 79 76 70 86 93 
16 24 25 20 33 43 40 36 35 36 40 46 50 52 55 58 60 62 65 45 34 48 53 54 57 59 64 69 79 86 93 
16 24 25 20 33 43 40 36 35 36 40 46 50 52 55 58 60 62 65 62 67 74 83 84 82 81 80 69 79 86 93 
16 24 25 20 33 43 40 36 35 36 40 46 50 52 55 58 60 62 65 45 34 48 53 54 57 59 64 69 79 76 70 86 93 
16 24 25 20 33 43 40 36 35 36 40 46 50 52 55 58 60 62 65 62 67 74 83 84 82 81 80 69 79 76 70 86 93 
16 24 25 20 33 43 40 36 35 36 40 46 50 52 55 58 60 62 65 62 60 58 55 52 50 46 49 56 75 78 66 68 63 67 74 71 81 80 69 79 86 93 
16 24 25 20 33 43 40 36 35 36 40 46 50 52 55 58 60 62 65 62 60 58 55 52 50 46 49 56 75 72 73 77 68 63 67 74 71 81 80 69 79 86 93 
---------------
Request id 12
52 55 58 60 62 65 62 67 74 83 74 67 62 67 74 83 85 101 103 
52 55 58 60 62 65 62 67 74 83 74 67 62 67 74 71 81 82 84 83 85 101 103 
52 55 58 60 62 65 62 67 74 83 74 67 62 67 74 83 85 87 94 98 102 101 103 
52 55 58 60 62 65 62 67 74 83 74 67 62 67 74 71 81 82 84 83 85 87 94 98 102 101 103 
52 55 58 60 62 65 62 67 74 83 74 67 62 65 54 57 59 64 69 80 81 71 74 83 85 101 103 
52 55 58 60 62 65 62 67 74 83 74 67 62 65 54 57 59 64 69 80 81 82 84 83 85 101 103 
52 55 58 60 62 65 62 67 74 83 74 67 62 65 54 57 59 64 69 80 81 82 84 83 85 87 94 98 102 101 103 
52 55 58 60 62 65 62 67 74 83 74 67 62 65 45 34 48 53 54 57 59 64 69 80 81 82 84 83 85 101 103 
52 55 58 60 62 65 62 67 74 83 74 67 62 65 54 57 59 64 69 80 81 71 74 83 85 87 94 98 102 101 103 
52 55 58 60 62 65 62 67 74 83 74 67 62 65 45 34 48 53 54 57 59 64 69 80 81 71 74 83 85 101 103 
---------------
Request id 21
61 65 62 60 58 55 52 
61 65 62 67 63 68 66 78 75 56 49 46 50 52 
61 65 62 67 63 68 77 73 72 75 56 49 46 50 52 
61 65 54 57 59 64 69 80 81 71 74 67 62 60 58 55 52 
61 65 54 57 59 64 69 80 81 82 84 83 74 67 62 60 58 55 52 
61 65 45 34 48 53 54 57 59 64 69 80 81 71 74 67 62 60 58 55 52 
61 65 54 57 59 64 69 80 81 71 74 67 63 68 66 78 75 56 49 46 50 52 
61 65 54 57 59 64 69 80 81 71 74 67 63 68 77 73 72 75 56 49 46 50 52 
61 65 45 34 48 53 54 57 59 64 69 80 81 82 84 83 74 67 62 60 58 55 52 
61 65 54 57 59 64 69 80 81 82 84 83 74 67 63 68 66 78 75 56 49 46 50 52 
---------------
Request id 25
82 81 71 74 67 62 60 58 55 52 50 46 40 36 35 29 23 17 12 7 8 1 
82 81 71 74 67 62 60 58 55 52 50 46 40 36 35 29 23 17 9 3 2 1 
82 81 71 74 67 62 60 58 55 52 50 46 40 36 35 29 23 17 9 13 32 31 22 14 11 6 4 0 3 2 1 
82 84 83 74 67 62 60 58 55 52 50 46 40 36 35 29 23 17 12 7 8 1 
82 84 83 74 67 62 60 58 55 52 50 46 40 36 35 29 23 17 9 3 2 1 
82 84 83 74 67 62 60 58 55 52 50 46 40 36 35 29 23 17 9 13 32 31 22 14 11 6 4 0 3 2 1 
82 81 71 74 67 63 68 66 78 75 56 49 46 40 36 35 29 23 17 12 7 8 1 
82 81 71 74 67 63 68 66 78 75 56 49 46 40 36 35 29 23 17 9 3 2 1 
82 81 71 74 67 63 68 66 78 75 56 49 46 40 36 35 29 23 17 9 13 32 31 22 14 11 6 4 0 3 2 1 
82 84 83 74 67 63 68 66 78 75 56 49 46 40 36 35 29 23 17 12 7 8 1 
---------------
Request id 26
16 24 25 20 33 43 40 46 49 46 40 36 35 36 40 46 50 52 55 58 60 62 65 54 57 59 64 69 79 86 93 92 
16 24 25 20 33 43 40 46 49 46 40 36 35 36 40 46 50 52 55 58 60 62 67 74 71 81 80 69 79 86 93 92 
16 24 25 20 33 43 40 46 49 46 40 36 35 36 40 46 49 56 75 78 66 68 63 67 74 71 81 80 69 79 86 93 92 
16 24 25 20 33 43 40 46 49 46 40 36 35 36 40 46 50 52 55 58 60 62 65 54 57 59 64 69 79 76 70 86 93 92 
16 24 25 20 33 43 40 46 49 46 40 36 35 36 40 46 50 52 55 58 60 62 67 74 71 81 80 69 79 76 70 86 93 92 
16 24 25 20 33 43 40 46 49 46 40 36 35 36 40 46 49 56 75 72 73 77 68 63 67 74 71 81 80 69 79 86 93 92 
16 24 25 20 33 43 40 46 49 46 40 36 35 36 40 46 50 52 55 58 60 62 67 74 83 84 82 81 80 69 79 86 93 92 
16 24 25 20 33 43 40 46 49 46 40 36 35 36 40 46 49 56 75 78 66 68 63 67 74 71 81 80 69 79 76 70 86 93 92 
16 24 25 20 33 43 40 46 49 46 40 36 35 26 21 30 37 40 46 50 52 55 58 60 62 65 54 57 59 64 69 79 86 93 92 
16 24 25 20 33 43 40 46 49 46 40 36 35 36 40 46 49 56 75 78 66 68 63 67 74 83 84 82 81 80 69 79 86 93 92 
---------------
Request id 24
38 29 23 17 9 3 0 3 9 17 23 29 35 36 40 43 33 43 40 36 35 29 23 17 9 3 2 
38 29 23 17 9 3 0 3 9 17 23 29 35 36 40 43 33 41 40 36 35 29 23 17 9 3 2 
38 29 23 17 9 3 0 3 9 17 23 29 35 36 40 43 33 43 40 36 35 29 23 17 12 7 8 1 2 
38 29 23 17 9 3 0 3 9 17 23 29 35 36 40 43 33 41 40 36 35 29 23 17 12 7 8 1 2 
38 29 23 17 9 3 0 3 9 17 23 29 35 36 40 43 33 43 40 37 30 21 26 35 29 23 17 9 3 2 
38 29 23 17 9 3 0 3 9 17 23 29 35 36 40 43 33 41 40 37 30 21 26 35 29 23 17 9 3 2 
38 29 23 17 9 3 0 3 9 17 23 29 35 36 40 43 33 20 15 5 19 28 40 36 35 29 23 17 9 3 2 
38 29 23 17 9 3 0 3 9 17 23 29 35 36 40 43 33 41 40 37 30 21 26 35 29 23 17 12 7 8 1 2 
38 29 23 17 9 3 0 3 9 17 23 29 35 36 40 43 33 43 40 37 30 21 26 35 29 23 17 12 7 8 1 2 
38 29 23 17 9 3 0 3 9 17 23 29 35 36 40 43 33 20 15 5 19 28 40 36 35 29 23 17 12 7 8 1 2 
---------------
Request id 1
56 49 46 40 36 35 36 40 46 40 36 35 29 23 17 9 13 32 31 
56 49 46 40 36 35 36 40 46 40 37 30 21 26 35 29 23 17 9 13 32 31 
56 49 46 40 36 35 36 40 46 40 36 35 29 23 17 9 3 0 4 6 11 14 22 31 
56 49 46 40 36 35 36 40 46 40 36 35 29 23 17 12 7 8 1 2 3 9 13 32 31 
56 49 46 40 36 35 36 40 46 40 37 30 21 26 35 29 23 17 9 3 0 4 6 11 14 22 31 
56 49 46 40 36 35 36 40 46 40 36 35 29 23 17 12 7 8 1 2 3 0 4 6 11 14 22 31 
56 49 46 40 36 35 36 40 46 40 37 30 21 26 35 29 23 17 12 7 8 1 2 3 9 13 32 31 
56 49 46 40 36 35 36 40 46 40 37 30 21 26 35 29 23 17 12 7 8 1 2 3 0 4 6 11 14 22 31 
56 49 46 40 36 35 26 21 30 37 40 46 40 36 35 29 23 17 9 13 32 31 
56 49 46 40 36 35 26 21 30 37 40 46 40 37 30 21 26 35 29 23 17 9 13 32 31 
---------------
Request id 19
61 65 62 67 74 83 84 83 74 67 62 60 58 55 52 50 46 40 36 35 26 
61 65 62 67 74 83 84 83 74 67 63 68 66 78 75 56 49 46 40 36 35 26 
61 65 62 67 74 83 84 83 74 67 62 60 58 55 52 50 46 40 37 30 21 26 
61 65 62 67 74 83 84 83 74 67 63 68 66 78 75 56 49 46 40 37 30 21 26 
61 65 62 67 74 83 84 82 81 71 74 67 62 60 58 55 52 50 46 40 36 35 26 
61 65 62 67 74 83 84 83 74 67 63 68 77 73 72 75 56 49 46 40 36 35 26 
61 65 62 67 74 83 84 82 81 71 74 67 62 60 58 55 52 50 46 40 37 30 21 26 
61 65 62 67 74 83 84 82 81 71 74 67 63 68 66 78 75 56 49 46 40 36 35 26 
61 65 62 67 74 83 84 83 74 67 63 68 77 73 72 75 56 49 46 40 37 30 21 26 
61 65 62 67 74 83 84 82 81 71 74 67 63 68 66 78 75 56 49 46 40 37 30 21 26 
---------------
Request id 14
19 28 40 46 50 52 55 58 60 62 65 62 60 58 55 52 50 46 40 43 
19 28 40 46 50 52 55 58 60 62 65 62 60 58 55 52 50 46 40 41 33 43 
19 28 40 46 50 52 55 58 60 62 65 62 67 63 68 66 78 75 56 49 46 40 43 
19 28 40 46 50 52 55 58 60 62 65 62 67 63 68 77 73 72 75 56 49 46 40 43 
19 28 40 46 50 52 55 58 60 62 65 62 67 63 68 66 78 75 56 49 46 40 41 33 43 
19 28 40 46 50 52 55 58 60 62 65 62 60 58 55 52 50 46 40 28 19 5 15 20 33 43 
19 28 40 46 50 52 55 58 60 62 65 62 67 63 68 77 73 72 75 56 49 46 40 41 33 43 
19 28 40 46 50 52 55 58 60 62 65 62 67 63 68 66 78 75 56 49 46 40 28 19 5 15 20 33 43 
19 28 40 46 50 52 55 58 60 62 65 62 67 63 68 77 73 72 75 56 49 46 40 28 19 5 15 20 33 43 
19 28 40 46 50 52 55 58 60 62 65 54 57 59 64 69 80 81 71 74 67 62 60 58 55 52 50 46 40 43 
---------------
Request id 5
6 4 0 3 9 17 23 29 35 36 40 28 19 5 15 20 33 41 40 37 
6 4 0 3 9 17 23 29 35 36 40 28 19 5 15 5 19 28 40 37 
6 4 0 3 9 17 23 29 35 36 40 28 19 5 15 20 33 43 40 37 
6 4 0 3 9 17 23 29 35 36 40 28 19 5 15 10 16 24 25 20 33 43 40 37 
6 4 0 3 9 17 23 29 35 36 40 28 19 5 15 10 16 24 25 20 33 41 40 37 
6 4 0 3 9 17 23 29 35 36 40 28 19 5 15 20 33 41 40 36 35 26 21 30 37 
6 4 0 3 9 17 23 29 35 36 40 28 19 5 15 20 33 43 40 36 35 26 21 30 37 
6 4 0 3 9 17 23 29 35 36 40 28 19 5 15 5 19 28 40 36 35 26 21 30 37 
6 4 0 3 9 17 23 29 35 36 40 28 19 5 15 10 16 24 25 20 33 41 40 36 35 26 21 30 37 
6 4 0 3 9 17 23 29 35 36 40 28 19 5 15 10 16 24 25 20 33 43 40 36 35 26 21 30 37 
---------------
Request id 20
28 40 41 33 41 40 36 35 29 23 17 18 
28 40 41 33 43 40 36 35 29 23 17 18 
28 40 41 33 41 40 37 30 21 26 35 29 23 17 18 
28 40 41 33 43 40 37 30 21 26 35 29 23 17 18 
28 40 41 33 20 15 5 19 28 40 36 35 29 23 17 18 
28 40 41 33 20 15 5 19 28 40 37 30 21 26 35 29 23 17 18 
28 40 41 33 20 25 24 16 10 15 5 19 28 40 36 35 29 23 17 18 
28 40 41 33 20 25 24 16 10 15 5 19 28 40 37 30 21 26 35 29 23 17 18 
28 40 43 33 41 40 36 35 29 23 17 18 
28 40 43 33 43 40 36 35 29 23 17 18 
---------------
Request id 7
13 9 3 0 3 9 17 23 29 35 36 40 46 50 52 55 58 60 62 65 62 60 
13 9 3 0 3 9 17 23 29 35 36 40 46 50 52 55 58 60 62 65 54 57 59 64 69 80 81 71 74 67 62 60 
13 9 3 0 3 9 17 23 29 35 36 40 46 50 52 55 58 60 62 65 54 57 59 64 69 80 81 82 84 83 74 67 62 60 
13 9 3 0 3 9 17 23 29 35 36 40 46 50 52 55 58 60 62 65 62 67 63 68 66 78 75 56 49 46 50 52 55 58 60 
13 9 3 0 3 9 17 23 29 35 36 40 46 50 52 55 58 60 62 65 45 34 48 53 54 57 59 64 69 80 81 71 74 67 62 60 
13 9 3 0 3 9 17 23 29 35 36 40 46 50 52 55 58 60 62 65 62 67 63 68 77 73 72 75 56 49 46 50 52 55 58 60 
13 9 3 0 3 9 17 23 29 35 36 40 46 50 52 55 58 60 62 65 45 34 48 53 54 57 59 64 69 80 81 82 84 83 74 67 62 60 
13 9 3 0 3 9 17 23 29 35 36 40 46 50 52 55 58 60 62 65 54 57 59 64 69 80 81 71 74 67 63 68 66 78 75 56 49 46 50 52 55 58 60 
13 9 3 0 3 9 17 23 29 35 36 40 46 50 52 55 58 60 62 65 54 57 59 64 69 80 81 71 74 67 63 68 77 73 72 75 56 49 46 50 52 55 58 60 
13 9 3 0 3 9 17 23 29 35 36 40 46 50 52 55 58 60 62 65 54 57 59 64 69 80 81 82 84 83 74 67 63 68 66 78 75 56 49 46 50 52 55 58 60 
---------------
