Request id 10
70 64 65 54 46 41 40 32 28 25 18 16 24 27 31 34 43 47 
70 64 65 54 46 41 40 32 28 25 18 13 11 16 24 27 31 34 43 47 
70 64 65 54 46 41 40 32 28 25 18 16 17 20 24 27 31 34 43 47 
70 64 65 54 46 41 40 32 28 25 18 25 28 32 40 39 38 34 43 47 
70 64 65 54 46 41 40 32 28 25 18 16 24 30 33 39 38 34 43 47 
70 64 65 54 46 41 40 32 28 25 18 16 17 21 22 27 31 34 43 47 
70 64 65 54 46 41 40 32 28 25 18 25 28 26 23 24 27 31 34 43 47 
70 64 65 54 46 41 40 32 28 25 18 13 11 16 24 30 33 39 38 34 43 47 
70 64 65 54 46 41 40 32 28 25 18 25 28 32 40 56 51 42 38 34 43 47 
70 64 65 54 46 41 40 32 28 25 18 13 11 16 17 20 24 27 31 34 43 47 
70 64 65 54 46 41 40 32 35 37 36 29 25 18 16 24 27 31 34 43 47 
70 64 65 54 46 41 40 32 35 37 36 29 25 18 13 11 16 24 27 31 34 43 47 
70 64 65 54 46 41 40 32 35 37 36 29 25 18 16 17 20 24 27 31 34 43 47 
70 64 65 54 46 41 40 32 35 37 36 29 25 18 25 28 32 40 39 38 34 43 47 
70 64 65 54 46 41 40 32 35 37 36 29 25 18 16 24 30 33 39 38 34 43 47 
70 64 65 54 46 41 40 32 35 37 36 29 25 18 16 17 21 22 27 31 34 43 47 
70 64 65 54 46 41 40 32 35 37 36 29 25 18 25 28 26 23 24 27 31 34 43 47 
70 64 65 54 46 41 40 32 35 37 36 29 25 18 13 11 16 24 30 33 39 38 34 43 47 
70 64 65 54 46 41 40 32 35 37 36 29 25 18 25 28 32 40 56 51 42 38 34 43 47 
70 64 65 54 46 41 40 32 35 37 36 29 25 18 13 11 16 17 20 24 27 31 34 43 47 
70 64 65 54 46 41 40 32 28 25 29 19 15 18 16 24 27 31 34 43 47 
70 64 65 54 46 41 40 32 28 25 29 19 15 18 13 11 16 24 27 31 34 43 47 
70 64 65 54 46 41 40 32 28 25 29 19 15 18 16 17 20 24 27 31 34 43 47 
70 64 65 54 46 41 40 32 28 25 29 19 15 18 25 28 32 40 39 38 34 43 47 
70 64 65 54 46 41 40 32 28 25 29 19 15 18 16 24 30 33 39 38 34 43 47 
70 64 65 54 46 41 40 32 28 25 29 19 15 18 16 17 21 22 27 31 34 43 47 
70 64 65 54 46 41 40 32 28 25 29 19 15 18 25 28 26 23 24 27 31 34 43 47 
70 64 65 54 46 41 40 32 28 25 29 19 15 18 13 11 16 24 30 33 39 38 34 43 47 
70 64 65 54 46 41 40 32 28 25 29 19 15 18 25 28 32 40 56 51 42 38 34 43 47 
70 64 65 54 46 41 40 32 28 25 29 19 15 18 13 11 16 17 20 24 27 31 34 43 47 
70 64 65 54 46 41 40 32 28 26 23 24 16 18 16 24 27 31 34 43 47 
70 64 65 54 46 41 40 32 28 26 23 24 16 18 13 11 16 24 27 31 34 43 47 
70 64 65 54 46 41 40 32 28 26 23 24 16 18 16 17 20 24 27 31 34 43 47 
70 64 65 54 46 41 40 32 28 26 23 24 16 18 25 28 32 40 39 38 34 43 47 
70 64 65 54 46 41 40 32 28 26 23 24 16 18 16 24 30 33 39 38 34 43 47 
70 64 65 54 46 41 40 32 28 26 23 24 16 18 16 17 21 22 27 31 34 43 47 
70 64 65 54 46 41 40 32 28 26 23 24 16 18 25 28 26 23 24 27 31 34 43 47 
70 64 65 54 46 41 40 32 28 26 23 24 16 18 13 11 16 24 30 33 39 38 34 43 47 
70 64 65 54 46 41 40 32 28 26 23 24 16 18 25 28 32 40 56 51 42 38 34 43 47 
70 64 65 54 46 41 40 32 28 26 23 24 16 18 13 11 16 17 20 24 27 31 34 43 47 
---------------
Request id 3
1 3 13 11 16 18 25 18 13 3 1 4 
1 3 13 11 16 18 25 18 16 11 6 8 7 4 
1 3 13 11 16 18 25 18 13 3 6 8 7 4 
1 3 13 11 16 18 25 18 16 11 6 3 1 4 
1 3 13 11 16 18 25 18 13 11 6 8 7 4 
1 3 13 11 16 18 25 18 16 11 13 3 1 4 
1 3 13 11 16 18 25 18 13 0 5 3 1 4 
1 3 13 11 16 18 25 18 13 11 6 3 1 4 
1 3 13 11 16 18 25 29 19 15 18 13 3 1 4 
1 3 13 11 16 18 25 18 13 11 12 10 8 7 4 
1 3 13 11 16 18 15 19 29 25 18 13 3 1 4 
1 3 13 11 16 18 15 19 29 25 18 16 11 6 8 7 4 
1 3 13 11 16 18 15 19 29 25 18 13 3 6 8 7 4 
1 3 13 11 16 18 15 19 29 25 18 16 11 6 3 1 4 
1 3 13 11 16 18 15 19 29 25 18 13 11 6 8 7 4 
1 3 13 11 16 18 15 19 29 25 18 16 11 13 3 1 4 
1 3 13 11 16 18 15 19 29 25 18 13 0 5 3 1 4 
1 3 13 11 16 18 15 19 29 25 18 13 11 6 3 1 4 
1 3 13 11 16 18 15 19 29 25 29 19 15 18 13 3 1 4 
1 3 13 11 16 18 15 19 29 25 18 13 11 12 10 8 7 4 
1 3 13 11 16 18 16 24 23 26 28 25 18 13 3 1 4 
1 3 13 11 16 18 16 24 23 26 28 25 18 16 11 6 8 7 4 
1 3 13 11 16 18 16 24 23 26 28 25 18 13 3 6 8 7 4 
1 3 13 11 16 18 16 24 23 26 28 25 18 16 11 6 3 1 4 
1 3 13 11 16 18 16 24 23 26 28 25 18 13 11 6 8 7 4 
1 3 13 11 16 18 16 24 23 26 28 25 18 16 11 13 3 1 4 
1 3 13 11 16 18 16 24 23 26 28 25 18 13 0 5 3 1 4 
1 3 13 11 16 18 16 24 23 26 28 25 18 13 11 6 3 1 4 
1 3 13 11 16 18 16 24 23 26 28 25 29 19 15 18 13 3 1 4 
1 3 13 11 16 18 16 24 23 26 28 25 18 13 11 12 10 8 7 4 
1 3 13 11 16 18 13 11 16 24 23 26 28 25 18 13 3 1 4 
1 3 13 11 16 18 13 11 16 24 23 26 28 25 18 16 11 6 8 7 4 
1 3 13 11 16 18 13 11 16 24 23 26 28 25 18 13 3 6 8 7 4 
1 3 13 11 16 18 13 11 16 24 23 26 28 25 18 16 11 6 3 1 4 
1 3 13 11 16 18 13 11 16 24 23 26 28 25 18 13 11 6 8 7 4 
1 3 13 11 16 18 13 11 16 24 23 26 28 25 18 16 11 13 3 1 4 
1 3 13 11 16 18 13 11 16 24 23 26 28 25 18 13 0 5 3 1 4 
1 3 13 11 16 18 13 11 16 24 23 26 28 25 18 13 11 6 3 1 4 
1 3 13 11 16 18 13 11 16 24 23 26 28 25 29 19 15 18 13 3 1 4 
1 3 13 11 16 18 13 11 16 24 23 26 28 25 18 13 11 12 10 8 7 4 
---------------
Request id 5
58 56 51 42 38 34 38 39 40 39 38 34 43 47 
58 56 51 42 38 34 38 39 40 56 51 42 38 34 43 47 
58 56 51 42 38 34 38 39 40 39 38 42 49 50 53 52 47 
58 56 51 42 38 34 38 39 40 56 58 55 49 50 53 52 47 
58 56 51 42 38 34 38 39 40 56 51 42 49 50 53 52 47 
58 56 51 42 38 34 38 39 40 39 33 30 24 27 31 34 43 47 
58 56 51 42 38 34 38 39 40 56 58 55 49 42 38 34 43 47 
58 56 51 42 38 34 38 39 40 41 61 59 56 51 42 38 34 43 47 
58 56 51 42 38 34 38 39 40 32 28 26 23 24 27 31 34 43 47 
58 56 51 42 38 34 38 39 40 41 61 59 56 51 42 49 50 53 52 47 
58 56 51 42 38 34 38 42 51 56 40 39 38 34 43 47 
58 56 51 42 38 34 38 42 51 56 40 56 51 42 38 34 43 47 
58 56 51 42 38 34 38 42 51 56 40 39 38 42 49 50 53 52 47 
58 56 51 42 38 34 38 42 51 56 40 56 58 55 49 50 53 52 47 
58 56 51 42 38 34 38 42 51 56 40 56 51 42 49 50 53 52 47 
58 56 51 42 38 34 38 42 51 56 40 39 33 30 24 27 31 34 43 47 
58 56 51 42 38 34 38 42 51 56 40 56 58 55 49 42 38 34 43 47 
58 56 51 42 38 34 38 42 51 56 40 41 61 59 56 51 42 38 34 43 47 
58 56 51 42 38 34 38 42 51 56 40 32 28 26 23 24 27 31 34 43 47 
58 56 51 42 38 34 38 42 51 56 40 41 61 59 56 51 42 49 50 53 52 47 
58 56 51 42 38 34 31 27 24 30 33 39 40 39 38 34 43 47 
58 56 51 42 38 34 31 27 24 30 33 39 40 56 51 42 38 34 43 47 
58 56 51 42 38 34 31 27 24 30 33 39 40 39 38 42 49 50 53 52 47 
58 56 51 42 38 34 31 27 24 30 33 39 40 56 58 55 49 50 53 52 47 
58 56 51 42 38 34 31 27 24 30 33 39 40 56 51 42 49 50 53 52 47 
58 56 51 42 38 34 31 27 24 30 33 39 40 39 33 30 24 27 31 34 43 47 
58 56 51 42 38 34 31 27 24 30 33 39 40 56 58 55 49 42 38 34 43 47 
58 56 51 42 38 34 31 27 24 30 33 39 40 41 61 59 56 51 42 38 34 43 47 
58 56 51 42 38 34 31 27 24 30 33 39 40 32 28 26 23 24 27 31 34 43 47 
58 56 51 42 38 34 31 27 24 30 33 39 40 41 61 59 56 51 42 49 50 53 52 47 
58 56 51 42 38 34 38 42 49 55 58 56 40 39 38 34 43 47 
58 56 51 42 38 34 38 42 49 55 58 56 40 56 51 42 38 34 43 47 
58 56 51 42 38 34 38 42 49 55 58 56 40 39 38 42 49 50 53 52 47 
58 56 51 42 38 34 38 42 49 55 58 56 40 56 58 55 49 50 53 52 47 
58 56 51 42 38 34 38 42 49 55 58 56 40 56 51 42 49 50 53 52 47 
58 56 51 42 38 34 38 42 49 55 58 56 40 39 33 30 24 27 31 34 43 47 
58 56 51 42 38 34 38 42 49 55 58 56 40 56 58 55 49 42 38 34 43 47 
58 56 51 42 38 34 38 42 49 55 58 56 40 41 61 59 56 51 42 38 34 43 47 
58 56 51 42 38 34 38 42 49 55 58 56 40 32 28 26 23 24 27 31 34 43 47 
58 56 51 42 38 34 38 42 49 55 58 56 40 41 61 59 56 51 42 49 50 53 52 47 
---------------
Request id 2
71 69 67 66 63 58 56 40 39 38 34 31 27 24 16 18 25 18 15 9 
71 69 67 66 63 58 56 40 39 38 34 31 27 24 16 18 25 29 19 15 9 
71 69 67 66 63 58 56 40 39 38 34 31 27 24 16 18 25 18 13 0 2 9 
71 69 67 66 63 58 56 40 39 38 34 31 27 24 16 18 25 18 16 11 13 0 2 9 
71 69 67 66 63 58 56 40 39 38 34 31 27 24 16 18 25 18 13 3 5 0 2 9 
71 69 67 66 63 58 56 40 39 38 34 31 27 24 16 18 25 28 26 23 24 16 18 15 9 
71 69 67 66 63 58 56 40 39 38 34 31 27 24 16 18 25 29 19 15 18 13 0 2 9 
71 69 67 66 63 58 56 40 39 38 34 31 27 24 16 18 25 18 16 11 6 3 5 0 2 9 
71 69 67 66 63 58 56 40 39 38 34 31 27 24 16 18 25 28 32 35 37 36 29 19 15 9 
71 69 67 66 63 58 56 40 39 38 34 31 27 24 16 18 25 18 16 11 13 3 5 0 2 9 
71 69 67 66 63 58 56 40 39 38 34 31 27 24 16 11 13 18 25 18 15 9 
71 69 67 66 63 58 56 40 39 38 34 31 27 24 16 11 13 18 25 29 19 15 9 
71 69 67 66 63 58 56 40 39 38 34 31 27 24 16 11 13 18 25 18 13 0 2 9 
71 69 67 66 63 58 56 40 39 38 34 31 27 24 16 11 13 18 25 18 16 11 13 0 2 9 
71 69 67 66 63 58 56 40 39 38 34 31 27 24 16 11 13 18 25 18 13 3 5 0 2 9 
71 69 67 66 63 58 56 40 39 38 34 31 27 24 16 11 13 18 25 28 26 23 24 16 18 15 9 
71 69 67 66 63 58 56 40 39 38 34 31 27 24 16 11 13 18 25 29 19 15 18 13 0 2 9 
71 69 67 66 63 58 56 40 39 38 34 31 27 24 16 11 13 18 25 18 16 11 6 3 5 0 2 9 
71 69 67 66 63 58 56 40 39 38 34 31 27 24 16 11 13 18 25 28 32 35 37 36 29 19 15 9 
71 69 67 66 63 58 56 40 39 38 34 31 27 24 16 11 13 18 25 18 16 11 13 3 5 0 2 9 
71 69 67 66 63 58 56 40 39 38 34 31 27 24 16 18 15 19 29 25 18 15 9 
71 69 67 66 63 58 56 40 39 38 34 31 27 24 16 18 15 19 29 25 29 19 15 9 
71 69 67 66 63 58 56 40 39 38 34 31 27 24 16 18 15 19 29 25 18 13 0 2 9 
71 69 67 66 63 58 56 40 39 38 34 31 27 24 16 18 15 19 29 25 18 16 11 13 0 2 9 
71 69 67 66 63 58 56 40 39 38 34 31 27 24 16 18 15 19 29 25 18 13 3 5 0 2 9 
71 69 67 66 63 58 56 40 39 38 34 31 27 24 16 18 15 19 29 25 28 26 23 24 16 18 15 9 
71 69 67 66 63 58 56 40 39 38 34 31 27 24 16 18 15 19 29 25 29 19 15 18 13 0 2 9 
71 69 67 66 63 58 56 40 39 38 34 31 27 24 16 18 15 19 29 25 18 16 11 6 3 5 0 2 9 
71 69 67 66 63 58 56 40 39 38 34 31 27 24 16 18 15 19 29 25 28 32 35 37 36 29 19 15 9 
71 69 67 66 63 58 56 40 39 38 34 31 27 24 16 18 15 19 29 25 18 16 11 13 3 5 0 2 9 
71 69 67 66 63 58 56 40 39 38 34 31 27 24 16 24 23 26 28 25 18 15 9 
71 69 67 66 63 58 56 40 39 38 34 31 27 24 16 24 23 26 28 25 29 19 15 9 
71 69 67 66 63 58 56 40 39 38 34 31 27 24 16 24 23 26 28 25 18 13 0 2 9 
71 69 67 66 63 58 56 40 39 38 34 31 27 24 16 24 23 26 28 25 18 16 11 13 0 2 9 
71 69 67 66 63 58 56 40 39 38 34 31 27 24 16 24 23 26 28 25 18 13 3 5 0 2 9 
71 69 67 66 63 58 56 40 39 38 34 31 27 24 16 24 23 26 28 25 28 26 23 24 16 18 15 9 
71 69 67 66 63 58 56 40 39 38 34 31 27 24 16 24 23 26 28 25 29 19 15 18 13 0 2 9 
71 69 67 66 63 58 56 40 39 38 34 31 27 24 16 24 23 26 28 25 18 16 11 6 3 5 0 2 9 
71 69 67 66 63 58 56 40 39 38 34 31 27 24 16 24 23 26 28 25 28 32 35 37 36 29 19 15 9 
71 69 67 66 63 58 56 40 39 38 34 31 27 24 16 24 23 26 28 25 18 16 11 13 3 5 0 2 9 
---------------
Request id 6
31 34 38 39 40 39 33 30 24 30 33 39 40 56 59 
31 34 38 39 40 39 33 30 24 23 26 28 32 40 56 59 
31 34 38 39 40 39 33 30 24 30 33 39 40 41 61 59 
31 34 38 39 40 39 33 30 24 30 33 39 38 42 51 56 59 
31 34 38 39 40 39 33 30 24 27 31 34 38 39 40 56 59 
31 34 38 39 40 39 33 30 24 27 31 34 38 42 51 56 59 
31 34 38 39 40 39 33 30 24 16 18 25 28 32 40 56 59 
31 34 38 39 40 39 33 30 24 23 26 28 32 40 41 61 59 
31 34 38 39 40 39 33 30 24 27 31 34 38 39 40 41 61 59 
31 34 38 39 40 39 33 30 24 16 18 25 28 32 40 41 61 59 
31 34 38 39 40 32 28 26 23 24 30 33 39 40 56 59 
31 34 38 39 40 32 28 26 23 24 23 26 28 32 40 56 59 
31 34 38 39 40 32 28 26 23 24 30 33 39 40 41 61 59 
31 34 38 39 40 32 28 26 23 24 30 33 39 38 42 51 56 59 
31 34 38 39 40 32 28 26 23 24 27 31 34 38 39 40 56 59 
31 34 38 39 40 32 28 26 23 24 27 31 34 38 42 51 56 59 
31 34 38 39 40 32 28 26 23 24 16 18 25 28 32 40 56 59 
31 34 38 39 40 32 28 26 23 24 23 26 28 32 40 41 61 59 
31 34 38 39 40 32 28 26 23 24 27 31 34 38 39 40 41 61 59 
31 34 38 39 40 32 28 26 23 24 16 18 25 28 32 40 41 61 59 
31 34 38 39 40 39 38 34 31 27 24 30 33 39 40 56 59 
31 34 38 39 40 39 38 34 31 27 24 23 26 28 32 40 56 59 
31 34 38 39 40 39 38 34 31 27 24 30 33 39 40 41 61 59 
31 34 38 39 40 39 38 34 31 27 24 30 33 39 38 42 51 56 59 
31 34 38 39 40 39 38 34 31 27 24 27 31 34 38 39 40 56 59 
31 34 38 39 40 39 38 34 31 27 24 27 31 34 38 42 51 56 59 
31 34 38 39 40 39 38 34 31 27 24 16 18 25 28 32 40 56 59 
31 34 38 39 40 39 38 34 31 27 24 23 26 28 32 40 41 61 59 
31 34 38 39 40 39 38 34 31 27 24 27 31 34 38 39 40 41 61 59 
31 34 38 39 40 39 38 34 31 27 24 16 18 25 28 32 40 41 61 59 
31 34 38 39 40 32 28 25 18 16 24 30 33 39 40 56 59 
31 34 38 39 40 32 28 25 18 16 24 23 26 28 32 40 56 59 
31 34 38 39 40 32 28 25 18 16 24 30 33 39 40 41 61 59 
31 34 38 39 40 32 28 25 18 16 24 30 33 39 38 42 51 56 59 
31 34 38 39 40 32 28 25 18 16 24 27 31 34 38 39 40 56 59 
31 34 38 39 40 32 28 25 18 16 24 27 31 34 38 42 51 56 59 
31 34 38 39 40 32 28 25 18 16 24 16 18 25 28 32 40 56 59 
31 34 38 39 40 32 28 25 18 16 24 23 26 28 32 40 41 61 59 
31 34 38 39 40 32 28 25 18 16 24 27 31 34 38 39 40 41 61 59 
31 34 38 39 40 32 28 25 18 16 24 16 18 25 28 32 40 41 61 59 
---------------
Request id 8
1 4 7 8 6 3 6 3 5 0 2 
1 4 7 8 6 3 6 11 13 0 2 
1 4 7 8 6 3 6 3 13 0 2 
1 4 7 8 6 3 6 11 16 18 13 0 2 
1 4 7 8 6 3 6 11 13 3 5 0 2 
1 4 7 8 6 3 6 3 13 18 15 9 2 
1 4 7 8 6 3 6 11 16 18 15 9 2 
1 4 7 8 6 3 6 11 13 18 15 9 2 
1 4 7 8 6 3 6 8 10 12 11 13 0 2 
1 4 7 8 6 3 6 3 5 0 13 18 15 9 2 
1 4 7 8 6 3 13 11 6 3 5 0 2 
1 4 7 8 6 3 13 11 6 11 13 0 2 
1 4 7 8 6 3 13 11 6 3 13 0 2 
1 4 7 8 6 3 13 11 6 11 16 18 13 0 2 
1 4 7 8 6 3 13 11 6 11 13 3 5 0 2 
1 4 7 8 6 3 13 11 6 3 13 18 15 9 2 
1 4 7 8 6 3 13 11 6 11 16 18 15 9 2 
1 4 7 8 6 3 13 11 6 11 13 18 15 9 2 
1 4 7 8 6 3 13 11 6 8 10 12 11 13 0 2 
1 4 7 8 6 3 13 11 6 3 5 0 13 18 15 9 2 
1 4 7 8 6 3 5 0 13 11 6 3 5 0 2 
1 4 7 8 6 3 5 0 13 11 6 11 13 0 2 
1 4 7 8 6 3 5 0 13 11 6 3 13 0 2 
1 4 7 8 6 3 5 0 13 11 6 11 16 18 13 0 2 
1 4 7 8 6 3 5 0 13 11 6 11 13 3 5 0 2 
1 4 7 8 6 3 5 0 13 11 6 3 13 18 15 9 2 
1 4 7 8 6 3 5 0 13 11 6 11 16 18 15 9 2 
1 4 7 8 6 3 5 0 13 11 6 11 13 18 15 9 2 
1 4 7 8 6 3 5 0 13 11 6 8 10 12 11 13 0 2 
1 4 7 8 6 3 5 0 13 11 6 3 5 0 13 18 15 9 2 
1 4 7 8 6 3 13 18 16 11 6 3 5 0 2 
1 4 7 8 6 3 13 18 16 11 6 11 13 0 2 
1 4 7 8 6 3 13 18 16 11 6 3 13 0 2 
1 4 7 8 6 3 13 18 16 11 6 11 16 18 13 0 2 
1 4 7 8 6 3 13 18 16 11 6 11 13 3 5 0 2 
1 4 7 8 6 3 13 18 16 11 6 3 13 18 15 9 2 
1 4 7 8 6 3 13 18 16 11 6 11 16 18 15 9 2 
1 4 7 8 6 3 13 18 16 11 6 11 13 18 15 9 2 
1 4 7 8 6 3 13 18 16 11 6 8 10 12 11 13 0 2 
1 4 7 8 6 3 13 18 16 11 6 3 5 0 13 18 15 9 2 
---------------
Request id 1
67 66 62 61 41 40 39 33 30 24 16 18 25 28 32 40 56 59 
67 66 62 61 41 40 39 33 30 24 16 18 25 28 32 40 41 61 59 
67 66 62 61 41 40 39 33 30 24 16 18 25 29 36 37 35 32 40 56 59 
67 66 62 61 41 40 39 33 30 24 16 18 25 28 32 40 39 38 42 51 56 59 
67 66 62 61 41 40 39 33 30 24 16 18 25 28 32 40 41 46 54 62 61 59 
67 66 62 61 41 40 39 33 30 24 16 18 25 29 36 37 35 32 40 41 61 59 
67 66 62 61 41 40 39 33 30 24 16 18 25 18 16 24 30 33 39 40 56 59 
67 66 62 61 41 40 39 33 30 24 16 18 25 29 36 37 45 44 48 46 41 61 59 
67 66 62 61 41 40 39 33 30 24 16 18 25 28 26 23 24 30 33 39 40 56 59 
67 66 62 61 41 40 39 33 30 24 16 18 25 18 16 24 23 26 28 32 40 56 59 
67 66 62 61 41 40 39 33 30 24 23 26 28 25 28 32 40 56 59 
67 66 62 61 41 40 39 33 30 24 23 26 28 25 28 32 40 41 61 59 
67 66 62 61 41 40 39 33 30 24 23 26 28 25 29 36 37 35 32 40 56 59 
67 66 62 61 41 40 39 33 30 24 23 26 28 25 28 32 40 39 38 42 51 56 59 
67 66 62 61 41 40 39 33 30 24 23 26 28 25 28 32 40 41 46 54 62 61 59 
67 66 62 61 41 40 39 33 30 24 23 26 28 25 29 36 37 35 32 40 41 61 59 
67 66 62 61 41 40 39 33 30 24 23 26 28 25 18 16 24 30 33 39 40 56 59 
67 66 62 61 41 40 39 33 30 24 23 26 28 25 29 36 37 45 44 48 46 41 61 59 
67 66 62 61 41 40 39 33 30 24 23 26 28 25 28 26 23 24 30 33 39 40 56 59 
67 66 62 61 41 40 39 33 30 24 23 26 28 25 18 16 24 23 26 28 32 40 56 59 
67 66 62 61 41 40 39 33 30 24 16 11 13 18 25 28 32 40 56 59 
67 66 62 61 41 40 39 33 30 24 16 11 13 18 25 28 32 40 41 61 59 
67 66 62 61 41 40 39 33 30 24 16 11 13 18 25 29 36 37 35 32 40 56 59 
67 66 62 61 41 40 39 33 30 24 16 11 13 18 25 28 32 40 39 38 42 51 56 59 
67 66 62 61 41 40 39 33 30 24 16 11 13 18 25 28 32 40 41 46 54 62 61 59 
67 66 62 61 41 40 39 33 30 24 16 11 13 18 25 29 36 37 35 32 40 41 61 59 
67 66 62 61 41 40 39 33 30 24 16 11 13 18 25 18 16 24 30 33 39 40 56 59 
67 66 62 61 41 40 39 33 30 24 16 11 13 18 25 29 36 37 45 44 48 46 41 61 59 
67 66 62 61 41 40 39 33 30 24 16 11 13 18 25 28 26 23 24 30 33 39 40 56 59 
67 66 62 61 41 40 39 33 30 24 16 11 13 18 25 18 16 24 23 26 28 32 40 56 59 
67 66 62 61 41 40 39 33 30 24 20 17 16 18 25 28 32 40 56 59 
67 66 62 61 41 40 39 33 30 24 20 17 16 18 25 28 32 40 41 61 59 
67 66 62 61 41 40 39 33 30 24 20 17 16 18 25 29 36 37 35 32 40 56 59 
67 66 62 61 41 40 39 33 30 24 20 17 16 18 25 28 32 40 39 38 42 51 56 59 
67 66 62 61 41 40 39 33 30 24 20 17 16 18 25 28 32 40 41 46 54 62 61 59 
67 66 62 61 41 40 39 33 30 24 20 17 16 18 25 29 36 37 35 32 40 41 61 59 
67 66 62 61 41 40 39 33 30 24 20 17 16 18 25 18 16 24 30 33 39 40 56 59 
67 66 62 61 41 40 39 33 30 24 20 17 16 18 25 29 36 37 45 44 48 46 41 61 59 
67 66 62 61 41 40 39 33 30 24 20 17 16 18 25 28 26 23 24 30 33 39 40 56 59 
67 66 62 61 41 40 39 33 30 24 20 17 16 18 25 18 16 24 23 26 28 32 40 56 59 
---------------
Request id 9
2 9 15 18 25 28 26 23 24 16 18 25 29 36 37 45 44 
2 9 15 18 25 28 26 23 24 23 26 28 32 35 37 45 44 
2 9 15 18 25 28 26 23 24 30 33 39 40 41 46 48 44 
2 9 15 18 25 28 26 23 24 23 26 28 32 40 41 46 48 44 
2 9 15 18 25 28 26 23 24 30 33 39 40 32 35 37 45 44 
2 9 15 18 25 28 26 23 24 16 18 25 28 32 35 37 45 44 
2 9 15 18 25 28 26 23 24 16 18 15 19 29 36 37 45 44 
2 9 15 18 25 28 26 23 24 23 26 28 25 29 36 37 45 44 
2 9 15 18 25 28 26 23 24 27 31 34 38 39 40 41 46 48 44 
2 9 15 18 25 28 26 23 24 16 11 13 18 25 29 36 37 45 44 
2 9 15 18 25 28 25 18 16 24 16 18 25 29 36 37 45 44 
2 9 15 18 25 28 25 18 16 24 23 26 28 32 35 37 45 44 
2 9 15 18 25 28 25 18 16 24 30 33 39 40 41 46 48 44 
2 9 15 18 25 28 25 18 16 24 23 26 28 32 40 41 46 48 44 
2 9 15 18 25 28 25 18 16 24 30 33 39 40 32 35 37 45 44 
2 9 15 18 25 28 25 18 16 24 16 18 25 28 32 35 37 45 44 
2 9 15 18 25 28 25 18 16 24 16 18 15 19 29 36 37 45 44 
2 9 15 18 25 28 25 18 16 24 23 26 28 25 29 36 37 45 44 
2 9 15 18 25 28 25 18 16 24 27 31 34 38 39 40 41 46 48 44 
2 9 15 18 25 28 25 18 16 24 16 11 13 18 25 29 36 37 45 44 
2 9 15 18 25 28 32 40 39 33 30 24 16 18 25 29 36 37 45 44 
2 9 15 18 25 28 32 40 39 33 30 24 23 26 28 32 35 37 45 44 
2 9 15 18 25 28 32 40 39 33 30 24 30 33 39 40 41 46 48 44 
2 9 15 18 25 28 32 40 39 33 30 24 23 26 28 32 40 41 46 48 44 
2 9 15 18 25 28 32 40 39 33 30 24 30 33 39 40 32 35 37 45 44 
2 9 15 18 25 28 32 40 39 33 30 24 16 18 25 28 32 35 37 45 44 
2 9 15 18 25 28 32 40 39 33 30 24 16 18 15 19 29 36 37 45 44 
2 9 15 18 25 28 32 40 39 33 30 24 23 26 28 25 29 36 37 45 44 
2 9 15 18 25 28 32 40 39 33 30 24 27 31 34 38 39 40 41 46 48 44 
2 9 15 18 25 28 32 40 39 33 30 24 16 11 13 18 25 29 36 37 45 44 
2 9 15 18 25 28 25 18 16 17 20 24 16 18 25 29 36 37 45 44 
2 9 15 18 25 28 25 18 16 17 20 24 23 26 28 32 35 37 45 44 
2 9 15 18 25 28 25 18 16 17 20 24 30 33 39 40 41 46 48 44 
2 9 15 18 25 28 25 18 16 17 20 24 23 26 28 32 40 41 46 48 44 
2 9 15 18 25 28 25 18 16 17 20 24 30 33 39 40 32 35 37 45 44 
2 9 15 18 25 28 25 18 16 17 20 24 16 18 25 28 32 35 37 45 44 
2 9 15 18 25 28 25 18 16 17 20 24 16 18 15 19 29 36 37 45 44 
2 9 15 18 25 28 25 18 16 17 20 24 23 26 28 25 29 36 37 45 44 
2 9 15 18 25 28 25 18 16 17 20 24 27 31 34 38 39 40 41 46 48 44 
2 9 15 18 25 28 25 18 16 17 20 24 16 11 13 18 25 29 36 37 45 44 
---------------
Request id 4
74 70 64 65 54 46 41 40 32 28 25 18 13 0 13 11 6 8 7 
74 70 64 65 54 46 41 40 32 28 25 18 13 0 5 3 6 8 7 
74 70 64 65 54 46 41 40 32 28 25 18 13 0 13 3 1 4 7 
74 70 64 65 54 46 41 40 32 28 25 18 13 0 5 3 1 4 7 
74 70 64 65 54 46 41 40 32 28 25 18 13 0 13 3 6 8 7 
74 70 64 65 54 46 41 40 32 28 25 18 13 0 13 11 12 10 8 7 
74 70 64 65 54 46 41 40 32 28 25 18 13 0 13 11 6 3 1 4 7 
74 70 64 65 54 46 41 40 32 28 25 18 13 0 5 3 13 11 6 8 7 
74 70 64 65 54 46 41 40 32 28 25 18 13 0 13 18 16 11 6 8 7 
74 70 64 65 54 46 41 40 32 28 25 18 13 0 13 3 6 11 12 10 8 7 
74 70 64 65 54 46 41 40 39 33 30 24 16 11 13 0 13 11 6 8 7 
74 70 64 65 54 46 41 40 39 33 30 24 16 11 13 0 5 3 6 8 7 
74 70 64 65 54 46 41 40 39 33 30 24 16 11 13 0 13 3 1 4 7 
74 70 64 65 54 46 41 40 39 33 30 24 16 11 13 0 5 3 1 4 7 
74 70 64 65 54 46 41 40 39 33 30 24 16 11 13 0 13 3 6 8 7 
74 70 64 65 54 46 41 40 39 33 30 24 16 11 13 0 13 11 12 10 8 7 
74 70 64 65 54 46 41 40 39 33 30 24 16 11 13 0 13 11 6 3 1 4 7 
74 70 64 65 54 46 41 40 39 33 30 24 16 11 13 0 5 3 13 11 6 8 7 
74 70 64 65 54 46 41 40 39 33 30 24 16 11 13 0 13 18 16 11 6 8 7 
74 70 64 65 54 46 41 40 39 33 30 24 16 11 13 0 13 3 6 11 12 10 8 7 
74 70 64 65 54 46 41 40 32 28 25 18 15 9 2 0 13 11 6 8 7 
74 70 64 65 54 46 41 40 32 28 25 18 15 9 2 0 5 3 6 8 7 
74 70 64 65 54 46 41 40 32 28 25 18 15 9 2 0 13 3 1 4 7 
74 70 64 65 54 46 41 40 32 28 25 18 15 9 2 0 5 3 1 4 7 
74 70 64 65 54 46 41 40 32 28 25 18 15 9 2 0 13 3 6 8 7 
74 70 64 65 54 46 41 40 32 28 25 18 15 9 2 0 13 11 12 10 8 7 
74 70 64 65 54 46 41 40 32 28 25 18 15 9 2 0 13 11 6 3 1 4 7 
74 70 64 65 54 46 41 40 32 28 25 18 15 9 2 0 5 3 13 11 6 8 7 
74 70 64 65 54 46 41 40 32 28 25 18 15 9 2 0 13 18 16 11 6 8 7 
74 70 64 65 54 46 41 40 32 28 25 18 15 9 2 0 13 3 6 11 12 10 8 7 
74 70 64 65 54 46 41 40 39 33 30 24 16 18 13 0 13 11 6 8 7 
74 70 64 65 54 46 41 40 39 33 30 24 16 18 13 0 5 3 6 8 7 
74 70 64 65 54 46 41 40 39 33 30 24 16 18 13 0 13 3 1 4 7 
74 70 64 65 54 46 41 40 39 33 30 24 16 18 13 0 5 3 1 4 7 
74 70 64 65 54 46 41 40 39 33 30 24 16 18 13 0 13 3 6 8 7 
74 70 64 65 54 46 41 40 39 33 30 24 16 18 13 0 13 11 12 10 8 7 
74 70 64 65 54 46 41 40 39 33 30 24 16 18 13 0 13 11 6 3 1 4 7 
74 70 64 65 54 46 41 40 39 33 30 24 16 18 13 0 5 3 13 11 6 8 7 
74 70 64 65 54 46 41 40 39 33 30 24 16 18 13 0 13 18 16 11 6 8 7 
74 70 64 65 54 46 41 40 39 33 30 24 16 18 13 0 13 3 6 11 12 10 8 7 
---------------
Request id 7
69 68 65 54 46 41 40 32 28 25 18 16 11 6 8 6 11 13 18 25 28 32 35 
69 68 65 54 46 41 40 32 28 25 18 16 11 6 8 6 3 13 18 25 28 32 35 
69 68 65 54 46 41 40 32 28 25 18 16 11 6 8 6 11 16 18 25 28 32 35 
69 68 65 54 46 41 40 32 28 25 18 16 11 6 8 10 12 11 13 18 25 28 32 35 
69 68 65 54 46 41 40 32 28 25 18 16 11 6 8 6 11 16 24 23 26 28 32 35 
69 68 65 54 46 41 40 32 28 25 18 16 11 6 8 6 11 16 18 25 29 36 37 35 
69 68 65 54 46 41 40 32 28 25 18 16 11 6 8 10 12 11 16 18 25 28 32 35 
69 68 65 54 46 41 40 32 28 25 18 16 11 6 8 6 11 13 18 25 29 36 37 35 
69 68 65 54 46 41 40 32 28 25 18 16 11 6 8 6 3 13 18 25 29 36 37 35 
69 68 65 54 46 41 40 32 28 25 18 16 11 6 8 6 3 5 0 13 18 25 28 32 35 
69 68 65 54 46 41 40 32 28 25 18 16 11 12 10 8 6 11 13 18 25 28 32 35 
69 68 65 54 46 41 40 32 28 25 18 16 11 12 10 8 6 3 13 18 25 28 32 35 
69 68 65 54 46 41 40 32 28 25 18 16 11 12 10 8 6 11 16 18 25 28 32 35 
69 68 65 54 46 41 40 32 28 25 18 16 11 12 10 8 10 12 11 13 18 25 28 32 35 
69 68 65 54 46 41 40 32 28 25 18 16 11 12 10 8 6 11 16 24 23 26 28 32 35 
69 68 65 54 46 41 40 32 28 25 18 16 11 12 10 8 6 11 16 18 25 29 36 37 35 
69 68 65 54 46 41 40 32 28 25 18 16 11 12 10 8 10 12 11 16 18 25 28 32 35 
69 68 65 54 46 41 40 32 28 25 18 16 11 12 10 8 6 11 13 18 25 29 36 37 35 
69 68 65 54 46 41 40 32 28 25 18 16 11 12 10 8 6 3 13 18 25 29 36 37 35 
69 68 65 54 46 41 40 32 28 25 18 16 11 12 10 8 6 3 5 0 13 18 25 28 32 35 
69 68 65 54 46 41 40 32 28 25 18 16 11 13 3 6 8 6 11 13 18 25 28 32 35 
69 68 65 54 46 41 40 32 28 25 18 16 11 13 3 6 8 6 3 13 18 25 28 32 35 
69 68 65 54 46 41 40 32 28 25 18 16 11 13 3 6 8 6 11 16 18 25 28 32 35 
69 68 65 54 46 41 40 32 28 25 18 16 11 13 3 6 8 10 12 11 13 18 25 28 32 35 
69 68 65 54 46 41 40 32 28 25 18 16 11 13 3 6 8 6 11 16 24 23 26 28 32 35 
69 68 65 54 46 41 40 32 28 25 18 16 11 13 3 6 8 6 11 16 18 25 29 36 37 35 
69 68 65 54 46 41 40 32 28 25 18 16 11 13 3 6 8 10 12 11 16 18 25 28 32 35 
69 68 65 54 46 41 40 32 28 25 18 16 11 13 3 6 8 6 11 13 18 25 29 36 37 35 
69 68 65 54 46 41 40 32 28 25 18 16 11 13 3 6 8 6 3 13 18 25 29 36 37 35 
69 68 65 54 46 41 40 32 28 25 18 16 11 13 3 6 8 6 3 5 0 13 18 25 28 32 35 
69 68 65 54 46 41 40 32 28 25 18 16 11 6 3 1 4 7 8 6 11 13 18 25 28 32 35 
69 68 65 54 46 41 40 32 28 25 18 16 11 6 3 1 4 7 8 6 3 13 18 25 28 32 35 
69 68 65 54 46 41 40 32 28 25 18 16 11 6 3 1 4 7 8 6 11 16 18 25 28 32 35 
69 68 65 54 46 41 40 32 28 25 18 16 11 6 3 1 4 7 8 10 12 11 13 18 25 28 32 35 
69 68 65 54 46 41 40 32 28 25 18 16 11 6 3 1 4 7 8 6 11 16 24 23 26 28 32 35 
69 68 65 54 46 41 40 32 28 25 18 16 11 6 3 1 4 7 8 6 11 16 18 25 29 36 37 35 
69 68 65 54 46 41 40 32 28 25 18 16 11 6 3 1 4 7 8 10 12 11 16 18 25 28 32 35 
69 68 65 54 46 41 40 32 28 25 18 16 11 6 3 1 4 7 8 6 11 13 18 25 29 36 37 35 
69 68 65 54 46 41 40 32 28 25 18 16 11 6 3 1 4 7 8 6 3 13 18 25 29 36 37 35 
69 68 65 54 46 41 40 32 28 25 18 16 11 6 3 1 4 7 8 6 3 5 0 13 18 25 28 32 35 
---------------
