Request id 14
63 58 56 40 39 33 30 24 30 33 39 40 41 46 54 65 64 70 74 
63 58 56 40 39 33 30 24 23 26 28 32 40 41 46 54 65 64 70 74 
63 58 56 40 39 33 30 24 30 33 39 40 41 61 62 54 65 64 70 74 
63 58 56 40 39 33 30 24 30 33 39 40 41 46 48 57 60 64 70 74 
63 58 56 40 39 33 30 24 16 18 25 28 32 40 41 46 54 65 64 70 74 
---------------
Request id 13
6 11 16 18 25 28 25 18 16 24 30 33 39 40 41 46 48 
6 11 16 18 25 28 25 18 16 24 23 26 28 32 40 41 46 48 
6 11 16 18 25 28 25 18 16 24 16 18 25 29 36 37 45 44 48 
6 11 16 18 25 28 25 18 16 24 23 26 28 32 35 37 45 44 48 
6 11 16 18 25 28 25 18 16 24 27 31 34 38 39 40 41 46 48 
---------------
Request id 16
13 3 13 18 16 24 27 31 34 43 
13 3 6 11 16 24 27 31 34 43 
13 3 13 11 16 24 27 31 34 43 
13 3 13 18 16 17 20 24 27 31 34 43 
13 3 6 11 13 18 16 24 27 31 34 43 
---------------
Request id 20
69 67 66 62 61 41 40 39 33 30 24 23 26 28 25 18 13 3 6 8 7 
69 67 66 62 61 41 40 39 33 30 24 23 26 28 25 18 16 11 6 8 7 
69 67 66 62 61 41 40 39 33 30 24 23 26 28 25 18 13 11 6 8 7 
69 67 66 62 61 41 40 39 33 30 24 23 26 28 25 18 13 3 1 4 7 
69 67 66 62 61 41 40 39 33 30 24 23 26 28 25 18 16 11 12 10 8 7 
---------------
Request id 19
72 71 69 68 65 54 46 41 40 39 33 30 24 16 11 13 0 
72 71 69 68 65 54 46 41 40 39 33 30 24 16 18 13 0 
72 71 69 68 65 54 46 41 40 39 33 30 24 16 11 13 3 5 0 
72 71 69 68 65 54 46 41 40 39 33 30 24 16 18 13 3 5 0 
72 71 69 68 65 54 46 41 40 39 33 30 24 20 17 16 18 13 0 
---------------
Request id 5
4 1 3 13 18 25 28 32 40 41 46 54 65 68 
4 1 3 13 18 25 28 32 40 56 58 63 66 67 68 
4 1 3 13 18 25 28 32 40 41 61 62 54 65 68 
4 1 3 13 18 25 28 32 40 41 61 62 66 67 68 
4 1 3 13 18 25 28 32 40 56 59 61 62 54 65 68 
---------------
Request id 6
52 47 43 34 31 27 24 20 17 14 
52 47 43 34 31 27 24 16 17 14 
52 47 43 34 31 27 24 16 11 12 14 
52 47 43 34 31 27 24 27 22 21 17 14 
52 47 43 34 31 27 24 20 17 16 11 12 14 
---------------
Request id 3
21 17 16 11 6 8 10 12 11 16 24 27 31 34 43 
21 17 16 11 6 8 10 12 14 17 21 22 27 31 34 43 
21 17 16 11 6 8 10 12 14 17 16 24 27 31 34 43 
21 17 16 11 6 8 10 12 14 17 20 24 27 31 34 43 
21 17 16 11 6 8 10 12 11 16 24 30 33 39 38 34 43 
---------------
Request id 4
45 37 35 32 28 26 23 24 27 31 34 43 
45 37 35 32 28 26 28 32 40 39 38 34 43 
45 37 35 32 28 26 23 24 30 33 39 38 34 43 
45 37 35 32 28 26 28 25 18 16 24 27 31 34 43 
45 37 35 32 28 26 28 32 40 56 51 42 38 34 43 
---------------
Request id 7
59 56 40 32 28 32 40 39 38 34 43 47 52 
59 56 40 32 28 26 23 24 27 31 34 43 47 52 
59 56 40 32 28 32 40 39 38 42 49 50 53 52 
59 56 40 32 28 32 40 56 58 55 49 50 53 52 
59 56 40 32 28 32 40 56 51 42 49 50 53 52 
---------------
Request id 12
10 12 11 16 24 23 26 28 25 18 13 11 
10 12 11 16 24 23 26 28 25 18 16 11 
10 12 11 16 24 23 26 28 26 23 24 16 11 
10 12 11 16 24 23 26 28 25 18 13 3 6 11 
10 12 11 16 24 23 26 28 26 23 24 16 18 13 11 
---------------
Request id 18
39 40 32 40 56 58 55 58 63 66 62 54 65 64 70 74 
39 40 32 40 56 58 55 58 63 66 67 69 71 72 73 74 
39 40 32 40 56 58 55 58 63 66 67 68 65 64 70 74 
39 40 32 40 56 58 55 58 56 40 41 46 54 65 64 70 74 
39 40 32 40 56 58 55 58 63 66 67 69 68 65 64 70 74 
---------------
Request id 9
46 41 40 32 35 32 40 56 58 55 49 42 38 39 40 32 35 37 45 
46 41 40 32 35 32 40 56 58 55 49 55 58 56 40 32 35 37 45 
46 41 40 32 35 32 40 56 58 55 49 42 51 56 40 32 35 37 45 
46 41 40 32 35 32 40 56 58 55 49 42 38 39 40 41 46 48 44 45 
46 41 40 32 35 32 40 56 58 55 49 55 58 56 40 41 46 48 44 45 
---------------
Request id 8
45 37 36 29 25 18 16 24 23 26 23 24 16 11 12 11 13 0 2 
45 37 36 29 25 18 16 24 23 26 23 24 16 11 12 11 6 3 5 0 2 
45 37 36 29 25 18 16 24 23 26 23 24 16 11 12 11 13 18 15 9 2 
45 37 36 29 25 18 16 24 23 26 23 24 16 11 12 11 16 18 13 0 2 
45 37 36 29 25 18 16 24 23 26 23 24 16 11 12 11 13 3 5 0 2 
---------------
Request id 2
29 25 28 26 23 24 30 33 39 40 41 46 54 65 64 
29 25 28 26 23 24 23 26 28 32 40 41 46 54 65 64 
29 25 28 26 23 24 30 33 39 40 41 61 62 54 65 64 
29 25 28 26 23 24 30 33 39 40 41 46 48 57 60 64 
29 25 28 26 23 24 23 26 28 32 40 41 61 62 54 65 64 
---------------
Request id 1
51 42 38 34 31 27 24 23 26 28 32 40 41 46 54 65 68 
51 42 38 34 31 27 24 23 26 28 32 40 56 58 63 66 67 68 
51 42 38 34 31 27 24 23 26 28 32 40 41 61 62 66 67 68 
51 42 38 34 31 27 24 23 26 28 32 40 41 61 62 54 65 68 
51 42 38 34 31 27 24 23 26 28 32 40 56 59 61 62 54 65 68 
---------------
Request id 15
45 37 35 32 28 28 26 23 
45 37 35 32 28 28 26 28 25 18 16 24 23 
45 37 35 32 28 28 26 28 32 40 39 33 30 24 23 
45 37 35 32 28 28 26 28 25 18 16 17 20 24 23 
45 37 35 32 28 28 26 28 25 18 13 11 16 24 23 
---------------
Request id 17
7 8 6 11 16 18 25 28 26 23 24 23 26 28 32 35 37 
7 8 6 11 16 18 25 28 26 23 24 23 26 28 25 29 36 37 
7 8 6 11 16 18 25 28 26 23 24 23 26 23 24 16 18 25 29 36 37 
7 8 6 11 16 18 25 28 26 23 24 23 26 28 25 18 15 19 29 36 37 
7 8 6 11 16 18 25 28 26 23 24 23 26 28 32 40 41 46 48 44 45 37 
---------------
Request id 11
2 0 13 18 25 18 16 17 21 22 
2 0 13 18 25 18 16 17 20 24 27 22 
2 0 13 18 25 18 16 17 16 24 27 22 
2 0 13 18 25 18 16 17 14 12 11 16 24 27 22 
2 0 13 18 25 18 16 17 16 18 25 28 26 23 24 27 22 
---------------
Request id 10
62 66 67 69 71 69 67 66 63 58 55 49 50 49 42 38 34 
62 66 67 69 71 69 67 66 63 58 55 49 50 53 52 47 43 34 
62 66 67 69 71 69 67 66 63 58 55 49 50 49 55 58 56 51 42 38 34 
62 66 67 69 71 69 67 66 63 58 55 49 50 49 42 51 56 40 39 38 34 
62 66 67 69 71 69 67 66 63 58 55 49 50 49 55 58 56 40 39 38 34 
---------------
