Request id 2
69 67 66 63 58 56 40 32 28 25 18 18 25 28 32 40 41 61 
69 67 66 63 58 56 40 32 28 25 18 18 25 28 32 40 56 59 61 
69 67 66 63 58 56 40 32 28 25 18 18 16 24 30 33 39 40 41 61 
69 67 66 63 58 56 40 32 28 25 18 18 25 29 36 37 35 32 40 41 61 
69 67 66 63 58 56 40 32 28 25 18 18 15 19 29 25 28 32 40 41 61 
69 67 66 63 58 56 40 32 28 25 18 18 16 24 23 26 28 32 40 41 61 
69 67 66 63 58 56 40 32 28 25 18 18 16 24 30 33 39 40 56 59 61 
69 67 66 63 58 56 40 32 28 25 18 18 25 28 32 40 41 46 54 62 61 
69 67 66 63 58 56 40 32 28 25 18 18 16 17 20 24 30 33 39 40 41 61 
69 67 66 63 58 56 40 32 28 25 18 18 13 11 16 24 30 33 39 40 41 61 
69 68 65 54 46 41 40 32 28 25 18 18 25 28 32 40 41 61 
69 68 65 54 46 41 40 32 28 25 18 18 25 28 32 40 56 59 61 
69 68 65 54 46 41 40 32 28 25 18 18 16 24 30 33 39 40 41 61 
69 68 65 54 46 41 40 32 28 25 18 18 25 29 36 37 35 32 40 41 61 
69 68 65 54 46 41 40 32 28 25 18 18 15 19 29 25 28 32 40 41 61 
69 68 65 54 46 41 40 32 28 25 18 18 16 24 23 26 28 32 40 41 61 
69 68 65 54 46 41 40 32 28 25 18 18 16 24 30 33 39 40 56 59 61 
69 68 65 54 46 41 40 32 28 25 18 18 25 28 32 40 41 46 54 62 61 
69 68 65 54 46 41 40 32 28 25 18 18 16 17 20 24 30 33 39 40 41 61 
69 68 65 54 46 41 40 32 28 25 18 18 13 11 16 24 30 33 39 40 41 61 
69 67 66 62 61 41 40 32 28 25 18 18 25 28 32 40 41 61 
69 67 66 62 61 41 40 32 28 25 18 18 25 28 32 40 56 59 61 
69 67 66 62 61 41 40 32 28 25 18 18 16 24 30 33 39 40 41 61 
69 67 66 62 61 41 40 32 28 25 18 18 25 29 36 37 35 32 40 41 61 
69 67 66 62 61 41 40 32 28 25 18 18 15 19 29 25 28 32 40 41 61 
69 67 66 62 61 41 40 32 28 25 18 18 16 24 23 26 28 32 40 41 61 
69 67 66 62 61 41 40 32 28 25 18 18 16 24 30 33 39 40 56 59 61 
69 67 66 62 61 41 40 32 28 25 18 18 25 28 32 40 41 46 54 62 61 
69 67 66 62 61 41 40 32 28 25 18 18 16 17 20 24 30 33 39 40 41 61 
69 67 66 62 61 41 40 32 28 25 18 18 13 11 16 24 30 33 39 40 41 61 
69 67 68 65 54 46 41 40 32 28 25 18 18 25 28 32 40 41 61 
69 67 68 65 54 46 41 40 32 28 25 18 18 25 28 32 40 56 59 61 
69 67 68 65 54 46 41 40 32 28 25 18 18 16 24 30 33 39 40 41 61 
69 67 68 65 54 46 41 40 32 28 25 18 18 25 29 36 37 35 32 40 41 61 
69 67 68 65 54 46 41 40 32 28 25 18 18 15 19 29 25 28 32 40 41 61 
69 67 68 65 54 46 41 40 32 28 25 18 18 16 24 23 26 28 32 40 41 61 
69 67 68 65 54 46 41 40 32 28 25 18 18 16 24 30 33 39 40 56 59 61 
69 67 68 65 54 46 41 40 32 28 25 18 18 25 28 32 40 41 46 54 62 61 
69 67 68 65 54 46 41 40 32 28 25 18 18 16 17 20 24 30 33 39 40 41 61 
69 67 68 65 54 46 41 40 32 28 25 18 18 13 11 16 24 30 33 39 40 41 61 
---------------
Request id 11
5 3 3 13 18 25 29 36 37 45 44 48 57 60 
5 3 3 13 18 25 28 32 40 41 46 48 57 60 
5 3 3 13 18 15 19 29 36 37 45 44 48 57 60 
5 3 3 13 18 25 28 32 35 37 45 44 48 57 60 
5 3 3 13 18 25 28 32 40 41 46 54 65 64 60 
5 3 3 13 11 16 24 30 33 39 40 41 46 48 57 60 
5 3 3 6 11 16 24 30 33 39 40 41 46 48 57 60 
5 3 3 13 18 25 28 32 40 41 61 62 54 65 64 60 
5 3 3 13 11 16 18 25 29 36 37 45 44 48 57 60 
5 3 3 5 0 13 18 25 29 36 37 45 44 48 57 60 
5 0 13 3 3 13 18 25 29 36 37 45 44 48 57 60 
5 0 13 3 3 13 18 25 28 32 40 41 46 48 57 60 
5 0 13 3 3 13 18 15 19 29 36 37 45 44 48 57 60 
5 0 13 3 3 13 18 25 28 32 35 37 45 44 48 57 60 
5 0 13 3 3 13 18 25 28 32 40 41 46 54 65 64 60 
5 0 13 3 3 13 11 16 24 30 33 39 40 41 46 48 57 60 
5 0 13 3 3 6 11 16 24 30 33 39 40 41 46 48 57 60 
5 0 13 3 3 13 18 25 28 32 40 41 61 62 54 65 64 60 
5 0 13 3 3 13 11 16 18 25 29 36 37 45 44 48 57 60 
5 0 13 3 3 5 0 13 18 25 29 36 37 45 44 48 57 60 
5 0 13 11 6 3 3 13 18 25 29 36 37 45 44 48 57 60 
5 0 13 11 6 3 3 13 18 25 28 32 40 41 46 48 57 60 
5 0 13 11 6 3 3 13 18 15 19 29 36 37 45 44 48 57 60 
5 0 13 11 6 3 3 13 18 25 28 32 35 37 45 44 48 57 60 
5 0 13 11 6 3 3 13 18 25 28 32 40 41 46 54 65 64 60 
5 0 13 11 6 3 3 13 11 16 24 30 33 39 40 41 46 48 57 60 
5 0 13 11 6 3 3 6 11 16 24 30 33 39 40 41 46 48 57 60 
5 0 13 11 6 3 3 13 18 25 28 32 40 41 61 62 54 65 64 60 
5 0 13 11 6 3 3 13 11 16 18 25 29 36 37 45 44 48 57 60 
5 0 13 11 6 3 3 5 0 13 18 25 29 36 37 45 44 48 57 60 
5 0 2 9 15 18 13 3 3 13 18 25 29 36 37 45 44 48 57 60 
5 0 2 9 15 18 13 3 3 13 18 25 28 32 40 41 46 48 57 60 
5 0 2 9 15 18 13 3 3 13 18 15 19 29 36 37 45 44 48 57 60 
5 0 2 9 15 18 13 3 3 13 18 25 28 32 35 37 45 44 48 57 60 
5 0 2 9 15 18 13 3 3 13 18 25 28 32 40 41 46 54 65 64 60 
5 0 2 9 15 18 13 3 3 13 11 16 24 30 33 39 40 41 46 48 57 60 
5 0 2 9 15 18 13 3 3 6 11 16 24 30 33 39 40 41 46 48 57 60 
5 0 2 9 15 18 13 3 3 13 18 25 28 32 40 41 61 62 54 65 64 60 
5 0 2 9 15 18 13 3 3 13 11 16 18 25 29 36 37 45 44 48 57 60 
5 0 2 9 15 18 13 3 3 5 0 13 18 25 29 36 37 45 44 48 57 60 
---------------
Request id 5
48 46 41 40 39 33 30 24 24 24 30 33 39 40 56 58 63 
48 46 41 40 39 33 30 24 24 24 23 26 28 32 40 56 58 63 
48 46 41 40 39 33 30 24 24 24 30 33 39 38 42 49 55 58 63 
48 46 41 40 39 33 30 24 24 24 27 31 34 38 42 49 55 58 63 
48 46 41 40 39 33 30 24 24 24 27 31 34 38 39 40 56 58 63 
48 46 41 40 39 33 30 24 24 24 27 31 34 38 42 51 56 58 63 
48 46 41 40 39 33 30 24 24 24 16 18 25 28 32 40 56 58 63 
48 46 41 40 39 33 30 24 24 24 30 33 39 40 41 61 62 66 63 
48 46 41 40 39 33 30 24 24 24 30 33 39 38 42 51 56 58 63 
48 46 41 40 39 33 30 24 24 24 23 26 28 32 40 41 61 62 66 63 
48 46 41 40 32 28 26 23 24 24 24 30 33 39 40 56 58 63 
48 46 41 40 32 28 26 23 24 24 24 23 26 28 32 40 56 58 63 
48 46 41 40 32 28 26 23 24 24 24 30 33 39 38 42 49 55 58 63 
48 46 41 40 32 28 26 23 24 24 24 27 31 34 38 42 49 55 58 63 
48 46 41 40 32 28 26 23 24 24 24 27 31 34 38 39 40 56 58 63 
48 46 41 40 32 28 26 23 24 24 24 27 31 34 38 42 51 56 58 63 
48 46 41 40 32 28 26 23 24 24 24 16 18 25 28 32 40 56 58 63 
48 46 41 40 32 28 26 23 24 24 24 30 33 39 40 41 61 62 66 63 
48 46 41 40 32 28 26 23 24 24 24 30 33 39 38 42 51 56 58 63 
48 46 41 40 32 28 26 23 24 24 24 23 26 28 32 40 41 61 62 66 63 
48 46 41 40 39 38 34 31 27 24 24 24 30 33 39 40 56 58 63 
48 46 41 40 39 38 34 31 27 24 24 24 23 26 28 32 40 56 58 63 
48 46 41 40 39 38 34 31 27 24 24 24 30 33 39 38 42 49 55 58 63 
48 46 41 40 39 38 34 31 27 24 24 24 27 31 34 38 42 49 55 58 63 
48 46 41 40 39 38 34 31 27 24 24 24 27 31 34 38 39 40 56 58 63 
48 46 41 40 39 38 34 31 27 24 24 24 27 31 34 38 42 51 56 58 63 
48 46 41 40 39 38 34 31 27 24 24 24 16 18 25 28 32 40 56 58 63 
48 46 41 40 39 38 34 31 27 24 24 24 30 33 39 40 41 61 62 66 63 
48 46 41 40 39 38 34 31 27 24 24 24 30 33 39 38 42 51 56 58 63 
48 46 41 40 39 38 34 31 27 24 24 24 23 26 28 32 40 41 61 62 66 63 
48 46 41 40 32 28 25 18 16 24 24 24 30 33 39 40 56 58 63 
48 46 41 40 32 28 25 18 16 24 24 24 23 26 28 32 40 56 58 63 
48 46 41 40 32 28 25 18 16 24 24 24 30 33 39 38 42 49 55 58 63 
48 46 41 40 32 28 25 18 16 24 24 24 27 31 34 38 42 49 55 58 63 
48 46 41 40 32 28 25 18 16 24 24 24 27 31 34 38 39 40 56 58 63 
48 46 41 40 32 28 25 18 16 24 24 24 27 31 34 38 42 51 56 58 63 
48 46 41 40 32 28 25 18 16 24 24 24 16 18 25 28 32 40 56 58 63 
48 46 41 40 32 28 25 18 16 24 24 24 30 33 39 40 41 61 62 66 63 
48 46 41 40 32 28 25 18 16 24 24 24 30 33 39 38 42 51 56 58 63 
48 46 41 40 32 28 25 18 16 24 24 24 23 26 28 32 40 41 61 62 66 63 
---------------
Request id 6
52 47 43 34 31 27 24 23 26 28 32 35 37 
52 47 43 34 31 27 24 16 18 25 29 36 37 
52 47 43 34 31 27 24 23 26 28 25 29 36 37 
52 47 43 34 31 27 24 16 18 15 19 29 36 37 
52 47 43 34 31 27 24 30 33 39 40 32 35 37 
52 47 43 34 31 27 24 16 18 25 28 32 35 37 
52 47 43 34 31 27 24 16 11 13 18 25 29 36 37 
52 47 43 34 31 27 24 20 17 16 18 25 29 36 37 
52 47 43 34 31 27 24 20 17 16 18 15 19 29 36 37 
52 47 43 34 31 27 24 20 17 16 18 25 28 32 35 37 
52 47 43 34 38 39 33 30 24 23 26 28 32 35 37 
52 47 43 34 38 39 33 30 24 16 18 25 29 36 37 
52 47 43 34 38 39 33 30 24 23 26 28 25 29 36 37 
52 47 43 34 38 39 33 30 24 16 18 15 19 29 36 37 
52 47 43 34 38 39 33 30 24 30 33 39 40 32 35 37 
52 47 43 34 38 39 33 30 24 16 18 25 28 32 35 37 
52 47 43 34 38 39 33 30 24 16 11 13 18 25 29 36 37 
52 47 43 34 38 39 33 30 24 20 17 16 18 25 29 36 37 
52 47 43 34 38 39 33 30 24 20 17 16 18 15 19 29 36 37 
52 47 43 34 38 39 33 30 24 20 17 16 18 25 28 32 35 37 
52 53 50 49 42 38 34 31 27 24 23 26 28 32 35 37 
52 53 50 49 42 38 34 31 27 24 16 18 25 29 36 37 
52 53 50 49 42 38 34 31 27 24 23 26 28 25 29 36 37 
52 53 50 49 42 38 34 31 27 24 16 18 15 19 29 36 37 
52 53 50 49 42 38 34 31 27 24 30 33 39 40 32 35 37 
52 53 50 49 42 38 34 31 27 24 16 18 25 28 32 35 37 
52 53 50 49 42 38 34 31 27 24 16 11 13 18 25 29 36 37 
52 53 50 49 42 38 34 31 27 24 20 17 16 18 25 29 36 37 
52 53 50 49 42 38 34 31 27 24 20 17 16 18 15 19 29 36 37 
52 53 50 49 42 38 34 31 27 24 20 17 16 18 25 28 32 35 37 
52 53 50 49 42 38 39 33 30 24 23 26 28 32 35 37 
52 53 50 49 42 38 39 33 30 24 16 18 25 29 36 37 
52 53 50 49 42 38 39 33 30 24 23 26 28 25 29 36 37 
52 53 50 49 42 38 39 33 30 24 16 18 15 19 29 36 37 
52 53 50 49 42 38 39 33 30 24 30 33 39 40 32 35 37 
52 53 50 49 42 38 39 33 30 24 16 18 25 28 32 35 37 
52 53 50 49 42 38 39 33 30 24 16 11 13 18 25 29 36 37 
52 53 50 49 42 38 39 33 30 24 20 17 16 18 25 29 36 37 
52 53 50 49 42 38 39 33 30 24 20 17 16 18 15 19 29 36 37 
52 53 50 49 42 38 39 33 30 24 20 17 16 18 25 28 32 35 37 
---------------
Request id 22
42 38 34 31 27 24 16 11 6 8 7 4 
42 38 34 31 27 24 16 18 13 3 1 4 
42 38 34 31 27 24 16 11 6 3 1 4 
42 38 34 31 27 24 16 11 13 3 1 4 
42 38 34 31 27 24 16 11 12 10 8 7 4 
42 38 34 31 27 24 16 11 13 3 6 8 7 4 
42 38 34 31 27 24 16 18 13 11 6 8 7 4 
42 38 34 31 27 24 20 17 16 11 6 3 1 4 
42 38 34 31 27 24 16 17 14 12 10 8 7 4 
42 38 34 31 27 24 20 17 16 11 6 8 7 4 
42 38 39 33 30 24 16 11 6 8 7 4 
42 38 39 33 30 24 16 18 13 3 1 4 
42 38 39 33 30 24 16 11 6 3 1 4 
42 38 39 33 30 24 16 11 13 3 1 4 
42 38 39 33 30 24 16 11 12 10 8 7 4 
42 38 39 33 30 24 16 11 13 3 6 8 7 4 
42 38 39 33 30 24 16 18 13 11 6 8 7 4 
42 38 39 33 30 24 20 17 16 11 6 3 1 4 
42 38 39 33 30 24 16 17 14 12 10 8 7 4 
42 38 39 33 30 24 20 17 16 11 6 8 7 4 
42 51 56 40 39 33 30 24 16 11 6 8 7 4 
42 51 56 40 39 33 30 24 16 18 13 3 1 4 
42 51 56 40 39 33 30 24 16 11 6 3 1 4 
42 51 56 40 39 33 30 24 16 11 13 3 1 4 
42 51 56 40 39 33 30 24 16 11 12 10 8 7 4 
42 51 56 40 39 33 30 24 16 11 13 3 6 8 7 4 
42 51 56 40 39 33 30 24 16 18 13 11 6 8 7 4 
42 51 56 40 39 33 30 24 20 17 16 11 6 3 1 4 
42 51 56 40 39 33 30 24 16 17 14 12 10 8 7 4 
42 51 56 40 39 33 30 24 20 17 16 11 6 8 7 4 
42 38 39 40 32 28 26 23 24 16 11 6 8 7 4 
42 38 39 40 32 28 26 23 24 16 18 13 3 1 4 
42 38 39 40 32 28 26 23 24 16 11 6 3 1 4 
42 38 39 40 32 28 26 23 24 16 11 13 3 1 4 
42 38 39 40 32 28 26 23 24 16 11 12 10 8 7 4 
42 38 39 40 32 28 26 23 24 16 11 13 3 6 8 7 4 
42 38 39 40 32 28 26 23 24 16 18 13 11 6 8 7 4 
42 38 39 40 32 28 26 23 24 20 17 16 11 6 3 1 4 
42 38 39 40 32 28 26 23 24 16 17 14 12 10 8 7 4 
42 38 39 40 32 28 26 23 24 20 17 16 11 6 8 7 4 
---------------
Request id 26
7 8 6 3 3 13 18 25 28 32 40 41 61 
7 8 6 3 3 13 18 25 28 32 40 56 59 61 
7 8 6 3 3 13 11 16 24 30 33 39 40 41 61 
7 8 6 3 3 6 11 16 18 25 28 32 40 41 61 
7 8 6 3 3 13 11 16 18 25 28 32 40 41 61 
7 8 6 3 3 13 18 16 24 30 33 39 40 41 61 
7 8 6 3 3 5 0 13 18 25 28 32 40 41 61 
7 8 6 3 3 6 11 13 18 25 28 32 40 41 61 
7 8 6 3 3 6 11 16 24 30 33 39 40 41 61 
7 8 6 3 3 5 0 13 18 25 28 32 40 56 59 61 
7 4 1 3 3 13 18 25 28 32 40 41 61 
7 4 1 3 3 13 18 25 28 32 40 56 59 61 
7 4 1 3 3 13 11 16 24 30 33 39 40 41 61 
7 4 1 3 3 6 11 16 18 25 28 32 40 41 61 
7 4 1 3 3 13 11 16 18 25 28 32 40 41 61 
7 4 1 3 3 13 18 16 24 30 33 39 40 41 61 
7 4 1 3 3 5 0 13 18 25 28 32 40 41 61 
7 4 1 3 3 6 11 13 18 25 28 32 40 41 61 
7 4 1 3 3 6 11 16 24 30 33 39 40 41 61 
7 4 1 3 3 5 0 13 18 25 28 32 40 56 59 61 
7 8 6 11 13 3 3 13 18 25 28 32 40 41 61 
7 8 6 11 13 3 3 13 18 25 28 32 40 56 59 61 
7 8 6 11 13 3 3 13 11 16 24 30 33 39 40 41 61 
7 8 6 11 13 3 3 6 11 16 18 25 28 32 40 41 61 
7 8 6 11 13 3 3 13 11 16 18 25 28 32 40 41 61 
7 8 6 11 13 3 3 13 18 16 24 30 33 39 40 41 61 
7 8 6 11 13 3 3 5 0 13 18 25 28 32 40 41 61 
7 8 6 11 13 3 3 6 11 13 18 25 28 32 40 41 61 
7 8 6 11 13 3 3 6 11 16 24 30 33 39 40 41 61 
7 8 6 11 13 3 3 5 0 13 18 25 28 32 40 56 59 61 
7 8 10 12 11 13 3 3 13 18 25 28 32 40 41 61 
7 8 10 12 11 13 3 3 13 18 25 28 32 40 56 59 61 
7 8 10 12 11 13 3 3 13 11 16 24 30 33 39 40 41 61 
7 8 10 12 11 13 3 3 6 11 16 18 25 28 32 40 41 61 
7 8 10 12 11 13 3 3 13 11 16 18 25 28 32 40 41 61 
7 8 10 12 11 13 3 3 13 18 16 24 30 33 39 40 41 61 
7 8 10 12 11 13 3 3 5 0 13 18 25 28 32 40 41 61 
7 8 10 12 11 13 3 3 6 11 13 18 25 28 32 40 41 61 
7 8 10 12 11 13 3 3 6 11 16 24 30 33 39 40 41 61 
7 8 10 12 11 13 3 3 5 0 13 18 25 28 32 40 56 59 61 
---------------
Request id 27
9 15 18 16 24 27 31 34 38 42 49 
9 15 18 25 28 32 40 56 51 42 49 
9 15 18 16 24 30 33 39 38 42 49 
9 15 18 25 28 32 40 39 38 42 49 
9 15 18 25 28 32 40 56 58 55 49 
9 15 18 16 17 20 24 30 33 39 38 42 49 
9 15 18 16 24 30 33 39 40 56 51 42 49 
9 15 18 13 11 16 24 30 33 39 38 42 49 
9 15 18 16 17 21 22 27 31 34 38 42 49 
9 15 18 16 17 20 24 27 31 34 38 42 49 
9 2 0 13 18 16 24 27 31 34 38 42 49 
9 2 0 13 18 25 28 32 40 56 51 42 49 
9 2 0 13 18 16 24 30 33 39 38 42 49 
9 2 0 13 18 25 28 32 40 39 38 42 49 
9 2 0 13 18 25 28 32 40 56 58 55 49 
9 2 0 13 18 16 17 20 24 30 33 39 38 42 49 
9 2 0 13 18 16 24 30 33 39 40 56 51 42 49 
9 2 0 13 18 13 11 16 24 30 33 39 38 42 49 
9 2 0 13 18 16 17 21 22 27 31 34 38 42 49 
9 2 0 13 18 16 17 20 24 27 31 34 38 42 49 
9 15 19 29 25 18 16 24 27 31 34 38 42 49 
9 15 19 29 25 18 25 28 32 40 56 51 42 49 
9 15 19 29 25 18 16 24 30 33 39 38 42 49 
9 15 19 29 25 18 25 28 32 40 39 38 42 49 
9 15 19 29 25 18 25 28 32 40 56 58 55 49 
9 15 19 29 25 18 16 17 20 24 30 33 39 38 42 49 
9 15 19 29 25 18 16 24 30 33 39 40 56 51 42 49 
9 15 19 29 25 18 13 11 16 24 30 33 39 38 42 49 
9 15 19 29 25 18 16 17 21 22 27 31 34 38 42 49 
9 15 19 29 25 18 16 17 20 24 27 31 34 38 42 49 
9 2 0 13 11 16 18 16 24 27 31 34 38 42 49 
9 2 0 13 11 16 18 25 28 32 40 56 51 42 49 
9 2 0 13 11 16 18 16 24 30 33 39 38 42 49 
9 2 0 13 11 16 18 25 28 32 40 39 38 42 49 
9 2 0 13 11 16 18 25 28 32 40 56 58 55 49 
9 2 0 13 11 16 18 16 17 20 24 30 33 39 38 42 49 
9 2 0 13 11 16 18 16 24 30 33 39 40 56 51 42 49 
9 2 0 13 11 16 18 13 11 16 24 30 33 39 38 42 49 
9 2 0 13 11 16 18 16 17 21 22 27 31 34 38 42 49 
9 2 0 13 11 16 18 16 17 20 24 27 31 34 38 42 49 
---------------
Request id 13
38 39 33 30 24 16 18 15 19 
38 39 33 30 24 16 18 25 29 19 
38 39 33 30 24 16 11 13 18 15 19 
38 39 33 30 24 20 17 16 18 15 19 
38 39 33 30 24 23 26 28 25 29 19 
38 39 33 30 24 20 17 16 18 25 29 19 
38 39 33 30 24 23 26 28 25 18 15 19 
38 39 33 30 24 16 11 13 18 25 29 19 
38 39 33 30 24 16 11 6 3 13 18 15 19 
38 39 33 30 24 27 22 21 17 16 18 15 19 
38 34 31 27 24 16 18 15 19 
38 34 31 27 24 16 18 25 29 19 
38 34 31 27 24 16 11 13 18 15 19 
38 34 31 27 24 20 17 16 18 15 19 
38 34 31 27 24 23 26 28 25 29 19 
38 34 31 27 24 20 17 16 18 25 29 19 
38 34 31 27 24 23 26 28 25 18 15 19 
38 34 31 27 24 16 11 13 18 25 29 19 
38 34 31 27 24 16 11 6 3 13 18 15 19 
38 34 31 27 24 27 22 21 17 16 18 15 19 
38 39 40 32 28 26 23 24 16 18 15 19 
38 39 40 32 28 26 23 24 16 18 25 29 19 
38 39 40 32 28 26 23 24 16 11 13 18 15 19 
38 39 40 32 28 26 23 24 20 17 16 18 15 19 
38 39 40 32 28 26 23 24 23 26 28 25 29 19 
38 39 40 32 28 26 23 24 20 17 16 18 25 29 19 
38 39 40 32 28 26 23 24 23 26 28 25 18 15 19 
38 39 40 32 28 26 23 24 16 11 13 18 25 29 19 
38 39 40 32 28 26 23 24 16 11 6 3 13 18 15 19 
38 39 40 32 28 26 23 24 27 22 21 17 16 18 15 19 
38 34 31 27 22 21 17 16 24 16 18 15 19 
38 34 31 27 22 21 17 16 24 16 18 25 29 19 
38 34 31 27 22 21 17 16 24 16 11 13 18 15 19 
38 34 31 27 22 21 17 16 24 20 17 16 18 15 19 
38 34 31 27 22 21 17 16 24 23 26 28 25 29 19 
38 34 31 27 22 21 17 16 24 20 17 16 18 25 29 19 
38 34 31 27 22 21 17 16 24 23 26 28 25 18 15 19 
38 34 31 27 22 21 17 16 24 16 11 13 18 25 29 19 
38 34 31 27 22 21 17 16 24 16 11 6 3 13 18 15 19 
38 34 31 27 22 21 17 16 24 27 22 21 17 16 18 15 19 
---------------
Request id 28
9 15 18 15 
9 15 18 25 29 19 15 
9 15 18 13 0 2 9 15 
9 15 18 16 11 13 0 2 9 15 
9 15 18 13 3 5 0 2 9 15 
9 15 18 16 24 23 26 28 25 29 19 15 
9 15 18 13 11 6 3 5 0 2 9 15 
9 15 18 25 28 32 35 37 36 29 19 15 
9 15 18 16 11 6 3 13 0 2 9 15 
9 15 18 16 11 13 3 5 0 2 9 15 
9 2 0 13 18 15 
9 2 0 13 18 25 29 19 15 
9 2 0 13 18 13 0 2 9 15 
9 2 0 13 18 16 11 13 0 2 9 15 
9 2 0 13 18 13 3 5 0 2 9 15 
9 2 0 13 18 16 24 23 26 28 25 29 19 15 
9 2 0 13 18 13 11 6 3 5 0 2 9 15 
9 2 0 13 18 25 28 32 35 37 36 29 19 15 
9 2 0 13 18 16 11 6 3 13 0 2 9 15 
9 2 0 13 18 16 11 13 3 5 0 2 9 15 
9 15 19 29 25 18 15 
9 15 19 29 25 18 25 29 19 15 
9 15 19 29 25 18 13 0 2 9 15 
9 15 19 29 25 18 16 11 13 0 2 9 15 
9 15 19 29 25 18 13 3 5 0 2 9 15 
9 15 19 29 25 18 16 24 23 26 28 25 29 19 15 
9 15 19 29 25 18 13 11 6 3 5 0 2 9 15 
9 15 19 29 25 18 25 28 32 35 37 36 29 19 15 
9 15 19 29 25 18 16 11 6 3 13 0 2 9 15 
9 15 19 29 25 18 16 11 13 3 5 0 2 9 15 
9 2 0 13 11 16 18 15 
9 2 0 13 11 16 18 25 29 19 15 
9 2 0 13 11 16 18 13 0 2 9 15 
9 2 0 13 11 16 18 16 11 13 0 2 9 15 
9 2 0 13 11 16 18 13 3 5 0 2 9 15 
9 2 0 13 11 16 18 16 24 23 26 28 25 29 19 15 
9 2 0 13 11 16 18 13 11 6 3 5 0 2 9 15 
9 2 0 13 11 16 18 25 28 32 35 37 36 29 19 15 
9 2 0 13 11 16 18 16 11 6 3 13 0 2 9 15 
9 2 0 13 11 16 18 16 11 13 3 5 0 2 9 15 
---------------
Request id 3
15 18 16 24 27 31 34 43 47 52 
15 18 25 28 32 40 39 38 34 43 47 52 
15 18 16 17 20 24 27 31 34 43 47 52 
15 18 13 11 16 24 27 31 34 43 47 52 
15 18 16 24 30 33 39 38 34 43 47 52 
15 18 16 17 21 22 27 31 34 43 47 52 
15 18 25 28 32 40 56 58 55 49 50 53 52 
15 18 16 24 27 31 34 38 42 49 50 53 52 
15 18 25 28 32 40 39 38 42 49 50 53 52 
15 18 25 28 26 23 24 27 31 34 43 47 52 
15 19 29 25 18 16 24 27 31 34 43 47 52 
15 19 29 25 18 25 28 32 40 39 38 34 43 47 52 
15 19 29 25 18 16 17 20 24 27 31 34 43 47 52 
15 19 29 25 18 13 11 16 24 27 31 34 43 47 52 
15 19 29 25 18 16 24 30 33 39 38 34 43 47 52 
15 19 29 25 18 16 17 21 22 27 31 34 43 47 52 
15 19 29 25 18 25 28 32 40 56 58 55 49 50 53 52 
15 19 29 25 18 16 24 27 31 34 38 42 49 50 53 52 
15 19 29 25 18 25 28 32 40 39 38 42 49 50 53 52 
15 19 29 25 18 25 28 26 23 24 27 31 34 43 47 52 
15 9 2 0 13 18 16 24 27 31 34 43 47 52 
15 9 2 0 13 18 25 28 32 40 39 38 34 43 47 52 
15 9 2 0 13 18 16 17 20 24 27 31 34 43 47 52 
15 9 2 0 13 18 13 11 16 24 27 31 34 43 47 52 
15 9 2 0 13 18 16 24 30 33 39 38 34 43 47 52 
15 9 2 0 13 18 16 17 21 22 27 31 34 43 47 52 
15 9 2 0 13 18 25 28 32 40 56 58 55 49 50 53 52 
15 9 2 0 13 18 16 24 27 31 34 38 42 49 50 53 52 
15 9 2 0 13 18 25 28 32 40 39 38 42 49 50 53 52 
15 9 2 0 13 18 25 28 26 23 24 27 31 34 43 47 52 
15 9 2 0 5 3 13 18 16 24 27 31 34 43 47 52 
15 9 2 0 5 3 13 18 25 28 32 40 39 38 34 43 47 52 
15 9 2 0 5 3 13 18 16 17 20 24 27 31 34 43 47 52 
15 9 2 0 5 3 13 18 13 11 16 24 27 31 34 43 47 52 
15 9 2 0 5 3 13 18 16 24 30 33 39 38 34 43 47 52 
15 9 2 0 5 3 13 18 16 17 21 22 27 31 34 43 47 52 
15 9 2 0 5 3 13 18 25 28 32 40 56 58 55 49 50 53 52 
15 9 2 0 5 3 13 18 16 24 27 31 34 38 42 49 50 53 52 
15 9 2 0 5 3 13 18 25 28 32 40 39 38 42 49 50 53 52 
15 9 2 0 5 3 13 18 25 28 26 23 24 27 31 34 43 47 52 
---------------
Request id 9
69 67 66 63 58 56 40 32 28 25 18 18 16 24 27 
69 67 66 63 58 56 40 32 28 25 18 18 13 11 16 24 27 
69 67 66 63 58 56 40 32 28 25 18 18 16 17 21 22 27 
69 67 66 63 58 56 40 32 28 25 18 18 16 17 20 24 27 
69 67 66 63 58 56 40 32 28 25 18 18 25 28 26 23 24 27 
69 67 66 63 58 56 40 32 28 25 18 18 13 3 6 11 16 24 27 
69 67 66 63 58 56 40 32 28 25 18 18 16 24 20 17 21 22 27 
69 67 66 63 58 56 40 32 28 25 18 18 13 11 16 17 20 24 27 
69 67 66 63 58 56 40 32 28 25 18 18 13 11 16 17 21 22 27 
69 67 66 63 58 56 40 32 28 25 18 18 16 11 12 14 17 21 22 27 
69 68 65 54 46 41 40 32 28 25 18 18 16 24 27 
69 68 65 54 46 41 40 32 28 25 18 18 13 11 16 24 27 
69 68 65 54 46 41 40 32 28 25 18 18 16 17 21 22 27 
69 68 65 54 46 41 40 32 28 25 18 18 16 17 20 24 27 
69 68 65 54 46 41 40 32 28 25 18 18 25 28 26 23 24 27 
69 68 65 54 46 41 40 32 28 25 18 18 13 3 6 11 16 24 27 
69 68 65 54 46 41 40 32 28 25 18 18 16 24 20 17 21 22 27 
69 68 65 54 46 41 40 32 28 25 18 18 13 11 16 17 20 24 27 
69 68 65 54 46 41 40 32 28 25 18 18 13 11 16 17 21 22 27 
69 68 65 54 46 41 40 32 28 25 18 18 16 11 12 14 17 21 22 27 
69 67 66 62 61 41 40 32 28 25 18 18 16 24 27 
69 67 66 62 61 41 40 32 28 25 18 18 13 11 16 24 27 
69 67 66 62 61 41 40 32 28 25 18 18 16 17 21 22 27 
69 67 66 62 61 41 40 32 28 25 18 18 16 17 20 24 27 
69 67 66 62 61 41 40 32 28 25 18 18 25 28 26 23 24 27 
69 67 66 62 61 41 40 32 28 25 18 18 13 3 6 11 16 24 27 
69 67 66 62 61 41 40 32 28 25 18 18 16 24 20 17 21 22 27 
69 67 66 62 61 41 40 32 28 25 18 18 13 11 16 17 20 24 27 
69 67 66 62 61 41 40 32 28 25 18 18 13 11 16 17 21 22 27 
69 67 66 62 61 41 40 32 28 25 18 18 16 11 12 14 17 21 22 27 
69 67 68 65 54 46 41 40 32 28 25 18 18 16 24 27 
69 67 68 65 54 46 41 40 32 28 25 18 18 13 11 16 24 27 
69 67 68 65 54 46 41 40 32 28 25 18 18 16 17 21 22 27 
69 67 68 65 54 46 41 40 32 28 25 18 18 16 17 20 24 27 
69 67 68 65 54 46 41 40 32 28 25 18 18 25 28 26 23 24 27 
69 67 68 65 54 46 41 40 32 28 25 18 18 13 3 6 11 16 24 27 
69 67 68 65 54 46 41 40 32 28 25 18 18 16 24 20 17 21 22 27 
69 67 68 65 54 46 41 40 32 28 25 18 18 13 11 16 17 20 24 27 
69 67 68 65 54 46 41 40 32 28 25 18 18 13 11 16 17 21 22 27 
69 67 68 65 54 46 41 40 32 28 25 18 18 16 11 12 14 17 21 22 27 
---------------
Request id 19
54 46 41 40 32 28 25 18 18 25 28 32 40 39 38 
54 46 41 40 32 28 25 18 18 16 24 30 33 39 38 
54 46 41 40 32 28 25 18 18 16 24 27 31 34 38 
54 46 41 40 32 28 25 18 18 25 28 32 40 56 51 42 38 
54 46 41 40 32 28 25 18 18 13 11 16 24 27 31 34 38 
54 46 41 40 32 28 25 18 18 16 17 20 24 30 33 39 38 
54 46 41 40 32 28 25 18 18 13 11 16 24 30 33 39 38 
54 46 41 40 32 28 25 18 18 16 17 21 22 27 31 34 38 
54 46 41 40 32 28 25 18 18 16 17 20 24 27 31 34 38 
54 46 41 40 32 28 25 18 18 15 19 29 25 28 32 40 39 38 
54 62 61 41 40 32 28 25 18 18 25 28 32 40 39 38 
54 62 61 41 40 32 28 25 18 18 16 24 30 33 39 38 
54 62 61 41 40 32 28 25 18 18 16 24 27 31 34 38 
54 62 61 41 40 32 28 25 18 18 25 28 32 40 56 51 42 38 
54 62 61 41 40 32 28 25 18 18 13 11 16 24 27 31 34 38 
54 62 61 41 40 32 28 25 18 18 16 17 20 24 30 33 39 38 
54 62 61 41 40 32 28 25 18 18 13 11 16 24 30 33 39 38 
54 62 61 41 40 32 28 25 18 18 16 17 21 22 27 31 34 38 
54 62 61 41 40 32 28 25 18 18 16 17 20 24 27 31 34 38 
54 62 61 41 40 32 28 25 18 18 15 19 29 25 28 32 40 39 38 
54 46 48 44 45 37 36 29 25 18 18 25 28 32 40 39 38 
54 46 48 44 45 37 36 29 25 18 18 16 24 30 33 39 38 
54 46 48 44 45 37 36 29 25 18 18 16 24 27 31 34 38 
54 46 48 44 45 37 36 29 25 18 18 25 28 32 40 56 51 42 38 
54 46 48 44 45 37 36 29 25 18 18 13 11 16 24 27 31 34 38 
54 46 48 44 45 37 36 29 25 18 18 16 17 20 24 30 33 39 38 
54 46 48 44 45 37 36 29 25 18 18 13 11 16 24 30 33 39 38 
54 46 48 44 45 37 36 29 25 18 18 16 17 21 22 27 31 34 38 
54 46 48 44 45 37 36 29 25 18 18 16 17 20 24 27 31 34 38 
54 46 48 44 45 37 36 29 25 18 18 15 19 29 25 28 32 40 39 38 
54 46 41 40 39 33 30 24 16 18 18 25 28 32 40 39 38 
54 46 41 40 39 33 30 24 16 18 18 16 24 30 33 39 38 
54 46 41 40 39 33 30 24 16 18 18 16 24 27 31 34 38 
54 46 41 40 39 33 30 24 16 18 18 25 28 32 40 56 51 42 38 
54 46 41 40 39 33 30 24 16 18 18 13 11 16 24 27 31 34 38 
54 46 41 40 39 33 30 24 16 18 18 16 17 20 24 30 33 39 38 
54 46 41 40 39 33 30 24 16 18 18 13 11 16 24 30 33 39 38 
54 46 41 40 39 33 30 24 16 18 18 16 17 21 22 27 31 34 38 
54 46 41 40 39 33 30 24 16 18 18 16 17 20 24 27 31 34 38 
54 46 41 40 39 33 30 24 16 18 18 15 19 29 25 28 32 40 39 38 
---------------
Request id 21
71 69 67 66 63 58 56 40 32 28 25 18 18 16 24 30 
71 69 67 66 63 58 56 40 32 28 25 18 18 13 11 16 24 30 
71 69 67 66 63 58 56 40 32 28 25 18 18 16 17 20 24 30 
71 69 67 66 63 58 56 40 32 28 25 18 18 25 28 26 23 24 30 
71 69 67 66 63 58 56 40 32 28 25 18 18 13 3 6 11 16 24 30 
71 69 67 66 63 58 56 40 32 28 25 18 18 16 17 21 22 27 24 30 
71 69 67 66 63 58 56 40 32 28 25 18 18 13 11 16 17 20 24 30 
71 69 67 66 63 58 56 40 32 28 25 18 18 25 28 32 40 39 33 30 
71 69 67 66 63 58 56 40 32 28 25 18 18 16 11 12 14 17 20 24 30 
71 69 67 66 63 58 56 40 32 28 25 18 18 13 11 12 14 17 16 24 30 
71 69 68 65 54 46 41 40 32 28 25 18 18 16 24 30 
71 69 68 65 54 46 41 40 32 28 25 18 18 13 11 16 24 30 
71 69 68 65 54 46 41 40 32 28 25 18 18 16 17 20 24 30 
71 69 68 65 54 46 41 40 32 28 25 18 18 25 28 26 23 24 30 
71 69 68 65 54 46 41 40 32 28 25 18 18 13 3 6 11 16 24 30 
71 69 68 65 54 46 41 40 32 28 25 18 18 16 17 21 22 27 24 30 
71 69 68 65 54 46 41 40 32 28 25 18 18 13 11 16 17 20 24 30 
71 69 68 65 54 46 41 40 32 28 25 18 18 25 28 32 40 39 33 30 
71 69 68 65 54 46 41 40 32 28 25 18 18 16 11 12 14 17 20 24 30 
71 69 68 65 54 46 41 40 32 28 25 18 18 13 11 12 14 17 16 24 30 
71 69 67 66 62 61 41 40 32 28 25 18 18 16 24 30 
71 69 67 66 62 61 41 40 32 28 25 18 18 13 11 16 24 30 
71 69 67 66 62 61 41 40 32 28 25 18 18 16 17 20 24 30 
71 69 67 66 62 61 41 40 32 28 25 18 18 25 28 26 23 24 30 
71 69 67 66 62 61 41 40 32 28 25 18 18 13 3 6 11 16 24 30 
71 69 67 66 62 61 41 40 32 28 25 18 18 16 17 21 22 27 24 30 
71 69 67 66 62 61 41 40 32 28 25 18 18 13 11 16 17 20 24 30 
71 69 67 66 62 61 41 40 32 28 25 18 18 25 28 32 40 39 33 30 
71 69 67 66 62 61 41 40 32 28 25 18 18 16 11 12 14 17 20 24 30 
71 69 67 66 62 61 41 40 32 28 25 18 18 13 11 12 14 17 16 24 30 
71 69 68 67 66 63 58 56 40 32 28 25 18 18 16 24 30 
71 69 68 67 66 63 58 56 40 32 28 25 18 18 13 11 16 24 30 
71 69 68 67 66 63 58 56 40 32 28 25 18 18 16 17 20 24 30 
71 69 68 67 66 63 58 56 40 32 28 25 18 18 25 28 26 23 24 30 
71 69 68 67 66 63 58 56 40 32 28 25 18 18 13 3 6 11 16 24 30 
71 69 68 67 66 63 58 56 40 32 28 25 18 18 16 17 21 22 27 24 30 
71 69 68 67 66 63 58 56 40 32 28 25 18 18 13 11 16 17 20 24 30 
71 69 68 67 66 63 58 56 40 32 28 25 18 18 25 28 32 40 39 33 30 
71 69 68 67 66 63 58 56 40 32 28 25 18 18 16 11 12 14 17 20 24 30 
71 69 68 67 66 63 58 56 40 32 28 25 18 18 13 11 12 14 17 16 24 30 
---------------
Request id 30
73 74 70 64 65 54 46 41 40 32 28 25 18 18 18 16 24 27 31 34 43 47 52 53 
73 74 70 64 65 54 46 41 40 32 28 25 18 18 18 25 28 32 40 56 51 42 49 50 53 
73 74 70 64 65 54 46 41 40 32 28 25 18 18 18 16 24 27 31 34 38 42 49 50 53 
73 74 70 64 65 54 46 41 40 32 28 25 18 18 18 25 28 32 40 39 38 42 49 50 53 
73 74 70 64 65 54 46 41 40 32 28 25 18 18 18 25 28 32 40 56 58 55 49 50 53 
73 74 70 64 65 54 46 41 40 32 28 25 18 18 18 16 24 30 33 39 38 42 49 50 53 
73 74 70 64 65 54 46 41 40 32 28 25 18 18 18 16 17 20 24 27 31 34 43 47 52 53 
73 74 70 64 65 54 46 41 40 32 28 25 18 18 18 13 11 16 24 27 31 34 43 47 52 53 
73 74 70 64 65 54 46 41 40 32 28 25 18 18 18 16 24 30 33 39 38 34 43 47 52 53 
73 74 70 64 65 54 46 41 40 32 28 25 18 18 18 16 17 21 22 27 31 34 43 47 52 53 
73 72 71 69 67 66 63 58 56 40 32 28 25 18 18 18 16 24 27 31 34 43 47 52 53 
73 72 71 69 67 66 63 58 56 40 32 28 25 18 18 18 25 28 32 40 56 51 42 49 50 53 
73 72 71 69 67 66 63 58 56 40 32 28 25 18 18 18 16 24 27 31 34 38 42 49 50 53 
73 72 71 69 67 66 63 58 56 40 32 28 25 18 18 18 25 28 32 40 39 38 42 49 50 53 
73 72 71 69 67 66 63 58 56 40 32 28 25 18 18 18 25 28 32 40 56 58 55 49 50 53 
73 72 71 69 67 66 63 58 56 40 32 28 25 18 18 18 16 24 30 33 39 38 42 49 50 53 
73 72 71 69 67 66 63 58 56 40 32 28 25 18 18 18 16 17 20 24 27 31 34 43 47 52 53 
73 72 71 69 67 66 63 58 56 40 32 28 25 18 18 18 13 11 16 24 27 31 34 43 47 52 53 
73 72 71 69 67 66 63 58 56 40 32 28 25 18 18 18 16 24 30 33 39 38 34 43 47 52 53 
73 72 71 69 67 66 63 58 56 40 32 28 25 18 18 18 16 17 21 22 27 31 34 43 47 52 53 
73 74 70 64 60 57 48 46 41 40 32 28 25 18 18 18 16 24 27 31 34 43 47 52 53 
73 74 70 64 60 57 48 46 41 40 32 28 25 18 18 18 25 28 32 40 56 51 42 49 50 53 
73 74 70 64 60 57 48 46 41 40 32 28 25 18 18 18 16 24 27 31 34 38 42 49 50 53 
73 74 70 64 60 57 48 46 41 40 32 28 25 18 18 18 25 28 32 40 39 38 42 49 50 53 
73 74 70 64 60 57 48 46 41 40 32 28 25 18 18 18 25 28 32 40 56 58 55 49 50 53 
73 74 70 64 60 57 48 46 41 40 32 28 25 18 18 18 16 24 30 33 39 38 42 49 50 53 
73 74 70 64 60 57 48 46 41 40 32 28 25 18 18 18 16 17 20 24 27 31 34 43 47 52 53 
73 74 70 64 60 57 48 46 41 40 32 28 25 18 18 18 13 11 16 24 27 31 34 43 47 52 53 
73 74 70 64 60 57 48 46 41 40 32 28 25 18 18 18 16 24 30 33 39 38 34 43 47 52 53 
73 74 70 64 60 57 48 46 41 40 32 28 25 18 18 18 16 17 21 22 27 31 34 43 47 52 53 
73 74 70 64 65 54 62 61 41 40 32 28 25 18 18 18 16 24 27 31 34 43 47 52 53 
73 74 70 64 65 54 62 61 41 40 32 28 25 18 18 18 25 28 32 40 56 51 42 49 50 53 
73 74 70 64 65 54 62 61 41 40 32 28 25 18 18 18 16 24 27 31 34 38 42 49 50 53 
73 74 70 64 65 54 62 61 41 40 32 28 25 18 18 18 25 28 32 40 39 38 42 49 50 53 
73 74 70 64 65 54 62 61 41 40 32 28 25 18 18 18 25 28 32 40 56 58 55 49 50 53 
73 74 70 64 65 54 62 61 41 40 32 28 25 18 18 18 16 24 30 33 39 38 42 49 50 53 
73 74 70 64 65 54 62 61 41 40 32 28 25 18 18 18 16 17 20 24 27 31 34 43 47 52 53 
73 74 70 64 65 54 62 61 41 40 32 28 25 18 18 18 13 11 16 24 27 31 34 43 47 52 53 
73 74 70 64 65 54 62 61 41 40 32 28 25 18 18 18 16 24 30 33 39 38 34 43 47 52 53 
73 74 70 64 65 54 62 61 41 40 32 28 25 18 18 18 16 17 21 22 27 31 34 43 47 52 53 
---------------
Request id 18
62 61 41 40 39 33 30 24 24 24 16 18 25 29 36 
62 61 41 40 39 33 30 24 24 24 23 26 28 25 29 36 
62 61 41 40 39 33 30 24 24 24 16 18 15 19 29 36 
62 61 41 40 39 33 30 24 24 24 16 11 13 18 25 29 36 
62 61 41 40 39 33 30 24 24 24 20 17 16 18 25 29 36 
62 61 41 40 39 33 30 24 24 24 23 26 28 32 35 37 36 
62 61 41 40 39 33 30 24 24 24 16 18 25 28 32 35 37 36 
62 61 41 40 39 33 30 24 24 24 16 11 13 18 15 19 29 36 
62 61 41 40 39 33 30 24 24 24 30 33 39 40 32 35 37 36 
62 61 41 40 39 33 30 24 24 24 20 17 16 18 15 19 29 36 
62 54 46 41 40 39 33 30 24 24 24 16 18 25 29 36 
62 54 46 41 40 39 33 30 24 24 24 23 26 28 25 29 36 
62 54 46 41 40 39 33 30 24 24 24 16 18 15 19 29 36 
62 54 46 41 40 39 33 30 24 24 24 16 11 13 18 25 29 36 
62 54 46 41 40 39 33 30 24 24 24 20 17 16 18 25 29 36 
62 54 46 41 40 39 33 30 24 24 24 23 26 28 32 35 37 36 
62 54 46 41 40 39 33 30 24 24 24 16 18 25 28 32 35 37 36 
62 54 46 41 40 39 33 30 24 24 24 16 11 13 18 15 19 29 36 
62 54 46 41 40 39 33 30 24 24 24 30 33 39 40 32 35 37 36 
62 54 46 41 40 39 33 30 24 24 24 20 17 16 18 15 19 29 36 
62 61 59 56 40 39 33 30 24 24 24 16 18 25 29 36 
62 61 59 56 40 39 33 30 24 24 24 23 26 28 25 29 36 
62 61 59 56 40 39 33 30 24 24 24 16 18 15 19 29 36 
62 61 59 56 40 39 33 30 24 24 24 16 11 13 18 25 29 36 
62 61 59 56 40 39 33 30 24 24 24 20 17 16 18 25 29 36 
62 61 59 56 40 39 33 30 24 24 24 23 26 28 32 35 37 36 
62 61 59 56 40 39 33 30 24 24 24 16 18 25 28 32 35 37 36 
62 61 59 56 40 39 33 30 24 24 24 16 11 13 18 15 19 29 36 
62 61 59 56 40 39 33 30 24 24 24 30 33 39 40 32 35 37 36 
62 61 59 56 40 39 33 30 24 24 24 20 17 16 18 15 19 29 36 
62 61 41 40 32 28 26 23 24 24 24 16 18 25 29 36 
62 61 41 40 32 28 26 23 24 24 24 23 26 28 25 29 36 
62 61 41 40 32 28 26 23 24 24 24 16 18 15 19 29 36 
62 61 41 40 32 28 26 23 24 24 24 16 11 13 18 25 29 36 
62 61 41 40 32 28 26 23 24 24 24 20 17 16 18 25 29 36 
62 61 41 40 32 28 26 23 24 24 24 23 26 28 32 35 37 36 
62 61 41 40 32 28 26 23 24 24 24 16 18 25 28 32 35 37 36 
62 61 41 40 32 28 26 23 24 24 24 16 11 13 18 15 19 29 36 
62 61 41 40 32 28 26 23 24 24 24 30 33 39 40 32 35 37 36 
62 61 41 40 32 28 26 23 24 24 24 20 17 16 18 15 19 29 36 
---------------
Request id 7
1 3 3 13 18 25 29 
1 3 3 13 18 15 19 29 
1 3 3 13 11 16 18 25 29 
1 3 3 6 11 13 18 25 29 
1 3 3 5 0 13 18 25 29 
1 3 3 6 11 16 18 25 29 
1 3 3 13 11 16 18 15 19 29 
1 3 3 6 11 13 18 15 19 29 
1 3 3 13 0 2 9 15 19 29 
1 3 3 6 11 16 18 15 19 29 
1 4 7 8 6 3 3 13 18 25 29 
1 4 7 8 6 3 3 13 18 15 19 29 
1 4 7 8 6 3 3 13 11 16 18 25 29 
1 4 7 8 6 3 3 6 11 13 18 25 29 
1 4 7 8 6 3 3 5 0 13 18 25 29 
1 4 7 8 6 3 3 6 11 16 18 25 29 
1 4 7 8 6 3 3 13 11 16 18 15 19 29 
1 4 7 8 6 3 3 6 11 13 18 15 19 29 
1 4 7 8 6 3 3 13 0 2 9 15 19 29 
1 4 7 8 6 3 3 6 11 16 18 15 19 29 
1 4 7 8 6 11 13 3 3 13 18 25 29 
1 4 7 8 6 11 13 3 3 13 18 15 19 29 
1 4 7 8 6 11 13 3 3 13 11 16 18 25 29 
1 4 7 8 6 11 13 3 3 6 11 13 18 25 29 
1 4 7 8 6 11 13 3 3 5 0 13 18 25 29 
1 4 7 8 6 11 13 3 3 6 11 16 18 25 29 
1 4 7 8 6 11 13 3 3 13 11 16 18 15 19 29 
1 4 7 8 6 11 13 3 3 6 11 13 18 15 19 29 
1 4 7 8 6 11 13 3 3 13 0 2 9 15 19 29 
1 4 7 8 6 11 13 3 3 6 11 16 18 15 19 29 
1 4 7 8 10 12 11 6 3 3 13 18 25 29 
1 4 7 8 10 12 11 6 3 3 13 18 15 19 29 
1 4 7 8 10 12 11 6 3 3 13 11 16 18 25 29 
1 4 7 8 10 12 11 6 3 3 6 11 13 18 25 29 
1 4 7 8 10 12 11 6 3 3 5 0 13 18 25 29 
1 4 7 8 10 12 11 6 3 3 6 11 16 18 25 29 
1 4 7 8 10 12 11 6 3 3 13 11 16 18 15 19 29 
1 4 7 8 10 12 11 6 3 3 6 11 13 18 15 19 29 
1 4 7 8 10 12 11 6 3 3 13 0 2 9 15 19 29 
1 4 7 8 10 12 11 6 3 3 6 11 16 18 15 19 29 
---------------
Request id 23
66 62 61 41 40 39 33 30 24 24 27 31 34 43 47 52 53 
66 62 61 41 40 39 33 30 24 24 30 33 39 38 42 49 50 53 
66 62 61 41 40 39 33 30 24 24 27 31 34 38 42 49 50 53 
66 62 61 41 40 39 33 30 24 24 30 33 39 38 34 43 47 52 53 
66 62 61 41 40 39 33 30 24 24 30 33 39 40 56 51 42 49 50 53 
66 62 61 41 40 39 33 30 24 24 30 33 39 40 56 58 55 49 50 53 
66 62 61 41 40 39 33 30 24 24 16 17 21 22 27 31 34 43 47 52 53 
66 62 61 41 40 39 33 30 24 24 23 26 28 32 40 56 51 42 49 50 53 
66 62 61 41 40 39 33 30 24 24 20 17 21 22 27 31 34 43 47 52 53 
66 62 61 41 40 39 33 30 24 24 23 26 28 32 40 39 38 42 49 50 53 
66 63 58 56 40 39 33 30 24 24 27 31 34 43 47 52 53 
66 63 58 56 40 39 33 30 24 24 30 33 39 38 42 49 50 53 
66 63 58 56 40 39 33 30 24 24 27 31 34 38 42 49 50 53 
66 63 58 56 40 39 33 30 24 24 30 33 39 38 34 43 47 52 53 
66 63 58 56 40 39 33 30 24 24 30 33 39 40 56 51 42 49 50 53 
66 63 58 56 40 39 33 30 24 24 30 33 39 40 56 58 55 49 50 53 
66 63 58 56 40 39 33 30 24 24 16 17 21 22 27 31 34 43 47 52 53 
66 63 58 56 40 39 33 30 24 24 23 26 28 32 40 56 51 42 49 50 53 
66 63 58 56 40 39 33 30 24 24 20 17 21 22 27 31 34 43 47 52 53 
66 63 58 56 40 39 33 30 24 24 23 26 28 32 40 39 38 42 49 50 53 
66 62 54 46 41 40 39 33 30 24 24 27 31 34 43 47 52 53 
66 62 54 46 41 40 39 33 30 24 24 30 33 39 38 42 49 50 53 
66 62 54 46 41 40 39 33 30 24 24 27 31 34 38 42 49 50 53 
66 62 54 46 41 40 39 33 30 24 24 30 33 39 38 34 43 47 52 53 
66 62 54 46 41 40 39 33 30 24 24 30 33 39 40 56 51 42 49 50 53 
66 62 54 46 41 40 39 33 30 24 24 30 33 39 40 56 58 55 49 50 53 
66 62 54 46 41 40 39 33 30 24 24 16 17 21 22 27 31 34 43 47 52 53 
66 62 54 46 41 40 39 33 30 24 24 23 26 28 32 40 56 51 42 49 50 53 
66 62 54 46 41 40 39 33 30 24 24 20 17 21 22 27 31 34 43 47 52 53 
66 62 54 46 41 40 39 33 30 24 24 23 26 28 32 40 39 38 42 49 50 53 
66 62 61 41 40 32 28 26 23 24 24 27 31 34 43 47 52 53 
66 62 61 41 40 32 28 26 23 24 24 30 33 39 38 42 49 50 53 
66 62 61 41 40 32 28 26 23 24 24 27 31 34 38 42 49 50 53 
66 62 61 41 40 32 28 26 23 24 24 30 33 39 38 34 43 47 52 53 
66 62 61 41 40 32 28 26 23 24 24 30 33 39 40 56 51 42 49 50 53 
66 62 61 41 40 32 28 26 23 24 24 30 33 39 40 56 58 55 49 50 53 
66 62 61 41 40 32 28 26 23 24 24 16 17 21 22 27 31 34 43 47 52 53 
66 62 61 41 40 32 28 26 23 24 24 23 26 28 32 40 56 51 42 49 50 53 
66 62 61 41 40 32 28 26 23 24 24 20 17 21 22 27 31 34 43 47 52 53 
66 62 61 41 40 32 28 26 23 24 24 23 26 28 32 40 39 38 42 49 50 53 
---------------
Request id 25
65 54 46 41 40 32 28 25 18 13 3 6 
65 54 46 41 40 32 28 25 18 16 11 6 
65 54 46 41 40 32 28 25 18 13 11 6 
65 54 46 41 40 32 28 25 18 16 11 13 3 6 
65 54 46 41 40 32 28 25 18 13 0 5 3 6 
65 54 46 41 40 32 28 25 18 16 17 14 12 11 6 
65 54 46 41 40 32 28 25 18 16 11 12 10 8 6 
65 54 46 41 40 32 28 25 18 13 11 12 10 8 6 
65 54 46 41 40 32 28 25 18 13 3 1 4 7 8 6 
65 54 46 41 40 32 28 25 18 16 17 14 12 10 8 6 
65 54 62 61 41 40 32 28 25 18 13 3 6 
65 54 62 61 41 40 32 28 25 18 16 11 6 
65 54 62 61 41 40 32 28 25 18 13 11 6 
65 54 62 61 41 40 32 28 25 18 16 11 13 3 6 
65 54 62 61 41 40 32 28 25 18 13 0 5 3 6 
65 54 62 61 41 40 32 28 25 18 16 17 14 12 11 6 
65 54 62 61 41 40 32 28 25 18 16 11 12 10 8 6 
65 54 62 61 41 40 32 28 25 18 13 11 12 10 8 6 
65 54 62 61 41 40 32 28 25 18 13 3 1 4 7 8 6 
65 54 62 61 41 40 32 28 25 18 16 17 14 12 10 8 6 
65 54 46 41 40 39 33 30 24 16 18 13 3 6 
65 54 46 41 40 39 33 30 24 16 18 16 11 6 
65 54 46 41 40 39 33 30 24 16 18 13 11 6 
65 54 46 41 40 39 33 30 24 16 18 16 11 13 3 6 
65 54 46 41 40 39 33 30 24 16 18 13 0 5 3 6 
65 54 46 41 40 39 33 30 24 16 18 16 17 14 12 11 6 
65 54 46 41 40 39 33 30 24 16 18 16 11 12 10 8 6 
65 54 46 41 40 39 33 30 24 16 18 13 11 12 10 8 6 
65 54 46 41 40 39 33 30 24 16 18 13 3 1 4 7 8 6 
65 54 46 41 40 39 33 30 24 16 18 16 17 14 12 10 8 6 
65 54 62 61 59 56 40 32 28 25 18 13 3 6 
65 54 62 61 59 56 40 32 28 25 18 16 11 6 
65 54 62 61 59 56 40 32 28 25 18 13 11 6 
65 54 62 61 59 56 40 32 28 25 18 16 11 13 3 6 
65 54 62 61 59 56 40 32 28 25 18 13 0 5 3 6 
65 54 62 61 59 56 40 32 28 25 18 16 17 14 12 11 6 
65 54 62 61 59 56 40 32 28 25 18 16 11 12 10 8 6 
65 54 62 61 59 56 40 32 28 25 18 13 11 12 10 8 6 
65 54 62 61 59 56 40 32 28 25 18 13 3 1 4 7 8 6 
65 54 62 61 59 56 40 32 28 25 18 16 17 14 12 10 8 6 
---------------
Request id 1
69 67 66 63 58 56 40 39 33 30 24 30 33 39 40 41 46 54 65 64 70 74 
69 67 66 63 58 56 40 39 33 30 24 23 26 28 32 40 41 46 54 65 64 70 74 
69 67 66 63 58 56 40 39 33 30 24 30 33 39 40 41 61 62 54 65 64 70 74 
69 67 66 63 58 56 40 39 33 30 24 30 33 39 40 41 46 48 57 60 64 70 74 
69 67 66 63 58 56 40 39 33 30 24 27 31 34 38 39 40 41 46 54 65 64 70 74 
69 67 66 63 58 56 40 39 33 30 24 30 33 39 40 56 59 61 62 54 65 64 70 74 
69 67 66 63 58 56 40 39 33 30 24 16 18 25 28 32 40 41 46 54 65 64 70 74 
69 67 66 63 58 56 40 39 33 30 24 23 26 28 32 40 41 61 62 54 65 64 70 74 
69 67 66 63 58 56 40 39 33 30 24 23 26 28 32 40 41 46 48 57 60 64 70 74 
69 67 66 63 58 56 40 39 33 30 24 27 31 34 38 39 40 41 61 62 54 65 64 70 74 
69 68 65 54 46 41 40 39 33 30 24 30 33 39 40 41 46 54 65 64 70 74 
69 68 65 54 46 41 40 39 33 30 24 23 26 28 32 40 41 46 54 65 64 70 74 
69 68 65 54 46 41 40 39 33 30 24 30 33 39 40 41 61 62 54 65 64 70 74 
69 68 65 54 46 41 40 39 33 30 24 30 33 39 40 41 46 48 57 60 64 70 74 
69 68 65 54 46 41 40 39 33 30 24 27 31 34 38 39 40 41 46 54 65 64 70 74 
69 68 65 54 46 41 40 39 33 30 24 30 33 39 40 56 59 61 62 54 65 64 70 74 
69 68 65 54 46 41 40 39 33 30 24 16 18 25 28 32 40 41 46 54 65 64 70 74 
69 68 65 54 46 41 40 39 33 30 24 23 26 28 32 40 41 61 62 54 65 64 70 74 
69 68 65 54 46 41 40 39 33 30 24 23 26 28 32 40 41 46 48 57 60 64 70 74 
69 68 65 54 46 41 40 39 33 30 24 27 31 34 38 39 40 41 61 62 54 65 64 70 74 
69 67 66 62 61 41 40 39 33 30 24 30 33 39 40 41 46 54 65 64 70 74 
69 67 66 62 61 41 40 39 33 30 24 23 26 28 32 40 41 46 54 65 64 70 74 
69 67 66 62 61 41 40 39 33 30 24 30 33 39 40 41 61 62 54 65 64 70 74 
69 67 66 62 61 41 40 39 33 30 24 30 33 39 40 41 46 48 57 60 64 70 74 
69 67 66 62 61 41 40 39 33 30 24 27 31 34 38 39 40 41 46 54 65 64 70 74 
69 67 66 62 61 41 40 39 33 30 24 30 33 39 40 56 59 61 62 54 65 64 70 74 
69 67 66 62 61 41 40 39 33 30 24 16 18 25 28 32 40 41 46 54 65 64 70 74 
69 67 66 62 61 41 40 39 33 30 24 23 26 28 32 40 41 61 62 54 65 64 70 74 
69 67 66 62 61 41 40 39 33 30 24 23 26 28 32 40 41 46 48 57 60 64 70 74 
69 67 66 62 61 41 40 39 33 30 24 27 31 34 38 39 40 41 61 62 54 65 64 70 74 
69 67 68 65 54 46 41 40 39 33 30 24 30 33 39 40 41 46 54 65 64 70 74 
69 67 68 65 54 46 41 40 39 33 30 24 23 26 28 32 40 41 46 54 65 64 70 74 
69 67 68 65 54 46 41 40 39 33 30 24 30 33 39 40 41 61 62 54 65 64 70 74 
69 67 68 65 54 46 41 40 39 33 30 24 30 33 39 40 41 46 48 57 60 64 70 74 
69 67 68 65 54 46 41 40 39 33 30 24 27 31 34 38 39 40 41 46 54 65 64 70 74 
69 67 68 65 54 46 41 40 39 33 30 24 30 33 39 40 56 59 61 62 54 65 64 70 74 
69 67 68 65 54 46 41 40 39 33 30 24 16 18 25 28 32 40 41 46 54 65 64 70 74 
69 67 68 65 54 46 41 40 39 33 30 24 23 26 28 32 40 41 61 62 54 65 64 70 74 
69 67 68 65 54 46 41 40 39 33 30 24 23 26 28 32 40 41 46 48 57 60 64 70 74 
69 67 68 65 54 46 41 40 39 33 30 24 27 31 34 38 39 40 41 61 62 54 65 64 70 74 
---------------
Request id 20
73 74 70 64 65 54 46 41 40 32 28 25 18 18 25 28 32 
73 74 70 64 65 54 46 41 40 32 28 25 18 18 15 19 29 25 28 32 
73 74 70 64 65 54 46 41 40 32 28 25 18 18 25 29 36 37 35 32 
73 74 70 64 65 54 46 41 40 32 28 25 18 18 16 24 23 26 28 32 
73 74 70 64 65 54 46 41 40 32 28 25 18 18 15 19 29 36 37 35 32 
73 74 70 64 65 54 46 41 40 32 28 25 18 18 16 24 30 33 39 40 32 
73 74 70 64 65 54 46 41 40 32 28 25 18 18 13 11 16 24 23 26 28 32 
73 74 70 64 65 54 46 41 40 32 28 25 18 18 16 17 20 24 23 26 28 32 
73 74 70 64 65 54 46 41 40 32 28 25 18 18 16 24 27 31 34 38 39 40 32 
73 74 70 64 65 54 46 41 40 32 28 25 18 18 13 11 16 24 30 33 39 40 32 
73 72 71 69 67 66 63 58 56 40 32 28 25 18 18 25 28 32 
73 72 71 69 67 66 63 58 56 40 32 28 25 18 18 15 19 29 25 28 32 
73 72 71 69 67 66 63 58 56 40 32 28 25 18 18 25 29 36 37 35 32 
73 72 71 69 67 66 63 58 56 40 32 28 25 18 18 16 24 23 26 28 32 
73 72 71 69 67 66 63 58 56 40 32 28 25 18 18 15 19 29 36 37 35 32 
73 72 71 69 67 66 63 58 56 40 32 28 25 18 18 16 24 30 33 39 40 32 
73 72 71 69 67 66 63 58 56 40 32 28 25 18 18 13 11 16 24 23 26 28 32 
73 72 71 69 67 66 63 58 56 40 32 28 25 18 18 16 17 20 24 23 26 28 32 
73 72 71 69 67 66 63 58 56 40 32 28 25 18 18 16 24 27 31 34 38 39 40 32 
73 72 71 69 67 66 63 58 56 40 32 28 25 18 18 13 11 16 24 30 33 39 40 32 
73 74 70 64 60 57 48 46 41 40 32 28 25 18 18 25 28 32 
73 74 70 64 60 57 48 46 41 40 32 28 25 18 18 15 19 29 25 28 32 
73 74 70 64 60 57 48 46 41 40 32 28 25 18 18 25 29 36 37 35 32 
73 74 70 64 60 57 48 46 41 40 32 28 25 18 18 16 24 23 26 28 32 
73 74 70 64 60 57 48 46 41 40 32 28 25 18 18 15 19 29 36 37 35 32 
73 74 70 64 60 57 48 46 41 40 32 28 25 18 18 16 24 30 33 39 40 32 
73 74 70 64 60 57 48 46 41 40 32 28 25 18 18 13 11 16 24 23 26 28 32 
73 74 70 64 60 57 48 46 41 40 32 28 25 18 18 16 17 20 24 23 26 28 32 
73 74 70 64 60 57 48 46 41 40 32 28 25 18 18 16 24 27 31 34 38 39 40 32 
73 74 70 64 60 57 48 46 41 40 32 28 25 18 18 13 11 16 24 30 33 39 40 32 
73 74 70 64 65 54 62 61 41 40 32 28 25 18 18 25 28 32 
73 74 70 64 65 54 62 61 41 40 32 28 25 18 18 15 19 29 25 28 32 
73 74 70 64 65 54 62 61 41 40 32 28 25 18 18 25 29 36 37 35 32 
73 74 70 64 65 54 62 61 41 40 32 28 25 18 18 16 24 23 26 28 32 
73 74 70 64 65 54 62 61 41 40 32 28 25 18 18 15 19 29 36 37 35 32 
73 74 70 64 65 54 62 61 41 40 32 28 25 18 18 16 24 30 33 39 40 32 
73 74 70 64 65 54 62 61 41 40 32 28 25 18 18 13 11 16 24 23 26 28 32 
73 74 70 64 65 54 62 61 41 40 32 28 25 18 18 16 17 20 24 23 26 28 32 
73 74 70 64 65 54 62 61 41 40 32 28 25 18 18 16 24 27 31 34 38 39 40 32 
73 74 70 64 65 54 62 61 41 40 32 28 25 18 18 13 11 16 24 30 33 39 40 32 
---------------
Request id 24
23 24 24 24 16 11 6 8 7 4 
23 24 24 24 16 18 13 3 1 4 
23 24 24 24 16 11 6 3 1 4 
23 24 24 24 16 11 13 3 1 4 
23 24 24 24 16 11 12 10 8 7 4 
23 24 24 24 16 11 13 3 6 8 7 4 
23 24 24 24 16 18 13 11 6 8 7 4 
23 24 24 24 20 17 16 11 6 3 1 4 
23 24 24 24 16 17 14 12 10 8 7 4 
23 24 24 24 20 17 16 11 6 8 7 4 
23 26 28 25 18 16 24 24 24 16 11 6 8 7 4 
23 26 28 25 18 16 24 24 24 16 18 13 3 1 4 
23 26 28 25 18 16 24 24 24 16 11 6 3 1 4 
23 26 28 25 18 16 24 24 24 16 11 13 3 1 4 
23 26 28 25 18 16 24 24 24 16 11 12 10 8 7 4 
23 26 28 25 18 16 24 24 24 16 11 13 3 6 8 7 4 
23 26 28 25 18 16 24 24 24 16 18 13 11 6 8 7 4 
23 26 28 25 18 16 24 24 24 20 17 16 11 6 3 1 4 
23 26 28 25 18 16 24 24 24 16 17 14 12 10 8 7 4 
23 26 28 25 18 16 24 24 24 20 17 16 11 6 8 7 4 
23 26 28 32 40 39 33 30 24 24 24 16 11 6 8 7 4 
23 26 28 32 40 39 33 30 24 24 24 16 18 13 3 1 4 
23 26 28 32 40 39 33 30 24 24 24 16 11 6 3 1 4 
23 26 28 32 40 39 33 30 24 24 24 16 11 13 3 1 4 
23 26 28 32 40 39 33 30 24 24 24 16 11 12 10 8 7 4 
23 26 28 32 40 39 33 30 24 24 24 16 11 13 3 6 8 7 4 
23 26 28 32 40 39 33 30 24 24 24 16 18 13 11 6 8 7 4 
23 26 28 32 40 39 33 30 24 24 24 20 17 16 11 6 3 1 4 
23 26 28 32 40 39 33 30 24 24 24 16 17 14 12 10 8 7 4 
23 26 28 32 40 39 33 30 24 24 24 20 17 16 11 6 8 7 4 
23 26 28 25 18 16 17 20 24 24 24 16 11 6 8 7 4 
23 26 28 25 18 16 17 20 24 24 24 16 18 13 3 1 4 
23 26 28 25 18 16 17 20 24 24 24 16 11 6 3 1 4 
23 26 28 25 18 16 17 20 24 24 24 16 11 13 3 1 4 
23 26 28 25 18 16 17 20 24 24 24 16 11 12 10 8 7 4 
23 26 28 25 18 16 17 20 24 24 24 16 11 13 3 6 8 7 4 
23 26 28 25 18 16 17 20 24 24 24 16 18 13 11 6 8 7 4 
23 26 28 25 18 16 17 20 24 24 24 20 17 16 11 6 3 1 4 
23 26 28 25 18 16 17 20 24 24 24 16 17 14 12 10 8 7 4 
23 26 28 25 18 16 17 20 24 24 24 20 17 16 11 6 8 7 4 
---------------
Request id 8
32 28 25 18 25 28 32 40 56 58 
32 28 25 18 16 24 30 33 39 40 56 58 
32 28 25 18 25 29 36 37 35 32 40 56 58 
32 28 25 18 25 28 32 40 41 61 59 56 58 
32 28 25 18 16 24 23 26 28 32 40 56 58 
32 28 25 18 15 19 29 25 28 32 40 56 58 
32 28 25 18 16 24 30 33 39 38 42 51 56 58 
32 28 25 18 25 28 32 40 39 38 42 51 56 58 
32 28 25 18 13 11 16 24 30 33 39 40 56 58 
32 28 25 18 15 19 29 36 37 35 32 40 56 58 
32 35 37 36 29 25 18 25 28 32 40 56 58 
32 35 37 36 29 25 18 16 24 30 33 39 40 56 58 
32 35 37 36 29 25 18 25 29 36 37 35 32 40 56 58 
32 35 37 36 29 25 18 25 28 32 40 41 61 59 56 58 
32 35 37 36 29 25 18 16 24 23 26 28 32 40 56 58 
32 35 37 36 29 25 18 15 19 29 25 28 32 40 56 58 
32 35 37 36 29 25 18 16 24 30 33 39 38 42 51 56 58 
32 35 37 36 29 25 18 25 28 32 40 39 38 42 51 56 58 
32 35 37 36 29 25 18 13 11 16 24 30 33 39 40 56 58 
32 35 37 36 29 25 18 15 19 29 36 37 35 32 40 56 58 
32 28 25 29 19 15 18 25 28 32 40 56 58 
32 28 25 29 19 15 18 16 24 30 33 39 40 56 58 
32 28 25 29 19 15 18 25 29 36 37 35 32 40 56 58 
32 28 25 29 19 15 18 25 28 32 40 41 61 59 56 58 
32 28 25 29 19 15 18 16 24 23 26 28 32 40 56 58 
32 28 25 29 19 15 18 15 19 29 25 28 32 40 56 58 
32 28 25 29 19 15 18 16 24 30 33 39 38 42 51 56 58 
32 28 25 29 19 15 18 25 28 32 40 39 38 42 51 56 58 
32 28 25 29 19 15 18 13 11 16 24 30 33 39 40 56 58 
32 28 25 29 19 15 18 15 19 29 36 37 35 32 40 56 58 
32 28 26 23 24 16 18 25 28 32 40 56 58 
32 28 26 23 24 16 18 16 24 30 33 39 40 56 58 
32 28 26 23 24 16 18 25 29 36 37 35 32 40 56 58 
32 28 26 23 24 16 18 25 28 32 40 41 61 59 56 58 
32 28 26 23 24 16 18 16 24 23 26 28 32 40 56 58 
32 28 26 23 24 16 18 15 19 29 25 28 32 40 56 58 
32 28 26 23 24 16 18 16 24 30 33 39 38 42 51 56 58 
32 28 26 23 24 16 18 25 28 32 40 39 38 42 51 56 58 
32 28 26 23 24 16 18 13 11 16 24 30 33 39 40 56 58 
32 28 26 23 24 16 18 15 19 29 36 37 35 32 40 56 58 
---------------
Request id 15
23 24 24 23 26 28 32 35 37 45 44 
23 24 24 16 18 25 29 36 37 45 44 
23 24 24 30 33 39 40 41 46 48 44 
23 24 24 23 26 28 25 29 36 37 45 44 
23 24 24 30 33 39 40 32 35 37 45 44 
23 24 24 23 26 28 32 40 41 46 48 44 
23 24 24 16 18 15 19 29 36 37 45 44 
23 24 24 16 18 25 28 32 35 37 45 44 
23 24 24 27 31 34 38 39 40 41 46 48 44 
23 24 24 16 18 25 28 32 40 41 46 48 44 
23 26 28 25 18 16 24 24 23 26 28 32 35 37 45 44 
23 26 28 25 18 16 24 24 16 18 25 29 36 37 45 44 
23 26 28 25 18 16 24 24 30 33 39 40 41 46 48 44 
23 26 28 25 18 16 24 24 23 26 28 25 29 36 37 45 44 
23 26 28 25 18 16 24 24 30 33 39 40 32 35 37 45 44 
23 26 28 25 18 16 24 24 23 26 28 32 40 41 46 48 44 
23 26 28 25 18 16 24 24 16 18 15 19 29 36 37 45 44 
23 26 28 25 18 16 24 24 16 18 25 28 32 35 37 45 44 
23 26 28 25 18 16 24 24 27 31 34 38 39 40 41 46 48 44 
23 26 28 25 18 16 24 24 16 18 25 28 32 40 41 46 48 44 
23 26 28 32 40 39 33 30 24 24 23 26 28 32 35 37 45 44 
23 26 28 32 40 39 33 30 24 24 16 18 25 29 36 37 45 44 
23 26 28 32 40 39 33 30 24 24 30 33 39 40 41 46 48 44 
23 26 28 32 40 39 33 30 24 24 23 26 28 25 29 36 37 45 44 
23 26 28 32 40 39 33 30 24 24 30 33 39 40 32 35 37 45 44 
23 26 28 32 40 39 33 30 24 24 23 26 28 32 40 41 46 48 44 
23 26 28 32 40 39 33 30 24 24 16 18 15 19 29 36 37 45 44 
23 26 28 32 40 39 33 30 24 24 16 18 25 28 32 35 37 45 44 
23 26 28 32 40 39 33 30 24 24 27 31 34 38 39 40 41 46 48 44 
23 26 28 32 40 39 33 30 24 24 16 18 25 28 32 40 41 46 48 44 
23 26 28 25 18 16 17 20 24 24 23 26 28 32 35 37 45 44 
23 26 28 25 18 16 17 20 24 24 16 18 25 29 36 37 45 44 
23 26 28 25 18 16 17 20 24 24 30 33 39 40 41 46 48 44 
23 26 28 25 18 16 17 20 24 24 23 26 28 25 29 36 37 45 44 
23 26 28 25 18 16 17 20 24 24 30 33 39 40 32 35 37 45 44 
23 26 28 25 18 16 17 20 24 24 23 26 28 32 40 41 46 48 44 
23 26 28 25 18 16 17 20 24 24 16 18 15 19 29 36 37 45 44 
23 26 28 25 18 16 17 20 24 24 16 18 25 28 32 35 37 45 44 
23 26 28 25 18 16 17 20 24 24 27 31 34 38 39 40 41 46 48 44 
23 26 28 25 18 16 17 20 24 24 16 18 25 28 32 40 41 46 48 44 
---------------
Request id 16
21 17 17 17 16 18 25 29 36 37 45 44 
21 17 17 17 16 18 15 19 29 36 37 45 44 
21 17 17 17 16 18 25 28 32 35 37 45 44 
21 17 17 17 16 24 30 33 39 40 41 46 48 44 
21 17 17 17 16 18 25 28 32 40 41 46 48 44 
21 17 17 17 20 24 30 33 39 40 41 46 48 44 
21 17 17 17 16 11 13 18 25 29 36 37 45 44 
21 17 17 17 20 24 16 18 25 29 36 37 45 44 
21 17 17 17 16 24 23 26 28 32 35 37 45 44 
21 17 17 17 20 24 23 26 28 32 35 37 45 44 
21 22 27 24 20 17 17 17 16 18 25 29 36 37 45 44 
21 22 27 24 20 17 17 17 16 18 15 19 29 36 37 45 44 
21 22 27 24 20 17 17 17 16 18 25 28 32 35 37 45 44 
21 22 27 24 20 17 17 17 16 24 30 33 39 40 41 46 48 44 
21 22 27 24 20 17 17 17 16 18 25 28 32 40 41 46 48 44 
21 22 27 24 20 17 17 17 20 24 30 33 39 40 41 46 48 44 
21 22 27 24 20 17 17 17 16 11 13 18 25 29 36 37 45 44 
21 22 27 24 20 17 17 17 20 24 16 18 25 29 36 37 45 44 
21 22 27 24 20 17 17 17 16 24 23 26 28 32 35 37 45 44 
21 22 27 24 20 17 17 17 20 24 23 26 28 32 35 37 45 44 
21 22 27 24 16 17 17 17 16 18 25 29 36 37 45 44 
21 22 27 24 16 17 17 17 16 18 15 19 29 36 37 45 44 
21 22 27 24 16 17 17 17 16 18 25 28 32 35 37 45 44 
21 22 27 24 16 17 17 17 16 24 30 33 39 40 41 46 48 44 
21 22 27 24 16 17 17 17 16 18 25 28 32 40 41 46 48 44 
21 22 27 24 16 17 17 17 20 24 30 33 39 40 41 46 48 44 
21 22 27 24 16 17 17 17 16 11 13 18 25 29 36 37 45 44 
21 22 27 24 16 17 17 17 20 24 16 18 25 29 36 37 45 44 
21 22 27 24 16 17 17 17 16 24 23 26 28 32 35 37 45 44 
21 22 27 24 16 17 17 17 20 24 23 26 28 32 35 37 45 44 
21 22 27 24 16 11 12 14 17 17 17 16 18 25 29 36 37 45 44 
21 22 27 24 16 11 12 14 17 17 17 16 18 15 19 29 36 37 45 44 
21 22 27 24 16 11 12 14 17 17 17 16 18 25 28 32 35 37 45 44 
21 22 27 24 16 11 12 14 17 17 17 16 24 30 33 39 40 41 46 48 44 
21 22 27 24 16 11 12 14 17 17 17 16 18 25 28 32 40 41 46 48 44 
21 22 27 24 16 11 12 14 17 17 17 20 24 30 33 39 40 41 46 48 44 
21 22 27 24 16 11 12 14 17 17 17 16 11 13 18 25 29 36 37 45 44 
21 22 27 24 16 11 12 14 17 17 17 20 24 16 18 25 29 36 37 45 44 
21 22 27 24 16 11 12 14 17 17 17 16 24 23 26 28 32 35 37 45 44 
21 22 27 24 16 11 12 14 17 17 17 20 24 23 26 28 32 35 37 45 44 
---------------
Request id 14
26 23 24 24 24 16 18 15 19 
26 23 24 24 24 16 18 25 29 19 
26 23 24 24 24 16 11 13 18 15 19 
26 23 24 24 24 20 17 16 18 15 19 
26 23 24 24 24 23 26 28 25 29 19 
26 23 24 24 24 20 17 16 18 25 29 19 
26 23 24 24 24 23 26 28 25 18 15 19 
26 23 24 24 24 16 11 13 18 25 29 19 
26 23 24 24 24 16 11 6 3 13 18 15 19 
26 23 24 24 24 27 22 21 17 16 18 15 19 
26 28 25 18 16 24 24 24 16 18 15 19 
26 28 25 18 16 24 24 24 16 18 25 29 19 
26 28 25 18 16 24 24 24 16 11 13 18 15 19 
26 28 25 18 16 24 24 24 20 17 16 18 15 19 
26 28 25 18 16 24 24 24 23 26 28 25 29 19 
26 28 25 18 16 24 24 24 20 17 16 18 25 29 19 
26 28 25 18 16 24 24 24 23 26 28 25 18 15 19 
26 28 25 18 16 24 24 24 16 11 13 18 25 29 19 
26 28 25 18 16 24 24 24 16 11 6 3 13 18 15 19 
26 28 25 18 16 24 24 24 27 22 21 17 16 18 15 19 
26 28 32 40 39 33 30 24 24 24 16 18 15 19 
26 28 32 40 39 33 30 24 24 24 16 18 25 29 19 
26 28 32 40 39 33 30 24 24 24 16 11 13 18 15 19 
26 28 32 40 39 33 30 24 24 24 20 17 16 18 15 19 
26 28 32 40 39 33 30 24 24 24 23 26 28 25 29 19 
26 28 32 40 39 33 30 24 24 24 20 17 16 18 25 29 19 
26 28 32 40 39 33 30 24 24 24 23 26 28 25 18 15 19 
26 28 32 40 39 33 30 24 24 24 16 11 13 18 25 29 19 
26 28 32 40 39 33 30 24 24 24 16 11 6 3 13 18 15 19 
26 28 32 40 39 33 30 24 24 24 27 22 21 17 16 18 15 19 
26 28 25 18 16 17 20 24 24 24 16 18 15 19 
26 28 25 18 16 17 20 24 24 24 16 18 25 29 19 
26 28 25 18 16 17 20 24 24 24 16 11 13 18 15 19 
26 28 25 18 16 17 20 24 24 24 20 17 16 18 15 19 
26 28 25 18 16 17 20 24 24 24 23 26 28 25 29 19 
26 28 25 18 16 17 20 24 24 24 20 17 16 18 25 29 19 
26 28 25 18 16 17 20 24 24 24 23 26 28 25 18 15 19 
26 28 25 18 16 17 20 24 24 24 16 11 13 18 25 29 19 
26 28 25 18 16 17 20 24 24 24 16 11 6 3 13 18 15 19 
26 28 25 18 16 17 20 24 24 24 27 22 21 17 16 18 15 19 
---------------
Request id 4
0 13 13 18 25 28 32 40 41 61 62 
0 13 13 18 25 28 32 40 56 59 61 62 
0 13 13 18 25 28 32 40 41 46 54 62 
0 13 13 18 16 24 30 33 39 40 41 61 62 
0 13 13 11 16 24 30 33 39 40 41 61 62 
0 13 13 18 25 28 32 40 56 58 63 66 62 
0 13 13 11 16 18 25 28 32 40 41 61 62 
0 13 13 18 25 29 36 37 35 32 40 41 61 62 
0 13 13 11 16 24 23 26 28 32 40 41 61 62 
0 13 13 11 16 24 30 33 39 40 56 59 61 62 
0 5 3 13 13 18 25 28 32 40 41 61 62 
0 5 3 13 13 18 25 28 32 40 56 59 61 62 
0 5 3 13 13 18 25 28 32 40 41 46 54 62 
0 5 3 13 13 18 16 24 30 33 39 40 41 61 62 
0 5 3 13 13 11 16 24 30 33 39 40 41 61 62 
0 5 3 13 13 18 25 28 32 40 56 58 63 66 62 
0 5 3 13 13 11 16 18 25 28 32 40 41 61 62 
0 5 3 13 13 18 25 29 36 37 35 32 40 41 61 62 
0 5 3 13 13 11 16 24 23 26 28 32 40 41 61 62 
0 5 3 13 13 11 16 24 30 33 39 40 56 59 61 62 
0 2 9 15 18 13 13 18 25 28 32 40 41 61 62 
0 2 9 15 18 13 13 18 25 28 32 40 56 59 61 62 
0 2 9 15 18 13 13 18 25 28 32 40 41 46 54 62 
0 2 9 15 18 13 13 18 16 24 30 33 39 40 41 61 62 
0 2 9 15 18 13 13 11 16 24 30 33 39 40 41 61 62 
0 2 9 15 18 13 13 18 25 28 32 40 56 58 63 66 62 
0 2 9 15 18 13 13 11 16 18 25 28 32 40 41 61 62 
0 2 9 15 18 13 13 18 25 29 36 37 35 32 40 41 61 62 
0 2 9 15 18 13 13 11 16 24 23 26 28 32 40 41 61 62 
0 2 9 15 18 13 13 11 16 24 30 33 39 40 56 59 61 62 
0 5 3 6 11 13 13 18 25 28 32 40 41 61 62 
0 5 3 6 11 13 13 18 25 28 32 40 56 59 61 62 
0 5 3 6 11 13 13 18 25 28 32 40 41 46 54 62 
0 5 3 6 11 13 13 18 16 24 30 33 39 40 41 61 62 
0 5 3 6 11 13 13 11 16 24 30 33 39 40 41 61 62 
0 5 3 6 11 13 13 18 25 28 32 40 56 58 63 66 62 
0 5 3 6 11 13 13 11 16 18 25 28 32 40 41 61 62 
0 5 3 6 11 13 13 18 25 29 36 37 35 32 40 41 61 62 
0 5 3 6 11 13 13 11 16 24 23 26 28 32 40 41 61 62 
0 5 3 6 11 13 13 11 16 24 30 33 39 40 56 59 61 62 
---------------
Request id 10
52 47 43 34 31 27 24 24 16 18 15 19 
52 47 43 34 31 27 24 24 16 18 25 29 19 
52 47 43 34 31 27 24 24 16 11 13 18 15 19 
52 47 43 34 31 27 24 24 23 26 28 25 29 19 
52 47 43 34 31 27 24 24 20 17 16 18 15 19 
52 47 43 34 31 27 24 24 16 11 13 18 25 29 19 
52 47 43 34 31 27 24 24 23 26 28 25 18 15 19 
52 47 43 34 31 27 24 24 20 17 16 18 25 29 19 
52 47 43 34 31 27 24 24 27 22 21 17 16 18 15 19 
52 47 43 34 31 27 24 24 20 17 16 11 13 18 15 19 
52 47 43 34 38 39 33 30 24 24 16 18 15 19 
52 47 43 34 38 39 33 30 24 24 16 18 25 29 19 
52 47 43 34 38 39 33 30 24 24 16 11 13 18 15 19 
52 47 43 34 38 39 33 30 24 24 23 26 28 25 29 19 
52 47 43 34 38 39 33 30 24 24 20 17 16 18 15 19 
52 47 43 34 38 39 33 30 24 24 16 11 13 18 25 29 19 
52 47 43 34 38 39 33 30 24 24 23 26 28 25 18 15 19 
52 47 43 34 38 39 33 30 24 24 20 17 16 18 25 29 19 
52 47 43 34 38 39 33 30 24 24 27 22 21 17 16 18 15 19 
52 47 43 34 38 39 33 30 24 24 20 17 16 11 13 18 15 19 
52 53 50 49 42 38 34 31 27 24 24 16 18 15 19 
52 53 50 49 42 38 34 31 27 24 24 16 18 25 29 19 
52 53 50 49 42 38 34 31 27 24 24 16 11 13 18 15 19 
52 53 50 49 42 38 34 31 27 24 24 23 26 28 25 29 19 
52 53 50 49 42 38 34 31 27 24 24 20 17 16 18 15 19 
52 53 50 49 42 38 34 31 27 24 24 16 11 13 18 25 29 19 
52 53 50 49 42 38 34 31 27 24 24 23 26 28 25 18 15 19 
52 53 50 49 42 38 34 31 27 24 24 20 17 16 18 25 29 19 
52 53 50 49 42 38 34 31 27 24 24 27 22 21 17 16 18 15 19 
52 53 50 49 42 38 34 31 27 24 24 20 17 16 11 13 18 15 19 
52 53 50 49 42 38 39 33 30 24 24 16 18 15 19 
52 53 50 49 42 38 39 33 30 24 24 16 18 25 29 19 
52 53 50 49 42 38 39 33 30 24 24 16 11 13 18 15 19 
52 53 50 49 42 38 39 33 30 24 24 23 26 28 25 29 19 
52 53 50 49 42 38 39 33 30 24 24 20 17 16 18 15 19 
52 53 50 49 42 38 39 33 30 24 24 16 11 13 18 25 29 19 
52 53 50 49 42 38 39 33 30 24 24 23 26 28 25 18 15 19 
52 53 50 49 42 38 39 33 30 24 24 20 17 16 18 25 29 19 
52 53 50 49 42 38 39 33 30 24 24 27 22 21 17 16 18 15 19 
52 53 50 49 42 38 39 33 30 24 24 20 17 16 11 13 18 15 19 
---------------
Request id 12
46 41 40 39 33 30 24 24 30 33 39 40 41 46 48 57 60 
46 41 40 39 33 30 24 24 23 26 28 32 40 41 46 48 57 60 
46 41 40 39 33 30 24 24 30 33 39 40 41 46 54 65 64 60 
46 41 40 39 33 30 24 24 30 33 39 40 41 61 62 54 65 64 60 
46 41 40 39 33 30 24 24 23 26 28 32 35 37 45 44 48 57 60 
46 41 40 39 33 30 24 24 23 26 28 32 40 41 46 54 65 64 60 
46 41 40 39 33 30 24 24 27 31 34 38 39 40 41 46 48 57 60 
46 41 40 39 33 30 24 24 16 18 25 28 32 40 41 46 48 57 60 
46 41 40 39 33 30 24 24 16 18 25 29 36 37 45 44 48 57 60 
46 41 40 39 33 30 24 24 23 26 28 32 40 41 61 62 54 65 64 60 
46 41 40 32 28 26 23 24 24 30 33 39 40 41 46 48 57 60 
46 41 40 32 28 26 23 24 24 23 26 28 32 40 41 46 48 57 60 
46 41 40 32 28 26 23 24 24 30 33 39 40 41 46 54 65 64 60 
46 41 40 32 28 26 23 24 24 30 33 39 40 41 61 62 54 65 64 60 
46 41 40 32 28 26 23 24 24 23 26 28 32 35 37 45 44 48 57 60 
46 41 40 32 28 26 23 24 24 23 26 28 32 40 41 46 54 65 64 60 
46 41 40 32 28 26 23 24 24 27 31 34 38 39 40 41 46 48 57 60 
46 41 40 32 28 26 23 24 24 16 18 25 28 32 40 41 46 48 57 60 
46 41 40 32 28 26 23 24 24 16 18 25 29 36 37 45 44 48 57 60 
46 41 40 32 28 26 23 24 24 23 26 28 32 40 41 61 62 54 65 64 60 
46 41 40 39 38 34 31 27 24 24 30 33 39 40 41 46 48 57 60 
46 41 40 39 38 34 31 27 24 24 23 26 28 32 40 41 46 48 57 60 
46 41 40 39 38 34 31 27 24 24 30 33 39 40 41 46 54 65 64 60 
46 41 40 39 38 34 31 27 24 24 30 33 39 40 41 61 62 54 65 64 60 
46 41 40 39 38 34 31 27 24 24 23 26 28 32 35 37 45 44 48 57 60 
46 41 40 39 38 34 31 27 24 24 23 26 28 32 40 41 46 54 65 64 60 
46 41 40 39 38 34 31 27 24 24 27 31 34 38 39 40 41 46 48 57 60 
46 41 40 39 38 34 31 27 24 24 16 18 25 28 32 40 41 46 48 57 60 
46 41 40 39 38 34 31 27 24 24 16 18 25 29 36 37 45 44 48 57 60 
46 41 40 39 38 34 31 27 24 24 23 26 28 32 40 41 61 62 54 65 64 60 
46 41 40 32 28 25 18 16 24 24 30 33 39 40 41 46 48 57 60 
46 41 40 32 28 25 18 16 24 24 23 26 28 32 40 41 46 48 57 60 
46 41 40 32 28 25 18 16 24 24 30 33 39 40 41 46 54 65 64 60 
46 41 40 32 28 25 18 16 24 24 30 33 39 40 41 61 62 54 65 64 60 
46 41 40 32 28 25 18 16 24 24 23 26 28 32 35 37 45 44 48 57 60 
46 41 40 32 28 25 18 16 24 24 23 26 28 32 40 41 46 54 65 64 60 
46 41 40 32 28 25 18 16 24 24 27 31 34 38 39 40 41 46 48 57 60 
46 41 40 32 28 25 18 16 24 24 16 18 25 28 32 40 41 46 48 57 60 
46 41 40 32 28 25 18 16 24 24 16 18 25 29 36 37 45 44 48 57 60 
46 41 40 32 28 25 18 16 24 24 23 26 28 32 40 41 61 62 54 65 64 60 
---------------
Request id 17
67 66 62 61 41 40 32 28 25 18 18 25 28 32 40 41 46 54 65 68 
67 66 62 61 41 40 32 28 25 18 18 25 28 32 40 56 58 63 66 67 68 
67 66 62 61 41 40 32 28 25 18 18 25 28 32 40 41 61 62 66 67 68 
67 66 62 61 41 40 32 28 25 18 18 25 28 32 40 41 61 62 54 65 68 
67 66 62 61 41 40 32 28 25 18 18 16 24 30 33 39 40 41 46 54 65 68 
67 66 62 61 41 40 32 28 25 18 18 25 28 32 40 56 58 63 66 67 69 68 
67 66 62 61 41 40 32 28 25 18 18 25 29 36 37 45 44 48 46 54 65 68 
67 66 62 61 41 40 32 28 25 18 18 25 28 32 40 41 46 54 62 66 67 68 
67 66 62 61 41 40 32 28 25 18 18 25 28 32 40 56 59 61 62 66 67 68 
67 66 62 61 41 40 32 28 25 18 18 25 28 32 40 41 61 62 66 67 69 68 
67 66 63 58 56 40 32 28 25 18 18 25 28 32 40 41 46 54 65 68 
67 66 63 58 56 40 32 28 25 18 18 25 28 32 40 56 58 63 66 67 68 
67 66 63 58 56 40 32 28 25 18 18 25 28 32 40 41 61 62 66 67 68 
67 66 63 58 56 40 32 28 25 18 18 25 28 32 40 41 61 62 54 65 68 
67 66 63 58 56 40 32 28 25 18 18 16 24 30 33 39 40 41 46 54 65 68 
67 66 63 58 56 40 32 28 25 18 18 25 28 32 40 56 58 63 66 67 69 68 
67 66 63 58 56 40 32 28 25 18 18 25 29 36 37 45 44 48 46 54 65 68 
67 66 63 58 56 40 32 28 25 18 18 25 28 32 40 41 46 54 62 66 67 68 
67 66 63 58 56 40 32 28 25 18 18 25 28 32 40 56 59 61 62 66 67 68 
67 66 63 58 56 40 32 28 25 18 18 25 28 32 40 41 61 62 66 67 69 68 
67 68 65 54 46 41 40 32 28 25 18 18 25 28 32 40 41 46 54 65 68 
67 68 65 54 46 41 40 32 28 25 18 18 25 28 32 40 56 58 63 66 67 68 
67 68 65 54 46 41 40 32 28 25 18 18 25 28 32 40 41 61 62 66 67 68 
67 68 65 54 46 41 40 32 28 25 18 18 25 28 32 40 41 61 62 54 65 68 
67 68 65 54 46 41 40 32 28 25 18 18 16 24 30 33 39 40 41 46 54 65 68 
67 68 65 54 46 41 40 32 28 25 18 18 25 28 32 40 56 58 63 66 67 69 68 
67 68 65 54 46 41 40 32 28 25 18 18 25 29 36 37 45 44 48 46 54 65 68 
67 68 65 54 46 41 40 32 28 25 18 18 25 28 32 40 41 46 54 62 66 67 68 
67 68 65 54 46 41 40 32 28 25 18 18 25 28 32 40 56 59 61 62 66 67 68 
67 68 65 54 46 41 40 32 28 25 18 18 25 28 32 40 41 61 62 66 67 69 68 
67 66 62 61 59 56 40 32 28 25 18 18 25 28 32 40 41 46 54 65 68 
67 66 62 61 59 56 40 32 28 25 18 18 25 28 32 40 56 58 63 66 67 68 
67 66 62 61 59 56 40 32 28 25 18 18 25 28 32 40 41 61 62 66 67 68 
67 66 62 61 59 56 40 32 28 25 18 18 25 28 32 40 41 61 62 54 65 68 
67 66 62 61 59 56 40 32 28 25 18 18 16 24 30 33 39 40 41 46 54 65 68 
67 66 62 61 59 56 40 32 28 25 18 18 25 28 32 40 56 58 63 66 67 69 68 
67 66 62 61 59 56 40 32 28 25 18 18 25 29 36 37 45 44 48 46 54 65 68 
67 66 62 61 59 56 40 32 28 25 18 18 25 28 32 40 41 46 54 62 66 67 68 
67 66 62 61 59 56 40 32 28 25 18 18 25 28 32 40 56 59 61 62 66 67 68 
67 66 62 61 59 56 40 32 28 25 18 18 25 28 32 40 41 61 62 66 67 69 68 
---------------
Request id 29
49 42 38 34 31 27 24 24 30 33 39 40 41 61 62 
49 42 38 34 31 27 24 24 23 26 28 32 40 41 61 62 
49 42 38 34 31 27 24 24 30 33 39 40 41 46 54 62 
49 42 38 34 31 27 24 24 30 33 39 40 56 59 61 62 
49 42 38 34 31 27 24 24 16 18 25 28 32 40 41 61 62 
49 42 38 34 31 27 24 24 23 26 28 32 40 56 59 61 62 
49 42 38 34 31 27 24 24 30 33 39 40 56 58 63 66 62 
49 42 38 34 31 27 24 24 23 26 28 32 40 41 46 54 62 
49 42 38 34 31 27 24 24 27 31 34 38 39 40 41 61 62 
49 42 38 34 31 27 24 24 30 33 39 38 42 51 56 59 61 62 
49 42 38 39 33 30 24 24 30 33 39 40 41 61 62 
49 42 38 39 33 30 24 24 23 26 28 32 40 41 61 62 
49 42 38 39 33 30 24 24 30 33 39 40 41 46 54 62 
49 42 38 39 33 30 24 24 30 33 39 40 56 59 61 62 
49 42 38 39 33 30 24 24 16 18 25 28 32 40 41 61 62 
49 42 38 39 33 30 24 24 23 26 28 32 40 56 59 61 62 
49 42 38 39 33 30 24 24 30 33 39 40 56 58 63 66 62 
49 42 38 39 33 30 24 24 23 26 28 32 40 41 46 54 62 
49 42 38 39 33 30 24 24 27 31 34 38 39 40 41 61 62 
49 42 38 39 33 30 24 24 30 33 39 38 42 51 56 59 61 62 
49 42 51 56 40 39 33 30 24 24 30 33 39 40 41 61 62 
49 42 51 56 40 39 33 30 24 24 23 26 28 32 40 41 61 62 
49 42 51 56 40 39 33 30 24 24 30 33 39 40 41 46 54 62 
49 42 51 56 40 39 33 30 24 24 30 33 39 40 56 59 61 62 
49 42 51 56 40 39 33 30 24 24 16 18 25 28 32 40 41 61 62 
49 42 51 56 40 39 33 30 24 24 23 26 28 32 40 56 59 61 62 
49 42 51 56 40 39 33 30 24 24 30 33 39 40 56 58 63 66 62 
49 42 51 56 40 39 33 30 24 24 23 26 28 32 40 41 46 54 62 
49 42 51 56 40 39 33 30 24 24 27 31 34 38 39 40 41 61 62 
49 42 51 56 40 39 33 30 24 24 30 33 39 38 42 51 56 59 61 62 
49 55 58 56 40 39 33 30 24 24 30 33 39 40 41 61 62 
49 55 58 56 40 39 33 30 24 24 23 26 28 32 40 41 61 62 
49 55 58 56 40 39 33 30 24 24 30 33 39 40 41 46 54 62 
49 55 58 56 40 39 33 30 24 24 30 33 39 40 56 59 61 62 
49 55 58 56 40 39 33 30 24 24 16 18 25 28 32 40 41 61 62 
49 55 58 56 40 39 33 30 24 24 23 26 28 32 40 56 59 61 62 
49 55 58 56 40 39 33 30 24 24 30 33 39 40 56 58 63 66 62 
49 55 58 56 40 39 33 30 24 24 23 26 28 32 40 41 46 54 62 
49 55 58 56 40 39 33 30 24 24 27 31 34 38 39 40 41 61 62 
49 55 58 56 40 39 33 30 24 24 30 33 39 38 42 51 56 59 61 62 
---------------
