Request id 4
23 17 17 17 23 29 35 36 40 46 50 52 55 58 60 62 67 74 83 85 87 94 100 99 
23 17 17 17 23 29 35 36 40 46 49 56 75 78 66 68 63 67 74 83 85 87 94 100 99 
23 17 17 17 23 29 35 36 40 46 50 52 55 58 60 62 67 74 83 85 101 102 98 94 100 99 
23 17 17 17 23 29 35 36 40 46 49 56 75 72 73 77 68 63 67 74 83 85 87 94 100 99 
23 17 17 17 23 29 35 26 21 30 37 40 46 50 52 55 58 60 62 67 74 83 85 87 94 100 99 
---------------
Request id 20
58 60 62 65 54 53 48 
58 60 62 65 45 34 48 
58 60 62 65 62 67 74 71 81 80 69 64 59 57 54 53 48 
58 60 62 65 62 67 74 83 84 82 81 80 69 64 59 57 54 53 48 
58 60 62 65 62 60 58 55 52 50 46 49 56 75 78 66 68 63 67 74 71 81 80 69 64 59 57 54 53 48 
---------------
Request id 8
67 62 65 65 62 67 74 83 85 87 94 100 99 
67 62 65 65 62 67 74 83 85 101 102 98 94 100 99 
67 62 65 65 62 67 74 71 81 82 84 83 85 87 94 100 99 
67 62 65 65 54 57 59 64 69 80 81 71 74 83 85 87 94 100 99 
67 62 65 65 62 67 74 71 81 82 84 83 85 101 102 98 94 100 99 
---------------
Request id 2
73 72 75 75 75 78 66 68 63 67 74 71 
73 72 75 75 75 72 73 77 68 63 67 74 71 
73 72 75 75 75 78 66 68 63 67 74 83 84 82 81 71 
73 72 75 75 75 72 73 77 68 63 67 74 83 84 82 81 71 
73 72 75 75 75 56 49 46 50 52 55 58 60 62 67 74 71 
---------------
Request id 12
30 37 40 40 37 
30 37 40 40 36 35 26 21 30 37 
30 21 26 35 36 40 40 37 
30 21 26 35 36 40 40 36 35 26 21 30 37 
---------------
Request id 7
43 33 33 44 
43 40 41 33 33 44 
43 40 28 19 5 15 20 33 33 44 
43 40 28 19 5 15 10 16 24 25 20 33 33 44 
---------------
Request id 13
57 54 65 65 62 67 74 83 84 
57 54 65 65 62 67 74 71 81 82 84 
57 54 65 65 54 57 59 64 69 80 81 82 84 
57 54 65 65 54 57 59 64 69 80 81 71 74 83 84 
57 54 65 65 45 34 48 53 54 57 59 64 69 80 81 82 84 
---------------
Request id 14
52 50 46 50 52 55 58 60 62 65 54 57 59 64 69 79 86 93 92 
52 50 46 50 52 55 58 60 62 67 74 71 81 80 69 79 86 93 92 
52 50 46 49 56 75 78 66 68 63 67 74 71 81 80 69 79 86 93 92 
52 50 46 50 52 55 58 60 62 65 54 57 59 64 69 79 76 70 86 93 92 
52 50 46 50 52 55 58 60 62 67 74 83 84 82 81 80 69 79 86 93 92 
---------------
Request id 17
39 32 32 32 13 9 17 23 29 35 36 40 41 33 20 
39 32 32 32 13 9 17 23 29 35 36 40 43 33 20 
39 32 32 32 13 9 17 23 29 35 36 40 28 19 5 15 20 
39 32 32 32 13 9 17 23 29 35 26 21 30 37 40 41 33 20 
39 32 32 32 13 9 17 23 29 35 26 21 30 37 40 43 33 20 
---------------
Request id 10
85 83 74 67 62 65 62 60 58 55 52 50 46 40 28 19 5 15 10 
85 83 74 67 62 65 62 60 58 55 52 50 46 40 41 33 20 15 10 
85 83 74 67 62 65 62 60 58 55 52 50 46 40 43 33 20 15 10 
85 83 74 67 62 65 62 60 58 55 52 50 46 40 41 33 20 25 24 16 10 
85 83 74 67 62 65 62 60 58 55 52 50 46 40 43 33 20 25 24 16 10 
---------------
Request id 3
22 31 32 32 32 13 9 17 23 29 35 36 40 46 50 52 55 58 60 62 67 
22 31 32 32 32 13 9 17 23 29 35 36 40 46 49 56 75 78 66 68 63 67 
22 31 32 32 32 13 9 17 23 29 35 36 40 46 49 56 75 72 73 77 68 63 67 
22 31 32 32 32 13 9 17 23 29 35 26 21 30 37 40 46 50 52 55 58 60 62 67 
22 31 32 32 32 13 9 17 23 29 35 26 21 30 37 40 46 49 56 75 78 66 68 63 67 
---------------
Request id 11
50 46 46 46 40 36 35 29 23 17 9 13 32 31 22 
50 46 46 46 40 37 30 21 26 35 29 23 17 9 13 32 31 22 
50 46 46 46 40 36 35 29 23 17 9 3 0 4 6 11 14 22 
50 46 46 46 40 37 30 21 26 35 29 23 17 9 3 0 4 6 11 14 22 
50 46 46 46 40 36 35 29 23 17 12 7 8 1 2 3 9 13 32 31 22 
---------------
Request id 19
50 46 40 36 35 29 23 17 9 13 32 31 
50 46 40 37 30 21 26 35 29 23 17 9 13 32 31 
50 46 40 36 35 29 23 17 9 3 0 4 6 11 14 22 31 
50 46 40 36 35 29 23 17 12 7 8 1 2 3 9 13 32 31 
50 46 40 37 30 21 26 35 29 23 17 9 3 0 4 6 11 14 22 31 
---------------
Request id 18
67 62 65 65 65 61 51 
67 74 71 81 80 69 64 59 57 54 65 65 65 61 51 
67 74 83 84 82 81 80 69 64 59 57 54 65 65 65 61 51 
67 74 71 81 80 69 64 59 57 54 53 48 34 45 65 65 65 61 51 
67 63 68 66 78 75 56 49 46 50 52 55 58 60 62 65 65 65 61 51 
---------------
Request id 15
30 37 40 40 46 50 52 55 58 60 62 65 61 
30 37 40 40 46 49 56 75 78 66 68 63 67 62 65 61 
30 37 40 40 46 49 56 75 72 73 77 68 63 67 62 65 61 
30 37 40 40 46 50 52 55 58 60 62 67 74 71 81 80 69 64 59 57 54 65 61 
30 37 40 40 46 49 56 75 78 66 68 63 67 74 71 81 80 69 64 59 57 54 65 61 
---------------
Request id 16
5 15 15 20 33 43 40 36 35 29 23 17 9 3 0 4 6 
5 15 15 5 19 28 40 36 35 29 23 17 9 3 0 4 6 
5 15 15 20 33 41 40 36 35 29 23 17 9 3 0 4 6 
5 15 15 20 33 43 40 36 35 29 23 17 9 13 32 31 22 14 11 6 
5 15 15 5 19 28 40 36 35 29 23 17 9 13 32 31 22 14 11 6 
---------------
Request id 5
56 75 75 75 56 49 46 40 36 35 29 
56 75 75 75 56 49 46 40 37 30 21 26 35 29 
56 75 75 75 78 66 68 63 67 62 60 58 55 52 50 46 40 36 35 29 
56 75 75 75 72 73 77 68 63 67 62 60 58 55 52 50 46 40 36 35 29 
56 75 75 75 78 66 68 63 67 62 60 58 55 52 50 46 40 37 30 21 26 35 29 
---------------
Request id 9
74 67 62 65 54 57 59 
74 67 62 65 45 34 48 53 54 57 59 
74 67 62 65 62 67 74 71 81 80 69 64 59 
74 67 62 65 62 67 74 83 84 82 81 80 69 64 59 
74 67 62 65 62 60 58 55 52 50 46 49 56 75 78 66 68 63 67 74 71 81 80 69 64 59 
---------------
Request id 1
48 53 54 65 65 65 62 67 74 71 81 80 
48 53 54 65 65 65 54 57 59 64 69 80 
48 53 54 65 65 65 62 67 74 83 84 82 81 80 
48 53 54 65 65 65 45 34 48 53 54 57 59 64 69 80 
48 53 54 65 65 65 62 60 58 55 52 50 46 49 56 75 78 66 68 63 67 74 71 81 80 
---------------
Request id 6
88 84 83 74 67 62 65 45 34 
88 84 83 74 67 62 65 54 53 48 34 
88 84 83 74 67 62 65 62 67 74 71 81 80 69 64 59 57 54 53 48 34 
88 84 83 74 67 62 65 62 67 74 83 84 82 81 80 69 64 59 57 54 53 48 34 
88 84 83 74 67 62 65 62 60 58 55 52 50 46 49 56 75 78 66 68 63 67 74 71 81 80 69 64 59 57 54 53 48 34 
---------------
