Request id 16
95 96 97 99 100 94 87 85 83 74 67 62 65 65 65 62 60 58 55 52 50 46 40 36 35 29 23 17 9 3 0 
95 96 97 99 100 94 87 85 83 74 67 62 65 65 65 62 67 63 68 66 78 75 56 49 46 40 36 35 29 23 17 9 3 0 
95 96 97 99 100 94 87 85 83 74 67 62 65 65 65 62 60 58 55 52 50 46 40 37 30 21 26 35 29 23 17 9 3 0 
95 96 97 99 100 94 87 85 83 74 67 62 65 65 65 62 60 58 55 52 50 46 40 36 35 29 23 17 12 7 8 1 2 3 0 
95 96 97 99 100 94 87 85 83 74 67 62 65 65 65 62 67 63 68 77 73 72 75 56 49 46 40 36 35 29 23 17 9 3 0 
95 96 97 99 100 94 87 85 83 74 67 62 65 65 65 62 67 63 68 66 78 75 56 49 46 40 37 30 21 26 35 29 23 17 9 3 0 
95 96 97 99 100 94 87 85 83 74 67 62 65 65 65 62 67 63 68 66 78 75 56 49 46 40 36 35 29 23 17 12 7 8 1 2 3 0 
95 96 97 99 100 94 87 85 83 74 67 62 65 65 65 62 60 58 55 52 50 46 40 37 30 21 26 35 29 23 17 12 7 8 1 2 3 0 
95 96 97 99 100 94 87 85 83 74 67 62 65 65 65 62 60 58 55 52 50 46 40 36 35 29 23 17 9 13 32 31 22 14 11 6 4 0 
95 96 97 99 100 94 87 85 83 74 67 62 65 65 65 62 67 63 68 77 73 72 75 56 49 46 40 37 30 21 26 35 29 23 17 9 3 0 
---------------
Request id 3
56 75 78 66 68 63 67 74 83 85 87 94 100 99 
56 75 72 73 77 68 63 67 74 83 85 87 94 100 99 
56 75 78 66 68 63 67 74 83 85 101 102 98 94 100 99 
56 75 72 73 77 68 63 67 74 83 85 101 102 98 94 100 99 
56 75 78 66 68 63 67 74 71 81 82 84 83 85 87 94 100 99 
56 75 56 49 46 50 52 55 58 60 62 67 74 83 85 87 94 100 99 
56 75 72 73 77 68 63 67 74 71 81 82 84 83 85 87 94 100 99 
56 75 78 66 68 63 67 74 71 81 82 84 83 85 101 102 98 94 100 99 
56 75 56 49 46 50 52 55 58 60 62 67 74 83 85 101 102 98 94 100 99 
56 75 72 73 77 68 63 67 74 71 81 82 84 83 85 101 102 98 94 100 99 
---------------
Request id 12
87 85 83 74 67 62 65 62 60 58 55 52 50 46 40 36 35 26 
87 85 83 74 67 62 65 62 60 58 55 52 50 46 40 37 30 21 26 
87 85 83 74 67 62 65 62 67 63 68 66 78 75 56 49 46 40 36 35 26 
87 85 83 74 67 62 65 62 67 63 68 77 73 72 75 56 49 46 40 36 35 26 
87 85 83 74 67 62 65 62 67 63 68 66 78 75 56 49 46 40 37 30 21 26 
87 85 83 74 67 62 65 62 67 63 68 77 73 72 75 56 49 46 40 37 30 21 26 
87 85 83 74 67 62 65 54 57 59 64 69 80 81 71 74 67 62 60 58 55 52 50 46 40 36 35 26 
87 85 83 74 67 62 65 54 57 59 64 69 80 81 71 74 67 62 60 58 55 52 50 46 40 37 30 21 26 
87 85 83 74 67 62 65 54 57 59 64 69 80 81 71 74 67 63 68 66 78 75 56 49 46 40 36 35 26 
87 85 83 74 67 62 65 54 57 59 64 69 80 81 71 74 67 63 68 66 78 75 56 49 46 40 37 30 21 26 
---------------
Request id 13
90 87 85 83 74 67 62 65 65 62 60 58 55 52 50 46 40 43 33 20 25 24 16 
90 87 85 83 74 67 62 65 65 62 60 58 55 52 50 46 40 41 33 20 25 24 16 
90 87 85 83 74 67 62 65 65 62 60 58 55 52 50 46 40 43 33 20 15 10 16 
90 87 85 83 74 67 62 65 65 62 60 58 55 52 50 46 40 41 33 20 15 10 16 
90 87 85 83 74 67 62 65 65 62 60 58 55 52 50 46 40 28 19 5 15 10 16 
90 87 85 83 74 67 62 65 65 62 60 58 55 52 50 46 40 28 19 5 15 20 25 24 16 
90 87 85 83 74 67 62 65 65 62 67 63 68 66 78 75 56 49 46 40 28 19 5 15 10 16 
90 87 85 83 74 67 62 65 65 62 67 63 68 66 78 75 56 49 46 40 43 33 20 25 24 16 
90 87 85 83 74 67 62 65 65 62 67 63 68 66 78 75 56 49 46 40 43 33 20 15 10 16 
90 87 85 83 74 67 62 65 65 62 67 63 68 66 78 75 56 49 46 40 41 33 20 25 24 16 
---------------
Request id 19
102 101 85 83 74 67 62 65 65 65 62 60 58 55 52 50 46 40 41 
102 101 85 83 74 67 62 65 65 65 62 60 58 55 52 50 46 40 43 33 41 
102 101 85 83 74 67 62 65 65 65 62 67 63 68 66 78 75 56 49 46 40 41 
102 101 85 83 74 67 62 65 65 65 62 67 63 68 77 73 72 75 56 49 46 40 41 
102 101 85 83 74 67 62 65 65 65 62 67 63 68 66 78 75 56 49 46 40 43 33 41 
102 101 85 83 74 67 62 65 65 65 62 60 58 55 52 50 46 40 28 19 5 15 20 33 41 
102 101 85 83 74 67 62 65 65 65 62 67 63 68 77 73 72 75 56 49 46 40 43 33 41 
102 101 85 83 74 67 62 65 65 65 62 67 63 68 66 78 75 56 49 46 40 28 19 5 15 20 33 41 
102 101 85 83 74 67 62 65 65 65 62 67 63 68 77 73 72 75 56 49 46 40 28 19 5 15 20 33 41 
102 101 85 83 74 67 62 65 65 65 54 57 59 64 69 80 81 71 74 67 62 60 58 55 52 50 46 40 41 
---------------
Request id 23
2 3 9 17 23 29 35 36 40 41 33 20 15 10 
2 3 9 17 23 29 35 36 40 28 19 5 15 10 
2 3 9 17 23 29 35 36 40 43 33 20 15 10 
2 3 9 17 23 29 35 36 40 41 33 20 25 24 16 10 
2 3 9 17 23 29 35 36 40 43 33 20 25 24 16 10 
2 3 9 17 23 29 35 26 21 30 37 40 41 33 20 15 10 
2 3 9 17 23 29 35 26 21 30 37 40 43 33 20 15 10 
2 3 9 17 23 29 35 26 21 30 37 40 28 19 5 15 10 
2 3 2 1 8 7 12 17 23 29 35 36 40 41 33 20 15 10 
2 3 2 1 8 7 12 17 23 29 35 36 40 28 19 5 15 10 
---------------
Request id 14
6 4 0 3 9 17 23 29 35 36 40 46 50 52 55 58 60 62 67 74 83 84 88 
6 4 0 3 9 17 23 29 35 36 40 46 49 56 75 78 66 68 63 67 74 83 84 88 
6 4 0 3 9 17 23 29 35 36 40 46 50 52 55 58 60 62 67 74 71 81 82 84 88 
6 4 0 3 9 17 23 29 35 36 40 46 49 56 75 72 73 77 68 63 67 74 83 84 88 
6 4 0 3 9 17 23 29 35 36 40 46 49 56 75 78 66 68 63 67 74 71 81 82 84 88 
6 4 0 3 9 17 23 29 35 26 21 30 37 40 46 50 52 55 58 60 62 67 74 83 84 88 
6 4 0 3 9 17 23 29 35 36 40 46 49 56 75 72 73 77 68 63 67 74 71 81 82 84 88 
6 4 0 3 2 1 8 7 12 17 23 29 35 36 40 46 50 52 55 58 60 62 67 74 83 84 88 
6 4 0 3 9 17 23 29 35 26 21 30 37 40 46 49 56 75 78 66 68 63 67 74 83 84 88 
6 4 0 3 9 17 23 29 35 26 21 30 37 40 46 50 52 55 58 60 62 67 74 71 81 82 84 88 
---------------
Request id 30
86 79 69 64 59 57 54 65 62 60 58 55 52 50 46 47 
86 79 69 64 59 57 54 65 62 67 63 68 66 78 75 56 49 46 47 
86 79 69 64 59 57 54 65 62 67 63 68 77 73 72 75 56 49 46 47 
86 79 69 64 59 57 54 65 54 57 59 64 69 80 81 71 74 67 62 60 58 55 52 50 46 47 
86 79 69 64 59 57 54 65 54 57 59 64 69 80 81 71 74 67 63 68 66 78 75 56 49 46 47 
86 79 69 64 59 57 54 65 54 57 59 64 69 80 81 71 74 67 63 68 77 73 72 75 56 49 46 47 
86 79 69 64 59 57 54 65 54 57 59 64 69 80 81 82 84 83 74 67 62 60 58 55 52 50 46 47 
86 79 69 64 59 57 54 65 54 57 59 64 69 80 81 82 84 83 74 67 63 68 66 78 75 56 49 46 47 
86 79 69 64 59 57 54 65 54 57 59 64 69 80 81 82 84 83 74 67 63 68 77 73 72 75 56 49 46 47 
86 79 69 64 59 57 54 65 45 34 48 53 54 57 59 64 69 80 81 71 74 67 62 60 58 55 52 50 46 47 
---------------
Request id 26
52 50 46 46 46 50 52 55 58 60 62 67 74 83 85 87 94 98 
52 50 46 46 46 50 52 55 58 60 62 67 74 83 85 101 102 98 
52 50 46 46 46 49 56 75 78 66 68 63 67 74 83 85 87 94 98 
52 50 46 46 46 49 56 75 78 66 68 63 67 74 83 85 101 102 98 
52 50 46 46 46 49 56 75 72 73 77 68 63 67 74 83 85 87 94 98 
52 50 46 46 46 49 56 75 72 73 77 68 63 67 74 83 85 101 102 98 
52 50 46 46 46 50 52 55 58 60 62 67 74 71 81 82 84 83 85 101 102 98 
52 50 46 46 46 50 52 55 58 60 62 67 74 71 81 82 84 83 85 87 94 98 
52 50 46 46 46 49 56 75 78 66 68 63 67 74 71 81 82 84 83 85 101 102 98 
52 50 46 46 46 49 56 75 78 66 68 63 67 74 71 81 82 84 83 85 87 94 98 
---------------
Request id 2
4 0 3 9 17 23 29 35 36 40 43 33 20 25 24 
4 0 3 9 17 23 29 35 36 40 41 33 20 25 24 
4 0 3 9 17 23 29 35 36 40 43 33 20 15 10 16 24 
4 0 3 9 17 23 29 35 36 40 41 33 20 15 10 16 24 
4 0 3 9 17 23 29 35 36 40 28 19 5 15 20 25 24 
4 0 3 9 17 23 29 35 36 40 28 19 5 15 10 16 24 
4 0 3 9 17 23 29 35 26 21 30 37 40 43 33 20 25 24 
4 0 3 9 17 23 29 35 26 21 30 37 40 41 33 20 25 24 
4 0 3 2 1 8 7 12 17 23 29 35 36 40 43 33 20 25 24 
4 0 3 2 1 8 7 12 17 23 29 35 36 40 41 33 20 25 24 
---------------
Request id 7
64 59 57 54 65 65 65 62 67 74 83 85 101 103 
64 59 57 54 65 65 65 62 67 74 71 81 82 84 83 85 101 103 
64 59 57 54 65 65 65 62 67 74 83 85 87 94 98 102 101 103 
64 59 57 54 65 65 65 54 57 59 64 69 80 81 71 74 83 85 101 103 
64 59 57 54 65 65 65 54 57 59 64 69 80 81 82 84 83 85 101 103 
64 59 57 54 65 65 65 62 67 74 71 81 82 84 83 85 87 94 98 102 101 103 
64 59 57 54 65 65 65 54 57 59 64 69 80 81 71 74 83 85 87 94 98 102 101 103 
64 59 57 54 65 65 65 54 57 59 64 69 80 81 82 84 83 85 87 94 98 102 101 103 
64 59 57 54 65 65 65 45 34 48 53 54 57 59 64 69 80 81 71 74 83 85 101 103 
64 59 57 54 65 65 65 45 34 48 53 54 57 59 64 69 80 81 82 84 83 85 101 103 
---------------
Request id 18
11 14 22 31 32 32 32 31 22 14 11 6 
11 14 22 31 32 32 32 13 9 3 0 4 6 
11 14 22 31 32 32 32 13 9 17 12 7 8 1 2 3 0 4 6 
11 6 4 0 3 9 13 32 32 32 31 22 14 11 6 
11 6 4 0 3 9 13 32 32 32 13 9 3 0 4 6 
11 6 4 0 3 9 13 32 32 32 13 9 17 12 7 8 1 2 3 0 4 6 
11 6 4 0 3 2 1 8 7 12 17 9 13 32 32 32 31 22 14 11 6 
11 6 4 0 3 2 1 8 7 12 17 9 13 32 32 32 13 9 3 0 4 6 
11 6 4 0 3 2 1 8 7 12 17 9 13 32 32 32 13 9 17 12 7 8 1 2 3 0 4 6 
---------------
Request id 20
64 59 57 54 65 62 60 58 55 52 50 46 40 36 35 26 
64 59 57 54 65 62 60 58 55 52 50 46 40 37 30 21 26 
64 59 57 54 65 62 67 63 68 66 78 75 56 49 46 40 36 35 26 
64 59 57 54 65 62 67 63 68 77 73 72 75 56 49 46 40 36 35 26 
64 59 57 54 65 62 67 63 68 66 78 75 56 49 46 40 37 30 21 26 
64 59 57 54 65 62 67 63 68 77 73 72 75 56 49 46 40 37 30 21 26 
64 59 57 54 65 54 57 59 64 69 80 81 71 74 67 62 60 58 55 52 50 46 40 36 35 26 
64 59 57 54 65 54 57 59 64 69 80 81 71 74 67 62 60 58 55 52 50 46 40 37 30 21 26 
64 59 57 54 65 54 57 59 64 69 80 81 71 74 67 63 68 66 78 75 56 49 46 40 36 35 26 
64 59 57 54 65 54 57 59 64 69 80 81 71 74 67 63 68 66 78 75 56 49 46 40 37 30 21 26 
---------------
Request id 9
85 83 74 67 62 65 65 62 67 74 83 84 
85 83 74 67 62 65 65 62 67 74 71 81 82 84 
85 83 74 67 62 65 65 54 57 59 64 69 80 81 82 84 
85 83 74 67 62 65 65 54 57 59 64 69 80 81 71 74 83 84 
85 83 74 67 62 65 65 45 34 48 53 54 57 59 64 69 80 81 82 84 
85 83 74 67 62 65 65 45 34 48 53 54 57 59 64 69 80 81 71 74 83 84 
85 83 74 67 62 65 65 62 60 58 55 52 50 46 49 56 75 78 66 68 63 67 74 83 84 
85 83 74 67 62 65 65 62 60 58 55 52 50 46 49 56 75 72 73 77 68 63 67 74 83 84 
85 83 74 67 62 65 65 62 60 58 55 52 50 46 49 56 75 78 66 68 63 67 74 71 81 82 84 
85 83 74 67 62 65 65 62 60 58 55 52 50 46 49 56 75 72 73 77 68 63 67 74 71 81 82 84 
---------------
Request id 10
76 79 69 64 59 57 54 65 65 62 60 58 55 52 50 46 40 36 35 29 23 
76 79 69 64 59 57 54 65 65 62 67 63 68 66 78 75 56 49 46 40 36 35 29 23 
76 79 69 64 59 57 54 65 65 62 60 58 55 52 50 46 40 37 30 21 26 35 29 23 
76 79 69 64 59 57 54 65 65 62 67 63 68 77 73 72 75 56 49 46 40 36 35 29 23 
76 79 69 64 59 57 54 65 65 62 67 63 68 66 78 75 56 49 46 40 37 30 21 26 35 29 23 
76 79 69 64 59 57 54 65 65 62 67 63 68 77 73 72 75 56 49 46 40 37 30 21 26 35 29 23 
76 79 69 64 59 57 54 65 65 54 57 59 64 69 80 81 71 74 67 62 60 58 55 52 50 46 40 36 35 29 23 
76 79 69 64 59 57 54 65 65 54 57 59 64 69 80 81 71 74 67 63 68 66 78 75 56 49 46 40 36 35 29 23 
76 79 69 64 59 57 54 65 65 54 57 59 64 69 80 81 82 84 83 74 67 62 60 58 55 52 50 46 40 36 35 29 23 
76 79 69 64 59 57 54 65 65 54 57 59 64 69 80 81 71 74 67 63 68 77 73 72 75 56 49 46 40 36 35 29 23 
---------------
Request id 17
48 34 45 65 65 65 62 60 58 55 52 50 46 40 36 35 29 23 17 9 13 32 31 
48 34 45 65 65 65 62 67 63 68 66 78 75 56 49 46 40 36 35 29 23 17 9 13 32 31 
48 34 45 65 65 65 62 60 58 55 52 50 46 40 37 30 21 26 35 29 23 17 9 13 32 31 
48 34 45 65 65 65 62 67 63 68 77 73 72 75 56 49 46 40 36 35 29 23 17 9 13 32 31 
48 34 45 65 65 65 62 60 58 55 52 50 46 40 36 35 29 23 17 9 3 0 4 6 11 14 22 31 
48 34 45 65 65 65 62 60 58 55 52 50 46 40 36 35 29 23 17 12 7 8 1 2 3 9 13 32 31 
48 34 45 65 65 65 62 67 63 68 66 78 75 56 49 46 40 37 30 21 26 35 29 23 17 9 13 32 31 
48 34 45 65 65 65 62 67 63 68 77 73 72 75 56 49 46 40 37 30 21 26 35 29 23 17 9 13 32 31 
48 34 45 65 65 65 62 67 63 68 66 78 75 56 49 46 40 36 35 29 23 17 9 3 0 4 6 11 14 22 31 
48 34 45 65 65 65 62 60 58 55 52 50 46 40 37 30 21 26 35 29 23 17 9 3 0 4 6 11 14 22 31 
---------------
Request id 25
70 86 79 69 64 59 57 54 65 65 65 62 67 74 83 85 87 94 
70 86 79 69 64 59 57 54 65 65 65 62 67 74 83 85 101 102 98 94 
70 86 79 69 64 59 57 54 65 65 65 62 67 74 71 81 82 84 83 85 87 94 
70 86 79 69 64 59 57 54 65 65 65 54 57 59 64 69 80 81 82 84 83 85 87 94 
70 86 79 69 64 59 57 54 65 65 65 62 67 74 71 81 82 84 83 85 101 102 98 94 
70 86 79 69 64 59 57 54 65 65 65 54 57 59 64 69 80 81 71 74 83 85 87 94 
70 86 79 69 64 59 57 54 65 65 65 54 57 59 64 69 80 81 82 84 83 85 101 102 98 94 
70 86 79 69 64 59 57 54 65 65 65 54 57 59 64 69 80 81 71 74 83 85 101 102 98 94 
70 86 79 69 64 59 57 54 65 65 65 45 34 48 53 54 57 59 64 69 80 81 82 84 83 85 87 94 
70 86 79 69 64 59 57 54 65 65 65 45 34 48 53 54 57 59 64 69 80 81 71 74 83 85 87 94 
---------------
Request id 5
22 31 32 32 32 13 9 17 23 29 35 36 40 46 49 42 
22 31 32 32 32 13 9 17 23 29 35 26 21 30 37 40 46 49 42 
22 31 32 32 32 13 9 3 2 1 8 7 12 17 23 29 35 36 40 46 49 42 
22 31 32 32 32 31 22 14 11 6 4 0 3 9 17 23 29 35 36 40 46 49 42 
22 31 32 32 32 13 9 3 2 1 8 7 12 17 23 29 35 26 21 30 37 40 46 49 42 
22 31 32 32 32 31 22 14 11 6 4 0 3 9 17 23 29 35 26 21 30 37 40 46 49 42 
22 31 32 32 32 31 22 14 11 6 4 0 3 2 1 8 7 12 17 23 29 35 36 40 46 49 42 
22 31 32 32 32 13 9 17 23 29 35 36 40 46 50 52 55 58 60 62 67 63 68 66 78 75 56 49 42 
22 31 32 32 32 31 22 14 11 6 4 0 3 2 1 8 7 12 17 23 29 35 26 21 30 37 40 46 49 42 
22 31 32 32 32 13 9 17 23 29 35 36 40 46 50 52 55 58 60 62 67 63 68 77 73 72 75 56 49 42 
---------------
Request id 28
50 46 40 36 35 29 23 
50 46 40 37 30 21 26 35 29 23 
50 52 55 58 60 62 67 63 68 66 78 75 56 49 46 40 36 35 29 23 
50 52 55 58 60 62 67 63 68 66 78 75 56 49 46 40 37 30 21 26 35 29 23 
50 52 55 58 60 62 67 63 68 77 73 72 75 56 49 46 40 36 35 29 23 
50 52 55 58 60 62 67 63 68 77 73 72 75 56 49 46 40 37 30 21 26 35 29 23 
50 52 55 58 60 62 65 54 57 59 64 69 80 81 71 74 67 63 68 66 78 75 56 49 46 40 36 35 29 23 
50 52 55 58 60 62 65 54 57 59 64 69 80 81 71 74 67 63 68 66 78 75 56 49 46 40 37 30 21 26 35 29 23 
50 52 55 58 60 62 65 54 57 59 64 69 80 81 71 74 67 63 68 77 73 72 75 56 49 46 40 36 35 29 23 
50 52 55 58 60 62 65 54 57 59 64 69 80 81 71 74 67 63 68 77 73 72 75 56 49 46 40 37 30 21 26 35 29 23 
---------------
Request id 6
38 29 23 17 23 29 
---------------
Request id 4
1 2 3 3 9 17 23 29 35 36 40 46 50 52 55 58 60 
1 2 3 3 9 17 23 29 35 26 21 30 37 40 46 50 52 55 58 60 
1 2 3 3 2 1 8 7 12 17 23 29 35 36 40 46 50 52 55 58 60 
1 2 3 3 9 17 23 29 35 36 40 46 49 56 75 78 66 68 63 67 62 60 
1 2 3 3 9 17 23 29 35 36 40 46 49 56 75 72 73 77 68 63 67 62 60 
1 2 3 3 2 1 8 7 12 17 23 29 35 26 21 30 37 40 46 50 52 55 58 60 
1 2 3 3 9 17 23 29 35 26 21 30 37 40 46 49 56 75 78 66 68 63 67 62 60 
1 2 3 3 2 1 8 7 12 17 23 29 35 36 40 46 49 56 75 78 66 68 63 67 62 60 
1 2 3 3 0 4 6 11 14 22 31 32 13 9 17 23 29 35 36 40 46 50 52 55 58 60 
1 2 3 3 9 17 23 29 35 26 21 30 37 40 46 49 56 75 72 73 77 68 63 67 62 60 
---------------
Request id 29
42 49 46 46 46 40 37 30 21 
42 49 46 46 46 40 36 35 26 21 
42 49 56 75 78 66 68 63 67 62 60 58 55 52 50 46 46 46 40 37 30 21 
42 49 56 75 78 66 68 63 67 62 60 58 55 52 50 46 46 46 40 36 35 26 21 
42 49 56 75 72 73 77 68 63 67 62 60 58 55 52 50 46 46 46 40 37 30 21 
42 49 56 75 72 73 77 68 63 67 62 60 58 55 52 50 46 46 46 40 36 35 26 21 
42 49 56 75 78 66 68 63 67 74 71 81 80 69 64 59 57 54 65 62 60 58 55 52 50 46 46 46 40 37 30 21 
42 49 56 75 78 66 68 63 67 74 71 81 80 69 64 59 57 54 65 62 60 58 55 52 50 46 46 46 40 36 35 26 21 
42 49 56 75 72 73 77 68 63 67 74 71 81 80 69 64 59 57 54 65 62 60 58 55 52 50 46 46 46 40 37 30 21 
42 49 56 75 72 73 77 68 63 67 74 71 81 80 69 64 59 57 54 65 62 60 58 55 52 50 46 46 46 40 36 35 26 21 
---------------
Request id 22
8 7 12 17 17 23 29 35 36 40 46 50 52 55 58 60 62 67 74 83 84 
8 7 12 17 17 23 29 35 36 40 46 49 56 75 78 66 68 63 67 74 83 84 
8 7 12 17 17 23 29 35 36 40 46 50 52 55 58 60 62 67 74 71 81 82 84 
8 7 12 17 17 23 29 35 36 40 46 49 56 75 72 73 77 68 63 67 74 83 84 
8 7 12 17 17 23 29 35 26 21 30 37 40 46 50 52 55 58 60 62 67 74 83 84 
8 7 12 17 17 23 29 35 36 40 46 49 56 75 78 66 68 63 67 74 71 81 82 84 
8 7 12 17 17 23 29 35 36 40 46 49 56 75 72 73 77 68 63 67 74 71 81 82 84 
8 7 12 17 17 23 29 35 26 21 30 37 40 46 49 56 75 78 66 68 63 67 74 83 84 
8 7 12 17 17 23 29 35 26 21 30 37 40 46 50 52 55 58 60 62 67 74 71 81 82 84 
8 7 12 17 17 23 29 35 26 21 30 37 40 46 49 56 75 72 73 77 68 63 67 74 83 84 
---------------
Request id 11
102 101 85 83 74 67 62 65 62 60 58 55 52 50 46 40 41 33 20 
102 101 85 83 74 67 62 65 62 60 58 55 52 50 46 40 43 33 20 
102 101 85 83 74 67 62 65 62 60 58 55 52 50 46 40 28 19 5 15 20 
102 101 85 83 74 67 62 65 62 67 63 68 66 78 75 56 49 46 40 41 33 20 
102 101 85 83 74 67 62 65 62 67 63 68 66 78 75 56 49 46 40 43 33 20 
102 101 85 83 74 67 62 65 62 67 63 68 77 73 72 75 56 49 46 40 43 33 20 
102 101 85 83 74 67 62 65 62 67 63 68 77 73 72 75 56 49 46 40 41 33 20 
102 101 85 83 74 67 62 65 62 67 63 68 66 78 75 56 49 46 40 28 19 5 15 20 
102 101 85 83 74 67 62 65 62 67 63 68 77 73 72 75 56 49 46 40 28 19 5 15 20 
102 101 85 83 74 67 62 65 62 60 58 55 52 50 46 40 28 19 5 15 10 16 24 25 20 
---------------
Request id 24
84 83 74 67 62 65 65 65 62 60 58 55 52 50 46 40 43 33 20 25 24 16 
84 83 74 67 62 65 65 65 62 60 58 55 52 50 46 40 41 33 20 25 24 16 
84 83 74 67 62 65 65 65 62 60 58 55 52 50 46 40 43 33 20 15 10 16 
84 83 74 67 62 65 65 65 62 60 58 55 52 50 46 40 41 33 20 15 10 16 
84 83 74 67 62 65 65 65 62 60 58 55 52 50 46 40 28 19 5 15 10 16 
84 83 74 67 62 65 65 65 62 60 58 55 52 50 46 40 28 19 5 15 20 25 24 16 
84 83 74 67 62 65 65 65 62 67 63 68 66 78 75 56 49 46 40 28 19 5 15 10 16 
84 83 74 67 62 65 65 65 62 67 63 68 66 78 75 56 49 46 40 41 33 20 15 10 16 
84 83 74 67 62 65 65 65 62 67 63 68 66 78 75 56 49 46 40 41 33 20 25 24 16 
84 83 74 67 62 65 65 65 62 67 63 68 66 78 75 56 49 46 40 43 33 20 25 24 16 
---------------
Request id 15
96 97 99 100 94 87 85 83 74 67 62 65 62 60 58 55 52 50 46 40 36 35 29 23 17 9 13 
96 97 99 100 94 87 85 83 74 67 62 65 62 67 63 68 66 78 75 56 49 46 40 36 35 29 23 17 9 13 
96 97 99 100 94 87 85 83 74 67 62 65 62 60 58 55 52 50 46 40 37 30 21 26 35 29 23 17 9 13 
96 97 99 100 94 87 85 83 74 67 62 65 62 67 63 68 77 73 72 75 56 49 46 40 36 35 29 23 17 9 13 
96 97 99 100 94 87 85 83 74 67 62 65 62 60 58 55 52 50 46 40 36 35 29 23 17 12 7 8 1 2 3 9 13 
96 97 99 100 94 87 85 83 74 67 62 65 62 67 63 68 66 78 75 56 49 46 40 37 30 21 26 35 29 23 17 9 13 
96 97 99 100 94 87 85 83 74 67 62 65 62 67 63 68 77 73 72 75 56 49 46 40 37 30 21 26 35 29 23 17 9 13 
96 97 99 100 94 87 85 83 74 67 62 65 62 67 63 68 66 78 75 56 49 46 40 36 35 29 23 17 12 7 8 1 2 3 9 13 
96 97 99 100 94 87 85 83 74 67 62 65 62 60 58 55 52 50 46 40 37 30 21 26 35 29 23 17 12 7 8 1 2 3 9 13 
96 97 99 100 94 87 85 83 74 67 62 65 62 60 58 55 52 50 46 40 36 35 29 23 17 9 3 0 4 6 11 14 22 31 32 13 
---------------
Request id 27
5 15 20 33 43 
5 15 5 19 28 40 43 
5 15 20 33 41 40 43 
5 15 5 19 28 40 41 33 43 
5 15 10 16 24 25 20 33 43 
5 15 10 16 24 25 20 33 41 40 43 
5 19 28 40 43 33 20 15 20 33 43 
5 19 28 40 43 33 20 15 5 19 28 40 43 
5 19 28 40 43 33 20 15 20 33 41 40 43 
5 19 28 40 43 33 20 15 5 19 28 40 41 33 43 
---------------
Request id 8
57 54 65 65 65 62 67 74 83 85 101 103 
57 54 65 65 65 62 67 74 71 81 82 84 83 85 101 103 
57 54 65 65 65 62 67 74 83 85 87 94 98 102 101 103 
57 54 65 65 65 54 57 59 64 69 80 81 71 74 83 85 101 103 
57 54 65 65 65 54 57 59 64 69 80 81 82 84 83 85 101 103 
57 54 65 65 65 62 67 74 71 81 82 84 83 85 87 94 98 102 101 103 
57 54 65 65 65 54 57 59 64 69 80 81 71 74 83 85 87 94 98 102 101 103 
57 54 65 65 65 54 57 59 64 69 80 81 82 84 83 85 87 94 98 102 101 103 
57 54 65 65 65 45 34 48 53 54 57 59 64 69 80 81 71 74 83 85 101 103 
57 54 65 65 65 45 34 48 53 54 57 59 64 69 80 81 82 84 83 85 101 103 
---------------
Request id 21
22 31 32 32 32 13 9 17 18 
22 31 32 32 32 13 9 3 2 1 8 7 12 17 18 
22 31 32 32 32 31 22 14 11 6 4 0 3 9 17 18 
22 31 32 32 32 31 22 14 11 6 4 0 3 2 1 8 7 12 17 18 
22 14 11 6 4 0 3 9 13 32 32 32 13 9 17 18 
22 14 11 6 4 0 3 9 13 32 32 32 13 9 3 2 1 8 7 12 17 18 
22 14 11 6 4 0 3 9 13 32 32 32 31 22 14 11 6 4 0 3 9 17 18 
22 14 11 6 4 0 3 9 13 32 32 32 31 22 14 11 6 4 0 3 2 1 8 7 12 17 18 
22 14 11 6 4 0 3 2 1 8 7 12 17 9 13 32 32 32 13 9 17 18 
22 14 11 6 4 0 3 2 1 8 7 12 17 9 13 32 32 32 13 9 3 2 1 8 7 12 17 18 
---------------
Request id 1
28 40 40 40 46 50 52 55 58 60 62 65 54 
28 40 40 40 46 49 56 75 78 66 68 63 67 62 65 54 
28 40 40 40 46 50 52 55 58 60 62 65 45 34 48 53 54 
28 40 40 40 46 49 56 75 72 73 77 68 63 67 62 65 54 
28 40 40 40 46 49 56 75 78 66 68 63 67 62 65 45 34 48 53 54 
28 40 40 40 46 49 56 75 72 73 77 68 63 67 62 65 45 34 48 53 54 
28 40 40 40 46 50 52 55 58 60 62 67 74 71 81 80 69 64 59 57 54 
28 40 40 40 46 49 56 75 78 66 68 63 67 74 71 81 80 69 64 59 57 54 
28 40 40 40 46 50 52 55 58 60 62 67 74 83 84 82 81 80 69 64 59 57 54 
28 40 40 40 46 49 56 75 72 73 77 68 63 67 74 71 81 80 69 64 59 57 54 
---------------
