Request id 15
3 4 5 9 8 11 8 8 11 10 3 1 0 
3 1 0 7 8 11 10 3 1 0 7 8 8 9 5 4 6 7 0 
3 4 5 12 13 10 11 12 13 8 8 9 5 4 6 7 0 
3 1 2 0 7 8 11 10 3 4 5 9 8 8 11 12 5 2 0 
3 1 2 0 7 8 11 10 3 1 0 7 8 8 11 10 3 1 0 
3 4 5 12 13 10 11 12 5 4 6 7 8 8 13 12 5 2 0 
3 1 2 5 12 11 10 13 8 8 11 10 3 1 0 
3 10 11 12 5 4 6 7 8 8 7 6 4 5 2 0 
3 10 11 10 13 8 8 9 5 4 6 7 0 
3 10 13 12 11 10 3 4 5 9 8 8 13 10 3 1 0 
3 4 5 12 13 10 11 10 3 1 0 7 8 8 9 5 2 1 0 
3 1 0 7 8 11 10 3 4 6 7 8 8 13 12 5 2 0 
3 4 5 12 11 10 13 8 8 13 10 3 1 2 0 
3 4 5 12 13 10 11 12 5 9 8 8 11 10 3 1 0 
3 1 2 5 12 11 12 5 2 0 7 8 8 9 5 2 0 
3 4 6 7 8 11 10 13 8 8 13 12 5 2 0 
3 4 6 7 8 11 10 3 4 6 7 8 8 13 10 3 1 0 
3 1 0 7 8 11 12 5 2 0 7 8 8 9 5 2 1 0 
3 10 11 10 3 1 0 7 8 8 13 10 3 1 2 0 
3 4 5 12 13 10 11 10 13 8 8 7 0 
3 10 13 12 11 12 5 2 0 7 8 8 11 10 3 1 0 
3 4 5 12 11 10 3 1 0 7 8 8 11 10 3 1 0 
3 4 5 12 11 10 3 1 0 7 8 8 7 0 
3 4 5 9 8 11 10 3 4 6 7 8 8 13 12 5 2 0 
3 1 0 7 8 11 12 5 2 0 7 8 8 9 5 4 6 7 0 
3 10 11 10 3 4 6 7 8 8 7 0 
3 4 5 9 8 11 12 5 9 8 8 11 10 3 1 0 
3 4 6 7 8 11 12 5 4 6 7 8 8 7 6 4 5 2 0 
3 4 5 9 8 11 10 13 8 8 7 6 4 5 2 0 
3 1 2 5 12 11 12 5 9 8 8 13 10 3 1 2 0 
3 4 5 12 11 12 5 4 6 7 8 8 7 6 4 5 2 0 
3 4 6 7 8 11 8 8 13 12 5 2 0 
3 1 2 0 7 8 11 12 5 4 6 7 8 8 9 5 2 1 0 
3 4 5 12 13 10 11 12 5 4 6 7 8 8 9 5 2 1 0 
3 10 13 12 11 10 3 4 6 7 8 8 9 5 4 6 7 0 
3 4 6 7 8 11 12 5 2 0 7 8 8 13 12 5 2 0 
3 4 6 7 8 11 8 8 7 6 4 5 2 0 
3 10 11 8 8 9 5 4 6 7 0 
3 10 13 8 11 12 5 2 0 7 8 8 9 5 2 0 
3 1 2 0 7 8 11 12 5 2 0 7 8 8 7 0 
---------------
Request id 18
1 3 4 5 12 11 12 5 4 6 7 
1 3 4 5 12 11 12 13 8 7 
1 3 10 13 8 11 10 3 1 0 7 
1 0 2 5 12 11 8 7 
1 2 5 12 11 12 5 4 6 7 
1 0 7 8 11 10 3 1 2 0 7 
1 2 0 7 8 11 12 5 4 6 7 
1 2 5 9 8 11 8 9 5 2 0 7 
1 0 2 5 12 11 10 3 1 0 7 
1 3 10 11 12 5 4 6 7 
1 3 10 13 8 11 12 5 9 8 7 
1 0 7 8 11 8 7 
1 0 7 8 11 10 3 1 0 7 
1 3 10 13 8 11 12 5 4 6 7 
1 2 5 12 11 10 3 4 6 7 
1 0 2 5 12 11 10 3 1 2 0 7 
1 0 7 8 11 12 5 2 0 7 
1 3 10 13 8 11 10 3 1 2 0 7 
1 3 4 5 12 11 10 3 4 6 7 
1 0 7 8 13 10 11 10 3 1 2 0 7 
1 0 2 5 12 11 10 13 8 7 
1 2 0 7 8 11 12 5 9 8 7 
1 2 5 9 8 11 12 5 4 6 7 
1 0 2 5 12 11 12 5 4 6 7 
1 0 7 8 13 10 11 12 5 4 6 7 
1 2 5 12 11 12 13 8 7 
1 0 7 8 13 10 11 10 3 1 0 7 
1 3 10 13 8 11 12 13 8 7 
1 3 10 13 12 11 12 5 9 8 7 
1 2 0 7 8 11 10 3 1 2 0 7 
1 2 5 9 8 11 12 13 8 7 
1 3 10 11 8 9 5 2 0 7 
1 2 5 12 11 10 3 1 0 7 
1 2 0 7 8 11 8 9 5 2 0 7 
1 0 2 5 12 11 12 5 2 0 7 
1 0 7 8 13 10 11 12 13 8 7 
1 2 0 7 8 11 12 5 2 0 7 
1 2 5 12 11 8 7 
1 2 5 9 8 11 10 3 4 6 7 
1 3 10 13 8 11 8 9 5 2 0 7 
---------------
Request id 16
10 3 4 5 9 8 11 10 3 
10 13 8 11 8 7 0 2 1 3 
10 3 1 0 7 8 11 8 13 10 3 
10 13 8 11 10 3 
10 11 8 7 0 2 1 3 
10 3 1 0 7 8 11 8 7 0 1 3 
10 13 12 5 9 8 11 8 7 6 4 3 
10 13 8 11 8 7 6 4 3 
10 3 1 2 5 12 11 10 13 12 5 4 3 
10 13 8 9 5 12 11 10 3 
10 3 4 5 9 8 11 8 13 10 3 
10 3 4 5 9 8 11 12 5 4 3 
10 3 4 5 12 11 12 13 10 3 
10 13 8 11 12 5 4 3 
10 3 1 2 5 12 11 8 7 0 1 3 
10 3 4 6 7 8 11 8 7 6 4 3 
10 3 4 5 12 11 12 5 2 1 3 
10 13 8 11 8 7 0 1 3 
10 13 12 5 9 8 11 10 3 
10 13 8 11 8 9 5 4 3 
10 13 8 11 12 5 2 1 3 
10 13 8 9 5 12 11 8 9 5 4 3 
10 11 8 9 5 4 3 
10 3 4 5 9 8 11 12 5 2 1 3 
10 3 4 6 7 8 11 12 13 10 3 
10 13 8 9 5 12 11 12 5 2 1 3 
10 3 4 5 12 11 10 13 12 5 4 3 
10 3 4 6 7 8 11 8 7 0 2 1 3 
10 13 12 5 9 8 11 12 5 4 3 
10 3 1 2 5 12 11 8 13 10 3 
10 3 4 6 7 8 11 8 13 10 3 
10 3 4 6 7 8 11 8 7 0 1 3 
10 3 1 0 7 8 11 12 13 10 3 
10 13 12 5 9 8 11 8 7 0 1 3 
10 13 12 11 10 13 12 5 4 3 
10 13 12 11 8 9 5 4 3 
10 13 8 9 5 12 11 10 13 12 5 4 3 
10 3 1 2 5 12 11 8 9 5 4 3 
10 11 8 7 0 1 3 
10 11 10 13 12 5 4 3 
---------------
Request id 19
1 0 2 5 12 11 10 13 12 5 4 3 
1 2 0 7 8 11 12 5 4 3 
1 2 5 12 11 8 7 0 1 3 
1 3 10 13 12 11 8 7 0 1 3 
1 3 4 5 12 11 12 5 2 1 3 
1 3 10 13 12 11 8 13 10 3 
1 3 4 5 12 11 12 13 10 3 
1 3 10 11 12 13 10 3 
1 2 5 9 8 11 8 13 10 3 
1 0 7 8 11 8 7 0 2 1 3 
1 3 10 11 10 13 12 5 4 3 
1 3 10 13 8 11 8 7 6 4 3 
1 0 2 5 12 11 12 5 2 1 3 
1 2 0 7 8 11 10 13 12 5 4 3 
1 0 7 8 11 10 13 12 5 4 3 
1 3 10 13 8 11 12 5 2 1 3 
1 3 10 11 8 9 5 4 3 
1 3 4 5 12 11 10 13 12 5 4 3 
1 0 2 5 12 11 8 9 5 4 3 
1 0 2 5 12 11 8 7 6 4 3 
1 3 4 5 12 11 12 5 4 3 
1 2 5 12 13 8 11 8 13 10 3 
1 0 2 5 12 11 8 13 10 3 
1 3 10 13 12 11 8 7 6 4 3 
1 2 5 12 11 8 7 0 2 1 3 
1 3 4 5 12 11 8 7 0 2 1 3 
1 3 10 11 8 7 0 1 3 
1 2 5 12 11 12 13 10 3 
1 3 10 11 10 3 
1 2 5 9 8 11 12 13 10 3 
1 2 5 12 11 8 9 5 4 3 
1 3 10 11 8 7 6 4 3 
1 0 2 5 12 11 10 3 
1 2 5 12 13 8 11 10 13 12 5 4 3 
1 3 10 13 12 11 12 5 4 3 
1 3 10 13 8 11 8 7 0 2 1 3 
1 3 10 13 8 11 12 13 10 3 
1 3 4 5 12 11 10 3 
1 2 0 7 8 11 8 9 5 4 3 
1 2 5 12 13 8 11 8 7 6 4 3 
---------------
Request id 6
0 2 1 3 10 11 10 13 8 9 5 12 
0 7 8 13 12 11 8 7 6 4 5 12 
0 1 3 10 11 8 7 6 4 5 12 
0 1 3 10 11 10 13 12 
0 2 5 12 11 10 3 4 5 12 
0 1 2 5 12 11 10 13 12 
0 1 3 10 11 8 7 0 2 5 12 
0 2 1 3 10 11 8 13 12 
0 7 6 4 3 10 11 10 13 8 9 5 12 
0 7 8 13 12 11 8 7 0 2 5 12 
0 1 2 5 9 8 11 10 3 1 2 5 12 
0 7 8 11 12 
0 2 5 12 11 10 3 1 2 5 12 
0 1 2 5 9 8 11 8 7 0 2 5 12 
0 7 6 4 3 10 11 8 9 5 12 
0 7 8 13 10 11 10 3 1 0 2 5 12 
0 2 1 3 10 11 10 3 4 5 12 
0 2 5 9 8 11 10 13 12 
0 2 5 9 8 11 8 13 12 
0 1 2 5 12 11 12 
0 7 8 13 12 11 12 
0 2 5 9 8 11 12 
0 2 5 9 8 11 10 13 8 9 5 12 
0 1 2 5 9 8 11 10 3 1 0 2 5 12 
0 7 6 4 3 10 11 8 13 12 
0 7 8 13 10 11 10 3 1 2 5 12 
0 7 8 11 10 3 4 5 12 
0 7 6 4 3 10 11 8 7 0 2 5 12 
0 2 5 12 11 8 9 5 12 
0 2 5 9 8 11 8 7 0 2 5 12 
0 2 1 3 10 11 8 7 0 2 5 12 
0 2 5 12 11 8 7 0 2 5 12 
0 1 3 10 11 12 
0 7 8 13 10 11 12 
0 7 8 13 12 11 10 13 12 
0 2 5 12 11 8 7 6 4 5 12 
0 2 5 12 11 10 3 1 0 2 5 12 
0 7 8 13 10 11 10 13 12 
0 1 2 5 9 8 11 10 13 8 9 5 12 
0 2 5 9 8 11 8 7 6 4 5 12 
---------------
Request id 14
1 2 0 7 8 7 0 1 2 5 
1 2 5 12 13 8 7 6 4 5 
1 3 10 13 8 7 0 1 2 5 
1 0 2 5 9 8 13 12 5 
1 3 10 13 8 11 10 13 12 5 
1 3 10 11 8 9 5 
1 3 4 6 7 8 11 10 13 12 5 
1 2 5 9 8 11 10 13 12 5 
1 0 7 8 9 5 
1 3 10 11 8 7 0 2 5 
1 3 4 6 7 8 11 10 3 4 5 
1 2 5 9 8 11 12 5 
1 3 4 6 7 8 13 12 5 
1 2 5 12 13 8 7 0 1 2 5 
1 0 2 5 9 8 13 10 11 12 5 
1 3 4 5 9 8 7 0 2 5 
1 2 5 12 11 8 7 0 2 5 
1 2 5 12 13 8 11 10 13 12 5 
1 0 2 5 9 8 7 0 2 5 
1 3 4 6 7 8 13 10 3 4 5 
1 3 4 6 7 8 7 6 4 5 
1 2 0 7 8 11 10 13 12 5 
1 2 5 12 11 8 13 10 11 12 5 
1 3 4 6 7 8 7 0 1 2 5 
1 0 2 5 9 8 11 10 3 4 5 
1 3 10 11 8 13 10 11 12 5 
1 3 4 5 9 8 11 12 5 
1 2 5 9 8 13 10 3 4 5 
1 2 5 9 8 13 12 5 
1 2 5 9 8 7 0 2 5 
1 3 4 6 7 8 9 5 
1 0 2 5 9 8 7 6 4 5 
1 0 7 8 7 0 1 2 5 
1 2 0 7 8 7 0 2 5 
1 2 5 12 13 8 11 12 5 
1 2 0 7 8 11 12 5 
1 3 4 5 9 8 11 10 3 4 5 
1 0 7 8 7 0 2 5 
1 3 10 11 8 7 6 4 5 
1 3 4 5 9 8 13 12 5 
---------------
Request id 1
10 13 8 11 11 12 5 2 1 3 
10 13 8 9 5 12 11 11 12 5 4 3 
10 13 8 11 11 12 5 4 3 
10 3 4 5 12 11 11 8 9 5 4 3 
10 3 4 5 9 8 11 11 12 5 4 3 
10 11 11 8 13 10 3 
10 3 4 5 12 11 11 8 7 0 2 1 3 
10 3 1 0 7 8 11 11 10 3 
10 13 12 5 9 8 11 11 8 7 0 2 1 3 
10 13 12 11 11 10 13 12 5 4 3 
10 3 1 0 7 8 11 11 8 7 6 4 3 
10 13 8 11 11 10 3 
10 3 4 5 12 11 11 10 3 
10 13 12 5 9 8 11 11 8 13 10 3 
10 3 4 5 9 8 11 11 12 13 10 3 
10 13 8 11 11 8 13 10 3 
10 13 12 11 11 8 7 6 4 3 
10 3 1 2 5 12 11 11 12 13 10 3 
10 3 4 6 7 8 11 11 10 13 12 5 4 3 
10 13 8 11 11 8 7 0 1 3 
10 3 1 2 5 12 11 11 12 5 2 1 3 
10 11 11 8 7 6 4 3 
10 3 4 5 9 8 11 11 10 13 12 5 4 3 
10 11 11 12 5 4 3 
10 3 4 5 12 11 11 10 13 12 5 4 3 
10 13 8 9 5 12 11 11 12 13 10 3 
10 11 11 8 7 0 1 3 
10 3 4 6 7 8 11 11 12 5 2 1 3 
10 3 1 0 7 8 11 11 8 13 10 3 
10 13 8 9 5 12 11 11 10 3 
10 3 1 0 7 8 11 11 8 7 0 1 3 
10 13 12 5 9 8 11 11 12 5 2 1 3 
10 13 8 9 5 12 11 11 12 5 2 1 3 
10 3 1 0 7 8 11 11 8 7 0 2 1 3 
10 13 12 11 11 8 7 0 1 3 
10 13 8 11 11 8 7 0 2 1 3 
10 13 8 9 5 12 11 11 8 7 0 2 1 3 
10 3 4 6 7 8 11 11 8 7 0 2 1 3 
10 3 4 6 7 8 11 11 12 13 10 3 
10 3 4 6 7 8 11 11 12 5 4 3 
---------------
Request id 20
2 5 9 8 7 6 4 3 10 11 11 8 13 10 
2 1 3 10 13 8 7 0 2 5 12 11 11 12 5 2 1 3 10 
2 1 3 10 11 8 13 12 11 11 8 13 10 
2 5 4 6 7 8 13 10 11 11 10 
2 5 9 8 9 5 4 3 10 11 11 8 7 0 1 3 10 
2 5 4 6 7 8 9 5 4 3 10 11 11 8 9 5 12 13 10 
2 5 12 11 8 7 6 4 3 10 11 11 8 7 0 1 3 10 
2 5 4 6 7 8 9 5 12 13 10 11 11 8 9 5 12 13 10 
2 5 4 6 7 8 7 0 1 3 10 11 11 12 13 10 
2 5 12 13 8 9 5 4 3 10 11 11 12 5 4 3 10 
2 5 9 8 7 6 4 5 12 11 11 8 7 0 1 3 10 
2 5 12 11 8 9 5 4 3 10 11 11 8 13 10 
2 5 12 13 8 9 5 12 11 11 10 
2 5 12 13 8 7 0 1 3 10 11 11 8 9 5 4 3 10 
2 1 3 10 11 8 9 5 12 11 11 8 9 5 4 3 10 
2 5 12 13 10 11 8 7 0 1 3 10 11 11 8 9 5 4 3 10 
2 5 12 11 8 7 6 4 3 10 11 11 12 5 9 8 13 10 
2 5 9 8 7 6 4 5 12 11 11 12 5 9 8 13 10 
2 5 12 13 10 11 8 13 10 11 11 12 5 9 8 13 10 
2 5 9 8 7 0 1 3 10 11 11 12 5 9 8 13 10 
2 1 3 10 11 8 13 10 11 11 8 7 6 4 3 10 
2 1 3 10 11 8 13 12 11 11 12 5 2 1 3 10 
2 5 4 6 7 8 13 10 11 11 8 9 5 12 13 10 
2 0 7 8 7 6 4 3 10 11 11 12 5 9 8 13 10 
2 1 0 7 8 7 0 1 3 10 11 11 8 13 10 
2 5 4 6 7 8 11 11 12 5 9 8 13 10 
2 0 7 8 13 12 11 11 12 5 4 3 10 
2 5 12 13 8 13 12 11 11 8 7 6 4 3 10 
2 1 3 10 13 8 7 0 2 5 12 11 11 10 
2 5 9 8 7 0 2 5 12 11 11 8 13 10 
2 5 4 3 10 11 8 7 0 1 3 10 11 11 8 13 10 
2 5 4 3 10 11 8 7 6 4 5 12 11 11 8 7 0 1 3 10 
2 1 3 10 11 8 13 10 11 11 10 
2 5 9 8 13 12 11 11 12 5 9 8 13 10 
2 5 12 13 10 11 8 13 10 11 11 8 13 10 
2 5 12 11 8 13 10 11 11 8 9 5 4 3 10 
2 0 7 8 9 5 4 3 10 11 11 12 13 10 
2 5 4 3 10 11 8 11 11 8 9 5 12 13 10 
2 5 4 6 7 8 13 10 11 11 12 5 2 1 3 10 
2 0 7 8 9 5 4 3 10 11 11 8 7 0 1 3 10 
---------------
Request id 17
4 5 12 11 11 11 12 5 4 3 
4 3 10 11 11 11 8 7 0 1 3 
4 6 7 8 11 11 11 8 9 5 4 3 
4 5 12 11 11 11 10 3 
4 3 10 13 8 11 11 11 8 7 0 1 3 
4 5 12 13 8 11 11 11 8 9 5 4 3 
4 5 12 13 10 11 11 11 12 5 2 1 3 
4 3 10 13 12 11 11 11 8 9 5 2 1 3 
4 5 9 8 11 11 11 8 13 10 3 
4 5 12 11 11 11 12 5 2 1 3 
4 3 10 13 8 11 11 11 8 9 5 2 1 3 
4 3 10 13 8 11 11 11 10 3 
4 3 10 13 8 11 11 11 12 5 4 3 
4 3 1 0 7 8 11 11 11 10 13 12 5 4 3 
4 5 12 11 11 11 8 7 0 1 3 
4 3 10 13 8 11 11 11 10 13 12 5 4 3 
4 6 7 8 11 11 11 10 3 
4 5 12 11 11 11 10 13 12 5 4 3 
4 3 10 13 12 11 11 11 8 13 10 3 
4 6 7 8 11 11 11 8 9 5 2 1 3 
4 3 10 11 11 11 10 13 12 5 4 3 
4 5 9 8 11 11 11 12 5 4 3 
4 5 9 8 11 11 11 12 5 2 1 3 
4 3 1 0 7 8 11 11 11 12 13 10 3 
4 3 10 13 12 11 11 11 10 3 
4 5 12 13 8 11 11 11 12 5 4 3 
4 3 10 11 11 11 8 9 5 2 1 3 
4 3 10 13 8 11 11 11 8 9 5 4 3 
4 3 10 13 8 11 11 11 12 5 2 1 3 
4 3 1 0 7 8 11 11 11 8 9 5 2 1 3 
4 6 7 8 13 12 11 11 11 8 9 5 4 3 
4 3 10 13 8 11 11 11 12 13 10 3 
4 5 12 13 8 11 11 11 8 13 10 3 
4 6 7 8 13 12 11 11 11 8 9 5 2 1 3 
4 3 10 13 12 11 11 11 10 13 12 5 4 3 
4 5 12 13 10 11 11 11 8 7 0 1 3 
4 5 12 11 11 11 8 7 6 4 3 
4 5 9 8 11 11 11 12 13 10 3 
4 6 7 8 11 11 11 8 7 6 4 3 
4 5 12 13 10 11 11 11 8 9 5 2 1 3 
---------------
Request id 5
2 5 9 8 11 12 13 8 11 10 3 4 6 
2 5 12 11 8 13 10 11 12 13 8 13 12 5 4 6 
2 1 3 10 11 8 9 5 4 3 10 11 10 13 8 9 5 4 6 
2 5 4 3 10 13 8 7 6 4 5 12 11 10 3 4 5 9 8 13 12 11 10 3 4 6 
2 1 3 10 11 8 11 10 3 1 0 7 8 11 12 5 4 6 
2 1 3 10 11 8 7 6 4 3 10 11 10 3 4 5 9 8 7 0 1 3 4 6 
2 5 12 11 8 7 0 1 3 10 11 10 13 8 11 12 5 4 6 
2 5 4 3 10 13 8 7 0 2 5 12 11 10 13 8 13 10 3 4 6 
2 1 3 10 11 8 11 10 3 4 6 7 8 13 12 5 4 6 
2 1 0 7 8 9 5 12 11 10 13 8 11 10 3 4 6 
2 5 12 11 10 13 8 7 0 1 3 10 11 12 5 2 0 7 8 13 12 5 4 6 
2 5 4 6 7 8 9 5 4 3 10 11 12 5 9 8 7 0 1 3 4 6 
2 5 12 11 8 9 5 12 11 10 13 8 7 0 2 5 4 6 
2 1 0 7 8 9 5 12 13 10 11 12 5 9 8 7 0 2 5 4 6 
2 5 12 11 10 13 8 11 10 3 1 0 7 8 7 0 2 5 4 6 
2 5 12 13 8 13 12 11 10 13 12 5 9 8 9 5 2 0 7 6 
2 5 4 6 7 8 9 5 12 13 10 11 10 13 8 7 0 1 3 4 6 
2 5 4 6 7 8 7 0 1 3 10 11 12 5 4 6 7 8 7 0 1 3 4 6 
2 5 12 13 8 7 0 1 3 10 11 12 5 4 6 7 8 7 6 
2 1 0 7 8 13 12 11 10 13 8 9 5 4 6 
2 5 4 3 10 13 8 13 10 11 10 3 4 5 9 8 13 12 5 4 6 
2 1 3 10 13 8 7 6 4 5 12 11 12 5 2 0 7 8 13 12 11 10 3 4 6 
2 5 4 6 7 8 7 6 4 3 10 11 12 5 4 6 7 8 9 5 4 6 
2 5 12 11 10 13 8 11 10 3 4 6 7 8 9 5 2 0 7 6 
2 1 3 10 13 8 7 0 1 3 10 11 12 5 4 6 7 8 7 6 
2 5 4 6 7 8 13 10 11 10 3 4 6 7 8 13 12 11 10 3 4 6 
2 1 3 10 11 8 9 5 12 11 12 5 2 0 7 8 7 0 2 5 4 6 
2 5 4 3 10 13 8 7 6 4 5 12 11 10 13 8 9 5 2 0 7 6 
2 1 0 7 8 7 6 4 5 12 11 8 13 12 11 10 3 4 6 
2 5 4 6 7 8 7 0 1 3 10 11 12 5 9 8 13 10 3 4 6 
2 5 12 11 8 13 12 11 12 5 9 8 11 10 3 4 6 
2 5 12 11 8 9 5 12 11 10 13 8 9 5 2 0 7 6 
2 1 3 10 13 8 9 5 12 13 10 11 12 13 8 7 6 
2 5 12 13 8 7 6 4 5 12 11 10 13 12 5 9 8 13 10 3 4 6 
2 5 9 8 11 10 13 8 11 12 5 4 6 
2 5 12 11 10 13 8 9 5 12 13 10 11 12 5 2 0 7 8 11 10 3 4 6 
2 5 12 13 8 7 6 4 3 10 11 12 5 9 8 7 6 
2 1 0 7 8 9 5 12 11 12 5 9 8 7 6 
2 5 4 3 10 13 8 7 6 4 5 12 11 12 5 9 8 13 10 3 4 6 
2 5 4 3 10 13 8 13 10 11 12 5 9 8 13 12 5 4 6 
---------------
Request id 8
12 13 10 11 8 9 5 
12 5 4 6 7 8 11 12 13 8 9 5 
12 5 2 1 3 10 11 8 13 12 5 
12 11 8 9 5 
12 5 9 8 13 10 11 8 7 6 4 5 
12 5 2 1 3 10 11 10 13 8 9 5 
12 5 4 6 7 8 11 10 13 8 9 5 
12 5 2 0 7 8 11 8 7 0 2 5 
12 5 2 0 1 3 10 11 12 5 
12 11 8 7 0 2 5 
12 5 9 8 13 10 11 10 3 4 5 
12 13 10 11 10 13 12 5 
12 5 4 6 7 8 11 8 9 5 
12 5 2 0 7 8 11 12 5 
12 13 8 11 8 9 5 
12 11 12 13 8 9 5 
12 5 2 0 7 8 11 10 13 12 5 
12 5 4 6 7 8 11 12 5 
12 5 2 0 7 8 11 8 9 5 
12 5 4 6 7 8 11 8 13 12 5 
12 5 4 6 7 8 11 10 3 1 2 5 
12 5 2 1 3 10 11 12 13 8 9 5 
12 5 9 8 13 10 11 8 9 5 
12 5 4 3 10 11 8 7 6 4 5 
12 5 2 0 1 3 10 11 12 13 8 9 5 
12 5 2 0 7 8 11 12 13 8 9 5 
12 13 8 11 8 7 6 4 5 
12 5 9 8 11 10 13 12 5 
12 5 2 0 1 3 10 11 8 7 0 2 5 
12 5 9 8 11 12 5 
12 5 9 8 11 12 13 8 9 5 
12 11 10 3 4 5 
12 5 2 1 3 10 11 10 3 4 5 
12 5 4 6 7 8 11 10 13 12 5 
12 5 9 8 13 10 11 10 3 1 2 5 
12 5 9 8 13 10 11 10 13 12 5 
12 13 8 11 10 13 8 9 5 
12 5 4 6 7 8 11 8 7 0 2 5 
12 13 8 11 8 13 12 5 
12 5 4 3 10 11 10 13 12 5 
---------------
Request id 10
7 0 1 3 10 11 10 3 1 0 7 8 8 11 10 
7 8 9 5 12 11 12 13 8 8 9 5 12 11 10 
7 8 13 12 11 10 3 4 5 9 8 8 9 5 12 11 10 
7 8 13 12 11 12 5 2 0 7 8 8 7 6 4 3 10 
7 6 4 5 9 8 11 10 3 4 6 7 8 8 13 12 5 4 3 10 
7 8 11 10 3 4 6 7 8 8 9 5 4 3 10 
7 6 4 5 12 11 12 13 8 8 9 5 12 11 10 
7 8 11 10 13 12 5 9 8 8 13 12 11 10 
7 8 11 10 13 8 8 9 5 12 11 10 
7 6 4 3 10 11 12 5 4 6 7 8 8 11 10 
7 8 9 5 12 11 10 13 8 8 9 5 12 11 10 
7 6 4 5 9 8 11 8 8 9 5 12 13 10 
7 0 1 2 5 12 11 10 3 4 6 7 8 8 11 12 13 10 
7 6 4 5 12 11 10 3 4 5 9 8 8 7 0 1 3 10 
7 0 1 3 10 11 12 5 4 6 7 8 8 13 12 5 4 3 10 
7 0 1 3 10 11 10 3 4 6 7 8 8 11 12 13 10 
7 8 13 12 11 12 5 2 0 7 8 8 13 12 11 10 
7 6 4 3 10 11 10 13 12 5 9 8 8 9 5 4 3 10 
7 8 11 10 3 1 0 7 8 8 7 6 4 3 10 
7 0 1 2 5 12 11 10 13 8 8 13 12 5 4 3 10 
7 8 9 5 12 11 10 13 12 5 9 8 8 7 6 4 3 10 
7 8 11 10 13 12 5 9 8 8 11 10 
7 6 4 5 9 8 11 12 5 4 6 7 8 8 13 12 11 10 
7 8 13 10 11 12 13 8 8 7 0 1 3 10 
7 0 1 3 10 11 10 13 12 5 9 8 8 13 10 
7 0 2 5 12 11 12 5 2 0 7 8 8 9 5 4 3 10 
7 6 4 3 10 11 12 5 2 0 7 8 8 9 5 12 13 10 
7 8 13 12 11 10 3 4 5 9 8 8 11 10 
7 8 9 5 12 11 10 13 12 5 9 8 8 9 5 4 3 10 
7 0 2 5 12 11 10 13 8 8 9 5 12 13 10 
7 0 2 5 12 11 10 3 4 6 7 8 8 11 12 13 10 
7 6 4 5 12 11 12 5 9 8 8 9 5 4 3 10 
7 8 11 8 8 7 6 4 3 10 
7 8 11 10 13 8 8 13 12 5 4 3 10 
7 6 4 5 9 8 11 10 3 4 6 7 8 8 11 10 
7 6 4 3 10 11 12 13 8 8 7 6 4 3 10 
7 0 2 5 12 11 10 13 8 8 9 5 12 11 10 
7 6 4 5 9 8 11 12 5 4 6 7 8 8 9 5 4 3 10 
7 6 4 3 10 11 12 13 8 8 9 5 4 3 10 
7 0 1 2 5 12 11 10 13 8 8 7 0 1 3 10 
---------------
Request id 7
4 5 12 13 8 11 8 8 9 5 4 6 7 
4 5 12 11 10 13 12 5 9 8 8 11 12 5 2 0 7 
4 3 1 0 7 8 11 12 5 9 8 8 9 5 2 1 0 7 
4 3 10 13 8 11 10 3 4 5 9 8 8 9 5 2 0 7 
4 3 1 0 7 8 11 12 5 9 8 8 11 12 5 4 6 7 
4 5 2 1 3 10 11 10 3 1 0 7 8 8 11 12 5 4 6 7 
4 5 12 13 8 11 12 13 8 8 13 12 5 4 6 7 
4 5 12 13 8 11 12 5 4 6 7 8 8 13 12 5 2 0 7 
4 3 10 11 12 5 2 0 7 8 8 9 5 4 6 7 
4 3 10 13 12 11 12 5 4 6 7 8 8 9 5 4 6 7 
4 5 12 13 8 11 10 13 8 8 9 5 2 1 0 7 
4 5 12 13 10 11 10 3 1 0 7 8 8 9 5 2 0 7 
4 5 12 11 10 13 8 8 9 5 2 1 0 7 
4 3 10 13 12 11 12 5 9 8 8 11 10 3 4 6 7 
4 5 9 8 11 10 13 12 5 9 8 8 13 12 5 2 0 7 
4 3 10 13 8 11 8 8 11 10 3 4 6 7 
4 3 1 0 7 8 11 10 3 1 0 7 8 8 7 
4 5 2 1 3 10 11 10 13 12 5 9 8 8 11 12 5 2 0 7 
4 5 9 8 11 10 3 4 5 9 8 8 9 5 2 0 7 
4 5 12 13 10 11 10 3 4 5 9 8 8 13 12 5 2 0 7 
4 3 1 0 7 8 11 10 3 4 6 7 8 8 9 5 2 1 0 7 
4 3 10 11 10 3 4 6 7 8 8 11 12 5 4 6 7 
4 5 12 13 8 11 10 13 8 8 7 
4 3 1 0 7 8 11 10 3 4 5 9 8 8 13 12 5 2 0 7 
4 3 1 0 7 8 11 8 8 11 10 3 4 6 7 
4 5 9 8 11 10 3 4 6 7 8 8 7 
4 3 10 11 10 3 1 0 7 8 8 13 12 5 4 6 7 
4 5 12 13 10 11 10 3 4 5 9 8 8 11 12 5 2 0 7 
4 3 10 13 12 11 12 13 8 8 9 5 2 0 7 
4 5 12 13 10 11 10 13 8 8 13 10 3 4 6 7 
4 3 1 0 7 8 11 12 5 9 8 8 13 10 3 4 6 7 
4 5 2 1 3 10 11 8 8 9 5 2 1 0 7 
4 3 1 0 7 8 11 10 3 4 5 9 8 8 9 5 2 0 7 
4 6 7 8 11 8 8 13 12 5 4 6 7 
4 6 7 8 11 10 13 12 5 9 8 8 13 10 3 4 6 7 
4 5 9 8 11 10 3 1 0 7 8 8 11 10 3 4 6 7 
4 5 2 1 3 10 11 10 3 4 5 9 8 8 11 12 5 4 6 7 
4 3 10 13 8 11 12 5 9 8 8 13 10 3 4 6 7 
4 5 12 13 8 11 10 13 8 8 9 5 4 6 7 
4 3 1 0 7 8 11 10 3 4 6 7 8 8 7 
---------------
Request id 2
10 13 12 11 8 11 10 13 12 5 2 
10 13 8 11 10 3 1 2 
10 11 12 5 9 8 7 6 4 3 1 2 
10 13 12 5 9 8 11 10 3 1 2 
10 13 12 5 9 8 11 10 13 12 5 2 
10 11 12 5 9 8 7 6 4 5 2 
10 13 12 5 9 8 7 6 4 5 2 
10 13 12 11 8 9 5 2 
10 3 1 0 7 8 11 10 3 1 2 
10 11 12 13 8 7 6 4 3 1 2 
10 3 4 5 9 8 7 0 2 
10 3 4 6 7 8 13 10 3 1 2 
10 13 12 11 8 7 6 4 3 1 2 
10 3 4 5 9 8 11 10 3 1 2 
10 11 8 7 0 1 2 
10 13 8 7 0 2 
10 13 12 11 8 7 0 2 
10 11 12 13 8 13 12 5 2 
10 11 12 5 9 8 7 0 1 2 
10 3 4 6 7 8 7 0 2 
10 3 4 5 12 11 8 7 6 4 5 2 
10 3 1 0 7 8 11 10 13 12 5 2 
10 11 12 13 8 7 6 4 5 2 
10 13 12 11 8 11 10 3 1 2 
10 3 4 6 7 8 7 6 4 3 1 2 
10 13 8 13 12 5 2 
10 3 4 5 9 8 9 5 2 
10 3 4 6 7 8 11 12 5 2 
10 3 4 5 12 11 8 13 10 3 1 2 
10 3 4 5 12 11 8 7 0 2 
10 11 12 13 8 7 0 2 
10 11 8 11 10 13 12 5 2 
10 11 12 5 9 8 9 5 2 
10 13 12 11 8 7 0 1 2 
10 11 8 11 12 5 2 
10 11 8 9 5 2 
10 3 4 5 9 8 13 10 3 1 2 
10 13 8 7 0 1 2 
10 13 12 5 9 8 7 6 4 3 1 2 
10 11 12 13 8 9 5 2 
---------------
Request id 9
10 11 8 11 10 3 4 5 9 8 9 5 2 1 0 
10 11 12 13 8 13 12 11 10 3 4 6 7 8 9 5 4 3 1 0 
10 3 4 5 9 8 13 10 11 12 5 4 6 7 8 9 5 4 3 1 0 
10 3 4 6 7 8 9 5 12 11 12 5 2 0 7 8 11 12 5 2 0 
10 3 4 6 7 8 13 10 11 10 13 12 5 9 8 9 5 4 3 1 0 
10 3 1 0 7 8 9 5 12 11 10 13 8 7 6 4 3 1 0 
10 3 4 5 12 13 8 9 5 12 13 10 11 12 5 4 6 7 8 9 5 2 0 
10 3 4 5 9 8 13 10 11 10 13 12 5 9 8 9 5 2 0 
10 11 12 5 9 8 7 0 2 5 12 11 12 5 2 0 7 8 11 12 5 2 0 
10 13 8 11 10 13 8 9 5 2 1 0 
10 13 8 9 5 12 13 10 11 12 5 9 8 9 5 2 1 0 
10 11 12 5 9 8 9 5 12 13 10 11 12 5 4 6 7 8 7 0 
10 11 8 7 6 4 3 10 11 10 13 8 13 10 3 1 0 
10 13 12 11 8 11 12 5 9 8 13 10 3 1 0 
10 11 8 7 0 2 5 12 11 12 5 4 6 7 8 11 12 5 2 0 
10 11 12 5 9 8 7 0 2 5 12 11 12 5 4 6 7 8 13 12 5 2 0 
10 11 12 13 8 7 0 1 3 10 11 12 5 4 6 7 8 7 6 4 3 1 0 
10 3 4 5 12 13 8 7 0 2 5 12 11 12 5 2 0 7 8 7 0 
10 11 8 7 6 4 5 12 11 12 5 2 0 7 8 7 0 
10 3 4 5 9 8 9 5 12 11 10 3 4 6 7 8 13 10 3 1 0 
10 11 12 5 9 8 7 6 4 3 10 11 10 13 12 5 9 8 9 5 2 0 
10 11 12 13 8 9 5 12 11 12 5 2 0 7 8 9 5 2 0 
10 3 1 0 7 8 13 10 11 10 3 1 0 7 8 13 12 5 2 1 0 
10 13 12 5 9 8 13 12 11 12 5 9 8 11 12 5 2 0 
10 13 12 5 9 8 7 0 1 3 10 11 12 5 4 6 7 8 11 12 5 2 0 
10 11 8 11 10 13 12 5 9 8 11 10 3 1 0 
10 11 12 5 9 8 13 10 11 10 3 1 0 7 8 7 6 4 3 1 0 
10 11 12 5 9 8 9 5 12 13 10 11 12 5 4 6 7 8 13 10 3 1 0 
10 3 1 0 7 8 13 12 11 12 5 9 8 11 10 3 1 0 
10 13 12 11 8 13 10 11 10 13 12 5 9 8 9 5 2 1 0 
10 3 4 6 7 8 9 5 4 3 10 11 8 13 12 5 2 0 
10 11 12 5 9 8 11 10 3 1 0 7 8 9 5 2 0 
10 11 8 7 0 1 3 10 11 10 3 4 5 9 8 7 0 
10 3 4 6 7 8 13 12 11 12 5 9 8 9 5 4 3 1 0 
10 11 12 13 8 7 6 4 3 10 11 10 13 12 5 9 8 9 5 2 0 
10 13 12 11 8 11 10 3 4 5 9 8 13 10 3 1 0 
10 3 4 6 7 8 7 0 1 3 10 11 10 13 8 7 6 4 3 1 0 
10 11 12 13 8 7 6 4 5 12 11 12 5 4 6 7 8 7 6 4 3 1 0 
10 3 4 5 12 13 8 9 5 12 13 10 11 10 13 8 9 5 2 1 0 
10 11 8 13 12 11 10 3 4 6 7 8 7 0 
---------------
Request id 12
5 12 13 8 11 10 3 4 5 9 8 13 12 5 4 3 10 
5 12 11 12 5 9 8 9 5 4 3 10 
5 9 8 13 10 11 12 5 4 6 7 8 9 5 4 3 10 
5 4 6 7 8 11 8 13 12 11 10 
5 2 0 7 8 11 8 7 0 1 3 10 
5 12 13 8 11 10 13 8 11 10 
5 9 8 13 12 11 12 5 2 0 7 8 7 6 4 3 10 
5 2 0 7 8 11 10 13 8 7 0 1 3 10 
5 12 13 10 11 10 13 8 11 10 
5 2 0 7 8 11 10 3 1 0 7 8 11 10 
5 9 8 13 10 11 12 13 8 13 10 
5 2 0 7 8 11 10 3 4 6 7 8 11 12 13 10 
5 2 0 7 8 11 10 13 12 5 9 8 7 0 1 3 10 
5 12 13 8 11 12 5 2 0 7 8 7 0 1 3 10 
5 12 13 8 11 12 5 2 0 7 8 7 6 4 3 10 
5 4 6 7 8 11 12 5 4 6 7 8 13 12 11 10 
5 2 0 7 8 11 12 5 2 0 7 8 13 10 
5 9 8 13 10 11 12 5 9 8 11 12 13 10 
5 12 11 12 5 2 0 7 8 11 12 13 10 
5 12 13 8 11 10 3 1 0 7 8 11 10 
5 4 6 7 8 11 10 3 1 0 7 8 9 5 12 13 10 
5 9 8 13 12 11 12 5 4 6 7 8 9 5 4 3 10 
5 2 0 7 8 11 10 13 8 7 6 4 3 10 
5 9 8 11 12 13 8 9 5 12 11 10 
5 9 8 11 10 13 12 5 9 8 13 12 5 4 3 10 
5 12 13 10 11 10 3 4 6 7 8 13 12 11 10 
5 9 8 11 12 5 4 6 7 8 9 5 12 13 10 
5 12 13 8 11 10 3 1 0 7 8 13 10 
5 4 6 7 8 11 10 13 8 11 10 
5 2 0 7 8 11 10 13 8 13 12 5 4 3 10 
5 12 11 12 5 4 6 7 8 9 5 4 3 10 
5 4 6 7 8 11 12 13 8 13 10 
5 12 13 10 11 10 3 4 6 7 8 13 10 
5 12 13 8 11 8 9 5 4 3 10 
5 2 1 3 10 11 12 13 8 13 12 11 10 
5 12 13 8 11 12 5 2 0 7 8 13 12 5 4 3 10 
5 12 13 10 11 10 13 8 9 5 4 3 10 
5 2 0 7 8 11 10 3 1 0 7 8 7 0 1 3 10 
5 2 1 3 10 11 12 13 8 7 6 4 3 10 
5 12 13 8 11 10 13 8 13 12 5 4 3 10 
---------------
Request id 11
4 6 7 8 11 11 8 9 5 2 0 7 
4 3 10 11 11 10 3 4 6 7 
4 5 12 13 10 11 11 12 5 9 8 7 
4 6 7 8 11 11 10 3 4 6 7 
4 3 10 13 12 11 11 12 13 8 7 
4 5 12 13 8 11 11 8 9 5 2 0 7 
4 5 12 13 10 11 11 10 13 8 7 
4 5 12 11 11 8 7 
4 6 7 8 13 12 11 11 10 3 4 6 7 
4 5 12 13 8 11 11 12 5 4 6 7 
4 3 10 13 8 11 11 12 5 2 1 0 7 
4 5 12 11 11 12 5 4 6 7 
4 5 9 8 11 11 10 3 1 0 7 
4 5 12 13 10 11 11 12 5 4 6 7 
4 3 10 13 12 11 11 12 5 9 8 7 
4 5 9 8 11 11 12 5 9 8 7 
4 6 7 8 13 12 11 11 12 5 4 6 7 
4 5 9 8 11 11 10 13 8 7 
4 5 12 13 10 11 11 10 3 4 6 7 
4 5 9 8 11 11 10 3 4 6 7 
4 5 12 13 8 11 11 10 3 4 6 7 
4 3 10 11 11 8 9 5 2 0 7 
4 3 1 2 5 12 11 11 8 9 5 2 0 7 
4 6 7 8 11 11 12 5 4 6 7 
4 3 10 13 8 11 11 8 9 5 2 0 7 
4 6 7 8 11 11 10 3 1 0 7 
4 6 7 8 13 12 11 11 12 5 2 1 0 7 
4 5 12 13 10 11 11 12 5 2 0 7 
4 3 1 2 5 12 11 11 10 3 1 0 7 
4 5 9 8 11 11 12 5 4 6 7 
4 3 10 11 11 12 5 4 6 7 
4 5 12 13 8 11 11 10 3 1 0 7 
4 3 10 13 12 11 11 12 5 2 1 0 7 
4 5 9 8 11 11 12 5 2 1 0 7 
4 5 9 8 11 11 12 13 8 7 
4 6 7 8 11 11 12 5 9 8 7 
4 3 10 13 8 11 11 10 3 4 6 7 
4 5 12 13 10 11 11 8 9 5 2 0 7 
4 3 10 13 8 11 11 12 5 4 6 7 
4 5 12 13 8 11 11 10 13 8 7 
---------------
Request id 13
1 2 0 7 8 11 10 13 8 7 0 2 5 12 11 12 5 9 8 13 10 
1 2 0 7 8 11 10 13 8 9 5 12 13 10 11 12 5 2 1 3 10 
1 0 7 8 11 12 13 8 9 5 12 13 10 11 12 5 4 3 10 
1 3 10 13 8 11 12 13 8 11 12 5 4 3 10 
1 3 10 11 10 13 8 9 5 4 3 10 11 8 7 6 4 3 10 
1 3 10 13 12 11 10 3 4 6 7 8 7 6 4 3 10 11 8 13 10 
1 0 7 8 11 12 13 8 9 5 4 3 10 11 8 7 6 4 3 10 
1 3 10 13 8 11 10 3 4 6 7 8 7 6 4 5 12 11 8 13 10 
1 3 10 13 8 11 12 13 8 13 12 11 12 5 2 1 3 10 
1 3 10 11 12 5 9 8 9 5 12 13 10 11 12 5 2 1 3 10 
1 3 10 11 12 13 8 9 5 4 3 10 11 12 13 10 
1 3 10 11 10 13 12 5 9 8 7 6 4 3 10 11 10 
1 2 5 12 11 10 3 4 6 7 8 7 6 4 3 10 11 8 9 5 4 3 10 
1 3 10 11 10 13 8 9 5 4 3 10 11 10 
1 2 5 12 11 10 13 12 5 9 8 13 12 11 8 7 0 1 3 10 
1 2 5 9 8 11 8 13 10 11 12 5 4 3 10 
1 2 5 9 8 11 10 13 8 11 12 5 9 8 13 10 
1 3 4 5 12 11 10 3 1 0 7 8 11 8 9 5 12 13 10 
1 0 7 8 13 10 11 12 5 2 0 7 8 7 6 4 3 10 11 10 
1 0 2 5 12 11 10 13 12 5 9 8 7 6 4 5 12 11 12 13 10 
1 0 7 8 11 12 5 9 8 7 0 1 3 10 11 8 13 10 
1 0 7 8 11 12 5 9 8 11 12 5 4 3 10 
1 2 5 9 8 11 12 13 8 7 6 4 3 10 11 10 
1 2 5 12 11 12 13 8 9 5 12 13 10 11 8 9 5 4 3 10 
1 2 0 7 8 11 10 3 4 5 9 8 9 5 4 3 10 11 12 5 4 3 10 
1 2 5 9 8 11 10 13 12 5 9 8 7 0 1 3 10 11 12 5 9 8 13 10 
1 3 4 5 12 11 10 3 1 0 7 8 13 12 11 12 5 9 8 13 10 
1 0 7 8 13 10 11 10 3 4 5 9 8 13 10 11 12 13 10 
1 3 10 13 12 11 12 5 4 6 7 8 7 6 4 3 10 11 12 5 4 3 10 
1 2 5 12 11 12 5 9 8 9 5 12 11 8 13 10 
1 2 5 12 11 12 5 4 6 7 8 7 6 4 5 12 11 12 5 4 3 10 
1 0 7 8 11 12 5 2 0 7 8 9 5 12 13 10 11 8 13 10 
1 3 4 5 12 11 10 3 4 6 7 8 11 12 13 10 
1 3 4 5 12 11 10 3 1 0 7 8 7 6 4 5 12 11 8 9 5 4 3 10 
1 0 2 5 12 11 12 13 8 13 10 11 12 5 9 8 13 10 
1 0 2 5 12 11 10 13 12 5 9 8 7 0 2 5 12 11 8 9 5 4 3 10 
1 3 10 13 12 11 12 13 8 9 5 12 13 10 11 12 5 4 3 10 
1 0 7 8 11 12 13 8 9 5 4 3 10 11 8 9 5 4 3 10 
1 3 4 5 12 11 12 5 2 0 7 8 11 8 7 6 4 3 10 
1 3 10 13 8 11 12 5 2 0 7 8 7 0 2 5 12 11 10 
---------------
Request id 3
7 0 1 3 10 13 8 11 10 
7 6 4 3 10 13 8 11 12 13 10 
7 8 11 10 
7 8 7 0 1 3 10 
7 6 4 5 12 13 8 9 5 4 3 10 
7 0 1 2 5 9 8 11 10 
7 0 2 5 12 11 8 7 0 1 3 10 
7 0 1 3 10 13 8 13 12 11 10 
7 8 9 5 2 1 3 10 
7 0 1 3 10 13 8 9 5 12 11 10 
7 0 1 3 10 11 8 9 5 12 11 10 
7 6 4 3 10 13 8 9 5 12 13 10 
7 0 2 5 9 8 9 5 4 3 10 
7 0 2 5 12 11 8 13 12 11 10 
7 0 2 5 9 8 11 12 13 10 
7 0 1 2 5 9 8 13 10 
7 0 2 5 12 13 8 7 0 1 3 10 
7 0 2 5 12 13 8 9 5 4 3 10 
7 6 4 5 12 13 8 9 5 12 11 10 
7 0 1 2 5 9 8 9 5 12 11 10 
7 6 4 3 10 13 8 9 5 2 1 3 10 
7 6 4 5 9 8 13 10 
7 0 1 3 10 13 8 11 12 13 10 
7 8 11 12 13 10 
7 6 4 5 9 8 11 10 
7 0 1 3 10 11 8 7 0 1 3 10 
7 6 4 3 10 13 8 7 6 4 3 10 
7 0 2 5 9 8 7 0 1 3 10 
7 0 1 3 10 13 8 9 5 4 3 10 
7 0 1 3 10 11 8 9 5 4 3 10 
7 6 4 3 10 13 8 9 5 12 11 10 
7 0 2 5 12 11 8 7 6 4 3 10 
7 8 13 12 11 10 
7 0 2 5 12 13 8 11 12 13 10 
7 8 9 5 4 3 10 
7 0 2 5 12 13 8 13 12 11 10 
7 0 2 5 12 13 8 7 6 4 3 10 
7 0 1 2 5 9 8 13 12 11 10 
7 6 4 5 12 13 8 9 5 2 1 3 10 
7 0 1 2 5 9 8 9 5 4 3 10 
---------------
Request id 4
0 1 3 10 11 11 11 8 9 5 2 
0 2 1 3 10 11 11 11 12 5 2 
0 1 2 5 12 11 11 11 8 7 0 2 
0 2 5 9 8 11 11 11 10 3 1 2 
0 7 8 13 12 11 11 11 10 13 12 5 2 
0 1 3 10 11 11 11 12 13 8 9 5 2 
0 1 3 10 13 8 11 11 11 8 7 0 1 2 
0 2 5 12 11 11 11 8 13 12 5 2 
0 2 5 9 8 11 11 11 10 3 1 0 2 
0 7 8 13 10 11 11 11 10 3 1 2 
0 7 8 11 11 11 8 9 5 2 
0 2 5 12 11 11 11 12 13 8 9 5 2 
0 1 2 5 12 11 11 11 10 3 1 0 2 
0 2 1 3 10 11 11 11 12 13 8 9 5 2 
0 7 8 13 10 11 11 11 8 13 12 5 2 
0 7 6 4 5 12 11 11 11 8 9 5 2 
0 7 8 13 10 11 11 11 8 9 5 2 
0 1 2 5 12 11 11 11 10 3 1 2 
0 7 8 11 11 11 10 3 1 2 
0 7 6 4 5 12 11 11 11 10 3 4 5 2 
0 2 5 9 8 11 11 11 8 7 0 2 
0 2 1 3 10 11 11 11 10 13 12 5 2 
0 1 2 5 12 11 11 11 8 9 5 2 
0 2 5 9 8 11 11 11 8 9 5 2 
0 7 8 11 11 11 8 7 0 1 2 
0 7 8 13 12 11 11 11 10 3 1 2 
0 2 1 3 10 11 11 11 10 3 4 5 2 
0 1 3 10 13 8 11 11 11 10 13 12 5 2 
0 7 8 11 11 11 10 13 12 5 2 
0 1 3 10 13 8 11 11 11 8 7 0 2 
0 7 8 11 11 11 12 13 8 9 5 2 
0 2 5 9 8 11 11 11 12 13 8 9 5 2 
0 7 6 4 5 12 11 11 11 10 3 1 0 2 
0 1 3 10 11 11 11 8 7 0 2 
0 2 1 3 10 11 11 11 8 9 5 2 
0 7 6 4 5 12 11 11 11 8 7 0 2 
0 7 6 4 5 12 11 11 11 12 13 8 9 5 2 
0 2 5 12 11 11 11 8 7 0 1 2 
0 2 5 12 11 11 11 10 3 1 0 2 
0 7 8 13 10 11 11 11 10 3 1 0 2 
---------------
