Request id 1
1 2 5 5 4 6 
1 2 5 5 9 8 7 6 
1 2 5 5 2 0 7 6 
1 2 5 5 12 11 8 7 6 
1 2 5 5 2 1 0 7 6 
1 2 5 5 12 13 8 7 6 
1 2 5 5 2 1 3 4 6 
1 2 5 5 12 11 10 3 4 6 
1 2 5 5 4 3 1 0 7 6 
1 2 5 5 12 13 10 3 4 6 
---------------
Request id 7
12 5 2 0 
12 5 2 1 0 
12 5 9 8 7 0 
12 5 4 6 7 0 
12 5 4 3 1 0 
12 5 12 11 8 7 0 
12 5 12 13 8 7 0 
12 5 4 3 1 2 0 
12 5 12 11 10 3 1 0 
12 5 12 13 10 3 1 0 
---------------
Request id 27
11 12 5 5 9 
11 12 5 5 12 11 8 9 
11 12 5 5 12 13 8 9 
11 12 5 5 2 0 7 8 9 
11 12 5 5 4 6 7 8 9 
11 12 5 5 12 11 10 13 8 9 
11 12 5 5 2 1 0 7 8 9 
11 12 5 5 4 3 10 11 8 9 
11 12 5 5 12 13 10 11 8 9 
11 12 5 5 4 3 10 13 8 9 
---------------
Request id 8
12 5 2 0 
12 5 2 1 0 
12 5 4 3 1 0 
12 5 4 6 7 0 
12 5 9 8 7 0 
12 5 4 3 1 2 0 
12 5 12 13 8 7 0 
12 5 12 11 8 7 0 
12 5 12 13 10 3 1 0 
12 5 12 11 10 3 1 0 
---------------
Request id 14
1 2 5 2 0 
1 2 5 2 1 0 
1 2 5 4 3 1 0 
1 2 5 4 6 7 0 
1 2 5 9 8 7 0 
1 2 5 4 3 1 2 0 
1 2 5 12 13 8 7 0 
1 2 5 12 11 8 7 0 
1 2 5 12 13 10 3 1 0 
1 2 5 12 11 10 3 1 0 
---------------
Request id 24
11 12 5 5 5 9 8 
11 12 5 5 5 12 11 8 
11 12 5 5 5 12 13 8 
11 12 5 5 5 4 6 7 8 
11 12 5 5 5 2 0 7 8 
11 12 5 5 5 12 11 10 13 8 
11 12 5 5 5 2 1 0 7 8 
11 12 5 5 5 4 3 10 11 8 
11 12 5 5 5 12 13 10 11 8 
11 12 5 5 5 4 3 10 13 8 
---------------
Request id 3
11 12 5 2 0 
11 12 5 2 1 0 
11 12 5 4 3 1 0 
11 12 5 4 6 7 0 
11 12 5 9 8 7 0 
11 12 5 4 3 1 2 0 
11 12 5 12 13 8 7 0 
11 12 5 12 11 8 7 0 
11 12 5 12 13 10 3 1 0 
11 12 5 12 11 10 3 1 0 
---------------
Request id 11
8 9 5 5 5 12 
8 9 5 5 5 9 8 11 12 
8 9 5 5 5 9 8 13 12 
8 9 5 5 5 4 3 10 13 12 
8 9 5 5 5 4 3 10 11 12 
8 9 5 5 5 9 8 11 10 13 12 
8 9 5 5 5 2 1 3 10 13 12 
8 9 5 5 5 4 6 7 8 11 12 
8 9 5 5 5 2 1 3 10 11 12 
8 9 5 5 5 2 0 7 8 13 12 
---------------
Request id 9
13 12 5 5 9 8 7 
13 12 5 5 2 0 7 
13 12 5 5 4 6 7 
13 12 5 5 2 1 0 7 
13 12 5 5 12 13 8 7 
13 12 5 5 12 11 8 7 
13 12 5 5 4 3 1 0 7 
13 12 5 5 12 13 10 11 8 7 
13 12 5 5 4 3 1 2 0 7 
13 12 5 5 12 11 10 13 8 7 
---------------
Request id 13
8 9 5 5 5 2 0 
8 9 5 5 5 2 1 0 
8 9 5 5 5 4 3 1 0 
8 9 5 5 5 4 6 7 0 
8 9 5 5 5 9 8 7 0 
8 9 5 5 5 4 3 1 2 0 
8 9 5 5 5 12 13 8 7 0 
8 9 5 5 5 12 11 8 7 0 
8 9 5 5 5 12 13 10 3 1 0 
8 9 5 5 5 12 11 10 3 1 0 
---------------
Request id 16
0 2 5 5 5 9 8 
0 2 5 5 5 12 11 8 
0 2 5 5 5 12 13 8 
0 2 5 5 5 2 0 7 8 
0 2 5 5 5 4 6 7 8 
0 2 5 5 5 12 11 10 13 8 
0 2 5 5 5 2 1 0 7 8 
0 2 5 5 5 4 3 10 11 8 
0 2 5 5 5 12 13 10 11 8 
0 2 5 5 5 4 3 10 13 8 
---------------
Request id 4
11 12 5 5 5 4 
11 12 5 5 5 2 1 3 4 
11 12 5 5 5 12 13 10 3 4 
11 12 5 5 5 2 0 1 3 4 
11 12 5 5 5 9 8 7 6 4 
11 12 5 5 5 12 11 10 3 4 
11 12 5 5 5 2 0 7 6 4 
11 12 5 5 5 9 8 11 10 3 4 
11 12 5 5 5 12 11 8 7 6 4 
11 12 5 5 5 2 1 0 7 6 4 
---------------
Request id 6
3 4 5 12 
3 4 5 9 8 13 12 
3 4 5 9 8 11 12 
3 4 5 4 3 10 11 12 
3 4 5 4 3 10 13 12 
3 4 5 9 8 13 10 11 12 
3 4 5 2 0 7 8 13 12 
3 4 5 4 6 7 8 11 12 
3 4 5 2 0 7 8 11 12 
3 4 5 2 1 3 10 11 12 
---------------
Request id 12
9 5 2 1 
9 5 4 3 1 
9 5 2 0 1 
9 5 12 13 10 3 1 
9 5 9 8 7 0 1 
9 5 12 11 10 3 1 
9 5 4 6 7 0 1 
9 5 9 8 7 0 2 1 
9 5 12 11 8 7 0 1 
9 5 12 13 8 7 0 1 
---------------
Request id 22
8 9 5 5 12 11 
8 9 5 5 9 8 11 
8 9 5 5 12 13 10 11 
8 9 5 5 4 3 10 11 
8 9 5 5 12 13 8 11 
8 9 5 5 9 8 13 12 11 
8 9 5 5 2 0 7 8 11 
8 9 5 5 4 6 7 8 11 
8 9 5 5 2 1 3 10 11 
8 9 5 5 9 8 13 10 11 
---------------
Request id 23
10 11 12 5 12 
10 11 12 5 9 8 13 12 
10 11 12 5 9 8 11 12 
10 11 12 5 4 3 10 11 12 
10 11 12 5 4 3 10 13 12 
10 11 12 5 9 8 13 10 11 12 
10 11 12 5 2 1 3 10 13 12 
10 11 12 5 4 6 7 8 11 12 
10 11 12 5 2 1 3 10 11 12 
10 11 12 5 2 0 7 8 13 12 
---------------
Request id 30
10 3 4 5 9 8 7 
10 3 4 5 2 0 7 
10 3 4 5 4 6 7 
10 3 4 5 2 1 0 7 
10 3 4 5 12 13 8 7 
10 3 4 5 12 11 8 7 
10 3 4 5 4 3 1 0 7 
10 3 4 5 12 13 10 11 8 7 
10 3 4 5 4 3 1 2 0 7 
10 3 4 5 12 11 10 13 8 7 
---------------
Request id 5
0 2 5 5 4 3 
0 2 5 5 2 1 3 
0 2 5 5 12 13 10 3 
0 2 5 5 2 0 1 3 
0 2 5 5 12 11 10 3 
0 2 5 5 9 8 13 10 3 
0 2 5 5 9 8 11 10 3 
0 2 5 5 12 11 8 13 10 3 
0 2 5 5 4 6 7 0 1 3 
0 2 5 5 2 0 7 6 4 3 
---------------
Request id 15
1 2 5 5 5 2 0 
1 2 5 5 5 2 1 0 
1 2 5 5 5 4 3 1 0 
1 2 5 5 5 4 6 7 0 
1 2 5 5 5 9 8 7 0 
1 2 5 5 5 4 3 1 2 0 
1 2 5 5 5 12 13 8 7 0 
1 2 5 5 5 12 11 8 7 0 
1 2 5 5 5 12 13 10 3 1 0 
1 2 5 5 5 12 11 10 3 1 0 
---------------
Request id 21
8 9 5 5 5 4 
8 9 5 5 5 2 1 3 4 
8 9 5 5 5 12 13 10 3 4 
8 9 5 5 5 2 0 1 3 4 
8 9 5 5 5 9 8 7 6 4 
8 9 5 5 5 12 11 10 3 4 
8 9 5 5 5 2 0 7 6 4 
8 9 5 5 5 9 8 11 10 3 4 
8 9 5 5 5 12 11 8 7 6 4 
8 9 5 5 5 2 1 0 7 6 4 
---------------
Request id 28
3 4 5 5 5 9 
3 4 5 5 5 12 11 8 9 
3 4 5 5 5 12 13 8 9 
3 4 5 5 5 4 6 7 8 9 
3 4 5 5 5 2 0 7 8 9 
3 4 5 5 5 12 11 10 13 8 9 
3 4 5 5 5 2 1 0 7 8 9 
3 4 5 5 5 4 3 10 11 8 9 
3 4 5 5 5 12 13 10 11 8 9 
3 4 5 5 5 4 3 10 13 8 9 
---------------
Request id 2
1 2 5 9 
1 2 5 12 13 8 9 
1 2 5 12 11 8 9 
1 2 5 4 6 7 8 9 
1 2 5 2 0 7 8 9 
1 2 5 12 13 10 11 8 9 
1 2 5 2 1 0 7 8 9 
1 2 5 4 3 10 13 8 9 
1 2 5 12 11 10 13 8 9 
1 2 5 4 3 10 11 8 9 
---------------
Request id 10
11 12 5 5 2 
11 12 5 5 4 3 1 2 
11 12 5 5 9 8 7 0 2 
11 12 5 5 4 3 1 0 2 
11 12 5 5 4 6 7 0 2 
11 12 5 5 12 13 10 3 1 2 
11 12 5 5 4 6 7 0 1 2 
11 12 5 5 12 11 8 7 0 2 
11 12 5 5 12 13 8 7 0 2 
11 12 5 5 9 8 7 0 1 2 
---------------
Request id 25
12 5 12 13 
12 5 9 8 13 
12 5 12 11 8 13 
12 5 4 3 10 13 
12 5 12 11 10 13 
12 5 9 8 11 10 13 
12 5 2 1 3 10 13 
12 5 4 6 7 8 13 
12 5 2 0 7 8 13 
12 5 9 8 11 12 13 
---------------
Request id 29
7 6 4 5 5 5 9 8 
7 6 4 5 5 5 12 13 8 
7 6 4 5 5 5 12 11 8 
7 6 4 5 5 5 4 6 7 8 
7 6 4 5 5 5 2 0 7 8 
7 6 4 5 5 5 12 13 10 11 8 
7 6 4 5 5 5 2 1 0 7 8 
7 6 4 5 5 5 4 3 10 13 8 
7 6 4 5 5 5 12 11 10 13 8 
7 6 4 5 5 5 4 3 10 11 8 
---------------
Request id 19
12 5 5 5 12 11 10 
12 5 5 5 4 3 10 
12 5 5 5 12 13 10 
12 5 5 5 2 1 3 10 
12 5 5 5 9 8 13 10 
12 5 5 5 9 8 11 10 
12 5 5 5 12 11 8 13 10 
12 5 5 5 2 0 1 3 10 
12 5 5 5 12 13 8 11 10 
12 5 5 5 4 6 7 8 11 10 
---------------
Request id 17
2 5 5 5 4 
2 5 5 5 2 1 3 4 
2 5 5 5 9 8 7 6 4 
2 5 5 5 2 0 7 6 4 
2 5 5 5 12 11 10 3 4 
2 5 5 5 12 13 10 3 4 
2 5 5 5 2 0 1 3 4 
2 5 5 5 12 11 8 7 6 4 
2 5 5 5 12 13 8 7 6 4 
2 5 5 5 9 8 11 10 3 4 
---------------
Request id 18
0 2 5 5 5 4 
0 2 5 5 5 2 1 3 4 
0 2 5 5 5 12 11 10 3 4 
0 2 5 5 5 2 0 7 6 4 
0 2 5 5 5 9 8 7 6 4 
0 2 5 5 5 12 13 10 3 4 
0 2 5 5 5 2 0 1 3 4 
0 2 5 5 5 9 8 13 10 3 4 
0 2 5 5 5 12 13 8 7 6 4 
0 2 5 5 5 2 1 0 7 6 4 
---------------
Request id 20
2 5 5 5 9 8 7 
2 5 5 5 4 6 7 
2 5 5 5 2 0 7 
2 5 5 5 12 11 8 7 
2 5 5 5 2 1 0 7 
2 5 5 5 12 13 8 7 
2 5 5 5 4 3 1 0 7 
2 5 5 5 2 1 3 4 6 7 
2 5 5 5 4 3 10 11 8 7 
2 5 5 5 4 3 1 2 0 7 
---------------
Request id 26
1 2 5 5 4 
1 2 5 5 2 1 3 4 
1 2 5 5 12 13 10 3 4 
1 2 5 5 2 0 1 3 4 
1 2 5 5 9 8 7 6 4 
1 2 5 5 12 11 10 3 4 
1 2 5 5 2 0 7 6 4 
1 2 5 5 9 8 11 10 3 4 
1 2 5 5 12 11 8 7 6 4 
1 2 5 5 2 1 0 7 6 4 
---------------
