Request id 1
2 0 7 8 13 10 3 4 5 12 5 9 8 7 6 7 8 9 5 
2 0 7 8 11 10 13 10 11 8 9 5 12 11 8 7 6 4 3 10 13 12 5 
2 5 4 3 10 13 12 5 9 8 7 6 7 8 11 12 5 
2 5 12 11 10 13 10 3 1 2 5 12 11 10 3 4 6 7 8 13 12 5 
2 5 12 11 10 13 8 7 6 4 5 12 11 10 13 8 7 6 4 3 1 2 5 
2 0 7 8 13 10 11 12 5 2 1 0 7 6 7 0 1 3 4 5 
2 0 7 8 13 8 7 0 2 5 12 5 2 1 0 7 6 4 3 1 2 5 
2 1 0 7 8 13 10 3 1 0 2 5 12 13 10 3 4 6 4 3 10 11 12 5 
2 5 12 13 8 11 12 11 10 13 8 7 6 4 5 
2 5 9 8 13 8 7 0 2 5 12 13 10 3 4 6 7 0 1 2 5 
2 0 7 8 13 10 3 4 5 12 11 10 3 4 6 4 3 10 13 12 5 
2 5 12 11 8 13 10 3 1 2 5 12 13 10 3 4 6 7 0 1 3 4 5 
2 5 9 8 13 10 3 1 2 5 12 5 2 1 0 7 6 7 8 13 12 5 
2 5 12 13 10 3 1 2 5 12 5 2 0 7 6 4 5 
2 5 12 11 8 13 10 11 8 9 5 12 13 8 7 6 7 8 11 12 5 
2 5 12 11 10 13 8 11 12 13 8 7 6 4 3 10 13 12 5 
2 1 0 7 8 13 8 7 0 2 5 12 5 9 8 7 6 7 8 9 5 
2 5 12 13 8 9 5 12 5 2 0 7 6 4 5 
2 5 12 11 8 13 8 7 0 2 5 12 5 2 0 7 6 4 5 
2 5 9 8 13 10 3 1 0 2 5 12 5 4 6 7 0 1 2 5 
2 5 12 11 8 13 8 7 0 2 5 12 5 2 0 7 6 4 3 10 11 12 5 
2 0 7 8 13 10 11 8 9 5 12 13 8 7 6 7 0 1 2 5 
2 5 12 11 8 13 10 3 1 0 2 5 12 13 8 7 6 7 8 9 5 
2 0 7 8 13 10 3 1 0 2 5 12 5 2 1 0 7 6 4 3 10 13 12 5 
2 0 1 3 10 13 8 9 5 12 5 9 8 7 6 7 8 11 12 5 
2 5 12 13 10 3 4 5 12 13 8 7 6 7 8 9 5 
2 0 7 8 11 10 13 10 11 12 11 8 9 5 4 6 7 0 2 5 
2 0 1 3 10 13 8 7 6 4 5 12 11 10 3 4 6 4 3 1 2 5 
2 0 1 3 10 13 10 3 1 2 5 12 5 9 8 7 6 7 0 1 2 5 
2 5 9 8 13 8 7 6 4 5 12 11 8 7 6 7 0 1 2 5 
2 0 7 8 11 10 13 8 7 6 4 5 12 5 2 1 0 7 6 7 8 9 5 
2 1 0 7 8 13 10 3 1 0 2 5 12 5 2 1 0 7 6 7 8 13 12 5 
2 0 7 8 13 10 11 12 5 2 0 7 6 7 8 9 5 
2 1 0 7 8 13 8 9 5 12 11 10 3 4 6 4 3 1 2 5 
2 5 9 8 13 8 9 5 12 11 10 13 8 7 6 7 8 13 12 5 
2 0 1 3 10 13 12 11 10 3 4 6 7 8 9 5 
2 5 12 13 12 11 8 9 5 4 6 7 0 1 3 4 5 
2 5 12 11 8 13 8 9 5 12 5 4 6 7 0 1 2 5 
2 1 3 10 13 8 11 12 11 10 13 8 7 6 4 3 10 13 12 5 
2 0 1 3 10 13 10 11 8 9 5 12 5 9 8 7 6 4 5 
---------------
Request id 2
0 2 1 3 4 6 7 0 1 2 5 12 13 8 9 5 4 6 7 0 1 2 
0 2 5 4 6 4 5 12 5 2 0 7 6 7 8 11 12 5 2 
0 1 2 5 4 6 7 0 2 5 12 11 8 9 5 4 6 4 5 2 
0 2 5 4 6 4 5 12 13 10 3 4 6 7 8 11 12 5 2 
0 7 8 11 10 3 4 6 4 5 9 8 11 12 5 2 0 7 6 7 0 1 2 
0 7 8 9 5 4 6 7 8 9 5 12 5 2 0 7 6 4 5 9 8 7 0 2 
0 7 8 11 10 3 4 6 7 8 13 12 11 8 7 6 7 0 1 2 
0 2 1 3 4 6 7 0 2 5 12 11 8 9 5 4 6 4 3 10 11 12 5 2 
0 2 5 4 6 4 5 12 13 8 9 5 4 6 7 0 1 2 
0 7 8 11 10 3 4 6 7 8 11 10 13 12 5 4 6 4 5 9 8 7 0 2 
0 1 2 5 9 8 7 6 7 0 2 5 12 13 10 3 4 6 4 5 2 
0 7 8 11 10 3 4 6 7 8 11 12 13 8 7 6 7 0 1 2 
0 1 2 5 4 6 4 3 10 11 12 13 8 9 5 4 6 7 8 9 5 2 
0 2 5 4 6 7 8 11 10 13 12 5 2 0 7 6 4 5 2 
0 2 5 12 11 8 7 6 7 8 9 5 12 11 10 3 4 6 7 8 9 5 2 
0 2 1 3 4 6 7 0 1 2 5 12 11 8 7 6 7 8 11 12 5 2 
0 7 8 11 10 3 4 6 7 0 2 5 12 13 10 3 4 6 7 8 9 5 2 
0 2 5 4 6 7 8 9 5 12 11 8 9 5 4 6 4 3 10 11 12 5 2 
0 1 2 5 4 6 7 0 2 5 12 5 4 6 4 3 1 2 
0 7 8 9 5 4 6 4 3 10 13 12 13 10 3 4 6 7 8 9 5 2 
0 2 5 4 6 7 0 1 2 5 12 13 8 9 5 4 6 7 0 2 
0 1 2 5 9 8 7 6 7 8 9 5 12 13 10 3 4 6 7 0 2 
0 2 1 3 4 6 7 0 1 2 5 12 5 9 8 7 6 7 8 9 5 2 
0 1 2 5 9 8 7 6 7 8 11 10 13 12 13 8 9 5 4 6 7 0 1 2 
0 2 5 12 11 8 7 6 7 8 11 12 11 8 9 5 4 6 7 0 2 
0 1 2 5 4 6 4 3 10 11 12 11 10 13 8 7 6 7 8 9 5 2 
0 2 5 4 6 7 8 9 5 12 11 10 3 4 6 7 8 9 5 2 
0 2 1 3 4 6 4 3 10 11 12 11 10 3 4 6 4 5 9 8 7 0 2 
0 7 6 7 8 11 10 13 12 5 4 6 4 3 1 2 
0 1 3 4 6 7 0 1 2 5 12 13 8 7 6 7 8 11 12 5 2 
0 1 3 4 6 7 0 1 2 5 12 13 10 3 4 6 4 5 9 8 7 0 2 
0 2 1 3 4 6 4 5 9 8 11 12 11 10 13 8 7 6 4 5 2 
0 2 5 9 8 7 6 7 0 1 2 5 12 11 8 7 6 4 3 1 0 2 
0 1 3 4 6 7 8 13 12 11 10 3 4 6 4 3 1 2 
0 2 5 4 6 7 8 11 10 13 12 13 10 3 4 6 7 8 9 5 2 
0 7 8 9 5 4 6 7 8 13 12 11 10 3 4 6 7 8 9 5 2 
0 1 3 4 6 7 8 11 12 5 9 8 7 6 4 3 1 2 
0 1 3 4 6 7 0 1 2 5 12 5 2 0 7 6 7 0 1 2 
0 7 6 4 3 10 11 12 5 4 6 7 8 13 12 5 2 
0 7 8 11 10 3 4 6 4 3 10 13 12 13 10 3 4 6 4 5 2 
---------------
Request id 7
8 9 5 12 11 10 13 8 9 5 
8 7 6 4 3 10 11 10 3 4 5 
8 13 12 11 10 13 12 5 
8 13 10 11 8 7 0 2 5 
8 7 0 2 5 12 11 8 7 6 4 5 
8 9 5 4 3 10 11 10 3 4 5 
8 9 5 12 11 12 13 8 9 5 
8 13 10 11 10 13 12 5 
8 7 0 1 3 10 11 12 5 
8 13 12 11 8 13 12 5 
8 7 6 4 5 12 11 8 9 5 
8 7 6 4 5 12 11 12 5 
8 9 5 4 3 10 11 10 13 12 5 
8 11 8 7 0 2 5 
8 9 5 12 11 8 7 6 4 5 
8 13 10 11 12 13 8 9 5 
8 9 5 12 13 10 11 8 7 0 2 5 
8 7 0 1 3 10 11 8 7 0 2 5 
8 11 10 3 1 2 5 
8 7 6 4 3 10 11 8 7 6 4 5 
8 9 5 12 11 8 9 5 
8 13 12 11 12 13 8 9 5 
8 7 0 2 5 12 11 8 9 5 
8 13 10 11 10 13 8 9 5 
8 13 12 11 10 13 8 9 5 
8 7 6 4 5 12 11 8 7 0 2 5 
8 7 0 1 3 10 11 8 7 6 4 5 
8 13 10 11 12 5 
8 11 10 3 4 5 
8 13 10 11 8 9 5 
8 7 6 4 3 10 11 12 5 
8 9 5 12 11 10 3 4 5 
8 9 5 4 3 10 11 8 7 6 4 5 
8 7 6 4 5 12 11 10 3 4 5 
8 7 0 2 5 12 11 12 13 8 9 5 
8 7 6 4 5 12 11 12 13 8 9 5 
8 7 0 1 3 10 11 10 13 12 5 
8 11 10 13 12 5 
8 7 6 4 3 10 11 8 9 5 
8 9 5 12 11 10 3 1 2 5 
---------------
Request id 10
4 3 10 13 8 7 6 7 0 1 2 5 
4 3 1 0 7 6 4 3 10 13 12 5 
4 5 2 1 0 7 6 7 0 2 5 
4 5 2 0 7 6 7 8 9 5 
4 5 12 11 8 7 6 4 3 10 13 12 5 
4 5 2 0 7 6 4 3 10 13 12 5 
4 3 1 2 0 7 6 4 3 10 11 12 5 
4 3 10 11 8 7 6 4 3 1 2 5 
4 6 4 3 1 2 5 
4 3 1 0 7 6 4 5 
4 5 12 13 8 7 6 4 3 10 13 12 5 
4 5 12 13 8 7 6 4 5 
4 3 1 2 0 7 6 7 8 11 12 5 
4 5 12 11 8 7 6 4 5 
4 3 10 13 8 7 6 4 3 10 13 12 5 
4 5 2 1 0 7 6 7 8 13 12 5 
4 5 12 13 8 7 6 7 0 1 2 5 
4 3 1 0 7 6 7 0 2 5 
4 5 2 1 0 7 6 4 3 1 2 5 
4 5 2 0 7 6 4 5 
4 5 12 11 8 7 6 7 0 1 2 5 
4 6 7 8 13 12 5 
4 5 12 13 8 7 6 7 0 1 3 4 5 
4 5 9 8 7 6 7 8 11 12 5 
4 3 10 13 8 7 6 7 0 2 5 
4 3 10 11 8 7 6 7 0 1 2 5 
4 3 1 0 7 6 7 8 9 5 
4 5 12 13 8 7 6 4 3 1 2 5 
4 5 2 0 7 6 7 8 13 12 5 
4 5 9 8 7 6 4 3 1 2 5 
4 5 9 8 7 6 4 5 
4 5 9 8 7 6 7 0 1 2 5 
4 5 2 1 0 7 6 7 0 1 2 5 
4 3 10 11 8 7 6 7 0 1 3 4 5 
4 5 2 1 0 7 6 7 8 11 12 5 
4 3 10 13 8 7 6 4 3 1 2 5 
4 3 10 11 8 7 6 4 3 10 11 12 5 
4 5 2 0 7 6 7 0 1 3 4 5 
4 5 12 11 8 7 6 7 8 9 5 
4 3 10 11 8 7 6 4 5 
---------------
Request id 3
5 2 0 7 6 4 5 2 
5 2 1 3 4 6 7 8 11 12 5 2 
5 4 6 7 8 11 12 5 2 
5 12 11 8 7 6 4 5 2 
5 4 3 1 0 7 6 4 3 1 0 2 
5 4 6 4 3 1 0 2 
5 12 11 10 3 4 6 4 3 10 13 12 5 2 
5 12 11 8 7 6 7 0 2 
5 12 11 10 3 4 6 7 0 1 3 4 5 2 
5 2 0 7 6 4 3 1 2 
5 2 0 7 6 4 3 1 0 2 
5 2 1 3 4 6 7 8 13 12 5 2 
5 4 3 1 0 7 6 4 3 10 13 12 5 2 
5 12 11 8 7 6 4 3 1 2 
5 2 0 7 6 7 0 1 2 
5 2 1 3 4 6 4 3 1 0 2 
5 9 8 7 6 4 3 10 13 12 5 2 
5 12 13 10 3 4 6 7 0 2 
5 12 11 10 3 4 6 4 3 1 0 2 
5 12 11 8 7 6 7 0 1 3 4 5 2 
5 12 13 8 7 6 7 8 11 12 5 2 
5 12 13 8 7 6 4 3 1 0 2 
5 12 13 8 7 6 4 5 2 
5 2 1 0 7 6 7 8 13 12 5 2 
5 12 13 8 7 6 7 0 1 3 4 5 2 
5 4 6 7 8 13 12 5 2 
5 2 1 3 4 6 7 0 1 3 4 5 2 
5 2 1 0 7 6 4 5 2 
5 4 3 1 0 7 6 4 5 2 
5 2 1 0 7 6 4 3 10 13 12 5 2 
5 9 8 7 6 7 8 11 12 5 2 
5 4 3 1 0 7 6 7 8 13 12 5 2 
5 12 13 10 3 4 6 4 3 1 2 
5 2 1 0 7 6 7 8 9 5 2 
5 2 0 7 6 7 8 13 12 5 2 
5 2 1 0 7 6 7 0 1 2 
5 12 13 8 7 6 7 8 13 12 5 2 
5 4 6 7 0 2 
5 9 8 7 6 4 3 1 2 
5 2 1 3 4 6 7 8 9 5 2 
---------------
Request id 8
10 3 4 5 12 13 10 11 8 7 6 4 3 1 0 7 
10 3 4 6 7 8 13 10 3 1 0 7 6 4 5 12 11 8 7 
10 3 1 0 7 8 13 8 11 12 5 4 6 4 5 2 1 0 7 
10 3 1 2 5 12 13 8 11 12 5 4 6 4 3 10 11 8 7 
10 3 1 2 5 12 13 10 3 4 6 4 5 2 0 7 
10 13 8 11 12 5 4 6 4 5 12 13 8 7 
10 11 12 5 9 8 13 12 11 10 3 4 6 4 5 12 13 8 7 
10 3 4 6 7 8 13 10 11 8 7 6 4 5 2 1 0 7 
10 3 4 5 9 8 13 8 9 5 4 6 4 3 10 11 8 7 
10 11 8 13 8 11 12 5 4 6 4 3 10 13 8 7 
10 11 12 13 8 9 5 4 6 4 5 12 13 8 7 
10 11 8 9 5 12 13 10 11 8 7 6 4 3 1 2 0 7 
10 3 4 6 7 8 13 12 5 4 6 4 3 1 2 0 7 
10 11 12 13 10 11 8 7 6 7 
10 3 1 2 5 12 13 8 9 5 4 6 4 3 1 2 0 7 
10 3 1 0 7 8 13 10 3 1 0 7 6 4 5 12 13 8 7 
10 3 1 2 5 12 13 12 5 4 6 4 5 12 13 8 7 
10 3 4 6 7 8 13 8 9 5 4 6 4 5 12 11 8 7 
10 3 1 2 5 12 13 12 11 10 3 4 6 4 5 12 11 8 7 
10 3 1 0 7 8 13 8 11 12 5 4 6 4 3 10 11 8 7 
10 11 12 5 9 8 13 10 11 8 7 6 4 5 12 11 8 7 
10 11 8 9 5 12 13 8 9 5 4 6 4 5 2 0 7 
10 3 4 5 12 13 8 11 12 5 4 6 4 5 9 8 7 
10 11 8 9 5 12 13 12 11 10 3 4 6 4 3 10 11 8 7 
10 11 8 13 12 11 8 7 6 4 5 12 13 8 7 
10 11 12 5 9 8 13 12 11 8 7 6 4 5 12 11 8 7 
10 3 4 5 9 8 13 10 3 4 6 4 3 10 13 8 7 
10 3 1 0 7 8 13 12 5 4 6 4 5 2 1 0 7 
10 3 4 5 9 8 13 10 3 1 0 7 6 4 5 2 1 0 7 
10 3 4 5 9 8 13 10 3 4 6 4 5 12 13 8 7 
10 11 12 13 10 11 8 7 6 4 3 10 11 8 7 
10 3 4 5 9 8 13 10 3 1 0 7 6 7 
10 11 8 9 5 12 13 8 9 5 4 6 4 5 2 1 0 7 
10 13 8 11 12 5 4 6 4 5 2 0 7 
10 3 4 5 12 13 12 11 8 7 6 4 3 10 11 8 7 
10 3 4 6 7 8 13 10 3 1 0 7 6 4 3 1 2 0 7 
10 13 12 5 4 6 4 5 2 0 7 
10 3 1 2 5 12 13 12 11 10 3 4 6 7 
10 11 8 9 5 12 13 12 11 10 3 4 6 4 3 1 2 0 7 
10 11 12 13 10 11 8 7 6 4 5 12 13 8 7 
---------------
Request id 6
5 2 1 0 7 8 9 5 4 6 7 0 1 
5 4 3 10 11 8 9 5 4 3 1 
5 12 13 8 9 8 11 10 3 1 
5 4 3 10 13 8 9 5 2 1 
5 4 3 10 11 8 9 5 12 11 10 3 1 
5 4 3 10 13 8 9 5 2 0 1 
5 12 13 8 9 8 13 10 3 1 
5 12 13 10 11 8 9 8 13 10 3 1 
5 2 0 7 8 9 5 4 3 1 
5 4 3 10 11 8 9 5 2 0 1 
5 12 11 8 9 8 11 12 5 2 1 
5 9 5 12 11 10 3 1 
5 12 11 8 9 8 7 0 1 
5 12 13 10 11 8 9 5 4 6 7 0 1 
5 2 0 7 8 9 5 2 1 
5 4 3 10 13 8 9 8 13 10 3 1 
5 12 11 10 13 8 9 5 12 11 10 3 1 
5 12 11 10 13 8 9 8 11 10 3 1 
5 12 11 10 13 8 9 8 13 10 3 1 
5 2 1 0 7 8 9 8 7 0 1 
5 4 3 10 13 8 9 5 12 11 10 3 1 
5 9 8 7 0 2 1 
5 12 13 8 9 5 4 3 1 
5 12 13 8 9 8 7 0 1 
5 2 0 7 8 9 8 7 0 1 
5 4 3 10 11 8 9 5 2 1 
5 12 11 8 9 5 12 11 10 3 1 
5 2 0 7 8 9 8 13 10 3 1 
5 12 11 10 13 8 9 8 7 0 1 
5 12 11 8 9 5 4 6 7 0 1 
5 4 3 10 11 8 9 8 7 0 1 
5 4 6 7 8 9 8 11 12 5 2 1 
5 12 13 10 11 8 9 8 11 12 5 2 1 
5 2 0 7 8 9 5 12 11 10 3 1 
5 2 0 7 8 9 8 11 12 5 2 1 
5 9 8 11 12 5 2 1 
5 12 11 8 9 5 2 0 1 
5 12 13 8 9 8 11 12 5 2 1 
5 4 6 7 8 9 5 12 11 10 3 1 
5 4 6 7 8 9 5 2 1 
---------------
Request id 4
8 7 6 4 3 
8 7 6 7 0 2 1 3 
8 11 12 5 4 6 4 3 
8 11 10 3 4 6 4 5 12 13 10 3 
8 13 10 11 12 5 4 6 7 0 2 5 4 3 
8 7 6 7 0 1 3 
8 11 12 5 4 6 4 5 2 1 3 
8 7 6 7 8 9 5 4 3 
8 7 0 1 3 4 6 7 8 9 5 4 3 
8 11 10 3 4 6 4 5 2 0 1 3 
8 7 0 1 3 4 6 4 5 12 13 10 3 
8 9 5 2 0 7 6 4 5 2 1 3 
8 13 10 3 4 6 4 5 2 1 3 
8 13 12 5 4 6 7 8 9 5 4 3 
8 11 12 5 4 6 7 0 2 1 3 
8 11 12 5 4 6 7 0 2 5 4 3 
8 13 10 3 4 6 7 8 9 5 4 3 
8 13 10 3 4 6 7 0 1 3 
8 9 5 2 0 7 6 7 0 2 5 4 3 
8 9 5 2 0 7 6 7 8 9 5 4 3 
8 13 12 5 4 6 7 0 1 3 
8 7 0 1 3 4 6 4 5 2 1 3 
8 7 6 4 5 2 1 3 
8 7 0 1 3 4 6 7 0 2 1 3 
8 7 0 2 5 4 6 7 8 13 10 3 
8 13 10 11 12 5 4 6 4 5 2 1 3 
8 13 10 3 4 6 7 0 2 5 4 3 
8 7 0 1 3 4 6 7 8 13 10 3 
8 7 6 4 5 2 0 1 3 
8 13 10 3 4 6 4 5 2 0 1 3 
8 9 5 4 6 4 5 2 1 3 
8 7 6 7 0 2 5 4 3 
8 9 5 2 0 7 6 7 8 11 10 3 
8 9 5 2 0 7 6 7 0 2 1 3 
8 7 0 1 3 4 6 4 5 2 0 1 3 
8 7 0 2 5 4 6 4 5 2 0 1 3 
8 13 12 5 4 6 7 8 11 10 3 
8 13 10 11 12 5 4 6 4 5 12 13 10 3 
8 7 0 2 5 4 6 4 5 12 13 10 3 
8 11 10 3 4 6 7 8 13 10 3 
---------------
Request id 5
0 7 6 6 7 0 1 3 
0 7 8 11 10 3 4 6 6 4 3 
0 2 5 12 11 8 7 6 6 7 8 9 5 4 3 
0 7 6 6 4 5 12 13 10 3 
0 2 5 4 6 6 7 8 9 5 4 3 
0 7 8 9 5 4 6 6 7 8 13 10 3 
0 2 5 9 8 7 6 6 4 3 
0 2 1 3 4 6 6 4 5 2 0 1 3 
0 2 5 4 6 6 4 5 2 0 1 3 
0 7 8 9 5 4 6 6 7 0 2 5 4 3 
0 1 3 4 6 6 7 8 9 5 4 3 
0 2 5 12 11 8 7 6 6 7 8 13 10 3 
0 7 8 11 10 3 4 6 6 7 0 1 3 
0 7 8 11 10 3 4 6 6 4 5 2 1 3 
0 2 5 9 8 7 6 6 7 8 11 10 3 
0 7 6 6 4 5 2 0 1 3 
0 2 1 3 4 6 6 7 0 2 5 4 3 
0 1 2 5 9 8 7 6 6 7 0 2 5 4 3 
0 2 5 9 8 7 6 6 4 5 2 0 1 3 
0 1 3 4 6 6 7 8 13 10 3 
0 2 5 9 8 7 6 6 4 5 12 13 10 3 
0 7 8 9 5 4 6 6 7 8 11 10 3 
0 2 5 4 6 6 7 0 1 3 
0 7 8 11 10 3 4 6 6 7 0 2 5 4 3 
0 2 1 3 4 6 6 4 3 
0 1 3 4 6 6 7 0 2 1 3 
0 7 8 11 10 3 4 6 6 7 8 9 5 4 3 
0 2 1 3 4 6 6 7 8 11 10 3 
0 1 2 5 4 6 6 7 8 13 10 3 
0 1 2 5 4 6 6 7 8 11 10 3 
0 2 1 3 4 6 6 7 0 1 3 
0 2 5 9 8 7 6 6 7 0 1 3 
0 2 5 9 8 7 6 6 7 8 9 5 4 3 
0 2 1 3 4 6 6 4 5 2 1 3 
0 2 5 12 11 8 7 6 6 7 0 1 3 
0 2 1 3 4 6 6 7 8 9 5 4 3 
0 1 2 5 9 8 7 6 6 7 8 9 5 4 3 
0 1 3 4 6 6 7 8 11 10 3 
0 1 3 4 6 6 4 5 2 1 3 
0 1 2 5 4 6 6 7 8 9 5 4 3 
---------------
Request id 9
1 3 10 11 12 13 12 11 8 7 6 7 8 9 5 
1 2 5 9 8 13 10 11 8 7 6 7 0 1 2 5 
1 0 2 5 12 13 8 9 5 4 6 7 8 11 12 5 
1 3 4 5 12 13 12 11 10 3 4 6 4 3 10 11 12 5 
1 0 7 8 13 8 7 6 7 8 11 12 5 
1 3 10 13 8 9 5 4 6 7 0 1 2 5 
1 3 10 13 12 11 8 7 6 4 3 1 2 5 
1 2 5 12 11 8 13 8 7 6 7 8 13 12 5 
1 2 5 9 8 13 10 3 4 6 4 5 
1 2 5 12 13 8 9 5 4 6 7 0 1 3 4 5 
1 2 5 12 11 8 13 8 11 10 3 4 6 7 0 1 2 5 
1 2 5 12 11 8 13 12 5 4 6 4 3 1 2 5 
1 3 10 11 12 13 10 3 4 6 7 0 2 5 
1 3 10 11 8 13 8 11 10 3 4 6 4 3 10 13 12 5 
1 3 10 11 12 13 10 11 8 7 6 7 8 13 12 5 
1 2 0 7 8 13 8 11 10 3 4 6 7 0 1 3 4 5 
1 3 10 11 8 13 8 11 10 3 4 6 7 8 9 5 
1 2 5 12 11 8 13 8 7 6 4 3 10 11 12 5 
1 2 5 12 11 8 13 10 11 8 7 6 7 0 1 2 5 
1 2 0 7 8 13 10 11 8 7 6 7 8 9 5 
1 0 7 8 13 8 11 10 3 4 6 4 3 10 13 12 5 
1 0 7 8 13 12 5 9 8 7 6 7 8 13 12 5 
1 2 0 7 8 13 12 11 10 3 4 6 7 0 1 3 4 5 
1 2 5 9 8 13 12 5 9 8 7 6 7 8 11 12 5 
1 2 5 12 13 12 5 4 6 4 3 10 13 12 5 
1 3 10 11 8 13 8 9 5 4 6 4 3 10 13 12 5 
1 2 5 12 13 8 7 6 7 8 11 12 5 
1 0 2 5 12 13 12 5 4 6 4 3 10 13 12 5 
1 3 10 11 12 13 8 11 10 3 4 6 7 8 13 12 5 
1 2 0 7 8 13 8 11 10 3 4 6 7 8 13 12 5 
1 2 5 12 11 8 13 8 9 5 4 6 4 3 10 13 12 5 
1 3 10 11 12 13 8 7 6 4 3 1 2 5 
1 2 5 9 8 13 10 11 8 7 6 7 0 2 5 
1 2 5 12 13 10 11 8 7 6 7 8 9 5 
1 2 5 12 11 8 13 12 11 8 7 6 7 0 1 3 4 5 
1 2 0 7 8 13 10 3 1 0 7 6 7 8 11 12 5 
1 2 5 9 8 13 10 3 1 0 7 6 7 0 1 3 4 5 
1 2 0 7 8 13 8 9 5 4 6 7 0 2 5 
1 0 2 5 12 13 12 5 9 8 7 6 7 0 1 2 5 
1 3 4 5 12 13 12 11 8 7 6 7 8 9 5 
---------------
