Request id 23
67 69 68 65 54 46 41 40 39 40 41 61 62 54 65 64 60 
67 68 65 54 46 41 40 39 40 56 58 63 66 62 54 65 64 60 
67 69 68 65 54 46 41 40 39 38 42 51 56 40 41 46 48 57 60 
67 66 62 61 41 40 39 40 41 61 62 54 65 64 60 
67 66 62 61 59 56 51 42 38 39 40 56 59 61 62 54 65 64 60 
67 68 65 54 46 41 40 39 40 41 61 62 66 67 68 65 64 60 
67 66 62 54 46 41 40 39 40 41 61 62 54 65 64 60 
67 66 62 61 41 40 39 40 41 61 62 54 46 48 57 60 
67 68 65 54 62 61 41 40 39 40 41 61 62 66 67 68 65 64 60 
67 66 63 58 56 51 42 38 39 38 42 51 56 40 41 46 48 57 60 
67 66 62 61 59 56 51 42 38 39 40 41 61 62 54 46 48 57 60 
67 68 65 54 46 41 40 39 40 41 61 62 54 46 48 57 60 
67 66 62 61 59 56 51 42 38 39 40 32 35 37 45 44 48 57 60 
67 68 65 54 46 41 40 39 40 41 46 48 57 60 
67 66 63 58 55 49 42 38 39 40 41 61 62 66 67 68 65 64 60 
67 66 62 61 41 40 39 40 41 46 48 57 60 
67 68 65 54 46 41 40 39 40 56 59 61 62 54 65 64 60 
67 68 65 54 46 41 40 39 40 32 35 37 45 44 48 57 60 
67 66 62 61 41 40 39 40 56 58 63 66 62 54 65 64 60 
67 66 63 58 56 51 42 38 39 40 41 61 62 54 65 64 60 
67 68 65 54 46 41 40 39 40 41 46 54 65 64 60 
67 68 65 54 62 61 41 40 39 40 56 59 61 41 46 48 57 60 
67 66 62 61 41 40 39 40 41 46 54 65 64 60 
67 66 63 58 56 51 42 38 39 40 41 46 48 57 60 
67 66 63 58 55 49 42 38 39 40 56 59 61 62 54 65 64 60 
67 69 68 65 54 46 41 40 39 40 41 46 54 65 64 60 
67 66 63 58 55 49 42 38 39 38 42 51 56 40 41 46 48 57 60 
67 69 68 65 54 46 41 40 39 40 56 59 61 41 46 48 57 60 
67 66 63 58 56 40 39 38 42 51 56 40 41 46 48 57 60 
67 66 62 61 59 56 40 39 40 41 61 62 54 65 64 60 
67 66 63 58 56 51 42 38 39 40 32 35 37 45 44 48 57 60 
67 68 65 54 62 61 41 40 39 40 41 46 54 65 64 60 
67 66 63 58 56 51 42 38 39 40 56 58 63 66 62 54 65 64 60 
67 69 68 65 54 46 41 40 39 40 41 61 62 54 46 48 57 60 
67 68 65 54 62 61 41 40 39 40 41 61 62 54 65 64 60 
67 68 65 54 46 41 40 39 38 42 51 56 40 41 46 48 57 60 
67 68 65 54 46 41 40 39 40 56 59 61 41 46 48 57 60 
67 69 68 65 54 46 41 40 39 40 56 59 61 62 54 65 64 60 
67 66 63 58 56 40 39 40 41 46 48 57 60 
67 66 63 58 56 40 39 40 56 58 63 66 62 54 65 64 60 
---------------
Request id 25
73 74 70 64 60 57 48 46 54 62 61 59 56 40 32 35 37 36 29 25 18 13 3 1 
73 74 70 64 65 54 46 41 61 62 61 41 40 32 28 25 29 25 18 16 11 13 3 1 
73 74 70 64 60 57 48 46 54 62 61 59 56 40 32 35 37 36 29 25 18 16 11 6 3 1 
73 72 71 69 67 66 62 66 63 58 56 40 32 35 37 36 29 25 18 16 11 13 3 1 
73 74 70 64 65 54 46 41 61 62 61 59 56 40 32 35 37 36 29 25 18 16 11 6 3 1 
73 74 70 64 60 57 48 46 54 62 54 46 48 44 45 37 36 29 25 18 13 0 5 3 1 
73 74 70 64 65 54 62 61 41 40 32 35 37 36 29 25 18 13 3 1 
73 74 70 64 65 54 62 54 46 41 40 32 28 25 29 25 18 13 3 1 
73 74 70 64 60 57 48 46 54 62 61 41 46 48 44 45 37 36 29 25 18 13 11 6 3 1 
73 72 71 69 67 68 65 54 62 54 46 48 44 45 37 36 29 25 18 13 0 5 3 1 
73 74 70 64 65 68 69 67 66 62 61 41 40 32 35 37 36 29 19 15 18 13 11 6 3 1 
73 72 71 69 67 68 65 54 62 61 59 56 40 32 35 37 36 29 25 18 16 11 13 3 1 
73 72 71 69 68 67 66 62 66 63 58 56 40 32 28 25 29 19 15 18 16 11 13 3 1 
73 74 70 64 65 68 69 67 66 62 66 63 58 56 40 32 28 25 29 25 18 16 11 13 3 1 
73 72 71 69 67 66 62 61 41 40 32 28 25 29 25 18 16 11 13 3 1 
73 74 70 64 65 68 69 67 66 62 54 46 41 40 32 35 37 36 29 19 15 18 13 0 5 3 1 
73 72 71 69 68 67 66 62 54 46 41 40 32 35 37 36 29 25 18 13 0 5 3 1 
73 72 71 69 67 68 65 54 62 66 63 58 56 40 32 28 25 29 25 18 16 11 6 3 1 
73 74 70 64 65 54 46 41 61 62 61 41 40 32 35 37 36 29 19 15 18 16 11 13 3 1 
73 74 70 64 60 57 48 46 54 62 66 63 58 56 40 32 28 25 29 25 18 13 3 1 
73 72 71 69 67 66 62 61 41 40 32 35 37 36 29 19 15 18 13 0 5 3 1 
73 72 71 69 68 65 54 46 41 61 62 61 41 40 32 35 37 36 29 25 18 13 11 6 3 1 
73 72 71 69 68 67 66 62 61 41 40 32 28 25 29 25 18 13 0 5 3 1 
73 72 71 69 67 66 62 61 59 56 40 32 28 25 29 19 15 9 2 0 5 3 1 
73 74 70 64 65 68 67 66 62 61 41 40 32 28 25 29 19 15 18 13 11 6 3 1 
73 74 70 64 65 54 62 54 46 48 44 45 37 36 29 25 18 16 11 13 3 1 
73 72 71 69 68 65 54 46 41 61 62 66 63 58 56 40 32 35 37 36 29 19 15 18 16 11 13 3 1 
73 74 70 64 60 57 48 46 54 62 54 46 41 40 32 35 37 36 29 25 18 16 11 13 3 1 
73 74 70 64 65 54 46 41 61 62 54 46 41 40 32 35 37 36 29 25 18 13 0 5 3 1 
73 74 70 64 65 68 69 67 66 62 54 46 41 40 32 28 25 29 19 15 18 16 11 13 3 1 
73 74 70 64 65 54 46 41 61 62 66 63 58 56 40 32 28 25 29 19 15 9 2 0 5 3 1 
73 72 71 69 68 67 66 62 61 41 40 32 35 37 36 29 25 18 13 11 6 3 1 
73 74 70 64 65 54 46 41 61 62 54 46 48 44 45 37 36 29 25 18 13 3 1 
73 72 71 69 67 66 62 61 59 56 40 32 35 37 36 29 19 15 18 16 11 13 3 1 
73 74 70 64 65 54 46 41 61 62 54 46 48 44 45 37 36 29 19 15 18 16 11 13 3 1 
73 74 70 64 65 68 69 67 66 62 61 41 40 32 35 37 36 29 25 18 16 11 13 3 1 
73 72 71 69 68 67 66 62 61 59 56 40 32 35 37 36 29 19 15 9 2 0 5 3 1 
73 74 70 64 65 68 69 67 66 62 61 59 56 40 32 28 25 29 25 18 16 11 6 3 1 
73 72 71 69 68 65 54 62 54 46 41 40 32 28 25 29 25 18 13 0 5 3 1 
73 74 70 64 65 68 67 66 62 66 63 58 56 40 32 35 37 36 29 25 18 13 11 6 3 1 
---------------
Request id 4
66 67 68 65 64 60 57 48 46 54 62 54 46 41 40 56 58 56 40 41 61 62 54 46 48 44 45 37 
66 67 68 65 54 62 54 65 68 67 66 63 58 55 49 42 51 56 40 41 61 59 56 40 41 46 48 44 45 37 
66 62 61 41 40 56 51 42 49 55 58 56 59 61 59 56 40 32 35 37 
66 63 58 56 40 41 61 62 66 63 58 55 49 42 38 39 40 41 61 41 40 32 35 37 
66 67 68 65 54 46 41 61 62 61 41 40 56 51 42 49 55 58 56 40 41 61 59 56 40 41 46 48 44 45 37 
66 67 68 65 54 46 41 61 62 54 65 68 67 66 63 58 63 66 67 68 65 54 62 61 62 66 63 58 56 40 32 35 37 
66 67 68 65 54 62 54 65 68 69 67 66 63 58 55 49 42 51 56 40 41 61 59 56 40 41 46 48 44 45 37 
66 67 68 65 54 62 61 59 56 58 55 49 42 51 56 59 61 41 40 32 35 37 
66 67 68 65 54 46 41 61 62 61 41 40 56 51 42 49 55 58 55 49 42 51 56 40 41 61 62 54 46 48 44 45 37 
66 63 58 56 59 61 41 46 54 62 54 65 68 67 66 63 58 56 51 42 38 39 40 41 61 41 46 48 44 45 37 
66 63 58 56 40 41 61 62 61 41 40 56 51 42 49 55 58 63 66 62 61 62 54 65 64 60 57 48 44 45 37 
66 67 68 65 64 60 57 48 46 54 62 54 65 68 67 66 63 58 56 40 41 46 54 62 61 62 54 46 48 44 45 37 
66 63 58 56 40 41 61 62 54 46 41 40 56 58 56 40 41 61 59 56 40 41 46 48 44 45 37 
66 63 58 56 40 41 61 62 66 63 58 56 40 41 46 54 62 61 59 56 40 32 28 25 29 36 37 
66 63 58 56 40 41 46 54 62 54 65 68 67 66 63 58 63 66 62 54 46 41 61 62 54 65 64 60 57 48 44 45 37 
66 67 68 65 54 62 54 65 68 67 66 63 58 63 66 67 68 65 54 62 61 62 66 63 58 56 40 32 35 37 
66 62 66 63 58 55 49 42 51 56 40 41 61 59 56 40 41 46 48 44 45 37 
66 67 69 68 65 54 46 41 61 62 61 59 56 58 56 40 41 61 41 46 48 44 45 37 
66 62 61 41 40 56 58 55 49 42 51 56 59 61 59 56 40 32 28 25 29 36 37 
66 67 68 65 54 62 61 41 40 39 38 42 49 55 58 55 49 42 51 56 59 61 41 40 32 35 37 
66 67 68 65 64 60 57 48 46 54 62 54 46 41 40 56 58 63 66 67 68 65 54 62 61 59 56 40 32 35 37 
66 63 58 56 40 41 46 54 62 54 46 41 61 59 56 58 56 40 41 46 54 62 61 41 40 32 28 25 29 36 37 
66 63 58 56 40 41 46 54 62 54 46 41 61 59 56 58 63 66 67 68 65 54 62 61 62 66 63 58 56 40 32 35 37 
66 63 58 56 59 61 41 46 54 62 61 41 40 39 38 42 49 55 58 56 40 41 61 59 56 40 32 35 37 
66 63 58 56 40 41 61 62 61 41 40 56 51 42 49 55 58 56 51 42 38 39 40 41 61 62 54 46 48 44 45 37 
66 67 68 65 54 62 66 63 58 55 49 42 51 56 40 41 61 59 56 40 41 46 48 44 45 37 
66 63 58 56 40 41 46 54 62 54 46 41 40 56 58 55 49 42 51 56 59 61 62 54 65 64 60 57 48 44 45 37 
66 67 68 65 54 62 61 41 40 39 38 42 49 55 58 63 66 62 61 59 56 40 32 35 37 
66 63 58 56 40 41 46 54 62 61 59 56 58 55 49 42 38 39 40 41 61 59 56 40 41 46 48 44 45 37 
66 63 58 56 59 61 41 46 54 62 61 41 40 39 38 42 49 55 58 55 49 42 38 39 40 41 61 62 54 46 48 44 45 37 
66 67 68 65 54 62 61 59 56 58 55 49 42 51 56 40 41 61 59 56 40 32 35 37 
66 67 68 65 54 62 54 65 68 69 67 66 63 58 63 66 62 61 62 54 46 41 40 32 35 37 
66 63 58 56 59 61 62 61 41 40 39 38 42 49 55 58 56 40 41 46 54 62 61 62 66 63 58 56 40 32 35 37 
66 67 68 65 54 46 41 61 62 54 65 68 67 66 63 58 55 49 42 38 39 40 41 61 59 56 40 32 35 37 
66 67 68 65 54 46 41 61 62 61 41 40 56 58 55 49 42 38 39 40 41 61 62 54 65 64 60 57 48 44 45 37 
66 67 69 68 65 54 46 41 61 62 61 41 40 39 38 42 49 55 58 55 49 42 51 56 40 41 61 62 54 46 41 40 32 35 37 
66 63 58 56 40 41 46 54 62 61 41 40 56 58 55 49 42 38 39 40 41 61 62 54 65 64 60 57 48 44 45 37 
66 62 61 41 40 39 38 42 49 55 58 55 49 42 51 56 59 61 62 66 63 58 56 40 32 35 37 
66 67 68 65 64 60 57 48 46 54 62 61 41 40 56 58 63 66 62 54 46 41 61 59 56 40 32 28 25 29 36 37 
66 63 58 56 40 41 46 54 62 61 41 40 39 38 42 49 55 58 56 59 61 62 54 46 41 40 32 35 37 
---------------
Request id 21
23 24 16 18 13 11 12 14 17 21 17 16 11 12 
23 24 16 18 13 11 12 14 17 21 17 16 18 13 11 12 
23 24 16 17 21 17 16 11 12 
23 24 16 11 12 14 17 21 22 27 24 20 17 14 12 
23 26 28 25 18 13 11 16 17 21 22 27 24 16 17 14 12 
23 26 28 25 18 13 11 12 14 17 21 17 16 11 12 
23 26 28 25 18 13 11 16 17 21 17 16 11 6 8 10 12 
23 26 28 25 18 16 17 21 17 20 24 16 18 13 11 12 
23 26 28 25 18 16 24 27 22 21 22 27 24 20 17 14 12 
23 26 28 25 18 13 11 16 17 21 17 20 24 16 18 13 11 12 
23 24 16 11 12 14 17 21 17 20 24 16 11 12 
23 26 28 25 18 16 24 27 22 21 17 20 24 16 18 13 11 12 
23 26 28 25 18 13 11 12 14 17 21 22 27 24 16 11 12 
23 26 28 25 18 16 24 20 17 21 22 27 24 20 17 16 11 12 
23 26 28 25 18 13 11 12 14 17 21 17 16 18 13 11 12 
23 24 16 18 13 11 12 14 17 21 22 27 24 16 17 14 12 
23 26 28 25 18 16 24 20 17 21 22 27 24 16 17 14 12 
23 24 16 18 13 11 12 14 17 21 22 27 24 20 17 14 12 
23 26 28 25 18 16 24 27 22 21 22 27 24 16 11 12 
23 26 28 25 18 16 17 21 17 16 11 6 8 10 12 
23 24 20 17 21 17 20 24 16 11 12 
23 26 28 25 18 13 11 12 14 17 21 22 27 24 16 17 14 12 
23 26 28 25 18 13 11 16 17 21 17 16 11 12 
23 26 28 25 18 13 11 12 14 17 21 17 14 12 
23 24 16 17 21 17 16 18 13 11 12 
23 26 28 25 18 16 24 20 17 21 17 16 11 12 
23 24 16 18 13 11 12 14 17 21 17 20 24 16 11 12 
23 24 20 17 21 17 16 11 12 
23 26 28 25 18 16 24 20 17 21 22 27 24 20 17 14 12 
23 26 28 25 18 16 17 21 17 16 11 12 
23 26 28 25 18 16 24 20 17 21 17 16 11 6 8 10 12 
23 26 28 25 18 16 24 27 22 21 22 27 24 16 17 14 12 
23 24 20 17 21 22 27 24 16 11 12 
23 26 28 25 18 16 24 20 17 21 22 27 24 16 11 12 
23 26 28 25 18 16 24 27 22 21 17 14 12 
23 26 28 25 18 16 24 20 17 21 17 16 18 13 11 12 
23 24 20 17 21 22 27 24 16 17 14 12 
23 24 16 17 21 17 20 24 16 18 13 11 12 
23 26 28 25 18 16 17 21 17 14 12 
23 26 28 25 18 16 24 27 22 21 17 20 24 16 11 12 
---------------
Request id 26
31 27 24 23 26 28 25 18 16 17 21 21 17 16 11 13 3 
31 27 24 16 18 13 11 12 14 17 21 21 17 14 12 11 6 3 13 18 16 18 13 11 6 3 
31 27 24 20 17 21 21 17 14 12 11 13 18 16 11 13 3 
31 27 24 16 18 13 11 12 14 17 21 21 22 27 24 16 18 13 3 
31 34 38 39 33 30 24 27 22 21 21 17 20 24 23 26 28 25 18 16 11 12 10 8 6 3 
31 27 24 16 18 13 11 12 14 17 21 21 17 14 12 11 13 18 16 18 13 3 
31 27 24 16 17 21 21 17 14 12 11 6 3 13 18 16 11 12 10 8 6 3 
31 34 38 39 33 30 24 16 17 21 21 17 20 24 16 11 13 3 
31 27 24 20 17 21 21 22 27 24 20 17 14 12 11 16 11 12 10 8 6 3 
31 27 24 16 18 13 11 12 14 17 21 21 22 27 24 20 17 14 12 11 16 18 13 11 6 3 
31 27 24 16 18 13 11 12 14 17 21 21 22 27 24 20 17 16 11 13 0 5 3 
31 27 24 20 17 21 21 17 14 12 10 8 6 11 16 11 12 10 8 6 3 
31 27 24 16 11 12 14 17 21 21 17 14 12 11 13 18 16 18 13 0 5 3 
31 34 38 39 33 30 24 20 17 21 21 22 27 24 16 18 13 0 5 3 
31 27 24 16 17 21 21 17 14 12 11 6 3 13 18 16 11 13 0 5 3 
31 34 38 39 40 32 28 25 18 16 17 21 21 17 14 12 11 6 3 13 18 16 11 13 0 5 3 
31 27 22 21 21 17 14 12 11 16 18 15 9 2 0 13 3 
31 27 22 21 21 22 27 24 20 17 16 18 13 11 6 3 
31 27 22 21 21 22 27 24 20 17 14 12 11 16 18 15 9 2 0 13 3 
31 34 38 39 33 30 24 16 17 21 21 17 14 12 11 6 3 13 18 16 11 6 3 
31 27 24 23 26 28 25 18 16 17 21 21 22 27 24 20 17 14 12 11 16 18 13 3 
31 34 38 39 33 30 24 20 17 21 21 17 14 12 11 16 11 12 10 8 6 3 
31 27 22 21 21 17 16 18 15 9 2 0 13 3 
31 34 38 39 33 30 24 16 17 21 21 22 27 24 20 17 14 12 11 16 18 13 3 
31 34 38 39 33 30 24 20 17 21 21 17 14 12 11 13 18 16 17 14 12 11 6 3 
31 27 24 16 18 13 11 12 14 17 21 21 17 16 17 14 12 11 6 3 
31 27 24 16 18 13 11 12 14 17 21 21 17 16 17 14 12 11 13 3 
31 27 24 16 18 13 11 12 14 17 21 21 17 14 12 11 13 18 16 18 13 11 6 3 
31 34 38 39 33 30 24 20 17 21 21 17 14 12 11 13 18 16 11 6 3 
31 34 38 39 33 30 24 27 22 21 21 22 27 24 16 11 13 0 5 3 
31 27 24 20 17 21 21 22 27 24 20 17 16 11 13 0 5 3 
31 27 24 20 17 21 21 22 27 24 20 17 14 12 11 16 18 13 0 5 3 
31 34 38 39 33 30 24 20 17 21 21 17 20 24 23 26 28 25 18 16 11 6 3 
31 34 38 39 40 32 28 25 18 16 17 21 21 17 20 24 16 18 15 9 2 0 13 3 
31 27 24 16 18 13 11 12 14 17 21 21 22 27 24 20 17 14 12 11 16 18 13 3 
31 27 24 16 11 12 14 17 21 21 22 27 24 16 18 13 11 6 3 
31 27 22 21 21 17 20 24 16 11 12 10 8 6 3 
31 34 38 39 40 32 28 25 18 16 17 21 21 17 14 12 11 13 18 16 11 12 10 8 6 3 
31 34 38 39 33 30 24 27 22 21 21 17 14 12 11 6 3 13 18 16 11 6 3 
31 34 38 39 33 30 24 27 22 21 21 22 27 24 20 17 16 11 13 3 
---------------
Request id 17
24 23 26 28 32 40 39 38 34 38 39 33 30 24 27 22 21 17 20 24 16 18 13 11 12 14 17 21 17 16 18 13 0 2 
24 16 18 25 28 32 40 39 38 34 38 42 51 56 40 39 33 30 24 20 24 30 33 39 38 34 31 27 22 21 17 14 12 11 13 0 2 
24 20 17 16 18 25 28 32 40 39 38 34 38 39 33 30 24 16 17 20 24 23 26 28 25 18 16 17 21 17 16 11 13 3 5 0 2 
24 23 26 28 32 40 56 51 42 38 34 38 42 51 56 40 39 33 30 24 20 24 16 18 13 11 12 14 17 21 17 14 12 11 13 0 2 
24 16 18 25 28 32 40 39 38 34 38 42 51 56 40 39 33 30 24 20 24 16 11 12 14 17 21 17 16 18 13 0 2 
24 16 18 25 28 32 40 39 38 34 31 27 24 16 11 12 14 17 20 17 21 22 27 24 16 18 13 0 2 
24 20 17 16 18 25 28 32 40 39 38 34 31 27 24 16 11 12 14 17 20 17 21 17 20 24 16 18 13 0 2 
24 16 17 21 22 27 31 34 38 42 51 56 40 39 33 30 24 20 17 14 12 11 16 24 27 22 21 17 20 24 16 18 15 9 2 
24 16 11 12 14 17 21 22 27 31 34 38 39 33 30 24 27 22 21 17 20 17 21 17 16 11 13 0 2 
24 23 26 28 32 40 39 38 34 31 27 22 21 17 16 24 20 24 23 26 28 25 18 16 17 21 17 14 12 11 13 0 2 
24 20 17 16 18 25 28 32 40 39 38 34 38 39 33 30 24 20 17 14 12 11 16 24 27 22 21 17 16 11 13 0 2 
24 23 26 28 32 40 39 38 34 38 42 51 56 40 39 33 30 24 20 24 16 11 6 8 10 12 14 17 21 22 27 24 16 11 13 0 2 
24 23 26 28 32 40 56 51 42 38 34 31 27 24 16 11 12 14 17 20 24 16 17 21 17 20 24 16 11 13 0 2 
24 20 17 16 18 25 28 32 40 39 38 34 38 39 33 30 24 20 24 23 26 28 25 18 16 17 21 17 20 24 16 18 13 0 2 
24 16 11 12 14 17 21 22 27 31 34 31 27 22 21 17 20 24 23 26 28 25 18 16 17 21 17 14 12 11 13 0 2 
24 23 26 28 32 40 56 51 42 38 34 31 27 22 21 17 20 17 16 24 27 22 21 17 20 24 16 11 13 0 2 
24 23 26 28 32 40 39 38 34 38 39 33 30 24 20 17 14 12 11 16 24 27 22 21 17 14 12 11 13 0 2 
24 16 17 21 22 27 31 34 38 42 51 56 40 39 33 30 24 20 24 16 18 13 11 12 14 17 21 17 20 24 16 18 13 0 2 
24 20 17 21 22 27 31 34 31 27 24 16 17 20 24 23 26 28 25 18 16 17 21 17 16 18 15 9 2 
24 30 33 39 38 34 38 42 51 56 40 39 33 30 24 20 17 16 24 27 22 21 22 27 24 16 11 13 0 2 
24 16 11 12 14 17 21 22 27 31 34 31 27 24 20 17 21 17 20 24 16 11 13 0 2 
24 23 26 28 32 40 39 38 34 38 42 51 56 40 39 33 30 24 20 24 23 26 28 25 18 16 17 21 17 16 18 15 9 2 
24 20 17 16 18 25 28 32 40 39 38 34 38 39 40 32 28 26 23 24 20 24 16 17 21 17 14 12 11 13 0 2 
24 16 17 21 22 27 31 34 31 27 24 20 24 30 33 39 38 34 31 27 22 21 22 27 24 16 18 13 0 2 
24 30 33 39 40 56 51 42 38 34 38 39 33 30 24 16 17 20 17 14 12 11 16 24 27 22 21 17 20 24 16 18 15 9 2 
24 16 11 12 14 17 21 22 27 31 34 38 39 33 30 24 16 17 20 24 23 26 28 25 18 16 17 21 17 20 24 16 18 13 0 2 
24 23 26 28 32 40 56 51 42 38 34 31 27 22 21 17 20 24 27 22 21 17 20 24 16 18 15 9 2 
24 30 33 39 38 34 38 39 33 30 24 16 17 20 17 21 17 16 11 13 3 5 0 2 
24 30 33 39 38 34 31 27 24 16 17 20 24 16 18 13 11 12 14 17 21 17 16 18 15 9 2 
24 27 31 34 38 39 33 30 24 16 17 20 24 16 17 21 22 27 24 16 11 13 0 2 
24 20 17 16 18 25 28 32 40 39 38 34 38 39 33 30 24 20 24 16 17 21 17 20 24 16 11 13 0 2 
24 20 17 16 18 25 28 32 40 39 38 34 31 27 24 16 17 20 24 16 11 6 8 10 12 14 17 21 22 27 24 16 18 13 0 2 
24 30 33 39 38 34 38 39 40 32 28 26 23 24 20 24 16 11 12 14 17 21 17 16 11 13 3 5 0 2 
24 16 18 25 28 32 40 39 38 34 38 42 51 56 40 39 33 30 24 20 17 16 24 27 22 21 17 20 24 16 18 13 0 2 
24 16 18 25 28 32 40 39 38 34 38 39 33 30 24 27 22 21 17 20 24 16 11 12 14 17 21 17 16 18 15 9 2 
24 16 18 25 28 32 40 39 38 34 31 27 22 21 17 20 24 16 11 12 14 17 21 17 20 24 16 18 13 0 2 
24 16 11 12 14 17 21 22 27 31 34 31 27 24 20 24 16 11 6 8 10 12 14 17 21 17 20 24 16 11 13 0 2 
24 23 26 28 32 40 39 38 34 31 27 22 21 17 20 24 27 22 21 17 16 11 13 3 5 0 2 
24 23 26 28 32 40 56 51 42 38 34 31 27 22 21 17 16 24 20 24 30 33 39 38 34 31 27 22 21 17 14 12 11 13 0 2 
24 30 33 39 38 34 38 42 51 56 40 39 33 30 24 20 17 16 24 27 22 21 17 20 24 16 11 13 0 2 
---------------
Request id 11
15 19 29 19 15 18 16 24 20 17 21 17 16 18 25 28 32 40 56 59 
15 19 29 25 18 16 24 27 22 21 17 20 24 23 26 28 32 40 56 59 
15 9 2 0 5 3 13 18 25 29 25 18 16 11 12 14 17 21 17 16 24 30 33 39 40 41 61 59 
15 18 16 24 23 26 28 32 35 37 36 29 25 18 16 17 21 22 27 31 34 38 39 40 41 61 59 
15 18 25 29 25 18 13 11 16 17 21 22 27 31 34 38 39 40 56 59 
15 18 16 24 23 26 28 25 29 25 18 16 11 12 14 17 21 17 20 24 23 26 28 32 40 56 59 
15 18 16 24 23 26 28 25 29 25 18 13 11 12 14 17 21 22 27 31 34 38 42 51 56 59 
15 18 13 11 16 24 23 26 28 25 29 25 18 13 11 12 14 17 21 17 20 24 23 26 28 32 40 56 59 
15 18 13 11 16 24 23 26 28 25 29 25 18 16 17 21 17 20 24 23 26 28 32 40 56 59 
15 18 13 11 16 24 23 26 28 25 29 25 18 13 11 16 17 21 17 20 24 23 26 28 32 40 56 59 
15 18 16 17 20 24 23 26 28 25 29 25 28 26 23 24 16 17 21 22 27 31 34 38 39 40 56 59 
15 18 25 29 25 18 13 11 12 14 17 21 22 27 31 34 38 39 40 41 61 59 
15 19 29 19 15 18 16 24 20 17 21 22 27 24 30 33 39 40 56 59 
15 19 29 25 18 16 24 27 22 21 17 16 24 30 33 39 40 56 59 
15 9 2 0 13 11 16 18 25 29 25 18 16 24 27 22 21 17 16 24 30 33 39 40 56 59 
15 18 13 11 16 24 23 26 28 25 29 25 18 13 11 16 17 21 22 27 31 34 38 39 40 41 61 59 
15 18 16 24 23 26 28 25 29 19 15 18 13 11 16 17 21 17 16 24 23 26 28 32 40 56 59 
15 19 29 19 15 18 16 17 21 22 27 24 30 33 39 40 56 59 
15 19 29 19 15 18 16 17 21 22 27 31 34 38 39 40 41 61 59 
15 18 25 29 19 15 18 13 11 16 17 21 17 20 24 30 33 39 40 56 59 
15 9 2 0 5 3 13 18 25 29 25 18 16 17 21 17 16 24 30 33 39 40 41 61 59 
15 18 16 24 23 26 28 25 29 19 15 18 13 11 16 17 21 22 27 31 34 38 39 40 41 61 59 
15 18 16 24 23 26 28 32 35 37 36 29 25 18 13 11 12 14 17 21 17 16 24 30 33 39 40 56 59 
15 18 25 29 25 18 13 11 12 14 17 21 17 16 24 30 33 39 40 41 61 59 
15 18 16 17 20 24 23 26 28 25 29 25 18 16 11 12 14 17 21 17 16 18 25 28 32 40 56 59 
15 18 16 24 23 26 28 25 29 25 18 13 11 12 14 17 21 22 27 31 34 38 39 40 56 59 
15 9 2 0 13 18 25 29 25 18 16 17 21 17 20 24 23 26 28 32 40 56 59 
15 18 13 11 16 24 23 26 28 25 29 25 18 13 11 12 14 17 21 17 16 24 30 33 39 40 41 61 59 
15 18 16 24 23 26 28 32 35 37 36 29 25 18 16 17 21 17 16 24 30 33 39 40 41 61 59 
15 9 2 0 13 11 16 18 25 29 19 15 18 16 17 21 17 20 24 23 26 28 32 40 56 59 
15 18 16 17 20 24 23 26 28 25 29 19 15 18 16 17 21 22 27 24 30 33 39 40 56 59 
15 18 25 28 32 35 37 36 29 25 18 13 11 16 17 21 17 16 24 30 33 39 40 41 61 59 
15 18 25 29 19 15 18 16 17 21 22 27 31 34 38 42 51 56 59 
15 19 29 25 18 16 24 27 22 21 22 27 24 30 33 39 40 56 59 
15 18 25 28 32 35 37 36 29 19 15 18 16 17 21 17 16 24 30 33 39 40 56 59 
15 18 16 24 23 26 28 32 35 37 36 29 25 18 16 24 20 17 21 17 20 24 23 26 28 32 40 56 59 
15 18 16 24 23 26 28 25 29 25 18 16 17 21 17 16 24 30 33 39 40 41 61 59 
15 18 25 28 32 35 37 36 29 25 18 16 11 12 14 17 21 17 20 24 30 33 39 40 56 59 
15 18 16 24 23 26 28 32 35 37 36 29 25 18 16 11 12 14 17 21 22 27 31 34 38 39 40 56 59 
15 18 13 11 16 24 23 26 28 25 29 25 18 13 11 16 17 21 22 27 31 34 38 42 51 56 59 
---------------
Request id 16
23 24 27 31 34 38 42 51 56 40 39 40 41 46 54 62 61 59 56 51 42 38 39 40 32 28 25 18 16 24 27 22 21 17 20 24 30 33 39 40 56 58 63 
23 26 28 32 40 39 38 39 40 32 28 25 18 16 24 27 22 21 17 20 24 30 33 39 40 56 58 63 
23 24 30 33 39 40 41 61 59 56 58 55 49 42 38 39 33 30 24 20 17 21 22 27 31 34 38 42 49 55 58 63 
23 24 30 33 39 40 41 46 54 62 61 59 56 51 42 38 34 31 27 24 20 17 21 22 21 17 16 18 25 28 32 40 56 58 63 
23 26 28 25 29 36 37 35 32 40 39 40 56 58 55 49 42 38 39 33 30 24 27 22 27 31 34 38 42 51 56 58 63 
23 26 28 32 40 39 38 34 31 27 24 16 17 21 22 27 24 23 26 28 32 40 56 58 63 
23 24 16 18 25 28 32 40 39 40 56 58 55 49 42 38 42 51 56 40 39 33 30 24 27 22 27 24 30 33 39 40 56 58 63 
23 24 20 17 16 18 25 28 32 40 39 40 41 46 54 62 61 59 56 51 42 38 34 31 27 22 27 24 30 33 39 40 56 58 63 
23 26 28 25 29 36 37 35 32 40 39 40 32 28 25 18 16 24 27 31 34 38 42 51 56 40 39 33 30 24 27 22 27 24 23 26 28 32 40 56 58 63 
23 26 28 32 40 56 51 42 38 39 33 30 24 27 31 34 38 34 31 27 22 27 24 23 26 28 32 40 56 58 63 
23 24 16 18 25 28 32 40 39 40 32 28 26 23 24 27 31 34 38 34 31 27 22 27 24 30 33 39 40 56 58 63 
23 24 27 31 34 38 39 40 32 28 25 18 16 24 27 31 34 38 39 40 32 28 25 18 16 17 21 22 27 31 34 38 42 51 56 58 63 
23 24 30 33 39 40 32 28 26 23 24 27 31 34 38 42 51 56 40 39 33 30 24 27 22 27 31 34 38 42 49 55 58 63 
23 24 20 17 16 18 25 28 32 40 39 40 56 58 55 49 42 38 34 31 27 24 20 17 21 22 21 17 16 18 25 28 32 40 56 58 63 
23 26 28 32 40 56 51 42 38 39 40 41 61 59 56 51 42 38 34 31 27 22 27 24 30 33 39 40 41 61 62 66 63 
23 26 28 25 18 16 24 30 33 39 40 56 58 55 49 42 38 34 31 27 24 20 17 21 22 21 17 16 18 25 28 32 40 56 58 63 
23 24 16 17 21 22 27 31 34 38 39 40 56 58 55 49 42 38 39 33 30 24 20 17 21 22 27 31 34 38 42 51 56 58 63 
23 26 28 25 18 16 24 30 33 39 40 41 61 59 56 51 42 38 42 51 56 40 39 33 30 24 27 22 21 17 16 18 25 28 32 40 56 58 63 
23 26 28 25 29 36 37 35 32 40 39 33 30 24 27 31 34 38 39 40 32 28 26 23 24 27 22 27 31 34 38 42 51 56 58 63 
23 24 27 31 34 38 39 33 30 24 27 31 34 38 34 31 27 24 20 17 21 22 27 31 34 38 39 40 56 58 63 
23 24 20 17 16 18 25 28 32 40 39 40 32 28 26 23 24 27 31 34 38 39 40 32 28 26 23 24 27 22 27 24 16 18 25 28 32 40 56 58 63 
23 24 20 17 16 18 25 28 32 40 39 40 41 61 59 56 58 55 49 42 38 39 33 30 24 16 17 21 22 21 17 16 18 25 28 32 40 56 58 63 
23 26 28 32 40 39 40 41 61 59 56 58 55 49 42 38 39 33 30 24 16 17 21 22 27 24 30 33 39 40 56 58 63 
23 26 28 32 40 39 40 41 61 59 56 51 42 38 39 40 32 28 25 18 16 24 27 22 27 31 34 38 39 40 56 58 63 
23 24 27 31 34 38 42 51 56 40 39 40 32 28 26 23 24 27 31 34 38 39 33 30 24 16 17 21 22 21 17 16 18 25 28 32 40 56 58 63 
23 24 27 31 34 38 42 51 56 40 39 40 41 61 59 56 58 55 49 42 38 34 31 27 24 20 17 21 22 27 24 30 33 39 40 41 61 62 66 63 
23 26 28 32 40 39 40 41 61 59 56 51 42 38 39 33 30 24 16 17 21 22 21 17 16 18 25 28 32 40 56 58 63 
23 24 16 18 25 28 32 40 39 38 34 31 27 22 27 24 23 26 28 32 40 56 58 63 
23 26 28 32 40 39 33 30 24 20 17 21 22 27 31 34 38 39 33 30 24 20 17 21 22 27 24 30 33 39 38 42 51 56 58 63 
23 26 28 25 18 16 24 30 33 39 40 56 51 42 38 34 31 27 22 27 31 34 38 42 49 55 58 63 
23 26 28 25 18 16 24 30 33 39 40 32 28 26 23 24 27 31 34 38 39 40 32 28 25 18 16 24 27 22 27 24 30 33 39 40 41 61 62 66 63 
23 24 16 17 21 22 27 31 34 38 39 40 41 61 59 56 58 55 49 42 38 39 40 32 28 26 23 24 27 22 27 31 34 38 42 49 55 58 63 
23 24 27 31 34 38 42 51 56 40 39 33 30 24 27 31 34 38 39 40 32 28 25 18 16 17 21 22 27 24 23 26 28 32 40 56 58 63 
23 24 27 31 34 38 39 40 56 51 42 38 34 31 27 24 20 17 21 22 27 24 30 33 39 40 56 58 63 
23 26 28 32 40 56 51 42 38 39 33 30 24 27 31 34 38 34 31 27 22 27 31 34 38 42 49 55 58 63 
23 24 27 31 34 38 39 40 41 46 54 62 61 59 56 51 42 38 42 51 56 40 39 33 30 24 27 22 27 24 16 18 25 28 32 40 56 58 63 
23 24 16 17 21 22 27 31 34 38 39 33 30 24 27 31 34 38 34 31 27 22 27 31 34 38 39 40 56 58 63 
23 24 20 17 16 18 25 28 32 40 39 40 32 28 25 18 16 24 27 31 34 38 42 51 56 40 39 33 30 24 27 22 27 24 30 33 39 38 42 51 56 58 63 
23 24 16 17 21 22 27 31 34 38 39 40 56 51 42 38 39 33 30 24 20 17 21 22 27 24 30 33 39 38 42 51 56 58 63 
23 24 16 17 21 22 27 31 34 38 39 40 56 51 42 38 34 31 27 22 27 31 34 38 42 51 56 58 63 
---------------
Request id 5
50 49 42 51 56 59 61 41 40 39 38 34 43 47 52 53 52 47 43 34 38 42 51 56 40 39 33 
50 49 42 51 56 59 61 41 40 39 38 34 43 47 52 53 50 49 55 58 56 51 42 38 39 33 
50 53 50 49 42 38 34 31 27 24 30 33 
50 49 55 58 56 40 39 33 30 24 27 31 34 43 47 52 53 50 49 42 51 56 59 61 41 40 39 33 
50 49 42 51 56 59 61 41 40 39 38 34 43 47 52 53 50 49 42 38 34 31 27 24 30 33 
50 49 42 38 34 43 47 52 53 50 49 42 38 34 31 27 24 30 33 
50 49 55 58 56 40 39 38 34 43 47 52 53 50 49 55 58 56 40 39 33 
50 49 55 58 56 40 39 33 30 24 27 31 34 43 47 52 53 50 49 42 38 39 33 
50 49 55 58 56 40 39 33 30 24 27 31 34 43 47 52 53 52 47 43 34 31 27 24 30 33 
50 49 42 51 56 40 39 38 34 43 47 52 53 50 49 55 58 56 51 42 38 39 33 
50 53 52 47 43 34 38 39 33 
50 49 42 51 56 40 39 33 30 24 27 31 34 43 47 52 53 50 49 55 58 56 40 39 33 
50 49 42 38 34 43 47 52 53 50 49 55 58 56 59 61 41 40 39 33 
50 49 42 38 34 43 47 52 53 52 47 43 34 31 27 24 30 33 
50 49 42 51 56 40 39 38 34 43 47 52 53 50 49 42 38 39 33 
50 53 50 49 55 58 56 51 42 38 39 33 
50 49 55 58 56 40 39 33 30 24 27 31 34 43 47 52 53 52 47 43 34 38 42 51 56 40 39 33 
50 49 55 58 56 51 42 38 34 43 47 52 53 50 49 55 58 56 51 42 38 39 33 
50 49 55 58 56 51 42 38 34 43 47 52 53 50 49 55 58 56 59 61 41 40 39 33 
50 49 42 38 39 33 30 24 27 31 34 43 47 52 53 52 47 43 34 38 42 51 56 40 39 33 
50 49 42 51 56 40 39 33 30 24 27 31 34 43 47 52 53 50 49 42 38 39 33 
50 49 42 51 56 40 39 38 34 43 47 52 53 52 47 43 34 38 39 33 
50 49 42 51 56 59 61 41 40 39 38 34 43 47 52 53 50 49 55 58 56 59 61 41 40 39 33 
50 49 42 38 39 33 30 24 27 31 34 43 47 52 53 50 49 42 51 56 40 39 33 
50 49 42 51 56 40 39 38 34 43 47 52 53 50 49 55 58 56 59 61 41 40 39 33 
50 49 55 58 56 40 39 33 30 24 27 31 34 43 47 52 53 50 49 55 58 56 59 61 41 40 39 33 
50 49 55 58 56 51 42 38 34 43 47 52 53 52 47 43 34 38 39 33 
50 49 55 58 56 40 39 38 34 43 47 52 53 50 49 42 51 56 40 39 33 
50 49 42 51 56 40 39 38 34 43 47 52 53 52 47 43 34 38 42 51 56 40 39 33 
50 49 42 38 34 43 47 52 53 50 49 42 38 39 33 
50 49 42 51 56 40 39 38 34 43 47 52 53 50 49 42 38 34 31 27 24 30 33 
50 49 55 58 56 40 39 38 34 43 47 52 53 52 47 43 34 38 42 51 56 40 39 33 
50 49 55 58 56 40 39 38 34 43 47 52 53 50 49 42 38 39 33 
50 49 55 58 56 40 39 33 30 24 27 31 34 43 47 52 53 50 49 55 58 56 51 42 38 39 33 
50 49 42 51 56 40 39 33 30 24 27 31 34 43 47 52 53 50 49 42 38 34 31 27 24 30 33 
50 49 42 51 56 40 39 33 30 24 27 31 34 43 47 52 53 52 47 43 34 38 42 51 56 40 39 33 
50 49 42 51 56 59 61 41 40 39 38 34 43 47 52 53 50 49 55 58 56 40 39 33 
50 49 55 58 56 40 39 33 30 24 27 31 34 43 47 52 53 50 49 42 51 56 40 39 33 
50 49 42 38 39 33 30 24 27 31 34 43 47 52 53 50 49 42 38 34 31 27 24 30 33 
50 49 55 58 56 59 61 41 40 39 38 34 43 47 52 53 52 47 43 34 38 39 33 
---------------
Request id 20
8 10 12 11 16 18 13 0 2 9 15 19 
8 6 11 12 14 17 16 18 15 19 
8 10 12 14 17 16 24 23 26 28 25 29 19 
8 6 11 13 18 16 11 6 3 13 18 15 19 
8 6 11 12 14 17 16 11 13 18 25 29 19 
8 6 3 13 18 16 11 6 3 13 18 15 19 
8 6 11 12 14 17 16 11 13 0 2 9 15 19 
8 6 3 13 11 16 17 14 12 11 13 18 15 19 
8 6 3 5 0 13 11 16 24 23 26 28 25 29 19 
8 6 11 13 18 16 11 13 18 25 29 19 
8 6 3 13 11 16 11 13 18 25 29 19 
8 6 3 13 18 16 11 13 0 2 9 15 19 
8 10 12 11 13 18 16 24 23 26 28 25 18 15 19 
8 10 12 11 13 18 16 11 6 3 13 18 15 19 
8 10 12 11 13 18 16 18 25 29 19 
8 6 11 16 11 13 18 15 19 
8 10 12 14 17 16 11 6 3 13 18 15 19 
8 10 12 11 13 18 16 11 13 18 25 29 19 
8 6 3 13 18 16 24 23 26 28 25 29 19 
8 6 11 13 18 16 18 25 29 19 
8 6 11 16 17 14 12 11 13 18 15 19 
8 6 11 13 18 16 18 15 19 
8 7 4 1 3 13 11 16 18 15 19 
8 10 12 11 16 24 23 26 28 25 18 15 19 
8 6 11 13 18 16 17 14 12 11 13 18 15 19 
8 10 12 14 17 16 18 25 29 19 
8 6 11 12 14 17 16 24 23 26 28 25 29 19 
8 10 12 11 16 18 25 29 19 
8 6 11 12 14 17 16 18 13 0 2 9 15 19 
8 10 12 11 13 18 16 24 23 26 28 25 29 19 
8 10 12 11 13 18 16 11 13 18 15 19 
8 6 3 5 0 13 11 16 24 23 26 28 25 18 15 19 
8 10 12 14 17 16 11 13 18 15 19 
8 6 3 13 18 16 11 13 18 25 29 19 
8 10 12 14 17 16 11 13 18 25 29 19 
8 6 11 13 18 16 11 13 18 15 19 
8 6 3 13 18 16 18 13 0 2 9 15 19 
8 7 4 1 3 13 11 16 11 13 18 25 29 19 
8 10 12 14 17 16 24 23 26 28 25 18 15 19 
8 6 11 12 14 17 16 24 23 26 28 25 18 15 19 
---------------
Request id 9
42 38 34 31 27 24 16 17 21 22 27 24 16 11 6 8 10 12 14 17 21 22 27 24 16 18 25 29 19 
42 51 56 40 39 33 30 24 27 22 27 24 23 26 28 25 18 13 11 16 17 21 17 14 12 11 16 18 15 19 
42 38 39 33 30 24 27 22 27 24 23 26 28 25 18 13 11 16 17 21 17 16 18 25 29 19 
42 51 56 40 32 28 26 23 24 27 22 27 24 16 18 13 11 12 14 17 21 22 27 24 16 18 25 29 19 
42 38 39 33 30 24 20 17 21 22 27 24 16 18 13 11 12 14 17 21 17 14 12 11 13 18 15 19 
42 38 39 33 30 24 27 22 27 24 16 17 21 17 16 11 13 18 25 29 19 
42 51 56 40 39 33 30 24 27 22 27 31 34 38 39 33 30 24 20 17 21 17 20 24 16 18 15 19 
42 38 34 31 27 24 16 17 21 22 27 31 34 38 39 33 30 24 20 17 21 22 27 24 16 18 15 19 
42 38 39 40 32 28 26 23 24 27 22 27 24 16 11 12 14 17 21 17 16 11 13 18 15 19 
42 38 39 33 30 24 20 17 21 22 27 24 20 17 21 17 14 12 11 13 18 15 19 
42 38 39 40 32 28 26 23 24 27 22 27 24 16 11 12 14 17 21 17 16 11 13 18 25 29 19 
42 51 56 40 39 33 30 24 27 22 27 24 16 18 13 11 12 14 17 21 17 14 12 11 13 18 15 19 
42 38 39 33 30 24 20 17 21 22 27 24 20 17 21 17 16 11 13 18 25 29 19 
42 38 34 31 27 22 27 24 16 11 6 8 10 12 14 17 21 17 14 12 11 13 18 15 19 
42 38 39 33 30 24 16 17 21 22 27 24 16 11 12 14 17 21 17 16 18 25 29 19 
42 38 34 31 27 24 16 17 21 22 27 31 34 38 39 33 30 24 20 17 21 22 27 24 16 18 25 29 19 
42 38 39 33 30 24 20 17 21 22 27 31 34 38 39 33 30 24 16 17 21 17 16 18 15 19 
42 51 56 40 39 38 34 31 27 22 27 24 16 11 6 8 10 12 14 17 21 17 16 11 13 18 25 29 19 
42 51 56 40 39 33 30 24 27 22 27 24 16 18 13 11 12 14 17 21 17 16 18 25 29 19 
42 38 39 33 30 24 16 17 21 22 27 24 20 17 21 17 20 24 16 18 25 29 19 
42 51 56 40 39 38 34 31 27 22 27 24 20 17 21 17 14 12 11 16 18 15 19 
42 51 56 40 32 28 26 23 24 27 22 27 24 16 17 21 22 27 24 16 18 25 29 19 
42 38 39 40 32 28 26 23 24 27 22 27 24 16 11 12 14 17 21 17 16 18 15 19 
42 38 34 31 27 24 20 17 21 22 27 24 16 11 6 8 10 12 14 17 21 22 27 24 16 18 15 19 
42 38 39 40 32 28 26 23 24 27 22 27 24 16 11 12 14 17 21 22 27 24 16 18 25 29 19 
42 38 34 31 27 24 16 17 21 22 27 24 20 17 21 17 16 18 15 19 
42 38 39 33 30 24 27 22 27 24 16 18 13 11 12 14 17 21 17 16 18 15 19 
42 51 56 40 39 38 34 31 27 22 27 31 34 38 39 33 30 24 20 17 21 17 16 11 13 18 25 29 19 
42 38 34 31 27 24 16 17 21 22 27 24 16 17 21 22 27 24 16 18 25 29 19 
42 38 39 33 30 24 27 22 27 24 16 11 12 14 17 21 22 27 24 16 18 15 19 
42 38 34 31 27 22 27 31 34 38 39 33 30 24 20 17 21 17 16 11 13 18 25 29 19 
42 51 56 40 39 38 34 31 27 22 27 24 16 17 21 17 14 12 11 16 18 15 19 
42 38 39 33 30 24 27 22 27 31 34 38 39 33 30 24 16 17 21 17 16 18 25 29 19 
42 51 56 40 32 28 26 23 24 27 22 27 31 34 38 39 33 30 24 20 17 21 22 27 24 16 18 15 19 
42 51 56 40 39 33 30 24 27 22 21 17 14 12 11 13 18 15 19 
42 38 39 33 30 24 20 17 21 22 27 24 23 26 28 25 18 16 17 21 22 27 24 16 18 15 19 
42 38 39 40 32 28 26 23 24 27 22 27 31 34 38 39 33 30 24 16 17 21 17 16 11 13 18 15 19 
42 38 34 31 27 22 27 31 34 38 39 33 30 24 16 17 21 17 16 18 15 19 
42 38 39 33 30 24 27 22 27 24 16 18 13 11 12 14 17 21 17 14 12 11 13 18 15 19 
42 51 56 40 32 28 26 23 24 27 22 27 24 23 26 28 25 18 16 17 21 17 16 11 13 18 25 29 19 
---------------
Request id 14
59 56 58 55 49 42 38 39 33 30 24 16 18 25 29 29 25 18 16 17 20 24 30 
59 61 62 66 63 58 55 49 42 38 39 40 32 28 25 18 15 19 29 29 19 15 18 16 24 30 
59 61 62 66 63 58 55 49 42 38 39 33 30 24 23 26 28 25 29 29 36 37 35 32 28 26 23 24 30 
59 56 58 55 49 42 38 39 40 41 46 48 44 45 37 36 29 29 25 28 26 23 24 30 
59 61 62 66 63 58 55 49 42 38 39 33 30 24 16 11 13 18 25 29 29 19 15 18 16 24 30 
59 56 40 39 33 30 24 16 18 15 19 29 29 19 15 18 16 24 30 
59 61 62 66 63 58 56 51 42 38 39 40 41 46 48 44 45 37 36 29 29 25 28 32 40 39 33 30 
59 56 58 55 49 42 38 39 33 30 24 16 18 15 19 29 29 25 18 16 17 20 24 30 
59 56 58 63 66 62 61 41 40 39 40 32 28 25 29 29 25 18 16 17 20 24 30 
59 61 62 66 63 58 55 49 42 38 39 33 30 24 20 17 16 18 25 29 29 25 18 16 17 20 24 30 
59 56 58 55 49 42 38 39 40 32 28 25 18 15 19 29 29 36 37 35 32 28 26 23 24 30 
59 61 41 40 56 51 42 38 39 33 30 24 16 18 15 19 29 29 19 15 18 16 17 20 24 30 
59 56 58 63 66 62 61 41 40 39 33 30 24 16 11 13 18 25 29 29 36 37 35 32 28 26 23 24 30 
59 56 51 42 38 39 33 30 24 23 26 28 25 29 29 25 28 26 23 24 30 
59 56 40 39 33 30 24 16 18 15 19 29 29 25 18 13 11 16 24 30 
59 61 62 66 63 58 56 40 39 40 32 28 25 18 15 19 29 29 25 18 16 17 20 24 30 
59 61 41 40 39 33 30 24 23 26 28 25 29 29 19 15 18 16 17 20 24 30 
59 61 62 66 63 58 56 51 42 38 39 33 30 24 16 18 25 29 29 19 15 18 13 11 16 24 30 
59 61 41 40 39 33 30 24 16 18 15 19 29 29 25 28 32 40 39 33 30 
59 56 40 39 33 30 24 16 11 13 18 25 29 29 19 15 18 16 17 20 24 30 
59 61 62 66 63 58 56 40 39 40 32 28 25 29 29 25 18 16 17 20 24 30 
59 56 58 55 49 42 38 39 33 30 24 20 17 16 18 25 29 29 25 18 16 24 30 
59 61 62 66 63 58 56 40 39 40 32 35 37 36 29 29 25 28 32 40 39 33 30 
59 61 62 66 63 58 55 49 42 38 39 33 30 24 23 26 28 25 29 29 25 28 26 23 24 30 
59 61 41 40 56 51 42 38 39 33 30 24 23 26 28 25 29 29 36 37 35 32 40 39 33 30 
59 61 62 54 46 41 40 39 40 32 28 25 29 29 19 15 18 13 11 16 24 30 
59 61 62 66 63 58 56 51 42 38 39 38 34 31 27 24 16 18 25 29 29 36 37 35 32 28 26 23 24 30 
59 61 41 40 39 38 34 31 27 24 16 18 25 29 29 36 37 35 32 40 39 33 30 
59 56 58 63 66 62 61 41 40 39 40 32 28 25 18 15 19 29 29 25 18 16 17 20 24 30 
59 56 40 39 40 41 46 48 44 45 37 36 29 29 36 37 35 32 28 26 23 24 30 
59 61 41 40 39 33 30 24 23 26 28 25 29 29 25 28 26 23 24 30 
59 56 58 63 66 62 61 41 40 39 33 30 24 16 18 15 19 29 29 25 28 32 40 39 33 30 
59 61 62 54 46 41 40 39 40 32 28 25 18 15 19 29 29 19 15 18 16 24 30 
59 56 51 42 38 39 33 30 24 20 17 16 18 25 29 29 25 28 32 40 39 33 30 
59 61 41 40 56 51 42 38 39 40 41 46 48 44 45 37 36 29 29 25 18 16 17 20 24 30 
59 56 58 55 49 42 38 39 33 30 24 16 18 25 29 29 19 15 18 13 11 16 24 30 
59 56 40 39 40 32 28 25 18 15 19 29 29 36 37 35 32 40 39 33 30 
59 61 41 40 39 33 30 24 16 18 25 29 29 36 37 35 32 40 39 33 30 
59 61 62 66 63 58 56 40 39 40 32 35 37 36 29 29 19 15 18 16 17 20 24 30 
59 61 62 66 63 58 56 40 39 38 34 31 27 24 16 18 25 29 29 25 18 16 17 20 24 30 
---------------
Request id 22
44 45 37 35 32 28 25 18 15 19 29 36 37 35 32 28 25 18 13 0 2 9 15 19 29 36 37 45 44 48 46 41 40 39 33 
44 48 46 41 61 59 56 40 32 35 37 36 37 35 32 28 25 18 15 19 29 25 18 16 24 23 26 28 32 35 37 36 29 25 18 16 17 20 24 30 33 
44 48 46 54 62 61 59 56 40 32 35 37 36 37 35 32 28 25 29 19 15 9 2 0 13 18 25 28 32 35 37 36 29 25 18 13 11 16 24 30 33 
44 45 37 35 32 28 25 29 36 37 35 32 40 39 33 30 24 16 18 25 29 25 28 32 35 37 36 29 25 18 13 11 16 24 30 33 
44 48 46 54 62 61 59 56 40 32 35 37 36 37 35 32 28 26 23 24 16 18 25 29 19 15 18 25 28 32 35 37 36 29 25 18 16 17 20 24 30 33 
44 45 37 35 32 28 25 18 15 19 29 36 37 35 32 28 25 18 13 0 2 9 15 19 29 25 18 16 24 30 33 39 40 32 35 37 36 37 35 32 40 39 33 
44 45 37 36 37 35 32 40 39 33 30 24 16 18 25 29 25 18 13 11 16 24 23 26 28 32 35 37 36 29 25 18 16 24 30 33 
44 48 46 41 61 59 56 40 32 35 37 36 37 35 32 40 39 33 30 24 16 18 25 29 25 18 16 24 30 33 39 40 32 35 37 36 29 25 18 13 11 16 24 30 33 
44 48 46 54 62 61 41 40 32 28 25 29 36 37 35 32 40 39 33 30 24 16 18 25 29 25 18 16 24 23 26 28 32 35 37 36 29 19 15 18 25 28 32 40 39 33 
44 48 46 41 61 59 56 40 32 35 37 36 37 35 32 28 25 18 13 0 2 9 15 19 29 36 37 35 32 28 26 23 24 30 33 
44 48 46 54 62 61 41 40 32 28 25 29 36 29 25 28 32 40 41 46 48 44 45 37 36 29 19 15 18 25 28 32 40 39 33 
44 48 46 54 62 61 41 40 32 35 37 36 37 45 44 48 46 41 40 32 28 25 29 19 15 9 2 0 13 18 25 28 32 35 37 36 29 25 18 16 24 30 33 
44 48 46 41 61 59 56 40 32 28 25 29 36 37 35 32 40 39 33 30 24 16 18 25 29 25 28 26 23 24 30 33 39 40 32 35 37 36 29 19 15 18 25 28 32 40 39 33 
44 48 46 41 40 32 35 37 36 37 35 32 40 39 33 30 24 23 26 28 25 29 25 28 32 40 41 46 48 44 45 37 36 29 25 18 16 24 30 33 
44 48 46 41 61 59 56 40 32 28 25 29 36 37 35 32 40 39 33 30 24 23 26 28 25 29 19 15 9 2 0 13 18 25 28 32 35 37 36 37 35 32 28 26 23 24 30 33 
44 48 46 54 62 61 59 56 40 32 35 37 36 37 35 32 28 26 23 24 16 18 25 29 19 15 18 16 24 23 26 28 32 35 37 36 37 35 32 40 39 33 
44 48 46 54 62 61 41 40 32 35 37 36 37 35 32 28 25 18 13 0 2 9 15 19 29 19 15 9 2 0 13 18 25 28 32 35 37 36 29 19 15 18 25 28 32 40 39 33 
44 48 46 41 40 32 35 37 36 37 35 32 40 39 33 30 24 23 26 28 25 29 25 18 16 24 30 33 39 40 32 35 37 36 29 25 18 16 17 20 24 30 33 
44 48 46 41 61 59 56 40 32 28 25 29 36 37 35 32 40 39 33 30 24 16 18 25 29 19 15 18 25 28 32 35 37 36 29 25 28 32 40 39 33 
44 45 37 36 29 25 18 16 24 30 33 39 40 32 35 37 36 37 45 44 48 46 41 40 39 33 
44 45 37 35 32 28 25 29 36 37 35 32 40 39 33 30 24 16 18 25 29 19 15 9 2 0 13 18 25 28 32 35 37 36 37 35 32 40 39 33 
44 48 46 41 40 32 35 37 36 37 35 32 28 25 18 13 0 2 9 15 19 29 25 28 32 40 41 46 48 44 45 37 36 29 25 28 26 23 24 30 33 
44 48 46 54 62 61 41 40 32 35 37 36 37 35 32 40 39 33 30 24 23 26 28 25 29 25 18 16 24 30 33 39 40 32 35 37 36 37 35 32 40 39 33 
44 48 46 54 62 61 59 56 40 32 35 37 36 37 45 44 48 46 41 40 32 28 25 29 25 18 16 24 23 26 28 32 35 37 36 29 25 28 32 40 39 33 
44 45 37 35 32 28 25 18 15 19 29 36 37 35 32 40 39 33 30 24 16 18 15 19 29 25 28 32 35 37 36 37 45 44 48 46 41 40 39 33 
44 48 46 54 62 61 41 40 32 35 37 36 37 45 44 48 46 41 40 32 28 25 29 36 29 25 18 13 11 16 24 30 33 
44 45 37 36 37 45 44 48 46 41 40 32 28 25 29 19 15 18 25 28 32 35 37 36 29 19 15 18 25 28 32 40 39 33 
44 48 46 54 62 61 41 40 32 28 25 29 36 37 35 32 28 25 29 25 18 13 11 16 24 23 26 28 32 35 37 36 29 19 15 18 16 24 30 33 
44 45 37 35 32 28 25 29 36 37 35 32 40 39 33 30 24 16 18 15 19 29 25 18 13 11 16 24 23 26 28 32 35 37 36 37 35 32 28 26 23 24 30 33 
44 48 46 41 40 32 28 25 29 36 29 19 15 18 25 28 32 35 37 36 29 25 18 16 24 30 33 
44 48 46 41 40 32 35 37 36 37 35 32 28 25 18 13 0 2 9 15 19 29 25 18 13 11 16 24 23 26 28 32 35 37 36 29 25 18 13 11 16 24 30 33 
44 48 46 54 62 61 59 56 40 32 35 37 36 37 35 32 28 25 18 15 19 29 25 18 16 24 23 26 28 32 35 37 36 29 25 18 16 17 20 24 30 33 
44 48 46 41 40 32 28 25 29 36 37 35 32 28 26 23 24 16 18 25 29 25 18 16 24 23 26 28 32 35 37 36 29 25 18 13 11 16 24 30 33 
44 45 37 35 32 28 25 18 15 19 29 36 37 35 32 28 25 18 15 19 29 19 15 18 25 28 32 35 37 36 29 19 15 18 16 24 30 33 
44 45 37 36 37 35 32 40 39 33 30 24 16 18 15 19 29 25 18 13 11 16 24 23 26 28 32 35 37 36 37 35 32 40 39 33 
44 48 46 41 61 59 56 40 32 35 37 36 37 35 32 40 39 33 30 24 16 18 25 29 19 15 18 16 24 23 26 28 32 35 37 36 29 25 18 13 11 16 24 30 33 
44 48 46 54 62 61 59 56 40 32 35 37 36 37 35 32 40 39 33 30 24 23 26 28 25 29 25 18 16 24 30 33 39 40 32 35 37 36 29 19 15 18 16 24 30 33 
44 45 37 35 32 28 25 18 15 19 29 36 37 35 32 28 26 23 24 16 18 25 29 19 15 18 16 24 23 26 28 32 35 37 36 29 25 28 32 40 39 33 
44 48 46 54 62 61 59 56 40 32 35 37 36 37 35 32 40 39 33 30 24 16 18 15 19 29 25 28 26 23 24 30 33 39 40 32 35 37 36 29 25 18 16 24 30 33 
44 48 46 54 62 61 41 40 32 35 37 36 37 35 32 28 25 18 15 19 29 25 28 32 35 37 36 29 25 28 32 40 39 33 
---------------
Request id 30
41 61 59 56 51 42 49 55 58 63 66 62 61 59 56 40 39 38 34 43 47 52 53 50 49 42 51 56 59 61 41 40 39 33 
41 40 56 51 42 49 55 58 56 40 39 40 56 51 42 49 55 58 56 40 39 33 
41 61 62 66 63 58 55 58 56 51 42 38 39 38 34 43 47 52 53 50 49 42 51 56 58 63 66 62 61 41 40 39 33 
41 61 59 56 51 42 49 55 49 42 38 39 38 42 49 55 58 56 51 56 40 39 38 34 31 27 24 30 33 
41 46 54 62 66 63 58 55 58 56 59 61 41 40 39 38 42 51 42 49 55 58 56 40 39 33 
41 46 54 62 61 59 56 58 55 49 50 53 52 47 43 34 38 39 33 30 24 27 31 34 38 42 51 42 49 55 58 56 40 39 33 
41 40 56 59 61 62 66 63 58 55 49 50 53 52 47 43 34 38 39 38 42 51 56 40 39 33 
41 40 39 38 42 51 56 58 55 49 42 51 56 40 39 38 42 51 56 40 32 28 25 18 16 24 30 33 
41 61 59 56 58 55 58 56 40 39 40 41 46 54 62 61 59 56 51 42 38 34 31 27 24 30 33 
41 40 56 58 55 49 42 51 56 59 61 41 40 39 40 56 58 55 49 42 51 56 59 61 41 40 39 33 
41 40 56 58 55 49 42 51 56 40 39 38 34 43 47 52 53 50 49 42 51 56 40 32 28 25 18 16 24 30 33 
41 61 59 56 58 55 58 63 66 62 61 41 40 39 40 56 58 55 49 42 51 56 58 55 49 42 38 39 33 
41 46 54 62 61 59 56 58 55 49 50 53 52 47 43 34 38 39 40 41 61 59 56 51 42 49 55 58 56 40 39 33 
41 40 56 51 42 49 55 49 42 38 39 40 56 58 55 49 42 51 42 49 55 58 56 40 39 33 
41 40 56 51 42 49 55 49 42 51 56 40 39 40 56 58 55 49 42 51 56 40 39 33 
41 61 59 56 51 42 49 55 58 56 59 61 41 40 39 33 30 24 27 31 34 38 42 51 42 38 39 33 
41 40 39 38 42 51 56 58 55 49 42 51 56 40 39 40 41 61 59 56 51 56 40 32 28 25 18 16 24 30 33 
41 61 62 66 63 58 55 58 56 59 61 41 40 39 38 42 49 55 58 56 51 56 58 63 66 62 61 41 40 39 33 
41 40 39 38 42 49 55 49 42 38 39 40 41 61 59 56 58 55 49 42 51 42 49 55 58 56 40 39 33 
41 40 56 58 55 49 42 38 39 38 34 43 47 52 53 50 49 42 51 56 40 39 33 
41 61 59 56 51 42 49 55 49 42 51 56 40 39 40 41 46 54 62 61 59 56 51 56 59 61 41 40 39 33 
41 46 54 62 61 59 56 58 55 49 42 51 56 40 39 33 30 24 27 31 34 38 42 51 42 38 39 33 
41 61 59 56 58 55 58 63 66 62 61 59 56 40 39 40 41 61 62 66 63 58 56 51 56 59 61 41 40 39 33 
41 40 56 51 42 49 55 58 56 40 39 40 41 46 54 62 61 59 56 51 42 38 39 33 
41 40 39 38 42 49 55 49 42 51 56 59 61 41 40 39 40 41 61 62 66 63 58 56 51 56 40 32 28 26 23 24 30 33 
41 40 56 58 55 49 42 38 39 40 56 51 56 40 39 33 
41 61 62 66 63 58 55 58 56 40 39 40 41 61 59 56 58 55 49 42 51 42 38 34 31 27 24 30 33 
41 40 56 59 61 62 66 63 58 55 49 42 51 56 40 39 38 42 49 55 58 56 51 42 49 55 58 56 40 39 33 
41 61 59 56 58 55 49 42 51 56 40 39 40 41 61 59 56 51 56 40 32 28 25 18 16 24 30 33 
41 61 59 56 51 42 49 55 58 63 66 62 54 46 41 40 39 40 56 58 55 49 42 51 56 59 61 41 40 39 33 
41 61 62 66 63 58 55 58 63 66 62 61 59 56 40 39 33 30 24 27 31 34 38 42 51 42 49 55 58 56 40 39 33 
41 46 54 62 66 63 58 55 58 63 66 62 61 59 56 40 39 40 41 61 59 56 51 56 58 63 66 62 61 41 40 39 33 
41 40 56 51 42 49 55 58 56 40 39 40 56 51 42 38 34 31 27 24 30 33 
41 61 59 56 58 55 49 42 38 39 40 41 61 59 56 58 55 49 42 51 56 40 39 38 34 31 27 24 30 33 
41 40 39 38 42 51 56 58 55 49 42 51 56 59 61 41 40 39 40 56 58 55 49 42 51 56 59 61 41 40 39 33 
41 40 39 38 42 51 56 58 55 58 63 66 62 61 41 40 39 38 42 51 56 58 63 66 62 61 41 40 39 33 
41 40 56 59 61 62 66 63 58 55 58 63 66 62 54 46 41 40 39 40 56 51 56 40 32 28 26 23 24 30 33 
41 46 54 62 61 59 56 58 55 49 42 51 56 40 39 40 41 46 54 62 61 59 56 51 56 58 55 49 42 38 39 33 
41 40 39 38 42 49 55 49 42 38 39 40 56 58 55 49 42 51 56 40 39 33 
41 46 54 62 66 63 58 55 49 50 53 52 47 43 34 38 39 40 41 61 62 66 63 58 56 51 56 58 63 66 62 61 41 40 39 33 
---------------
Request id 13
46 54 62 61 41 40 39 38 42 51 56 40 32 28 25 29 19 15 18 16 24 20 17 21 17 20 24 30 33 39 40 56 58 63 66 67 69 
46 41 61 59 56 40 39 33 30 24 16 11 13 18 25 29 25 18 16 24 20 17 21 22 27 31 34 38 42 49 55 58 63 66 67 69 
46 54 62 61 59 56 40 39 40 41 46 48 44 45 37 36 29 19 15 18 16 24 20 17 21 17 16 24 30 33 39 40 41 46 54 65 68 69 
46 41 61 59 56 40 39 40 32 28 25 29 19 15 18 16 24 20 17 21 22 27 31 34 38 39 40 41 46 54 65 68 69 
46 48 44 45 37 35 32 40 39 33 30 24 20 17 16 18 25 29 25 18 16 17 21 22 27 24 30 33 39 40 41 46 54 65 68 69 
46 54 62 61 59 56 51 42 38 39 40 32 28 25 29 25 18 16 24 27 22 21 22 27 24 30 33 39 40 56 58 63 66 67 69 
46 48 44 45 37 35 32 40 39 33 30 24 16 11 13 18 25 29 25 18 13 11 12 14 17 21 17 20 24 30 33 39 40 41 46 54 65 68 69 
46 54 62 61 41 40 39 33 30 24 16 18 25 29 25 18 16 24 20 17 21 17 16 18 25 28 32 40 56 58 63 66 67 69 
46 54 62 61 59 56 51 42 38 39 33 30 24 16 18 15 19 29 25 18 13 11 12 14 17 21 22 27 31 34 38 42 51 56 58 63 66 67 69 
46 54 62 61 59 56 40 39 33 30 24 20 17 16 18 25 29 25 28 26 23 24 20 17 21 22 27 31 34 38 39 40 41 46 54 65 68 69 
46 41 61 59 56 51 42 38 39 33 30 24 16 18 25 29 19 15 18 16 24 20 17 21 17 20 24 30 33 39 40 56 58 63 66 67 69 
46 41 61 62 66 63 58 56 40 39 33 30 24 16 18 15 19 29 19 15 18 16 24 20 17 21 17 16 18 25 28 32 40 56 58 63 66 67 69 
46 41 61 62 66 63 58 56 40 39 33 30 24 23 26 28 25 29 25 18 16 11 12 14 17 21 17 20 24 30 33 39 40 56 58 63 66 67 69 
46 41 61 62 66 63 58 56 40 39 38 42 51 56 40 32 28 25 29 25 18 13 11 16 17 21 17 20 24 30 33 39 40 41 46 54 65 68 69 
46 54 62 61 41 40 39 40 32 28 25 18 15 19 29 25 18 16 11 12 14 17 21 22 27 24 30 33 39 40 56 58 63 66 67 69 
46 41 40 39 40 32 28 25 18 15 19 29 25 18 16 24 20 17 21 22 27 31 34 38 42 49 55 58 63 66 67 69 
46 54 62 66 63 58 56 40 39 40 32 28 25 18 15 19 29 25 18 16 24 20 17 21 17 20 24 30 33 39 40 56 58 63 66 67 69 
46 54 62 66 63 58 56 40 39 40 32 28 25 18 15 19 29 25 18 13 11 12 14 17 21 22 27 24 30 33 39 40 41 46 54 65 68 69 
46 54 62 61 59 56 40 39 33 30 24 16 18 15 19 29 25 18 16 24 20 17 21 17 20 24 30 33 39 40 56 58 63 66 67 69 
46 54 62 61 41 40 39 40 32 28 25 29 25 18 13 11 16 17 21 22 27 31 34 38 42 51 56 58 63 66 67 69 
46 54 62 61 59 56 51 42 38 39 40 32 28 25 18 15 19 29 19 15 18 16 24 20 17 21 22 27 31 34 38 42 51 56 58 63 66 67 69 
46 54 62 61 59 56 40 39 38 42 51 56 40 32 28 25 29 25 28 26 23 24 20 17 21 22 27 31 34 38 42 51 56 58 63 66 67 69 
46 48 44 45 37 35 32 40 39 33 30 24 23 26 28 25 29 25 18 16 24 20 17 21 17 20 24 30 33 39 40 41 46 54 65 68 69 
46 54 62 61 59 56 51 42 38 39 40 32 28 25 18 15 19 29 19 15 18 16 24 20 17 21 22 27 24 30 33 39 40 41 46 54 65 68 69 
46 41 61 59 56 51 42 38 39 33 30 24 16 11 13 18 25 29 25 18 13 11 12 14 17 21 17 16 18 25 28 32 40 56 58 63 66 67 69 
46 48 44 45 37 35 32 40 39 38 42 51 56 40 32 28 25 29 25 18 16 24 20 17 21 22 27 31 34 38 42 51 56 58 63 66 67 69 
46 41 61 59 56 40 39 38 42 51 56 40 32 28 25 29 25 18 16 24 20 17 21 17 20 24 30 33 39 40 56 58 63 66 67 69 
46 54 62 61 59 56 40 39 33 30 24 16 18 25 29 25 18 13 11 12 14 17 21 22 27 24 30 33 39 40 56 58 63 66 67 69 
46 54 62 66 63 58 56 40 39 40 32 28 25 18 15 19 29 25 18 16 17 21 17 16 24 30 33 39 40 41 46 54 65 68 69 
46 41 61 62 66 63 58 56 40 39 40 32 28 25 29 19 15 18 16 17 21 22 27 31 34 38 42 49 55 58 63 66 67 69 
46 41 61 62 66 63 58 56 40 39 33 30 24 16 18 15 19 29 25 18 16 24 20 17 21 17 16 24 30 33 39 40 41 46 54 65 68 69 
46 54 62 61 59 56 40 39 33 30 24 16 18 25 29 19 15 18 16 17 21 22 27 31 34 38 42 51 56 58 63 66 67 69 
46 41 40 39 33 30 24 16 11 13 18 25 29 25 18 16 24 27 22 21 22 27 31 34 38 42 49 55 58 63 66 67 69 
46 54 62 61 41 40 39 33 30 24 16 11 13 18 25 29 25 18 13 11 12 14 17 21 17 16 18 25 28 32 40 41 61 62 66 67 69 
46 41 61 59 56 40 39 40 41 46 48 44 45 37 36 29 19 15 18 13 11 16 17 21 22 27 24 30 33 39 40 56 58 63 66 67 69 
46 54 62 61 59 56 40 39 33 30 24 23 26 28 25 29 19 15 18 16 17 21 17 16 18 25 28 32 40 56 58 63 66 67 69 
46 41 61 62 66 63 58 56 40 39 33 30 24 16 18 15 19 29 25 18 16 17 21 22 27 24 30 33 39 40 56 58 63 66 67 69 
46 54 62 61 59 56 40 39 33 30 24 23 26 28 25 29 25 18 13 11 12 14 17 21 17 20 24 30 33 39 40 41 46 54 65 68 69 
46 54 62 61 59 56 40 39 40 32 35 37 36 29 25 18 16 24 20 17 21 17 16 18 25 28 32 40 41 61 62 66 67 69 
46 41 40 56 51 42 38 39 40 32 28 25 18 15 19 29 25 18 16 24 20 17 21 22 27 31 34 38 42 49 55 58 63 66 67 69 
---------------
Request id 19
27 22 21 17 14 12 11 6 3 13 18 16 17 21 22 27 24 23 26 28 32 40 56 
27 24 20 17 14 17 16 24 27 22 21 22 27 31 34 38 42 51 56 
27 22 21 17 20 24 16 11 12 14 17 21 17 20 24 30 33 39 40 56 
27 22 21 17 14 17 21 17 16 18 25 28 32 40 56 
27 24 20 17 16 11 12 14 12 11 16 17 21 22 27 31 34 38 42 51 56 
27 24 20 17 16 11 12 14 17 20 24 27 22 21 22 27 24 30 33 39 40 56 
27 22 21 17 14 12 10 8 6 11 16 17 21 22 27 24 30 33 39 40 56 
27 24 20 17 14 12 11 13 18 16 17 21 22 27 24 23 26 28 32 40 56 
27 24 16 11 12 14 17 20 24 27 22 21 22 27 31 34 38 42 49 55 58 56 
27 24 20 17 16 11 12 14 12 11 16 24 20 17 21 22 27 31 34 38 42 51 56 
27 24 16 17 14 17 16 24 27 22 21 22 27 24 23 26 28 32 40 56 
27 22 21 17 14 12 11 16 17 21 17 20 24 30 33 39 40 56 
27 24 16 11 12 14 12 11 16 17 21 17 20 24 30 33 39 40 56 
27 24 23 26 28 25 18 16 17 14 12 11 13 18 16 17 21 22 27 31 34 38 42 51 56 
27 22 21 17 16 11 12 14 12 11 16 24 27 22 21 22 27 24 30 33 39 40 56 
27 24 16 11 6 8 10 12 14 17 16 24 27 22 21 17 16 24 23 26 28 32 40 56 
27 22 21 17 16 11 12 14 17 20 24 27 22 21 17 16 18 25 28 32 40 56 
27 22 21 17 16 11 12 14 12 11 6 3 13 18 16 17 21 17 16 24 23 26 28 32 40 56 
27 22 21 17 14 12 11 16 24 27 22 21 17 20 24 23 26 28 32 40 56 
27 22 21 17 16 11 12 14 17 20 24 27 22 21 22 27 24 23 26 28 32 40 56 
27 24 20 17 14 12 11 16 17 20 24 27 22 21 17 16 24 23 26 28 32 40 56 
27 24 20 17 14 12 11 16 17 20 24 27 22 21 22 27 24 23 26 28 32 40 56 
27 24 16 18 13 11 12 14 17 21 17 16 18 25 28 32 40 56 
27 24 16 18 13 11 12 14 12 11 16 24 20 17 21 17 16 18 25 28 32 40 56 
27 22 21 17 14 12 11 13 18 16 17 21 17 20 24 30 33 39 40 56 
27 24 16 18 13 11 12 14 12 11 16 24 20 17 21 22 27 31 34 38 39 40 56 
27 24 16 11 12 14 12 11 6 3 13 18 16 17 21 22 27 31 34 38 42 49 55 58 56 
27 24 16 17 14 12 11 6 3 13 18 16 17 21 17 16 18 25 28 32 40 56 
27 24 20 17 16 11 12 14 12 11 16 17 21 17 20 24 30 33 39 40 56 
27 24 20 17 16 11 12 14 17 20 24 27 22 21 22 27 31 34 38 42 49 55 58 56 
27 24 16 11 6 8 10 12 14 12 11 13 18 16 17 21 22 27 31 34 38 42 51 56 
27 22 21 17 14 12 11 16 17 21 22 27 31 34 38 42 49 55 58 56 
27 24 20 17 16 11 12 14 12 11 16 24 20 17 21 17 16 24 23 26 28 32 40 56 
27 24 20 17 14 12 11 13 18 16 17 21 22 27 31 34 38 42 49 55 58 56 
27 24 20 17 14 17 20 24 27 22 21 17 20 24 30 33 39 40 56 
27 22 21 17 14 12 11 13 18 16 17 21 17 16 24 23 26 28 32 40 56 
27 24 20 17 14 12 11 16 24 20 17 21 17 16 24 23 26 28 32 40 56 
27 24 16 11 12 14 12 11 13 18 16 17 21 17 20 24 30 33 39 40 56 
27 24 16 17 14 12 11 13 18 16 17 21 17 20 24 30 33 39 40 56 
27 24 16 18 13 11 12 14 17 21 22 27 31 34 38 42 51 56 
---------------
Request id 27
48 46 54 62 61 41 40 32 35 37 36 29 25 28 26 23 24 16 18 16 24 27 31 34 38 39 33 
48 46 41 40 56 59 61 62 54 46 48 44 45 37 36 29 25 28 26 23 24 16 18 13 3 6 11 16 24 30 33 
48 46 41 40 56 59 61 62 61 59 56 40 32 35 37 36 29 19 15 9 2 0 13 11 16 18 16 17 21 22 27 24 30 33 
48 46 54 65 68 69 67 66 62 54 46 48 44 45 37 36 29 36 37 35 32 28 25 18 16 17 21 22 27 24 30 33 
48 46 54 65 68 67 66 62 54 46 41 40 32 28 25 29 19 15 9 2 0 5 3 13 18 13 3 6 11 16 24 30 33 
48 46 54 65 68 67 66 62 54 46 48 44 45 37 36 29 25 28 26 23 24 16 11 13 18 25 29 36 37 35 32 40 39 33 
48 44 45 37 35 32 40 41 61 62 54 46 41 40 32 35 37 36 29 25 28 26 23 24 16 18 13 11 16 17 20 24 30 33 
48 46 41 40 56 58 63 66 62 66 63 58 56 40 32 28 25 29 25 28 26 23 24 16 11 13 18 16 24 27 31 34 38 39 33 
48 57 60 64 65 54 62 61 41 40 32 28 25 29 25 28 26 23 24 16 11 13 18 13 11 16 17 20 24 30 33 
48 57 60 64 65 54 46 41 61 62 54 46 41 40 32 35 37 36 29 25 18 16 24 30 33 
48 57 60 64 65 68 67 66 62 54 46 48 44 45 37 36 29 19 15 9 2 0 5 3 13 18 13 11 16 24 30 33 
48 46 54 62 54 46 41 40 32 28 25 29 19 15 9 2 0 5 3 13 18 25 28 26 23 24 30 33 
48 44 45 37 35 32 40 41 61 62 66 63 58 56 40 32 28 25 29 19 15 9 2 0 13 18 13 11 16 17 20 24 30 33 
48 57 60 64 65 54 46 41 61 62 66 63 58 56 40 32 35 37 36 29 25 28 26 23 24 16 18 13 11 16 24 30 33 
48 46 54 65 68 69 67 66 62 61 59 56 40 32 28 25 29 19 15 18 16 24 30 33 
48 46 41 61 62 54 46 48 44 45 37 36 29 25 28 26 23 24 16 18 16 24 30 33 
48 46 41 40 56 58 63 66 62 61 59 56 40 32 28 25 29 19 15 9 2 0 13 18 25 28 26 23 24 30 33 
48 46 54 65 68 69 67 66 62 66 63 58 56 40 32 28 25 29 25 28 26 23 24 16 11 13 18 25 29 36 37 35 32 40 39 33 
48 46 54 62 66 63 58 56 40 32 28 25 29 19 15 18 13 11 16 17 20 24 30 33 
48 46 54 62 61 59 56 40 32 35 37 36 29 25 28 26 23 24 16 18 25 29 36 37 35 32 40 39 33 
48 57 60 64 65 54 62 61 41 40 32 28 25 29 19 15 9 2 0 13 11 16 18 13 11 16 24 30 33 
48 44 45 37 35 32 40 41 61 62 61 59 56 40 32 28 25 29 25 18 16 24 27 31 34 38 39 33 
48 57 60 64 65 68 67 66 62 66 63 58 56 40 32 28 25 29 25 28 26 23 24 20 17 16 18 25 28 32 40 39 33 
48 46 41 61 62 66 63 58 56 40 32 28 25 29 25 28 26 23 24 16 11 13 18 25 29 36 37 35 32 40 39 33 
48 57 60 64 65 54 46 41 61 62 61 59 56 40 32 35 37 36 29 19 15 9 2 0 13 11 16 18 16 17 21 22 27 24 30 33 
48 46 54 65 68 67 66 62 61 41 40 32 35 37 36 29 25 28 26 23 24 16 11 13 18 16 17 21 22 27 24 30 33 
48 46 41 40 56 59 61 62 54 46 48 44 45 37 36 29 19 15 9 2 0 5 3 13 18 13 11 16 24 30 33 
48 57 60 64 65 54 62 54 46 41 40 32 35 37 36 29 36 37 35 32 28 26 23 24 16 18 25 29 36 37 35 32 40 39 33 
48 46 54 62 54 46 41 40 32 35 37 36 29 19 15 9 2 0 5 3 13 18 13 11 16 17 20 24 30 33 
48 46 54 62 61 41 40 32 35 37 36 29 19 15 9 2 0 5 3 13 18 16 24 30 33 
48 46 41 40 56 59 61 62 61 41 46 48 44 45 37 36 29 36 37 35 32 28 26 23 24 16 18 16 24 27 31 34 38 39 33 
48 46 54 65 68 69 67 66 62 66 63 58 56 40 32 35 37 36 29 25 28 26 23 24 16 18 13 11 16 24 30 33 
48 57 60 64 65 68 67 66 62 61 59 56 40 32 28 25 29 25 28 26 23 24 16 18 13 3 6 11 16 24 30 33 
48 46 41 61 62 61 59 56 40 32 28 25 29 25 28 26 23 24 16 18 16 24 30 33 
48 57 60 64 65 68 67 66 62 61 59 56 40 32 28 25 29 19 15 18 16 17 20 24 30 33 
48 44 45 37 35 32 40 41 61 62 61 41 40 32 28 25 29 25 28 26 23 24 16 18 16 17 20 24 30 33 
48 46 54 62 61 41 40 32 28 25 29 25 18 16 24 27 31 34 38 39 33 
48 57 60 64 65 54 46 41 61 62 66 63 58 56 40 32 28 25 29 36 37 35 32 28 26 23 24 16 18 16 17 20 24 30 33 
48 46 41 40 56 58 63 66 62 61 41 40 32 28 25 29 19 15 9 2 0 5 3 13 18 13 11 16 24 30 33 
48 46 41 40 56 58 63 66 62 61 59 56 40 32 35 37 36 29 19 15 9 2 0 5 3 13 18 25 28 26 23 24 30 33 
---------------
Request id 8
72 71 69 68 65 54 46 41 40 32 28 25 29 19 15 9 2 0 13 18 25 28 32 35 37 36 37 45 44 48 46 41 40 32 28 25 29 19 15 18 16 24 27 31 34 43 
72 71 69 68 67 66 63 58 56 40 32 28 25 29 25 28 26 23 24 30 33 39 40 32 35 37 36 37 35 32 28 26 23 24 16 18 15 19 29 25 18 16 24 27 31 34 43 
72 71 69 68 65 54 46 41 40 32 35 37 36 29 25 18 13 11 16 24 23 26 28 32 35 37 36 37 35 32 28 25 29 25 18 13 11 16 24 27 31 34 43 
72 71 69 67 66 63 58 56 40 32 28 25 29 25 28 32 35 37 36 37 35 32 40 39 33 30 24 23 26 28 25 29 25 28 26 23 24 27 31 34 43 
72 71 69 68 65 54 46 41 40 32 28 25 29 25 28 32 40 41 46 48 44 45 37 36 37 35 32 28 25 29 25 28 32 40 39 38 34 43 
72 71 69 68 65 54 46 48 44 45 37 36 29 25 18 13 11 16 24 23 26 28 32 35 37 36 37 35 32 28 25 29 25 28 32 40 39 38 34 43 
72 71 69 68 65 54 46 48 44 45 37 36 29 19 15 18 16 24 23 26 28 32 35 37 36 37 35 32 28 26 23 24 16 18 25 29 25 28 26 23 24 27 31 34 43 
72 71 69 67 66 62 61 59 56 40 32 28 25 29 25 18 16 24 23 26 28 32 35 37 36 37 35 32 40 39 33 30 24 23 26 28 25 29 36 37 35 32 40 39 38 34 43 
72 71 69 68 65 54 46 48 44 45 37 36 29 36 37 45 44 48 46 41 40 32 28 25 29 25 28 32 40 39 38 34 43 
72 71 69 67 66 62 54 46 48 44 45 37 36 29 25 28 26 23 24 30 33 39 40 32 35 37 36 37 45 44 48 46 41 40 32 28 25 29 25 18 16 24 27 31 34 43 
72 73 74 70 64 60 57 48 44 45 37 36 29 36 37 35 32 28 26 23 24 16 18 25 29 25 28 32 40 56 51 42 38 34 43 
72 71 69 67 66 63 58 56 40 32 28 25 29 25 28 32 35 37 36 37 35 32 28 26 23 24 16 18 15 19 29 25 28 26 23 24 27 31 34 43 
72 71 69 67 66 62 61 41 40 32 28 25 29 25 18 13 11 16 24 23 26 28 32 35 37 36 37 45 44 48 46 41 40 32 28 25 29 25 18 13 11 16 24 27 31 34 43 
72 71 69 67 66 62 61 41 40 32 28 25 29 36 37 35 32 40 39 33 30 24 16 18 25 29 25 18 16 17 20 24 27 31 34 43 
72 71 69 67 66 62 61 41 40 32 28 25 29 25 28 32 40 41 46 48 44 45 37 36 29 25 28 32 40 39 38 34 43 
72 71 69 67 66 62 61 59 56 40 32 28 25 29 19 15 18 25 28 32 35 37 36 37 35 32 40 39 33 30 24 16 18 15 19 29 36 37 35 32 40 39 38 34 43 
72 71 69 67 66 62 61 41 40 32 35 37 36 29 25 28 32 40 41 46 48 44 45 37 36 37 35 32 28 25 18 13 0 2 9 15 19 29 25 18 13 11 16 24 27 31 34 43 
72 71 69 68 67 66 63 58 56 40 32 28 25 29 25 18 16 24 23 26 28 32 35 37 36 37 35 32 28 26 23 24 16 18 15 19 29 25 28 26 23 24 27 31 34 43 
72 71 69 68 67 66 63 58 56 40 32 28 25 29 19 15 18 25 28 32 35 37 36 37 35 32 28 26 23 24 16 18 15 19 29 25 28 26 23 24 27 31 34 43 
72 71 69 68 65 54 46 41 40 32 35 37 36 29 19 15 18 25 28 32 35 37 36 37 35 32 28 26 23 24 16 18 25 29 19 15 18 16 24 27 31 34 43 
72 71 69 68 65 54 46 48 44 45 37 36 29 25 28 32 35 37 36 29 25 28 32 40 56 51 42 38 34 43 
72 71 69 67 66 62 61 41 40 32 28 25 29 19 15 18 25 28 32 35 37 36 37 35 32 28 25 18 13 0 2 9 15 19 29 19 15 18 16 24 27 31 34 43 
72 71 69 68 67 66 63 58 56 40 32 28 25 29 19 15 9 2 0 13 18 25 28 32 35 37 36 37 35 32 40 39 33 30 24 16 18 25 29 36 37 35 32 40 39 38 34 43 
72 71 69 68 65 54 46 48 44 45 37 36 29 25 18 13 11 16 24 23 26 28 32 35 37 36 29 25 28 32 40 56 51 42 38 34 43 
72 71 69 68 65 54 46 48 44 45 37 36 29 19 15 9 2 0 13 18 25 28 32 35 37 36 37 35 32 40 39 33 30 24 16 18 15 19 29 25 18 16 17 21 22 27 31 34 43 
72 71 69 67 66 63 58 56 40 32 28 25 29 25 28 32 40 41 46 48 44 45 37 36 37 35 32 28 25 18 15 19 29 25 18 16 24 27 31 34 43 
72 71 69 68 65 54 46 41 40 32 28 25 29 19 15 18 25 28 32 35 37 36 29 19 15 18 16 24 27 31 34 43 
72 71 69 67 66 62 61 41 40 32 28 25 29 19 15 9 2 0 13 18 25 28 32 35 37 36 37 35 32 28 25 18 15 19 29 25 18 16 24 27 31 34 43 
72 71 69 67 66 62 61 41 40 32 28 25 29 25 28 32 35 37 36 29 25 28 26 23 24 27 31 34 43 
72 71 69 68 65 54 46 41 40 32 35 37 36 29 36 37 35 32 28 25 29 25 18 13 11 16 24 27 31 34 43 
72 71 69 67 66 62 61 41 40 32 28 25 29 25 18 16 24 30 33 39 40 32 35 37 36 37 35 32 28 25 29 25 28 32 40 56 51 42 38 34 43 
72 71 69 68 65 54 46 48 44 45 37 36 29 36 37 35 32 28 25 29 36 37 35 32 40 39 38 34 43 
72 71 69 68 65 54 46 41 40 32 28 25 29 19 15 18 16 24 23 26 28 32 35 37 36 37 35 32 40 39 33 30 24 23 26 28 25 29 25 18 16 17 21 22 27 31 34 43 
72 71 69 68 65 54 46 41 40 32 28 25 29 25 18 13 11 16 24 23 26 28 32 35 37 36 37 35 32 28 25 18 13 0 2 9 15 19 29 25 18 13 11 16 24 27 31 34 43 
72 71 69 68 67 66 63 58 56 40 32 28 25 29 19 15 9 2 0 13 18 25 28 32 35 37 36 37 35 32 40 39 33 30 24 16 18 15 19 29 25 18 16 24 27 31 34 43 
72 71 69 68 65 54 46 41 40 32 28 25 29 19 15 18 16 24 23 26 28 32 35 37 36 29 25 28 26 23 24 27 31 34 43 
72 71 69 68 65 54 46 41 40 32 28 25 29 36 37 35 32 40 39 33 30 24 23 26 28 25 29 25 28 32 40 39 38 34 43 
72 71 69 67 66 63 58 56 40 32 28 25 29 25 28 26 23 24 30 33 39 40 32 35 37 36 37 35 32 28 26 23 24 16 18 15 19 29 25 18 16 17 20 24 27 31 34 43 
72 71 69 67 66 62 61 59 56 40 32 28 25 29 25 28 32 40 41 46 48 44 45 37 36 37 35 32 28 25 29 25 28 26 23 24 27 31 34 43 
72 71 69 67 66 63 58 56 40 32 28 25 29 19 15 18 25 28 32 35 37 36 37 35 32 28 25 18 15 19 29 25 28 26 23 24 27 31 34 43 
---------------
Request id 15
33 30 24 16 11 13 18 25 28 32 40 39 38 34 31 27 24 16 17 16 18 25 28 32 35 
33 30 24 16 18 25 28 32 40 39 38 34 31 27 22 21 17 21 22 27 24 23 26 28 32 35 
33 39 38 34 31 27 24 16 17 21 22 27 24 23 26 28 32 35 
33 30 24 27 31 34 38 42 51 56 40 39 38 34 31 27 24 20 17 20 24 16 18 25 28 32 35 
33 30 24 27 31 34 38 42 51 56 40 39 33 30 24 20 17 20 24 30 33 39 40 32 35 
33 39 33 30 24 27 22 21 17 16 18 25 29 36 37 35 
33 30 24 23 26 28 32 40 39 38 34 31 27 22 21 17 20 24 30 33 39 40 32 35 
33 30 24 16 11 13 18 25 28 32 40 39 40 32 28 26 23 24 16 17 16 24 30 33 39 40 32 35 
33 30 24 27 31 34 38 42 51 56 40 39 33 30 24 16 17 20 24 30 33 39 40 32 35 
33 30 24 27 31 34 38 42 51 56 40 39 33 30 24 16 17 16 18 25 28 32 35 
33 30 24 20 17 16 18 25 28 32 40 39 40 32 28 26 23 24 20 17 20 24 23 26 28 32 35 
33 30 24 23 26 28 32 40 39 38 34 31 27 24 16 17 16 18 15 19 29 36 37 35 
33 30 24 23 26 28 32 40 39 33 30 24 27 22 21 17 16 24 23 26 28 32 35 
33 30 24 16 17 21 22 27 31 34 38 39 33 30 24 16 11 12 14 17 20 24 23 26 28 32 35 
33 30 24 23 26 28 32 40 39 33 30 24 20 17 21 22 27 24 23 26 28 32 35 
33 30 24 16 11 13 18 25 28 32 40 39 38 34 31 27 24 20 17 16 11 13 18 25 28 32 35 
33 30 24 27 31 34 38 39 33 30 24 16 11 12 14 17 20 24 23 26 28 32 35 
33 30 24 16 18 15 19 29 25 28 32 40 39 33 30 24 20 17 20 24 30 33 39 40 32 35 
33 30 24 27 31 34 38 39 38 34 31 27 24 20 17 16 18 25 28 32 35 
33 30 24 27 31 34 38 39 33 30 24 20 17 20 24 23 26 28 32 35 
33 30 24 27 31 34 38 42 51 56 40 39 40 32 28 26 23 24 20 17 16 18 25 29 36 37 35 
33 30 24 20 17 21 22 27 31 34 38 39 33 30 24 16 11 12 14 17 16 18 15 19 29 36 37 35 
33 30 24 16 17 21 22 27 31 34 38 39 40 32 28 26 23 24 20 17 16 18 15 19 29 36 37 35 
33 30 24 16 11 13 18 25 28 32 40 39 40 32 28 26 23 24 20 17 20 24 16 18 25 28 32 35 
33 30 24 27 31 34 38 42 51 56 40 39 40 32 28 25 18 16 17 16 18 25 28 32 35 
33 30 24 16 11 13 18 25 28 32 40 39 40 32 28 26 23 24 20 17 16 24 30 33 39 40 32 35 
33 30 24 20 17 16 18 25 28 32 40 39 40 32 28 26 23 24 20 17 21 22 27 24 23 26 28 32 35 
33 30 24 27 31 34 38 39 38 34 31 27 24 16 17 20 24 23 26 28 32 35 
33 30 24 16 17 21 22 27 31 34 38 39 38 34 31 27 24 16 17 20 24 23 26 28 32 35 
33 30 24 27 31 34 38 42 51 56 40 39 38 34 31 27 24 20 17 16 18 25 29 36 37 35 
33 30 24 16 11 13 18 25 28 32 40 39 40 32 28 26 23 24 20 17 16 18 15 19 29 36 37 35 
33 30 24 16 18 25 28 32 40 39 40 32 28 26 23 24 16 17 20 24 23 26 28 32 35 
33 30 24 20 17 21 22 27 31 34 38 39 33 30 24 27 22 21 17 20 24 30 33 39 40 32 35 
33 30 24 20 17 16 18 25 28 32 40 39 38 34 31 27 24 16 17 16 18 25 28 32 35 
33 30 24 27 31 34 38 42 51 56 40 39 40 32 28 26 23 24 16 17 21 22 27 24 23 26 28 32 35 
33 30 24 16 18 15 19 29 25 28 32 40 39 40 32 28 26 23 24 20 17 16 24 30 33 39 40 32 35 
33 39 33 30 24 16 11 12 14 17 20 24 30 33 39 40 32 35 
33 30 24 16 18 25 28 32 40 39 33 30 24 27 22 21 17 16 18 25 29 36 37 35 
33 30 24 16 18 25 28 32 40 39 40 32 28 26 23 24 20 17 16 11 13 18 25 28 32 35 
33 30 24 23 26 28 32 40 39 40 32 28 26 23 24 16 17 20 24 23 26 28 32 35 
---------------
Request id 24
63 66 62 54 46 41 40 32 28 25 29 25 28 26 23 24 20 17 21 22 27 31 34 38 42 51 56 58 63 66 67 
63 58 56 59 61 41 40 32 28 25 29 25 18 13 11 16 17 21 22 27 24 30 33 39 40 41 61 62 66 67 
63 58 56 59 61 41 40 32 28 25 29 25 18 16 24 20 17 21 17 20 24 30 33 39 40 41 61 62 66 67 
63 66 62 54 46 41 40 32 28 25 29 19 15 18 16 24 20 17 21 22 27 31 34 38 39 40 41 61 62 66 67 
63 58 56 40 32 28 25 29 19 15 18 16 17 21 22 27 31 34 38 39 40 41 61 62 66 67 
63 66 62 61 41 40 32 35 37 36 29 25 18 16 24 27 22 21 22 27 24 30 33 39 40 41 61 62 66 67 
63 66 62 61 41 40 32 35 37 36 29 19 15 18 13 11 16 17 21 17 16 18 25 28 32 40 56 58 63 66 67 
63 58 56 59 61 41 40 32 28 25 29 25 18 13 11 16 17 21 17 20 24 30 33 39 40 56 58 63 66 67 
63 66 62 54 46 48 44 45 37 36 29 25 18 13 11 16 17 21 17 16 18 25 28 32 40 41 61 62 66 67 
63 66 62 54 46 41 40 32 28 25 29 25 28 26 23 24 20 17 21 22 27 31 34 38 42 49 55 58 63 66 67 
63 58 56 40 32 28 25 29 19 15 18 13 11 16 17 21 22 27 31 34 38 42 51 56 58 63 66 67 
63 66 62 61 41 40 32 35 37 36 29 25 18 16 17 21 22 27 31 34 38 42 49 55 58 63 66 67 
63 58 56 40 32 28 25 29 19 15 18 16 24 20 17 21 22 27 31 34 38 39 40 41 61 62 66 67 
63 66 62 61 41 40 32 28 25 29 25 18 16 24 20 17 21 22 27 31 34 38 42 49 55 58 63 66 67 
63 58 56 59 61 41 40 32 35 37 36 29 25 18 16 11 12 14 17 21 17 20 24 30 33 39 40 41 61 62 66 67 
63 66 62 61 41 40 32 35 37 36 29 25 18 13 11 12 14 17 21 17 20 24 30 33 39 40 41 61 62 66 67 
63 66 62 54 46 41 40 32 28 25 29 25 18 16 24 27 22 21 22 27 31 34 38 42 49 55 58 63 66 67 
63 66 62 61 41 40 32 28 25 29 19 15 18 16 17 21 22 27 31 34 38 42 49 55 58 63 66 67 
63 66 62 61 41 40 32 28 25 29 25 18 13 11 12 14 17 21 22 27 31 34 38 39 40 41 61 62 66 67 
63 66 62 54 46 48 44 45 37 36 29 25 18 16 24 20 17 21 17 16 18 25 28 32 40 56 58 63 66 67 
63 66 62 61 41 40 32 35 37 36 29 25 18 13 11 12 14 17 21 17 16 24 30 33 39 40 41 61 62 66 67 
63 66 62 54 46 41 40 32 28 25 29 19 15 18 13 11 16 17 21 17 16 18 25 28 32 40 41 61 62 66 67 
63 58 56 59 61 41 40 32 35 37 36 29 19 15 18 16 24 20 17 21 17 16 18 25 28 32 40 56 58 63 66 67 
63 58 56 59 61 41 40 32 28 25 29 19 15 18 16 17 21 17 16 24 30 33 39 40 56 58 63 66 67 
63 58 56 40 32 28 25 29 25 18 16 24 20 17 21 22 27 31 34 38 39 40 41 61 62 66 67 
63 58 56 40 32 28 25 29 25 18 13 11 16 17 21 22 27 31 34 38 42 51 56 58 63 66 67 
63 66 62 61 41 40 32 28 25 29 25 18 16 11 12 14 17 21 22 27 31 34 38 42 51 56 58 63 66 67 
63 58 56 40 32 35 37 36 29 19 15 18 13 11 16 17 21 17 16 18 25 28 32 40 56 58 63 66 67 
63 66 62 54 46 48 44 45 37 36 29 25 28 26 23 24 20 17 21 22 27 31 34 38 39 40 41 61 62 66 67 
63 66 62 54 46 41 40 32 28 25 29 25 18 16 11 12 14 17 21 17 20 24 30 33 39 40 41 61 62 66 67 
63 66 62 61 41 40 32 28 25 29 19 15 18 13 11 16 17 21 22 27 31 34 38 39 40 41 61 62 66 67 
63 66 62 54 46 48 44 45 37 36 29 25 18 16 17 21 17 20 24 30 33 39 40 56 58 63 66 67 
63 58 56 40 32 28 25 18 15 19 29 25 18 13 11 16 17 21 17 16 18 25 28 32 40 41 61 62 66 67 
63 66 62 54 46 48 44 45 37 36 29 19 15 18 16 17 21 17 20 24 30 33 39 40 56 58 63 66 67 
63 66 62 61 41 40 32 28 25 29 25 18 16 24 20 17 21 17 16 24 30 33 39 40 56 58 63 66 67 
63 58 56 59 61 41 40 32 35 37 36 29 19 15 18 13 11 16 17 21 17 16 18 25 28 32 40 41 61 62 66 67 
63 66 62 61 59 56 40 32 28 25 29 25 18 16 24 20 17 21 22 27 31 34 38 39 40 41 61 62 66 67 
63 58 56 59 61 41 40 32 28 25 29 25 18 16 24 27 22 21 22 27 31 34 38 42 51 56 58 63 66 67 
63 66 62 54 46 41 40 32 28 25 29 25 18 16 24 27 22 21 17 20 24 30 33 39 40 56 58 63 66 67 
63 66 62 61 59 56 40 32 28 25 29 25 18 16 24 27 22 21 17 20 24 30 33 39 40 56 58 63 66 67 
---------------
Request id 28
10 12 11 6 8 7 4 1 3 13 18 16 18 25 28 26 23 24 20 17 21 17 20 24 23 26 28 32 40 56 58 63 
10 12 11 13 0 5 3 6 8 7 8 6 11 16 17 20 24 27 22 21 22 27 24 23 26 28 32 40 56 58 63 
10 8 6 11 13 3 1 4 7 8 6 11 13 18 16 24 27 22 21 17 16 18 25 28 32 40 56 58 63 
10 12 11 6 8 7 8 10 12 14 17 16 11 6 8 10 12 14 17 21 22 27 24 23 26 28 32 40 56 58 63 
10 12 14 17 16 11 6 8 7 8 10 12 11 16 11 12 14 17 21 22 27 24 30 33 39 40 56 58 63 
10 8 6 11 13 3 1 4 7 4 1 3 13 18 16 18 13 3 6 11 12 14 17 21 17 16 24 30 33 39 40 56 58 63 
10 12 11 6 3 1 4 7 8 10 12 11 13 18 16 11 12 14 17 21 17 16 18 25 28 32 40 56 58 63 
10 8 6 11 13 3 1 4 7 8 10 12 14 17 16 11 12 14 17 21 17 16 24 30 33 39 40 56 58 63 
10 12 11 13 0 5 3 6 8 7 8 10 12 14 17 16 18 13 11 12 14 17 21 22 27 24 23 26 28 32 40 56 58 63 
10 8 6 11 13 3 1 4 7 4 1 3 6 11 16 18 13 11 12 14 17 21 17 16 24 23 26 28 32 40 56 58 63 
10 8 7 8 6 3 13 11 16 24 27 22 21 17 16 24 23 26 28 32 40 56 58 63 
10 12 14 17 16 11 6 8 7 8 10 12 11 16 24 27 22 21 22 27 31 34 38 42 51 56 58 63 
10 12 11 6 8 7 4 1 3 13 11 16 11 6 8 10 12 14 17 21 17 16 24 23 26 28 32 40 56 58 63 
10 12 11 13 0 5 3 6 8 7 8 10 12 11 13 18 16 18 13 11 12 14 17 21 17 20 24 30 33 39 40 56 58 63 
10 12 11 13 0 5 3 6 8 7 8 6 11 13 18 16 18 13 11 12 14 17 21 22 27 31 34 38 42 49 55 58 63 
10 12 11 6 8 7 8 10 12 14 17 16 17 21 22 27 24 30 33 39 40 56 58 63 
10 12 11 6 3 1 4 7 8 6 3 13 18 16 24 27 22 21 22 27 24 30 33 39 40 56 58 63 
10 12 11 16 18 13 3 6 8 7 8 6 3 13 11 16 18 13 11 12 14 17 21 22 27 31 34 38 39 40 56 58 63 
10 12 11 13 0 5 3 6 8 7 8 10 12 11 16 24 27 22 21 22 27 31 34 38 39 40 56 58 63 
10 8 6 3 1 4 7 4 1 3 6 11 16 18 13 3 6 11 12 14 17 21 22 27 24 23 26 28 32 40 56 58 63 
10 8 6 3 1 4 7 8 10 12 11 13 18 16 17 21 22 27 24 30 33 39 40 56 58 63 
10 8 7 4 1 3 13 18 16 24 20 17 21 22 27 31 34 38 42 51 56 58 63 
10 12 11 13 3 1 4 7 8 6 11 13 18 16 17 21 17 16 24 30 33 39 40 56 58 63 
10 8 6 11 13 3 1 4 7 8 6 11 13 18 16 11 6 8 10 12 14 17 21 17 16 24 23 26 28 32 40 56 58 63 
10 8 6 3 1 4 7 8 6 3 13 11 16 17 21 22 27 24 30 33 39 40 56 58 63 
10 8 6 11 13 3 1 4 7 8 6 11 16 18 13 11 12 14 17 21 17 16 18 25 28 32 40 56 58 63 
10 12 14 17 16 11 6 8 7 8 6 11 13 18 16 18 13 3 6 11 12 14 17 21 17 20 24 30 33 39 40 56 58 63 
10 12 11 13 0 5 3 6 8 7 8 10 12 11 13 18 16 18 25 28 26 23 24 20 17 21 17 16 24 30 33 39 40 56 58 63 
10 8 7 8 10 12 11 13 18 16 18 25 28 26 23 24 20 17 21 17 16 24 30 33 39 40 56 58 63 
10 8 7 4 1 3 6 11 16 24 27 22 21 17 20 24 30 33 39 40 56 58 63 
10 8 6 3 1 4 7 4 1 3 13 18 16 18 25 28 26 23 24 20 17 21 17 16 24 30 33 39 40 56 58 63 
10 12 11 16 18 13 3 6 8 7 8 6 11 16 24 27 22 21 22 27 24 23 26 28 32 40 56 58 63 
10 12 11 13 3 6 8 7 4 1 3 13 18 16 11 12 14 17 20 24 27 22 21 17 20 24 30 33 39 40 56 58 63 
10 12 11 13 3 6 8 7 8 6 11 16 24 27 22 21 17 20 24 30 33 39 40 56 58 63 
10 12 11 16 18 13 3 6 8 7 8 10 12 11 13 18 16 18 13 11 12 14 17 21 17 16 24 23 26 28 32 40 56 58 63 
10 12 11 16 18 13 3 6 8 7 8 6 3 13 11 16 24 20 17 21 22 27 24 23 26 28 32 40 56 58 63 
10 8 6 11 13 3 1 4 7 4 1 3 13 11 16 11 6 8 10 12 14 17 21 17 20 24 30 33 39 40 56 58 63 
10 12 11 6 8 7 8 10 12 11 13 18 16 11 12 14 17 20 24 27 22 21 17 20 24 23 26 28 32 40 56 58 63 
10 8 6 3 1 4 7 8 10 12 11 16 17 21 17 20 24 30 33 39 40 56 58 63 
10 12 11 13 3 6 8 7 8 10 12 11 13 18 16 11 6 8 10 12 14 17 21 17 20 24 23 26 28 32 40 56 58 63 
---------------
Request id 3
12 11 16 24 27 22 21 17 16 18 15 19 29 25 28 32 35 37 45 44 48 46 41 
12 11 13 18 16 17 16 18 15 19 29 25 28 32 35 37 45 44 48 46 41 
12 11 16 24 20 17 20 24 16 18 15 19 29 19 15 18 25 28 32 40 41 
12 10 8 6 11 16 24 20 17 16 11 13 18 25 29 25 28 32 35 37 45 44 48 46 41 
12 11 16 24 27 22 21 17 16 18 15 19 29 36 37 45 44 48 46 41 
12 10 8 6 3 13 18 16 17 20 24 16 18 15 19 29 25 28 32 35 37 45 44 48 46 41 
12 11 13 18 16 24 20 17 16 18 25 29 36 37 35 32 40 56 59 61 41 
12 10 8 6 11 16 24 20 17 14 12 11 13 18 25 29 36 37 45 44 48 46 54 62 61 41 
12 10 8 6 11 16 24 20 17 14 12 11 16 18 25 29 36 37 35 32 40 41 
12 11 13 18 16 17 14 12 11 16 18 25 29 25 18 16 24 30 33 39 40 41 
12 10 8 6 11 16 24 20 17 16 11 13 18 15 19 29 25 18 16 24 30 33 39 40 41 
12 10 8 6 3 13 18 16 17 16 18 25 29 36 37 35 32 40 56 59 61 41 
12 11 13 18 16 17 16 24 23 26 28 25 29 25 28 32 35 37 45 44 48 46 41 
12 11 16 24 20 17 20 24 23 26 28 25 29 25 28 32 40 41 
12 10 8 6 11 16 24 20 17 16 11 13 18 15 19 29 36 37 35 32 40 56 59 61 41 
12 10 8 6 11 16 24 20 17 16 11 13 18 25 29 25 28 26 23 24 30 33 39 40 41 
12 14 17 14 12 11 16 18 25 29 36 37 45 44 48 46 54 62 61 41 
12 10 8 6 11 16 17 14 12 11 13 18 25 29 25 28 32 40 41 
12 14 17 14 12 11 13 18 25 29 36 37 45 44 48 46 54 62 61 41 
12 11 16 24 20 17 16 18 25 29 25 28 32 40 41 
12 10 8 6 3 13 18 16 17 16 18 15 19 29 36 37 45 44 48 46 41 
12 11 13 18 16 24 20 17 16 11 13 18 25 29 25 28 26 23 24 30 33 39 40 41 
12 11 13 18 16 24 20 17 14 12 11 13 18 25 29 19 15 18 25 28 32 40 41 
12 11 6 3 13 18 16 17 16 18 25 29 36 37 35 32 40 41 
12 10 8 6 11 16 24 20 17 20 24 23 26 28 25 29 36 37 35 32 40 41 
12 10 8 6 3 13 18 16 17 20 24 23 26 28 25 29 25 28 32 40 56 59 61 41 
12 10 8 6 11 16 24 20 17 14 12 11 16 18 25 29 19 15 18 25 28 32 40 41 
12 11 13 18 16 17 20 24 16 18 15 19 29 36 37 45 44 48 46 54 62 61 41 
12 10 8 6 11 16 24 20 17 20 24 23 26 28 25 29 25 18 16 24 30 33 39 40 41 
12 11 16 24 27 22 21 17 14 12 11 16 18 25 29 25 18 16 24 30 33 39 40 41 
12 10 8 6 11 16 17 20 24 16 18 25 29 36 37 35 32 40 41 
12 10 8 6 3 13 18 16 17 16 11 13 18 15 19 29 36 37 45 44 48 46 54 62 61 41 
12 11 16 17 16 11 13 18 25 29 36 37 35 32 40 56 59 61 41 
12 10 8 6 11 16 17 20 24 16 18 25 29 25 18 16 24 30 33 39 40 41 
12 11 13 18 16 24 20 17 20 24 23 26 28 25 29 36 37 45 44 48 46 41 
12 11 13 18 16 17 16 11 13 18 15 19 29 36 37 45 44 48 46 54 62 61 41 
12 11 13 18 16 17 20 24 23 26 28 25 29 25 28 32 35 37 45 44 48 46 41 
12 11 16 17 16 11 13 18 25 29 25 28 32 35 37 45 44 48 46 41 
12 11 6 3 13 18 16 17 14 12 11 16 18 25 29 25 28 32 40 56 59 61 41 
12 11 16 24 20 17 20 24 23 26 28 25 29 25 28 26 23 24 30 33 39 40 41 
---------------
Request id 18
23 24 16 11 12 14 17 21 17 14 12 11 13 18 16 24 20 17 16 11 6 8 
23 26 28 25 18 16 17 21 17 16 18 25 28 26 23 24 20 17 16 11 6 8 
23 26 28 25 18 16 24 27 22 21 17 14 12 11 16 24 20 17 14 12 11 6 8 
23 24 16 11 12 14 17 21 17 14 12 10 8 6 11 16 24 20 24 16 11 12 10 8 
23 24 16 11 12 14 17 21 22 27 24 16 17 20 24 16 11 6 8 
23 26 28 25 18 16 24 20 17 21 22 27 31 34 38 39 33 30 24 20 17 16 11 6 8 
23 24 16 11 12 14 17 21 17 14 12 11 16 24 20 24 16 11 13 3 6 8 
23 24 16 11 12 14 17 21 22 27 24 16 17 20 17 14 12 11 6 8 
23 26 28 25 18 16 24 20 17 21 17 16 24 20 17 16 11 13 3 6 8 
23 24 20 17 21 17 20 17 14 12 10 8 
23 26 28 25 18 16 17 21 17 16 24 20 17 16 11 6 8 
23 24 20 17 21 22 27 31 34 38 39 33 30 24 20 17 16 11 12 10 8 
23 24 16 18 13 11 12 14 17 21 17 20 24 16 11 12 10 8 
23 24 16 11 12 14 17 21 22 27 24 16 17 20 17 16 11 6 8 
23 24 20 17 21 17 14 12 11 16 24 20 24 16 11 13 3 6 8 
23 24 27 22 21 17 16 24 20 24 16 11 12 10 8 
23 24 20 17 21 17 14 12 11 13 18 16 24 20 24 16 11 12 10 8 
23 24 16 18 13 11 12 14 17 21 22 27 24 16 17 20 24 16 11 12 10 8 
23 26 28 25 18 16 24 27 22 21 22 27 24 20 24 16 11 13 3 6 8 
23 24 16 11 12 14 17 21 22 27 24 20 17 16 11 6 8 
23 26 28 25 18 13 11 12 14 17 21 22 27 24 16 11 12 14 17 20 24 16 11 13 3 6 8 
23 26 28 25 18 13 11 16 17 21 17 20 17 14 12 11 6 8 
23 26 28 25 18 16 24 27 22 21 17 16 18 25 28 26 23 24 20 24 16 18 13 11 6 8 
23 26 28 25 18 13 11 16 17 21 17 16 18 25 28 26 23 24 20 17 14 12 10 8 
23 26 28 25 18 16 24 27 22 21 17 16 18 25 28 26 23 24 20 17 14 12 10 8 
23 24 16 17 21 17 16 18 25 28 26 23 24 20 17 14 12 11 6 8 
23 24 16 17 21 17 14 12 11 13 18 16 24 20 24 16 11 13 3 6 8 
23 24 16 18 13 11 12 14 17 21 22 27 24 20 17 14 12 10 8 
23 24 16 11 12 14 17 21 17 16 18 25 28 26 23 24 20 17 14 12 11 6 8 
23 26 28 25 18 13 11 16 17 21 17 16 18 25 28 26 23 24 20 17 16 11 13 3 6 8 
23 26 28 25 18 16 17 21 17 20 17 14 12 11 6 8 
23 26 28 25 18 16 24 20 17 21 22 27 24 16 11 12 14 17 20 17 16 11 13 3 6 8 
23 26 28 25 18 13 11 16 17 21 17 20 17 16 11 13 3 6 8 
23 26 28 25 18 16 24 20 17 21 22 27 24 16 17 20 24 16 11 6 8 
23 26 28 25 18 16 24 20 17 21 17 14 12 10 8 6 11 16 24 20 17 16 11 12 10 8 
23 26 28 25 18 13 11 12 14 17 21 17 16 18 25 28 26 23 24 20 17 14 12 10 8 
23 24 20 17 21 17 14 12 10 8 6 11 16 24 20 17 16 11 12 10 8 
23 26 28 25 18 16 24 20 17 21 17 20 24 16 11 12 10 8 
23 24 27 22 21 17 14 12 10 8 6 11 16 24 20 24 16 11 13 3 6 8 
23 24 27 22 21 22 27 24 16 17 20 24 16 11 12 10 8 
---------------
Request id 2
32 28 26 23 24 16 18 25 29 29 25 18 16 11 6 3 5 0 2 
32 28 26 23 24 16 11 13 18 25 29 29 19 15 18 13 0 2 
32 40 39 33 30 24 16 18 25 29 29 25 18 13 0 2 
32 28 26 23 24 20 17 16 18 25 29 29 25 18 15 9 2 
32 40 41 46 48 44 45 37 36 29 29 25 18 15 9 2 
32 40 39 33 30 24 16 18 15 19 29 29 25 18 15 9 2 
32 40 41 46 48 44 45 37 36 29 29 25 18 16 11 13 0 2 
32 40 39 33 30 24 16 18 25 29 29 25 18 16 11 13 0 2 
32 28 26 23 24 16 18 25 29 29 25 18 15 9 2 
32 28 25 29 29 19 15 18 13 3 5 0 2 
32 28 26 23 24 16 18 15 19 29 29 25 18 16 11 13 0 2 
32 40 39 33 30 24 16 18 15 19 29 29 19 15 18 13 0 2 
32 28 26 23 24 16 11 13 18 25 29 29 19 15 18 16 11 13 0 2 
32 28 26 23 24 16 18 25 29 29 25 18 16 11 13 3 5 0 2 
32 40 39 33 30 24 16 18 25 29 29 25 18 13 3 5 0 2 
32 35 37 36 29 29 19 15 9 2 
32 40 39 33 30 24 16 18 15 19 29 29 25 18 16 11 13 0 2 
32 28 25 18 15 19 29 29 25 18 16 11 13 0 2 
32 28 26 23 24 16 18 15 19 29 29 25 18 13 3 5 0 2 
32 28 25 18 15 19 29 29 25 18 16 11 13 3 5 0 2 
32 28 26 23 24 16 11 13 18 25 29 29 25 18 16 11 13 0 2 
32 28 25 18 15 19 29 29 19 15 18 16 11 13 0 2 
32 40 39 33 30 24 16 18 25 29 29 25 18 15 9 2 
32 35 37 36 29 29 25 18 16 11 13 0 2 
32 28 26 23 24 16 18 25 29 29 25 18 13 0 2 
32 28 26 23 24 16 18 15 19 29 29 25 18 16 11 6 3 5 0 2 
32 28 26 23 24 20 17 16 18 25 29 29 25 18 16 11 13 3 5 0 2 
32 40 39 33 30 24 16 18 25 29 29 25 18 16 11 13 3 5 0 2 
32 40 41 46 48 44 45 37 36 29 29 25 18 13 0 2 
32 40 39 33 30 24 16 18 25 29 29 19 15 18 16 11 13 0 2 
32 35 37 36 29 29 25 18 15 9 2 
32 40 39 33 30 24 16 18 15 19 29 29 25 18 13 3 5 0 2 
32 28 25 18 15 19 29 29 25 18 15 9 2 
32 28 25 18 15 19 29 29 19 15 18 13 3 5 0 2 
32 40 41 46 48 44 45 37 36 29 29 19 15 9 2 
32 40 39 33 30 24 16 18 15 19 29 29 19 15 18 16 11 13 0 2 
32 28 25 29 29 19 15 9 2 
32 40 41 46 48 44 45 37 36 29 29 25 18 16 11 13 3 5 0 2 
32 28 25 18 15 19 29 29 25 18 13 0 2 
32 28 26 23 24 16 11 13 18 25 29 29 25 18 13 0 2 
---------------
Request id 29
72 71 69 67 68 65 54 46 41 61 59 56 40 32 35 37 36 29 25 28 26 23 24 16 17 21 17 14 12 11 16 18 25 
72 71 69 68 67 66 62 61 59 56 40 32 28 25 29 25 18 16 24 27 22 21 17 16 18 25 
72 71 69 67 68 65 54 62 61 59 56 40 32 35 37 36 29 25 18 13 11 16 17 21 17 20 24 23 26 28 25 
72 71 69 68 65 54 46 41 61 59 56 40 32 28 25 29 25 18 16 24 27 22 21 17 20 24 16 18 25 
72 71 69 68 65 54 46 41 61 41 46 48 44 45 37 36 29 25 18 13 11 12 14 17 21 17 20 24 23 26 28 25 
72 73 74 70 64 65 54 62 61 41 40 32 35 37 36 29 25 18 16 17 21 22 27 24 23 26 28 25 
72 71 69 67 68 65 54 62 61 41 40 39 33 30 24 16 18 25 29 25 18 16 17 21 17 16 11 13 18 25 
72 71 69 68 65 54 62 61 62 66 63 58 56 40 32 28 25 29 25 18 13 11 16 17 21 22 27 24 23 26 28 25 
72 71 69 68 65 54 62 61 41 46 48 44 45 37 36 29 19 15 18 16 24 20 17 21 17 16 24 23 26 28 25 
72 71 69 68 65 54 46 41 61 62 66 63 58 56 40 32 28 25 29 25 18 16 24 27 22 21 17 20 24 23 26 28 25 
72 73 74 70 64 65 54 46 41 61 62 54 46 48 44 45 37 36 29 25 18 13 11 16 17 21 17 16 18 25 
72 71 69 67 66 62 61 41 40 32 28 25 18 15 19 29 25 28 26 23 24 16 17 21 22 27 24 16 18 25 
72 71 69 68 65 54 46 41 61 41 40 32 28 25 18 15 19 29 19 15 18 16 17 21 17 14 12 11 16 18 25 
72 71 69 68 65 54 46 41 61 59 56 40 32 28 25 29 25 18 16 24 27 22 21 17 16 18 25 
72 71 69 68 65 54 46 41 61 62 54 46 48 44 45 37 36 29 25 18 16 17 21 22 27 24 23 26 28 25 
72 71 69 67 66 62 61 62 54 46 41 40 32 28 25 29 25 28 26 23 24 16 17 21 22 27 24 23 26 28 25 
72 71 69 67 66 62 61 59 56 40 32 35 37 36 29 25 18 16 17 21 17 16 18 15 19 29 25 
72 71 69 67 66 62 54 46 41 61 41 40 32 28 25 18 15 19 29 25 18 16 24 20 17 21 17 16 24 23 26 28 25 
72 73 74 70 64 65 54 62 61 41 40 39 33 30 24 16 18 25 29 25 28 26 23 24 16 17 21 17 14 12 11 13 18 25 
72 71 69 67 68 65 54 62 61 41 40 39 33 30 24 16 18 25 29 19 15 18 13 11 16 17 21 22 27 24 23 26 28 25 
72 73 74 70 64 65 54 46 41 61 62 66 63 58 56 40 32 28 25 29 25 18 16 17 21 17 16 18 15 19 29 25 
72 71 69 67 66 63 58 56 59 61 41 40 32 28 25 18 15 19 29 25 28 26 23 24 16 17 21 17 16 18 25 
72 71 69 67 66 63 58 56 59 61 41 40 39 33 30 24 16 18 25 29 25 18 16 11 12 14 17 21 17 14 12 11 16 18 25 
72 71 69 67 68 65 54 62 61 62 54 46 41 40 32 28 25 29 25 18 16 24 20 17 21 17 20 24 16 18 25 
72 71 69 68 67 66 62 61 41 40 39 33 30 24 16 18 25 29 19 15 18 16 24 20 17 21 22 27 24 23 26 28 25 
72 71 69 67 68 65 54 62 61 41 40 32 35 37 36 29 25 18 16 24 27 22 21 17 20 24 23 26 28 25 
72 71 69 68 67 66 62 61 59 56 40 32 28 25 29 25 28 26 23 24 16 17 21 17 16 18 15 19 29 25 
72 71 69 67 66 63 58 56 59 61 62 66 63 58 56 40 32 28 25 29 19 15 18 16 24 20 17 21 17 14 12 11 16 18 25 
72 73 74 70 64 65 54 62 61 62 66 63 58 56 40 32 28 25 29 19 15 18 16 17 21 17 16 24 23 26 28 25 
72 71 69 68 65 54 46 41 61 41 40 32 28 25 29 25 18 16 24 27 22 21 17 16 18 25 
72 71 69 68 65 54 62 61 62 54 46 41 40 32 28 25 29 25 18 16 24 20 17 21 17 20 24 16 18 25 
72 73 74 70 64 65 54 46 41 61 59 56 40 32 35 37 36 29 25 18 16 24 20 17 21 17 14 12 11 13 18 25 
72 73 74 70 64 65 54 62 61 41 40 32 35 37 36 29 25 28 26 23 24 16 17 21 22 27 24 16 18 25 
72 73 74 70 64 65 54 62 61 41 40 32 35 37 36 29 25 18 16 24 27 22 21 17 16 18 25 
72 73 74 70 64 65 54 46 41 61 59 56 40 32 28 25 29 25 18 16 24 20 17 21 17 20 24 16 18 25 
72 73 74 70 64 65 54 46 41 61 41 40 32 28 25 18 15 19 29 25 18 16 24 20 17 21 17 16 24 23 26 28 25 
72 73 74 70 64 65 54 46 41 61 41 40 39 33 30 24 16 18 25 29 25 18 13 11 12 14 17 21 17 14 12 11 13 18 25 
72 73 74 70 64 65 54 46 41 61 62 54 46 41 40 32 28 25 29 25 18 16 24 27 22 21 17 14 12 11 13 18 25 
72 71 69 67 68 65 54 46 41 61 62 54 46 41 40 32 28 25 29 25 18 16 24 27 22 21 17 16 18 25 
72 71 69 68 65 54 46 41 61 41 46 48 44 45 37 36 29 19 15 18 13 11 16 17 21 17 20 24 23 26 28 25 
---------------
Request id 1
35 32 40 41 46 48 44 45 37 36 29 25 18 16 24 27 22 21 17 16 24 30 33 39 38 34 43 
35 37 36 29 19 15 18 13 11 16 17 21 17 16 24 30 33 39 38 34 43 
35 32 40 39 33 30 24 16 18 25 29 25 18 16 11 12 14 17 21 17 16 24 30 33 39 38 34 43 
35 37 45 44 48 46 41 40 32 28 25 29 25 18 13 11 16 17 21 17 20 24 27 31 34 43 
35 32 28 26 23 24 16 18 25 29 25 18 16 17 21 17 20 24 30 33 39 38 34 43 
35 32 40 39 33 30 24 16 18 25 29 19 15 18 16 24 27 22 21 17 20 24 30 33 39 38 34 43 
35 32 28 26 23 24 16 18 25 29 25 18 13 11 12 14 17 21 17 16 18 25 28 32 40 39 38 34 43 
35 32 40 41 46 48 44 45 37 36 29 19 15 18 13 11 16 17 21 22 27 24 30 33 39 38 34 43 
35 32 40 41 46 48 44 45 37 36 29 19 15 18 13 11 16 17 21 17 20 24 23 26 28 32 40 39 38 34 43 
35 32 40 39 33 30 24 16 18 25 29 25 18 16 11 12 14 17 21 17 20 24 30 33 39 38 34 43 
35 32 40 39 33 30 24 16 18 25 29 25 18 16 17 21 17 14 12 11 13 18 16 24 27 31 34 43 
35 32 28 25 18 15 19 29 25 18 16 11 12 14 17 21 22 27 31 34 43 
35 32 28 25 18 15 19 29 19 15 18 16 24 27 22 21 17 14 12 11 13 18 16 24 27 31 34 43 
35 37 36 29 25 18 13 11 16 17 21 17 14 12 11 13 18 16 24 27 31 34 43 
35 32 28 26 23 24 20 17 16 18 25 29 25 18 16 11 12 14 17 21 17 14 12 11 13 18 16 24 27 31 34 43 
35 32 28 26 23 24 16 18 15 19 29 25 18 16 24 27 22 21 17 14 12 11 13 18 16 24 27 31 34 43 
35 32 28 26 23 24 20 17 16 18 25 29 25 18 13 11 16 17 21 17 16 18 25 28 32 40 39 38 34 43 
35 37 36 29 25 18 13 11 16 17 21 17 16 24 27 31 34 43 
35 37 45 44 48 46 41 40 32 28 25 29 25 18 16 24 20 17 21 17 16 24 27 31 34 43 
35 32 40 39 33 30 24 16 18 15 19 29 19 15 18 13 11 16 17 21 17 20 24 30 33 39 38 34 43 
35 32 40 39 33 30 24 16 18 25 29 25 18 13 11 12 14 17 21 17 20 24 23 26 28 32 40 39 38 34 43 
35 32 40 39 33 30 24 16 18 25 29 19 15 18 13 11 16 17 21 17 20 24 30 33 39 38 34 43 
35 37 36 29 19 15 18 16 24 27 22 21 17 14 12 11 13 18 16 24 27 31 34 43 
35 32 28 25 18 15 19 29 25 28 26 23 24 27 22 21 17 20 24 23 26 28 32 40 39 38 34 43 
35 32 40 39 33 30 24 16 18 25 29 25 18 16 11 12 14 17 21 17 20 24 27 31 34 43 
35 32 28 25 29 25 18 13 11 16 17 21 17 16 18 25 28 32 40 39 38 34 43 
35 32 28 25 18 15 19 29 25 18 16 24 27 22 21 22 27 31 34 43 
35 32 28 26 23 24 16 18 25 29 19 15 18 16 24 27 22 21 22 27 31 34 43 
35 32 28 26 23 24 16 18 25 29 25 18 16 11 12 14 17 21 22 27 24 30 33 39 38 34 43 
35 37 45 44 48 46 41 40 32 28 25 29 25 18 13 11 12 14 17 21 22 27 31 34 43 
35 37 36 29 25 28 26 23 24 27 22 21 17 20 24 23 26 28 32 40 39 38 34 43 
35 32 40 39 33 30 24 16 18 25 29 25 18 13 11 12 14 17 21 17 16 24 30 33 39 38 34 43 
35 32 28 25 29 25 18 16 24 27 22 21 17 14 12 11 16 24 27 31 34 43 
35 37 45 44 48 46 41 40 32 28 25 29 19 15 18 13 11 16 17 21 17 16 18 25 28 32 40 39 38 34 43 
35 32 40 41 46 48 44 45 37 36 29 25 28 26 23 24 27 22 21 17 16 18 25 28 32 40 39 38 34 43 
35 32 40 39 33 30 24 16 18 25 29 19 15 18 16 17 21 22 27 24 30 33 39 38 34 43 
35 32 40 41 46 48 44 45 37 36 29 25 28 26 23 24 27 22 21 17 14 12 11 16 24 27 31 34 43 
35 32 28 25 18 15 19 29 25 18 13 11 16 17 21 17 14 12 11 16 24 27 31 34 43 
35 32 40 39 33 30 24 16 18 25 29 25 18 13 11 16 17 21 17 16 18 25 28 32 40 39 38 34 43 
35 32 28 26 23 24 16 18 25 29 19 15 18 13 11 16 17 21 17 16 18 25 28 32 40 39 38 34 43 
---------------
Request id 12
60 64 65 54 62 61 41 40 56 51 56 58 63 66 62 61 41 40 32 28 25 18 13 11 
60 64 65 54 62 61 41 40 56 51 56 40 41 46 54 62 61 59 56 40 32 28 25 18 16 11 
60 64 65 68 67 66 63 58 56 51 56 40 41 46 54 62 61 41 40 39 38 34 31 27 24 16 11 
60 64 65 68 67 66 63 58 56 51 56 58 63 66 62 61 41 40 39 33 30 24 16 11 
60 64 65 68 67 66 63 58 56 51 42 49 55 58 63 66 62 61 41 40 39 33 30 24 20 17 16 11 
60 57 48 46 41 40 56 51 56 40 41 46 54 62 61 59 56 40 32 28 25 18 16 11 
60 64 65 68 67 66 63 58 56 51 42 38 39 40 41 46 54 62 61 41 40 32 28 25 18 13 11 
60 64 65 54 62 66 63 58 56 51 56 58 63 66 62 61 59 56 40 32 28 25 18 16 11 
60 64 65 54 46 41 40 56 51 56 58 63 66 62 61 41 40 32 28 25 18 13 3 6 11 
60 57 48 46 54 62 61 59 56 51 42 49 55 58 63 66 62 61 41 40 32 28 25 18 13 11 
60 64 65 54 62 61 59 56 51 56 58 63 66 62 61 41 40 39 38 34 31 27 24 16 11 
60 64 65 54 62 61 59 56 51 42 38 39 40 56 59 61 41 40 32 28 25 18 13 11 
60 64 65 54 62 66 63 58 56 51 42 49 55 58 63 66 62 61 41 40 39 33 30 24 20 17 16 11 
60 64 65 68 67 66 63 58 56 51 42 38 39 40 41 46 54 62 61 41 40 32 28 25 18 16 11 
60 64 65 54 46 41 40 56 51 42 49 55 58 63 66 62 61 41 40 39 33 30 24 16 11 
60 64 65 54 62 66 63 58 56 51 56 40 41 61 59 56 40 32 28 25 18 13 11 
60 64 65 54 62 66 63 58 56 51 56 40 41 46 54 62 61 41 40 39 33 30 24 20 17 16 11 
60 64 65 54 62 61 41 40 56 51 42 38 39 40 56 59 61 41 40 39 33 30 24 20 17 16 11 
60 64 65 54 62 61 59 56 51 42 49 55 58 56 59 61 59 56 40 32 28 25 18 16 11 
60 64 65 54 62 61 59 56 51 42 38 39 40 56 59 61 59 56 40 39 33 30 24 16 11 
60 64 65 54 62 66 63 58 56 51 56 58 63 66 62 61 41 40 32 28 25 18 13 11 
60 57 48 46 41 40 56 51 42 49 55 58 56 59 61 41 40 32 28 26 23 24 16 11 
60 64 65 54 46 41 40 56 51 42 38 39 40 41 46 54 62 61 41 40 39 33 30 24 20 17 16 11 
60 64 65 54 46 41 40 56 51 42 49 55 58 56 40 41 61 41 40 32 28 26 23 24 16 11 
60 57 48 46 41 40 56 51 42 49 55 58 56 59 61 41 40 32 28 25 18 16 11 
60 64 65 54 46 41 61 59 56 51 42 38 39 40 41 46 54 62 61 41 40 39 33 30 24 20 17 16 11 
60 57 48 46 41 61 59 56 51 56 58 63 66 62 61 41 40 32 28 25 18 13 3 6 11 
60 64 65 54 46 41 40 56 51 42 49 55 58 56 59 61 59 56 40 32 28 25 18 13 11 
60 64 65 54 62 61 59 56 51 56 40 41 46 54 62 61 59 56 40 39 33 30 24 16 11 
60 64 65 54 62 66 63 58 56 51 42 38 39 40 41 46 54 62 61 41 40 39 33 30 24 16 11 
60 57 48 46 41 40 56 51 42 38 39 40 56 59 61 41 40 32 28 25 18 13 11 
60 64 65 68 67 66 63 58 56 51 56 40 41 61 41 40 32 28 25 18 13 11 
60 57 48 46 41 61 59 56 51 56 40 41 61 41 40 39 33 30 24 16 11 
60 64 65 54 46 41 61 59 56 51 42 38 39 40 41 46 54 62 61 41 40 39 33 30 24 16 11 
60 57 48 46 41 40 39 38 42 51 42 49 55 58 56 59 61 41 40 39 38 34 31 27 24 16 11 
60 64 65 54 62 66 63 58 56 51 56 59 61 59 56 40 32 28 25 18 13 11 
60 57 48 46 41 40 56 51 42 49 55 58 63 66 62 61 41 40 32 28 25 18 16 11 
60 57 48 46 41 40 39 38 42 51 42 49 55 58 63 66 62 61 41 40 32 28 25 18 16 11 
60 64 65 54 46 41 61 59 56 51 56 59 61 41 40 32 28 25 18 13 11 
60 64 65 68 67 66 63 58 56 51 42 38 39 40 56 59 61 41 40 39 33 30 24 16 11 
---------------
Request id 7
67 68 65 54 62 54 46 41 61 59 56 40 39 40 41 61 62 66 67 68 65 64 60 
67 69 68 65 54 62 61 59 56 51 42 38 39 40 56 59 61 41 46 48 57 60 
67 68 65 54 62 66 63 58 56 40 39 40 41 61 62 54 65 64 60 
67 69 68 65 64 60 57 48 46 54 62 61 41 40 39 40 56 59 61 41 46 48 57 60 
67 69 68 65 54 46 41 61 62 66 63 58 56 40 39 40 41 46 54 65 64 60 
67 69 68 65 54 46 41 61 62 54 46 41 40 39 40 32 35 37 45 44 48 57 60 
67 66 63 58 56 40 41 46 54 62 66 63 58 56 40 39 38 42 51 56 40 41 46 48 57 60 
67 66 63 58 56 40 41 61 62 61 41 40 39 40 41 61 62 66 67 68 65 64 60 
67 66 63 58 56 40 41 61 62 54 46 41 40 56 51 42 38 39 40 41 46 48 57 60 
67 69 68 65 54 46 41 61 62 54 46 41 61 59 56 40 39 38 42 51 56 40 41 46 48 57 60 
67 68 65 54 46 41 61 62 66 63 58 55 49 42 38 39 40 41 46 48 57 60 
67 68 65 54 62 61 59 56 51 42 38 39 40 41 61 62 54 46 48 57 60 
67 68 65 54 62 66 63 58 56 51 42 38 39 40 56 59 61 62 54 65 64 60 
67 69 68 65 64 60 57 48 46 54 62 61 59 56 40 39 40 56 59 61 62 54 65 64 60 
67 68 65 64 60 57 48 46 54 62 61 59 56 51 42 38 39 40 41 46 54 65 64 60 
67 66 62 54 46 41 61 59 56 40 39 40 32 35 37 45 44 48 57 60 
67 69 68 65 54 46 41 61 62 66 63 58 55 49 42 38 39 40 41 46 54 65 64 60 
67 66 62 66 63 58 56 51 42 38 39 40 32 35 37 45 44 48 57 60 
67 68 65 54 62 66 63 58 56 40 39 40 32 35 37 45 44 48 57 60 
67 68 65 54 46 41 61 62 66 63 58 56 51 42 38 39 40 56 59 61 62 54 65 64 60 
67 68 65 64 60 57 48 46 54 62 66 63 58 55 49 42 38 39 38 42 51 56 40 41 46 48 57 60 
67 69 68 65 64 60 57 48 46 54 62 54 46 41 40 56 51 42 38 39 40 56 59 61 62 54 65 64 60 
67 66 63 58 56 59 61 62 61 41 40 56 51 42 38 39 40 41 61 62 54 65 64 60 
67 66 63 58 56 40 41 46 54 62 61 41 40 56 51 42 38 39 40 41 61 62 54 65 64 60 
67 68 65 54 46 41 61 62 66 63 58 56 51 42 38 39 40 41 46 54 65 64 60 
67 66 63 58 56 59 61 62 66 63 58 55 49 42 38 39 40 41 61 62 54 46 48 57 60 
67 66 62 66 63 58 56 40 39 40 32 35 37 45 44 48 57 60 
67 69 68 65 64 60 57 48 46 54 62 54 46 41 61 59 56 40 39 38 42 51 56 40 41 46 48 57 60 
67 66 62 66 63 58 55 49 42 38 39 40 32 35 37 45 44 48 57 60 
67 66 63 58 56 59 61 62 54 46 41 40 56 51 42 38 39 38 42 51 56 40 41 46 48 57 60 
67 68 65 64 60 57 48 46 54 62 61 59 56 40 39 40 56 59 61 62 54 46 48 57 60 
67 68 65 54 46 41 61 62 61 59 56 51 42 38 39 40 56 59 61 41 46 48 57 60 
67 66 63 58 56 40 41 61 62 61 41 40 56 51 42 38 39 40 56 59 61 41 46 48 57 60 
67 66 63 58 56 40 41 61 62 61 59 56 40 39 40 56 59 61 62 54 46 48 57 60 
67 66 63 58 56 40 41 46 54 62 66 63 58 56 51 42 38 39 40 56 59 61 62 54 65 64 60 
67 69 68 65 64 60 57 48 46 54 62 66 63 58 56 51 42 38 39 38 42 51 56 40 41 46 48 57 60 
67 68 65 54 46 41 61 62 66 63 58 55 49 42 38 39 38 42 51 56 40 41 46 48 57 60 
67 69 68 65 54 62 66 63 58 56 40 39 40 41 46 48 57 60 
67 69 68 65 54 62 54 46 41 61 59 56 40 39 40 41 61 62 54 65 64 60 
67 68 65 64 60 57 48 46 54 62 54 46 41 61 59 56 40 39 40 56 59 61 62 54 46 48 57 60 
---------------
Request id 6
10 12 11 16 24 20 17 14 12 11 13 18 16 24 
10 12 14 17 14 12 10 8 6 11 16 24 
10 8 6 3 13 18 16 17 20 24 
10 8 6 11 16 17 16 24 
10 12 11 13 18 16 17 14 12 11 6 3 13 18 16 24 
10 8 6 11 12 14 17 21 22 27 24 
10 8 6 11 16 17 14 12 11 6 3 13 18 16 24 
10 8 6 11 12 14 17 16 24 
10 8 6 3 13 18 16 17 21 22 27 31 34 38 39 33 30 24 
10 8 6 11 12 14 17 14 12 11 6 3 13 18 16 24 
10 12 11 16 24 20 17 16 11 13 18 25 28 26 23 24 
10 8 6 11 16 24 20 17 20 24 
10 12 11 13 18 16 17 16 18 25 28 26 23 24 
10 8 6 3 13 11 16 17 16 24 
10 12 14 17 14 12 11 16 24 
10 12 11 16 24 20 17 21 22 27 24 
10 12 11 13 18 16 17 14 12 11 16 24 
10 8 6 3 13 18 16 17 14 12 11 16 24 
10 8 6 11 16 17 21 22 27 24 
10 8 6 11 16 17 14 12 11 13 18 16 24 
10 8 6 3 13 11 16 17 16 11 13 18 25 28 26 23 24 
10 8 6 3 13 11 16 17 16 18 25 28 26 23 24 
10 12 11 16 24 20 17 16 18 25 28 26 23 24 
10 12 14 17 21 22 27 24 
10 8 6 11 13 18 16 17 16 24 
10 12 14 17 16 24 
10 8 6 11 12 14 17 14 12 11 13 18 16 24 
10 8 6 11 16 24 20 17 14 12 11 6 3 13 18 16 24 
10 12 11 16 24 20 17 20 24 
10 8 6 11 13 18 16 17 20 24 
10 12 14 17 14 12 11 13 18 16 24 
10 8 6 3 13 18 16 17 16 11 13 18 25 28 26 23 24 
10 12 11 16 17 21 22 27 31 34 38 39 33 30 24 
10 8 6 11 13 18 16 17 14 12 11 6 3 13 18 16 24 
10 8 6 11 13 18 16 17 14 12 10 8 6 11 16 24 
10 12 11 16 17 21 22 27 24 
10 8 6 11 16 24 20 17 21 22 27 24 
10 8 6 11 16 24 20 17 14 12 11 13 18 16 24 
10 12 11 13 18 16 17 20 24 
10 8 6 11 16 24 20 17 16 24 
---------------
Request id 10
54 62 61 41 40 32 28 25 29 29 29 36 37 35 32 40 39 38 42 
54 46 48 44 45 37 35 32 28 25 29 29 29 25 28 32 40 56 58 55 49 42 
54 62 61 41 40 32 35 37 36 29 29 29 19 15 18 25 28 32 40 56 51 42 
54 62 61 59 56 40 32 28 25 29 29 29 36 37 35 32 40 39 38 42 
54 46 41 40 32 35 37 36 29 29 29 19 15 18 25 28 32 40 56 51 42 
54 62 61 59 56 40 32 28 25 29 29 29 19 15 18 25 28 32 40 56 51 42 
54 65 64 60 57 48 44 45 37 36 29 29 29 19 15 18 25 28 32 40 56 51 42 
54 65 64 60 57 48 44 45 37 36 29 29 29 25 28 32 40 56 58 55 49 42 
54 62 61 41 40 32 28 25 29 29 29 25 28 32 40 39 38 42 
54 62 61 59 56 40 32 28 25 29 29 29 25 18 16 24 30 33 39 38 42 
54 65 64 60 57 48 44 45 37 36 29 29 29 25 18 16 24 27 31 34 38 42 
54 46 48 44 45 37 36 29 29 29 25 18 16 24 27 31 34 38 42 
54 46 41 40 32 28 25 29 29 29 19 15 18 25 28 32 40 56 51 42 
54 62 61 59 56 40 32 35 37 36 29 29 29 25 28 32 40 39 38 42 
54 62 66 63 58 56 40 32 28 25 29 29 29 25 18 16 24 30 33 39 38 42 
54 62 66 63 58 56 40 32 28 25 29 29 29 25 28 32 40 39 38 42 
54 46 48 44 45 37 36 29 29 29 36 37 35 32 40 56 58 55 49 42 
54 62 61 59 56 40 32 28 25 29 29 29 36 37 35 32 40 56 58 55 49 42 
54 46 41 40 32 28 25 29 29 29 25 18 16 24 30 33 39 38 42 
54 62 61 41 40 32 35 37 36 29 29 29 25 28 32 40 56 51 42 
54 65 64 60 57 48 44 45 37 36 29 29 29 36 37 35 32 40 39 38 42 
54 62 61 41 40 32 35 37 36 29 29 29 25 18 16 24 30 33 39 38 42 
54 62 66 63 58 56 40 32 28 25 29 29 29 36 37 35 32 40 56 58 55 49 42 
54 62 61 41 40 32 35 37 36 29 29 29 25 18 16 24 27 31 34 38 42 
54 46 48 44 45 37 36 29 29 29 25 28 32 40 39 38 42 
54 46 41 40 32 28 25 29 29 29 36 37 35 32 40 56 51 42 
54 65 64 60 57 48 44 45 37 36 29 29 29 36 37 35 32 40 56 51 42 
54 62 61 41 40 32 35 37 36 29 29 29 25 28 26 23 24 30 33 39 38 42 
54 46 41 40 32 35 37 36 29 29 29 25 28 32 40 56 51 42 
54 46 48 44 45 37 36 29 29 29 36 37 35 32 40 56 51 42 
54 62 61 59 56 40 32 35 37 36 29 29 29 25 18 16 24 27 31 34 38 42 
54 62 66 63 58 56 40 32 28 25 29 29 29 25 28 26 23 24 30 33 39 38 42 
54 46 41 40 32 35 37 36 29 29 29 36 37 35 32 40 56 58 55 49 42 
54 46 48 44 45 37 35 32 28 25 29 29 29 19 15 18 25 28 32 40 56 51 42 
54 46 41 40 32 28 25 29 29 29 25 18 16 24 27 31 34 38 42 
54 62 61 41 40 32 28 25 29 29 29 25 28 26 23 24 30 33 39 38 42 
54 46 48 44 45 37 35 32 28 25 29 29 29 36 37 35 32 40 39 38 42 
54 62 61 41 40 32 28 25 29 29 29 25 28 32 40 56 58 55 49 42 
54 46 41 40 32 28 25 29 29 29 36 37 35 32 40 39 38 42 
54 46 41 40 32 35 37 36 29 29 29 25 28 32 40 56 58 55 49 42 
---------------
