Request id 7
55 58 56 40 32 28 25 18 18 18 25 28 32 40 41 46 54 
55 58 56 40 32 28 25 18 18 18 25 28 32 40 41 61 62 54 
55 58 56 40 32 28 25 18 18 18 25 29 36 37 45 44 48 46 54 
55 58 56 40 32 28 25 18 18 18 25 28 32 40 56 59 61 62 54 
55 58 56 40 32 28 25 18 18 18 16 24 30 33 39 40 41 46 54 
---------------
Request id 4
8 6 3 3 13 18 16 17 21 
8 6 3 3 6 11 16 17 21 
8 6 3 3 13 11 16 17 21 
8 6 3 3 6 11 12 14 17 21 
8 6 3 3 13 11 12 14 17 21 
---------------
Request id 10
50 49 42 38 34 31 27 24 24 27 31 34 38 42 
50 49 42 38 34 31 27 24 24 30 33 39 38 42 
50 49 42 38 34 31 27 24 24 30 33 39 40 56 51 42 
50 49 42 38 34 31 27 24 24 23 26 28 32 40 56 51 42 
50 49 42 38 34 31 27 24 24 23 26 28 32 40 39 38 42 
---------------
Request id 1
67 66 62 61 41 40 39 33 30 24 30 33 39 38 42 
67 66 62 61 41 40 39 33 30 24 27 31 34 38 42 
67 66 62 61 41 40 39 33 30 24 30 33 39 40 56 51 42 
67 66 62 61 41 40 39 33 30 24 23 26 28 32 40 56 51 42 
67 66 62 61 41 40 39 33 30 24 23 26 28 32 40 39 38 42 
---------------
Request id 6
0 13 13 13 18 25 29 36 37 45 
0 13 13 13 18 15 19 29 36 37 45 
0 13 13 13 18 25 28 32 35 37 45 
0 13 13 13 11 16 18 25 29 36 37 45 
0 13 13 13 11 16 18 15 19 29 36 37 45 
---------------
Request id 5
71 69 67 66 63 58 56 40 39 33 30 24 24 24 23 26 
71 69 67 66 63 58 56 40 39 33 30 24 24 24 16 18 25 28 26 
71 69 67 66 63 58 56 40 39 33 30 24 24 24 30 33 39 40 32 28 26 
71 69 67 66 63 58 56 40 39 33 30 24 24 24 16 11 13 18 25 28 26 
71 69 67 66 63 58 56 40 39 33 30 24 24 24 20 17 16 18 25 28 26 
---------------
Request id 8
8 6 3 3 3 13 11 16 24 27 31 34 43 
8 6 3 3 3 6 11 16 24 27 31 34 43 
8 6 3 3 3 13 18 16 24 27 31 34 43 
8 6 3 3 3 13 11 16 17 20 24 27 31 34 43 
8 6 3 3 3 6 11 13 18 16 24 27 31 34 43 
---------------
Request id 9
40 39 33 30 24 24 24 27 31 34 38 42 
40 39 33 30 24 24 24 30 33 39 38 42 
40 39 33 30 24 24 24 30 33 39 40 56 51 42 
40 39 33 30 24 24 24 23 26 28 32 40 39 38 42 
40 39 33 30 24 24 24 23 26 28 32 40 56 51 42 
---------------
Request id 3
64 65 54 46 41 40 32 28 25 18 25 28 26 
64 65 54 46 41 40 32 28 25 18 16 24 23 26 
64 65 54 46 41 40 32 28 25 18 15 19 29 25 28 26 
64 65 54 46 41 40 32 28 25 18 16 17 20 24 23 26 
64 65 54 46 41 40 32 28 25 18 13 11 16 24 23 26 
---------------
Request id 2
2 0 13 13 13 18 16 24 30 
2 0 13 13 13 11 16 24 30 
2 0 13 13 13 18 16 17 20 24 30 
2 0 13 13 13 3 6 11 16 24 30 
2 0 13 13 13 11 16 17 20 24 30 
---------------
