Request id 18
7 0 2 1 3 4 6 7 8 13 10 11 12 5 4 3 10 13 8 9 5 4 
7 8 13 12 5 4 6 7 8 11 8 7 6 4 3 10 13 10 11 8 9 5 4 
7 8 13 12 5 4 6 4 5 9 8 11 12 5 4 6 7 8 13 8 11 10 3 4 
7 8 11 12 5 4 6 4 3 10 11 10 3 4 5 9 8 13 10 11 8 9 5 4 
7 0 2 1 3 4 6 4 3 10 11 12 13 8 7 6 4 
---------------
Request id 15
1 2 5 9 8 7 6 4 3 10 13 8 
1 2 5 9 8 7 6 4 3 10 11 8 
1 3 10 13 12 5 4 6 4 3 1 0 7 8 
1 3 10 11 8 7 6 4 3 10 11 8 
1 0 7 6 4 5 2 0 7 8 
---------------
Request id 16
5 9 8 13 10 11 8 13 12 5 2 
5 12 13 10 11 10 13 8 9 5 12 5 4 6 7 0 2 
5 4 6 7 8 11 8 13 12 11 8 9 5 2 
5 9 8 11 8 7 0 2 5 12 11 8 7 0 1 2 
5 9 8 13 12 11 10 3 4 5 12 5 4 6 7 0 2 
---------------
Request id 13
5 12 11 8 7 6 4 3 10 13 10 3 4 5 12 13 8 7 0 2 
5 9 8 7 6 7 8 11 10 13 12 11 10 3 1 2 
5 2 0 7 6 4 5 12 13 8 7 6 4 5 12 11 10 3 1 0 2 
5 12 11 8 7 6 4 5 12 11 10 13 8 7 6 4 5 12 13 8 9 5 2 
5 2 1 3 4 6 7 0 2 5 12 13 10 11 8 9 5 12 5 4 6 7 0 2 
---------------
Request id 20
2 5 12 13 10 11 8 7 6 7 8 11 12 13 8 
2 5 12 11 10 13 10 11 8 7 6 7 0 1 3 10 13 8 
2 5 12 11 10 13 8 7 6 4 5 12 11 8 13 10 11 12 5 9 8 
2 5 9 8 13 12 5 4 6 7 8 11 10 13 8 
2 5 12 11 8 13 8 7 6 4 3 10 13 12 5 2 0 7 8 
---------------
Request id 5
10 13 8 7 6 4 5 12 13 8 
10 3 4 6 7 8 13 12 11 10 3 4 6 7 8 
10 13 10 3 4 6 4 5 12 13 8 
10 11 12 13 12 5 4 6 4 5 12 13 8 
10 3 4 5 9 8 13 12 5 4 6 4 5 9 8 
---------------
Request id 7
0 7 8 13 12 11 8 13 12 11 8 9 5 4 6 4 3 1 0 2 
0 1 2 5 9 8 11 8 9 5 12 13 8 9 5 4 6 4 3 1 2 
0 7 8 13 10 11 10 3 4 5 12 13 10 11 8 7 6 4 3 1 0 2 
0 7 6 4 3 10 11 10 3 1 2 5 12 13 8 7 6 7 8 13 12 5 2 
0 7 8 11 12 13 8 9 5 4 6 4 3 10 13 12 5 2 
---------------
Request id 12
7 8 11 10 3 4 6 7 8 13 12 11 10 
7 8 11 10 3 4 6 4 3 10 
7 8 13 10 3 4 6 7 8 11 12 13 10 
7 8 13 12 5 4 6 4 5 12 13 10 
7 0 1 2 5 4 6 7 0 2 1 3 10 
---------------
Request id 19
0 1 2 5 9 8 7 6 7 8 11 8 7 6 7 0 2 5 
0 2 5 9 8 7 6 4 3 10 11 10 13 8 7 6 4 5 
0 2 1 3 4 6 7 0 2 5 12 11 12 5 4 6 4 5 
0 1 2 5 4 6 4 5 12 13 10 11 10 13 8 7 6 7 0 2 5 
0 2 1 3 4 6 4 3 10 11 8 7 6 7 0 2 5 
---------------
Request id 10
4 3 10 13 12 11 10 3 4 6 7 8 9 5 2 1 0 
4 5 12 13 10 11 8 9 5 4 6 4 5 2 0 
4 3 10 13 12 11 8 9 5 4 6 7 0 
4 5 12 13 8 11 8 7 6 4 5 2 0 
4 5 12 13 8 11 10 13 8 7 6 4 5 2 0 
---------------
Request id 9
1 3 4 6 7 8 13 12 5 
1 3 4 6 7 0 2 5 
1 3 4 6 4 3 1 2 5 
1 3 10 13 8 7 6 7 8 13 12 5 
1 0 2 5 4 6 4 3 1 2 5 
---------------
Request id 4
5 12 13 10 11 12 5 4 6 7 8 
5 2 0 7 8 11 10 3 4 5 9 8 
5 12 13 10 11 10 13 8 
5 9 8 13 12 11 12 13 8 
5 4 3 10 11 10 3 1 0 7 8 
---------------
Request id 14
0 7 8 11 10 13 10 11 8 9 5 2 0 1 3 
0 1 2 5 9 8 13 8 7 6 4 5 9 5 2 0 1 3 
0 1 2 5 12 13 8 7 0 2 5 9 8 11 12 13 10 3 
0 2 1 3 10 13 12 5 9 5 2 1 3 
0 7 6 4 3 10 13 10 11 8 9 5 4 3 
---------------
Request id 1
5 2 1 3 10 13 12 5 4 3 10 11 8 13 10 3 4 
5 9 8 13 12 11 10 13 12 5 4 
5 12 11 8 13 8 11 8 7 6 4 
5 12 13 10 3 4 5 12 11 8 7 0 2 5 4 
5 12 11 8 13 12 5 4 3 10 11 10 3 4 
---------------
Request id 3
4 6 7 0 2 5 9 5 4 3 1 2 0 
4 5 2 1 0 7 6 4 3 1 2 5 9 5 12 11 8 7 0 
4 5 9 8 7 6 4 5 9 5 12 13 8 7 0 
4 5 2 0 7 6 7 8 11 12 5 9 5 2 1 0 
4 5 2 0 7 6 4 5 12 13 8 9 8 13 10 3 1 0 
---------------
Request id 8
3 4 5 9 8 13 10 11 8 7 0 
3 4 5 12 11 8 13 10 11 8 7 0 
3 4 5 9 8 13 8 11 10 3 1 0 
3 10 13 12 5 2 0 
3 1 0 7 8 13 8 9 5 2 0 
---------------
Request id 17
5 9 8 13 10 3 4 5 12 11 8 7 6 4 3 10 13 10 3 1 2 
5 9 8 11 10 13 10 3 4 5 12 11 10 3 4 5 9 8 13 8 7 0 1 2 
5 9 8 11 12 13 8 9 5 12 11 12 5 9 8 13 8 7 0 1 2 
5 4 3 10 13 8 11 10 13 8 11 12 5 2 
5 2 1 3 10 13 12 5 4 6 7 8 11 12 5 4 3 10 13 8 7 0 1 2 
---------------
Request id 11
0 7 8 13 12 5 9 5 2 0 7 8 13 12 11 8 9 5 
0 1 3 4 5 9 5 4 3 10 13 10 11 8 9 5 
0 7 8 13 12 5 9 8 13 12 11 8 9 5 
0 7 8 9 8 11 12 13 8 9 5 
0 1 3 4 5 9 8 11 12 13 8 7 0 2 5 
---------------
Request id 6
3 4 5 9 8 11 10 13 12 5 9 8 13 10 11 12 5 2 1 3 10 
3 4 5 12 13 10 11 10 3 4 5 12 11 8 9 5 4 3 10 
3 4 5 12 11 10 3 1 2 5 12 13 8 11 8 13 10 
3 10 13 8 11 12 5 4 6 7 8 11 10 
3 1 0 7 8 11 10 3 4 5 12 13 8 11 12 5 2 1 3 10 
---------------
Request id 2
1 3 10 11 12 13 10 3 4 5 12 11 8 9 5 4 3 10 13 12 11 10 3 4 
1 0 2 5 12 13 12 5 4 3 10 11 12 5 4 3 10 13 8 11 10 3 4 
1 2 5 9 8 13 10 3 4 5 12 11 12 5 9 8 13 12 5 4 
1 3 10 11 12 13 8 9 5 4 3 10 11 10 3 4 5 12 13 12 5 4 
1 2 0 7 8 13 12 11 8 9 5 12 13 10 3 1 2 5 4 
---------------
