Request id 9
28 32 40 39 33 30 33 39 40 41 46 48 
28 32 40 39 33 30 24 23 26 28 32 40 41 46 48 
28 32 40 39 33 30 33 39 40 41 61 62 54 46 48 
28 32 40 39 33 30 33 39 40 32 35 37 45 44 48 
28 32 40 39 33 30 33 39 40 56 59 61 41 46 48 
28 32 40 39 33 30 33 39 38 42 51 56 40 41 46 48 
28 32 40 39 33 30 24 27 31 34 38 39 40 41 46 48 
28 32 40 39 33 30 33 39 40 56 59 61 62 54 46 48 
28 32 40 39 33 30 24 16 18 25 29 36 37 45 44 48 
28 32 40 39 33 30 24 23 26 28 32 35 37 45 44 48 
---------------
Request id 7
42 49 50 49 55 58 56 59 61 41 46 48 57 60 64 65 
42 49 50 49 55 58 56 59 61 41 46 48 57 48 46 54 65 
42 49 50 49 55 58 56 59 61 41 46 48 57 48 46 41 61 62 54 65 
42 49 50 49 55 58 56 59 61 41 46 48 57 48 46 54 62 66 67 68 65 
42 49 50 49 55 58 56 59 61 41 46 48 57 48 46 41 61 62 66 67 68 65 
42 49 50 49 55 58 56 59 61 41 46 48 57 48 46 54 62 66 67 69 68 65 
42 49 50 49 55 58 56 59 61 41 46 48 57 48 46 41 40 56 59 61 62 54 65 
42 49 50 49 55 58 56 59 61 41 46 48 57 60 64 70 74 73 72 71 69 68 65 
42 49 50 49 55 58 56 59 61 41 46 48 57 48 46 41 61 62 66 67 69 68 65 
42 49 50 49 55 58 56 59 61 41 46 48 57 48 44 45 37 35 32 40 41 46 54 65 
---------------
Request id 8
37 45 44 48 57 60 64 70 74 73 74 70 64 
37 45 44 48 57 60 64 70 74 73 72 71 69 68 65 64 
37 45 44 48 57 60 64 70 74 73 72 71 69 67 68 65 64 
37 45 44 48 57 60 64 70 74 73 72 71 69 67 66 62 54 65 64 
37 45 44 48 57 60 64 70 74 73 72 71 69 68 67 66 62 54 65 64 
37 45 44 48 57 60 64 70 74 73 72 71 69 68 65 54 46 48 57 60 64 
37 45 44 48 57 60 64 70 74 73 72 71 69 67 66 62 54 46 48 57 60 64 
37 45 44 48 57 60 64 70 74 73 72 71 69 67 66 62 61 41 46 54 65 64 
37 45 44 48 57 60 64 70 74 73 72 71 69 67 68 65 54 46 48 57 60 64 
37 45 44 48 57 60 64 70 74 73 72 71 69 68 67 66 62 54 46 48 57 60 64 
---------------
Request id 6
20 24 30 33 39 40 41 46 48 44 48 46 41 61 59 61 62 54 
20 24 30 33 39 40 41 46 48 44 48 46 41 61 59 61 41 46 54 
20 24 30 33 39 40 41 46 48 44 48 46 41 61 59 56 40 41 46 54 
20 24 30 33 39 40 41 46 48 44 48 46 41 61 59 56 58 63 66 62 54 
20 24 30 33 39 40 41 46 48 44 48 46 41 61 59 56 40 41 61 62 54 
20 24 30 33 39 40 41 46 48 44 48 46 41 61 59 61 62 66 67 68 65 54 
20 24 30 33 39 40 41 46 48 44 48 46 41 61 59 56 58 63 66 67 68 65 54 
20 24 30 33 39 40 41 46 48 44 48 46 41 61 59 61 62 66 67 69 68 65 54 
20 24 30 33 39 40 41 46 48 44 48 46 41 61 59 61 41 40 56 58 63 66 62 54 
20 24 30 33 39 40 41 46 48 44 48 46 41 61 59 56 51 42 38 39 40 41 46 54 
---------------
Request id 3
68 69 71 72 73 74 70 64 60 57 48 46 41 40 39 33 30 24 20 17 21 
68 69 71 72 73 74 70 64 60 57 48 44 45 37 36 29 25 18 16 17 21 
68 69 71 72 73 74 70 64 60 57 48 46 41 40 39 33 30 24 16 17 21 
68 69 71 72 73 74 70 64 60 57 48 46 41 40 32 28 25 18 16 17 21 
68 69 71 72 73 74 70 64 60 57 48 46 41 40 39 38 34 31 27 22 21 
68 69 71 72 73 74 70 64 60 57 48 46 41 40 39 33 30 24 27 22 21 
68 69 71 72 73 74 70 64 60 57 48 44 45 37 35 32 28 25 18 16 17 21 
68 69 71 72 73 74 70 64 60 57 48 44 45 37 36 29 19 15 18 16 17 21 
68 69 71 72 73 74 70 64 60 57 48 46 41 40 32 28 26 23 24 27 22 21 
68 69 71 72 73 74 70 64 60 57 48 46 41 40 32 28 26 23 24 16 17 21 
---------------
Request id 5
10 12 11 16 24 27 31 34 43 47 43 34 31 27 24 16 18 13 0 
10 12 11 16 24 27 31 34 43 47 43 34 31 27 24 16 11 13 0 
10 12 11 16 24 27 31 34 43 47 43 34 31 27 24 16 18 13 3 5 0 
10 12 11 16 24 27 31 34 43 47 43 34 31 27 24 16 11 13 3 5 0 
10 12 11 16 24 27 31 34 43 47 43 34 38 39 40 32 28 25 18 13 0 
10 12 11 16 24 27 31 34 43 47 43 34 31 27 24 20 17 16 11 13 0 
10 12 11 16 24 27 31 34 43 47 43 34 31 27 22 21 17 16 11 13 0 
10 12 11 16 24 27 31 34 43 47 43 34 31 27 24 16 18 15 9 2 0 
10 12 11 16 24 27 31 34 43 47 43 34 38 39 33 30 24 16 11 13 0 
10 12 11 16 24 27 31 34 43 47 43 34 31 27 24 20 17 16 18 13 0 
---------------
Request id 1
48 57 60 64 70 74 73 72 71 69 67 66 63 58 56 51 56 40 32 28 25 29 
48 57 60 64 70 74 73 72 71 69 67 66 63 58 56 51 56 40 32 35 37 36 29 
48 57 60 64 70 74 73 72 71 69 67 66 63 58 56 51 42 38 39 40 32 28 25 29 
48 57 60 64 70 74 73 72 71 69 67 66 63 58 56 51 56 59 61 41 40 32 28 25 29 
48 57 60 64 70 74 73 72 71 69 67 66 63 58 56 51 42 38 39 40 32 35 37 36 29 
48 57 60 64 70 74 73 72 71 69 67 66 63 58 56 51 56 40 32 28 25 18 15 19 29 
48 57 60 64 70 74 73 72 71 69 67 66 63 58 56 51 56 40 41 46 48 44 45 37 36 29 
48 57 60 64 70 74 73 72 71 69 67 66 63 58 56 51 42 38 34 31 27 24 16 18 25 29 
48 57 60 64 70 74 73 72 71 69 67 66 63 58 56 51 42 38 39 33 30 24 16 18 25 29 
48 57 60 64 70 74 73 72 71 69 67 66 63 58 56 51 42 49 55 58 56 40 32 28 25 29 
---------------
Request id 2
14 17 16 24 30 33 39 38 34 43 47 52 47 43 34 31 27 24 16 18 15 9 
14 17 16 24 30 33 39 38 34 43 47 52 47 43 34 38 39 40 32 28 25 18 15 9 
14 17 16 24 30 33 39 38 34 43 47 52 47 43 34 31 27 24 16 18 13 0 2 9 
14 17 16 24 30 33 39 38 34 43 47 52 47 43 34 31 27 24 20 17 16 18 15 9 
14 17 16 24 30 33 39 38 34 43 47 52 47 43 34 38 39 33 30 24 16 18 15 9 
14 17 16 24 30 33 39 38 34 43 47 52 47 43 34 31 27 24 16 11 13 0 2 9 
14 17 16 24 30 33 39 38 34 43 47 52 47 43 34 31 27 22 21 17 16 18 15 9 
14 17 16 24 30 33 39 38 34 43 47 52 47 43 34 31 27 24 16 11 13 18 15 9 
14 17 16 24 30 33 39 38 34 43 47 52 47 43 34 31 27 24 16 18 25 29 19 15 9 
14 17 16 24 30 33 39 38 34 43 47 52 47 43 34 31 27 24 23 26 28 25 18 15 9 
---------------
Request id 10
14 17 16 18 25 28 32 40 56 51 56 40 32 28 25 18 15 9 
14 17 16 18 25 28 32 40 56 51 56 40 32 28 25 29 19 15 9 
14 17 16 18 25 28 32 40 56 51 56 40 32 35 37 36 29 19 15 9 
14 17 16 18 25 28 32 40 56 51 42 38 39 40 32 28 25 18 15 9 
14 17 16 18 25 28 32 40 56 51 56 40 39 33 30 24 16 18 15 9 
14 17 16 18 25 28 32 40 56 51 42 38 34 31 27 24 16 18 15 9 
14 17 16 18 25 28 32 40 56 51 42 38 39 33 30 24 16 18 15 9 
14 17 16 18 25 28 32 40 56 51 56 40 32 28 25 18 13 0 2 9 
14 17 16 18 25 28 32 40 56 51 56 59 61 41 40 32 28 25 18 15 9 
14 17 16 18 25 28 32 40 56 51 56 40 32 28 26 23 24 16 18 15 9 
---------------
Request id 4
65 68 69 71 72 71 69 67 66 62 61 41 40 32 28 25 18 13 11 6 8 
65 68 69 71 72 71 69 68 65 54 46 41 40 32 28 25 18 13 11 6 8 
65 68 69 71 72 71 69 67 66 63 58 56 40 32 28 25 18 13 3 6 8 
65 68 69 71 72 71 69 67 66 62 61 41 40 39 33 30 24 16 11 6 8 
65 68 69 71 72 71 69 68 65 54 46 41 40 39 33 30 24 16 11 6 8 
65 68 69 71 72 71 69 67 66 63 58 56 40 39 33 30 24 16 11 6 8 
65 68 69 71 72 71 69 67 66 63 58 56 40 32 28 25 18 16 11 6 8 
65 68 69 71 72 71 69 67 66 63 58 56 40 32 28 25 18 13 11 6 8 
65 68 69 71 72 71 69 67 66 62 61 41 40 32 28 25 18 16 11 6 8 
65 68 69 71 72 71 69 67 66 62 61 41 40 32 28 25 18 13 3 6 8 
---------------
