Request id 2
30 37 40 43 33 20 15 20 33 43 40 46 49 56 75 78 66 68 63 67 74 71 81 80 69 79 86 93 
30 37 40 43 33 20 15 20 33 43 40 46 49 46 50 52 55 58 60 62 65 54 57 59 64 69 79 86 93 
30 37 40 43 33 20 15 20 33 43 40 46 49 56 75 72 73 77 68 63 67 74 71 81 80 69 79 86 93 
30 37 40 43 33 20 15 20 33 43 40 46 49 46 50 52 55 58 60 62 67 74 71 81 80 69 79 86 93 
30 37 40 43 33 20 15 20 33 43 40 46 49 56 75 78 66 68 63 67 74 83 84 82 81 80 69 79 86 93 
---------------
Request id 9
90 87 85 83 74 71 81 71 74 67 62 65 45 34 
90 87 85 83 74 71 81 80 69 64 59 57 54 53 48 34 
90 87 85 83 74 71 81 71 74 67 62 65 54 53 48 34 
90 87 85 83 74 71 81 80 69 64 59 57 54 65 45 34 
90 87 85 83 74 71 81 82 84 83 74 67 62 65 45 34 
---------------
Request id 8
96 97 99 100 94 87 85 83 74 67 62 60 58 55 52 50 46 40 43 33 20 25 24 
96 97 99 100 94 87 85 83 74 67 62 60 58 55 52 50 46 40 41 33 20 25 24 
96 97 99 100 94 87 85 83 74 67 63 68 66 78 75 56 49 46 40 41 33 20 25 24 
96 97 99 100 94 87 85 83 74 67 63 68 66 78 75 56 49 46 40 43 33 20 25 24 
96 97 99 100 94 98 102 101 85 83 74 67 62 60 58 55 52 50 46 40 43 33 20 25 24 
---------------
Request id 4
88 84 82 81 71 74 67 74 83 85 87 94 100 99 97 96 95 
88 84 82 81 71 74 67 74 83 85 101 102 98 94 100 99 97 96 95 
88 84 82 81 71 74 67 74 71 81 82 84 83 85 87 94 100 99 97 96 95 
88 84 82 81 71 74 67 74 71 81 82 84 83 85 101 102 98 94 100 99 97 96 95 
88 84 82 81 71 74 67 62 65 54 57 59 64 69 80 81 71 74 83 85 87 94 100 99 97 96 95 
---------------
Request id 6
99 100 94 94 87 85 83 74 67 62 65 54 57 59 
99 100 94 94 87 85 83 84 82 81 80 69 64 59 
99 100 94 94 87 85 83 74 71 81 80 69 64 59 
99 100 94 94 98 102 101 85 83 74 67 62 65 54 57 59 
99 100 94 94 98 102 101 85 83 84 82 81 80 69 64 59 
---------------
Request id 1
8 1 2 3 0 3 9 17 23 29 35 36 40 46 50 52 55 58 60 62 65 54 57 59 64 
8 1 2 3 0 3 9 17 23 29 35 36 40 46 50 52 55 58 60 62 67 74 71 81 80 69 64 
8 1 2 3 0 3 9 17 23 29 35 26 21 30 37 40 46 50 52 55 58 60 62 65 54 57 59 64 
8 1 2 3 0 3 9 17 23 29 35 36 40 46 49 56 75 78 66 68 63 67 74 71 81 80 69 64 
8 1 2 3 0 3 9 17 23 29 35 36 40 46 49 56 75 78 66 68 63 67 62 65 54 57 59 64 
---------------
Request id 10
37 40 46 40 37 30 
37 40 46 40 36 35 26 21 30 
37 30 21 26 35 36 40 46 40 37 30 
37 30 21 26 35 36 40 46 40 36 35 26 21 30 
---------------
Request id 5
61 65 62 65 62 60 58 55 52 50 46 40 36 35 36 40 46 50 
61 65 62 65 62 60 58 55 52 50 46 40 36 35 26 21 30 37 40 46 50 
61 65 62 65 62 60 58 55 52 50 46 40 36 35 36 40 46 49 56 75 78 66 68 63 67 62 60 58 55 52 50 
61 65 62 65 62 60 58 55 52 50 46 40 36 35 36 40 46 49 56 75 72 73 77 68 63 67 62 60 58 55 52 50 
61 65 62 65 62 60 58 55 52 50 46 40 36 35 26 21 30 37 40 46 49 56 75 78 66 68 63 67 62 60 58 55 52 50 
---------------
Request id 3
59 57 54 65 62 65 45 34 48 
59 57 54 65 62 65 54 53 48 
59 57 54 65 62 67 74 71 81 80 69 64 59 57 54 53 48 
59 57 54 65 62 67 74 71 81 80 69 64 59 57 54 65 45 34 48 
59 57 54 65 62 67 74 83 84 82 81 80 69 64 59 57 54 53 48 
---------------
Request id 7
10 15 5 19 28 40 46 49 46 40 36 35 36 40 46 50 52 55 58 60 62 65 45 
10 15 5 19 28 40 46 49 46 40 36 35 26 21 30 37 40 46 50 52 55 58 60 62 65 45 
10 15 5 19 28 40 46 49 46 40 36 35 36 40 46 49 56 75 78 66 68 63 67 62 65 45 
10 15 5 19 28 40 46 49 46 40 36 35 36 40 46 50 52 55 58 60 62 65 54 53 48 34 45 
10 15 5 19 28 40 46 49 46 40 36 35 36 40 46 49 56 75 72 73 77 68 63 67 62 65 45 
---------------
