Request id 22
9 8 11 12 5 5 2 
9 8 7 0 2 5 5 2 
9 8 7 6 4 5 5 4 3 1 0 2 
9 8 7 0 1 2 5 5 4 6 7 0 1 2 
9 8 13 12 5 5 4 3 1 0 2 
9 8 13 10 11 12 5 5 4 6 7 0 2 
9 8 11 10 13 12 5 5 4 3 1 0 2 
9 8 13 10 11 12 5 5 9 8 7 0 1 2 
9 5 5 9 8 7 0 1 2 
9 8 7 0 2 5 5 9 8 7 0 1 2 
9 8 13 12 5 5 4 3 1 2 
9 8 11 10 3 4 5 5 12 11 10 3 1 2 
9 8 7 0 1 2 5 5 4 6 7 0 2 
9 5 5 12 13 10 3 1 2 
9 8 13 10 3 4 5 5 2 
9 8 7 6 4 5 5 4 3 1 2 
9 8 7 6 4 5 5 4 6 7 0 1 2 
9 8 13 12 5 5 4 6 7 0 2 
9 8 11 12 5 5 4 3 1 2 
9 8 13 10 3 4 5 5 9 8 7 0 2 
9 8 7 6 4 5 5 12 11 8 7 0 2 
9 8 7 0 2 5 5 4 3 1 2 
9 5 5 4 6 7 0 1 2 
9 8 7 0 1 2 5 5 12 13 10 3 1 2 
9 8 13 12 5 5 12 11 10 3 1 2 
9 8 11 12 5 5 4 6 7 0 1 2 
9 5 5 4 3 1 0 2 
9 8 13 10 11 12 5 5 4 3 1 2 
9 8 13 10 11 12 5 5 4 6 7 0 1 2 
9 8 7 0 2 5 5 4 6 7 0 2 
9 5 5 2 
9 8 7 0 2 5 5 4 6 7 0 1 2 
9 8 13 10 3 4 5 5 4 3 1 2 
9 8 7 0 2 5 5 12 11 10 3 1 2 
9 8 13 10 3 4 5 5 4 3 1 0 2 
9 8 11 10 3 4 5 5 4 3 1 0 2 
9 8 11 10 13 12 5 5 9 8 7 0 1 2 
9 8 11 12 5 5 9 8 7 0 1 2 
9 8 7 0 1 2 5 5 4 3 1 2 
9 5 5 4 6 7 0 2 
---------------
Request id 27
10 11 12 5 5 2 0 7 6 
10 13 8 11 12 5 5 12 13 8 7 6 
10 13 8 7 6 4 5 5 2 0 1 3 4 6 
10 13 12 5 5 2 1 3 4 6 
10 11 12 5 5 9 8 7 6 
10 3 1 0 2 5 5 2 0 1 3 4 6 
10 3 1 0 2 5 5 12 13 8 7 6 
10 11 8 13 12 5 5 4 3 1 0 7 6 
10 13 8 9 5 5 12 11 10 3 4 6 
10 3 4 5 5 12 13 8 7 6 
10 13 8 7 6 4 5 5 2 0 7 6 
10 3 1 2 5 5 4 6 
10 3 4 5 5 2 0 1 3 4 6 
10 11 8 9 5 5 4 3 1 0 7 6 
10 3 1 2 5 5 12 11 10 3 4 6 
10 3 1 0 2 5 5 4 3 1 0 7 6 
10 11 8 9 5 5 2 0 1 3 4 6 
10 13 12 5 5 4 3 1 0 7 6 
10 3 1 0 2 5 5 12 11 8 7 6 
10 13 12 5 5 2 0 7 6 
10 11 12 5 5 2 0 1 3 4 6 
10 13 8 7 6 4 5 5 2 1 0 7 6 
10 3 1 0 2 5 5 4 6 
10 3 4 5 5 4 3 1 0 7 6 
10 3 4 5 5 12 11 8 7 6 
10 3 1 0 2 5 5 9 8 7 6 
10 3 1 2 5 5 9 8 7 6 
10 13 8 9 5 5 9 8 7 6 
10 11 12 5 5 2 1 3 4 6 
10 11 8 13 12 5 5 12 11 8 7 6 
10 3 1 2 5 5 2 0 1 3 4 6 
10 13 8 9 5 5 12 11 8 7 6 
10 3 1 2 5 5 2 0 7 6 
10 3 1 2 5 5 2 1 3 4 6 
10 13 8 7 6 4 5 5 4 6 
10 13 8 11 12 5 5 2 1 3 4 6 
10 13 12 5 5 12 11 8 7 6 
10 13 12 5 5 4 6 
10 13 8 7 6 4 5 5 9 8 7 6 
10 11 8 9 5 5 12 13 8 7 6 
---------------
Request id 15
8 7 6 4 5 2 1 0 
8 11 10 3 4 5 9 8 7 0 
8 11 10 13 12 5 12 11 10 3 1 0 
8 13 10 11 12 5 4 6 7 0 
8 7 0 2 5 12 13 10 3 1 0 
8 11 10 3 4 5 4 3 1 2 0 
8 9 5 12 13 8 7 0 
8 13 10 11 12 5 2 1 0 
8 7 0 1 2 5 12 11 8 7 0 
8 13 10 3 4 5 12 13 10 3 1 0 
8 9 5 9 8 7 0 
8 13 12 5 2 0 
8 7 0 2 5 12 11 10 3 1 0 
8 11 12 5 12 13 10 3 1 0 
8 13 10 3 4 5 4 6 7 0 
8 13 10 11 12 5 12 11 8 7 0 
8 7 6 4 5 12 11 10 3 1 0 
8 7 6 4 5 2 0 
8 11 10 13 12 5 12 11 8 7 0 
8 7 0 1 2 5 4 3 1 0 
8 7 0 1 2 5 12 11 10 3 1 0 
8 13 12 5 2 1 0 
8 7 0 1 2 5 12 13 10 3 1 0 
8 9 5 4 3 1 2 0 
8 11 10 3 4 5 4 6 7 0 
8 13 10 11 12 5 12 13 8 7 0 
8 11 10 3 4 5 4 3 1 0 
8 9 5 4 6 7 0 
8 13 10 11 12 5 9 8 7 0 
8 11 10 3 4 5 2 0 
8 9 5 2 0 
8 13 12 5 12 11 10 3 1 0 
8 7 0 2 5 4 6 7 0 
8 13 10 3 4 5 4 3 1 0 
8 13 12 5 9 8 7 0 
8 7 6 4 5 12 11 8 7 0 
8 13 12 5 4 3 1 0 
8 11 10 3 4 5 12 13 8 7 0 
8 13 10 11 12 5 4 3 1 2 0 
8 7 0 2 5 2 0 
---------------
Request id 17
4 3 1 0 2 5 5 5 4 6 7 0 1 
4 3 10 13 12 5 5 5 12 11 8 7 0 1 
4 6 7 8 9 5 5 5 12 13 8 7 0 1 
4 3 1 2 5 5 5 12 11 8 7 0 1 
4 5 5 5 9 8 7 0 2 1 
4 6 7 8 9 5 5 5 9 8 7 0 2 1 
4 3 1 0 2 5 5 5 12 13 8 7 0 1 
4 6 7 0 1 2 5 5 5 12 11 10 3 1 
4 6 7 0 2 5 5 5 2 0 1 
4 6 7 8 9 5 5 5 4 3 1 
4 3 10 11 12 5 5 5 4 3 1 
4 5 5 5 9 8 7 0 1 
4 3 1 2 5 5 5 9 8 7 0 1 
4 3 1 2 5 5 5 12 13 10 3 1 
4 6 7 8 13 12 5 5 5 2 1 
4 3 10 11 12 5 5 5 12 11 8 7 0 1 
4 6 7 0 1 2 5 5 5 9 8 7 0 2 1 
4 6 7 0 1 2 5 5 5 9 8 7 0 1 
4 3 10 13 12 5 5 5 2 1 
4 6 7 0 2 5 5 5 4 6 7 0 1 
4 3 1 0 2 5 5 5 2 0 1 
4 3 10 11 8 9 5 5 5 4 6 7 0 1 
4 6 7 0 2 5 5 5 2 1 
4 5 5 5 12 11 10 3 1 
4 3 10 13 12 5 5 5 4 3 1 
4 6 7 0 2 5 5 5 12 11 10 3 1 
4 3 10 13 12 5 5 5 12 13 10 3 1 
4 3 10 11 12 5 5 5 2 0 1 
4 3 10 13 12 5 5 5 4 6 7 0 1 
4 3 10 13 12 5 5 5 9 8 7 0 1 
4 3 10 11 8 9 5 5 5 2 0 1 
4 6 7 0 2 5 5 5 12 11 8 7 0 1 
4 5 5 5 12 11 8 7 0 1 
4 3 10 11 12 5 5 5 9 8 7 0 1 
4 5 5 5 4 6 7 0 1 
4 3 10 11 12 5 5 5 9 8 7 0 2 1 
4 3 10 11 12 5 5 5 12 13 10 3 1 
4 3 10 11 8 9 5 5 5 12 11 10 3 1 
4 5 5 5 12 13 8 7 0 1 
4 6 7 0 2 5 5 5 12 13 10 3 1 
---------------
Request id 4
6 7 8 13 12 5 12 11 10 3 1 2 
6 7 0 1 3 4 5 9 8 7 0 2 
6 7 8 13 12 5 4 3 1 0 2 
6 7 8 11 12 5 12 11 10 3 1 2 
6 7 0 1 3 4 5 4 3 1 2 
6 4 5 4 3 1 0 2 
6 7 0 1 2 5 12 13 8 7 0 2 
6 7 8 11 12 5 4 3 1 2 
6 7 0 2 5 12 11 10 3 1 2 
6 4 3 10 13 12 5 4 3 1 2 
6 7 8 13 12 5 4 3 1 2 
6 7 8 9 5 12 13 8 7 0 2 
6 4 3 10 11 12 5 4 6 7 0 1 2 
6 7 0 1 3 4 5 12 11 10 3 1 2 
6 4 3 10 13 12 5 9 8 7 0 1 2 
6 7 8 11 12 5 4 6 7 0 1 2 
6 4 3 1 2 5 4 3 1 0 2 
6 7 8 9 5 4 3 1 0 2 
6 7 0 2 5 4 6 7 0 1 2 
6 7 8 13 12 5 9 8 7 0 2 
6 4 3 10 13 12 5 9 8 7 0 2 
6 7 0 1 3 4 5 12 11 8 7 0 2 
6 7 8 13 12 5 12 13 8 7 0 2 
6 4 5 12 11 8 7 0 2 
6 4 3 1 2 5 12 11 10 3 1 2 
6 7 0 1 3 4 5 2 
6 7 8 11 12 5 12 13 8 7 0 2 
6 7 8 11 12 5 12 11 8 7 0 2 
6 7 8 11 12 5 2 
6 7 0 1 3 4 5 4 6 7 0 2 
6 7 8 9 5 4 3 1 2 
6 7 0 1 2 5 12 11 10 3 1 2 
6 7 8 13 12 5 12 11 8 7 0 2 
6 7 0 1 2 5 9 8 7 0 1 2 
6 7 8 9 5 12 11 8 7 0 2 
6 7 8 9 5 9 8 7 0 1 2 
6 7 8 13 12 5 2 
6 4 5 2 
6 7 0 2 5 4 3 1 0 2 
6 7 8 9 5 12 11 10 3 1 2 
---------------
Request id 14
8 9 5 5 5 12 11 10 3 4 
8 7 0 1 2 5 5 5 2 1 0 7 6 4 
8 7 0 2 5 5 5 12 13 10 3 4 
8 13 10 3 4 5 5 5 2 0 1 3 4 
8 11 12 5 5 5 2 0 7 6 4 
8 11 10 3 4 5 5 5 9 8 7 6 4 
8 7 6 4 5 5 5 4 
8 13 12 5 5 5 12 11 10 3 4 
8 7 0 1 2 5 5 5 12 13 8 7 6 4 
8 13 10 3 4 5 5 5 2 1 0 7 6 4 
8 7 6 4 5 5 5 2 0 7 6 4 
8 7 0 1 2 5 5 5 12 11 10 3 4 
8 7 0 1 2 5 5 5 4 
8 9 5 5 5 2 1 3 4 
8 9 5 5 5 9 8 7 6 4 
8 11 10 13 12 5 5 5 2 0 7 6 4 
8 13 10 11 12 5 5 5 4 
8 13 10 11 12 5 5 5 2 1 0 7 6 4 
8 7 6 4 5 5 5 12 13 8 7 6 4 
8 7 6 4 5 5 5 9 8 13 10 3 4 
8 13 12 5 5 5 12 13 10 3 4 
8 13 12 5 5 5 2 0 1 3 4 
8 7 0 2 5 5 5 2 1 0 7 6 4 
8 11 10 3 4 5 5 5 2 0 1 3 4 
8 13 10 3 4 5 5 5 4 
8 9 5 5 5 12 13 8 7 6 4 
8 11 12 5 5 5 12 13 10 3 4 
8 13 12 5 5 5 2 1 3 4 
8 7 0 2 5 5 5 2 0 7 6 4 
8 7 0 1 2 5 5 5 12 13 10 3 4 
8 9 5 5 5 12 13 10 3 4 
8 7 0 2 5 5 5 12 11 10 3 4 
8 11 12 5 5 5 9 8 13 10 3 4 
8 11 12 5 5 5 4 
8 13 12 5 5 5 2 0 7 6 4 
8 13 10 3 4 5 5 5 2 1 3 4 
8 7 0 1 2 5 5 5 9 8 13 10 3 4 
8 13 10 3 4 5 5 5 12 13 8 7 6 4 
8 7 6 4 5 5 5 2 1 3 4 
8 7 6 4 5 5 5 2 0 1 3 4 
---------------
Request id 9
8 11 10 3 4 5 5 5 4 3 
8 7 6 4 5 5 5 12 13 10 3 
8 13 10 11 12 5 5 5 9 8 13 10 3 
8 7 0 2 5 5 5 12 13 10 3 
8 13 10 3 4 5 5 5 4 3 
8 7 0 1 2 5 5 5 12 13 8 11 10 3 
8 9 5 5 5 9 8 11 10 3 
8 7 0 2 5 5 5 9 8 11 10 3 
8 7 0 1 2 5 5 5 9 8 13 10 3 
8 13 10 11 12 5 5 5 2 1 3 
8 9 5 5 5 12 13 8 11 10 3 
8 13 10 3 4 5 5 5 9 8 13 10 3 
8 11 12 5 5 5 12 13 8 11 10 3 
8 7 0 2 5 5 5 9 8 13 10 3 
8 11 10 13 12 5 5 5 12 13 8 11 10 3 
8 11 10 13 12 5 5 5 2 0 1 3 
8 7 0 1 2 5 5 5 2 0 7 6 4 3 
8 13 12 5 5 5 9 8 13 10 3 
8 13 10 11 12 5 5 5 2 0 7 6 4 3 
8 13 10 3 4 5 5 5 2 1 3 
8 7 6 4 5 5 5 2 0 1 3 
8 7 0 1 2 5 5 5 12 13 10 3 
8 13 10 11 12 5 5 5 2 0 1 3 
8 11 10 13 12 5 5 5 12 13 10 3 
8 13 12 5 5 5 2 0 7 6 4 3 
8 11 10 3 4 5 5 5 12 13 10 3 
8 13 12 5 5 5 12 13 8 11 10 3 
8 7 6 4 5 5 5 2 1 3 
8 13 12 5 5 5 12 13 10 3 
8 7 0 2 5 5 5 12 11 10 3 
8 11 12 5 5 5 2 1 3 
8 13 10 11 12 5 5 5 12 11 10 3 
8 11 10 3 4 5 5 5 2 0 7 6 4 3 
8 13 12 5 5 5 9 8 11 10 3 
8 11 10 13 12 5 5 5 12 11 10 3 
8 7 6 4 5 5 5 9 8 11 10 3 
8 11 12 5 5 5 4 6 7 0 1 3 
8 13 12 5 5 5 2 1 3 
8 7 6 4 5 5 5 12 13 8 11 10 3 
8 7 0 2 5 5 5 4 3 
---------------
Request id 16
9 5 5 2 1 0 
9 8 11 10 13 12 5 5 12 13 8 7 0 
9 8 11 12 5 5 4 3 1 0 
9 5 5 12 11 10 3 1 0 
9 8 11 10 3 4 5 5 9 8 7 0 
9 8 11 12 5 5 12 11 8 7 0 
9 8 13 10 3 4 5 5 9 8 7 0 
9 8 7 6 4 5 5 12 11 8 7 0 
9 8 7 0 2 5 5 4 6 7 0 
9 8 13 10 11 12 5 5 12 11 8 7 0 
9 8 11 10 13 12 5 5 2 0 
9 5 5 4 6 7 0 
9 8 13 10 3 4 5 5 2 1 0 
9 5 5 2 0 
9 8 11 12 5 5 9 8 7 0 
9 8 7 0 2 5 5 4 3 1 0 
9 8 13 10 11 12 5 5 12 11 10 3 1 0 
9 8 13 10 11 12 5 5 4 3 1 0 
9 8 11 10 13 12 5 5 2 1 0 
9 8 7 6 4 5 5 12 13 10 3 1 0 
9 8 7 0 2 5 5 2 0 
9 8 7 0 2 5 5 2 1 0 
9 5 5 12 13 10 3 1 0 
9 8 13 10 3 4 5 5 12 11 8 7 0 
9 8 13 10 11 12 5 5 4 3 1 2 0 
9 8 13 10 11 12 5 5 4 6 7 0 
9 8 11 12 5 5 12 11 10 3 1 0 
9 8 7 0 1 2 5 5 12 11 8 7 0 
9 8 13 10 11 12 5 5 2 0 
9 8 7 0 1 2 5 5 12 13 8 7 0 
9 8 11 12 5 5 4 6 7 0 
9 8 11 10 3 4 5 5 4 3 1 2 0 
9 8 11 10 13 12 5 5 4 6 7 0 
9 8 11 10 3 4 5 5 2 0 
9 8 7 6 4 5 5 4 3 1 2 0 
9 8 7 6 4 5 5 12 11 10 3 1 0 
9 8 7 0 1 2 5 5 12 11 10 3 1 0 
9 8 11 10 3 4 5 5 12 13 10 3 1 0 
9 8 11 10 13 12 5 5 12 11 10 3 1 0 
9 8 11 10 13 12 5 5 12 13 10 3 1 0 
---------------
Request id 26
10 13 8 7 6 4 5 9 8 13 10 11 
10 11 12 5 12 13 8 11 
10 13 8 7 6 4 5 2 0 7 8 11 
10 11 8 9 5 9 8 13 12 11 
10 11 12 5 4 3 10 11 
10 11 8 13 12 5 2 1 3 10 11 
10 13 8 7 6 4 5 12 11 
10 13 12 5 12 11 
10 13 8 9 5 2 0 7 8 11 
10 3 1 0 2 5 12 13 8 11 
10 3 1 2 5 9 8 11 
10 13 12 5 2 1 3 10 11 
10 11 12 5 9 8 13 10 11 
10 3 4 5 12 11 
10 11 8 13 12 5 2 0 7 8 11 
10 13 8 11 12 5 2 0 7 8 11 
10 13 8 11 12 5 2 1 3 10 11 
10 13 8 7 6 4 5 9 8 13 12 11 
10 3 1 0 2 5 9 8 13 12 11 
10 13 8 7 6 4 5 12 13 8 11 
10 13 8 7 6 4 5 9 8 11 
10 11 8 13 12 5 4 3 10 11 
10 13 8 7 6 4 5 2 1 3 10 11 
10 3 1 2 5 2 1 3 10 11 
10 11 12 5 4 6 7 8 11 
10 3 1 2 5 12 13 10 11 
10 3 1 0 2 5 2 0 7 8 11 
10 11 8 13 12 5 9 8 13 12 11 
10 11 12 5 2 0 7 8 11 
10 13 8 11 12 5 4 6 7 8 11 
10 13 8 9 5 4 3 10 11 
10 13 12 5 9 8 13 10 11 
10 13 8 9 5 12 13 10 11 
10 3 1 0 2 5 9 8 13 10 11 
10 13 8 9 5 12 11 
10 11 8 13 12 5 9 8 11 
10 11 8 9 5 9 8 13 10 11 
10 3 4 5 12 13 8 11 
10 11 12 5 9 8 11 
10 13 8 7 6 4 5 12 13 10 11 
---------------
Request id 19
3 1 0 2 5 5 12 13 10 11 8 9 
3 4 6 7 0 2 5 5 4 3 10 13 8 9 
3 1 2 5 5 12 13 8 9 
3 1 0 2 5 5 9 
3 4 6 7 0 2 5 5 12 13 10 11 8 9 
3 10 11 8 9 5 5 4 6 7 8 9 
3 4 6 7 0 2 5 5 9 
3 4 6 7 0 2 5 5 2 1 0 7 8 9 
3 1 2 5 5 12 13 10 11 8 9 
3 10 13 8 9 5 5 12 13 10 11 8 9 
3 10 13 8 11 12 5 5 2 1 0 7 8 9 
3 10 13 12 5 5 2 0 7 8 9 
3 1 2 5 5 12 11 10 13 8 9 
3 4 5 5 4 6 7 8 9 
3 10 13 8 11 12 5 5 12 11 8 9 
3 10 13 8 9 5 5 4 3 10 11 8 9 
3 10 13 8 11 12 5 5 2 0 7 8 9 
3 10 11 8 9 5 5 2 0 7 8 9 
3 10 11 12 5 5 12 11 8 9 
3 10 13 8 9 5 5 12 11 10 13 8 9 
3 10 13 8 11 12 5 5 4 3 10 11 8 9 
3 10 13 8 9 5 5 9 
3 10 11 8 9 5 5 9 
3 10 13 8 11 12 5 5 4 3 10 13 8 9 
3 10 11 12 5 5 4 6 7 8 9 
3 10 11 8 13 12 5 5 2 0 7 8 9 
3 10 11 8 13 12 5 5 2 1 0 7 8 9 
3 4 5 5 12 13 8 9 
3 4 6 7 0 2 5 5 12 13 8 9 
3 10 13 12 5 5 4 6 7 8 9 
3 10 11 12 5 5 2 0 7 8 9 
3 1 2 5 5 2 0 7 8 9 
3 10 11 8 13 12 5 5 12 11 8 9 
3 1 0 2 5 5 12 11 8 9 
3 10 11 8 13 12 5 5 12 13 8 9 
3 10 13 12 5 5 2 1 0 7 8 9 
3 10 13 8 9 5 5 2 0 7 8 9 
3 10 11 8 9 5 5 4 3 10 13 8 9 
3 10 11 8 9 5 5 12 11 10 13 8 9 
3 4 6 7 0 2 5 5 2 0 7 8 9 
---------------
Request id 3
0 2 5 5 5 9 8 11 12 13 10 
0 7 6 4 5 5 5 12 13 8 11 10 
0 1 2 5 5 5 12 11 8 13 10 
0 2 5 5 5 4 3 10 
0 1 3 10 11 12 5 5 5 12 11 8 13 10 
0 7 8 13 12 5 5 5 12 11 10 
0 2 1 3 4 5 5 5 4 3 10 
0 7 8 11 12 5 5 5 9 8 13 10 
0 7 8 11 12 5 5 5 12 11 8 13 10 
0 1 2 5 5 5 4 3 10 
0 7 8 11 12 5 5 5 12 13 8 11 10 
0 1 3 10 11 12 5 5 5 9 8 11 12 13 10 
0 1 2 5 5 5 12 11 10 
0 7 6 4 5 5 5 2 1 3 10 
0 1 3 4 5 5 5 12 11 8 13 10 
0 1 2 5 5 5 12 13 8 11 10 
0 2 1 3 4 5 5 5 12 11 8 13 10 
0 1 3 4 5 5 5 9 8 13 10 
0 7 8 9 5 5 5 9 8 13 10 
0 1 3 10 13 12 5 5 5 4 3 10 
0 7 6 4 5 5 5 12 11 10 
0 1 3 10 11 12 5 5 5 9 8 11 10 
0 2 1 3 4 5 5 5 9 8 11 12 13 10 
0 2 1 3 4 5 5 5 2 1 3 10 
0 1 3 10 13 12 5 5 5 9 8 13 10 
0 2 5 5 5 12 13 8 11 10 
0 1 3 10 13 12 5 5 5 12 13 10 
0 2 1 3 4 5 5 5 9 8 13 10 
0 7 8 13 12 5 5 5 4 3 10 
0 1 3 10 13 12 5 5 5 12 11 10 
0 7 8 13 12 5 5 5 2 0 1 3 10 
0 2 5 5 5 2 1 3 10 
0 2 1 3 4 5 5 5 12 13 8 11 10 
0 7 6 4 5 5 5 4 3 10 
0 7 8 13 12 5 5 5 9 8 11 12 13 10 
0 1 3 10 11 12 5 5 5 12 11 10 
0 1 3 10 13 12 5 5 5 2 1 3 10 
0 1 3 10 11 12 5 5 5 12 13 10 
0 7 8 9 5 5 5 12 13 8 11 10 
0 1 3 10 11 12 5 5 5 4 3 10 
---------------
Request id 6
12 11 8 7 6 4 5 12 11 8 7 
12 11 8 9 5 9 8 7 
12 13 8 7 6 4 5 4 3 1 2 0 7 
12 11 8 9 5 4 3 1 2 0 7 
12 13 8 7 6 4 5 12 11 8 7 
12 11 10 3 4 5 2 1 0 7 
12 11 10 3 4 5 9 8 7 
12 13 8 7 0 2 5 4 3 1 2 0 7 
12 13 8 9 5 12 13 8 7 
12 5 12 11 8 7 
12 13 8 9 5 9 8 7 
12 13 8 7 0 2 5 4 3 1 0 7 
12 13 10 3 4 5 4 3 10 13 8 7 
12 11 10 3 4 5 4 3 1 0 7 
12 13 8 7 0 2 5 12 11 8 7 
12 13 8 7 6 4 5 4 3 1 0 7 
12 13 8 9 5 12 11 8 7 
12 11 8 9 5 4 6 7 
12 13 8 9 5 4 3 1 2 0 7 
12 13 10 3 4 5 12 11 8 7 
12 13 8 7 0 2 5 2 0 7 
12 13 8 7 0 2 5 9 8 7 
12 11 8 7 6 4 5 9 8 7 
12 11 10 3 4 5 12 11 8 7 
12 13 10 11 8 9 5 2 0 7 
12 11 8 9 5 2 0 7 
12 13 8 7 6 4 5 9 8 7 
12 13 8 7 0 2 5 4 3 10 13 8 7 
12 13 10 3 1 2 5 12 13 8 7 
12 13 10 11 8 9 5 2 1 3 4 6 7 
12 13 8 9 5 2 1 3 4 6 7 
12 11 8 7 6 4 5 4 6 7 
12 11 8 7 6 4 5 2 1 3 4 6 7 
12 13 10 3 1 2 5 2 1 3 4 6 7 
12 13 10 3 1 2 5 2 0 7 
12 11 8 9 5 12 11 8 7 
12 13 10 11 8 9 5 9 8 7 
12 13 10 3 4 5 9 8 7 
12 13 8 9 5 4 3 1 0 7 
12 13 8 9 5 4 3 10 13 8 7 
---------------
Request id 12
13 10 11 12 5 5 9 8 7 0 2 1 
13 12 11 8 9 5 5 4 3 1 
13 10 11 8 9 5 5 2 0 1 
13 8 9 5 5 9 8 7 0 2 1 
13 8 7 6 4 5 5 12 13 8 7 0 1 
13 12 5 5 4 6 7 0 1 
13 10 11 12 5 5 4 3 1 
13 8 9 5 5 2 1 
13 10 11 12 5 5 12 11 10 3 1 
13 12 11 8 9 5 5 2 1 
13 10 3 1 2 5 5 12 13 10 3 1 
13 10 3 1 2 5 5 9 8 7 0 1 
13 10 3 1 2 5 5 4 6 7 0 1 
13 12 11 8 9 5 5 4 6 7 0 1 
13 8 7 6 4 5 5 12 11 8 7 0 1 
13 10 3 1 2 5 5 9 8 7 0 2 1 
13 8 9 5 5 2 0 1 
13 10 3 1 2 5 5 2 1 
13 10 11 8 9 5 5 12 13 8 7 0 1 
13 12 5 5 9 8 7 0 1 
13 10 11 12 5 5 9 8 7 0 1 
13 10 3 4 5 5 12 11 10 3 1 
13 12 5 5 12 13 10 3 1 
13 12 5 5 12 11 8 7 0 1 
13 12 5 5 2 0 1 
13 8 7 0 2 5 5 9 8 7 0 2 1 
13 10 11 12 5 5 12 13 10 3 1 
13 10 3 1 2 5 5 12 11 8 7 0 1 
13 12 5 5 4 3 1 
13 10 11 8 9 5 5 12 13 10 3 1 
13 8 7 6 4 5 5 12 13 10 3 1 
13 8 7 0 2 5 5 12 11 8 7 0 1 
13 8 11 12 5 5 4 3 1 
13 8 7 0 2 5 5 12 11 10 3 1 
13 10 3 1 2 5 5 12 13 8 7 0 1 
13 8 7 6 4 5 5 9 8 7 0 1 
13 12 5 5 12 13 8 7 0 1 
13 8 9 5 5 9 8 7 0 1 
13 8 9 5 5 12 13 8 7 0 1 
13 10 3 1 2 5 5 2 0 1 
---------------
Request id 18
3 10 13 12 5 5 12 11 8 7 6 4 
3 10 13 8 9 5 5 2 0 7 6 4 
3 10 11 8 13 12 5 5 4 
3 10 11 8 9 5 5 12 11 8 7 6 4 
3 10 11 8 13 12 5 5 2 0 7 6 4 
3 10 13 8 11 12 5 5 12 11 10 3 4 
3 1 0 2 5 5 2 1 0 7 6 4 
3 10 13 8 9 5 5 2 0 1 3 4 
3 1 2 5 5 12 11 8 7 6 4 
3 10 13 12 5 5 2 0 7 6 4 
3 10 11 12 5 5 12 13 10 3 4 
3 4 6 7 8 9 5 5 2 1 0 7 6 4 
3 10 11 8 13 12 5 5 2 1 0 7 6 4 
3 4 6 7 8 9 5 5 2 1 3 4 
3 10 13 12 5 5 12 11 10 3 4 
3 4 6 7 8 9 5 5 9 8 11 10 3 4 
3 4 5 5 2 0 1 3 4 
3 4 5 5 2 1 0 7 6 4 
3 10 13 8 11 12 5 5 9 8 7 6 4 
3 4 5 5 12 11 10 3 4 
3 10 13 12 5 5 4 
3 10 13 8 11 12 5 5 2 0 7 6 4 
3 10 13 8 9 5 5 4 
3 10 13 8 11 12 5 5 2 1 3 4 
3 4 5 5 12 11 8 7 6 4 
3 10 11 8 9 5 5 4 
3 10 13 12 5 5 9 8 7 6 4 
3 10 11 8 9 5 5 9 8 7 6 4 
3 10 11 8 13 12 5 5 12 11 8 7 6 4 
3 10 11 8 9 5 5 2 0 7 6 4 
3 4 6 7 8 9 5 5 9 8 7 6 4 
3 1 2 5 5 2 0 7 6 4 
3 10 11 12 5 5 2 1 0 7 6 4 
3 10 13 12 5 5 2 0 1 3 4 
3 10 11 8 9 5 5 2 0 1 3 4 
3 10 11 12 5 5 2 0 7 6 4 
3 10 11 8 13 12 5 5 12 11 10 3 4 
3 4 6 7 8 9 5 5 4 
3 1 0 2 5 5 9 8 7 6 4 
3 10 13 8 11 12 5 5 12 11 8 7 6 4 
---------------
Request id 8
0 1 2 5 2 1 3 
0 2 1 3 4 5 12 13 10 3 
0 1 3 4 5 2 1 3 
0 1 3 4 5 2 0 7 6 4 3 
0 1 3 10 11 12 5 2 1 3 
0 1 3 10 13 12 5 12 13 10 3 
0 2 1 3 4 5 2 0 7 6 4 3 
0 7 6 4 5 9 8 13 10 3 
0 7 6 4 5 2 0 7 6 4 3 
0 1 3 10 13 12 5 9 8 11 10 3 
0 7 8 9 5 2 0 1 3 
0 2 5 12 11 10 3 
0 1 3 10 11 12 5 9 8 11 10 3 
0 1 3 4 5 2 0 1 3 
0 7 6 4 5 12 11 10 3 
0 2 5 9 8 11 10 3 
0 1 3 10 11 12 5 9 8 13 10 3 
0 7 8 11 12 5 9 8 11 10 3 
0 2 1 3 4 5 9 8 13 10 3 
0 7 6 4 5 4 3 
0 1 2 5 9 8 13 10 3 
0 7 8 9 5 2 0 7 6 4 3 
0 7 8 9 5 12 11 10 3 
0 2 5 12 11 8 13 10 3 
0 1 2 5 2 0 7 6 4 3 
0 1 3 10 13 12 5 12 11 8 13 10 3 
0 7 8 9 5 9 8 11 10 3 
0 1 3 10 11 12 5 12 11 8 13 10 3 
0 7 8 13 12 5 9 8 11 10 3 
0 2 1 3 4 5 12 11 10 3 
0 7 8 13 12 5 2 1 3 
0 1 3 4 5 12 13 10 3 
0 1 3 10 11 12 5 4 6 7 0 1 3 
0 7 8 11 12 5 12 11 10 3 
0 1 3 4 5 12 11 8 13 10 3 
0 1 2 5 4 3 
0 1 3 10 13 12 5 2 0 1 3 
0 2 1 3 4 5 4 3 
0 1 3 4 5 12 11 10 3 
0 1 3 4 5 9 8 11 10 3 
---------------
Request id 24
8 9 5 5 4 6 7 0 1 
8 7 0 2 5 5 12 11 10 3 1 
8 11 12 5 5 9 8 7 0 2 1 
8 13 10 11 12 5 5 12 11 8 7 0 1 
8 11 12 5 5 12 11 10 3 1 
8 13 10 11 12 5 5 12 13 8 7 0 1 
8 11 10 13 12 5 5 12 13 10 3 1 
8 9 5 5 2 0 1 
8 7 6 4 5 5 12 13 10 3 1 
8 13 10 11 12 5 5 12 11 10 3 1 
8 11 10 3 4 5 5 2 0 1 
8 7 6 4 5 5 2 0 1 
8 13 10 11 12 5 5 12 13 10 3 1 
8 7 6 4 5 5 9 8 7 0 1 
8 11 10 3 4 5 5 12 13 10 3 1 
8 13 10 3 4 5 5 9 8 7 0 2 1 
8 11 12 5 5 4 6 7 0 1 
8 9 5 5 9 8 7 0 2 1 
8 7 0 1 2 5 5 12 11 8 7 0 1 
8 13 12 5 5 4 6 7 0 1 
8 7 0 2 5 5 12 13 10 3 1 
8 7 0 1 2 5 5 12 13 8 7 0 1 
8 13 10 3 4 5 5 4 6 7 0 1 
8 7 0 2 5 5 2 0 1 
8 7 0 1 2 5 5 12 13 10 3 1 
8 13 10 11 12 5 5 9 8 7 0 1 
8 11 10 13 12 5 5 4 6 7 0 1 
8 13 10 11 12 5 5 9 8 7 0 2 1 
8 9 5 5 2 1 
8 7 0 1 2 5 5 4 3 1 
8 11 10 3 4 5 5 4 6 7 0 1 
8 7 0 2 5 5 12 13 8 7 0 1 
8 7 6 4 5 5 9 8 7 0 2 1 
8 13 12 5 5 12 11 8 7 0 1 
8 11 10 3 4 5 5 12 13 8 7 0 1 
8 13 10 11 12 5 5 2 1 
8 13 12 5 5 4 3 1 
8 11 10 13 12 5 5 4 3 1 
8 11 10 13 12 5 5 9 8 7 0 2 1 
8 13 10 3 4 5 5 4 3 1 
---------------
Request id 29
2 5 5 12 13 10 11 8 9 
2 0 7 6 4 5 5 4 3 10 13 8 9 
2 0 1 3 4 5 5 12 13 10 11 8 9 
2 1 3 10 13 12 5 5 12 11 8 9 
2 1 3 10 11 12 5 5 12 13 8 9 
2 1 3 10 11 12 5 5 12 13 10 11 8 9 
2 1 0 7 8 9 5 5 2 0 7 8 9 
2 1 0 7 6 4 5 5 12 11 10 13 8 9 
2 1 3 10 11 12 5 5 2 0 7 8 9 
2 5 5 4 3 10 13 8 9 
2 0 7 8 11 12 5 5 12 13 8 9 
2 1 0 7 8 9 5 5 4 3 10 11 8 9 
2 5 5 4 3 10 11 8 9 
2 5 5 12 13 8 9 
2 1 3 4 5 5 9 
2 0 7 8 11 12 5 5 2 1 0 7 8 9 
2 1 3 10 11 12 5 5 4 3 10 13 8 9 
2 5 5 2 0 7 8 9 
2 0 7 6 4 5 5 12 11 10 13 8 9 
2 1 3 10 11 12 5 5 2 1 0 7 8 9 
2 0 1 3 4 5 5 12 11 8 9 
2 0 7 6 4 5 5 4 3 10 11 8 9 
2 1 3 10 11 12 5 5 12 11 8 9 
2 0 7 8 9 5 5 12 11 8 9 
2 1 0 7 6 4 5 5 12 13 8 9 
2 0 1 3 4 5 5 12 11 10 13 8 9 
2 1 0 7 8 9 5 5 12 11 10 13 8 9 
2 1 0 7 8 9 5 5 9 
2 0 7 8 11 12 5 5 12 13 10 11 8 9 
2 1 3 10 13 12 5 5 9 
2 0 1 3 4 5 5 4 3 10 13 8 9 
2 1 0 7 6 4 5 5 9 
2 1 3 4 5 5 12 11 10 13 8 9 
2 0 7 6 4 5 5 12 13 8 9 
2 1 3 4 5 5 2 0 7 8 9 
2 1 3 4 5 5 4 6 7 8 9 
2 1 3 4 5 5 12 13 10 11 8 9 
2 1 0 7 6 4 5 5 12 11 8 9 
2 0 1 3 4 5 5 9 
2 0 7 8 9 5 5 2 0 7 8 9 
---------------
Request id 28
6 4 3 10 13 12 5 5 2 1 0 7 
6 4 3 10 11 12 5 5 4 3 1 2 0 7 
6 4 3 10 13 12 5 5 12 13 10 11 8 7 
6 7 8 9 5 5 12 11 10 13 8 7 
6 7 0 1 2 5 5 2 0 7 
6 4 3 10 11 12 5 5 2 0 7 
6 7 8 9 5 5 4 3 1 0 7 
6 4 3 10 13 12 5 5 4 3 1 2 0 7 
6 4 3 10 11 12 5 5 12 13 10 11 8 7 
6 4 3 10 11 12 5 5 2 1 0 7 
6 7 0 1 2 5 5 4 3 1 2 0 7 
6 4 5 5 12 13 10 11 8 7 
6 7 8 13 12 5 5 12 11 10 13 8 7 
6 4 3 1 2 5 5 12 11 8 7 
6 4 5 5 12 11 10 13 8 7 
6 7 8 13 12 5 5 12 13 10 11 8 7 
6 7 0 1 3 4 5 5 4 6 7 
6 7 8 11 12 5 5 4 3 1 2 0 7 
6 7 0 1 2 5 5 9 8 7 
6 7 8 11 12 5 5 4 3 1 0 7 
6 4 3 10 13 12 5 5 12 11 10 13 8 7 
6 7 8 13 12 5 5 12 13 8 7 
6 7 8 13 12 5 5 12 11 8 7 
6 7 0 2 5 5 4 3 1 0 7 
6 4 3 10 13 12 5 5 4 6 7 
6 4 5 5 12 13 8 7 
6 7 8 11 12 5 5 12 11 8 7 
6 7 0 1 3 4 5 5 4 3 1 0 7 
6 7 0 1 3 4 5 5 12 11 8 7 
6 7 8 9 5 5 4 3 1 2 0 7 
6 7 8 11 12 5 5 2 0 7 
6 7 0 2 5 5 12 11 10 13 8 7 
6 7 8 11 12 5 5 12 13 10 11 8 7 
6 4 3 1 2 5 5 2 0 7 
6 7 0 2 5 5 2 0 7 
6 7 0 1 3 4 5 5 9 8 7 
6 7 8 11 12 5 5 12 11 10 13 8 7 
6 4 3 10 13 12 5 5 2 0 7 
6 7 0 1 2 5 5 4 6 7 
6 7 8 9 5 5 4 6 7 
---------------
Request id 5
4 6 7 8 13 12 5 2 1 3 10 13 
4 6 7 8 13 12 5 9 8 11 10 13 
4 6 7 0 2 5 12 13 
4 5 12 13 
4 6 7 0 2 5 9 8 11 12 13 
4 3 10 13 12 5 2 0 7 8 13 
4 6 7 8 9 5 9 8 11 10 13 
4 6 7 0 1 2 5 9 8 13 
4 6 7 8 9 5 4 6 7 8 13 
4 6 7 0 2 5 12 11 8 13 
4 6 7 0 2 5 2 1 3 10 13 
4 3 1 0 2 5 2 1 3 10 13 
4 3 1 0 2 5 12 11 8 13 
4 5 9 8 11 12 13 
4 6 7 8 13 12 5 9 8 13 
4 6 7 8 9 5 12 11 10 13 
4 6 7 0 2 5 4 6 7 8 13 
4 3 1 0 2 5 4 6 7 8 13 
4 3 1 2 5 4 6 7 8 13 
4 3 10 11 8 9 5 4 6 7 8 13 
4 6 7 8 13 12 5 4 6 7 8 13 
4 3 1 0 2 5 9 8 11 10 13 
4 3 10 13 12 5 9 8 13 
4 5 2 0 7 8 13 
4 3 10 11 8 9 5 2 0 7 8 13 
4 3 10 11 12 5 2 1 3 10 13 
4 3 1 2 5 12 11 8 13 
4 3 10 11 12 5 4 6 7 8 13 
4 3 10 11 12 5 4 3 10 13 
4 6 7 8 13 12 5 4 3 10 13 
4 3 10 11 12 5 12 11 8 13 
4 3 10 11 12 5 2 0 7 8 13 
4 6 7 0 1 2 5 2 1 3 10 13 
4 3 10 11 8 9 5 9 8 11 12 13 
4 6 7 0 1 2 5 9 8 11 10 13 
4 3 10 13 12 5 4 3 10 13 
4 6 7 8 9 5 9 8 13 
4 5 9 8 11 10 13 
4 6 7 0 1 2 5 2 0 7 8 13 
4 6 7 0 2 5 2 0 7 8 13 
---------------
Request id 13
12 11 10 3 4 5 5 12 13 10 3 4 6 
12 11 10 3 1 2 5 5 12 11 10 3 4 6 
12 11 8 7 6 4 5 5 2 1 0 7 6 
12 11 10 13 8 9 5 5 12 11 8 7 6 
12 5 5 9 8 7 6 
12 13 10 3 4 5 5 12 11 8 7 6 
12 13 10 3 4 5 5 2 1 0 7 6 
12 11 8 7 6 4 5 5 9 8 7 6 
12 13 8 9 5 5 12 11 10 3 4 6 
12 11 10 13 8 9 5 5 4 6 
12 11 10 3 4 5 5 4 6 
12 13 8 7 6 4 5 5 12 13 10 3 4 6 
12 13 8 9 5 5 12 11 8 7 6 
12 11 10 3 4 5 5 12 11 10 3 4 6 
12 5 5 12 13 10 3 4 6 
12 11 10 3 4 5 5 2 1 0 7 6 
12 11 8 7 6 4 5 5 4 3 1 0 7 6 
12 11 8 9 5 5 12 13 8 7 6 
12 11 8 9 5 5 4 6 
12 5 5 2 0 7 6 
12 5 5 4 6 
12 11 8 7 0 2 5 5 12 13 8 7 6 
12 5 5 12 11 8 7 6 
12 11 10 3 1 2 5 5 12 13 8 7 6 
12 11 8 7 6 4 5 5 12 13 8 7 6 
12 13 8 9 5 5 12 13 8 7 6 
12 13 10 3 4 5 5 12 13 10 3 4 6 
12 11 10 13 8 9 5 5 2 1 3 4 6 
12 11 8 9 5 5 4 3 1 0 7 6 
12 13 10 3 4 5 5 9 8 7 6 
12 11 10 3 1 2 5 5 12 11 8 7 6 
12 13 8 7 6 4 5 5 2 0 7 6 
12 11 8 7 0 2 5 5 2 0 7 6 
12 13 8 9 5 5 9 8 7 6 
12 13 10 3 4 5 5 2 0 7 6 
12 11 8 7 0 2 5 5 4 6 
12 13 8 7 6 4 5 5 2 1 3 4 6 
12 11 10 13 8 9 5 5 2 1 0 7 6 
12 11 8 7 6 4 5 5 2 1 3 4 6 
12 11 10 3 1 2 5 5 9 8 7 6 
---------------
Request id 1
4 3 1 2 5 5 5 4 3 1 
4 6 7 0 2 5 5 5 4 6 7 0 1 
4 3 10 11 12 5 5 5 2 0 1 
4 3 10 11 8 9 5 5 5 12 13 10 3 1 
4 6 7 8 9 5 5 5 12 13 10 3 1 
4 6 7 0 1 2 5 5 5 12 13 10 3 1 
4 3 1 2 5 5 5 12 13 8 7 0 1 
4 6 7 8 13 12 5 5 5 2 1 
4 6 7 0 2 5 5 5 12 11 8 7 0 1 
4 3 10 11 8 9 5 5 5 4 3 1 
4 3 1 2 5 5 5 9 8 7 0 1 
4 3 10 11 12 5 5 5 4 3 1 
4 5 5 5 9 8 7 0 1 
4 3 10 13 12 5 5 5 12 13 8 7 0 1 
4 6 7 8 9 5 5 5 4 3 1 
4 6 7 0 1 2 5 5 5 9 8 7 0 1 
4 3 1 0 2 5 5 5 9 8 7 0 2 1 
4 3 1 2 5 5 5 2 0 1 
4 3 10 13 12 5 5 5 2 1 
4 3 10 11 8 9 5 5 5 12 11 8 7 0 1 
4 6 7 0 2 5 5 5 12 11 10 3 1 
4 6 7 0 1 2 5 5 5 2 0 1 
4 3 10 13 12 5 5 5 4 3 1 
4 3 10 11 12 5 5 5 12 13 10 3 1 
4 6 7 8 13 12 5 5 5 12 11 8 7 0 1 
4 3 10 11 12 5 5 5 9 8 7 0 2 1 
4 3 1 2 5 5 5 9 8 7 0 2 1 
4 3 1 0 2 5 5 5 4 6 7 0 1 
4 6 7 8 9 5 5 5 12 11 10 3 1 
4 5 5 5 9 8 7 0 2 1 
4 6 7 8 9 5 5 5 4 6 7 0 1 
4 5 5 5 2 0 1 
4 3 1 0 2 5 5 5 4 3 1 
4 6 7 8 9 5 5 5 9 8 7 0 2 1 
4 6 7 0 1 2 5 5 5 4 6 7 0 1 
4 3 10 11 8 9 5 5 5 2 1 
4 3 10 11 12 5 5 5 2 1 
4 3 10 13 12 5 5 5 12 11 8 7 0 1 
4 6 7 0 1 2 5 5 5 4 3 1 
4 3 10 13 12 5 5 5 9 8 7 0 2 1 
---------------
Request id 7
8 13 10 3 4 5 5 5 12 13 8 9 
8 7 6 4 5 5 5 4 3 10 13 8 9 
8 7 6 4 5 5 5 2 0 7 8 9 
8 9 5 5 5 12 13 8 9 
8 9 5 5 5 12 11 8 9 
8 11 12 5 5 5 4 3 10 11 8 9 
8 13 10 3 4 5 5 5 9 
8 9 5 5 5 12 13 10 11 8 9 
8 7 0 1 2 5 5 5 4 3 10 11 8 9 
8 11 10 13 12 5 5 5 4 3 10 13 8 9 
8 13 10 11 12 5 5 5 4 3 10 13 8 9 
8 13 10 11 12 5 5 5 12 11 8 9 
8 7 0 1 2 5 5 5 12 11 8 9 
8 7 0 2 5 5 5 12 13 8 9 
8 13 10 3 4 5 5 5 12 11 10 13 8 9 
8 11 10 13 12 5 5 5 12 11 10 13 8 9 
8 11 10 3 4 5 5 5 4 3 10 13 8 9 
8 11 10 13 12 5 5 5 12 11 8 9 
8 9 5 5 5 9 
8 7 0 1 2 5 5 5 12 13 10 11 8 9 
8 7 0 1 2 5 5 5 12 13 8 9 
8 11 10 3 4 5 5 5 4 3 10 11 8 9 
8 13 12 5 5 5 12 13 10 11 8 9 
8 7 6 4 5 5 5 2 1 0 7 8 9 
8 7 6 4 5 5 5 12 13 10 11 8 9 
8 13 12 5 5 5 2 0 7 8 9 
8 9 5 5 5 4 3 10 11 8 9 
8 13 12 5 5 5 9 
8 9 5 5 5 4 3 10 13 8 9 
8 13 10 3 4 5 5 5 4 3 10 13 8 9 
8 11 12 5 5 5 12 13 8 9 
8 11 10 3 4 5 5 5 2 1 0 7 8 9 
8 9 5 5 5 2 0 7 8 9 
8 7 0 1 2 5 5 5 2 1 0 7 8 9 
8 11 12 5 5 5 9 
8 11 12 5 5 5 2 1 0 7 8 9 
8 11 12 5 5 5 2 0 7 8 9 
8 13 10 11 12 5 5 5 2 1 0 7 8 9 
8 11 10 13 12 5 5 5 12 13 10 11 8 9 
8 11 12 5 5 5 12 11 8 9 
---------------
Request id 11
9 8 7 0 1 2 5 12 11 
9 8 7 0 2 5 9 8 13 12 11 
9 8 13 10 11 12 5 9 8 13 10 11 
9 5 12 13 10 11 
9 8 7 0 2 5 12 13 8 11 
9 8 11 12 5 2 0 7 8 11 
9 8 13 10 3 4 5 9 8 13 12 11 
9 8 7 0 2 5 4 6 7 8 11 
9 8 11 10 3 4 5 4 3 10 11 
9 8 13 10 11 12 5 9 8 11 
9 8 7 6 4 5 9 8 13 12 11 
9 8 11 10 3 4 5 2 1 3 10 11 
9 8 7 0 1 2 5 12 13 10 11 
9 8 11 12 5 12 13 8 11 
9 8 11 12 5 9 8 11 
9 8 13 12 5 4 3 10 11 
9 8 13 12 5 2 1 3 10 11 
9 8 13 10 11 12 5 2 1 3 10 11 
9 8 7 0 2 5 2 0 7 8 11 
9 8 7 6 4 5 4 6 7 8 11 
9 5 12 13 8 11 
9 8 11 10 3 4 5 9 8 13 12 11 
9 5 9 8 11 
9 8 11 10 13 12 5 12 13 8 11 
9 8 7 0 1 2 5 4 6 7 8 11 
9 5 2 0 7 8 11 
9 8 7 0 1 2 5 9 8 13 10 11 
9 8 7 0 2 5 2 1 3 10 11 
9 8 7 0 2 5 4 3 10 11 
9 8 7 0 1 2 5 12 13 8 11 
9 8 7 0 2 5 12 13 10 11 
9 8 13 12 5 12 13 8 11 
9 8 13 12 5 4 6 7 8 11 
9 8 11 10 3 4 5 9 8 11 
9 5 9 8 13 12 11 
9 8 11 10 13 12 5 9 8 13 10 11 
9 8 13 10 3 4 5 12 11 
9 8 13 10 11 12 5 2 0 7 8 11 
9 8 13 10 3 4 5 4 6 7 8 11 
9 8 11 12 5 9 8 13 10 11 
---------------
Request id 25
0 2 5 5 12 11 10 
0 1 3 4 5 5 9 8 11 10 
0 1 3 4 5 5 12 13 8 11 10 
0 7 8 9 5 5 12 11 8 13 10 
0 2 1 3 4 5 5 4 6 7 8 13 10 
0 7 8 9 5 5 9 8 13 10 
0 2 1 3 4 5 5 2 0 1 3 10 
0 7 8 11 12 5 5 12 13 8 11 10 
0 1 3 10 11 12 5 5 9 8 11 10 
0 7 8 11 12 5 5 2 0 1 3 10 
0 7 8 13 12 5 5 12 13 8 11 10 
0 7 8 13 12 5 5 12 11 8 13 10 
0 7 8 9 5 5 4 6 7 8 13 10 
0 1 3 10 11 12 5 5 12 11 8 13 10 
0 7 6 4 5 5 4 6 7 8 13 10 
0 7 8 11 12 5 5 12 11 10 
0 1 3 10 11 12 5 5 2 1 3 10 
0 1 2 5 5 2 1 3 10 
0 7 8 13 12 5 5 4 6 7 8 13 10 
0 7 6 4 5 5 12 11 10 
0 1 3 10 13 12 5 5 2 0 1 3 10 
0 2 5 5 12 13 8 11 10 
0 7 8 13 12 5 5 2 0 1 3 10 
0 1 3 10 13 12 5 5 2 1 3 10 
0 1 2 5 5 12 13 10 
0 7 8 9 5 5 12 13 8 11 10 
0 7 8 11 12 5 5 4 6 7 8 13 10 
0 2 1 3 4 5 5 12 11 8 13 10 
0 7 6 4 5 5 9 8 11 10 
0 1 3 10 13 12 5 5 12 13 10 
0 1 3 10 13 12 5 5 9 8 13 10 
0 7 8 13 12 5 5 9 8 11 10 
0 1 3 4 5 5 12 11 10 
0 1 2 5 5 2 0 1 3 10 
0 1 3 10 11 12 5 5 4 6 7 8 13 10 
0 1 3 10 13 12 5 5 4 6 7 8 13 10 
0 1 2 5 5 9 8 11 10 
0 7 8 11 12 5 5 9 8 13 10 
0 2 5 5 2 1 3 10 
0 2 5 5 2 0 1 3 10 
---------------
Request id 23
7 0 2 5 5 5 2 0 7 6 4 
7 6 4 3 1 2 5 5 5 2 0 7 6 4 
7 8 11 12 5 5 5 2 0 7 6 4 
7 0 2 1 3 4 5 5 5 12 13 8 7 6 4 
7 0 1 3 4 5 5 5 12 13 10 3 4 
7 8 9 5 5 5 12 13 10 3 4 
7 0 1 3 4 5 5 5 2 1 3 4 
7 8 13 10 11 12 5 5 5 12 13 10 3 4 
7 0 2 1 3 4 5 5 5 4 
7 0 2 5 5 5 12 13 8 7 6 4 
7 0 1 2 5 5 5 2 0 7 6 4 
7 0 1 2 5 5 5 12 11 10 3 4 
7 0 1 2 5 5 5 2 0 1 3 4 
7 6 4 5 5 5 9 8 13 10 3 4 
7 8 13 12 5 5 5 2 0 7 6 4 
7 8 13 10 11 12 5 5 5 12 13 8 7 6 4 
7 0 2 1 3 4 5 5 5 9 8 13 10 3 4 
7 0 1 2 5 5 5 12 13 10 3 4 
7 8 13 12 5 5 5 12 11 8 7 6 4 
7 8 13 12 5 5 5 4 
7 0 2 5 5 5 9 8 7 6 4 
7 0 1 2 5 5 5 9 8 13 10 3 4 
7 6 4 3 1 2 5 5 5 12 13 8 7 6 4 
7 8 11 12 5 5 5 2 1 3 4 
7 0 1 3 4 5 5 5 2 0 7 6 4 
7 6 4 3 1 2 5 5 5 12 11 10 3 4 
7 0 2 5 5 5 9 8 13 10 3 4 
7 0 1 2 5 5 5 12 11 8 7 6 4 
7 8 9 5 5 5 4 
7 6 4 3 1 2 5 5 5 4 
7 0 2 5 5 5 12 13 10 3 4 
7 8 9 5 5 5 2 0 1 3 4 
7 8 13 10 11 12 5 5 5 9 8 7 6 4 
7 0 1 2 5 5 5 9 8 7 6 4 
7 8 13 10 11 12 5 5 5 12 11 10 3 4 
7 0 1 3 4 5 5 5 4 
7 0 2 1 3 4 5 5 5 2 1 3 4 
7 6 4 5 5 5 12 13 8 7 6 4 
7 8 11 12 5 5 5 12 13 10 3 4 
7 8 13 10 11 12 5 5 5 12 11 8 7 6 4 
---------------
Request id 20
12 5 5 12 13 8 11 10 
12 13 8 7 6 4 5 5 9 8 11 10 
12 13 10 11 8 9 5 5 12 11 8 13 10 
12 13 8 7 6 4 5 5 4 3 10 
12 5 5 12 13 10 
12 13 8 9 5 5 12 13 8 11 10 
12 13 10 3 4 5 5 9 8 13 10 
12 13 8 7 0 2 5 5 4 6 7 8 11 10 
12 13 8 9 5 5 9 8 11 10 
12 13 8 9 5 5 12 13 10 
12 13 10 3 1 2 5 5 12 13 10 
12 11 10 3 4 5 5 9 8 11 10 
12 13 10 3 4 5 5 12 13 8 11 10 
12 13 10 11 8 9 5 5 9 8 13 10 
12 13 8 9 5 5 4 6 7 8 11 10 
12 5 5 4 6 7 8 11 10 
12 5 5 12 11 8 13 10 
12 13 8 7 0 2 5 5 12 11 8 13 10 
12 11 8 9 5 5 9 8 11 10 
12 11 8 7 6 4 5 5 4 6 7 8 11 10 
12 11 8 7 6 4 5 5 12 13 10 
12 13 8 9 5 5 12 11 10 
12 13 8 7 0 2 5 5 12 11 10 
12 13 10 3 1 2 5 5 12 11 10 
12 11 8 9 5 5 12 11 8 13 10 
12 11 8 7 6 4 5 5 12 11 8 13 10 
12 11 8 7 6 4 5 5 12 11 10 
12 11 8 9 5 5 2 1 3 10 
12 13 8 9 5 5 2 1 3 10 
12 11 10 3 4 5 5 9 8 13 10 
12 13 10 3 1 2 5 5 4 3 10 
12 13 8 7 6 4 5 5 12 11 10 
12 13 10 3 4 5 5 2 0 1 3 10 
12 13 8 7 0 2 5 5 4 3 10 
12 13 8 7 6 4 5 5 12 13 10 
12 13 8 9 5 5 12 11 8 13 10 
12 11 10 3 4 5 5 4 3 10 
12 13 10 3 4 5 5 12 11 8 13 10 
12 11 8 9 5 5 2 0 1 3 10 
12 13 10 11 8 9 5 5 12 13 8 11 10 
---------------
Request id 21
1 2 5 5 2 1 0 7 6 4 
1 3 10 13 12 5 5 4 
1 3 10 13 8 9 5 5 12 13 10 3 4 
1 3 4 5 5 2 0 7 6 4 
1 0 7 8 9 5 5 4 
1 0 7 8 13 12 5 5 2 0 1 3 4 
1 3 10 11 12 5 5 12 13 10 3 4 
1 3 10 13 8 9 5 5 2 0 1 3 4 
1 0 7 8 13 12 5 5 2 0 7 6 4 
1 3 10 13 12 5 5 9 8 11 10 3 4 
1 3 4 5 5 2 1 0 7 6 4 
1 0 7 6 4 5 5 9 8 7 6 4 
1 0 7 8 13 12 5 5 12 13 10 3 4 
1 2 5 5 2 0 1 3 4 
1 3 10 13 12 5 5 12 13 10 3 4 
1 3 10 11 12 5 5 2 1 3 4 
1 0 7 6 4 5 5 2 1 3 4 
1 3 10 13 8 9 5 5 12 11 10 3 4 
1 3 10 11 12 5 5 4 
1 0 7 8 13 12 5 5 2 1 0 7 6 4 
1 3 10 13 8 9 5 5 9 8 11 10 3 4 
1 3 10 11 12 5 5 2 0 1 3 4 
1 3 4 5 5 12 13 10 3 4 
1 2 0 7 6 4 5 5 12 11 8 7 6 4 
1 0 7 8 9 5 5 12 11 10 3 4 
1 2 0 7 6 4 5 5 12 13 10 3 4 
1 0 2 5 5 9 8 7 6 4 
1 3 10 13 8 9 5 5 9 8 7 6 4 
1 2 5 5 2 1 3 4 
1 0 7 6 4 5 5 2 0 1 3 4 
1 2 0 7 6 4 5 5 9 8 11 10 3 4 
1 3 4 5 5 2 0 1 3 4 
1 3 10 13 8 9 5 5 4 
1 2 5 5 12 11 10 3 4 
1 0 7 6 4 5 5 2 1 0 7 6 4 
1 0 2 5 5 9 8 11 10 3 4 
1 3 10 13 12 5 5 9 8 7 6 4 
1 0 7 8 13 12 5 5 12 11 10 3 4 
1 0 2 5 5 4 
1 3 4 5 5 4 
---------------
Request id 30
4 5 12 13 8 7 0 
4 6 7 8 11 12 5 2 1 0 
4 3 10 11 12 5 12 11 10 3 1 0 
4 6 7 0 2 5 12 11 8 7 0 
4 3 10 13 12 5 12 11 10 3 1 0 
4 6 7 0 2 5 4 3 1 0 
4 6 7 8 9 5 12 11 10 3 1 0 
4 6 7 8 13 12 5 12 11 8 7 0 
4 3 1 2 5 12 13 8 7 0 
4 5 2 0 
4 6 7 0 2 5 12 13 10 3 1 0 
4 3 10 11 12 5 9 8 7 0 
4 6 7 8 9 5 4 6 7 0 
4 6 7 8 9 5 2 0 
4 5 2 1 0 
4 6 7 8 13 12 5 2 0 
4 6 7 8 11 12 5 12 11 8 7 0 
4 3 10 13 12 5 4 3 1 2 0 
4 3 10 11 8 9 5 2 1 0 
4 6 7 0 2 5 12 11 10 3 1 0 
4 6 7 8 13 12 5 12 13 10 3 1 0 
4 3 1 0 2 5 2 0 
4 3 10 11 12 5 2 1 0 
4 5 4 3 1 2 0 
4 5 9 8 7 0 
4 5 12 11 8 7 0 
4 3 1 0 2 5 4 6 7 0 
4 3 10 11 8 9 5 12 13 8 7 0 
4 6 7 8 9 5 12 13 10 3 1 0 
4 6 7 8 13 12 5 2 1 0 
4 3 1 0 2 5 12 13 8 7 0 
4 3 10 13 12 5 9 8 7 0 
4 6 7 8 11 12 5 12 13 10 3 1 0 
4 3 1 0 2 5 12 11 10 3 1 0 
4 6 7 8 13 12 5 4 6 7 0 
4 3 10 13 12 5 12 11 8 7 0 
4 3 10 11 8 9 5 4 6 7 0 
4 6 7 8 11 12 5 12 13 8 7 0 
4 3 10 11 12 5 2 0 
4 3 10 11 8 9 5 12 11 8 7 0 
---------------
Request id 2
0 1 3 10 11 12 5 2 1 0 7 6 4 
0 7 6 4 5 2 0 7 6 4 
0 1 3 10 13 12 5 2 0 1 3 4 
0 7 8 9 5 12 13 10 3 4 
0 7 8 11 12 5 9 8 13 10 3 4 
0 7 8 13 12 5 2 0 7 6 4 
0 1 3 4 5 12 11 10 3 4 
0 7 8 13 12 5 9 8 7 6 4 
0 1 3 4 5 2 0 1 3 4 
0 1 2 5 2 1 3 4 
0 1 3 4 5 9 8 13 10 3 4 
0 2 5 12 13 8 7 6 4 
0 2 1 3 4 5 2 0 1 3 4 
0 1 3 10 11 12 5 2 0 7 6 4 
0 7 8 9 5 2 1 3 4 
0 7 8 13 12 5 9 8 13 10 3 4 
0 1 3 10 11 12 5 9 8 7 6 4 
0 7 8 11 12 5 9 8 7 6 4 
0 7 8 11 12 5 12 13 10 3 4 
0 1 3 10 13 12 5 9 8 13 10 3 4 
0 7 8 11 12 5 2 1 3 4 
0 2 5 2 1 3 4 
0 7 8 13 12 5 12 13 8 7 6 4 
0 1 3 10 13 12 5 2 1 0 7 6 4 
0 7 8 9 5 9 8 13 10 3 4 
0 7 6 4 5 12 13 8 7 6 4 
0 2 1 3 4 5 12 11 10 3 4 
0 1 3 4 5 12 13 10 3 4 
0 2 5 2 0 7 6 4 
0 7 8 11 12 5 4 
0 2 1 3 4 5 12 13 8 7 6 4 
0 1 2 5 9 8 7 6 4 
0 1 3 4 5 2 1 3 4 
0 1 3 4 5 9 8 7 6 4 
0 1 3 10 13 12 5 2 1 3 4 
0 1 3 10 11 12 5 12 11 10 3 4 
0 7 8 9 5 4 
0 2 1 3 4 5 2 0 7 6 4 
0 2 5 4 
0 2 5 9 8 13 10 3 4 
---------------
Request id 10
6 4 3 10 13 12 5 4 6 7 8 11 
6 7 0 1 2 5 12 13 10 11 
6 4 3 1 0 2 5 9 8 13 10 11 
6 7 8 13 12 5 2 0 7 8 11 
6 7 8 9 5 9 8 11 
6 4 3 1 2 5 9 8 13 12 11 
6 4 5 9 8 11 
6 4 3 1 2 5 2 0 7 8 11 
6 7 8 9 5 9 8 13 12 11 
6 4 3 10 13 12 5 12 13 8 11 
6 4 3 10 13 12 5 9 8 13 10 11 
6 4 3 1 2 5 12 13 10 11 
6 7 0 2 5 9 8 13 10 11 
6 7 8 9 5 2 0 7 8 11 
6 4 5 12 13 10 11 
6 4 3 1 0 2 5 4 3 10 11 
6 7 0 2 5 12 13 8 11 
6 4 3 1 0 2 5 9 8 13 12 11 
6 7 8 13 12 5 4 6 7 8 11 
6 4 3 1 2 5 4 6 7 8 11 
6 7 0 2 5 2 1 3 10 11 
6 7 0 1 3 4 5 9 8 11 
6 7 8 11 12 5 4 3 10 11 
6 7 8 13 12 5 12 11 
6 7 8 11 12 5 4 6 7 8 11 
6 7 8 13 12 5 2 1 3 10 11 
6 7 8 11 12 5 12 13 8 11 
6 4 3 10 13 12 5 12 11 
6 7 0 1 2 5 9 8 13 12 11 
6 7 8 9 5 2 1 3 10 11 
6 4 3 10 13 12 5 2 1 3 10 11 
6 7 0 1 2 5 2 1 3 10 11 
6 4 3 1 2 5 12 11 
6 7 0 1 3 4 5 4 3 10 11 
6 4 3 1 2 5 2 1 3 10 11 
6 7 0 2 5 12 13 10 11 
6 7 8 9 5 4 3 10 11 
6 4 3 1 2 5 9 8 11 
6 7 8 13 12 5 4 3 10 11 
6 7 0 1 3 4 5 12 13 10 11 
---------------
