Request id 2
26 35 29 23 17 9 13 32 13 9 17 23 29 35 36 40 46 50 52 55 58 60 62 67 74 71 81 80 69 79 86 93 
26 35 29 23 17 9 13 32 13 9 17 23 29 35 36 40 46 50 52 55 58 60 62 65 54 57 59 64 69 79 86 93 
26 35 29 23 17 9 13 32 13 9 17 23 29 35 36 40 46 49 56 75 78 66 68 63 67 74 71 81 80 69 79 86 93 
26 35 29 23 17 9 13 32 13 9 17 23 29 35 36 40 46 50 52 55 58 60 62 67 74 71 81 80 69 79 76 70 86 93 
26 35 29 23 17 9 13 32 13 9 17 23 29 35 36 40 46 49 56 75 72 73 77 68 63 67 74 71 81 80 69 79 86 93 
---------------
Request id 11
66 78 75 56 49 46 40 43 33 43 40 36 35 29 23 17 9 13 32 39 
66 78 75 56 49 46 40 43 33 41 40 36 35 29 23 17 9 13 32 39 
66 78 75 56 49 46 40 43 33 43 40 37 30 21 26 35 29 23 17 9 13 32 39 
66 78 75 56 49 46 40 43 33 41 40 37 30 21 26 35 29 23 17 9 13 32 39 
66 78 75 56 49 46 40 43 33 20 15 5 19 28 40 36 35 29 23 17 9 13 32 39 
---------------
Request id 4
42 49 56 75 56 49 46 40 37 30 21 
42 49 56 75 56 49 46 40 36 35 26 21 
42 49 56 75 78 66 68 63 67 62 60 58 55 52 50 46 40 37 30 21 
42 49 56 75 78 66 68 63 67 62 60 58 55 52 50 46 40 36 35 26 21 
42 49 56 75 72 73 77 68 63 67 62 60 58 55 52 50 46 40 37 30 21 
---------------
Request id 5
97 99 100 94 87 85 83 84 82 81 82 84 83 85 87 94 87 85 83 84 82 81 71 74 67 62 60 58 55 52 50 46 40 28 19 5 
97 99 100 94 87 85 83 84 82 81 82 84 83 85 87 94 87 85 83 84 82 81 71 74 67 63 68 66 78 75 56 49 46 40 28 19 5 
97 99 100 94 87 85 83 84 82 81 82 84 83 85 87 94 87 85 83 84 82 81 71 74 67 62 60 58 55 52 50 46 40 41 33 20 15 5 
97 99 100 94 87 85 83 84 82 81 82 84 83 85 87 94 87 85 83 84 82 81 82 84 83 74 67 62 60 58 55 52 50 46 40 28 19 5 
97 99 100 94 87 85 83 84 82 81 82 84 83 85 87 94 87 85 83 84 82 81 71 74 67 63 68 77 73 72 75 56 49 46 40 28 19 5 
---------------
Request id 14
88 84 82 81 80 69 80 81 71 74 67 62 60 58 55 52 50 46 40 36 35 29 23 17 9 13 32 31 22 
88 84 82 81 80 69 64 59 57 54 65 62 60 58 55 52 50 46 40 36 35 29 23 17 9 13 32 31 22 
88 84 82 81 80 69 80 81 71 74 67 63 68 66 78 75 56 49 46 40 36 35 29 23 17 9 13 32 31 22 
88 84 82 81 80 69 80 81 82 84 83 74 67 62 60 58 55 52 50 46 40 36 35 29 23 17 9 13 32 31 22 
88 84 82 81 80 69 80 81 71 74 67 63 68 77 73 72 75 56 49 46 40 36 35 29 23 17 9 13 32 31 22 
---------------
Request id 3
8 7 12 17 9 17 23 29 35 36 40 46 50 52 55 58 60 62 60 58 55 52 50 46 40 36 35 29 23 17 9 3 0 4 6 
8 7 12 17 9 17 23 29 35 36 40 46 50 52 55 58 60 62 67 63 68 66 78 75 56 49 46 40 36 35 29 23 17 9 3 0 4 6 
8 7 12 17 9 17 23 29 35 36 40 46 50 52 55 58 60 62 60 58 55 52 50 46 40 36 35 29 23 17 9 13 32 31 22 14 11 6 
8 7 12 17 9 17 23 29 35 36 40 46 50 52 55 58 60 62 60 58 55 52 50 46 40 37 30 21 26 35 29 23 17 9 3 0 4 6 
8 7 12 17 9 17 23 29 35 36 40 46 50 52 55 58 60 62 67 63 68 77 73 72 75 56 49 46 40 36 35 29 23 17 9 3 0 4 6 
---------------
Request id 17
55 58 60 62 65 54 57 59 64 69 80 81 82 84 83 85 101 85 83 84 88 
55 58 60 62 65 54 57 59 64 69 80 81 82 84 83 85 101 102 98 94 87 85 83 84 88 
55 58 60 62 65 54 57 59 64 69 80 81 82 84 83 85 101 85 83 74 71 81 82 84 88 
55 58 60 62 65 54 57 59 64 69 80 81 82 84 83 85 101 102 98 94 87 85 83 74 71 81 82 84 88 
55 58 60 62 65 54 57 59 64 69 80 81 82 84 83 85 101 85 83 74 67 62 65 54 57 59 64 69 80 81 82 84 88 
---------------
Request id 20
58 60 62 67 74 83 85 101 85 83 74 71 81 80 69 79 86 93 
58 60 62 67 74 83 85 101 85 83 84 82 81 80 69 79 86 93 
58 60 62 67 74 83 85 101 85 83 74 71 81 80 69 79 76 70 86 93 
58 60 62 67 74 83 85 101 85 83 84 82 81 80 69 79 76 70 86 93 
58 60 62 67 74 83 85 101 85 83 74 67 62 65 54 57 59 64 69 79 86 93 
---------------
Request id 16
60 62 67 63 68 63 67 74 83 85 87 85 83 74 71 81 80 69 64 59 
60 62 67 63 68 63 67 74 83 85 87 85 83 74 71 81 80 69 80 81 71 74 67 62 65 54 57 59 
60 62 67 63 68 63 67 74 83 85 87 85 83 74 71 81 80 69 80 81 82 84 83 74 67 62 65 54 57 59 
60 62 67 63 68 63 67 74 83 85 87 85 83 74 71 81 80 69 80 81 71 74 67 62 65 45 34 48 53 54 57 59 
60 62 67 63 68 63 67 74 83 85 87 85 83 74 71 81 80 69 80 81 82 84 83 74 67 62 65 45 34 48 53 54 57 59 
---------------
Request id 10
48 53 54 57 59 64 69 69 79 76 
48 53 54 57 59 64 69 69 79 86 70 76 
48 34 45 65 54 57 59 64 69 69 79 76 
48 34 45 65 54 57 59 64 69 69 79 86 70 76 
48 53 54 65 62 67 74 71 81 80 69 69 79 76 
---------------
Request id 8
42 49 46 40 41 33 43 40 37 
42 49 46 40 41 33 41 40 37 
42 49 46 40 41 33 20 15 5 19 28 40 37 
42 49 46 40 41 33 41 40 36 35 26 21 30 37 
42 49 46 40 41 33 43 40 36 35 26 21 30 37 
---------------
Request id 9
61 65 62 67 63 68 63 67 62 65 54 57 59 64 69 79 86 79 69 80 81 71 74 67 62 60 58 55 52 50 46 40 43 33 20 25 24 16 
61 65 62 67 63 68 63 67 62 65 54 57 59 64 69 79 86 79 69 64 59 57 54 65 62 60 58 55 52 50 46 40 28 19 5 15 10 16 
61 65 62 67 63 68 63 67 62 65 54 57 59 64 69 79 86 79 69 80 81 71 74 67 62 60 58 55 52 50 46 40 28 19 5 15 10 16 
61 65 62 67 63 68 63 67 62 65 54 57 59 64 69 79 86 79 69 64 59 57 54 65 62 60 58 55 52 50 46 40 41 33 20 25 24 16 
61 65 62 67 63 68 63 67 62 65 54 57 59 64 69 79 86 79 69 80 81 71 74 67 62 60 58 55 52 50 46 40 43 33 20 15 10 16 
---------------
Request id 6
42 49 46 40 43 33 41 40 46 50 52 55 58 60 62 67 74 83 85 87 94 100 99 97 96 
42 49 46 40 43 33 43 40 46 50 52 55 58 60 62 67 74 83 85 87 94 100 99 97 96 
42 49 46 40 43 33 41 40 46 49 56 75 78 66 68 63 67 74 83 85 87 94 100 99 97 96 
42 49 46 40 43 33 43 40 46 49 56 75 78 66 68 63 67 74 83 85 87 94 100 99 97 96 
42 49 46 40 43 33 41 40 46 50 52 55 58 60 62 67 74 83 85 101 102 98 94 100 99 97 96 
---------------
Request id 12
100 94 98 102 101 85 83 84 82 
100 94 98 102 101 85 83 74 71 81 82 
100 94 98 102 101 102 98 94 87 85 83 84 82 
100 94 98 102 101 102 98 94 87 85 83 74 71 81 82 
100 94 98 102 101 85 83 74 67 62 65 54 57 59 64 69 80 81 82 
---------------
Request id 19
36 40 46 49 56 75 56 49 46 50 52 
36 40 46 49 56 75 78 66 68 63 67 62 60 58 55 52 
36 40 46 49 56 75 72 73 77 68 63 67 62 60 58 55 52 
36 40 46 49 56 75 78 66 68 63 67 74 71 81 80 69 64 59 57 54 65 62 60 58 55 52 
36 40 46 49 56 75 72 73 77 68 63 67 74 71 81 80 69 64 59 57 54 65 62 60 58 55 52 
---------------
Request id 15
53 54 57 59 64 69 79 86 79 69 80 81 71 74 67 62 60 58 55 52 50 46 40 36 35 29 23 17 12 7 8 
53 54 57 59 64 69 79 86 79 69 64 59 57 54 65 62 60 58 55 52 50 46 40 36 35 29 23 17 12 7 8 
53 54 57 59 64 69 79 86 79 69 80 81 71 74 67 63 68 66 78 75 56 49 46 40 36 35 29 23 17 12 7 8 
53 54 57 59 64 69 79 86 79 69 80 81 71 74 67 62 60 58 55 52 50 46 40 36 35 29 23 17 9 3 2 1 8 
53 54 57 59 64 69 79 86 70 76 79 69 80 81 71 74 67 62 60 58 55 52 50 46 40 36 35 29 23 17 12 7 8 
---------------
Request id 13
96 97 99 100 94 98 102 101 85 83 74 71 81 71 74 67 63 68 66 
96 97 99 100 94 98 102 101 85 83 74 71 81 82 84 83 74 67 63 68 66 
96 97 99 100 94 98 102 101 85 83 74 71 81 71 74 67 63 68 77 73 72 75 78 66 
96 97 99 100 94 98 102 101 85 83 74 71 81 80 69 64 59 57 54 65 62 67 63 68 66 
96 97 99 100 94 98 102 101 85 83 74 71 81 82 84 83 74 67 63 68 77 73 72 75 78 66 
---------------
Request id 7
12 17 9 13 32 13 9 17 23 29 35 36 40 46 40 36 35 29 23 17 12 7 8 
12 17 9 13 32 13 9 17 23 29 35 36 40 46 40 36 35 29 23 17 9 3 2 1 8 
12 17 9 13 32 13 9 17 23 29 35 36 40 46 40 37 30 21 26 35 29 23 17 12 7 8 
12 17 9 13 32 13 9 17 23 29 35 36 40 46 40 37 30 21 26 35 29 23 17 9 3 2 1 8 
12 17 9 13 32 13 9 17 23 29 35 36 40 46 40 36 35 29 23 17 9 13 32 31 22 14 11 6 4 0 3 2 1 8 
---------------
Request id 18
28 40 46 49 46 40 36 35 29 23 17 9 3 2 1 
28 40 46 49 46 40 36 35 29 23 17 12 7 8 1 
28 40 46 49 46 40 37 30 21 26 35 29 23 17 9 3 2 1 
28 40 46 49 46 40 37 30 21 26 35 29 23 17 12 7 8 1 
28 40 46 49 46 40 36 35 29 23 17 9 13 32 31 22 14 11 6 4 0 3 2 1 
---------------
Request id 1
51 61 65 62 67 63 68 66 78 75 56 49 46 40 36 35 29 23 17 9 13 32 31 22 
51 61 65 62 67 63 68 77 73 72 75 56 49 46 40 36 35 29 23 17 9 13 32 31 22 
51 61 65 62 67 63 68 66 78 75 56 49 46 40 36 35 29 23 17 9 3 0 4 6 11 14 22 
51 61 65 62 67 63 68 66 78 75 56 49 46 40 37 30 21 26 35 29 23 17 9 13 32 31 22 
51 61 65 62 67 63 68 63 67 62 60 58 55 52 50 46 40 36 35 29 23 17 9 13 32 31 22 
---------------
