Request id 4
45 34 48 53 54 65 62 60 58 55 52 50 46 40 41 33 41 40 28 19 5 15 10 16 24 25 20 15 5 19 28 40 46 49 56 75 78 66 68 63 67 62 67 63 68 66 78 75 56 49 46 40 28 19 5 15 20 33 41 
45 34 48 53 54 65 62 60 58 55 52 50 46 40 41 33 43 40 28 19 5 15 20 33 41 40 46 49 56 75 72 73 77 68 63 67 62 67 63 68 77 73 72 75 56 49 46 40 43 33 41 
45 65 62 60 58 55 52 50 46 40 41 33 43 40 28 19 5 15 10 16 24 25 20 33 41 40 46 50 52 55 58 60 62 60 58 55 52 50 46 40 28 19 5 15 10 16 24 25 20 33 41 
45 34 48 53 54 65 62 60 58 55 52 50 46 40 43 33 41 40 28 19 5 15 10 16 24 25 20 15 5 19 28 40 46 50 52 55 58 60 62 67 63 68 77 73 72 75 56 49 46 40 28 19 5 15 20 33 41 
45 65 62 60 58 55 52 50 46 40 28 19 5 15 20 33 43 40 28 19 5 15 10 16 24 25 20 15 5 19 28 40 46 49 56 75 78 66 68 63 67 62 67 63 68 66 78 75 56 49 46 40 28 19 5 15 20 33 41 
45 65 62 60 58 55 52 50 46 40 41 33 41 40 28 19 5 15 20 25 24 16 10 15 5 19 28 40 46 50 52 55 58 60 62 67 63 68 77 73 72 75 56 49 46 40 28 19 5 15 20 33 41 
45 65 62 60 58 55 52 50 46 40 28 19 5 15 20 33 41 40 28 19 5 15 20 33 43 40 46 50 52 55 58 60 62 60 58 55 52 50 46 40 43 33 41 
45 65 62 60 58 55 52 50 46 40 41 33 43 40 28 19 5 15 20 33 41 40 46 49 56 75 78 66 68 63 67 62 67 63 68 77 73 72 75 56 49 46 40 41 
45 34 48 53 54 65 62 60 58 55 52 50 46 40 41 33 20 33 41 40 46 49 56 75 72 73 77 68 63 67 62 67 63 68 66 78 75 56 49 46 40 28 19 5 15 20 33 41 
45 34 48 53 54 65 62 67 63 68 66 78 75 56 49 46 40 41 33 43 40 28 19 5 15 10 16 24 25 20 15 5 19 28 40 46 49 56 75 78 66 68 63 67 62 60 58 55 52 50 46 40 28 19 5 15 20 33 41 
45 34 48 53 54 65 62 60 58 55 52 50 46 40 43 33 43 40 28 19 5 15 10 16 24 25 20 33 41 40 46 49 56 75 78 66 68 63 67 62 67 63 68 66 78 75 56 49 46 40 28 19 5 15 20 33 41 
45 65 62 67 63 68 66 78 75 56 49 46 40 43 33 43 40 28 19 5 15 20 33 43 40 46 49 56 75 72 73 77 68 63 67 62 67 63 68 77 73 72 75 56 49 46 40 41 
45 34 48 53 54 65 62 60 58 55 52 50 46 40 41 33 41 40 28 19 5 15 20 33 43 40 46 49 56 75 72 73 77 68 63 67 62 60 58 55 52 50 46 40 28 19 5 15 10 16 24 25 20 33 41 
45 34 48 53 54 65 62 60 58 55 52 50 46 40 43 33 43 40 28 19 5 15 10 16 24 25 20 33 43 40 46 49 56 75 72 73 77 68 63 67 62 67 63 68 66 78 75 56 49 46 40 41 
45 65 62 60 58 55 52 50 46 40 28 19 5 15 20 33 20 25 24 16 10 15 5 19 28 40 46 50 52 55 58 60 62 67 63 68 66 78 75 56 49 46 40 43 33 41 
45 65 62 60 58 55 52 50 46 40 43 33 43 40 28 19 5 15 20 33 43 40 46 49 56 75 72 73 77 68 63 67 62 67 63 68 66 78 75 56 49 46 40 43 33 41 
45 65 62 60 58 55 52 50 46 40 43 33 43 40 28 19 5 15 20 33 41 40 46 49 56 75 78 66 68 63 67 62 67 63 68 66 78 75 56 49 46 40 43 33 41 
45 65 62 67 63 68 66 78 75 56 49 46 40 43 33 43 40 28 19 5 15 20 15 5 19 28 40 46 50 52 55 58 60 62 67 63 68 66 78 75 56 49 46 40 41 
45 34 48 53 54 65 62 60 58 55 52 50 46 40 43 33 41 40 28 19 5 15 20 15 5 19 28 40 46 49 56 75 72 73 77 68 63 67 62 67 63 68 77 73 72 75 56 49 46 40 43 33 41 
45 34 48 53 54 65 62 60 58 55 52 50 46 40 41 33 20 33 43 40 46 49 56 75 78 66 68 63 67 62 67 63 68 66 78 75 56 49 46 40 28 19 5 15 20 33 41 
45 34 48 53 54 65 62 60 58 55 52 50 46 40 43 33 41 40 28 19 5 15 20 15 5 19 28 40 46 49 56 75 72 73 77 68 63 67 62 60 58 55 52 50 46 40 28 19 5 15 10 16 24 25 20 33 41 
45 65 62 60 58 55 52 50 46 40 41 33 20 33 43 40 46 49 56 75 78 66 68 63 67 62 67 63 68 66 78 75 56 49 46 40 43 33 41 
45 65 62 67 63 68 77 73 72 75 56 49 46 40 41 33 41 40 28 19 5 15 20 33 41 40 46 50 52 55 58 60 62 60 58 55 52 50 46 40 28 19 5 15 10 16 24 25 20 33 41 
45 65 62 67 63 68 66 78 75 56 49 46 40 43 33 41 40 28 19 5 15 10 16 24 25 20 33 43 40 46 49 56 75 72 73 77 68 63 67 62 67 63 68 66 78 75 56 49 46 40 41 
45 34 48 53 54 65 62 67 63 68 66 78 75 56 49 46 40 41 33 20 33 41 40 46 50 52 55 58 60 62 67 63 68 77 73 72 75 56 49 46 40 43 33 41 
45 65 62 60 58 55 52 50 46 40 28 19 5 15 20 33 43 40 28 19 5 15 20 33 43 40 46 49 56 75 78 66 68 63 67 62 67 63 68 77 73 72 75 56 49 46 40 43 33 41 
45 65 62 60 58 55 52 50 46 40 28 19 5 15 20 33 43 40 28 19 5 15 10 16 24 25 20 15 5 19 28 40 46 50 52 55 58 60 62 67 63 68 66 78 75 56 49 46 40 41 
45 65 62 60 58 55 52 50 46 40 28 19 5 15 20 33 41 40 28 19 5 15 10 16 24 25 20 33 43 40 46 49 56 75 72 73 77 68 63 67 62 67 63 68 66 78 75 56 49 46 40 28 19 5 15 20 33 41 
45 65 62 67 63 68 66 78 75 56 49 46 40 41 33 41 40 28 19 5 15 20 33 41 40 46 49 56 75 72 73 77 68 63 67 62 67 63 68 77 73 72 75 56 49 46 40 43 33 41 
45 65 62 60 58 55 52 50 46 40 41 33 43 40 28 19 5 15 20 15 5 19 28 40 46 49 56 75 78 66 68 63 67 62 67 63 68 66 78 75 56 49 46 40 41 
---------------
Request id 2
57 54 65 62 67 63 68 77 73 72 75 56 49 46 40 43 33 41 40 28 19 5 15 20 25 24 16 10 15 5 19 28 40 36 35 29 23 17 9 3 0 3 2 1 8 7 12 17 23 29 35 36 40 28 19 5 
57 54 65 62 67 63 68 66 78 75 56 49 46 40 41 33 20 33 41 40 36 35 29 23 17 9 3 0 3 9 17 23 29 35 36 40 43 33 20 15 5 
57 54 65 62 60 58 55 52 50 46 40 28 19 5 15 20 33 20 15 5 19 28 40 36 35 29 23 17 9 3 0 3 9 17 23 29 35 26 21 30 37 40 41 33 20 15 5 
57 54 65 62 67 63 68 66 78 75 56 49 46 40 43 33 43 40 28 19 5 15 10 16 24 25 20 33 43 40 37 30 21 26 35 29 23 17 9 3 0 3 2 1 8 7 12 17 23 29 35 36 40 28 19 5 
57 54 65 62 67 63 68 77 73 72 75 56 49 46 40 41 33 41 40 28 19 5 15 20 33 41 40 37 30 21 26 35 29 23 17 9 3 0 3 2 1 8 7 12 17 23 29 35 36 40 43 33 20 15 5 
57 54 65 62 67 63 68 77 73 72 75 56 49 46 40 41 33 41 40 28 19 5 15 20 33 43 40 36 35 29 23 17 12 7 8 1 2 3 0 3 9 17 23 29 35 36 40 43 33 20 15 5 
57 54 65 62 60 58 55 52 50 46 40 43 33 20 33 43 40 37 30 21 26 35 29 23 17 9 3 0 3 9 17 23 29 35 36 40 43 33 20 25 24 16 10 15 5 
57 54 53 48 34 45 65 62 60 58 55 52 50 46 40 41 33 41 40 28 19 5 15 20 33 43 40 36 35 29 23 17 12 7 8 1 2 3 0 3 9 17 23 29 35 36 40 41 33 20 25 24 16 10 15 5 
57 54 53 48 34 45 65 62 60 58 55 52 50 46 40 41 33 43 40 28 19 5 15 20 33 43 40 36 35 29 23 17 9 3 0 3 9 17 23 29 35 26 21 30 37 40 43 33 20 15 5 
57 54 65 62 60 58 55 52 50 46 40 41 33 43 40 28 19 5 15 20 33 41 40 36 35 29 23 17 9 3 0 3 9 17 23 29 35 26 21 30 37 40 28 19 5 
57 54 65 62 60 58 55 52 50 46 40 28 19 5 15 20 33 43 40 28 19 5 15 10 16 24 25 20 15 5 19 28 40 37 30 21 26 35 29 23 17 9 3 0 3 9 17 23 29 35 26 21 30 37 40 43 33 20 15 5 
57 54 65 62 67 63 68 66 78 75 56 49 46 40 43 33 43 40 28 19 5 15 20 33 41 40 36 35 29 23 17 12 7 8 1 2 3 0 3 9 17 23 29 35 26 21 30 37 40 28 19 5 
57 59 64 69 80 81 71 74 67 62 60 58 55 52 50 46 40 43 33 41 40 28 19 5 15 20 25 24 16 10 15 5 19 28 40 36 35 29 23 17 9 3 0 3 9 17 23 29 35 36 40 43 33 20 25 24 16 10 15 5 
57 54 65 62 60 58 55 52 50 46 40 43 33 41 40 28 19 5 15 20 33 41 40 36 35 29 23 17 9 3 0 3 9 17 23 29 35 36 40 28 19 5 
57 54 65 62 60 58 55 52 50 46 40 28 19 5 15 20 33 41 40 28 19 5 15 10 16 24 25 20 33 43 40 37 30 21 26 35 29 23 17 9 3 0 3 9 17 23 29 35 26 21 30 37 40 28 19 5 
57 54 53 48 34 45 65 62 60 58 55 52 50 46 40 43 33 43 40 28 19 5 15 10 16 24 25 20 15 5 19 28 40 36 35 29 23 17 12 7 8 1 2 3 0 3 2 1 8 7 12 17 23 29 35 36 40 43 33 20 15 5 
57 54 53 48 34 45 65 62 60 58 55 52 50 46 40 43 33 20 33 43 40 37 30 21 26 35 29 23 17 9 3 0 3 2 1 8 7 12 17 23 29 35 36 40 43 33 20 15 5 
57 54 65 62 67 63 68 66 78 75 56 49 46 40 43 33 41 40 28 19 5 15 20 33 43 40 36 35 29 23 17 9 3 0 3 9 17 23 29 35 36 40 28 19 5 
57 59 64 69 80 81 71 74 67 62 60 58 55 52 50 46 40 43 33 43 40 28 19 5 15 10 16 24 25 20 15 5 19 28 40 36 35 29 23 17 9 3 0 3 9 17 23 29 35 36 40 41 33 20 15 5 
57 54 65 62 60 58 55 52 50 46 40 28 19 5 15 20 33 41 40 28 19 5 15 20 15 5 19 28 40 36 35 29 23 17 12 7 8 1 2 3 0 3 9 17 23 29 35 36 40 41 33 20 25 24 16 10 15 5 
57 54 65 62 67 63 68 77 73 72 75 56 49 46 40 41 33 20 33 43 40 37 30 21 26 35 29 23 17 9 3 0 3 2 1 8 7 12 17 23 29 35 36 40 43 33 20 15 5 
57 54 65 62 60 58 55 52 50 46 40 43 33 43 40 28 19 5 15 10 16 24 25 20 25 24 16 10 15 5 19 28 40 36 35 29 23 17 9 3 0 3 9 17 23 29 35 36 40 43 33 20 25 24 16 10 15 5 
57 54 65 62 67 63 68 77 73 72 75 56 49 46 40 41 33 43 40 28 19 5 15 10 16 24 25 20 33 41 40 37 30 21 26 35 29 23 17 9 3 0 3 9 17 23 29 35 36 40 28 19 5 
57 54 65 62 67 63 68 77 73 72 75 56 49 46 40 43 33 41 40 28 19 5 15 20 33 41 40 36 35 29 23 17 9 3 0 3 9 17 23 29 35 36 40 41 33 20 25 24 16 10 15 5 
57 54 65 62 67 63 68 77 73 72 75 56 49 46 40 43 33 43 40 28 19 5 15 10 16 24 25 20 15 5 19 28 40 37 30 21 26 35 29 23 17 9 3 0 3 2 1 8 7 12 17 23 29 35 36 40 28 19 5 
57 54 65 62 67 63 68 66 78 75 56 49 46 40 43 33 20 25 24 16 10 15 5 19 28 40 36 35 29 23 17 9 3 0 3 2 1 8 7 12 17 23 29 35 36 40 43 33 20 15 5 
57 54 65 62 60 58 55 52 50 46 40 28 19 5 15 20 33 43 40 28 19 5 15 20 33 41 40 36 35 29 23 17 9 3 0 3 2 1 8 7 12 17 23 29 35 36 40 43 33 20 15 5 
57 54 65 62 67 63 68 66 78 75 56 49 46 40 43 33 20 33 41 40 37 30 21 26 35 29 23 17 9 3 0 3 9 17 23 29 35 36 40 43 33 20 25 24 16 10 15 5 
57 54 53 48 34 45 65 62 60 58 55 52 50 46 40 43 33 41 40 28 19 5 15 20 33 41 40 36 35 29 23 17 9 3 0 3 2 1 8 7 12 17 23 29 35 36 40 43 33 20 15 5 
57 59 64 69 80 81 71 74 67 62 60 58 55 52 50 46 40 43 33 41 40 28 19 5 15 20 33 41 40 37 30 21 26 35 29 23 17 9 3 0 3 2 1 8 7 12 17 23 29 35 36 40 43 33 20 15 5 
---------------
Request id 9
78 66 68 63 67 62 65 54 57 59 64 69 80 81 82 84 83 74 67 63 68 66 78 75 72 73 
78 66 68 63 67 74 71 81 80 69 64 59 57 54 65 62 65 54 57 59 64 69 80 81 71 74 67 63 68 66 78 75 72 73 
78 66 68 77 73 72 75 56 49 46 50 52 55 58 60 62 65 45 34 48 53 54 57 59 64 69 80 81 82 84 83 74 67 63 68 77 73 
78 66 68 63 67 74 83 84 82 81 80 69 64 59 57 54 53 48 34 45 65 62 65 54 57 59 64 69 80 81 82 84 83 74 67 63 68 66 78 75 72 73 
78 75 72 73 77 68 63 67 62 65 54 57 59 64 69 80 81 71 74 67 63 68 66 78 75 72 73 
78 66 68 63 67 74 71 81 80 69 64 59 57 54 65 62 67 63 68 77 73 
78 66 68 63 67 74 83 84 82 81 80 69 64 59 57 54 65 62 65 45 34 48 53 54 57 59 64 69 80 81 82 84 83 74 67 63 68 77 73 
78 75 72 73 77 68 63 67 74 71 81 80 69 64 59 57 54 65 62 65 45 34 48 53 54 57 59 64 69 80 81 82 84 83 74 67 63 68 77 73 
78 66 68 63 67 74 71 81 80 69 64 59 57 54 65 62 65 54 57 59 64 69 80 81 82 84 83 74 67 63 68 66 78 75 72 73 
78 66 68 63 67 74 71 81 80 69 64 59 57 54 53 48 34 45 65 62 65 45 34 48 53 54 57 59 64 69 80 81 82 84 83 74 67 63 68 77 73 
78 66 68 63 67 74 71 81 80 69 64 59 57 54 53 48 34 45 65 62 67 63 68 66 78 75 72 73 
78 66 68 63 67 62 65 45 34 48 53 54 57 59 64 69 80 81 82 84 83 74 67 63 68 77 73 
78 66 68 63 67 62 67 63 68 66 78 75 72 73 
78 66 68 77 73 72 75 56 49 46 50 52 55 58 60 62 60 58 55 52 50 46 49 56 75 78 66 68 77 73 
78 75 72 73 77 68 63 67 74 71 81 80 69 64 59 57 54 65 62 65 45 34 48 53 54 57 59 64 69 80 81 71 74 67 63 68 77 73 
78 75 72 73 77 68 63 67 62 65 45 34 48 53 54 57 59 64 69 80 81 71 74 67 63 68 77 73 
78 75 72 73 77 68 63 67 62 60 58 55 52 50 46 49 56 75 78 66 68 77 73 
78 75 72 73 77 68 63 67 62 60 58 55 52 50 46 49 56 75 72 73 
78 66 68 63 67 74 83 84 82 81 80 69 64 59 57 54 53 48 34 45 65 62 65 54 57 59 64 69 80 81 71 74 67 63 68 77 73 
78 66 68 63 67 74 83 84 82 81 80 69 64 59 57 54 65 62 65 54 57 59 64 69 80 81 71 74 67 63 68 77 73 
78 75 56 49 46 50 52 55 58 60 62 65 54 57 59 64 69 80 81 82 84 83 74 67 63 68 77 73 
78 75 72 73 77 68 63 67 74 71 81 80 69 64 59 57 54 65 62 65 54 57 59 64 69 80 81 71 74 67 63 68 77 73 
78 66 68 63 67 74 71 81 80 69 64 59 57 54 53 48 34 45 65 62 65 54 57 59 64 69 80 81 71 74 67 63 68 66 78 75 72 73 
78 75 56 49 46 50 52 55 58 60 62 65 54 57 59 64 69 80 81 82 84 83 74 67 63 68 66 78 75 72 73 
78 75 72 73 77 68 63 67 74 83 84 82 81 80 69 64 59 57 54 65 62 65 54 57 59 64 69 80 81 82 84 83 74 67 63 68 77 73 
78 75 72 73 77 68 63 67 62 67 63 68 66 78 75 72 73 
78 66 68 63 67 74 83 84 82 81 80 69 64 59 57 54 53 48 34 45 65 62 67 63 68 66 78 75 72 73 
78 66 68 63 67 74 83 84 82 81 80 69 64 59 57 54 53 48 34 45 65 62 60 58 55 52 50 46 49 56 75 78 66 68 77 73 
78 75 72 73 77 68 63 67 74 71 81 80 69 64 59 57 54 65 62 65 54 57 59 64 69 80 81 82 84 83 74 67 63 68 77 73 
78 75 56 49 46 50 52 55 58 60 62 67 63 68 77 73 
---------------
Request id 3
7 12 17 12 7 8 1 
7 12 17 9 13 32 31 22 14 11 6 4 0 3 2 1 
7 8 1 2 3 0 4 6 11 14 22 31 32 13 9 17 9 13 32 31 22 14 11 6 4 0 3 2 1 
7 8 1 2 3 9 17 12 7 8 1 
7 8 1 2 3 0 4 6 11 14 22 31 32 13 9 17 12 7 8 1 
7 8 1 2 3 9 17 9 13 32 31 22 14 11 6 4 0 3 2 1 
7 12 17 9 3 2 1 
7 8 1 2 3 9 17 9 3 2 1 
7 8 1 2 3 0 4 6 11 14 22 31 32 13 9 17 9 3 2 1 
---------------
Request id 6
22 31 32 13 9 17 12 7 8 1 2 3 0 3 2 1 8 7 12 17 9 13 32 31 22 14 11 6 4 0 3 9 17 23 29 35 36 40 46 50 52 55 58 60 62 67 74 83 85 101 102 98 
22 14 11 6 4 0 4 6 11 14 22 31 32 13 9 17 12 7 8 1 2 3 0 3 9 17 23 29 35 26 21 30 37 40 46 50 52 55 58 60 62 67 74 83 85 101 102 98 
22 31 32 13 9 3 0 4 6 11 14 22 31 32 13 9 3 9 13 32 31 22 14 11 6 4 0 3 9 17 23 29 35 36 40 46 50 52 55 58 60 62 67 74 83 85 87 94 98 
22 14 11 6 4 0 4 6 11 14 22 31 32 13 9 17 12 7 8 1 2 3 9 13 32 31 22 14 11 6 4 0 3 2 1 8 7 12 17 23 29 35 36 40 46 50 52 55 58 60 62 67 74 83 85 87 94 98 
22 14 11 6 4 0 4 6 11 14 22 31 32 13 9 3 0 3 9 17 23 29 35 26 21 30 37 40 46 50 52 55 58 60 62 67 74 83 85 101 102 98 
22 31 32 13 9 3 0 3 2 1 8 7 12 17 9 13 32 31 22 14 11 6 4 0 3 9 17 23 29 35 26 21 30 37 40 46 49 56 75 78 66 68 63 67 74 83 85 87 94 98 
22 31 32 13 9 3 0 4 6 11 14 22 31 32 13 9 17 12 7 8 1 2 3 2 1 8 7 12 17 9 13 32 31 22 14 11 6 4 0 3 9 17 23 29 35 26 21 30 37 40 46 49 56 75 78 66 68 63 67 74 83 85 87 94 98 
22 14 11 6 4 0 4 6 11 14 22 31 32 13 9 3 2 1 8 7 12 17 9 13 32 31 22 14 11 6 4 0 3 9 17 23 29 35 36 40 46 50 52 55 58 60 62 67 74 83 85 87 94 98 
22 31 32 13 9 17 12 7 8 1 2 3 0 4 6 11 14 22 31 32 13 9 3 2 1 8 7 12 17 9 13 32 31 22 14 11 6 4 0 3 9 17 23 29 35 36 40 46 50 52 55 58 60 62 67 74 83 85 87 94 98 
22 14 11 6 4 0 4 6 11 14 22 31 32 13 9 3 0 3 9 17 23 29 35 26 21 30 37 40 46 50 52 55 58 60 62 67 74 83 85 87 94 98 
22 14 11 6 4 0 3 0 3 9 17 23 29 35 26 21 30 37 40 46 50 52 55 58 60 62 67 74 83 85 101 102 98 
22 31 32 13 9 17 12 7 8 1 2 3 0 4 6 11 14 22 31 32 13 9 3 9 13 32 31 22 14 11 6 4 0 3 9 17 23 29 35 36 40 46 49 56 75 72 73 77 68 63 67 74 83 85 87 94 98 
22 31 32 13 9 17 12 7 8 1 2 3 0 4 6 11 14 22 31 32 13 9 17 12 7 8 1 2 3 2 1 8 7 12 17 9 13 32 31 22 14 11 6 4 0 3 9 17 23 29 35 36 40 46 50 52 55 58 60 62 67 74 83 85 87 94 98 
22 31 32 13 9 17 12 7 8 1 2 3 0 4 6 11 14 22 31 32 13 9 3 9 13 32 31 22 14 11 6 4 0 3 2 1 8 7 12 17 23 29 35 36 40 46 50 52 55 58 60 62 67 74 83 85 87 94 98 
22 14 11 6 4 0 4 6 11 14 22 31 32 13 9 3 0 3 9 17 23 29 35 36 40 46 49 56 75 78 66 68 63 67 74 83 85 87 94 98 
22 31 32 13 9 3 0 4 6 11 14 22 31 32 13 9 17 12 7 8 1 2 3 9 13 32 31 22 14 11 6 4 0 3 9 17 23 29 35 26 21 30 37 40 46 49 56 75 78 66 68 63 67 74 83 85 87 94 98 
22 14 11 6 4 0 4 6 11 14 22 31 32 13 9 3 9 13 32 31 22 14 11 6 4 0 3 9 17 23 29 35 36 40 46 49 56 75 78 66 68 63 67 74 83 85 101 102 98 
22 31 32 13 9 3 0 4 6 11 14 22 31 32 13 9 3 2 1 8 7 12 17 9 13 32 31 22 14 11 6 4 0 3 9 17 23 29 35 26 21 30 37 40 46 50 52 55 58 60 62 67 74 83 85 87 94 98 
22 14 11 6 4 0 4 6 11 14 22 31 32 13 9 17 12 7 8 1 2 3 2 1 8 7 12 17 9 13 32 31 22 14 11 6 4 0 3 9 17 23 29 35 36 40 46 50 52 55 58 60 62 67 74 83 85 87 94 98 
22 31 32 13 9 3 0 4 6 11 14 22 31 32 13 9 17 12 7 8 1 2 3 2 1 8 7 12 17 9 13 32 31 22 14 11 6 4 0 3 9 17 23 29 35 36 40 46 49 56 75 72 73 77 68 63 67 74 83 85 87 94 98 
22 14 11 6 4 0 4 6 11 14 22 31 32 13 9 17 12 7 8 1 2 3 2 1 8 7 12 17 9 13 32 31 22 14 11 6 4 0 3 9 17 23 29 35 36 40 46 49 56 75 72 73 77 68 63 67 74 83 85 87 94 98 
22 14 11 6 4 0 3 9 13 32 31 22 14 11 6 4 0 3 9 17 23 29 35 36 40 46 49 56 75 72 73 77 68 63 67 74 83 85 87 94 98 
22 31 32 13 9 17 12 7 8 1 2 3 0 3 2 1 8 7 12 17 9 13 32 31 22 14 11 6 4 0 3 9 17 23 29 35 36 40 46 50 52 55 58 60 62 67 74 83 85 87 94 98 
22 31 32 13 9 17 12 7 8 1 2 3 0 3 9 13 32 31 22 14 11 6 4 0 3 9 17 23 29 35 36 40 46 50 52 55 58 60 62 67 74 83 85 101 102 98 
22 31 32 13 9 17 12 7 8 1 2 3 0 4 6 11 14 22 31 32 13 9 3 0 3 9 17 23 29 35 36 40 46 49 56 75 72 73 77 68 63 67 74 83 85 87 94 98 
22 14 11 6 4 0 3 2 1 8 7 12 17 9 13 32 31 22 14 11 6 4 0 3 2 1 8 7 12 17 23 29 35 36 40 46 50 52 55 58 60 62 67 74 83 85 87 94 98 
22 31 32 13 9 17 12 7 8 1 2 3 0 4 6 11 14 22 31 32 13 9 17 12 7 8 1 2 3 9 13 32 31 22 14 11 6 4 0 3 9 17 23 29 35 26 21 30 37 40 46 50 52 55 58 60 62 67 74 83 85 87 94 98 
22 14 11 6 4 0 3 2 1 8 7 12 17 9 13 32 31 22 14 11 6 4 0 3 9 17 23 29 35 26 21 30 37 40 46 49 56 75 78 66 68 63 67 74 83 85 87 94 98 
22 31 32 13 9 17 12 7 8 1 2 3 0 4 6 11 14 22 31 32 13 9 3 0 3 9 17 23 29 35 26 21 30 37 40 46 50 52 55 58 60 62 67 74 83 85 87 94 98 
22 14 11 6 4 0 4 6 11 14 22 31 32 13 9 17 12 7 8 1 2 3 2 1 8 7 12 17 9 13 32 31 22 14 11 6 4 0 3 9 17 23 29 35 36 40 46 49 56 75 78 66 68 63 67 74 83 85 87 94 98 
---------------
Request id 7
5 15 10 16 24 25 20 33 41 40 46 50 52 55 58 60 62 67 62 65 54 57 59 64 69 80 81 82 84 83 74 83 85 87 90 
5 15 20 33 43 40 46 49 56 75 72 73 77 68 63 67 63 68 66 78 75 56 49 46 50 52 55 58 60 62 65 45 34 48 53 54 57 59 64 69 80 81 71 74 71 81 82 84 83 85 87 90 
5 15 10 16 24 25 20 33 41 40 46 50 52 55 58 60 62 65 45 34 48 53 54 57 59 64 69 80 81 71 74 67 74 67 63 68 77 73 72 75 56 49 46 50 52 55 58 60 62 65 54 57 59 64 69 80 81 82 84 83 85 87 90 
5 19 28 40 46 50 52 55 58 60 62 65 54 57 59 64 69 80 81 71 74 67 62 65 54 57 59 64 69 80 81 82 84 83 74 83 85 101 102 98 94 87 90 
5 15 20 33 41 40 46 49 56 75 78 66 68 63 67 63 68 77 73 72 75 56 49 46 50 52 55 58 60 62 65 54 57 59 64 69 80 81 82 84 83 74 67 62 65 45 34 48 53 54 57 59 64 69 80 81 82 84 83 85 101 102 98 94 87 90 
5 15 20 33 43 40 46 50 52 55 58 60 62 65 54 57 59 64 69 80 81 71 74 67 63 68 66 78 75 56 49 46 50 52 55 58 60 62 65 54 57 59 64 69 80 81 82 84 83 74 83 85 87 90 
5 19 28 40 46 50 52 55 58 60 62 65 54 57 59 64 69 80 81 82 84 83 74 67 62 65 45 34 48 53 54 57 59 64 69 80 81 71 74 83 85 87 90 
5 15 10 16 24 25 20 33 41 40 46 49 56 75 78 66 68 63 67 63 68 77 73 72 75 56 49 46 50 52 55 58 60 62 65 54 57 59 64 69 80 81 71 74 67 63 68 77 73 72 75 56 49 46 50 52 55 58 60 62 65 54 57 59 64 69 80 81 82 84 83 85 87 90 
5 15 10 16 24 25 20 33 41 40 46 50 52 55 58 60 62 65 54 57 59 64 69 80 81 71 74 67 63 68 66 78 75 56 49 46 50 52 55 58 60 62 65 45 34 48 53 54 57 59 64 69 80 81 71 74 67 62 65 54 57 59 64 69 80 81 82 84 83 85 87 90 
5 19 28 40 46 50 52 55 58 60 62 65 45 34 48 53 54 57 59 64 69 80 81 82 84 83 74 67 63 68 66 78 75 56 49 46 50 52 55 58 60 62 65 54 57 59 64 69 80 81 71 74 67 62 65 45 34 48 53 54 57 59 64 69 80 81 82 84 83 85 87 90 
5 15 10 16 24 25 20 33 41 40 46 50 52 55 58 60 62 65 45 34 48 53 54 57 59 64 69 80 81 82 84 83 74 67 62 65 45 34 48 53 54 57 59 64 69 80 81 82 84 83 74 67 62 65 54 57 59 64 69 80 81 82 84 83 85 101 102 98 94 87 90 
5 15 10 16 24 25 20 33 43 40 46 50 52 55 58 60 62 65 45 34 48 53 54 57 59 64 69 80 81 82 84 83 74 67 63 68 77 73 72 75 56 49 46 50 52 55 58 60 62 65 54 57 59 64 69 80 81 82 84 83 74 83 85 101 102 98 94 87 90 
5 15 20 33 43 40 46 49 56 75 72 73 77 68 63 67 63 68 77 73 72 75 56 49 46 50 52 55 58 60 62 65 54 57 59 64 69 80 81 82 84 83 74 71 81 82 84 83 85 101 102 98 94 87 90 
5 19 28 40 46 50 52 55 58 60 62 67 63 68 66 78 75 56 49 46 50 52 55 58 60 62 65 54 57 59 64 69 80 81 71 74 83 85 101 102 98 94 87 90 
5 15 10 16 24 25 20 33 43 40 46 50 52 55 58 60 62 65 45 34 48 53 54 57 59 64 69 80 81 82 84 83 74 67 63 68 77 73 72 75 56 49 46 50 52 55 58 60 62 65 54 57 59 64 69 80 81 82 84 83 74 71 81 82 84 83 85 87 90 
5 15 10 16 24 25 20 33 43 40 46 50 52 55 58 60 62 67 62 65 45 34 48 53 54 57 59 64 69 80 81 82 84 83 74 83 85 87 90 
5 15 20 33 43 40 46 49 56 75 72 73 77 68 63 67 63 68 77 73 72 75 56 49 46 50 52 55 58 60 62 65 54 57 59 64 69 80 81 82 84 83 74 67 62 65 45 34 48 53 54 57 59 64 69 80 81 82 84 83 85 87 90 
5 15 20 33 43 40 46 50 52 55 58 60 62 65 54 57 59 64 69 80 81 71 74 67 74 67 62 65 54 57 59 64 69 80 81 82 84 83 85 87 90 
5 15 10 16 24 25 20 33 43 40 46 50 52 55 58 60 62 67 63 68 77 73 72 75 56 49 46 50 52 55 58 60 62 65 54 57 59 64 69 80 81 71 74 83 85 101 102 98 94 87 90 
5 15 20 33 41 40 46 49 56 75 78 66 68 63 67 62 65 45 34 48 53 54 57 59 64 69 80 81 82 84 83 74 71 81 82 84 83 85 101 102 98 94 87 90 
5 15 20 33 43 40 46 50 52 55 58 60 62 67 74 67 63 68 66 78 75 56 49 46 50 52 55 58 60 62 65 54 57 59 64 69 80 81 82 84 83 85 87 90 
5 15 10 16 24 25 20 33 43 40 46 49 56 75 78 66 68 63 67 62 65 54 57 59 64 69 80 81 71 74 67 62 65 54 57 59 64 69 80 81 82 84 83 85 87 90 
5 15 10 16 24 25 20 33 41 40 46 50 52 55 58 60 62 65 54 57 59 64 69 80 81 82 84 83 74 67 63 68 66 78 75 56 49 46 50 52 55 58 60 62 65 54 57 59 64 69 80 81 71 74 71 81 82 84 83 85 101 102 98 94 87 90 
5 15 10 16 24 25 20 33 41 40 46 50 52 55 58 60 62 65 54 57 59 64 69 80 81 82 84 83 74 67 62 65 45 34 48 53 54 57 59 64 69 80 81 71 74 71 81 82 84 83 85 87 90 
5 15 10 16 24 25 20 33 41 40 46 50 52 55 58 60 62 67 62 65 45 34 48 53 54 57 59 64 69 80 81 82 84 83 74 71 81 82 84 83 85 87 90 
5 15 10 16 24 25 20 33 43 40 46 50 52 55 58 60 62 67 62 65 54 57 59 64 69 80 81 71 74 67 62 65 54 57 59 64 69 80 81 82 84 83 85 101 102 98 94 87 90 
5 15 20 33 41 40 46 50 52 55 58 60 62 67 63 68 77 73 72 75 56 49 46 50 52 55 58 60 62 65 54 57 59 64 69 80 81 82 84 83 74 71 81 82 84 83 85 101 102 98 94 87 90 
5 15 10 16 24 25 20 33 41 40 46 49 56 75 78 66 68 63 67 63 68 66 78 75 56 49 46 50 52 55 58 60 62 65 54 57 59 64 69 80 81 71 74 67 63 68 77 73 72 75 56 49 46 50 52 55 58 60 62 65 54 57 59 64 69 80 81 82 84 83 85 87 90 
5 15 10 16 24 25 20 33 43 40 46 50 52 55 58 60 62 65 45 34 48 53 54 57 59 64 69 80 81 82 84 83 74 67 63 68 77 73 72 75 56 49 46 50 52 55 58 60 62 65 54 57 59 64 69 80 81 82 84 83 74 67 63 68 77 73 72 75 56 49 46 50 52 55 58 60 62 65 54 57 59 64 69 80 81 82 84 83 85 87 90 
5 15 10 16 24 25 20 33 41 40 46 49 56 75 78 66 68 63 67 62 65 54 57 59 64 69 80 81 82 84 83 74 67 62 65 45 34 48 53 54 57 59 64 69 80 81 82 84 83 85 87 90 
---------------
Request id 1
55 58 60 62 65 54 57 59 64 69 80 81 71 74 67 63 68 77 73 72 75 56 49 46 50 52 55 58 60 62 65 45 34 48 53 54 57 59 64 69 80 81 71 74 67 62 65 54 57 59 64 69 80 81 82 84 83 85 101 102 98 94 98 102 101 85 83 74 67 62 60 58 55 52 50 46 40 41 33 43 
55 58 60 62 65 54 57 59 64 69 80 81 71 74 67 63 68 77 73 72 75 56 49 46 49 56 75 78 66 68 63 67 62 65 54 57 59 64 69 80 81 82 84 83 85 101 102 98 94 98 102 101 85 83 74 67 63 68 66 78 75 56 49 46 40 43 
55 58 60 62 65 54 57 59 64 69 80 81 71 74 67 63 68 77 73 72 75 56 49 46 50 52 55 58 60 62 65 45 34 48 53 54 57 59 64 69 80 81 82 84 83 74 67 62 65 45 34 48 53 54 57 59 64 69 80 81 71 74 83 85 87 94 87 85 83 74 67 63 68 66 78 75 56 49 46 40 41 33 43 
55 52 50 46 49 56 75 78 66 68 63 67 62 65 45 34 48 53 54 57 59 64 69 80 81 82 84 83 85 87 94 87 85 83 74 67 63 68 66 78 75 56 49 46 40 41 33 43 
55 58 60 62 65 54 57 59 64 69 80 81 82 84 83 74 67 63 68 77 73 72 75 56 49 46 49 56 75 72 73 77 68 63 67 62 65 45 34 48 53 54 57 59 64 69 80 81 82 84 83 85 87 94 87 85 83 74 67 62 60 58 55 52 50 46 40 43 
55 58 60 62 65 54 57 59 64 69 80 81 82 84 83 74 67 63 68 77 73 72 75 56 49 46 50 52 55 58 60 62 65 54 57 59 64 69 80 81 71 74 67 62 65 54 57 59 64 69 80 81 82 84 83 85 87 94 87 85 83 84 82 81 71 74 67 62 60 58 55 52 50 46 40 43 
55 58 60 62 65 54 57 59 64 69 80 81 82 84 83 74 67 63 68 77 73 72 75 56 49 46 50 52 55 58 60 62 65 45 34 48 53 54 57 59 64 69 80 81 82 84 83 74 67 74 83 85 101 102 98 94 98 102 101 85 83 74 67 63 68 66 78 75 56 49 46 40 43 
55 52 50 46 50 52 55 58 60 62 65 54 57 59 64 69 80 81 82 84 83 74 67 62 65 45 34 48 53 54 57 59 64 69 80 81 82 84 83 85 87 94 87 85 83 84 82 81 71 74 67 62 60 58 55 52 50 46 40 43 
55 58 60 62 65 45 34 48 53 54 57 59 64 69 80 81 71 74 67 63 68 77 73 72 75 56 49 46 50 52 55 58 60 62 65 54 57 59 64 69 80 81 71 74 67 62 65 54 57 59 64 69 80 81 82 84 83 85 87 94 87 85 83 74 67 62 60 58 55 52 50 46 40 41 33 43 
55 58 60 62 65 54 57 59 64 69 80 81 82 84 83 74 67 63 68 77 73 72 75 56 49 46 49 56 75 78 66 68 63 67 62 65 54 57 59 64 69 80 81 82 84 83 85 87 94 87 85 83 74 67 62 60 58 55 52 50 46 40 41 33 43 
55 58 60 62 65 54 57 59 64 69 80 81 82 84 83 74 67 63 68 77 73 72 75 56 49 46 49 56 75 72 73 77 68 63 67 62 65 45 34 48 53 54 57 59 64 69 80 81 82 84 83 85 87 94 98 102 101 85 83 74 67 62 60 58 55 52 50 46 40 41 33 43 
55 58 60 62 65 54 57 59 64 69 80 81 71 74 67 63 68 77 73 72 75 56 49 46 50 52 55 58 60 62 65 54 57 59 64 69 80 81 82 84 83 74 67 62 65 54 57 59 64 69 80 81 82 84 83 85 87 94 98 102 101 85 83 74 67 63 68 66 78 75 56 49 46 40 43 
55 58 60 62 67 63 68 66 78 75 56 49 46 49 56 75 72 73 77 68 63 67 74 83 85 101 102 98 94 87 85 83 74 67 62 60 58 55 52 50 46 40 43 
55 58 60 62 67 63 68 77 73 72 75 56 49 46 50 52 55 58 60 62 65 45 34 48 53 54 57 59 64 69 80 81 71 74 67 74 83 85 101 102 98 94 87 85 83 74 67 63 68 66 78 75 56 49 46 40 41 33 43 
55 58 60 62 65 54 57 59 64 69 80 81 71 74 67 63 68 77 73 72 75 56 49 46 49 56 75 72 73 77 68 63 67 62 65 54 57 59 64 69 80 81 82 84 83 85 101 102 98 94 87 85 83 74 67 63 68 66 78 75 56 49 46 40 43 
55 58 60 62 65 54 57 59 64 69 80 81 71 74 67 63 68 66 78 75 56 49 46 50 52 55 58 60 62 65 54 57 59 64 69 80 81 82 84 83 74 67 62 65 45 34 48 53 54 57 59 64 69 80 81 71 74 83 85 87 94 87 85 83 84 82 81 71 74 67 62 60 58 55 52 50 46 40 43 
55 58 60 62 65 45 34 48 53 54 57 59 64 69 80 81 71 74 67 63 68 66 78 75 56 49 46 50 52 55 58 60 62 65 45 34 48 53 54 57 59 64 69 80 81 71 74 67 74 71 81 82 84 83 85 87 94 98 102 101 85 83 74 67 62 60 58 55 52 50 46 40 41 33 43 
55 58 60 62 65 54 57 59 64 69 80 81 82 84 83 74 67 63 68 77 73 72 75 56 49 46 50 52 55 58 60 62 65 54 57 59 64 69 80 81 82 84 83 74 67 74 83 85 101 102 98 94 87 85 83 74 67 63 68 77 73 72 75 56 49 46 40 43 
55 58 60 62 65 54 57 59 64 69 80 81 82 84 83 74 67 63 68 66 78 75 56 49 46 50 52 55 58 60 62 65 45 34 48 53 54 57 59 64 69 80 81 82 84 83 74 67 62 65 45 34 48 53 54 57 59 64 69 80 81 71 74 83 85 87 94 87 85 83 84 82 81 71 74 67 62 60 58 55 52 50 46 40 43 
55 58 60 62 65 45 34 48 53 54 57 59 64 69 80 81 71 74 67 63 68 66 78 75 56 49 46 49 56 75 78 66 68 63 67 74 71 81 82 84 83 85 87 94 87 85 83 74 67 63 68 66 78 75 56 49 46 40 43 
55 58 60 62 65 54 57 59 64 69 80 81 71 74 67 63 68 77 73 72 75 56 49 46 50 52 55 58 60 62 67 74 71 81 82 84 83 85 87 94 98 102 101 85 83 74 67 63 68 66 78 75 56 49 46 40 43 
55 58 60 62 65 45 34 48 53 54 57 59 64 69 80 81 71 74 67 63 68 77 73 72 75 56 49 46 50 52 55 58 60 62 65 54 57 59 64 69 80 81 82 84 83 74 67 62 65 54 57 59 64 69 80 81 82 84 83 85 101 102 98 94 87 85 83 74 67 62 60 58 55 52 50 46 40 41 33 43 
55 58 60 62 65 45 34 48 53 54 57 59 64 69 80 81 82 84 83 74 67 63 68 66 78 75 56 49 46 49 56 75 72 73 77 68 63 67 62 65 54 57 59 64 69 80 81 71 74 83 85 101 102 98 94 98 102 101 85 83 74 67 62 60 58 55 52 50 46 40 41 33 43 
55 58 60 62 65 54 57 59 64 69 80 81 71 74 67 63 68 66 78 75 56 49 46 50 52 55 58 60 62 65 54 57 59 64 69 80 81 71 74 67 62 65 45 34 48 53 54 57 59 64 69 80 81 82 84 83 85 87 94 87 85 83 74 67 63 68 66 78 75 56 49 46 40 43 
55 58 60 62 65 54 57 59 64 69 80 81 71 74 67 63 68 66 78 75 56 49 46 50 52 55 58 60 62 65 45 34 48 53 54 57 59 64 69 80 81 71 74 67 74 71 81 82 84 83 85 101 102 98 94 98 102 101 85 83 74 67 62 60 58 55 52 50 46 40 43 
55 58 60 62 65 45 34 48 53 54 57 59 64 69 80 81 71 74 67 63 68 77 73 72 75 56 49 46 50 52 55 58 60 62 65 54 57 59 64 69 80 81 71 74 67 62 65 54 57 59 64 69 80 81 82 84 83 85 101 102 98 94 87 85 83 74 67 63 68 77 73 72 75 56 49 46 40 43 
55 58 60 62 65 45 34 48 53 54 57 59 64 69 80 81 71 74 67 63 68 66 78 75 56 49 46 49 56 75 78 66 68 63 67 62 65 54 57 59 64 69 80 81 82 84 83 85 87 94 87 85 83 74 67 63 68 66 78 75 56 49 46 40 41 33 43 
55 52 50 46 50 52 55 58 60 62 65 45 34 48 53 54 57 59 64 69 80 81 71 74 67 62 65 45 34 48 53 54 57 59 64 69 80 81 82 84 83 85 87 94 87 85 83 74 67 63 68 77 73 72 75 56 49 46 40 41 33 43 
55 58 60 62 65 54 57 59 64 69 80 81 82 84 83 74 67 63 68 77 73 72 75 56 49 46 50 52 55 58 60 62 65 54 57 59 64 69 80 81 71 74 67 62 65 54 57 59 64 69 80 81 82 84 83 85 101 102 98 94 87 85 83 74 67 63 68 77 73 72 75 56 49 46 40 41 33 43 
55 58 60 62 65 54 57 59 64 69 80 81 71 74 67 63 68 66 78 75 56 49 46 49 56 75 72 73 77 68 63 67 62 65 45 34 48 53 54 57 59 64 69 80 81 71 74 83 85 87 94 87 85 83 74 67 63 68 66 78 75 56 49 46 40 41 33 43 
---------------
Request id 10
6 11 14 22 31 32 13 9 17 12 7 8 1 2 3 0 4 6 11 14 22 31 32 13 9 17 18 
6 11 14 22 31 32 13 9 17 12 7 8 1 2 3 0 3 2 1 8 7 12 17 9 13 32 31 22 14 11 6 4 6 11 14 22 31 32 13 9 17 18 
6 11 14 22 31 32 13 9 3 0 3 9 13 32 31 22 14 11 6 4 0 3 9 17 18 
6 11 14 22 31 32 13 9 17 12 7 8 1 2 3 0 3 2 1 8 7 12 17 9 13 32 31 22 14 11 6 4 0 3 2 1 8 7 12 17 18 
6 11 14 22 31 32 13 9 17 12 7 8 1 2 3 0 3 9 13 32 31 22 14 11 6 4 6 11 14 22 31 32 13 9 3 2 1 8 7 12 17 18 
6 11 14 22 31 32 13 9 3 0 4 0 3 9 17 18 
6 4 0 4 6 11 14 22 31 32 13 9 17 18 
6 11 14 22 31 32 13 9 17 12 7 8 1 2 3 0 3 9 13 32 31 22 14 11 6 4 0 3 9 17 18 
6 11 14 22 31 32 13 9 17 12 7 8 1 2 3 0 4 0 3 2 1 8 7 12 17 18 
6 4 0 3 2 1 8 7 12 17 9 13 32 31 22 14 11 6 4 6 11 14 22 31 32 13 9 17 18 
6 4 0 3 9 13 32 31 22 14 11 6 4 0 3 2 1 8 7 12 17 18 
6 4 0 3 2 1 8 7 12 17 9 13 32 31 22 14 11 6 4 0 3 9 17 18 
6 11 14 22 31 32 13 9 3 0 4 6 11 14 22 31 32 13 9 3 2 1 8 7 12 17 18 
6 11 14 22 31 32 13 9 17 12 7 8 1 2 3 0 3 9 13 32 31 22 14 11 6 4 0 3 2 1 8 7 12 17 18 
6 4 0 3 9 13 32 31 22 14 11 6 4 6 11 14 22 31 32 13 9 3 2 1 8 7 12 17 18 
6 4 0 3 9 13 32 31 22 14 11 6 4 6 11 14 22 31 32 13 9 17 18 
6 11 14 22 31 32 13 9 3 0 3 2 1 8 7 12 17 9 13 32 31 22 14 11 6 4 0 3 9 17 18 
6 4 0 3 2 1 8 7 12 17 9 13 32 31 22 14 11 6 4 0 3 2 1 8 7 12 17 18 
6 11 14 22 31 32 13 9 3 0 3 2 1 8 7 12 17 9 13 32 31 22 14 11 6 4 6 11 14 22 31 32 13 9 3 2 1 8 7 12 17 18 
6 4 0 3 2 1 8 7 12 17 9 13 32 31 22 14 11 6 4 6 11 14 22 31 32 13 9 3 2 1 8 7 12 17 18 
6 11 14 22 31 32 13 9 3 0 3 9 13 32 31 22 14 11 6 4 0 3 2 1 8 7 12 17 18 
6 11 14 22 31 32 13 9 17 12 7 8 1 2 3 0 3 9 13 32 31 22 14 11 6 4 6 11 14 22 31 32 13 9 17 18 
6 11 14 22 31 32 13 9 3 0 3 9 13 32 31 22 14 11 6 4 6 11 14 22 31 32 13 9 17 18 
6 11 14 22 31 32 13 9 3 0 3 2 1 8 7 12 17 9 13 32 31 22 14 11 6 4 0 3 2 1 8 7 12 17 18 
6 11 14 22 31 32 13 9 3 0 3 9 13 32 31 22 14 11 6 4 6 11 14 22 31 32 13 9 3 2 1 8 7 12 17 18 
6 11 14 22 31 32 13 9 3 0 3 2 1 8 7 12 17 9 13 32 31 22 14 11 6 4 6 11 14 22 31 32 13 9 17 18 
6 11 14 22 31 32 13 9 3 0 4 6 11 14 22 31 32 13 9 17 18 
6 4 0 4 6 11 14 22 31 32 13 9 3 2 1 8 7 12 17 18 
6 11 14 22 31 32 13 9 17 12 7 8 1 2 3 0 4 0 3 9 17 18 
6 11 14 22 31 32 13 9 17 12 7 8 1 2 3 0 4 6 11 14 22 31 32 13 9 3 2 1 8 7 12 17 18 
---------------
Request id 8
18 17 9 3 9 17 23 29 35 36 40 46 50 52 55 58 60 62 67 74 83 84 82 81 80 69 64 
18 17 9 13 32 31 22 14 11 6 4 0 3 9 17 23 29 35 26 21 30 37 40 46 50 52 55 58 60 62 65 54 57 59 64 
18 17 12 7 8 1 2 3 9 17 23 29 35 36 40 46 49 56 75 72 73 77 68 63 67 62 65 54 57 59 64 
18 17 12 7 8 1 2 3 2 1 8 7 12 17 23 29 35 36 40 46 50 52 55 58 60 62 65 54 57 59 64 
18 17 9 13 32 31 22 14 11 6 4 0 3 9 17 23 29 35 36 40 46 50 52 55 58 60 62 67 74 83 84 82 81 80 69 64 
18 17 12 7 8 1 2 3 9 17 23 29 35 36 40 46 49 56 75 78 66 68 63 67 62 65 54 57 59 64 
18 17 12 7 8 1 2 3 9 17 23 29 35 36 40 46 49 56 75 78 66 68 63 67 74 71 81 80 69 64 
18 17 9 3 9 17 23 29 35 36 40 46 49 56 75 78 66 68 63 67 62 65 54 57 59 64 
18 17 9 3 9 17 23 29 35 36 40 46 49 56 75 72 73 77 68 63 67 74 71 81 80 69 64 
18 17 9 13 32 31 22 14 11 6 4 0 3 2 1 8 7 12 17 23 29 35 36 40 46 50 52 55 58 60 62 65 54 57 59 64 
18 17 9 3 9 17 23 29 35 36 40 46 50 52 55 58 60 62 67 74 71 81 80 69 64 
18 17 9 3 9 17 23 29 35 36 40 46 49 56 75 72 73 77 68 63 67 62 65 54 57 59 64 
18 17 12 7 8 1 2 3 9 17 23 29 35 36 40 46 50 52 55 58 60 62 67 74 71 81 80 69 64 
18 17 12 7 8 1 2 3 9 17 23 29 35 26 21 30 37 40 46 50 52 55 58 60 62 65 54 57 59 64 
18 17 12 7 8 1 2 3 9 17 23 29 35 36 40 46 50 52 55 58 60 62 65 45 34 48 53 54 57 59 64 
18 17 12 7 8 1 2 3 9 17 23 29 35 36 40 46 49 56 75 72 73 77 68 63 67 74 71 81 80 69 64 
18 17 9 13 32 31 22 14 11 6 4 0 3 9 17 23 29 35 36 40 46 49 56 75 72 73 77 68 63 67 74 71 81 80 69 64 
18 17 9 3 9 17 23 29 35 36 40 46 50 52 55 58 60 62 65 54 57 59 64 
18 17 9 13 32 31 22 14 11 6 4 0 3 9 17 23 29 35 36 40 46 49 56 75 78 66 68 63 67 62 65 54 57 59 64 
18 17 9 3 9 17 23 29 35 26 21 30 37 40 46 50 52 55 58 60 62 65 54 57 59 64 
18 17 9 13 32 31 22 14 11 6 4 0 3 9 17 23 29 35 36 40 46 49 56 75 72 73 77 68 63 67 62 65 54 57 59 64 
18 17 9 13 32 31 22 14 11 6 4 0 3 9 17 23 29 35 36 40 46 50 52 55 58 60 62 65 45 34 48 53 54 57 59 64 
18 17 9 13 32 31 22 14 11 6 4 0 3 9 17 23 29 35 36 40 46 50 52 55 58 60 62 67 74 71 81 80 69 64 
18 17 9 3 9 17 23 29 35 36 40 46 49 56 75 78 66 68 63 67 74 71 81 80 69 64 
18 17 9 13 32 31 22 14 11 6 4 0 3 9 17 23 29 35 36 40 46 50 52 55 58 60 62 65 54 57 59 64 
18 17 9 13 32 31 22 14 11 6 4 0 3 9 17 23 29 35 36 40 46 49 56 75 78 66 68 63 67 74 71 81 80 69 64 
18 17 9 3 9 17 23 29 35 36 40 46 50 52 55 58 60 62 65 45 34 48 53 54 57 59 64 
18 17 12 7 8 1 2 3 9 17 23 29 35 36 40 46 50 52 55 58 60 62 65 54 57 59 64 
18 17 9 3 2 1 8 7 12 17 23 29 35 36 40 46 50 52 55 58 60 62 65 54 57 59 64 
18 17 12 7 8 1 2 3 9 17 23 29 35 36 40 46 50 52 55 58 60 62 67 74 83 84 82 81 80 69 64 
---------------
Request id 5
24 25 20 33 41 40 28 19 5 15 20 33 43 40 46 50 52 55 58 60 62 65 45 34 48 53 54 65 62 67 74 83 84 82 81 80 69 64 59 57 
24 16 10 15 20 33 43 40 46 49 56 75 78 66 68 63 67 62 65 54 65 62 60 58 55 52 50 46 49 56 75 78 66 68 63 67 74 83 84 82 81 80 69 64 59 57 
24 16 10 15 20 33 43 40 46 49 56 75 78 66 68 63 67 62 65 54 65 62 67 74 71 81 80 69 64 59 57 
24 25 20 15 5 19 28 40 46 50 52 55 58 60 62 65 54 65 62 60 58 55 52 50 46 49 56 75 78 66 68 63 67 74 71 81 80 69 64 59 57 
24 25 20 15 20 33 43 40 46 50 52 55 58 60 62 65 54 65 62 60 58 55 52 50 46 49 56 75 78 66 68 63 67 74 83 84 82 81 80 69 64 59 57 
24 25 20 33 43 40 28 19 5 15 20 33 41 40 46 50 52 55 58 60 62 65 45 34 48 53 54 65 62 60 58 55 52 50 46 49 56 75 78 66 68 63 67 74 71 81 80 69 64 59 57 
24 25 20 33 43 40 28 19 5 15 5 19 28 40 46 49 56 75 78 66 68 63 67 62 65 54 65 62 60 58 55 52 50 46 49 56 75 72 73 77 68 63 67 74 71 81 80 69 64 59 57 
24 25 20 33 43 40 28 19 5 15 20 33 43 40 46 50 52 55 58 60 62 65 45 34 48 53 54 53 48 34 45 65 62 67 74 71 81 80 69 64 59 57 
24 25 20 15 20 33 41 40 46 50 52 55 58 60 62 65 45 34 48 53 54 65 62 67 74 71 81 80 69 64 59 57 
24 16 10 15 10 16 24 25 20 33 43 40 46 50 52 55 58 60 62 65 54 65 62 67 74 71 81 80 69 64 59 57 
24 25 20 33 41 40 28 19 5 15 20 33 41 40 46 49 56 75 78 66 68 63 67 62 65 54 57 
24 25 20 33 41 40 28 19 5 15 20 33 43 40 46 50 52 55 58 60 62 65 54 53 48 34 45 65 62 67 74 71 81 80 69 64 59 57 
24 25 20 33 43 40 28 19 5 15 20 33 43 40 46 50 52 55 58 60 62 65 54 65 62 60 58 55 52 50 46 49 56 75 72 73 77 68 63 67 74 71 81 80 69 64 59 57 
24 25 20 15 20 33 41 40 46 50 52 55 58 60 62 65 45 34 48 53 54 53 48 34 45 65 62 67 74 83 84 82 81 80 69 64 59 57 
24 16 10 15 20 33 41 40 46 50 52 55 58 60 62 65 45 34 48 53 54 57 
24 25 20 33 43 40 28 19 5 15 20 33 41 40 46 50 52 55 58 60 62 65 54 65 62 60 58 55 52 50 46 49 56 75 78 66 68 63 67 74 71 81 80 69 64 59 57 
24 25 20 33 41 40 28 19 5 15 20 33 43 40 46 49 56 75 78 66 68 63 67 62 65 54 53 48 34 45 65 62 67 74 71 81 80 69 64 59 57 
24 16 10 15 20 33 41 40 46 49 56 75 78 66 68 63 67 62 65 54 65 62 60 58 55 52 50 46 49 56 75 72 73 77 68 63 67 74 71 81 80 69 64 59 57 
24 25 20 33 43 40 28 19 5 15 5 19 28 40 46 50 52 55 58 60 62 65 54 53 48 34 45 65 62 67 74 83 84 82 81 80 69 64 59 57 
24 16 10 15 20 33 43 40 46 49 56 75 78 66 68 63 67 62 65 54 65 62 67 74 83 84 82 81 80 69 64 59 57 
24 16 10 15 20 33 43 40 46 50 52 55 58 60 62 65 54 65 62 67 74 71 81 80 69 64 59 57 
24 16 10 15 20 33 41 40 46 49 56 75 72 73 77 68 63 67 62 65 54 53 48 34 45 65 62 60 58 55 52 50 46 49 56 75 78 66 68 63 67 74 71 81 80 69 64 59 57 
24 25 20 33 43 40 28 19 5 15 10 16 24 25 20 33 43 40 46 50 52 55 58 60 62 65 54 53 48 34 45 65 62 67 74 83 84 82 81 80 69 64 59 57 
24 25 20 33 41 40 28 19 5 15 20 33 41 40 46 50 52 55 58 60 62 65 45 34 48 53 54 53 48 34 45 65 62 60 58 55 52 50 46 49 56 75 78 66 68 63 67 74 71 81 80 69 64 59 57 
24 16 10 15 10 16 24 25 20 33 43 40 46 50 52 55 58 60 62 65 54 57 
24 25 20 33 41 40 28 19 5 15 5 19 28 40 46 49 56 75 78 66 68 63 67 62 65 54 65 62 67 74 83 84 82 81 80 69 64 59 57 
24 16 10 15 20 33 41 40 46 49 56 75 72 73 77 68 63 67 62 65 54 65 62 60 58 55 52 50 46 49 56 75 72 73 77 68 63 67 74 71 81 80 69 64 59 57 
24 25 20 33 43 40 28 19 5 15 20 33 41 40 46 49 56 75 72 73 77 68 63 67 62 65 54 65 62 60 58 55 52 50 46 49 56 75 78 66 68 63 67 74 71 81 80 69 64 59 57 
24 25 20 15 20 33 41 40 46 49 56 75 72 73 77 68 63 67 62 65 54 53 48 34 45 65 62 60 58 55 52 50 46 49 56 75 78 66 68 63 67 74 71 81 80 69 64 59 57 
24 25 20 33 41 40 28 19 5 15 5 19 28 40 46 50 52 55 58 60 62 65 54 57 
---------------
