Request id 9
20 15 20 33 43 40 46 50 52 55 58 60 62 67 74 83 84 88 89 
20 15 5 19 28 40 46 50 52 55 58 60 62 67 74 83 84 88 89 
20 15 20 33 41 40 46 50 52 55 58 60 62 67 74 83 84 88 89 
20 15 20 33 43 40 46 49 56 75 78 66 68 63 67 74 83 84 88 89 
20 15 20 33 41 40 46 49 56 75 78 66 68 63 67 74 83 84 88 89 
20 15 5 19 28 40 46 49 56 75 78 66 68 63 67 74 83 84 88 89 
20 15 20 33 43 40 46 50 52 55 58 60 62 67 74 71 81 82 84 88 89 
20 15 5 19 28 40 46 50 52 55 58 60 62 67 74 71 81 82 84 88 89 
20 15 5 19 28 40 46 49 56 75 72 73 77 68 63 67 74 83 84 88 89 
20 15 20 33 41 40 46 50 52 55 58 60 62 67 74 71 81 82 84 88 89 
---------------
Request id 5
73 72 75 56 49 46 40 28 
73 72 75 56 49 46 40 43 33 20 15 5 19 28 
73 72 75 56 49 46 40 41 33 20 15 5 19 28 
73 72 75 78 66 68 63 67 62 60 58 55 52 50 46 40 28 
73 72 75 56 49 46 40 41 33 20 25 24 16 10 15 5 19 28 
73 72 75 56 49 46 40 43 33 20 25 24 16 10 15 5 19 28 
73 72 75 72 73 77 68 63 67 62 60 58 55 52 50 46 40 28 
73 72 75 78 66 68 63 67 62 60 58 55 52 50 46 40 43 33 20 15 5 19 28 
73 72 75 78 66 68 63 67 62 60 58 55 52 50 46 40 41 33 20 15 5 19 28 
73 72 75 72 73 77 68 63 67 62 60 58 55 52 50 46 40 43 33 20 15 5 19 28 
---------------
Request id 3
79 69 64 59 57 54 65 65 62 60 58 55 52 50 46 40 43 33 20 25 
79 69 64 59 57 54 65 65 62 60 58 55 52 50 46 40 41 33 20 25 
79 69 64 59 57 54 65 65 62 60 58 55 52 50 46 40 28 19 5 15 20 25 
79 69 64 59 57 54 65 65 62 67 63 68 66 78 75 56 49 46 40 43 33 20 25 
79 69 64 59 57 54 65 65 62 67 63 68 66 78 75 56 49 46 40 41 33 20 25 
79 69 64 59 57 54 65 65 62 60 58 55 52 50 46 40 41 33 20 15 10 16 24 25 
79 69 64 59 57 54 65 65 62 67 63 68 77 73 72 75 56 49 46 40 41 33 20 25 
79 69 64 59 57 54 65 65 62 60 58 55 52 50 46 40 28 19 5 15 10 16 24 25 
79 69 64 59 57 54 65 65 62 60 58 55 52 50 46 40 43 33 20 15 10 16 24 25 
79 69 64 59 57 54 65 65 62 67 63 68 77 73 72 75 56 49 46 40 43 33 20 25 
---------------
Request id 10
26 35 36 40 40 40 36 35 29 23 17 9 13 32 31 22 
26 35 36 40 40 40 37 30 21 26 35 29 23 17 9 13 32 31 22 
26 35 36 40 40 40 36 35 29 23 17 9 3 0 4 6 11 14 22 
26 35 36 40 40 40 37 30 21 26 35 29 23 17 9 3 0 4 6 11 14 22 
26 35 36 40 40 40 36 35 29 23 17 12 7 8 1 2 3 9 13 32 31 22 
26 35 36 40 40 40 36 35 29 23 17 12 7 8 1 2 3 0 4 6 11 14 22 
26 35 36 40 40 40 37 30 21 26 35 29 23 17 12 7 8 1 2 3 9 13 32 31 22 
26 35 36 40 40 40 37 30 21 26 35 29 23 17 12 7 8 1 2 3 0 4 6 11 14 22 
26 21 30 37 40 40 40 36 35 29 23 17 9 13 32 31 22 
26 21 30 37 40 40 40 37 30 21 26 35 29 23 17 9 13 32 31 22 
---------------
Request id 1
58 60 62 65 62 67 74 83 84 88 89 
58 60 62 65 62 67 74 71 81 82 84 88 89 
58 60 62 65 54 57 59 64 69 80 81 82 84 88 89 
58 60 62 65 54 57 59 64 69 80 81 71 74 83 84 88 89 
58 60 62 65 45 34 48 53 54 57 59 64 69 80 81 82 84 88 89 
58 60 62 65 45 34 48 53 54 57 59 64 69 80 81 71 74 83 84 88 89 
58 60 62 65 62 60 58 55 52 50 46 49 56 75 78 66 68 63 67 74 83 84 88 89 
58 60 62 65 62 60 58 55 52 50 46 49 56 75 72 73 77 68 63 67 74 83 84 88 89 
58 60 62 65 62 60 58 55 52 50 46 49 56 75 78 66 68 63 67 74 71 81 82 84 88 89 
58 60 62 65 62 60 58 55 52 50 46 49 56 75 72 73 77 68 63 67 74 71 81 82 84 88 89 
---------------
Request id 2
53 54 65 65 65 62 60 58 55 52 50 46 40 36 35 29 23 17 12 7 
53 54 65 65 65 62 67 63 68 66 78 75 56 49 46 40 36 35 29 23 17 12 7 
53 54 65 65 65 62 60 58 55 52 50 46 40 37 30 21 26 35 29 23 17 12 7 
53 54 65 65 65 62 60 58 55 52 50 46 40 36 35 29 23 17 9 3 2 1 8 7 
53 54 65 65 65 62 67 63 68 77 73 72 75 56 49 46 40 36 35 29 23 17 12 7 
53 54 65 65 65 62 67 63 68 66 78 75 56 49 46 40 37 30 21 26 35 29 23 17 12 7 
53 54 65 65 65 62 60 58 55 52 50 46 40 37 30 21 26 35 29 23 17 9 3 2 1 8 7 
53 54 65 65 65 62 67 63 68 66 78 75 56 49 46 40 36 35 29 23 17 9 3 2 1 8 7 
53 54 65 65 65 62 67 63 68 77 73 72 75 56 49 46 40 37 30 21 26 35 29 23 17 12 7 
53 54 65 65 65 62 67 63 68 77 73 72 75 56 49 46 40 36 35 29 23 17 9 3 2 1 8 7 
---------------
Request id 6
73 72 75 78 66 68 63 67 74 83 84 
73 72 75 72 73 77 68 63 67 74 83 84 
73 72 75 78 66 68 63 67 74 71 81 82 84 
73 72 75 72 73 77 68 63 67 74 71 81 82 84 
73 72 75 56 49 46 50 52 55 58 60 62 67 74 83 84 
73 72 75 56 49 46 50 52 55 58 60 62 67 74 71 81 82 84 
73 72 75 78 66 68 63 67 62 65 54 57 59 64 69 80 81 82 84 
73 72 75 72 73 77 68 63 67 62 65 54 57 59 64 69 80 81 82 84 
73 72 75 78 66 68 63 67 62 65 54 57 59 64 69 80 81 71 74 83 84 
73 72 75 72 73 77 68 63 67 62 65 54 57 59 64 69 80 81 71 74 83 84 
---------------
Request id 4
55 52 50 46 46 46 50 
55 52 50 46 46 46 49 56 75 78 66 68 63 67 62 60 58 55 52 50 
55 52 50 46 46 46 49 56 75 72 73 77 68 63 67 62 60 58 55 52 50 
55 52 50 46 46 46 49 56 75 78 66 68 63 67 74 71 81 80 69 64 59 57 54 65 62 60 58 55 52 50 
55 52 50 46 46 46 49 56 75 72 73 77 68 63 67 74 71 81 80 69 64 59 57 54 65 62 60 58 55 52 50 
55 52 50 46 46 46 49 56 75 78 66 68 63 67 74 83 84 82 81 80 69 64 59 57 54 65 62 60 58 55 52 50 
55 52 50 46 46 46 49 56 75 72 73 77 68 63 67 74 83 84 82 81 80 69 64 59 57 54 65 62 60 58 55 52 50 
55 52 50 46 46 46 49 56 75 78 66 68 63 67 74 71 81 80 69 64 59 57 54 53 48 34 45 65 62 60 58 55 52 50 
55 52 50 46 46 46 49 56 75 72 73 77 68 63 67 74 71 81 80 69 64 59 57 54 53 48 34 45 65 62 60 58 55 52 50 
55 52 50 46 46 46 49 56 75 78 66 68 63 67 74 83 84 82 81 80 69 64 59 57 54 53 48 34 45 65 62 60 58 55 52 50 
---------------
Request id 8
70 76 79 69 64 59 57 54 65 62 60 58 55 52 50 46 40 41 33 20 25 24 
70 76 79 69 64 59 57 54 65 62 60 58 55 52 50 46 40 43 33 20 25 24 
70 76 79 69 64 59 57 54 65 62 60 58 55 52 50 46 40 41 33 20 15 10 16 24 
70 76 79 69 64 59 57 54 65 62 60 58 55 52 50 46 40 43 33 20 15 10 16 24 
70 76 79 69 64 59 57 54 65 62 60 58 55 52 50 46 40 28 19 5 15 20 25 24 
70 76 79 69 64 59 57 54 65 62 60 58 55 52 50 46 40 28 19 5 15 10 16 24 
70 76 79 69 64 59 57 54 65 62 67 63 68 66 78 75 56 49 46 40 43 33 20 25 24 
70 76 79 69 64 59 57 54 65 62 67 63 68 66 78 75 56 49 46 40 41 33 20 25 24 
70 76 79 69 64 59 57 54 65 62 67 63 68 77 73 72 75 56 49 46 40 41 33 20 25 24 
70 76 79 69 64 59 57 54 65 62 67 63 68 77 73 72 75 56 49 46 40 43 33 20 25 24 
---------------
Request id 7
42 49 46 46 40 43 
42 49 46 46 40 41 33 43 
42 49 46 46 40 28 19 5 15 20 33 43 
42 49 46 46 40 28 19 5 15 10 16 24 25 20 33 43 
42 49 56 75 78 66 68 63 67 62 60 58 55 52 50 46 46 40 43 
42 49 56 75 78 66 68 63 67 62 60 58 55 52 50 46 46 40 41 33 43 
42 49 56 75 78 66 68 63 67 62 60 58 55 52 50 46 46 40 28 19 5 15 20 33 43 
42 49 56 75 78 66 68 63 67 62 60 58 55 52 50 46 46 40 28 19 5 15 10 16 24 25 20 33 43 
42 49 56 75 72 73 77 68 63 67 62 60 58 55 52 50 46 46 40 43 
42 49 56 75 72 73 77 68 63 67 62 60 58 55 52 50 46 46 40 41 33 43 
---------------
