Request id 13
8 13 10 3 4 5 5 5 12 13 8 7 0 2 
8 11 10 13 12 5 5 5 4 3 1 2 
8 7 6 4 5 5 5 2 
8 11 12 5 5 5 2 
8 11 10 13 12 5 5 5 12 13 8 7 0 2 
8 11 12 5 5 5 4 3 1 0 2 
8 11 10 3 4 5 5 5 12 11 10 3 1 2 
8 13 12 5 5 5 12 13 8 7 0 2 
8 7 6 4 5 5 5 9 8 7 0 1 2 
8 9 5 5 5 4 6 7 0 1 2 
8 9 5 5 5 12 13 10 3 1 2 
8 7 0 2 5 5 5 12 13 10 3 1 2 
8 13 12 5 5 5 12 13 10 3 1 2 
8 7 0 1 2 5 5 5 2 
8 13 10 3 4 5 5 5 12 11 10 3 1 2 
8 11 10 3 4 5 5 5 9 8 7 0 1 2 
8 11 12 5 5 5 4 6 7 0 2 
8 9 5 5 5 4 3 1 0 2 
8 11 12 5 5 5 4 3 1 2 
8 13 10 11 12 5 5 5 9 8 7 0 1 2 
8 7 0 2 5 5 5 4 6 7 0 2 
8 9 5 5 5 9 8 7 0 1 2 
8 7 0 2 5 5 5 2 
8 11 10 13 12 5 5 5 4 6 7 0 1 2 
8 7 6 4 5 5 5 12 11 10 3 1 2 
8 7 6 4 5 5 5 9 8 7 0 2 
8 13 10 11 12 5 5 5 4 3 1 2 
8 7 0 1 2 5 5 5 12 13 10 3 1 2 
8 7 0 2 5 5 5 12 13 8 7 0 2 
8 9 5 5 5 4 6 7 0 2 
8 7 0 2 5 5 5 9 8 7 0 2 
8 13 10 3 4 5 5 5 4 6 7 0 2 
8 13 10 11 12 5 5 5 2 
8 7 0 2 5 5 5 12 11 10 3 1 2 
8 13 10 11 12 5 5 5 12 13 8 7 0 2 
8 13 10 3 4 5 5 5 4 3 1 0 2 
8 7 0 1 2 5 5 5 9 8 7 0 1 2 
8 9 5 5 5 2 
8 13 10 3 4 5 5 5 4 6 7 0 1 2 
8 13 10 11 12 5 5 5 4 6 7 0 1 2 
---------------
Request id 22
9 8 7 0 1 2 5 12 11 8 
9 8 13 10 3 4 5 4 3 10 13 8 
9 8 7 6 4 5 2 1 0 7 8 
9 5 12 13 10 11 8 
9 8 7 0 1 2 5 4 6 7 8 
9 8 7 6 4 5 2 0 7 8 
9 8 11 10 13 12 5 4 6 7 8 
9 5 2 1 0 7 8 
9 8 11 10 3 4 5 2 1 0 7 8 
9 8 7 6 4 5 4 3 10 13 8 
9 8 11 10 13 12 5 12 13 10 11 8 
9 8 11 12 5 4 3 10 11 8 
9 8 11 12 5 4 6 7 8 
9 8 13 10 11 12 5 4 3 10 11 8 
9 8 13 10 3 4 5 12 11 8 
9 5 2 0 7 8 
9 8 13 12 5 4 6 7 8 
9 8 13 10 3 4 5 4 3 10 11 8 
9 8 11 12 5 2 0 7 8 
9 8 13 10 11 12 5 9 8 
9 8 13 10 3 4 5 2 0 7 8 
9 8 13 10 3 4 5 12 11 10 13 8 
9 8 7 0 1 2 5 9 8 
9 8 11 10 3 4 5 4 3 10 13 8 
9 8 13 12 5 2 1 0 7 8 
9 8 11 10 13 12 5 4 3 10 11 8 
9 8 7 0 1 2 5 12 11 10 13 8 
9 8 13 10 11 12 5 4 6 7 8 
9 8 13 12 5 12 11 10 13 8 
9 5 9 8 
9 8 11 10 3 4 5 12 13 10 11 8 
9 8 13 10 11 12 5 4 3 10 13 8 
9 8 11 12 5 4 3 10 13 8 
9 8 11 12 5 12 13 10 11 8 
9 8 11 10 3 4 5 12 11 8 
9 8 7 0 1 2 5 12 13 10 11 8 
9 8 13 12 5 4 3 10 13 8 
9 8 11 10 13 12 5 12 11 10 13 8 
9 5 12 11 8 
9 8 13 10 3 4 5 4 6 7 8 
---------------
Request id 19
13 12 11 8 9 5 12 13 8 7 0 
13 10 3 1 2 5 4 6 7 0 
13 10 3 4 5 12 13 10 3 1 0 
13 12 5 4 3 1 2 0 
13 8 7 6 4 5 4 3 1 0 
13 10 11 8 9 5 12 11 8 7 0 
13 8 9 5 4 3 1 0 
13 10 11 8 9 5 4 6 7 0 
13 10 11 8 9 5 2 1 0 
13 8 9 5 9 8 7 0 
13 8 7 0 2 5 12 13 10 3 1 0 
13 12 5 2 1 0 
13 8 9 5 4 6 7 0 
13 8 7 0 2 5 4 3 1 0 
13 8 7 6 4 5 4 6 7 0 
13 10 11 8 9 5 4 3 1 0 
13 10 11 12 5 12 11 8 7 0 
13 8 11 12 5 4 3 1 0 
13 8 7 0 2 5 2 0 
13 10 11 8 9 5 2 0 
13 10 11 12 5 4 6 7 0 
13 10 3 4 5 12 13 8 7 0 
13 8 7 6 4 5 12 11 10 3 1 0 
13 8 11 12 5 12 13 10 3 1 0 
13 12 11 8 9 5 12 11 10 3 1 0 
13 8 11 12 5 12 11 8 7 0 
13 12 5 2 0 
13 12 11 8 9 5 9 8 7 0 
13 8 11 12 5 2 1 0 
13 10 3 4 5 2 1 0 
13 12 11 8 9 5 2 0 
13 8 11 12 5 12 13 8 7 0 
13 10 11 12 5 4 3 1 2 0 
13 12 5 12 11 10 3 1 0 
13 10 3 4 5 4 3 1 0 
13 8 9 5 12 13 10 3 1 0 
13 10 11 12 5 4 3 1 0 
13 8 9 5 2 0 
13 12 5 4 3 1 0 
13 10 3 1 2 5 12 11 8 7 0 
---------------
Request id 24
3 10 13 8 9 5 5 4 3 10 11 12 
3 4 6 7 8 9 5 5 2 0 7 8 13 12 
3 10 13 8 9 5 5 2 1 3 10 11 12 
3 4 6 7 8 9 5 5 4 3 10 13 12 
3 10 11 12 5 5 4 3 10 11 12 
3 4 6 7 8 9 5 5 4 6 7 8 11 12 
3 1 2 5 5 9 8 11 12 
3 10 11 8 13 12 5 5 4 3 10 13 12 
3 4 6 7 8 9 5 5 4 3 10 11 12 
3 10 13 12 5 5 4 3 10 11 12 
3 4 5 5 2 0 7 8 13 12 
3 10 11 12 5 5 4 6 7 8 11 12 
3 10 13 8 11 12 5 5 2 0 7 8 11 12 
3 10 13 12 5 5 9 8 13 12 
3 10 13 8 11 12 5 5 2 1 3 10 11 12 
3 10 11 12 5 5 9 8 13 12 
3 10 13 8 11 12 5 5 9 8 11 10 13 12 
3 10 11 8 9 5 5 2 1 3 10 11 12 
3 4 5 5 4 3 10 13 12 
3 4 6 7 8 9 5 5 9 8 13 12 
3 1 0 2 5 5 4 3 10 13 12 
3 10 11 8 9 5 5 4 3 10 13 12 
3 1 2 5 5 2 1 3 10 11 12 
3 4 6 7 8 9 5 5 2 1 3 10 11 12 
3 10 13 8 9 5 5 9 8 11 12 
3 10 13 8 11 12 5 5 9 8 13 12 
3 10 13 8 9 5 5 2 0 7 8 11 12 
3 10 11 8 13 12 5 5 2 1 3 10 11 12 
3 10 11 12 5 5 12 
3 10 13 8 9 5 5 2 0 7 8 13 12 
3 10 11 12 5 5 9 8 11 12 
3 1 2 5 5 9 8 11 10 13 12 
3 4 5 5 2 0 7 8 11 12 
3 1 0 2 5 5 2 0 7 8 11 12 
3 10 13 12 5 5 4 6 7 8 11 12 
3 10 11 12 5 5 4 3 10 13 12 
3 4 5 5 2 1 3 10 11 12 
3 1 2 5 5 4 6 7 8 11 12 
3 10 13 8 11 12 5 5 12 
3 10 13 8 9 5 5 9 8 11 10 13 12 
---------------
Request id 17
2 0 1 3 4 5 9 8 13 12 11 
2 1 0 7 6 4 5 9 8 11 
2 1 3 10 11 12 5 12 13 10 11 
2 0 7 8 11 12 5 9 8 11 
2 1 3 4 5 12 11 
2 0 1 3 4 5 12 13 8 11 
2 0 7 8 9 5 2 1 3 10 11 
2 0 7 6 4 5 9 8 13 12 11 
2 1 3 4 5 9 8 13 12 11 
2 1 3 10 11 12 5 9 8 11 
2 0 1 3 4 5 9 8 11 
2 1 3 4 5 2 1 3 10 11 
2 0 1 3 4 5 4 3 10 11 
2 1 3 10 11 12 5 12 11 
2 1 3 4 5 9 8 13 10 11 
2 1 3 10 11 12 5 9 8 13 10 11 
2 0 7 8 9 5 9 8 13 10 11 
2 0 7 6 4 5 4 3 10 11 
2 1 3 10 13 12 5 12 13 10 11 
2 5 9 8 11 
2 0 1 3 4 5 9 8 13 10 11 
2 0 7 8 13 12 5 4 6 7 8 11 
2 1 3 10 13 12 5 9 8 11 
2 1 3 10 13 12 5 12 11 
2 0 7 8 9 5 12 13 10 11 
2 0 1 3 4 5 12 13 10 11 
2 1 0 7 6 4 5 12 13 8 11 
2 1 3 4 5 12 13 10 11 
2 1 3 10 11 12 5 9 8 13 12 11 
2 1 3 10 13 12 5 9 8 13 12 11 
2 5 4 6 7 8 11 
2 0 1 3 4 5 4 6 7 8 11 
2 5 12 11 
2 1 3 10 11 12 5 4 3 10 11 
2 1 3 10 13 12 5 2 0 7 8 11 
2 1 3 10 11 12 5 4 6 7 8 11 
2 1 0 7 6 4 5 9 8 13 10 11 
2 1 3 10 11 12 5 2 1 3 10 11 
2 0 7 8 11 12 5 9 8 13 10 11 
2 1 0 7 6 4 5 12 13 10 11 
---------------
Request id 28
1 3 10 11 8 9 5 5 5 4 3 10 11 8 
1 3 10 13 12 5 5 5 4 3 10 11 8 
1 2 0 7 6 4 5 5 5 2 0 7 8 
1 0 7 8 11 12 5 5 5 12 11 8 
1 2 5 5 5 4 3 10 11 8 
1 0 2 5 5 5 2 1 0 7 8 
1 0 7 8 9 5 5 5 12 13 10 11 8 
1 2 5 5 5 4 3 10 13 8 
1 0 7 8 9 5 5 5 12 11 8 
1 0 2 5 5 5 4 3 10 11 8 
1 0 7 8 11 12 5 5 5 4 3 10 13 8 
1 0 2 5 5 5 12 13 8 
1 0 7 8 11 12 5 5 5 12 13 8 
1 3 10 11 12 5 5 5 4 3 10 11 8 
1 0 7 8 9 5 5 5 4 6 7 8 
1 2 0 7 6 4 5 5 5 12 11 8 
1 0 2 5 5 5 2 0 7 8 
1 0 7 8 9 5 5 5 9 8 
1 3 10 13 12 5 5 5 12 11 10 13 8 
1 2 5 5 5 12 13 10 11 8 
1 0 7 6 4 5 5 5 2 1 0 7 8 
1 3 10 11 12 5 5 5 12 11 8 
1 3 10 11 12 5 5 5 9 8 
1 3 10 11 8 9 5 5 5 2 1 0 7 8 
1 3 10 11 8 9 5 5 5 12 13 10 11 8 
1 0 7 6 4 5 5 5 4 3 10 11 8 
1 0 2 5 5 5 12 11 10 13 8 
1 3 10 13 12 5 5 5 12 13 10 11 8 
1 0 7 8 9 5 5 5 2 1 0 7 8 
1 0 7 8 9 5 5 5 4 3 10 11 8 
1 3 10 13 12 5 5 5 12 13 8 
1 0 7 8 11 12 5 5 5 2 0 7 8 
1 3 4 5 5 5 4 6 7 8 
1 0 7 8 9 5 5 5 12 13 8 
1 2 5 5 5 2 1 0 7 8 
1 3 4 5 5 5 4 3 10 13 8 
1 3 10 11 12 5 5 5 2 1 0 7 8 
1 3 10 11 12 5 5 5 12 13 10 11 8 
1 3 10 11 8 9 5 5 5 4 6 7 8 
1 0 2 5 5 5 9 8 
---------------
Request id 30
13 8 7 6 4 5 4 6 7 
13 10 3 1 2 5 12 11 8 7 
13 12 5 4 6 7 
13 12 11 8 9 5 12 13 8 7 
13 10 11 8 9 5 4 3 1 0 7 
13 8 7 6 4 5 4 3 1 2 0 7 
13 10 11 12 5 2 0 7 
13 10 11 12 5 4 3 1 2 0 7 
13 10 11 12 5 4 3 10 13 8 7 
13 8 7 0 2 5 12 13 8 7 
13 10 11 12 5 2 1 0 7 
13 10 3 1 2 5 4 3 1 2 0 7 
13 8 11 12 5 2 1 3 4 6 7 
13 8 7 6 4 5 12 11 8 7 
13 10 11 12 5 2 1 3 4 6 7 
13 8 7 6 4 5 2 1 3 4 6 7 
13 10 3 4 5 12 11 8 7 
13 10 11 12 5 4 3 1 0 7 
13 12 5 2 1 3 4 6 7 
13 12 11 8 9 5 4 3 1 2 0 7 
13 8 7 0 2 5 9 8 7 
13 8 7 6 4 5 2 1 0 7 
13 10 11 12 5 4 6 7 
13 10 11 8 9 5 9 8 7 
13 8 7 0 2 5 2 1 0 7 
13 10 11 8 9 5 2 1 0 7 
13 10 11 12 5 12 11 8 7 
13 10 11 8 9 5 2 1 3 4 6 7 
13 10 3 4 5 4 3 1 0 7 
13 12 5 12 11 8 7 
13 12 5 12 13 8 7 
13 12 11 8 9 5 2 0 7 
13 12 11 8 9 5 4 3 1 0 7 
13 8 7 6 4 5 4 3 10 13 8 7 
13 8 7 6 4 5 9 8 7 
13 10 3 1 2 5 4 6 7 
13 10 3 4 5 4 6 7 
13 8 11 12 5 2 0 7 
13 10 3 4 5 4 3 10 13 8 7 
13 8 11 12 5 4 3 1 0 7 
---------------
Request id 16
1 3 10 11 8 9 5 5 5 12 13 10 3 
1 0 2 5 5 5 4 3 
1 0 7 8 11 12 5 5 5 12 11 10 3 
1 3 10 11 12 5 5 5 12 11 10 3 
1 0 2 5 5 5 9 8 11 10 3 
1 3 10 13 12 5 5 5 4 3 
1 0 7 6 4 5 5 5 12 11 8 13 10 3 
1 0 7 6 4 5 5 5 4 6 7 0 1 3 
1 3 4 5 5 5 4 3 
1 3 10 11 8 9 5 5 5 2 0 7 6 4 3 
1 3 10 11 12 5 5 5 2 0 7 6 4 3 
1 2 5 5 5 9 8 11 10 3 
1 0 7 8 11 12 5 5 5 2 1 3 
1 3 10 11 8 9 5 5 5 4 3 
1 2 5 5 5 4 6 7 0 1 3 
1 2 0 7 6 4 5 5 5 2 0 7 6 4 3 
1 0 2 5 5 5 12 11 8 13 10 3 
1 3 10 13 12 5 5 5 12 11 10 3 
1 0 7 8 11 12 5 5 5 9 8 13 10 3 
1 2 0 7 6 4 5 5 5 2 1 3 
1 0 7 8 11 12 5 5 5 12 13 10 3 
1 3 4 5 5 5 12 11 10 3 
1 2 5 5 5 9 8 13 10 3 
1 3 4 5 5 5 2 0 7 6 4 3 
1 3 4 5 5 5 12 13 10 3 
1 3 10 11 8 9 5 5 5 2 1 3 
1 2 5 5 5 4 3 
1 0 7 8 11 12 5 5 5 2 0 7 6 4 3 
1 2 0 7 6 4 5 5 5 4 3 
1 0 7 8 11 12 5 5 5 4 3 
1 2 5 5 5 12 11 10 3 
1 0 7 6 4 5 5 5 2 1 3 
1 3 10 13 12 5 5 5 4 6 7 0 1 3 
1 2 0 7 6 4 5 5 5 12 11 10 3 
1 0 7 6 4 5 5 5 12 11 10 3 
1 0 7 6 4 5 5 5 9 8 13 10 3 
1 0 7 8 9 5 5 5 9 8 13 10 3 
1 3 4 5 5 5 12 11 8 13 10 3 
1 0 7 6 4 5 5 5 2 0 1 3 
1 0 7 8 9 5 5 5 2 0 7 6 4 3 
---------------
Request id 26
7 0 2 5 5 5 2 0 7 8 13 12 
7 8 13 12 5 5 5 2 0 7 8 13 12 
7 0 2 1 3 4 5 5 5 2 0 7 8 13 12 
7 6 4 3 1 2 5 5 5 4 3 10 13 12 
7 0 2 1 3 4 5 5 5 4 6 7 8 13 12 
7 0 1 2 5 5 5 2 0 7 8 11 12 
7 0 1 2 5 5 5 9 8 13 12 
7 0 1 2 5 5 5 4 3 10 13 12 
7 8 11 10 3 4 5 5 5 9 8 11 12 
7 8 9 5 5 5 4 6 7 8 13 12 
7 0 1 2 5 5 5 2 1 3 10 13 12 
7 6 4 5 5 5 9 8 13 12 
7 8 11 12 5 5 5 4 3 10 13 12 
7 8 13 12 5 5 5 12 
7 0 2 5 5 5 2 1 3 10 13 12 
7 6 4 3 1 2 5 5 5 4 3 10 11 12 
7 8 9 5 5 5 9 8 11 12 
7 8 13 12 5 5 5 4 6 7 8 13 12 
7 0 2 1 3 4 5 5 5 4 3 10 13 12 
7 8 11 10 3 4 5 5 5 4 6 7 8 13 12 
7 6 4 3 1 2 5 5 5 9 8 13 12 
7 8 11 10 3 4 5 5 5 4 3 10 11 12 
7 0 2 5 5 5 4 6 7 8 13 12 
7 0 2 5 5 5 12 
7 6 4 5 5 5 2 1 3 10 13 12 
7 0 2 5 5 5 9 8 13 12 
7 8 9 5 5 5 2 0 7 8 13 12 
7 0 2 5 5 5 2 0 7 8 11 12 
7 8 13 12 5 5 5 4 3 10 13 12 
7 8 9 5 5 5 2 1 3 10 13 12 
7 8 11 10 3 4 5 5 5 2 1 3 10 13 12 
7 8 11 10 3 4 5 5 5 12 
7 0 1 2 5 5 5 9 8 11 12 
7 8 11 12 5 5 5 2 0 7 8 13 12 
7 6 4 5 5 5 4 3 10 11 12 
7 0 1 3 4 5 5 5 12 
7 0 2 1 3 4 5 5 5 9 8 11 12 
7 8 9 5 5 5 12 
7 0 1 3 4 5 5 5 9 8 13 12 
7 0 2 5 5 5 9 8 11 12 
---------------
Request id 2
8 11 10 13 12 5 5 2 0 1 3 4 
8 7 0 1 2 5 5 9 8 11 10 3 4 
8 7 0 1 2 5 5 12 13 8 7 6 4 
8 7 6 4 5 5 9 8 11 10 3 4 
8 11 12 5 5 2 0 1 3 4 
8 13 10 3 4 5 5 2 1 3 4 
8 11 10 13 12 5 5 12 11 8 7 6 4 
8 7 0 1 2 5 5 9 8 7 6 4 
8 7 6 4 5 5 12 11 10 3 4 
8 13 12 5 5 9 8 7 6 4 
8 11 10 3 4 5 5 9 8 11 10 3 4 
8 11 10 3 4 5 5 4 
8 11 10 13 12 5 5 12 13 8 7 6 4 
8 13 12 5 5 2 0 7 6 4 
8 11 12 5 5 9 8 11 10 3 4 
8 11 10 13 12 5 5 4 
8 11 10 3 4 5 5 2 1 3 4 
8 13 10 3 4 5 5 12 13 8 7 6 4 
8 13 12 5 5 9 8 11 10 3 4 
8 7 6 4 5 5 2 1 3 4 
8 7 6 4 5 5 2 0 7 6 4 
8 11 12 5 5 4 
8 11 12 5 5 2 0 7 6 4 
8 13 10 3 4 5 5 12 11 10 3 4 
8 13 12 5 5 2 0 1 3 4 
8 9 5 5 12 11 8 7 6 4 
8 7 0 2 5 5 12 13 10 3 4 
8 13 12 5 5 12 13 8 7 6 4 
8 13 10 3 4 5 5 9 8 11 10 3 4 
8 9 5 5 9 8 11 10 3 4 
8 7 6 4 5 5 9 8 7 6 4 
8 11 12 5 5 9 8 7 6 4 
8 7 0 2 5 5 2 0 1 3 4 
8 13 12 5 5 2 1 3 4 
8 7 6 4 5 5 12 11 8 7 6 4 
8 7 0 1 2 5 5 2 0 7 6 4 
8 7 0 1 2 5 5 12 11 10 3 4 
8 7 0 2 5 5 9 8 11 10 3 4 
8 13 12 5 5 4 
8 13 12 5 5 12 11 8 7 6 4 
---------------
Request id 4
12 13 8 7 6 4 5 4 3 10 11 8 
12 13 10 3 4 5 9 8 
12 11 8 7 0 2 5 12 13 8 
12 11 8 7 0 2 5 2 0 7 8 
12 13 8 9 5 9 8 
12 5 4 3 10 13 8 
12 13 8 7 6 4 5 12 11 8 
12 11 10 3 1 2 5 4 3 10 11 8 
12 13 8 9 5 2 0 7 8 
12 11 10 3 1 2 5 12 13 8 
12 11 10 3 1 2 5 4 3 10 13 8 
12 11 10 13 8 9 5 9 8 
12 11 8 7 0 2 5 12 13 10 11 8 
12 11 10 3 4 5 12 11 10 13 8 
12 11 8 7 6 4 5 9 8 
12 13 10 3 4 5 12 11 8 
12 11 8 9 5 9 8 
12 13 10 3 4 5 2 0 7 8 
12 13 8 9 5 12 11 10 13 8 
12 11 8 7 6 4 5 2 1 0 7 8 
12 11 8 9 5 2 1 0 7 8 
12 11 10 3 1 2 5 9 8 
12 11 8 7 0 2 5 12 11 8 
12 11 8 7 6 4 5 12 13 10 11 8 
12 13 8 9 5 4 3 10 13 8 
12 13 8 9 5 12 13 10 11 8 
12 11 8 9 5 2 0 7 8 
12 11 8 9 5 12 13 8 
12 11 8 7 0 2 5 4 3 10 11 8 
12 11 10 3 4 5 12 11 8 
12 11 8 9 5 4 6 7 8 
12 13 8 9 5 12 13 8 
12 13 8 7 6 4 5 2 0 7 8 
12 11 8 7 6 4 5 4 6 7 8 
12 5 2 0 7 8 
12 5 9 8 
12 13 8 7 6 4 5 2 1 0 7 8 
12 13 10 3 4 5 12 13 10 11 8 
12 11 10 13 8 9 5 12 13 8 
12 13 10 3 4 5 12 11 10 13 8 
---------------
Request id 9
1 0 7 6 4 5 4 3 1 2 0 7 
1 3 10 11 12 5 4 3 10 11 8 7 
1 0 2 5 2 0 7 
1 0 7 6 4 5 4 3 10 11 8 7 
1 0 2 5 2 1 3 4 6 7 
1 0 7 8 11 12 5 4 3 10 11 8 7 
1 2 0 7 6 4 5 2 0 7 
1 3 10 13 12 5 9 8 7 
1 3 10 11 8 9 5 4 3 1 0 7 
1 2 0 7 6 4 5 9 8 7 
1 2 0 7 6 4 5 4 6 7 
1 0 7 8 11 12 5 4 3 1 2 0 7 
1 2 5 12 13 8 7 
1 0 2 5 4 3 10 11 8 7 
1 3 10 13 12 5 12 13 8 7 
1 0 7 6 4 5 4 6 7 
1 0 7 8 11 12 5 2 0 7 
1 3 10 11 8 9 5 4 3 1 2 0 7 
1 0 2 5 2 1 0 7 
1 3 4 5 9 8 7 
1 3 10 11 8 9 5 9 8 7 
1 3 10 11 8 9 5 12 11 8 7 
1 0 7 8 11 12 5 12 13 8 7 
1 3 10 11 12 5 2 1 0 7 
1 0 7 8 9 5 2 1 3 4 6 7 
1 2 5 9 8 7 
1 2 0 7 6 4 5 4 3 1 2 0 7 
1 3 10 11 12 5 2 1 3 4 6 7 
1 3 4 5 12 11 8 7 
1 3 10 11 12 5 2 0 7 
1 0 2 5 9 8 7 
1 3 10 11 8 9 5 4 3 10 11 8 7 
1 0 7 8 9 5 4 3 1 0 7 
1 2 0 7 6 4 5 4 3 1 0 7 
1 3 10 11 8 9 5 4 6 7 
1 3 4 5 4 3 10 11 8 7 
1 3 10 13 12 5 4 3 1 0 7 
1 0 2 5 4 3 1 0 7 
1 0 7 8 9 5 2 0 7 
1 2 0 7 6 4 5 12 13 8 7 
---------------
Request id 11
10 13 12 5 5 4 3 10 13 8 7 
10 11 12 5 5 2 1 0 7 
10 11 8 9 5 5 12 11 8 7 
10 13 8 11 12 5 5 9 8 7 
10 3 4 5 5 12 13 8 7 
10 3 4 5 5 4 3 10 13 8 7 
10 11 12 5 5 9 8 7 
10 13 8 9 5 5 4 3 10 13 8 7 
10 3 4 5 5 2 1 3 4 6 7 
10 11 8 13 12 5 5 2 1 0 7 
10 13 8 7 0 2 5 5 4 6 7 
10 13 8 9 5 5 2 0 7 
10 13 8 11 12 5 5 4 3 10 13 8 7 
10 11 12 5 5 4 3 1 0 7 
10 3 1 0 2 5 5 4 3 10 13 8 7 
10 11 12 5 5 4 3 1 2 0 7 
10 13 8 7 0 2 5 5 2 1 3 4 6 7 
10 3 1 2 5 5 2 0 7 
10 13 8 11 12 5 5 2 1 3 4 6 7 
10 11 8 13 12 5 5 4 3 1 2 0 7 
10 3 1 2 5 5 12 13 8 7 
10 13 8 9 5 5 12 11 8 7 
10 3 1 0 2 5 5 9 8 7 
10 3 4 5 5 2 1 0 7 
10 11 12 5 5 2 0 7 
10 13 8 9 5 5 4 3 1 2 0 7 
10 11 8 13 12 5 5 12 13 8 7 
10 3 1 2 5 5 2 1 3 4 6 7 
10 11 8 9 5 5 2 0 7 
10 11 8 13 12 5 5 9 8 7 
10 13 12 5 5 2 1 0 7 
10 13 12 5 5 12 11 8 7 
10 3 1 0 2 5 5 2 0 7 
10 13 8 9 5 5 12 13 8 7 
10 13 8 9 5 5 9 8 7 
10 3 1 2 5 5 4 3 1 0 7 
10 13 12 5 5 4 3 1 2 0 7 
10 3 1 0 2 5 5 12 13 8 7 
10 13 8 7 0 2 5 5 4 3 1 2 0 7 
10 11 8 13 12 5 5 12 11 8 7 
---------------
Request id 23
7 6 4 5 5 5 12 13 10 11 
7 8 11 12 5 5 5 2 1 3 10 11 
7 8 13 10 11 12 5 5 5 12 11 
7 0 2 1 3 4 5 5 5 2 0 7 8 11 
7 0 2 5 5 5 9 8 11 
7 8 9 5 5 5 9 8 13 12 11 
7 0 2 5 5 5 2 0 7 8 11 
7 8 13 12 5 5 5 9 8 13 10 11 
7 0 2 1 3 4 5 5 5 9 8 13 10 11 
7 0 2 1 3 4 5 5 5 2 1 3 10 11 
7 6 4 5 5 5 9 8 13 12 11 
7 0 1 2 5 5 5 4 3 10 11 
7 8 13 12 5 5 5 12 13 10 11 
7 0 2 5 5 5 4 6 7 8 11 
7 8 11 12 5 5 5 9 8 11 
7 6 4 3 1 2 5 5 5 4 3 10 11 
7 8 13 10 11 12 5 5 5 2 0 7 8 11 
7 6 4 5 5 5 12 13 8 11 
7 8 13 10 11 12 5 5 5 4 6 7 8 11 
7 8 13 10 11 12 5 5 5 9 8 13 10 11 
7 0 2 5 5 5 2 1 3 10 11 
7 0 1 3 4 5 5 5 2 0 7 8 11 
7 8 9 5 5 5 12 11 
7 8 11 12 5 5 5 9 8 13 12 11 
7 8 13 10 11 12 5 5 5 4 3 10 11 
7 0 2 1 3 4 5 5 5 9 8 13 12 11 
7 8 13 10 11 12 5 5 5 12 13 8 11 
7 0 2 5 5 5 9 8 13 12 11 
7 0 1 2 5 5 5 2 0 7 8 11 
7 0 2 1 3 4 5 5 5 12 13 10 11 
7 6 4 5 5 5 2 1 3 10 11 
7 0 2 5 5 5 12 13 8 11 
7 8 11 12 5 5 5 12 11 
7 0 2 1 3 4 5 5 5 12 13 8 11 
7 0 1 3 4 5 5 5 9 8 13 12 11 
7 0 2 5 5 5 12 11 
7 0 1 3 4 5 5 5 12 13 10 11 
7 8 13 12 5 5 5 2 0 7 8 11 
7 0 1 3 4 5 5 5 9 8 11 
7 6 4 3 1 2 5 5 5 2 1 3 10 11 
---------------
Request id 29
6 7 8 13 12 5 5 5 9 8 11 12 
6 7 0 1 3 4 5 5 5 9 8 13 12 
6 4 5 5 5 2 0 7 8 13 12 
6 7 0 2 5 5 5 12 
6 4 5 5 5 4 3 10 13 12 
6 4 5 5 5 12 
6 7 0 1 2 5 5 5 4 3 10 13 12 
6 7 0 2 5 5 5 9 8 13 12 
6 4 3 10 13 12 5 5 5 4 6 7 8 11 12 
6 7 8 9 5 5 5 9 8 13 10 11 12 
6 7 0 1 2 5 5 5 12 
6 7 0 1 2 5 5 5 4 6 7 8 11 12 
6 7 8 13 12 5 5 5 4 3 10 13 12 
6 4 3 1 0 2 5 5 5 9 8 13 12 
6 7 0 2 5 5 5 2 1 3 10 11 12 
6 7 8 13 12 5 5 5 9 8 13 10 11 12 
6 7 8 9 5 5 5 2 0 7 8 13 12 
6 4 3 1 2 5 5 5 2 0 7 8 13 12 
6 7 0 1 2 5 5 5 9 8 11 12 
6 4 3 1 2 5 5 5 4 6 7 8 11 12 
6 7 8 11 12 5 5 5 4 3 10 13 12 
6 7 8 13 12 5 5 5 4 3 10 11 12 
6 7 8 11 12 5 5 5 2 0 7 8 13 12 
6 4 5 5 5 4 3 10 11 12 
6 4 3 10 13 12 5 5 5 2 0 7 8 13 12 
6 7 0 2 5 5 5 4 6 7 8 11 12 
6 7 8 9 5 5 5 2 0 7 8 11 12 
6 4 5 5 5 4 6 7 8 11 12 
6 4 5 5 5 2 0 7 8 11 12 
6 4 3 10 13 12 5 5 5 9 8 13 10 11 12 
6 7 8 9 5 5 5 2 1 3 10 11 12 
6 4 5 5 5 9 8 11 12 
6 4 3 1 2 5 5 5 9 8 11 12 
6 7 8 13 12 5 5 5 2 0 7 8 13 12 
6 7 8 11 12 5 5 5 2 1 3 10 11 12 
6 4 3 1 2 5 5 5 2 1 3 10 11 12 
6 7 0 1 3 4 5 5 5 9 8 13 10 11 12 
6 7 0 1 2 5 5 5 2 0 7 8 11 12 
6 4 3 1 0 2 5 5 5 2 0 7 8 13 12 
6 7 0 1 2 5 5 5 9 8 13 12 
---------------
Request id 15
6 4 5 5 5 12 13 8 9 
6 4 3 1 0 2 5 5 5 9 
6 7 0 2 5 5 5 4 3 10 13 8 9 
6 7 0 1 2 5 5 5 12 11 10 13 8 9 
6 4 5 5 5 12 11 10 13 8 9 
6 4 3 1 0 2 5 5 5 4 3 10 11 8 9 
6 4 3 1 2 5 5 5 4 3 10 13 8 9 
6 4 5 5 5 4 3 10 13 8 9 
6 4 3 10 11 12 5 5 5 4 3 10 13 8 9 
6 4 3 10 11 12 5 5 5 12 11 10 13 8 9 
6 4 5 5 5 12 13 10 11 8 9 
6 4 3 1 0 2 5 5 5 2 1 0 7 8 9 
6 4 3 1 2 5 5 5 4 3 10 11 8 9 
6 4 3 10 11 12 5 5 5 9 
6 7 0 1 3 4 5 5 5 2 0 7 8 9 
6 7 0 1 3 4 5 5 5 4 6 7 8 9 
6 7 0 1 3 4 5 5 5 12 13 8 9 
6 7 8 9 5 5 5 4 6 7 8 9 
6 7 8 13 12 5 5 5 12 11 10 13 8 9 
6 7 0 1 2 5 5 5 4 6 7 8 9 
6 7 0 2 5 5 5 4 3 10 11 8 9 
6 4 3 1 2 5 5 5 4 6 7 8 9 
6 4 3 1 0 2 5 5 5 12 13 8 9 
6 7 0 1 2 5 5 5 2 0 7 8 9 
6 7 0 1 2 5 5 5 2 1 0 7 8 9 
6 4 3 1 0 2 5 5 5 12 11 10 13 8 9 
6 4 5 5 5 4 6 7 8 9 
6 7 8 13 12 5 5 5 4 3 10 13 8 9 
6 7 0 2 5 5 5 12 11 10 13 8 9 
6 7 0 2 5 5 5 12 13 10 11 8 9 
6 7 0 1 2 5 5 5 12 13 10 11 8 9 
6 7 0 2 5 5 5 9 
6 7 0 2 5 5 5 12 13 8 9 
6 7 8 13 12 5 5 5 12 13 8 9 
6 7 8 9 5 5 5 2 0 7 8 9 
6 7 8 9 5 5 5 9 
6 7 0 1 2 5 5 5 12 11 8 9 
6 7 0 1 2 5 5 5 4 3 10 13 8 9 
6 7 8 9 5 5 5 4 3 10 11 8 9 
6 4 3 10 11 12 5 5 5 4 3 10 11 8 9 
---------------
Request id 1
6 7 8 9 5 12 13 10 11 
6 7 8 13 12 5 9 8 11 
6 7 8 9 5 2 1 3 10 11 
6 7 0 1 3 4 5 12 11 
6 4 3 1 2 5 12 11 
6 7 8 11 12 5 12 13 10 11 
6 4 3 1 0 2 5 4 3 10 11 
6 4 3 1 2 5 12 13 10 11 
6 7 0 1 2 5 12 13 8 11 
6 4 3 10 13 12 5 4 3 10 11 
6 4 3 1 2 5 4 6 7 8 11 
6 4 3 10 13 12 5 4 6 7 8 11 
6 7 8 11 12 5 12 11 
6 4 3 1 2 5 2 1 3 10 11 
6 7 8 9 5 9 8 13 10 11 
6 7 0 1 3 4 5 2 0 7 8 11 
6 7 0 2 5 4 6 7 8 11 
6 7 8 9 5 12 13 8 11 
6 7 0 2 5 9 8 13 12 11 
6 4 3 1 0 2 5 12 13 8 11 
6 4 3 1 0 2 5 9 8 13 12 11 
6 4 5 9 8 11 
6 7 8 11 12 5 2 0 7 8 11 
6 7 0 1 2 5 9 8 11 
6 4 5 9 8 13 12 11 
6 7 8 13 12 5 12 11 
6 7 0 2 5 12 13 10 11 
6 7 0 2 5 9 8 13 10 11 
6 7 8 13 12 5 9 8 13 12 11 
6 4 3 10 13 12 5 2 0 7 8 11 
6 7 0 1 2 5 9 8 13 12 11 
6 7 8 11 12 5 4 6 7 8 11 
6 4 5 2 1 3 10 11 
6 4 3 10 13 12 5 9 8 13 12 11 
6 7 8 13 12 5 4 3 10 11 
6 4 3 1 0 2 5 2 1 3 10 11 
6 4 3 1 2 5 2 0 7 8 11 
6 7 0 1 2 5 4 6 7 8 11 
6 7 0 1 3 4 5 9 8 11 
6 4 5 12 11 
---------------
Request id 10
9 5 12 13 8 11 10 3 
9 5 4 3 
9 8 11 10 3 4 5 9 8 13 10 3 
9 8 7 0 2 5 12 13 10 3 
9 8 7 0 1 2 5 2 1 3 
9 8 7 0 2 5 4 6 7 0 1 3 
9 8 7 0 2 5 12 11 10 3 
9 8 13 10 11 12 5 12 13 10 3 
9 8 11 12 5 4 3 
9 8 13 12 5 12 11 10 3 
9 8 11 10 3 4 5 4 3 
9 5 2 0 1 3 
9 8 13 10 11 12 5 12 13 8 11 10 3 
9 8 13 10 3 4 5 12 13 8 11 10 3 
9 8 13 10 11 12 5 12 11 10 3 
9 8 13 12 5 9 8 13 10 3 
9 8 7 6 4 5 9 8 11 10 3 
9 8 7 0 2 5 9 8 13 10 3 
9 8 11 10 3 4 5 12 11 10 3 
9 8 7 0 1 2 5 2 0 1 3 
9 8 13 10 11 12 5 4 6 7 0 1 3 
9 8 11 10 3 4 5 12 13 10 3 
9 8 7 6 4 5 2 0 1 3 
9 8 7 0 1 2 5 12 11 10 3 
9 8 11 12 5 12 13 10 3 
9 8 13 10 3 4 5 4 3 
9 8 7 0 2 5 2 0 7 6 4 3 
9 8 11 10 13 12 5 9 8 11 10 3 
9 8 11 10 13 12 5 2 0 1 3 
9 5 12 13 10 3 
9 8 13 10 3 4 5 9 8 13 10 3 
9 8 7 6 4 5 2 1 3 
9 8 13 10 3 4 5 2 1 3 
9 8 7 6 4 5 9 8 13 10 3 
9 8 13 10 11 12 5 2 1 3 
9 8 13 10 3 4 5 2 0 1 3 
9 8 13 12 5 12 13 8 11 10 3 
9 8 13 12 5 9 8 11 10 3 
9 8 13 10 3 4 5 9 8 11 10 3 
9 5 12 11 10 3 
---------------
Request id 18
6 4 3 1 2 5 5 12 13 8 7 0 2 
6 7 0 2 5 5 9 8 7 0 1 2 
6 7 8 11 12 5 5 9 8 7 0 1 2 
6 4 5 5 4 6 7 0 2 
6 7 8 13 12 5 5 4 3 1 0 2 
6 7 8 11 12 5 5 12 11 10 3 1 2 
6 4 5 5 12 13 8 7 0 2 
6 7 8 13 12 5 5 9 8 7 0 2 
6 4 3 1 2 5 5 9 8 7 0 2 
6 4 3 1 0 2 5 5 4 6 7 0 1 2 
6 7 8 11 12 5 5 4 3 1 2 
6 4 5 5 9 8 7 0 2 
6 4 3 1 2 5 5 4 6 7 0 1 2 
6 7 8 13 12 5 5 4 6 7 0 2 
6 7 8 11 12 5 5 4 3 1 0 2 
6 7 0 1 2 5 5 9 8 7 0 2 
6 4 3 10 13 12 5 5 4 3 1 0 2 
6 7 0 1 2 5 5 12 13 8 7 0 2 
6 4 5 5 4 3 1 0 2 
6 4 3 1 0 2 5 5 2 
6 7 8 9 5 5 4 3 1 2 
6 4 3 1 2 5 5 4 3 1 0 2 
6 7 0 2 5 5 12 11 10 3 1 2 
6 7 8 9 5 5 2 
6 7 8 13 12 5 5 12 11 10 3 1 2 
6 7 0 1 2 5 5 4 3 1 2 
6 7 8 13 12 5 5 2 
6 7 8 13 12 5 5 9 8 7 0 1 2 
6 7 0 1 2 5 5 4 3 1 0 2 
6 4 3 1 2 5 5 4 3 1 2 
6 7 0 2 5 5 12 13 8 7 0 2 
6 7 8 11 12 5 5 2 
6 7 0 1 2 5 5 2 
6 7 0 1 3 4 5 5 4 3 1 0 2 
6 4 3 10 13 12 5 5 9 8 7 0 1 2 
6 7 0 2 5 5 9 8 7 0 2 
6 7 8 13 12 5 5 4 3 1 2 
6 7 0 1 3 4 5 5 4 6 7 0 1 2 
6 4 3 1 0 2 5 5 12 13 8 7 0 2 
6 7 0 2 5 5 12 13 10 3 1 2 
---------------
Request id 3
13 8 9 5 12 13 10 11 8 9 
13 8 11 12 5 4 3 10 13 8 9 
13 8 11 12 5 12 13 8 9 
13 10 11 12 5 2 1 0 7 8 9 
13 12 11 8 9 5 12 13 10 11 8 9 
13 8 7 6 4 5 9 
13 8 7 6 4 5 4 6 7 8 9 
13 10 3 4 5 4 3 10 11 8 9 
13 8 11 12 5 9 
13 8 7 6 4 5 12 11 8 9 
13 12 5 2 1 0 7 8 9 
13 10 11 8 9 5 12 13 8 9 
13 8 7 6 4 5 4 3 10 13 8 9 
13 8 9 5 12 13 8 9 
13 12 5 4 6 7 8 9 
13 8 9 5 4 6 7 8 9 
13 8 7 6 4 5 2 1 0 7 8 9 
13 10 11 12 5 9 
13 10 3 1 2 5 12 11 8 9 
13 10 11 12 5 4 3 10 11 8 9 
13 10 11 12 5 2 0 7 8 9 
13 10 3 4 5 9 
13 10 3 1 2 5 4 3 10 11 8 9 
13 8 11 12 5 12 13 10 11 8 9 
13 10 3 4 5 2 1 0 7 8 9 
13 8 9 5 2 0 7 8 9 
13 8 7 0 2 5 2 1 0 7 8 9 
13 8 11 12 5 12 11 8 9 
13 10 11 8 9 5 2 0 7 8 9 
13 12 11 8 9 5 12 11 8 9 
13 10 3 1 2 5 12 13 10 11 8 9 
13 8 9 5 12 11 10 13 8 9 
13 10 11 8 9 5 9 
13 8 7 6 4 5 2 0 7 8 9 
13 8 11 12 5 4 3 10 11 8 9 
13 8 7 6 4 5 12 11 10 13 8 9 
13 12 5 12 11 8 9 
13 10 3 4 5 2 0 7 8 9 
13 12 5 4 3 10 13 8 9 
13 8 9 5 2 1 0 7 8 9 
---------------
Request id 5
2 0 7 6 4 5 5 5 9 8 11 10 
2 0 7 8 13 12 5 5 5 4 3 10 
2 1 3 4 5 5 5 2 1 3 10 
2 1 0 7 8 9 5 5 5 9 8 11 12 13 10 
2 0 7 8 9 5 5 5 4 3 10 
2 0 7 8 13 12 5 5 5 2 0 1 3 10 
2 0 7 6 4 5 5 5 12 11 10 
2 0 7 8 9 5 5 5 12 13 8 11 10 
2 1 3 10 13 12 5 5 5 4 3 10 
2 5 5 5 12 11 10 
2 1 0 7 6 4 5 5 5 12 11 8 13 10 
2 0 7 8 9 5 5 5 9 8 11 12 13 10 
2 1 3 4 5 5 5 9 8 11 12 13 10 
2 0 7 8 9 5 5 5 9 8 13 10 
2 0 1 3 4 5 5 5 12 11 10 
2 5 5 5 12 11 8 13 10 
2 0 7 8 13 12 5 5 5 9 8 11 12 13 10 
2 0 7 8 9 5 5 5 12 13 10 
2 0 7 6 4 5 5 5 9 8 11 12 13 10 
2 0 1 3 4 5 5 5 9 8 11 10 
2 1 0 7 8 9 5 5 5 2 1 3 10 
2 1 3 10 13 12 5 5 5 2 1 3 10 
2 0 7 8 13 12 5 5 5 2 1 3 10 
2 1 0 7 8 9 5 5 5 12 11 10 
2 5 5 5 9 8 11 10 
2 1 3 4 5 5 5 12 11 8 13 10 
2 1 3 10 11 12 5 5 5 9 8 11 10 
2 1 3 10 13 12 5 5 5 12 11 10 
2 0 1 3 4 5 5 5 2 0 1 3 10 
2 1 3 4 5 5 5 9 8 13 10 
2 1 3 10 11 12 5 5 5 12 13 8 11 10 
2 0 7 8 13 12 5 5 5 12 13 10 
2 0 1 3 4 5 5 5 4 3 10 
2 1 3 10 11 12 5 5 5 9 8 13 10 
2 0 1 3 4 5 5 5 12 13 8 11 10 
2 1 3 10 13 12 5 5 5 12 13 10 
2 1 3 4 5 5 5 2 0 1 3 10 
2 1 0 7 6 4 5 5 5 12 11 10 
2 0 7 8 13 12 5 5 5 9 8 11 10 
2 0 1 3 4 5 5 5 9 8 11 12 13 10 
---------------
Request id 7
7 8 9 5 5 12 13 
7 0 2 1 3 4 5 5 9 8 13 
7 8 11 10 13 12 5 5 12 13 
7 8 13 12 5 5 9 8 13 
7 0 1 3 4 5 5 9 8 11 12 13 
7 8 11 12 5 5 12 13 
7 8 9 5 5 12 11 8 13 
7 6 4 5 5 9 8 11 10 13 
7 0 1 2 5 5 4 6 7 8 13 
7 0 2 5 5 12 11 8 13 
7 6 4 5 5 12 13 
7 8 13 12 5 5 4 3 10 13 
7 6 4 5 5 12 11 8 13 
7 8 9 5 5 2 0 7 8 13 
7 8 11 12 5 5 12 11 8 13 
7 6 4 3 1 2 5 5 2 0 7 8 13 
7 8 11 12 5 5 4 6 7 8 13 
7 8 13 12 5 5 12 13 
7 8 11 10 13 12 5 5 2 1 3 10 13 
7 6 4 5 5 4 6 7 8 13 
7 6 4 3 1 2 5 5 9 8 13 
7 8 9 5 5 12 11 10 13 
7 8 13 12 5 5 12 11 8 13 
7 0 2 1 3 4 5 5 4 3 10 13 
7 0 1 2 5 5 2 1 3 10 13 
7 8 13 12 5 5 12 11 10 13 
7 8 11 10 13 12 5 5 4 6 7 8 13 
7 0 2 5 5 9 8 11 12 13 
7 8 13 12 5 5 9 8 11 12 13 
7 8 11 12 5 5 2 1 3 10 13 
7 6 4 5 5 2 0 7 8 13 
7 0 1 3 4 5 5 9 8 13 
7 8 9 5 5 4 6 7 8 13 
7 0 1 3 4 5 5 4 3 10 13 
7 8 13 12 5 5 2 0 7 8 13 
7 0 2 5 5 4 3 10 13 
7 6 4 3 1 2 5 5 9 8 11 10 13 
7 8 11 10 13 12 5 5 9 8 13 
7 0 2 5 5 2 0 7 8 13 
7 8 13 12 5 5 2 1 3 10 13 
---------------
Request id 8
10 13 8 11 12 5 5 4 3 
10 13 8 9 5 5 12 11 8 13 10 3 
10 11 12 5 5 4 3 
10 13 8 11 12 5 5 2 1 3 
10 11 8 9 5 5 2 0 1 3 
10 13 12 5 5 9 8 11 10 3 
10 3 1 0 2 5 5 2 0 1 3 
10 13 8 11 12 5 5 9 8 13 10 3 
10 3 4 5 5 9 8 13 10 3 
10 11 8 13 12 5 5 2 0 1 3 
10 13 12 5 5 2 1 3 
10 3 1 2 5 5 12 11 10 3 
10 13 8 9 5 5 4 6 7 0 1 3 
10 3 1 2 5 5 9 8 11 10 3 
10 13 8 11 12 5 5 12 11 8 13 10 3 
10 11 12 5 5 12 13 10 3 
10 13 12 5 5 2 0 7 6 4 3 
10 11 8 9 5 5 4 6 7 0 1 3 
10 3 4 5 5 12 13 10 3 
10 13 8 9 5 5 12 11 10 3 
10 3 1 2 5 5 9 8 13 10 3 
10 11 8 9 5 5 2 0 7 6 4 3 
10 3 1 0 2 5 5 4 3 
10 11 8 7 6 4 5 5 12 11 8 13 10 3 
10 11 12 5 5 2 0 7 6 4 3 
10 3 1 0 2 5 5 9 8 13 10 3 
10 13 8 9 5 5 2 0 7 6 4 3 
10 13 8 9 5 5 2 0 1 3 
10 13 8 11 12 5 5 4 6 7 0 1 3 
10 3 1 0 2 5 5 12 13 10 3 
10 11 8 7 6 4 5 5 9 8 13 10 3 
10 3 1 2 5 5 4 3 
10 11 12 5 5 2 0 1 3 
10 13 8 11 12 5 5 2 0 1 3 
10 3 1 0 2 5 5 4 6 7 0 1 3 
10 3 4 5 5 9 8 11 10 3 
10 11 8 13 12 5 5 2 1 3 
10 11 8 13 12 5 5 12 11 10 3 
10 3 4 5 5 2 1 3 
10 11 12 5 5 9 8 11 10 3 
---------------
Request id 25
4 3 10 13 12 5 5 12 11 8 13 
4 6 7 0 1 2 5 5 9 8 13 
4 5 5 9 8 11 12 13 
4 6 7 0 2 5 5 12 11 10 13 
4 5 5 2 0 7 8 13 
4 3 10 11 12 5 5 12 11 10 13 
4 3 1 2 5 5 4 6 7 8 13 
4 6 7 0 1 2 5 5 9 8 11 12 13 
4 3 10 11 12 5 5 9 8 11 10 13 
4 6 7 0 2 5 5 4 3 10 13 
4 3 1 0 2 5 5 12 13 
4 6 7 8 13 12 5 5 12 11 8 13 
4 3 10 11 8 9 5 5 9 8 11 10 13 
4 6 7 8 13 12 5 5 12 13 
4 6 7 8 9 5 5 9 8 11 10 13 
4 6 7 0 2 5 5 4 6 7 8 13 
4 6 7 0 2 5 5 12 11 8 13 
4 5 5 12 11 10 13 
4 5 5 12 13 
4 6 7 8 9 5 5 12 11 10 13 
4 6 7 0 2 5 5 2 0 7 8 13 
4 6 7 8 9 5 5 4 3 10 13 
4 3 10 11 12 5 5 4 6 7 8 13 
4 3 10 13 12 5 5 2 1 3 10 13 
4 6 7 0 2 5 5 9 8 13 
4 6 7 0 1 2 5 5 12 11 8 13 
4 3 10 11 8 9 5 5 12 13 
4 5 5 9 8 11 10 13 
4 3 1 2 5 5 12 13 
4 3 10 11 8 9 5 5 9 8 13 
4 3 1 0 2 5 5 12 11 10 13 
4 6 7 8 13 12 5 5 4 3 10 13 
4 6 7 8 13 12 5 5 9 8 13 
4 6 7 8 9 5 5 2 1 3 10 13 
4 6 7 8 13 12 5 5 9 8 11 10 13 
4 3 1 0 2 5 5 4 6 7 8 13 
4 6 7 8 9 5 5 2 0 7 8 13 
4 6 7 8 9 5 5 12 11 8 13 
4 6 7 8 13 12 5 5 9 8 11 12 13 
4 3 10 11 8 9 5 5 4 3 10 13 
---------------
Request id 27
3 10 13 12 5 12 13 10 3 4 
3 10 11 12 5 2 1 0 7 6 4 
3 10 13 8 9 5 9 8 13 10 3 4 
3 10 11 12 5 2 1 3 4 
3 10 13 8 9 5 12 13 10 3 4 
3 4 6 7 8 9 5 12 13 10 3 4 
3 4 6 7 8 9 5 12 11 10 3 4 
3 4 6 7 8 9 5 2 0 1 3 4 
3 10 13 8 11 12 5 12 11 10 3 4 
3 10 11 8 13 12 5 12 13 8 7 6 4 
3 1 2 5 4 
3 4 6 7 8 9 5 2 1 3 4 
3 10 13 12 5 2 0 1 3 4 
3 10 11 8 9 5 12 11 10 3 4 
3 10 13 8 9 5 9 8 7 6 4 
3 10 11 12 5 9 8 7 6 4 
3 1 0 2 5 2 0 1 3 4 
3 10 13 8 11 12 5 9 8 13 10 3 4 
3 4 6 7 8 9 5 2 0 7 6 4 
3 10 11 8 13 12 5 2 1 3 4 
3 10 13 12 5 12 11 10 3 4 
3 1 2 5 2 1 0 7 6 4 
3 4 5 9 8 13 10 3 4 
3 10 11 12 5 2 0 7 6 4 
3 10 11 12 5 12 13 8 7 6 4 
3 1 0 2 5 12 11 10 3 4 
3 4 5 2 1 3 4 
3 10 13 12 5 2 1 3 4 
3 10 13 12 5 9 8 7 6 4 
3 10 11 12 5 12 11 10 3 4 
3 10 11 8 13 12 5 12 11 10 3 4 
3 4 6 7 8 9 5 9 8 7 6 4 
3 4 6 7 8 9 5 2 1 0 7 6 4 
3 10 11 12 5 12 13 10 3 4 
3 1 2 5 12 13 10 3 4 
3 10 13 8 9 5 12 13 8 7 6 4 
3 10 13 8 9 5 2 0 1 3 4 
3 1 2 5 12 13 8 7 6 4 
3 10 13 8 11 12 5 12 13 8 7 6 4 
3 4 5 4 
---------------
Request id 20
13 8 11 12 5 5 4 3 1 2 
13 8 7 0 2 5 5 4 6 7 0 1 2 
13 8 7 0 2 5 5 4 6 7 0 2 
13 8 7 0 2 5 5 4 3 1 2 
13 10 3 4 5 5 12 13 10 3 1 2 
13 12 5 5 4 3 1 0 2 
13 10 11 12 5 5 4 3 1 0 2 
13 10 3 4 5 5 4 3 1 2 
13 8 9 5 5 4 6 7 0 1 2 
13 10 11 12 5 5 4 3 1 2 
13 8 9 5 5 9 8 7 0 2 
13 8 11 12 5 5 12 11 10 3 1 2 
13 10 3 4 5 5 4 3 1 0 2 
13 8 11 12 5 5 9 8 7 0 1 2 
13 10 3 1 2 5 5 2 
13 12 11 8 9 5 5 4 6 7 0 2 
13 10 3 4 5 5 4 6 7 0 2 
13 12 5 5 12 11 10 3 1 2 
13 8 9 5 5 2 
13 8 11 12 5 5 4 6 7 0 2 
13 12 11 8 9 5 5 12 13 10 3 1 2 
13 12 5 5 4 6 7 0 2 
13 12 5 5 4 6 7 0 1 2 
13 10 3 4 5 5 4 6 7 0 1 2 
13 10 11 12 5 5 12 13 10 3 1 2 
13 8 11 12 5 5 9 8 7 0 2 
13 10 11 8 9 5 5 12 11 10 3 1 2 
13 10 3 1 2 5 5 9 8 7 0 1 2 
13 10 11 8 9 5 5 9 8 7 0 1 2 
13 12 11 8 9 5 5 12 11 8 7 0 2 
13 12 11 8 9 5 5 9 8 7 0 1 2 
13 12 5 5 2 
13 12 11 8 9 5 5 12 11 10 3 1 2 
13 10 11 12 5 5 12 11 10 3 1 2 
13 10 11 12 5 5 4 6 7 0 2 
13 10 3 1 2 5 5 4 6 7 0 1 2 
13 10 11 8 9 5 5 4 3 1 2 
13 10 11 12 5 5 4 6 7 0 1 2 
13 8 7 0 2 5 5 12 13 10 3 1 2 
13 8 7 0 2 5 5 12 11 8 7 0 2 
---------------
Request id 21
7 0 2 5 12 11 10 3 1 2 
7 8 11 12 5 2 
7 0 2 1 3 4 5 4 3 1 2 
7 0 2 1 3 4 5 12 11 10 3 1 2 
7 6 4 3 1 2 5 12 11 10 3 1 2 
7 0 1 2 5 12 11 10 3 1 2 
7 6 4 5 4 3 1 2 
7 6 4 5 12 11 8 7 0 2 
7 0 2 1 3 4 5 4 3 1 0 2 
7 6 4 5 9 8 7 0 1 2 
7 8 13 12 5 9 8 7 0 1 2 
7 0 1 2 5 9 8 7 0 1 2 
7 8 13 12 5 4 3 1 2 
7 8 9 5 12 11 8 7 0 2 
7 6 4 3 1 2 5 4 3 1 0 2 
7 8 9 5 9 8 7 0 2 
7 0 1 2 5 4 6 7 0 2 
7 8 11 12 5 4 3 1 0 2 
7 8 11 12 5 9 8 7 0 2 
7 8 11 12 5 12 11 10 3 1 2 
7 8 11 12 5 4 6 7 0 1 2 
7 0 2 5 12 11 8 7 0 2 
7 8 11 10 13 12 5 12 11 8 7 0 2 
7 8 11 10 13 12 5 9 8 7 0 1 2 
7 0 1 3 4 5 2 
7 6 4 5 2 
7 8 11 12 5 4 3 1 2 
7 8 13 12 5 4 3 1 0 2 
7 0 1 3 4 5 4 6 7 0 1 2 
7 6 4 3 1 2 5 12 11 8 7 0 2 
7 6 4 5 4 3 1 0 2 
7 6 4 3 1 2 5 9 8 7 0 2 
7 0 2 1 3 4 5 9 8 7 0 1 2 
7 6 4 3 1 2 5 12 13 10 3 1 2 
7 8 13 12 5 2 
7 0 2 5 4 3 1 2 
7 0 2 1 3 4 5 12 13 10 3 1 2 
7 0 1 2 5 12 13 10 3 1 2 
7 0 2 5 9 8 7 0 2 
7 6 4 5 12 13 10 3 1 2 
---------------
Request id 14
11 10 13 12 5 5 4 3 10 11 8 9 
11 10 3 1 2 5 5 12 11 8 9 
11 12 13 8 9 5 5 4 3 10 13 8 9 
11 10 13 12 5 5 12 11 10 13 8 9 
11 8 7 6 4 5 5 2 0 7 8 9 
11 12 13 8 9 5 5 12 11 8 9 
11 10 13 8 9 5 5 4 3 10 11 8 9 
11 8 7 0 2 5 5 2 0 7 8 9 
11 12 5 5 9 
11 12 13 8 9 5 5 12 13 10 11 8 9 
11 8 9 5 5 4 3 10 11 8 9 
11 10 3 1 2 5 5 2 0 7 8 9 
11 10 3 1 2 5 5 12 13 10 11 8 9 
11 10 3 1 2 5 5 12 13 8 9 
11 8 13 12 5 5 12 11 10 13 8 9 
11 12 13 8 9 5 5 2 1 0 7 8 9 
11 8 9 5 5 4 3 10 13 8 9 
11 8 7 0 2 5 5 2 1 0 7 8 9 
11 12 13 8 9 5 5 4 3 10 11 8 9 
11 8 7 0 2 5 5 12 13 8 9 
11 12 5 5 4 3 10 11 8 9 
11 10 13 8 9 5 5 2 0 7 8 9 
11 12 5 5 2 1 0 7 8 9 
11 8 7 6 4 5 5 9 
11 8 7 6 4 5 5 4 3 10 11 8 9 
11 8 7 6 4 5 5 12 13 10 11 8 9 
11 10 13 8 9 5 5 4 6 7 8 9 
11 12 13 8 9 5 5 12 11 10 13 8 9 
11 8 9 5 5 12 13 10 11 8 9 
11 8 9 5 5 12 11 8 9 
11 10 13 12 5 5 2 0 7 8 9 
11 12 5 5 4 6 7 8 9 
11 10 3 4 5 5 12 11 8 9 
11 12 13 8 9 5 5 4 6 7 8 9 
11 10 3 4 5 5 12 13 10 11 8 9 
11 10 13 12 5 5 4 3 10 13 8 9 
11 10 13 12 5 5 12 11 8 9 
11 8 9 5 5 4 6 7 8 9 
11 12 5 5 12 11 8 9 
11 8 13 12 5 5 9 
---------------
Request id 12
10 3 1 0 2 5 5 12 13 10 3 4 6 
10 3 1 2 5 5 2 1 0 7 6 
10 11 8 9 5 5 12 11 10 3 4 6 
10 13 12 5 5 12 11 8 7 6 
10 13 8 7 0 2 5 5 4 6 
10 13 12 5 5 9 8 7 6 
10 3 1 2 5 5 12 11 10 3 4 6 
10 11 8 9 5 5 12 13 8 7 6 
10 3 4 5 5 2 1 3 4 6 
10 11 8 9 5 5 4 6 
10 13 8 9 5 5 4 6 
10 13 8 7 0 2 5 5 2 1 0 7 6 
10 3 1 2 5 5 12 13 8 7 6 
10 11 8 9 5 5 2 1 0 7 6 
10 11 8 13 12 5 5 12 13 8 7 6 
10 11 8 13 12 5 5 9 8 7 6 
10 3 1 0 2 5 5 12 13 8 7 6 
10 13 12 5 5 2 1 0 7 6 
10 13 8 7 0 2 5 5 9 8 7 6 
10 13 12 5 5 12 13 8 7 6 
10 3 1 0 2 5 5 12 11 8 7 6 
10 11 8 13 12 5 5 4 6 
10 13 8 9 5 5 12 11 8 7 6 
10 3 1 0 2 5 5 4 3 1 0 7 6 
10 3 4 5 5 12 13 10 3 4 6 
10 3 1 2 5 5 12 13 10 3 4 6 
10 11 12 5 5 2 0 7 6 
10 3 4 5 5 9 8 7 6 
10 3 4 5 5 2 0 7 6 
10 13 8 7 0 2 5 5 2 1 3 4 6 
10 13 8 7 0 2 5 5 2 0 7 6 
10 3 1 2 5 5 2 1 3 4 6 
10 11 12 5 5 2 1 0 7 6 
10 13 12 5 5 4 6 
10 13 8 9 5 5 12 13 10 3 4 6 
10 3 1 2 5 5 9 8 7 6 
10 11 12 5 5 12 13 10 3 4 6 
10 13 8 7 0 2 5 5 12 13 8 7 6 
10 11 8 13 12 5 5 12 11 10 3 4 6 
10 13 12 5 5 12 13 10 3 4 6 
---------------
Request id 6
2 0 1 3 4 5 5 5 12 13 10 11 8 
2 1 0 7 6 4 5 5 5 12 11 10 13 8 
2 1 0 7 8 9 5 5 5 4 3 10 11 8 
2 0 7 8 9 5 5 5 2 1 0 7 8 
2 1 3 10 13 12 5 5 5 2 1 0 7 8 
2 0 7 8 13 12 5 5 5 12 11 10 13 8 
2 1 3 10 13 12 5 5 5 12 11 8 
2 0 7 8 13 12 5 5 5 4 3 10 13 8 
2 0 7 6 4 5 5 5 9 8 
2 1 3 10 13 12 5 5 5 4 3 10 13 8 
2 1 3 10 11 12 5 5 5 9 8 
2 1 0 7 6 4 5 5 5 12 13 8 
2 5 5 5 2 1 0 7 8 
2 1 3 10 11 12 5 5 5 2 0 7 8 
2 0 7 6 4 5 5 5 2 1 0 7 8 
2 1 3 10 11 12 5 5 5 12 11 8 
2 0 7 8 9 5 5 5 12 11 10 13 8 
2 5 5 5 12 13 8 
2 1 3 10 13 12 5 5 5 2 0 7 8 
2 1 0 7 8 9 5 5 5 2 1 0 7 8 
2 1 0 7 8 9 5 5 5 2 0 7 8 
2 1 3 4 5 5 5 4 6 7 8 
2 0 7 8 13 12 5 5 5 2 1 0 7 8 
2 1 3 4 5 5 5 4 3 10 13 8 
2 1 0 7 6 4 5 5 5 2 1 0 7 8 
2 0 7 8 9 5 5 5 4 3 10 11 8 
2 1 3 10 11 12 5 5 5 4 3 10 13 8 
2 0 7 6 4 5 5 5 12 13 10 11 8 
2 1 3 4 5 5 5 2 0 7 8 
2 1 0 7 6 4 5 5 5 4 6 7 8 
2 0 7 8 9 5 5 5 4 3 10 13 8 
2 1 0 7 8 9 5 5 5 12 11 10 13 8 
2 0 7 6 4 5 5 5 12 11 10 13 8 
2 0 7 6 4 5 5 5 12 13 8 
2 1 3 10 13 12 5 5 5 9 8 
2 1 3 10 13 12 5 5 5 4 6 7 8 
2 0 7 8 9 5 5 5 4 6 7 8 
2 1 0 7 6 4 5 5 5 9 8 
2 1 3 10 13 12 5 5 5 12 13 10 11 8 
2 5 5 5 4 6 7 8 
---------------
