Request id 9
71 69 68 65 54 46 41 40 32 28 25 29 25 18 16 17 21 21 17 16 18 15 9 
71 69 68 65 54 46 41 40 32 28 25 29 25 18 16 17 21 21 22 27 24 16 18 15 9 
71 69 68 65 54 46 41 40 32 28 25 29 25 18 16 17 21 21 17 16 18 13 0 2 9 
71 69 68 65 54 46 41 40 32 28 25 29 25 18 16 17 21 21 17 20 24 16 18 15 9 
71 69 68 65 54 46 41 40 32 28 25 29 25 18 16 17 21 21 17 16 11 13 18 15 9 
---------------
Request id 5
41 40 56 58 55 58 56 40 32 28 26 23 
41 40 56 58 55 49 42 38 34 31 27 24 23 
41 40 56 58 55 58 56 40 39 33 30 24 23 
41 40 56 58 55 49 42 38 39 33 30 24 23 
41 40 56 58 55 49 42 51 56 40 32 28 26 23 
---------------
Request id 4
59 56 51 56 58 55 58 56 59 61 41 46 
59 56 51 56 58 55 58 56 59 61 62 54 46 
59 56 51 56 58 55 58 56 59 61 59 56 40 41 46 
59 56 51 56 58 55 58 56 59 61 62 66 67 68 65 54 46 
59 56 51 56 58 55 58 56 59 61 62 54 65 64 60 57 48 46 
---------------
Request id 1
42 51 56 59 61 59 56 51 56 40 32 28 25 18 15 
42 51 56 59 61 59 56 51 56 40 32 28 25 29 19 15 
42 51 56 59 61 59 56 51 56 40 32 35 37 36 29 19 15 
42 51 56 59 61 59 56 51 56 40 39 33 30 24 16 18 15 
42 51 56 59 61 59 56 51 42 38 39 40 32 28 25 18 15 
---------------
Request id 7
59 56 51 56 40 32 35 
59 56 51 42 38 39 40 32 35 
59 56 51 56 59 61 41 40 32 35 
59 56 51 42 49 55 58 56 40 32 35 
59 56 51 56 40 32 28 25 29 36 37 35 
---------------
Request id 6
45 37 35 32 40 39 40 32 28 25 29 19 15 
45 37 35 32 40 39 40 32 28 25 29 25 18 15 
45 37 35 32 40 39 40 32 28 25 29 25 18 13 0 2 9 15 
45 37 35 32 40 39 40 32 28 25 29 36 37 35 32 28 25 18 15 
45 37 35 32 40 39 40 32 28 25 29 25 28 26 23 24 16 18 15 
---------------
Request id 8
66 63 58 56 40 32 28 25 18 16 17 21 21 17 16 18 25 28 
66 63 58 56 40 32 28 25 18 16 17 21 21 22 27 24 23 26 28 
66 63 58 56 40 32 28 25 18 16 17 21 21 17 20 24 23 26 28 
66 63 58 56 40 32 28 25 18 16 17 21 21 17 16 24 23 26 28 
66 63 58 56 40 32 28 25 18 16 17 21 21 17 20 24 16 18 25 28 
---------------
Request id 3
0 13 18 25 29 25 18 16 17 21 22 27 24 30 
0 13 18 25 29 25 18 16 17 21 17 16 24 30 
0 13 18 25 29 25 18 16 17 21 17 20 24 30 
0 13 18 25 29 25 18 16 17 21 17 14 12 11 16 24 30 
0 13 18 25 29 25 18 16 17 21 22 27 31 34 38 39 33 30 
---------------
Request id 10
6 11 16 18 13 0 5 
6 11 16 11 6 3 5 
6 11 16 18 13 3 5 
6 11 16 11 13 3 5 
6 11 16 11 13 0 5 
---------------
Request id 2
10 12 11 16 18 25 29 36 29 25 18 16 24 27 31 
10 12 11 16 18 25 29 36 37 35 32 40 39 38 34 31 
10 12 11 16 18 25 29 36 29 19 15 18 16 24 27 31 
10 12 11 16 18 25 29 36 29 25 28 26 23 24 27 31 
10 12 11 16 18 25 29 36 29 25 18 13 11 16 24 27 31 
---------------
