Request id 26
37 36 29 25 28 32 35 32 40 41 46 48 57 48 46 41 40 56 59 61 62 66 
37 45 44 48 46 54 62 61 59 56 40 32 35 37 45 44 48 57 48 46 54 65 68 69 67 66 
37 45 44 48 46 41 40 32 35 32 40 56 59 61 62 54 46 48 57 48 46 54 65 68 69 67 66 
37 36 29 25 18 16 24 23 26 28 32 35 37 45 44 48 46 54 65 64 60 57 48 46 41 61 62 66 
37 36 29 19 15 18 16 24 23 26 28 32 35 37 45 44 48 57 60 64 65 68 69 67 66 
37 36 29 25 28 32 35 32 40 41 61 62 54 46 48 57 48 46 41 61 59 56 58 63 66 
37 45 44 48 46 54 62 61 41 40 32 35 32 40 56 59 61 41 46 48 57 48 46 54 65 68 69 67 66 
37 36 29 19 15 18 16 24 23 26 28 32 35 32 40 41 46 48 57 48 46 41 61 59 56 58 63 66 
37 45 44 48 46 41 40 32 35 32 28 25 29 36 37 45 44 48 57 48 46 41 61 62 66 
37 35 32 40 41 46 48 57 48 46 41 61 59 56 58 63 66 
37 45 44 48 46 41 61 59 56 40 32 35 32 40 41 46 54 65 64 60 57 48 46 41 40 56 58 63 66 
37 45 44 48 46 41 61 59 56 40 32 35 37 36 29 25 28 32 40 41 46 48 57 48 46 41 40 56 59 61 62 66 
37 35 37 45 44 48 46 54 65 64 60 57 60 64 65 54 62 66 
37 36 29 25 28 32 35 32 28 25 29 36 37 45 44 48 57 48 46 41 40 56 59 61 62 66 
37 36 29 25 28 32 35 37 45 44 48 46 54 65 64 60 57 48 46 41 40 56 58 63 66 
37 36 29 19 15 18 16 24 23 26 28 32 35 37 36 29 25 28 32 40 41 46 48 57 48 46 54 62 66 
37 45 44 48 46 41 40 32 35 37 45 44 48 46 54 65 64 60 57 48 46 41 40 56 58 63 66 
37 45 44 48 46 54 62 61 41 40 32 35 32 28 25 29 36 37 45 44 48 57 48 46 54 65 68 69 67 66 
37 36 29 25 28 32 35 37 36 29 25 28 32 40 41 46 48 57 48 46 41 61 59 56 58 63 66 
37 36 29 25 18 16 24 23 26 28 32 35 37 45 44 48 57 48 46 41 61 62 66 
37 45 44 48 46 41 40 32 35 32 40 41 46 48 57 60 64 65 68 69 67 66 
37 36 29 25 18 16 24 30 33 39 40 32 35 32 40 56 59 61 41 46 48 57 60 64 65 68 69 67 66 
37 36 29 25 18 16 24 30 33 39 40 32 35 32 40 56 59 61 41 46 48 57 60 64 65 68 67 66 
37 36 29 25 18 16 24 30 33 39 40 32 35 32 40 41 46 54 65 64 60 57 60 64 65 68 69 67 66 
37 35 32 40 56 59 61 62 54 46 48 57 60 64 65 68 69 67 66 
37 45 44 48 46 41 40 32 35 37 45 44 48 57 48 46 41 61 62 66 
37 45 44 48 46 54 62 61 41 40 32 35 37 36 29 25 28 32 40 41 46 48 57 60 64 65 54 62 66 
37 36 29 25 18 16 24 30 33 39 40 32 35 37 45 44 48 57 60 64 65 54 62 66 
37 45 44 48 46 41 61 59 56 40 32 35 32 40 41 61 62 54 46 48 57 48 46 54 62 66 
37 36 29 19 15 18 16 24 23 26 28 32 35 37 45 44 48 57 48 46 41 40 56 58 63 66 
37 36 29 19 15 18 25 28 32 35 32 28 25 29 36 37 45 44 48 57 48 46 41 40 56 59 61 62 66 
37 45 44 48 46 54 62 61 41 40 32 35 32 40 56 59 61 41 46 48 57 48 46 41 40 56 58 63 66 
37 36 29 19 15 18 25 28 32 35 32 40 41 46 54 65 64 60 57 48 46 54 65 68 69 67 66 
37 45 44 48 46 41 40 32 35 37 36 29 25 28 32 40 41 46 48 57 48 46 54 62 66 
37 36 29 25 18 16 24 23 26 28 32 35 32 40 41 46 54 65 64 60 57 48 46 54 65 68 69 67 66 
37 45 44 48 46 54 62 61 41 40 32 35 37 45 44 48 46 54 65 64 60 57 48 46 41 61 59 56 58 63 66 
37 45 44 48 46 54 62 61 41 40 32 35 32 40 56 59 61 62 54 46 48 57 48 46 54 62 66 
37 45 44 48 46 41 40 32 35 37 36 29 25 28 32 40 41 46 48 57 60 64 65 54 62 66 
37 36 29 25 28 32 35 32 40 41 61 62 54 65 64 60 57 60 64 65 68 67 66 
37 45 44 48 46 54 62 61 59 56 40 32 35 32 40 41 61 62 54 46 48 57 60 64 65 54 62 66 
---------------
Request id 21
46 48 57 48 46 41 40 32 28 25 18 16 11 13 0 
46 54 65 64 60 57 48 44 45 37 35 32 28 25 18 13 0 
46 41 40 32 35 37 45 44 48 57 48 46 41 40 39 33 30 24 16 18 13 0 
46 54 65 64 60 57 48 46 41 40 39 33 30 24 16 18 13 0 
46 54 62 66 67 68 65 64 60 57 48 44 45 37 35 32 28 25 18 13 0 
46 41 40 56 59 61 62 54 65 64 60 57 48 44 45 37 36 29 25 18 13 3 5 0 
46 54 65 64 60 57 48 46 41 40 32 28 25 18 13 0 
46 41 40 32 35 37 45 44 48 57 48 46 41 40 32 28 25 18 13 3 5 0 
46 54 62 66 67 69 68 65 64 60 57 48 46 41 40 39 33 30 24 16 18 13 0 
46 41 61 62 66 67 68 65 64 60 57 48 46 41 40 32 28 25 18 16 11 13 0 
46 54 65 64 60 57 48 44 45 37 36 29 25 18 13 3 5 0 
46 41 61 62 54 65 64 60 57 48 46 41 40 39 33 30 24 16 18 13 0 
46 41 61 62 66 67 68 65 64 60 57 48 46 41 40 39 33 30 24 16 18 13 0 
46 54 62 66 67 69 68 65 64 60 57 48 46 41 40 32 28 25 18 13 0 
46 41 61 62 66 67 69 68 65 64 60 57 48 46 41 40 32 28 25 18 13 3 5 0 
46 41 40 56 59 61 62 54 65 64 60 57 48 46 41 40 32 28 25 18 16 11 13 0 
46 41 40 32 35 37 45 44 48 57 48 44 45 37 35 32 28 25 18 13 0 
46 41 61 62 66 67 69 68 65 64 60 57 48 44 45 37 36 29 25 18 13 3 5 0 
46 41 40 32 35 37 45 44 48 57 48 44 45 37 36 29 25 18 13 3 5 0 
46 54 62 66 67 69 68 65 64 60 57 48 46 41 40 32 28 25 18 16 11 13 0 
46 54 62 66 67 69 68 65 64 60 57 48 44 45 37 35 32 28 25 18 13 0 
46 54 62 66 67 68 65 64 60 57 48 46 41 40 32 28 25 18 13 3 5 0 
46 48 57 48 44 45 37 36 29 25 18 13 3 5 0 
46 41 61 62 54 65 64 60 57 48 46 41 40 32 28 25 18 13 0 
46 54 62 66 67 69 68 65 64 60 57 48 44 45 37 36 29 25 18 13 0 
46 41 61 62 66 67 68 65 64 60 57 48 46 41 40 32 28 25 18 13 3 5 0 
46 54 62 66 67 68 65 64 60 57 48 44 45 37 36 29 19 15 9 2 0 
46 54 62 61 41 40 32 35 37 45 44 48 57 48 44 45 37 35 32 28 25 18 13 0 
46 54 62 66 67 69 68 65 64 60 57 48 44 45 37 36 29 25 18 13 3 5 0 
46 41 40 56 59 61 62 54 65 64 60 57 48 44 45 37 36 29 19 15 9 2 0 
46 41 61 62 66 67 68 65 64 60 57 48 44 45 37 36 29 25 18 13 3 5 0 
46 54 62 66 67 68 65 64 60 57 48 44 45 37 36 29 25 18 13 0 
46 41 40 56 59 61 62 54 65 64 60 57 48 46 41 40 39 33 30 24 16 18 13 0 
46 54 62 66 67 68 65 64 60 57 48 44 45 37 36 29 25 18 13 3 5 0 
46 54 65 64 60 57 48 46 41 40 32 28 25 18 16 11 13 0 
46 48 57 48 46 41 40 39 33 30 24 16 11 13 0 
46 54 62 61 41 40 32 35 37 45 44 48 57 48 44 45 37 36 29 19 15 9 2 0 
46 41 40 32 35 37 45 44 48 57 48 46 41 40 32 28 25 18 13 0 
46 41 40 56 59 61 62 54 65 64 60 57 48 44 45 37 36 29 25 18 13 0 
46 41 61 62 66 67 69 68 65 64 60 57 48 44 45 37 36 29 19 15 18 13 0 
---------------
Request id 7
41 40 56 58 55 49 42 51 42 49 55 58 56 40 39 38 34 43 34 31 27 22 21 17 
41 46 54 62 61 59 56 51 56 58 55 49 50 53 52 47 43 34 31 27 24 16 17 
41 61 59 56 58 55 49 42 51 56 58 55 49 50 53 52 47 43 34 31 27 24 16 17 
41 40 56 58 55 49 42 51 42 49 50 53 52 47 43 34 31 27 24 16 11 12 14 17 
41 40 39 38 42 51 56 40 39 38 34 43 34 38 39 40 32 28 25 18 16 17 
41 40 39 38 42 51 56 40 39 38 34 43 34 31 27 24 16 11 12 14 17 
41 46 54 62 66 63 58 56 51 42 49 50 53 52 47 43 34 38 39 33 30 24 20 17 
41 61 62 66 63 58 55 49 42 51 56 40 39 38 34 43 34 31 27 24 16 11 12 14 17 
41 61 59 56 40 39 38 42 51 56 40 39 33 30 24 27 31 34 43 34 38 39 33 30 24 16 11 12 14 17 
41 61 59 56 58 55 49 42 51 42 38 34 43 34 38 39 33 30 24 27 22 21 17 
41 40 39 38 42 51 42 49 50 53 52 47 43 34 31 27 24 16 17 
41 61 62 66 63 58 56 51 56 40 39 38 34 43 34 31 27 24 20 17 
41 61 59 56 58 55 49 42 51 42 49 50 53 52 47 43 34 38 39 33 30 24 20 17 
41 61 59 56 51 56 58 55 49 50 53 52 47 43 34 31 27 24 20 17 
41 46 54 62 61 59 56 51 56 40 39 33 30 24 27 31 34 43 34 31 27 24 20 17 
41 61 59 56 40 39 38 42 51 56 40 32 28 26 23 24 27 31 34 43 34 38 39 33 30 24 16 17 
41 61 62 66 63 58 55 49 42 51 56 59 61 41 40 39 38 34 43 34 38 39 33 30 24 27 22 21 17 
41 46 54 62 66 63 58 56 51 56 40 39 38 34 43 34 31 27 24 16 17 
41 40 56 58 55 49 42 51 56 40 32 28 26 23 24 27 31 34 43 34 38 39 40 32 28 26 23 24 16 17 
41 61 59 56 40 39 38 42 51 42 49 55 58 56 40 39 38 34 43 34 38 39 33 30 24 27 22 21 17 
41 40 56 58 55 49 42 51 42 49 50 53 52 47 43 34 31 27 22 21 17 
41 61 62 66 63 58 55 49 42 51 42 38 39 33 30 24 27 31 34 43 34 38 39 33 30 24 20 17 
41 40 39 38 42 51 56 40 32 28 26 23 24 27 31 34 43 34 31 27 24 16 17 
41 61 62 66 63 58 56 51 56 58 55 49 50 53 52 47 43 34 38 39 40 32 28 25 18 16 17 
41 40 56 58 55 49 42 51 56 40 32 28 26 23 24 27 31 34 43 34 31 27 24 16 11 12 14 17 
41 61 59 56 40 39 38 42 51 42 49 50 53 52 47 43 34 31 27 24 16 11 12 14 17 
41 61 59 56 51 42 38 34 43 34 38 39 33 30 24 20 17 
41 61 59 56 58 55 49 42 51 56 40 39 33 30 24 27 31 34 43 34 38 39 40 32 28 25 18 16 17 
41 46 54 62 66 63 58 56 51 56 58 55 49 50 53 52 47 43 34 38 39 40 32 28 26 23 24 16 17 
41 46 54 62 66 63 58 56 51 42 49 55 58 56 40 39 38 34 43 34 38 39 33 30 24 16 17 
41 40 39 38 42 51 42 38 34 43 34 31 27 24 16 17 
41 46 54 62 61 59 56 51 56 40 39 33 30 24 27 31 34 43 34 38 39 33 30 24 27 22 21 17 
41 61 59 56 58 55 49 42 51 42 38 34 43 34 38 39 33 30 24 16 17 
41 40 56 51 42 49 50 53 52 47 43 34 31 27 24 20 17 
41 40 56 51 56 59 61 41 40 39 38 34 43 34 31 27 24 16 17 
41 61 62 66 63 58 55 49 42 51 56 40 32 28 26 23 24 27 31 34 43 34 31 27 24 16 11 12 14 17 
41 46 54 62 61 59 56 51 56 40 32 28 26 23 24 27 31 34 43 34 31 27 24 16 11 12 14 17 
41 61 59 56 40 39 38 42 51 42 49 55 58 56 40 39 38 34 43 34 31 27 22 21 17 
41 40 39 38 42 51 56 40 39 33 30 24 27 31 34 43 34 38 39 33 30 24 27 22 21 17 
41 61 59 56 51 42 49 55 58 56 40 39 38 34 43 34 31 27 24 16 11 12 14 17 
---------------
Request id 10
17 16 18 25 29 36 29 25 28 32 40 56 51 56 40 32 35 37 45 37 35 32 40 39 38 42 51 56 
17 14 12 11 13 18 25 29 36 29 25 28 32 40 56 51 56 40 32 28 25 29 36 37 45 44 48 46 41 61 59 56 
17 16 18 25 29 36 29 25 28 32 40 41 61 59 56 51 42 38 39 40 41 46 48 44 45 44 48 46 41 61 59 56 
17 16 11 13 18 25 29 36 37 35 32 40 39 38 42 51 56 58 63 66 62 54 46 48 44 45 37 35 32 40 56 
17 14 12 11 16 18 25 29 36 29 25 28 32 40 39 38 42 51 56 40 32 35 37 45 37 36 29 25 28 32 40 56 
17 16 24 23 26 28 25 29 36 37 35 32 40 39 38 42 51 42 38 39 40 32 35 37 45 37 35 32 40 56 
17 16 18 15 19 29 36 29 25 28 32 40 56 51 42 38 39 40 41 46 48 44 45 44 48 46 41 61 59 56 
17 16 18 25 29 36 37 35 32 40 56 58 55 49 42 51 56 40 32 35 37 45 44 48 46 41 61 62 66 63 58 56 
17 20 24 23 26 28 25 29 36 37 35 32 40 41 61 59 56 51 56 58 63 66 62 54 46 48 44 45 44 48 46 54 62 66 63 58 56 
17 16 18 15 19 29 36 29 25 28 32 40 41 61 59 56 51 56 40 32 35 37 45 44 48 46 41 61 62 66 63 58 56 
17 16 24 23 26 28 25 29 36 29 25 28 32 40 39 38 42 51 56 40 41 46 48 44 45 44 48 46 41 61 59 56 
17 20 24 23 26 28 25 29 36 37 35 32 40 56 51 42 49 55 58 56 40 32 35 37 45 44 48 46 54 62 61 41 40 56 
17 16 18 25 29 36 37 35 32 40 39 38 42 51 56 59 61 62 54 46 48 44 45 37 35 32 40 56 
17 14 12 11 13 18 25 29 36 29 19 15 18 25 28 32 40 56 51 42 38 39 40 32 35 37 45 44 48 46 54 62 66 63 58 56 
17 16 24 23 26 28 25 29 36 37 35 32 40 41 61 59 56 51 56 59 61 62 54 46 48 44 45 37 35 32 40 41 61 59 56 
17 14 12 11 13 18 25 29 36 37 35 32 40 56 58 55 49 42 51 42 38 39 40 41 46 48 44 45 44 48 46 41 61 59 56 
17 20 24 23 26 28 25 29 36 37 35 32 40 39 38 42 51 56 40 41 46 48 44 45 44 48 46 54 62 61 59 56 
17 16 11 13 18 25 29 36 29 19 15 18 25 28 32 40 56 51 56 59 61 41 46 48 44 45 44 48 46 54 62 61 59 56 
17 16 24 23 26 28 25 29 36 29 25 28 32 40 41 61 59 56 51 56 59 61 41 46 48 44 45 37 35 32 40 39 38 42 51 56 
17 16 24 23 26 28 25 29 36 37 45 44 48 46 41 61 59 56 51 56 40 32 28 25 29 36 37 45 44 48 46 54 62 66 63 58 56 
17 16 11 13 18 15 19 29 36 29 25 28 32 40 56 51 56 59 61 41 46 48 44 45 37 36 29 25 28 32 40 56 
17 14 12 11 13 18 25 29 36 37 35 32 40 41 61 59 56 51 56 59 61 62 54 46 48 44 45 44 48 46 41 61 62 66 63 58 56 
17 20 24 23 26 28 25 29 36 29 25 28 32 40 56 51 56 40 32 35 37 45 44 48 46 54 62 61 41 40 56 
17 16 24 23 26 28 25 29 36 37 45 44 48 46 41 40 56 51 56 59 61 41 40 32 35 37 45 37 35 32 40 39 38 42 51 56 
17 20 24 16 18 25 29 36 29 25 28 32 40 41 61 59 56 51 56 40 32 35 37 45 37 35 32 40 39 38 42 51 56 
17 16 11 13 18 15 19 29 36 29 19 15 18 25 28 32 40 56 51 56 40 41 46 48 44 45 37 35 32 40 41 61 59 56 
17 16 11 13 18 15 19 29 36 29 25 28 32 40 41 61 59 56 51 56 40 32 28 25 29 36 37 45 37 36 29 25 28 32 40 56 
17 16 11 13 18 25 29 36 29 25 28 32 40 41 61 59 56 51 56 58 63 66 62 54 46 48 44 45 37 35 32 40 56 
17 14 12 11 16 18 25 29 36 37 35 32 40 41 61 59 56 51 42 38 39 40 41 46 48 44 45 37 35 32 40 56 
17 16 24 23 26 28 25 29 36 29 25 28 32 40 39 38 42 51 56 58 63 66 62 54 46 48 44 45 44 48 46 54 62 66 63 58 56 
17 16 24 23 26 28 25 29 36 29 25 28 32 40 41 61 59 56 51 56 40 41 46 48 44 45 37 35 32 40 56 
17 16 24 23 26 28 25 29 36 37 45 44 48 46 41 61 59 56 51 56 59 61 41 46 48 44 45 37 35 32 40 39 38 42 51 56 
17 20 24 23 26 28 25 29 36 29 25 28 32 40 56 51 56 40 32 35 37 45 44 48 46 54 62 66 63 58 56 
17 20 24 16 18 25 29 36 29 25 28 32 40 56 51 42 38 39 40 32 35 37 45 44 48 46 41 61 62 66 63 58 56 
17 16 18 15 19 29 36 29 25 28 32 40 41 61 59 56 51 56 58 63 66 62 54 46 48 44 45 37 35 32 40 39 38 42 51 56 
17 16 18 25 28 32 35 37 36 29 25 28 32 40 56 51 56 40 41 46 48 44 45 44 48 46 41 61 62 66 63 58 56 
17 14 12 11 13 18 25 29 36 37 45 44 48 46 41 61 59 56 51 56 58 63 66 62 54 46 48 44 45 37 35 32 40 56 
17 14 12 11 16 18 25 29 36 37 35 32 40 56 51 56 59 61 41 46 48 44 45 37 35 32 40 56 
17 16 18 25 28 32 35 37 36 37 35 32 40 56 51 56 40 32 28 25 29 36 37 45 44 48 46 54 62 66 63 58 56 
17 16 18 15 19 29 36 37 45 44 48 46 41 40 56 51 42 38 39 40 41 46 48 44 45 37 35 32 40 56 
---------------
Request id 28
0 13 18 25 28 32 40 56 59 61 62 66 63 58 55 49 42 38 39 40 32 35 32 28 25 18 16 24 
0 2 9 15 18 25 28 32 40 56 58 63 58 56 40 32 35 32 40 39 38 34 31 27 24 
0 13 11 16 24 30 33 39 40 56 58 63 58 56 51 42 38 39 40 32 35 37 36 29 25 28 26 23 24 
0 13 18 25 28 32 40 56 58 63 66 62 54 46 41 40 32 35 32 28 26 23 24 
0 13 18 25 28 32 40 56 59 61 62 66 63 58 56 51 42 38 39 40 32 35 32 28 25 18 16 17 20 24 
0 2 9 15 19 29 25 28 32 40 56 58 63 58 56 59 61 41 40 32 35 32 28 26 23 24 
0 13 18 25 28 32 40 56 58 63 66 62 61 59 56 40 32 35 32 40 39 33 30 24 
0 13 18 25 28 32 40 41 61 62 66 63 66 62 54 46 41 40 32 35 37 36 29 25 28 26 23 24 
0 13 11 16 18 25 28 32 40 56 58 63 58 56 40 32 35 32 28 25 18 16 24 
0 13 11 16 24 30 33 39 40 56 58 63 58 56 59 61 41 40 32 35 37 36 29 19 15 18 16 24 
0 13 11 16 18 25 28 32 40 56 58 63 58 56 59 61 41 40 32 35 37 36 29 19 15 18 16 24 
0 5 3 13 18 25 28 32 40 56 58 63 58 55 49 42 51 56 40 32 35 32 40 39 33 30 24 
0 13 11 16 18 25 28 32 40 56 58 63 66 62 61 41 40 32 35 32 40 39 33 30 24 
0 13 11 16 24 30 33 39 40 56 58 63 66 62 54 46 48 44 45 37 35 37 36 29 19 15 18 16 24 
0 13 18 25 28 32 40 56 58 63 66 62 61 41 40 32 35 32 28 25 18 16 24 
0 13 11 16 18 25 28 32 40 56 58 63 58 56 51 42 38 39 40 32 35 37 36 29 25 18 16 24 
0 13 18 25 28 32 40 56 58 63 58 56 40 32 35 37 36 29 25 18 16 24 
0 13 11 16 18 25 28 32 40 56 58 63 66 62 54 46 41 40 32 35 32 40 39 33 30 24 
0 13 18 16 24 30 33 39 40 56 58 63 66 62 61 59 56 40 32 35 32 28 25 18 16 24 
0 5 3 13 18 25 28 32 40 56 58 63 66 62 54 46 41 40 32 35 37 36 29 19 15 18 16 24 
0 13 18 25 28 32 40 56 58 63 66 62 54 46 41 40 32 35 32 28 25 18 16 24 
0 13 18 25 28 32 40 41 61 62 66 63 66 62 54 46 48 44 45 37 35 37 36 29 25 18 16 17 20 24 
0 13 11 16 18 25 28 32 40 56 58 63 58 56 40 41 46 48 44 45 37 35 37 36 29 19 15 18 16 24 
0 13 18 25 29 36 37 35 32 40 56 58 63 58 56 59 61 41 40 32 35 32 28 25 18 13 11 16 24 
0 2 9 15 18 25 28 32 40 56 58 63 66 62 54 46 41 40 32 35 32 40 39 33 30 24 
0 13 18 16 24 30 33 39 40 56 58 63 58 55 49 42 38 39 40 32 35 37 36 29 25 28 26 23 24 
0 5 3 13 18 25 28 32 40 56 58 63 58 56 59 61 41 40 32 35 32 28 25 18 16 24 
0 13 11 16 18 25 28 32 40 56 58 63 58 55 49 42 51 56 40 32 35 32 28 25 18 13 11 16 24 
0 2 9 15 18 25 28 32 40 56 58 63 58 56 51 42 38 39 40 32 35 32 28 26 23 24 
0 13 18 25 28 32 40 56 59 61 62 66 63 58 55 49 42 51 56 40 32 35 37 36 29 25 28 26 23 24 
0 2 9 15 19 29 25 28 32 40 56 58 63 66 62 54 46 48 44 45 37 35 32 28 26 23 24 
0 13 18 25 28 32 40 56 58 63 66 62 54 46 41 40 32 35 37 36 29 25 28 26 23 24 
0 2 9 15 18 25 28 32 40 56 58 63 66 62 61 59 56 40 32 35 37 36 29 25 18 16 17 20 24 
0 13 11 16 24 30 33 39 40 56 58 63 58 55 49 42 51 56 40 32 35 37 36 29 25 28 26 23 24 
0 13 18 25 28 32 40 41 61 62 66 63 58 56 59 61 41 40 32 35 32 28 25 18 16 17 20 24 
0 13 18 16 24 30 33 39 40 56 58 63 58 56 51 42 38 39 40 32 35 37 36 29 19 15 18 16 24 
0 13 11 16 18 25 28 32 40 56 58 63 58 56 51 42 38 39 40 32 35 32 40 39 38 34 31 27 24 
0 13 11 16 24 30 33 39 40 56 58 63 58 56 59 61 41 40 32 35 37 36 29 25 18 16 17 20 24 
0 2 9 15 19 29 25 28 32 40 56 58 63 58 56 59 61 41 40 32 35 37 36 29 25 18 16 24 
0 2 9 15 18 25 28 32 40 56 58 63 58 56 51 42 38 39 40 32 35 32 28 25 18 13 11 16 24 
---------------
Request id 24
4 1 3 13 18 25 29 36 37 45 37 36 29 25 18 16 24 23 
4 1 3 6 11 13 18 25 29 36 37 45 44 48 46 41 40 32 28 26 23 
4 1 3 13 11 16 18 25 29 36 37 45 37 36 29 25 18 13 11 16 24 23 
4 1 3 6 11 16 18 25 29 36 37 45 44 48 46 41 40 32 28 26 23 
4 1 3 5 0 13 18 25 29 36 37 45 37 36 29 25 18 16 24 23 
4 1 3 13 11 16 18 25 29 36 37 45 37 36 29 19 15 18 16 24 23 
4 1 3 5 0 13 18 25 29 36 37 45 37 35 32 28 26 23 
4 7 8 6 11 13 18 25 29 36 37 45 37 36 29 25 28 26 23 
4 7 8 6 11 16 18 25 29 36 37 45 37 36 29 25 18 13 11 16 24 23 
4 1 3 13 18 25 28 32 35 37 45 44 48 46 41 40 39 33 30 24 23 
4 7 8 6 11 16 18 25 29 36 37 45 37 35 32 28 26 23 
4 1 3 13 11 16 18 25 29 36 37 45 37 35 32 28 25 18 16 24 23 
4 7 8 6 11 16 18 25 29 36 37 45 44 48 46 41 40 32 28 26 23 
4 1 3 13 18 25 29 36 37 45 37 36 29 25 18 16 17 20 24 23 
4 1 3 13 11 16 18 25 29 36 37 45 37 35 32 40 39 33 30 24 23 
4 1 3 6 11 16 18 25 29 36 37 45 37 35 32 40 39 33 30 24 23 
4 7 8 6 11 16 18 25 29 36 37 45 37 36 29 25 18 16 24 23 
4 1 3 13 18 25 29 36 37 45 37 36 29 25 28 26 23 
4 7 8 6 11 13 18 25 29 36 37 45 37 36 29 25 18 16 17 20 24 23 
4 7 8 6 11 16 18 25 29 36 37 45 37 36 29 25 28 26 23 
4 1 3 13 18 25 28 32 35 37 45 37 35 32 40 39 33 30 24 23 
4 1 3 5 0 13 18 25 29 36 37 45 37 35 32 40 39 33 30 24 23 
4 1 3 6 11 16 18 25 29 36 37 45 37 36 29 25 28 26 23 
4 1 3 13 18 15 19 29 36 37 45 37 36 29 25 18 16 17 20 24 23 
4 1 3 13 18 25 28 32 35 37 45 37 36 29 25 28 26 23 
4 1 3 6 11 16 18 25 29 36 37 45 37 36 29 25 18 16 24 23 
4 1 3 13 11 16 18 25 29 36 37 45 37 36 29 25 18 16 24 23 
4 1 3 13 18 15 19 29 36 37 45 37 35 32 40 39 33 30 24 23 
4 7 8 6 11 16 18 25 29 36 37 45 37 35 32 40 39 33 30 24 23 
4 1 3 13 18 25 28 32 35 37 45 37 35 32 28 25 18 16 24 23 
4 7 8 6 3 13 18 25 29 36 37 45 44 48 46 41 40 32 28 26 23 
4 1 3 13 18 15 19 29 36 37 45 44 48 46 41 40 32 28 26 23 
4 1 3 5 0 13 18 25 29 36 37 45 37 36 29 25 28 26 23 
4 7 8 6 3 13 18 25 29 36 37 45 37 36 29 25 18 13 11 16 24 23 
4 7 8 6 3 13 18 25 29 36 37 45 37 35 32 28 25 18 16 24 23 
4 7 8 6 3 13 18 25 29 36 37 45 37 36 29 19 15 18 16 24 23 
4 1 3 6 11 13 18 25 29 36 37 45 37 36 29 25 18 13 11 16 24 23 
4 1 3 13 18 15 19 29 36 37 45 37 36 29 19 15 18 16 24 23 
4 1 3 6 11 16 18 25 29 36 37 45 37 36 29 19 15 18 16 24 23 
4 1 3 6 11 16 18 25 29 36 37 45 44 48 46 41 40 39 33 30 24 23 
---------------
Request id 22
3 5 0 13 18 16 24 30 33 39 38 42 49 55 58 63 66 67 
3 5 0 13 11 16 24 30 33 39 40 56 59 61 62 66 67 
3 6 11 16 17 20 24 30 33 39 40 41 46 54 62 66 67 
3 6 11 16 24 30 33 39 40 41 46 54 65 68 67 
3 6 8 10 12 11 16 24 30 33 39 40 41 61 59 56 58 63 66 67 
3 13 11 16 17 20 24 30 33 39 38 42 51 56 58 63 66 67 
3 13 18 16 17 20 24 30 33 39 40 56 59 61 62 66 67 
3 5 0 13 11 16 24 30 33 39 40 56 58 63 66 67 
3 13 18 16 24 30 33 39 40 56 59 61 62 66 67 
3 13 11 16 17 20 24 30 33 39 40 41 61 62 66 67 
3 6 11 16 17 20 24 30 33 39 40 41 61 62 54 65 68 67 
3 13 18 16 24 30 33 39 40 41 61 62 66 67 
3 6 11 16 24 30 33 39 40 41 61 62 54 65 68 67 
3 13 18 16 17 20 24 30 33 39 40 41 61 62 66 67 
3 13 11 16 24 30 33 39 40 41 46 54 65 68 67 
3 13 18 16 24 30 33 39 38 42 49 55 58 63 66 67 
3 13 18 16 17 20 24 30 33 39 40 41 61 59 56 58 63 66 67 
3 5 0 13 11 16 24 30 33 39 40 41 61 62 66 67 
3 6 11 16 24 30 33 39 40 41 46 54 65 68 69 67 
3 6 11 16 24 30 33 39 40 41 46 54 62 66 67 
3 6 11 16 17 20 24 30 33 39 40 56 59 61 62 66 67 
3 13 11 16 17 20 24 30 33 39 38 42 49 55 58 63 66 67 
3 6 11 16 24 30 33 39 40 56 58 63 66 67 
3 13 11 16 24 30 33 39 40 41 46 54 65 68 69 67 
3 6 11 13 18 16 24 30 33 39 40 41 61 62 54 65 68 67 
3 13 18 16 24 30 33 39 40 41 46 54 65 68 69 67 
3 6 11 13 18 16 24 30 33 39 40 41 46 54 62 66 67 
3 6 8 10 12 11 16 24 30 33 39 40 41 46 54 65 68 67 
3 6 11 16 24 30 33 39 38 42 49 55 58 63 66 67 
3 13 11 16 24 30 33 39 40 56 58 63 66 67 
3 13 18 16 24 30 33 39 40 56 58 63 66 67 
3 5 0 13 18 16 24 30 33 39 40 56 58 63 66 67 
3 13 11 16 17 20 24 30 33 39 40 41 61 62 54 65 68 67 
3 13 18 16 17 20 24 30 33 39 40 41 46 54 65 68 69 67 
3 13 11 16 24 30 33 39 40 41 61 59 56 58 63 66 67 
3 13 18 16 24 30 33 39 40 41 46 54 62 66 67 
3 13 18 16 24 30 33 39 40 41 46 54 65 68 67 
3 6 11 13 18 16 24 30 33 39 40 41 61 59 56 58 63 66 67 
3 13 11 16 17 20 24 30 33 39 40 41 46 54 65 68 67 
3 13 18 16 17 20 24 30 33 39 40 41 61 62 54 65 68 67 
---------------
Request id 23
5 0 2 9 15 19 29 36 37 35 32 28 25 18 15 19 29 36 29 25 28 32 40 39 
5 3 6 11 16 18 25 28 32 35 32 28 25 18 15 19 29 36 37 35 32 40 56 51 42 38 39 
5 3 13 18 25 28 32 35 32 40 39 33 30 24 16 18 25 29 36 37 45 44 48 46 41 40 39 
5 3 13 11 16 18 25 28 32 35 32 40 41 46 48 44 45 37 36 29 25 18 16 24 30 33 39 
5 0 13 18 25 28 32 35 37 45 44 48 46 41 40 32 28 25 29 36 29 25 18 16 24 30 33 39 
5 3 13 18 25 29 36 37 35 37 45 44 48 46 41 40 32 28 25 29 36 29 19 15 18 25 28 32 40 39 
5 3 13 11 16 18 25 28 32 35 32 28 26 23 24 16 11 13 18 25 29 36 29 19 15 18 25 28 32 40 39 
5 0 13 18 25 28 32 35 37 36 37 35 32 28 26 23 24 30 33 39 
5 0 13 18 25 29 36 37 35 32 28 26 23 24 20 17 16 18 25 29 36 37 45 44 48 46 41 40 39 
5 3 13 18 25 29 36 37 35 32 28 26 23 24 20 17 16 18 25 29 36 29 19 15 18 25 28 32 40 39 
5 0 13 18 25 28 32 35 37 36 37 35 32 40 56 51 42 38 39 
5 0 13 18 25 28 32 35 37 36 29 25 28 32 40 56 51 42 38 39 
5 3 13 18 25 29 36 37 35 32 40 39 33 30 24 16 18 25 29 36 29 25 18 16 24 30 33 39 
5 0 13 18 15 19 29 36 37 35 32 28 25 29 36 29 19 15 18 25 28 32 40 39 
5 0 2 9 15 19 29 36 37 35 32 28 26 23 24 16 11 13 18 25 29 36 37 35 32 40 39 
5 0 13 18 25 29 36 37 35 32 40 39 33 30 24 16 18 25 29 36 29 19 15 18 25 28 32 40 39 
5 3 13 18 15 19 29 36 37 35 37 36 29 25 28 32 40 39 
5 0 13 18 25 29 36 37 35 37 36 29 25 18 16 24 30 33 39 
5 0 2 9 15 19 29 36 37 35 32 28 25 18 15 19 29 36 37 45 44 48 46 41 40 39 
5 3 6 11 16 18 25 28 32 35 37 36 29 25 28 32 40 39 
5 3 6 11 13 18 25 28 32 35 37 36 37 35 32 40 39 
5 3 13 11 16 18 25 28 32 35 37 36 37 35 32 40 56 51 42 38 39 
5 3 6 11 13 18 25 28 32 35 37 36 29 25 28 32 40 39 
5 3 13 18 25 28 32 35 32 28 25 18 15 19 29 36 29 19 15 18 16 24 30 33 39 
5 0 13 18 25 28 32 35 32 28 25 29 36 37 35 32 40 39 
5 3 6 11 13 18 25 28 32 35 32 28 26 23 24 16 11 13 18 25 29 36 29 19 15 18 16 24 30 33 39 
5 0 13 18 25 29 36 37 35 32 28 26 23 24 16 11 13 18 25 29 36 29 25 18 16 24 30 33 39 
5 0 13 18 15 19 29 36 37 35 32 28 25 29 36 29 25 28 32 40 56 51 42 38 39 
5 3 13 18 25 29 36 37 35 32 28 26 23 24 20 17 16 18 25 29 36 37 45 44 48 46 41 40 39 
5 0 13 18 25 28 32 35 32 28 26 23 24 20 17 16 18 25 29 36 29 25 28 32 40 39 
5 3 6 11 16 18 25 28 32 35 32 28 25 18 15 19 29 36 37 35 32 28 26 23 24 30 33 39 
5 3 13 18 25 29 36 37 35 32 28 26 23 24 16 11 13 18 25 29 36 29 25 28 32 40 56 51 42 38 39 
5 3 13 11 16 18 25 28 32 35 32 28 25 29 36 37 45 44 48 46 41 40 39 
5 3 13 11 16 18 25 28 32 35 32 28 25 29 36 37 35 32 40 39 
5 3 13 18 15 19 29 36 37 35 32 28 26 23 24 20 17 16 18 25 29 36 29 25 28 32 40 39 
5 0 13 18 25 29 36 37 35 32 28 26 23 24 16 11 13 18 25 29 36 37 35 32 40 39 
5 0 13 18 15 19 29 36 37 35 32 28 26 23 24 16 11 13 18 25 29 36 37 35 32 40 39 
5 0 13 18 25 28 32 35 32 28 25 29 36 29 19 15 18 16 24 30 33 39 
5 0 13 18 15 19 29 36 37 35 37 36 29 25 18 16 24 30 33 39 
5 3 6 11 13 18 25 28 32 35 32 28 26 23 24 16 18 15 19 29 36 29 19 15 18 16 24 30 33 39 
---------------
Request id 6
3 13 11 16 24 23 26 28 32 35 37 45 44 48 46 54 62 61 
3 13 11 16 18 25 28 32 35 32 40 56 59 61 
3 13 18 25 28 32 35 37 45 44 48 46 54 62 61 
3 5 0 13 18 25 28 32 35 32 40 39 38 42 51 56 59 61 
3 5 0 13 18 25 28 32 35 32 40 56 58 63 66 62 61 
3 13 18 25 29 36 37 35 37 45 44 48 46 41 40 56 59 61 
3 13 11 16 18 25 28 32 35 37 45 44 48 46 41 61 
3 5 0 13 18 25 29 36 37 35 32 40 41 46 54 62 61 
3 13 18 25 29 36 37 35 32 40 56 58 63 66 62 61 
3 13 11 16 18 25 28 32 35 37 36 29 25 28 32 40 41 61 
3 6 11 13 18 25 28 32 35 37 45 44 48 46 54 62 61 
3 13 18 25 28 32 35 32 40 41 61 
3 6 11 13 18 25 28 32 35 37 45 44 48 46 41 61 
3 6 11 13 18 25 28 32 35 37 36 29 25 28 32 40 41 61 
3 5 0 13 18 25 28 32 35 32 40 41 61 
3 6 11 16 18 25 28 32 35 37 36 29 25 28 32 40 41 61 
3 13 11 16 24 23 26 28 32 35 37 36 29 25 28 32 40 56 59 61 
3 13 11 16 18 25 28 32 35 37 45 44 48 46 54 62 61 
3 13 18 25 28 32 35 37 45 44 48 46 41 61 
3 13 11 16 18 25 28 32 35 37 36 29 25 28 32 40 56 59 61 
3 13 11 16 18 25 28 32 35 32 40 41 46 54 62 61 
3 13 11 16 24 23 26 28 32 35 32 40 41 61 
3 13 11 16 24 23 26 28 32 35 37 45 44 48 46 41 61 
3 13 18 15 19 29 36 37 35 32 40 41 61 
3 13 11 16 24 23 26 28 32 35 32 40 39 38 42 51 56 59 61 
3 5 0 13 18 25 29 36 37 35 32 40 56 59 61 
3 13 11 16 18 25 28 32 35 37 45 44 48 46 41 40 56 59 61 
3 13 18 25 28 32 35 32 40 39 38 42 51 56 59 61 
3 13 18 25 28 32 35 32 40 56 59 61 
3 6 11 16 18 25 28 32 35 32 40 56 59 61 
3 13 18 15 19 29 36 37 35 37 45 44 48 46 41 40 56 59 61 
3 6 11 16 18 25 28 32 35 32 40 56 58 63 66 62 61 
3 6 11 13 18 25 28 32 35 32 40 56 58 63 66 62 61 
3 13 18 25 28 32 35 37 36 29 25 28 32 40 56 59 61 
3 13 11 16 18 25 29 36 37 35 32 40 56 58 63 66 62 61 
3 6 11 13 18 25 28 32 35 32 40 41 61 
3 13 11 16 18 25 28 32 35 32 40 56 58 63 66 62 61 
3 5 0 13 18 25 29 36 37 35 37 45 44 48 46 54 62 61 
3 5 0 13 18 25 29 36 37 35 37 45 44 48 46 41 40 56 59 61 
3 5 0 13 18 25 29 36 37 35 32 40 56 58 63 66 62 61 
---------------
Request id 29
9 15 18 25 28 32 35 37 36 37 45 37 35 32 28 25 18 13 3 
9 2 0 13 18 25 28 32 35 37 36 37 35 32 40 41 46 48 44 45 37 36 29 25 18 13 0 5 3 
9 2 0 13 18 25 29 36 29 19 15 18 16 24 23 26 28 32 35 37 45 37 35 32 28 25 18 13 11 6 3 
9 15 19 29 25 28 32 35 37 36 29 25 28 32 40 41 46 48 44 45 37 36 29 19 15 18 13 3 
9 2 0 13 11 16 18 25 29 36 37 35 32 40 41 61 62 54 46 48 44 45 37 36 29 25 18 16 11 13 3 
9 2 0 13 11 16 18 25 29 36 29 25 18 16 24 23 26 28 32 35 37 45 37 36 29 25 18 13 0 5 3 
9 2 0 13 18 25 28 32 35 37 36 29 19 15 18 25 28 32 35 37 45 37 35 32 28 25 18 16 11 13 3 
9 15 18 25 29 36 29 19 15 18 25 28 32 40 41 46 48 44 45 37 36 29 25 18 13 3 
9 15 19 29 25 28 32 35 37 36 29 19 15 18 25 28 32 35 37 45 37 35 32 28 25 18 13 11 6 3 
9 15 18 25 29 36 37 35 32 40 41 61 62 54 46 48 44 45 37 36 29 19 15 18 13 3 
9 2 0 13 11 16 18 25 29 36 29 19 15 18 16 24 23 26 28 32 35 37 45 37 35 32 28 25 18 16 11 13 3 
9 15 18 25 29 36 37 45 37 35 32 28 25 18 13 3 
9 15 18 25 28 32 35 37 36 37 35 32 40 56 59 61 41 46 48 44 45 37 35 32 28 25 18 16 11 13 3 
9 2 0 13 18 25 29 36 29 25 28 32 35 37 45 37 36 29 25 18 13 11 6 3 
9 2 0 13 18 25 28 32 35 37 36 37 35 32 40 41 46 48 44 45 37 36 29 25 18 16 11 13 3 
9 15 19 29 25 28 32 35 37 36 37 35 32 40 41 46 48 44 45 37 35 32 28 25 18 13 0 5 3 
9 2 0 13 18 25 29 36 29 25 18 16 24 23 26 28 32 35 37 45 37 36 29 25 18 13 0 5 3 
9 15 19 29 36 29 25 18 16 24 23 26 28 32 35 37 45 37 36 29 25 18 13 3 
9 15 18 25 29 36 29 25 18 16 24 23 26 28 32 35 37 45 37 36 29 25 18 13 3 
9 15 19 29 25 28 32 35 37 36 37 35 32 40 41 46 48 44 45 37 36 29 25 18 16 11 6 3 
9 2 0 13 11 16 18 25 29 36 29 19 15 18 16 24 23 26 28 32 35 37 45 37 36 29 19 15 18 13 3 
9 15 19 29 25 28 32 35 37 36 29 19 15 18 16 24 23 26 28 32 35 37 45 37 35 32 28 25 18 13 0 5 3 
9 2 0 13 11 16 18 25 29 36 29 19 15 18 16 24 23 26 28 32 35 37 45 37 35 32 28 25 18 13 3 
9 15 18 16 24 23 26 28 25 29 36 29 19 15 18 25 28 32 40 41 46 48 44 45 37 36 29 25 18 13 3 
9 2 0 13 11 16 18 25 29 36 29 19 15 18 16 24 23 26 28 32 35 37 45 37 35 32 28 25 18 13 0 5 3 
9 15 19 29 25 28 32 35 37 36 37 35 32 40 56 59 61 41 46 48 44 45 37 36 29 25 18 13 3 
9 15 19 29 36 37 35 32 40 41 61 62 54 46 48 44 45 37 36 29 25 18 13 11 6 3 
9 2 0 13 18 25 28 32 35 37 36 29 19 15 18 16 24 23 26 28 32 35 37 45 37 35 32 28 25 18 16 11 13 3 
9 15 18 25 29 36 29 25 18 16 24 23 26 28 32 35 37 45 37 35 32 28 25 18 13 0 5 3 
9 15 18 25 28 32 35 37 36 29 19 15 18 16 24 23 26 28 32 35 37 45 37 36 29 25 18 16 11 6 3 
9 15 19 29 36 29 25 18 16 24 23 26 28 32 35 37 45 37 36 29 25 18 13 0 5 3 
9 2 0 13 18 15 19 29 36 29 25 28 32 40 41 46 48 44 45 37 35 32 28 25 18 16 11 13 3 
9 15 18 25 28 32 35 37 36 29 25 18 16 24 23 26 28 32 35 37 45 37 35 32 28 25 18 16 11 13 3 
9 15 18 25 29 36 29 19 15 18 25 28 32 35 37 45 37 36 29 25 18 16 11 13 3 
9 15 19 29 25 28 32 35 37 36 29 25 18 16 24 23 26 28 32 35 37 45 37 36 29 25 18 16 11 13 3 
9 15 18 25 29 36 29 19 15 18 25 28 32 35 37 45 37 36 29 25 18 16 11 6 3 
9 2 0 13 18 15 19 29 36 29 19 15 18 25 28 32 40 41 46 48 44 45 37 36 29 19 15 18 13 3 
9 2 0 13 18 15 19 29 36 37 45 37 36 29 25 18 16 11 13 3 
9 15 18 16 24 23 26 28 25 29 36 29 25 18 16 24 23 26 28 32 35 37 45 37 35 32 28 25 18 13 3 
9 15 18 25 28 32 35 37 36 29 19 15 18 25 28 32 40 41 46 48 44 45 37 35 32 28 25 18 13 3 
---------------
Request id 8
32 35 37 36 29 25 18 16 24 30 24 16 11 6 3 13 18 15 
32 28 25 18 13 11 16 24 30 24 23 26 28 25 18 15 
32 28 25 18 13 11 16 24 30 24 16 18 15 
32 28 25 18 13 11 16 24 30 24 16 18 13 0 2 9 15 
32 35 37 36 29 25 18 16 24 30 24 16 18 25 29 19 15 
32 40 39 38 34 31 27 24 30 24 16 18 13 0 2 9 15 
32 28 25 29 19 15 18 16 24 30 33 39 40 32 28 25 18 15 
32 28 25 29 19 15 18 16 24 30 24 23 26 28 25 29 19 15 
32 40 56 51 42 38 39 33 30 24 16 11 13 18 15 
32 40 39 38 34 31 27 24 30 24 16 11 6 3 13 18 15 
32 28 25 18 16 24 30 24 23 26 28 25 29 19 15 
32 28 25 29 19 15 18 16 24 30 24 16 18 25 29 19 15 
32 28 25 29 19 15 18 16 24 30 24 16 11 13 18 15 
32 28 25 29 19 15 18 16 24 30 24 16 18 15 
32 28 25 29 19 15 18 16 24 30 24 27 22 21 17 16 18 15 
32 28 25 18 16 17 20 24 30 33 39 40 32 28 25 18 15 
32 35 37 36 29 25 18 16 24 30 33 39 40 32 28 25 18 15 
32 28 26 23 24 30 24 16 18 13 0 2 9 15 
32 35 37 36 29 25 18 16 24 30 24 20 17 16 18 15 
32 28 25 29 19 15 18 16 24 30 24 20 17 16 18 15 
32 28 26 23 24 30 24 16 11 6 3 13 18 15 
32 40 56 51 42 38 39 33 30 24 16 18 15 
32 28 25 18 13 11 16 24 30 24 16 18 25 29 19 15 
32 40 39 33 30 24 16 18 15 
32 35 37 36 29 25 18 16 24 30 24 27 22 21 17 16 18 15 
32 40 56 51 42 38 39 33 30 24 23 26 28 25 29 19 15 
32 28 25 18 16 17 20 24 30 24 27 22 21 17 16 18 15 
32 28 25 29 19 15 18 16 24 30 24 16 11 6 3 13 18 15 
32 40 56 51 42 38 34 31 27 24 30 24 27 22 21 17 16 18 15 
32 28 25 18 16 24 30 24 20 17 16 18 15 
32 40 56 51 42 38 34 31 27 24 30 24 20 17 16 18 15 
32 28 25 18 13 11 16 24 30 24 16 11 13 18 15 
32 28 26 23 24 30 24 16 11 13 18 15 
32 28 25 18 16 24 30 24 23 26 28 25 18 15 
32 40 56 51 42 38 34 31 27 24 30 24 16 18 15 
32 35 37 36 29 25 18 16 24 30 24 16 18 15 
32 28 25 18 16 17 20 24 30 24 23 26 28 25 29 19 15 
32 28 25 29 19 15 18 16 24 30 24 23 26 28 25 18 15 
32 35 37 36 29 25 18 16 24 30 24 16 11 13 18 15 
32 40 39 38 34 31 27 24 30 24 16 18 25 29 19 15 
---------------
Request id 1
58 56 59 56 51 42 38 39 40 32 35 37 45 44 48 46 41 61 
58 63 66 62 61 59 56 51 42 38 39 40 32 35 37 45 44 48 46 41 61 
58 55 49 42 38 39 40 56 59 61 41 40 32 35 37 45 44 48 46 41 40 56 59 61 
58 55 49 42 38 39 40 56 59 61 62 54 46 48 44 45 44 48 46 41 61 
58 56 59 61 41 40 32 35 37 45 37 35 32 40 41 61 
58 55 49 42 38 39 40 56 59 61 41 40 32 35 37 45 37 35 32 40 56 58 63 66 62 61 
58 55 49 42 51 56 59 61 41 46 48 44 45 44 48 46 54 62 61 
58 55 49 42 38 39 40 56 59 56 40 32 28 25 29 36 37 45 44 48 46 54 62 61 
58 55 49 42 51 56 59 61 62 54 65 64 60 57 48 44 45 44 48 46 41 40 56 59 61 
58 55 49 42 38 39 40 56 59 56 40 32 28 25 29 36 37 45 37 35 32 40 41 46 54 62 61 
58 55 49 42 38 39 40 56 59 61 62 54 46 41 40 32 35 37 45 44 48 46 41 61 
58 55 49 42 51 56 40 41 61 59 61 62 54 46 48 44 45 37 35 32 40 41 46 54 62 61 
58 55 49 42 38 39 40 56 59 61 62 54 46 48 44 45 37 35 32 40 41 46 54 62 61 
58 63 66 62 54 46 41 61 59 56 40 32 28 25 29 36 37 45 37 35 32 40 41 46 54 62 61 
58 55 49 42 51 56 59 56 51 42 38 39 40 32 35 37 45 44 48 57 60 64 65 54 62 61 
58 63 66 62 54 46 41 61 59 56 40 41 46 48 44 45 37 36 29 25 28 32 40 41 61 
58 55 49 42 51 56 40 41 61 59 61 41 40 32 35 37 45 44 48 46 41 40 56 59 61 
58 63 66 62 61 59 61 62 54 46 41 40 32 35 37 45 44 48 46 41 61 
58 63 66 62 54 46 41 40 56 59 61 41 46 48 44 45 37 35 32 40 41 61 
58 63 66 62 61 41 40 56 59 56 40 32 35 37 45 44 48 46 54 65 68 67 66 62 61 
58 63 66 62 61 59 56 40 32 28 25 29 36 37 45 44 48 46 41 61 
58 63 66 62 54 46 41 61 59 61 41 46 48 44 45 37 35 32 40 56 59 61 
58 56 40 41 46 54 62 61 59 56 58 63 66 62 54 46 48 44 45 37 35 32 40 56 59 61 
58 63 66 62 61 59 56 58 63 66 62 54 46 48 44 45 37 35 32 40 41 61 
58 56 59 61 62 54 46 41 40 32 35 37 45 44 48 46 54 62 61 
58 56 40 41 46 54 62 61 59 56 51 42 38 39 40 32 35 37 45 44 48 46 41 61 
58 63 66 62 54 46 41 40 56 59 61 41 46 48 44 45 44 48 57 60 64 65 54 62 61 
58 63 66 62 54 46 41 40 56 59 56 40 41 46 48 44 45 44 48 46 54 65 68 67 66 62 61 
58 56 40 41 46 54 62 61 59 56 40 32 35 37 45 44 48 57 60 64 65 54 62 61 
58 55 49 42 51 56 40 41 61 59 56 58 63 66 62 54 46 48 44 45 37 35 32 40 41 61 
58 63 66 62 61 59 61 62 54 46 41 40 32 35 37 45 37 36 29 25 28 32 40 41 61 
58 56 40 41 46 54 62 61 59 56 40 32 28 25 29 36 37 45 44 48 46 54 65 68 67 66 62 61 
58 63 66 62 54 46 41 61 59 56 40 41 46 48 44 45 37 35 32 40 41 46 54 62 61 
58 63 66 62 54 46 41 61 59 61 62 54 46 48 44 45 37 35 32 40 56 58 63 66 62 61 
58 56 40 41 61 59 56 40 32 35 37 45 44 48 46 41 40 56 59 61 
58 63 66 62 54 46 41 61 59 61 41 46 48 44 45 44 48 46 41 40 56 59 61 
58 55 49 42 51 56 40 41 61 59 61 62 54 46 48 44 45 44 48 46 54 62 61 
58 63 66 62 61 59 61 62 54 46 48 44 45 44 48 46 41 61 
58 56 59 61 62 54 46 41 40 32 35 37 45 44 48 46 41 40 56 59 61 
58 56 40 41 46 54 62 61 59 56 40 32 28 25 29 36 37 45 44 48 46 54 62 61 
---------------
Request id 9
61 41 40 32 35 37 45 37 36 29 25 18 13 3 1 4 7 
61 62 66 63 58 56 40 32 35 37 45 37 36 29 19 15 18 13 3 6 8 7 
61 41 46 48 44 45 37 35 32 28 25 18 13 3 1 4 7 
61 62 54 65 64 60 57 48 44 45 37 35 32 28 25 18 13 3 6 8 7 
61 41 40 32 28 25 29 36 37 45 37 35 32 28 25 18 16 11 6 8 7 
61 62 66 63 58 56 40 32 35 37 45 37 36 29 19 15 18 13 3 1 4 7 
61 41 40 32 28 25 29 36 37 45 37 36 29 19 15 18 13 3 1 4 7 
61 62 66 63 58 56 40 32 35 37 45 37 36 29 25 18 16 11 6 8 7 
61 41 46 48 44 45 37 35 32 28 25 18 16 11 6 8 7 
61 59 56 40 32 28 25 29 36 37 45 37 36 29 25 18 13 3 6 8 7 
61 59 56 40 32 28 25 29 36 37 45 37 36 29 25 18 13 11 6 8 7 
61 59 56 40 32 35 37 45 37 35 32 28 25 18 13 3 6 8 7 
61 62 54 46 41 40 32 35 37 45 37 36 29 19 15 18 13 3 1 4 7 
61 59 56 40 32 35 37 45 37 36 29 25 18 13 3 6 8 7 
61 59 56 40 32 28 25 29 36 37 45 37 35 32 28 25 18 16 11 6 8 7 
61 41 46 48 44 45 37 36 29 25 18 13 11 6 8 7 
61 59 56 40 32 35 37 45 37 35 32 28 25 18 13 11 6 8 7 
61 62 54 46 48 44 45 37 35 32 28 25 18 16 11 6 8 7 
61 41 46 48 44 45 37 36 29 19 15 18 13 3 1 4 7 
61 59 56 40 32 28 25 29 36 37 45 37 35 32 28 25 18 13 11 6 8 7 
61 59 56 40 41 46 48 44 45 37 36 29 19 15 18 13 3 1 4 7 
61 59 56 40 32 28 25 29 36 37 45 37 36 29 25 18 16 11 6 8 7 
61 41 46 48 44 45 37 36 29 25 18 13 3 1 4 7 
61 62 66 63 58 56 40 32 35 37 45 37 36 29 25 18 13 3 1 4 7 
61 41 40 32 35 37 45 37 35 32 28 25 18 13 3 6 8 7 
61 62 66 63 58 56 40 32 35 37 45 37 36 29 25 18 13 3 6 8 7 
61 41 46 48 44 45 37 35 32 28 25 18 13 11 6 8 7 
61 41 46 48 44 45 37 35 32 28 25 18 13 3 6 8 7 
61 41 46 48 44 45 37 36 29 25 18 16 11 6 8 7 
61 41 40 32 28 25 29 36 37 45 37 36 29 25 18 13 11 6 8 7 
61 59 56 40 32 28 25 29 36 37 45 37 36 29 25 18 13 3 1 4 7 
61 62 54 46 48 44 45 37 36 29 25 18 13 3 1 4 7 
61 59 56 40 41 46 48 44 45 37 35 32 28 25 18 13 11 6 8 7 
61 62 54 46 48 44 45 37 35 32 28 25 18 13 3 6 8 7 
61 62 54 46 48 44 45 37 36 29 25 18 13 11 6 8 7 
61 59 56 40 41 46 48 44 45 37 36 29 25 18 13 11 6 8 7 
61 62 54 65 64 60 57 48 44 45 37 36 29 25 18 13 3 6 8 7 
61 41 40 32 28 25 29 36 37 45 37 36 29 19 15 18 13 3 6 8 7 
61 62 54 46 41 40 32 35 37 45 37 35 32 28 25 18 13 11 6 8 7 
61 62 66 63 58 56 40 32 35 37 45 37 36 29 25 18 13 11 6 8 7 
---------------
Request id 18
22 27 24 16 18 15 19 29 36 37 45 37 35 32 28 25 18 16 17 14 12 
22 27 24 23 26 28 25 29 36 37 45 37 36 29 19 15 18 16 11 12 
22 27 24 16 18 25 28 32 35 37 45 37 36 29 25 18 16 17 14 12 
22 27 24 30 33 39 40 32 35 37 45 37 35 32 28 25 18 16 17 14 12 
22 21 17 16 18 25 28 32 35 37 45 37 36 29 19 15 18 13 11 12 
22 27 24 30 33 39 40 32 35 37 45 37 36 29 25 18 16 11 12 
22 21 17 16 18 25 28 32 35 37 45 37 36 29 25 18 16 11 12 
22 27 24 16 18 25 28 32 35 37 45 37 35 32 28 25 18 16 17 14 12 
22 27 24 16 18 15 19 29 36 37 45 37 35 32 28 26 23 24 16 11 12 
22 27 31 34 38 39 40 32 35 37 45 37 36 29 25 18 16 11 12 
22 27 31 34 38 39 40 32 35 37 45 37 36 29 19 15 18 16 17 14 12 
22 27 24 16 18 25 29 36 37 45 37 36 29 25 18 16 11 12 
22 27 24 16 18 25 29 36 37 45 37 36 29 25 18 13 11 12 
22 27 24 30 33 39 40 32 35 37 45 37 36 29 19 15 18 16 17 14 12 
22 27 24 16 18 15 19 29 36 37 45 37 36 29 19 15 18 16 17 14 12 
22 27 24 23 26 28 32 35 37 45 37 36 29 19 15 18 16 11 12 
22 27 24 23 26 28 32 35 37 45 37 36 29 25 18 16 17 14 12 
22 27 24 16 18 25 29 36 37 45 37 35 32 28 26 23 24 16 11 12 
22 27 24 23 26 28 25 29 36 37 45 37 36 29 25 18 13 11 12 
22 27 31 34 38 39 40 32 35 37 45 37 35 32 28 25 18 13 11 12 
22 27 31 34 38 39 40 32 35 37 45 37 35 32 28 26 23 24 16 11 12 
22 27 24 16 18 25 28 32 35 37 45 37 36 29 19 15 18 16 17 14 12 
22 27 24 23 26 28 25 29 36 37 45 37 36 29 19 15 18 16 17 14 12 
22 21 17 16 18 15 19 29 36 37 45 37 35 32 28 25 18 16 17 14 12 
22 21 17 16 18 25 29 36 37 45 37 35 32 28 25 18 13 11 12 
22 27 31 34 38 39 40 32 35 37 45 37 35 32 28 25 18 16 11 12 
22 21 17 16 18 25 28 32 35 37 45 37 35 32 28 25 18 13 11 12 
22 21 17 16 18 15 19 29 36 37 45 37 36 29 25 18 13 11 12 
22 27 31 34 38 39 40 32 35 37 45 37 36 29 25 18 16 17 14 12 
22 27 24 23 26 28 32 35 37 45 37 35 32 28 25 18 13 11 12 
22 27 24 30 33 39 40 32 35 37 45 37 35 32 28 26 23 24 16 11 12 
22 27 31 34 38 39 40 32 35 37 45 37 36 29 19 15 18 16 11 12 
22 27 24 23 26 28 32 35 37 45 37 36 29 25 18 13 11 12 
22 27 31 34 38 39 40 32 35 37 45 37 36 29 19 15 18 13 11 12 
22 21 17 16 18 25 29 36 37 45 37 35 32 28 25 18 16 11 12 
22 21 17 16 18 25 28 32 35 37 45 37 35 32 28 25 18 16 17 14 12 
22 27 24 16 18 25 29 36 37 45 37 35 32 28 25 18 16 17 14 12 
22 21 17 16 18 15 19 29 36 37 45 37 36 29 19 15 18 16 11 12 
22 27 31 34 38 39 40 32 35 37 45 37 36 29 25 18 13 11 12 
22 27 24 23 26 28 32 35 37 45 37 35 32 28 25 18 16 11 12 
---------------
Request id 19
22 21 17 16 18 25 29 36 37 45 37 36 29 25 28 32 35 37 36 29 25 18 15 9 
22 27 24 23 26 28 25 29 36 37 45 37 35 32 40 39 33 30 24 16 18 15 9 
22 21 17 16 18 15 19 29 36 37 45 37 36 29 19 15 18 25 28 32 35 32 28 25 29 19 15 9 
22 27 24 30 33 39 40 32 35 37 45 44 48 46 41 40 32 35 32 40 39 33 30 24 16 18 15 9 
22 27 31 34 38 39 40 32 35 37 45 37 36 29 19 15 18 25 28 32 35 32 28 25 18 13 0 2 9 
22 27 24 16 18 25 29 36 37 45 44 48 46 54 62 61 41 40 32 35 32 28 25 18 13 3 5 0 2 9 
22 27 24 23 26 28 32 35 37 45 37 36 29 19 15 18 25 28 32 35 32 28 25 18 13 0 2 9 
22 27 31 34 38 39 40 32 35 37 45 44 48 46 54 62 66 63 58 56 40 32 35 32 40 39 33 30 24 16 18 15 9 
22 27 24 16 18 25 28 32 35 37 45 44 48 46 54 62 66 63 58 56 40 32 35 32 28 26 23 24 16 18 15 9 
22 21 17 16 18 15 19 29 36 37 45 44 48 46 41 40 32 28 25 29 36 37 35 32 28 25 18 13 3 5 0 2 9 
22 21 17 16 18 25 29 36 37 45 44 48 46 54 62 61 59 56 40 32 35 32 28 25 18 13 0 2 9 
22 27 24 23 26 28 32 35 37 45 44 48 46 54 62 66 63 58 56 40 32 35 32 40 39 33 30 24 16 18 15 9 
22 27 31 34 38 39 40 32 35 37 45 44 48 46 54 62 61 41 40 32 35 37 36 29 25 18 15 9 
22 27 24 23 26 28 32 35 37 45 44 48 46 41 40 32 35 32 28 25 18 16 11 13 0 2 9 
22 27 31 34 38 39 40 32 35 37 45 37 36 29 25 28 32 35 37 36 29 25 18 13 0 2 9 
22 27 31 34 38 39 40 32 35 37 45 44 48 46 54 62 66 63 58 56 40 32 35 32 28 25 18 13 0 2 9 
22 27 24 16 18 25 28 32 35 37 45 37 36 29 19 15 18 25 28 32 35 32 28 25 18 13 0 2 9 
22 27 31 34 38 39 40 32 35 37 45 44 48 57 60 64 65 54 46 41 40 32 35 32 28 25 18 16 11 13 0 2 9 
22 27 31 34 38 39 40 32 35 37 45 44 48 46 54 62 61 59 56 40 32 35 37 36 29 25 18 13 0 2 9 
22 21 17 16 18 25 29 36 37 45 44 48 46 41 61 59 56 40 32 35 37 36 29 25 18 15 9 
22 27 24 16 18 25 28 32 35 37 45 44 48 46 54 62 66 63 58 56 40 32 35 32 28 25 18 13 0 2 9 
22 27 31 34 38 39 40 32 35 37 45 44 48 46 41 40 32 35 37 36 29 19 15 9 
22 27 24 16 18 25 29 36 37 45 44 48 46 41 61 59 56 40 32 35 32 28 26 23 24 16 18 15 9 
22 21 17 16 18 25 28 32 35 37 45 37 35 32 28 25 18 16 11 13 0 2 9 
22 21 17 16 18 15 19 29 36 37 45 37 36 29 25 28 32 35 37 36 29 25 18 13 0 2 9 
22 27 24 16 18 25 29 36 37 45 44 48 46 54 62 61 41 40 32 35 32 28 25 18 16 11 13 0 2 9 
22 27 24 23 26 28 25 29 36 37 45 44 48 57 60 64 65 54 46 41 40 32 35 32 28 25 18 15 9 
22 27 24 16 18 25 29 36 37 45 44 48 46 54 62 61 41 40 32 35 32 40 39 33 30 24 16 18 15 9 
22 21 17 16 18 25 28 32 35 37 45 44 48 46 41 61 59 56 40 32 35 32 28 25 18 13 0 2 9 
22 21 17 16 18 15 19 29 36 37 45 44 48 46 41 40 32 35 37 36 29 25 18 13 0 2 9 
22 27 24 16 18 15 19 29 36 37 45 44 48 46 41 40 32 28 25 29 36 37 35 37 36 29 19 15 9 
22 21 17 16 18 25 28 32 35 37 45 37 35 37 36 29 19 15 9 
22 27 24 23 26 28 25 29 36 37 45 37 35 32 28 25 18 13 3 5 0 2 9 
22 21 17 16 18 25 28 32 35 37 45 37 36 29 19 15 18 25 28 32 35 37 36 29 19 15 9 
22 27 24 16 18 25 28 32 35 37 45 37 36 29 19 15 18 25 28 32 35 32 28 25 18 13 3 5 0 2 9 
22 27 24 23 26 28 32 35 37 45 44 48 46 41 40 32 35 32 28 25 18 15 9 
22 21 17 16 18 25 28 32 35 37 45 44 48 46 54 62 61 41 40 32 35 32 28 25 18 13 0 2 9 
22 27 24 23 26 28 25 29 36 37 45 37 36 29 19 15 18 25 28 32 35 32 40 39 33 30 24 16 18 15 9 
22 21 17 16 18 15 19 29 36 37 45 44 48 46 41 61 59 56 40 32 35 32 28 26 23 24 16 18 15 9 
22 21 17 16 18 25 29 36 37 45 44 48 46 41 40 32 35 32 28 25 18 16 11 13 0 2 9 
---------------
Request id 3
20 17 16 18 25 28 32 35 37 45 44 48 46 41 61 59 56 58 63 58 56 40 39 33 30 24 27 22 21 
20 24 16 18 25 29 36 37 45 44 48 46 54 65 68 67 66 63 58 56 40 39 33 30 24 20 17 21 
20 24 16 18 25 28 32 35 37 45 44 48 46 41 61 62 66 63 58 56 40 39 33 30 24 20 17 21 
20 24 16 18 25 28 32 35 37 45 44 48 46 54 62 66 63 58 56 40 39 38 34 31 27 22 21 
20 17 16 18 25 29 36 37 45 37 35 32 40 56 58 63 58 56 40 32 28 26 23 24 20 17 21 
20 17 16 18 15 19 29 36 37 45 44 48 46 41 40 56 58 63 58 56 40 39 33 30 24 16 17 21 
20 24 16 18 15 19 29 36 37 45 44 48 46 41 40 56 58 63 58 56 51 42 38 34 31 27 22 21 
20 24 16 11 13 18 25 29 36 37 45 44 48 46 41 61 59 56 58 63 58 56 40 32 28 26 23 24 20 17 21 
20 24 23 26 28 25 29 36 37 45 44 48 57 60 64 65 54 62 66 63 58 56 40 32 28 26 23 24 27 22 21 
20 17 16 18 15 19 29 36 37 45 44 48 46 41 61 62 66 63 58 56 40 39 38 34 31 27 22 21 
20 24 30 33 39 40 32 35 37 45 44 48 46 41 40 56 58 63 58 56 40 39 38 34 31 27 22 21 
20 17 16 18 15 19 29 36 37 45 37 35 32 40 56 58 63 58 56 40 32 28 26 23 24 27 22 21 
20 17 16 18 25 29 36 37 45 44 48 46 54 65 68 67 66 63 58 56 40 39 33 30 24 27 22 21 
20 24 23 26 28 25 29 36 37 45 37 35 32 40 41 46 54 62 66 63 58 56 40 32 28 26 23 24 16 17 21 
20 24 16 11 13 18 25 29 36 37 45 44 48 46 54 65 68 67 66 63 58 56 40 32 28 26 23 24 27 22 21 
20 17 16 18 25 29 36 37 45 44 48 46 54 62 66 63 58 55 49 42 38 34 31 27 22 21 
20 24 23 26 28 32 35 37 45 44 48 46 54 62 66 63 58 56 40 32 28 25 18 16 17 21 
20 24 23 26 28 25 29 36 37 45 44 48 46 54 65 68 67 66 63 58 56 40 39 33 30 24 27 22 21 
20 17 16 18 15 19 29 36 37 45 44 48 57 60 64 65 54 62 66 63 58 56 40 39 38 34 31 27 22 21 
20 24 16 18 25 29 36 37 45 37 35 32 40 41 46 54 62 66 63 58 56 40 32 28 26 23 24 20 17 21 
20 24 23 26 28 25 29 36 37 45 37 35 32 40 41 61 62 66 63 58 56 40 39 38 34 31 27 22 21 
20 17 16 18 25 28 32 35 37 45 44 48 57 60 64 65 54 62 66 63 58 56 40 32 28 25 18 16 17 21 
20 24 16 18 25 29 36 37 45 44 48 46 54 65 68 67 66 63 58 56 40 39 33 30 24 16 17 21 
20 24 16 11 13 18 25 29 36 37 45 44 48 46 41 40 56 58 63 58 55 49 42 38 34 31 27 22 21 
20 24 30 33 39 40 32 35 37 45 44 48 46 41 61 59 56 58 63 58 56 40 32 28 26 23 24 16 17 21 
20 17 16 18 25 29 36 37 45 44 48 46 54 62 66 63 58 56 40 32 28 26 23 24 20 17 21 
20 17 16 18 25 29 36 37 45 44 48 46 41 61 62 66 63 58 56 40 39 38 34 31 27 22 21 
20 24 23 26 28 25 29 36 37 45 44 48 46 54 65 68 67 66 63 58 56 40 39 33 30 24 20 17 21 
20 24 23 26 28 32 35 37 45 44 48 46 41 61 59 56 58 63 58 56 40 32 28 26 23 24 20 17 21 
20 24 16 18 25 29 36 37 45 37 35 32 40 41 61 62 66 63 58 56 40 32 28 26 23 24 20 17 21 
20 24 16 18 15 19 29 36 37 45 37 35 32 40 56 58 63 58 56 51 42 38 34 31 27 22 21 
20 24 30 33 39 40 32 35 37 45 44 48 46 41 61 59 56 58 63 58 56 40 32 28 25 18 16 17 21 
20 24 23 26 28 25 29 36 37 45 44 48 57 60 64 65 54 62 66 63 58 56 40 32 28 25 18 16 17 21 
20 17 16 18 15 19 29 36 37 45 37 35 32 40 56 59 61 62 66 63 58 56 40 39 33 30 24 27 22 21 
20 24 16 11 13 18 25 29 36 37 45 44 48 46 41 40 56 58 63 58 56 40 39 38 34 31 27 22 21 
20 24 16 11 13 18 25 29 36 37 45 44 48 57 60 64 65 54 62 66 63 58 56 40 32 28 26 23 24 16 17 21 
20 17 16 18 15 19 29 36 37 45 44 48 46 41 61 59 56 58 63 58 56 40 32 28 26 23 24 16 17 21 
20 24 16 11 13 18 25 29 36 37 45 37 35 32 40 56 59 61 62 66 63 58 56 40 39 38 34 31 27 22 21 
20 24 16 18 25 29 36 37 45 44 48 46 41 40 56 58 63 58 56 40 39 38 34 31 27 22 21 
20 24 16 11 13 18 25 29 36 37 45 44 48 46 41 61 59 56 58 63 58 56 40 32 28 26 23 24 16 17 21 
---------------
Request id 15
9 2 0 5 3 13 18 25 28 32 35 32 28 25 18 15 19 29 36 29 25 18 13 3 6 8 7 
9 15 18 25 28 32 35 37 45 44 48 46 41 40 32 28 25 29 36 29 19 15 18 13 3 1 4 7 
9 2 0 13 18 25 28 32 35 37 36 29 19 15 18 13 3 1 4 7 
9 15 19 29 36 37 35 32 28 26 23 24 16 18 15 19 29 36 29 19 15 18 16 11 6 8 7 
9 2 0 13 18 25 28 32 35 32 28 26 23 24 16 11 13 18 25 29 36 29 19 15 18 13 11 6 8 7 
9 15 18 25 29 36 37 35 32 28 26 23 24 16 18 25 29 36 29 25 18 13 3 1 4 7 
9 15 19 29 36 37 35 32 28 26 23 24 16 18 25 29 36 29 25 18 13 11 6 8 7 
9 15 18 16 24 23 26 28 32 35 37 36 29 25 18 13 11 6 8 7 
9 2 0 13 18 25 28 32 35 32 40 41 46 48 44 45 37 36 29 25 18 13 3 1 4 7 
9 2 0 13 11 16 18 25 28 32 35 32 28 25 29 36 29 19 15 18 16 11 6 8 7 
9 2 0 13 18 15 19 29 36 37 35 32 28 25 18 15 19 29 36 29 25 18 13 3 1 4 7 
9 2 0 13 18 25 29 36 37 35 32 40 41 46 48 44 45 37 36 29 19 15 18 13 3 1 4 7 
9 2 0 13 18 25 29 36 37 35 37 45 44 48 46 41 40 32 28 25 29 36 29 25 18 13 11 6 8 7 
9 2 0 5 3 13 18 25 28 32 35 32 28 25 29 36 29 25 18 13 3 1 4 7 
9 2 0 13 11 16 18 25 28 32 35 32 28 25 18 15 19 29 36 29 25 18 13 11 12 10 8 7 
9 2 0 5 3 13 18 25 28 32 35 37 36 29 19 15 18 13 3 1 4 7 
9 2 0 13 18 25 28 32 35 32 28 26 23 24 20 17 16 18 25 29 36 29 25 18 13 11 12 10 8 7 
9 15 19 29 36 37 35 32 28 26 23 24 16 18 15 19 29 36 29 25 18 13 3 6 8 7 
9 15 19 29 36 37 35 37 45 44 48 46 41 40 32 28 25 29 36 29 19 15 18 13 3 6 8 7 
9 15 18 25 28 32 35 37 36 29 25 18 16 11 12 10 8 7 
9 15 18 25 29 36 37 35 32 28 26 23 24 16 11 13 18 25 29 36 29 19 15 18 13 3 1 4 7 
9 15 18 25 28 32 35 32 28 25 18 15 19 29 36 29 19 15 18 16 11 6 8 7 
9 15 19 29 25 28 32 35 32 40 39 33 30 24 16 18 25 29 36 29 25 18 13 3 1 4 7 
9 2 0 13 11 16 18 25 28 32 35 37 45 44 48 46 41 40 32 28 25 29 36 29 25 18 13 3 6 8 7 
9 2 0 13 18 15 19 29 36 37 35 32 28 26 23 24 20 17 16 18 25 29 36 29 25 18 13 3 1 4 7 
9 15 18 25 28 32 35 32 40 41 46 48 44 45 37 36 29 25 18 16 11 6 8 7 
9 15 19 29 36 37 35 37 45 44 48 46 41 40 32 28 25 29 36 29 25 18 13 11 12 10 8 7 
9 15 18 25 28 32 35 37 45 44 48 46 41 40 32 28 25 29 36 29 25 18 13 11 12 10 8 7 
9 2 0 5 3 13 18 25 28 32 35 32 40 39 33 30 24 16 18 25 29 36 29 25 18 13 11 12 10 8 7 
9 15 19 29 25 28 32 35 32 28 26 23 24 16 18 15 19 29 36 29 19 15 18 13 11 6 8 7 
9 15 18 25 29 36 37 35 32 28 26 23 24 20 17 16 18 25 29 36 29 19 15 18 13 3 1 4 7 
9 15 18 16 24 23 26 28 32 35 32 40 39 33 30 24 16 18 25 29 36 29 19 15 18 13 3 6 8 7 
9 2 0 5 3 13 18 25 28 32 35 37 36 29 25 18 16 11 12 10 8 7 
9 15 19 29 25 28 32 35 37 45 44 48 46 41 40 32 28 25 29 36 29 25 18 13 11 6 8 7 
9 15 18 16 24 23 26 28 32 35 32 28 26 23 24 16 18 15 19 29 36 29 19 15 18 13 11 6 8 7 
9 2 0 13 11 16 18 25 28 32 35 32 40 41 46 48 44 45 37 36 29 19 15 18 16 11 6 8 7 
9 15 18 16 24 23 26 28 32 35 32 28 26 23 24 16 11 13 18 25 29 36 29 19 15 18 13 3 1 4 7 
9 2 0 13 18 15 19 29 36 37 35 37 36 29 25 18 16 11 6 8 7 
9 2 0 13 11 16 18 25 28 32 35 32 40 39 33 30 24 16 18 25 29 36 29 25 18 13 3 1 4 7 
9 15 18 25 29 36 37 35 37 36 29 19 15 18 16 11 6 8 7 
---------------
Request id 17
41 61 59 56 58 63 58 56 51 42 38 39 33 30 24 16 17 
41 40 56 51 42 49 55 58 63 58 56 40 32 28 26 23 24 20 17 
41 61 59 56 58 63 58 55 49 42 38 34 31 27 22 21 17 
41 46 54 65 68 69 67 66 63 58 56 40 39 33 30 24 20 17 
41 46 54 65 68 67 66 63 58 55 49 42 38 39 33 30 24 20 17 
41 40 56 51 42 49 55 58 63 58 56 40 32 28 26 23 24 16 17 
41 46 54 65 68 67 66 63 58 56 40 39 33 30 24 16 17 
41 40 39 38 42 49 55 58 63 58 55 49 42 38 34 31 27 22 21 17 
41 40 56 58 63 58 56 40 32 28 26 23 24 20 17 
41 46 54 62 66 63 58 56 40 39 38 34 31 27 22 21 17 
41 46 54 62 61 59 56 58 63 58 56 40 39 38 34 31 27 22 21 17 
41 46 54 62 66 63 58 55 49 42 38 39 33 30 24 20 17 
41 46 54 62 61 59 56 58 63 58 56 40 32 28 26 23 24 20 17 
41 46 54 62 61 59 56 58 63 58 56 40 32 28 25 18 16 17 
41 40 56 58 63 58 56 40 39 38 34 31 27 22 21 17 
41 46 54 65 68 69 67 66 63 58 56 51 42 38 39 33 30 24 16 17 
41 46 54 65 68 67 66 63 58 56 40 32 28 26 23 24 16 17 
41 40 56 59 61 62 66 63 58 56 40 39 38 34 31 27 22 21 17 
41 46 54 62 61 59 56 58 63 58 55 49 42 38 34 31 27 22 21 17 
41 40 56 58 63 58 56 51 42 38 39 33 30 24 20 17 
41 40 56 58 63 58 56 40 32 28 26 23 24 16 17 
41 40 56 51 42 49 55 58 63 58 56 51 42 38 39 33 30 24 16 17 
41 61 59 56 58 63 58 56 40 39 38 34 31 27 22 21 17 
41 46 54 62 61 59 56 58 63 58 56 40 32 28 26 23 24 16 17 
41 46 54 62 66 63 58 56 40 32 28 25 18 16 17 
41 40 56 51 42 49 55 58 63 58 55 49 42 38 34 31 27 22 21 17 
41 40 39 38 42 49 55 58 63 58 56 40 32 28 26 23 24 16 17 
41 40 39 38 42 49 55 58 63 58 56 40 39 33 30 24 16 17 
41 61 62 66 63 58 55 49 42 38 34 31 27 22 21 17 
41 46 54 65 68 67 66 63 58 56 51 42 38 39 33 30 24 16 17 
41 46 54 62 66 63 58 56 40 32 28 26 23 24 16 17 
41 46 54 65 68 67 66 63 58 55 49 42 38 34 31 27 22 21 17 
41 40 39 38 42 49 55 58 63 58 56 40 39 33 30 24 20 17 
41 46 54 62 66 63 58 56 40 32 28 26 23 24 20 17 
41 40 39 38 42 49 55 58 63 58 56 51 42 38 39 33 30 24 20 17 
41 40 56 58 63 58 56 40 39 33 30 24 20 17 
41 46 54 65 68 69 67 66 63 58 56 40 32 28 26 23 24 20 17 
41 61 62 66 63 58 56 40 32 28 25 18 16 17 
41 46 54 65 68 69 67 66 63 58 56 40 32 28 25 18 16 17 
41 46 54 62 66 63 58 56 51 42 38 39 33 30 24 16 17 
---------------
Request id 25
41 40 32 35 32 40 39 
41 61 62 54 46 48 44 45 37 35 37 45 44 48 46 41 40 39 
41 61 62 66 63 58 56 40 32 35 32 40 41 61 59 56 51 42 38 39 
41 40 32 35 32 40 56 58 55 49 42 38 39 
41 61 59 56 51 42 38 39 40 32 35 32 28 26 23 24 30 33 39 
41 61 62 54 46 48 44 45 37 35 32 28 26 23 24 27 31 34 38 39 
41 40 39 33 30 24 23 26 28 32 35 37 45 44 48 46 41 40 39 
41 46 54 62 66 63 58 56 40 32 35 32 28 26 23 24 27 31 34 38 39 
41 46 48 44 45 37 35 37 45 44 48 46 41 40 39 
41 61 59 56 51 42 38 39 40 32 35 32 40 39 
41 61 62 66 63 58 56 40 32 35 37 36 29 25 18 16 24 30 33 39 
41 40 32 35 32 28 26 23 24 27 31 34 38 39 
41 46 48 44 45 37 35 37 36 29 25 28 32 40 39 
41 46 54 62 61 59 56 40 32 35 32 40 56 58 55 49 42 38 39 
41 61 62 66 63 58 56 40 32 35 32 28 25 18 16 24 30 33 39 
41 40 39 33 30 24 23 26 28 32 35 32 28 26 23 24 30 33 39 
41 40 32 28 25 29 36 37 35 37 36 29 25 28 32 40 39 
41 46 54 62 66 63 58 56 40 32 35 32 28 25 18 16 24 30 33 39 
41 40 32 28 25 29 36 37 35 32 40 41 61 59 56 51 42 38 39 
41 40 32 35 37 45 44 48 46 41 40 39 
41 46 54 62 66 63 58 56 40 32 35 37 36 29 25 18 16 24 30 33 39 
41 61 59 56 40 32 35 32 40 56 51 42 38 39 
41 61 62 66 63 58 56 40 32 35 32 40 56 51 42 38 39 
41 40 39 33 30 24 23 26 28 32 35 32 40 56 51 42 38 39 
41 61 62 66 63 58 56 40 32 35 37 36 29 25 28 32 40 39 
41 46 48 44 45 37 35 32 28 25 18 16 24 30 33 39 
41 61 62 66 63 58 56 40 32 35 32 40 39 
41 40 32 28 25 29 36 37 35 32 40 56 51 42 38 39 
41 46 54 62 66 63 58 56 40 32 35 32 40 56 51 42 38 39 
41 61 59 56 40 32 35 37 36 29 25 18 16 24 30 33 39 
41 61 59 56 40 32 35 37 36 29 25 28 32 40 39 
41 61 59 56 51 42 38 39 40 32 35 32 28 25 18 16 24 30 33 39 
41 46 54 62 61 59 56 40 32 35 32 28 26 23 24 27 31 34 38 39 
41 61 62 54 46 48 44 45 37 35 32 40 56 58 55 49 42 38 39 
41 61 59 56 40 32 35 32 28 26 23 24 27 31 34 38 39 
41 61 62 54 46 48 44 45 37 35 32 40 41 61 59 56 51 42 38 39 
41 46 54 62 66 63 58 56 40 32 35 32 40 39 
41 40 32 28 25 29 36 37 35 32 28 26 23 24 27 31 34 38 39 
41 61 59 56 51 42 38 39 40 32 35 32 40 56 58 55 49 42 38 39 
41 46 54 62 66 63 58 56 40 32 35 37 45 44 48 46 41 40 39 
---------------
Request id 4
64 60 57 48 46 41 40 32 35 37 45 37 35 32 40 56 59 61 41 46 48 
64 65 68 67 66 62 61 41 46 48 44 45 37 36 29 25 28 32 40 41 46 48 
64 65 54 62 61 41 46 48 44 45 37 35 32 40 56 58 63 66 62 61 41 46 48 
64 60 57 48 44 45 37 35 32 40 41 61 62 54 46 48 
64 65 54 46 48 44 45 37 36 29 25 28 32 40 56 59 61 41 46 48 
64 65 54 62 61 41 40 32 35 37 45 37 35 32 40 56 58 63 66 62 61 41 46 48 
64 65 54 62 61 41 40 32 35 37 45 44 48 
64 65 68 69 67 66 62 54 46 48 44 45 37 36 29 25 28 32 40 41 46 48 
64 65 54 46 48 44 45 37 35 32 40 41 46 48 
64 60 57 48 46 41 40 32 35 37 45 44 48 
64 60 57 48 46 41 40 32 35 37 45 37 36 29 25 28 32 40 56 59 61 41 46 48 
64 65 54 46 41 40 32 35 37 45 37 36 29 25 28 32 40 41 46 48 
64 65 54 62 61 41 40 32 35 37 45 37 35 32 40 56 58 63 66 62 54 46 48 
64 65 68 67 66 62 54 46 48 44 45 37 35 32 40 41 46 54 65 64 60 57 48 
64 65 54 46 48 44 45 37 35 32 40 41 61 62 54 46 48 
64 65 54 46 41 40 32 35 37 45 37 35 32 40 56 58 63 66 62 61 41 46 48 
64 60 57 48 46 41 40 32 35 37 45 37 36 29 25 28 32 40 41 46 48 
64 65 54 62 61 41 46 48 44 45 37 35 32 40 41 61 62 54 46 48 
64 65 54 62 61 59 56 40 32 35 37 45 37 36 29 25 28 32 40 41 46 48 
64 65 54 46 48 44 45 37 35 32 40 41 46 54 65 64 60 57 48 
64 65 68 69 67 66 62 54 46 48 44 45 37 36 29 25 28 32 40 56 59 61 41 46 48 
64 65 68 67 66 62 61 41 46 48 44 45 44 48 
64 65 68 69 67 66 62 54 46 48 44 45 37 35 32 40 56 58 63 66 62 61 41 46 48 
64 65 54 62 61 41 40 32 35 37 45 37 35 32 40 56 59 61 41 46 48 
64 65 68 67 66 62 54 46 48 44 45 37 36 29 25 28 32 40 56 59 61 41 46 48 
64 60 57 48 46 41 40 32 35 37 45 37 35 32 40 41 46 48 
64 60 57 48 44 45 37 36 29 25 28 32 40 56 59 61 41 46 48 
64 65 54 62 61 41 40 32 35 37 45 37 36 29 25 28 32 40 56 59 61 41 46 48 
64 65 54 62 61 41 46 48 44 45 37 35 32 40 56 59 61 41 46 48 
64 65 68 67 66 62 54 46 48 44 45 37 35 32 40 56 58 63 66 62 54 46 48 
64 65 54 62 61 59 56 40 32 35 37 45 37 35 32 40 41 46 54 65 64 60 57 48 
64 60 57 48 44 45 37 35 32 40 56 59 61 62 54 46 48 
64 65 68 67 66 62 61 41 46 48 44 45 37 36 29 25 28 32 40 56 59 61 41 46 48 
64 65 54 62 61 41 46 48 44 45 37 35 32 40 56 59 61 62 54 46 48 
64 65 54 62 61 59 56 40 32 35 37 45 37 35 32 40 56 58 63 66 62 54 46 48 
64 65 68 67 66 62 61 41 46 48 44 45 37 35 32 40 41 46 48 
64 65 54 46 48 44 45 37 36 29 25 28 32 40 41 46 48 
64 65 68 67 66 62 54 46 48 44 45 37 35 32 40 56 59 61 41 46 48 
64 60 57 48 44 45 37 35 32 40 41 46 54 65 64 60 57 48 
64 65 54 46 48 44 45 37 35 32 40 56 58 63 66 62 54 46 48 
---------------
Request id 12
62 66 63 58 56 40 32 35 32 28 25 18 13 0 2 9 
62 54 46 41 40 32 35 37 36 29 25 18 15 9 
62 61 41 40 32 28 25 29 36 37 35 32 28 25 18 16 11 13 0 2 9 
62 66 63 58 56 40 32 35 32 28 25 29 19 15 9 
62 54 46 41 40 32 35 32 28 25 18 15 9 
62 61 41 46 48 44 45 37 35 32 28 25 18 16 11 13 0 2 9 
62 61 59 56 40 32 35 32 28 25 18 13 3 5 0 2 9 
62 54 46 41 40 32 35 32 28 25 29 19 15 9 
62 54 46 41 61 59 56 40 32 35 32 28 25 18 13 3 5 0 2 9 
62 66 67 68 65 54 46 41 40 32 35 37 36 29 25 18 13 0 2 9 
62 66 63 58 56 40 32 35 37 36 29 19 15 9 
62 66 67 68 65 54 46 41 40 32 35 32 28 25 18 16 11 13 0 2 9 
62 61 41 40 32 28 25 29 36 37 35 32 28 25 18 15 9 
62 61 41 40 32 35 32 28 25 18 13 0 2 9 
62 61 41 46 48 44 45 37 35 32 28 25 18 13 3 5 0 2 9 
62 66 67 68 65 54 46 41 40 32 35 32 28 25 29 19 15 9 
62 61 41 40 32 35 32 28 25 18 15 9 
62 54 46 48 44 45 37 35 37 36 29 19 15 9 
62 61 41 40 32 35 37 36 29 25 18 15 9 
62 66 67 68 65 54 46 41 40 32 35 32 40 39 33 30 24 16 18 15 9 
62 66 63 58 56 40 32 35 32 28 25 18 13 3 5 0 2 9 
62 61 41 40 32 28 25 29 36 37 35 37 36 29 25 18 15 9 
62 54 46 41 40 32 35 37 36 29 25 18 13 0 2 9 
62 66 63 58 56 40 32 35 32 28 25 18 15 9 
62 54 46 41 61 59 56 40 32 35 32 28 25 29 19 15 9 
62 61 41 40 32 35 32 28 25 29 19 15 9 
62 61 41 40 32 35 37 36 29 25 18 13 0 2 9 
62 66 67 68 65 54 46 41 40 32 35 32 28 26 23 24 16 18 15 9 
62 61 41 40 32 28 25 29 36 37 35 37 36 29 19 15 9 
62 61 59 56 40 32 35 32 28 25 18 16 11 13 0 2 9 
62 54 46 41 40 32 35 32 28 26 23 24 16 18 15 9 
62 61 59 56 40 32 35 37 36 29 19 15 9 
62 66 63 58 56 59 61 41 40 32 35 32 28 25 18 16 11 13 0 2 9 
62 66 63 58 56 40 32 35 32 40 39 33 30 24 16 18 15 9 
62 54 46 41 61 59 56 40 32 35 37 36 29 25 18 15 9 
62 54 46 41 61 59 56 40 32 35 32 28 25 18 13 0 2 9 
62 61 41 40 32 28 25 29 36 37 35 32 28 25 29 19 15 9 
62 61 41 46 48 44 45 37 35 32 28 26 23 24 16 18 15 9 
62 61 59 56 40 32 35 32 28 25 18 15 9 
62 66 67 68 65 54 46 41 40 32 35 32 28 25 18 13 3 5 0 2 9 
---------------
Request id 13
3 5 0 13 18 25 29 36 29 19 15 18 25 28 32 40 41 46 48 44 45 37 36 29 25 
3 5 0 2 9 15 19 29 36 37 35 32 40 41 61 62 54 46 48 44 48 46 41 40 39 33 30 24 16 18 25 
3 6 11 16 18 25 29 36 37 35 32 40 41 61 62 54 46 48 44 45 37 36 29 25 
3 13 18 25 29 36 37 45 44 45 37 35 32 28 25 
3 6 11 13 18 25 29 36 29 19 15 18 25 28 32 40 41 46 48 44 45 37 35 32 28 25 
3 13 18 25 29 36 37 35 32 40 56 59 61 41 46 48 44 45 37 36 29 19 15 18 25 
3 5 0 13 18 15 19 29 36 29 25 28 32 40 41 46 48 44 48 46 54 62 61 41 40 32 28 25 
3 6 11 16 18 15 19 29 36 29 25 28 32 40 56 59 61 41 46 48 44 48 46 54 62 61 41 40 32 28 25 
3 6 11 13 18 25 29 36 29 25 28 32 35 37 45 44 48 46 54 62 61 59 56 40 32 28 25 
3 13 11 16 18 25 29 36 29 25 28 32 40 41 46 48 44 48 46 54 62 61 59 56 40 32 28 25 
3 13 18 25 29 36 37 35 32 40 56 59 61 41 46 48 44 48 46 54 62 61 41 40 32 28 25 
3 13 18 25 29 36 37 35 32 40 56 59 61 41 46 48 44 45 37 36 29 25 
3 13 0 2 9 15 19 29 36 29 25 28 32 35 37 45 44 48 46 41 61 59 56 40 32 28 25 
3 6 11 16 18 25 29 36 37 35 32 40 56 59 61 62 54 46 48 44 48 46 41 40 32 28 25 
3 13 18 15 19 29 36 29 25 28 32 40 56 59 61 41 46 48 44 48 46 41 61 59 56 40 32 28 25 
3 13 0 2 9 15 19 29 36 37 35 32 40 56 59 61 41 46 48 44 45 37 36 29 25 
3 13 0 2 9 15 19 29 36 37 45 44 45 37 36 29 25 
3 13 18 15 19 29 36 29 25 28 32 35 37 45 44 48 46 54 62 61 41 40 32 28 25 
3 5 0 13 18 25 29 36 37 35 32 40 56 59 61 41 46 48 44 48 46 41 40 39 33 30 24 16 18 25 
3 13 0 2 9 15 19 29 36 37 45 44 45 37 35 32 28 25 
3 5 0 13 18 25 29 36 37 35 32 40 41 46 48 44 48 46 41 40 39 33 30 24 16 18 25 
3 5 0 13 18 15 19 29 36 37 35 32 40 56 59 61 62 54 46 48 44 48 46 41 61 59 56 40 32 28 25 
3 5 0 13 18 15 19 29 36 29 19 15 18 25 28 32 40 41 46 48 44 48 46 41 40 32 35 37 36 29 25 
3 5 0 13 18 25 29 36 37 35 32 40 56 59 61 62 54 46 48 44 48 46 41 61 59 56 40 32 28 25 
3 6 11 16 18 25 29 36 37 35 32 40 41 61 62 54 46 48 44 48 46 54 62 61 59 56 40 32 28 25 
3 6 11 16 18 25 29 36 37 35 32 40 41 46 48 44 45 37 35 32 28 26 23 24 16 18 25 
3 5 0 13 18 25 29 36 37 35 32 40 41 46 48 44 48 46 41 61 59 56 40 32 28 25 
3 6 11 16 18 15 19 29 36 37 35 32 40 56 59 61 41 46 48 44 48 46 54 62 61 41 40 32 28 25 
3 6 11 13 18 25 29 36 29 19 15 18 25 28 32 35 37 45 44 45 37 35 32 28 26 23 24 16 18 25 
3 6 11 13 18 25 29 36 37 35 32 40 56 59 61 41 46 48 44 48 46 41 61 59 56 40 32 28 25 
3 13 11 16 18 25 29 36 37 35 32 40 56 59 61 41 46 48 44 45 37 36 29 19 15 18 25 
3 6 11 16 18 25 29 36 29 25 28 32 40 56 59 61 41 46 48 44 48 46 41 40 39 33 30 24 16 18 25 
3 5 0 13 18 15 19 29 36 37 35 32 40 41 46 48 44 48 46 54 62 61 59 56 40 32 28 25 
3 5 0 13 18 15 19 29 36 37 45 44 48 46 41 61 59 56 40 32 28 25 
3 5 0 2 9 15 19 29 36 29 25 28 32 40 56 59 61 41 46 48 44 45 37 35 32 28 25 
3 13 18 15 19 29 36 37 35 32 40 56 59 61 62 54 46 48 44 48 46 41 40 32 28 25 
3 5 0 13 18 15 19 29 36 29 19 15 18 25 28 32 40 41 46 48 44 45 37 35 32 28 26 23 24 16 18 25 
3 13 18 25 29 36 29 25 28 32 35 37 45 44 48 46 54 62 61 41 40 32 28 25 
3 6 11 13 18 25 29 36 37 35 32 40 56 59 61 62 54 46 48 44 48 46 41 40 32 35 37 36 29 25 
3 13 18 25 29 36 37 45 44 48 46 54 62 61 41 40 32 28 25 
---------------
Request id 11
56 58 55 49 42 38 39 40 41 61 59 61 62 54 46 41 40 32 35 37 45 44 48 46 41 40 39 
56 58 63 66 62 54 46 41 61 59 56 51 42 38 39 40 32 35 37 45 44 48 46 54 62 61 59 56 40 39 
56 51 42 49 55 58 63 66 62 61 59 61 62 54 46 48 44 45 44 48 46 54 62 61 41 40 39 
56 58 63 66 62 61 59 61 41 40 32 35 37 45 37 36 29 25 28 32 40 39 
56 58 55 49 42 38 39 40 41 61 59 56 40 41 46 48 44 45 37 35 32 28 26 23 24 30 33 39 
56 59 61 62 54 46 48 44 45 37 35 32 40 39 
56 59 56 58 63 66 62 54 46 48 44 45 37 35 32 40 56 51 42 38 39 
56 51 42 49 55 58 63 66 62 61 59 56 58 63 66 62 54 46 48 44 45 37 35 32 40 56 51 42 38 39 
56 58 63 66 67 68 65 54 62 61 59 61 62 54 65 64 60 57 48 44 45 44 48 46 41 40 56 51 42 38 39 
56 40 41 61 59 56 58 63 66 62 54 46 48 44 45 37 35 32 28 26 23 24 30 33 39 
56 51 42 38 39 40 41 61 59 56 40 41 46 48 44 45 44 48 46 54 62 61 41 40 39 
56 59 61 62 54 46 48 44 45 44 48 46 41 40 39 
56 51 42 49 55 58 63 66 62 61 59 56 58 63 66 62 54 46 48 44 45 44 48 46 41 61 59 56 40 39 
56 58 55 49 42 38 39 40 41 61 59 61 41 46 48 44 45 44 48 46 41 40 39 
56 51 42 49 55 58 63 66 62 61 59 56 51 42 38 39 40 32 35 37 45 37 36 29 25 18 16 24 30 33 39 
56 58 55 49 42 38 39 40 41 61 59 61 41 46 48 44 45 37 35 32 28 26 23 24 30 33 39 
56 51 42 38 39 40 41 61 59 56 58 63 66 62 54 46 48 44 45 37 36 29 25 28 32 40 39 
56 40 41 61 59 56 40 32 28 25 29 36 37 45 37 35 32 28 26 23 24 30 33 39 
56 40 41 46 54 62 61 59 56 40 41 46 48 44 45 44 48 46 41 40 56 51 42 38 39 
56 58 55 49 42 38 39 40 41 61 59 61 41 40 32 35 37 45 44 48 46 41 61 59 56 40 39 
56 58 63 66 62 54 46 41 61 59 56 58 63 66 62 54 46 48 44 45 44 48 46 41 61 59 56 40 39 
56 59 61 62 54 65 64 60 57 48 44 45 37 36 29 25 28 32 40 39 
56 58 63 66 62 61 59 56 40 32 28 25 29 36 37 45 44 48 46 41 61 59 56 40 39 
56 58 63 66 62 54 46 41 61 59 56 40 32 35 37 45 37 35 32 40 56 51 42 38 39 
56 51 42 38 39 40 41 46 54 62 61 59 56 40 32 28 25 29 36 37 45 37 35 32 28 26 23 24 30 33 39 
56 40 41 61 59 61 41 40 32 35 37 45 37 36 29 25 18 16 24 30 33 39 
56 58 63 66 62 61 59 56 40 32 28 25 29 36 37 45 37 35 32 40 39 
56 51 42 38 39 40 41 46 54 62 61 59 56 40 32 28 25 29 36 37 45 44 48 46 41 40 56 51 42 38 39 
56 59 61 62 54 65 64 60 57 48 44 45 44 48 46 54 62 61 59 56 40 39 
56 40 41 61 59 56 51 42 38 39 40 32 35 37 45 44 48 46 41 40 39 
56 58 63 66 67 68 65 54 62 61 59 61 62 54 46 41 40 32 35 37 45 37 36 29 25 28 32 40 39 
56 58 55 49 42 38 39 40 41 61 59 61 62 54 65 64 60 57 48 44 45 37 36 29 25 18 16 24 30 33 39 
56 58 63 66 62 61 59 61 62 54 46 41 40 32 35 37 45 37 35 32 40 56 51 42 38 39 
56 40 41 46 54 62 61 59 61 62 54 65 64 60 57 48 44 45 44 48 46 41 40 56 51 42 38 39 
56 59 56 40 32 35 37 45 44 48 46 54 62 61 59 56 40 39 
56 58 63 66 62 61 59 56 40 41 46 48 44 45 44 48 46 54 62 61 59 56 40 39 
56 40 41 46 54 62 61 59 56 40 41 46 48 44 45 37 36 29 25 28 32 40 39 
56 58 63 66 62 61 59 56 40 32 28 25 29 36 37 45 44 48 46 41 40 39 
56 58 63 66 62 61 59 61 41 46 48 44 45 44 48 46 54 62 61 41 40 39 
56 40 41 46 54 62 61 59 56 40 32 28 25 29 36 37 45 37 35 32 28 26 23 24 30 33 39 
---------------
Request id 16
29 19 15 18 25 28 32 35 37 45 45 37 36 29 25 18 13 11 6 8 7 4 
29 19 15 18 25 28 32 35 37 45 45 37 36 29 19 15 18 13 3 1 4 
29 25 28 32 40 56 59 61 41 46 48 44 45 45 37 36 29 25 18 13 0 5 3 1 4 
29 25 28 32 40 41 61 62 54 46 48 44 45 45 37 35 32 28 25 18 13 3 1 4 
29 25 28 32 40 41 46 48 44 45 45 37 35 32 28 25 18 13 3 1 4 
29 25 18 16 24 30 33 39 40 32 35 37 45 45 37 36 29 25 18 13 3 6 8 7 4 
29 25 28 32 40 56 59 61 41 46 48 44 45 45 37 36 29 25 18 13 11 6 8 7 4 
29 25 28 32 40 56 59 61 41 46 48 44 45 45 37 36 29 25 18 16 11 13 3 1 4 
29 25 28 32 40 41 61 62 54 46 48 44 45 45 37 36 29 25 18 16 11 6 8 7 4 
29 19 15 18 25 28 32 40 41 46 48 44 45 45 37 36 29 25 18 13 11 6 3 1 4 
29 25 18 16 24 23 26 28 32 35 37 45 45 37 36 29 25 18 16 11 6 8 7 4 
29 36 37 45 45 37 36 29 25 18 16 11 13 3 1 4 
29 25 28 32 35 37 45 45 37 35 32 28 25 18 13 3 1 4 
29 19 15 18 25 28 32 35 37 45 45 37 36 29 25 18 13 11 6 3 1 4 
29 36 37 35 32 40 41 46 48 44 45 45 37 36 29 25 18 13 3 6 8 7 4 
29 19 15 18 25 28 32 35 37 45 45 37 36 29 25 18 16 11 13 3 1 4 
29 25 18 16 24 30 33 39 40 32 35 37 45 45 37 36 29 25 18 16 11 13 3 1 4 
29 19 15 18 25 28 32 35 37 45 45 37 36 29 25 18 13 3 1 4 
29 25 28 32 35 37 45 45 37 36 29 25 18 16 11 6 3 1 4 
29 25 18 16 24 23 26 28 32 35 37 45 45 37 36 29 25 18 13 11 6 3 1 4 
29 25 18 16 24 23 26 28 32 35 37 45 45 37 36 29 19 15 18 13 3 1 4 
29 19 15 18 25 28 32 40 41 46 48 44 45 45 37 36 29 25 18 13 0 5 3 1 4 
29 25 28 32 40 41 46 48 44 45 45 37 36 29 25 18 13 11 6 3 1 4 
29 25 28 32 40 56 59 61 41 46 48 44 45 45 37 36 29 25 18 13 3 6 8 7 4 
29 25 28 32 40 56 59 61 41 46 48 44 45 45 37 35 32 28 25 18 13 3 1 4 
29 36 37 35 32 40 41 46 48 44 45 45 37 36 29 25 18 16 11 6 8 7 4 
29 19 15 18 25 28 32 40 41 46 48 44 45 45 37 36 29 25 18 16 11 6 3 1 4 
29 25 18 16 24 23 26 28 32 35 37 45 45 37 36 29 25 18 13 3 6 8 7 4 
29 25 28 32 35 37 45 45 37 36 29 25 18 13 11 6 8 7 4 
29 36 37 35 32 40 41 46 48 44 45 45 37 36 29 25 18 13 0 5 3 1 4 
29 19 15 18 25 28 32 40 41 46 48 44 45 45 37 36 29 19 15 18 13 3 1 4 
29 36 37 35 32 40 41 46 48 44 45 45 37 36 29 25 18 16 11 6 3 1 4 
29 25 28 32 35 37 45 45 37 36 29 25 18 13 0 5 3 1 4 
29 25 18 16 24 30 33 39 40 32 35 37 45 45 37 36 29 25 18 16 11 6 8 7 4 
29 19 15 18 25 28 32 35 37 45 45 37 36 29 25 18 13 3 6 8 7 4 
29 25 28 32 40 41 46 48 44 45 45 37 36 29 25 18 13 0 5 3 1 4 
29 36 37 45 45 37 36 29 25 18 13 11 6 3 1 4 
29 25 18 16 24 30 33 39 40 32 35 37 45 45 37 36 29 25 18 16 11 6 3 1 4 
29 19 15 18 25 28 32 35 37 45 45 37 35 32 28 25 18 13 3 1 4 
29 36 37 45 45 37 36 29 25 18 13 11 6 8 7 4 
---------------
Request id 2
9 15 19 29 36 37 35 32 40 41 46 48 57 48 46 41 61 62 54 65 64 70 64 65 54 46 41 40 32 28 26 23 24 16 11 12 
9 15 19 29 25 28 32 35 37 45 44 48 57 60 64 70 64 60 57 48 44 45 37 36 29 25 18 16 11 12 
9 2 0 13 18 25 29 36 37 45 44 48 57 60 64 65 68 67 69 71 72 73 74 70 64 65 54 62 61 41 40 39 33 30 24 16 11 12 
9 15 19 29 36 37 45 44 48 57 60 64 65 68 67 69 71 72 73 74 70 64 65 54 46 41 40 39 33 30 24 16 17 14 12 
9 15 18 25 29 36 37 45 44 48 57 48 46 41 61 62 54 65 64 70 64 65 54 46 41 40 39 33 30 24 16 17 14 12 
9 15 19 29 36 37 45 44 48 57 60 64 65 68 69 71 72 73 74 70 64 65 54 46 41 40 39 33 30 24 16 17 14 12 
9 2 0 13 18 25 28 32 40 41 46 48 57 60 64 65 68 67 69 71 72 73 74 70 64 60 57 48 44 45 37 36 29 25 18 16 11 12 
9 15 18 25 29 36 37 45 44 48 57 60 64 65 68 69 71 72 73 74 70 64 60 57 48 46 41 40 39 33 30 24 16 11 12 
9 2 0 13 18 25 29 36 37 45 44 48 57 48 46 54 65 64 70 64 65 54 46 41 40 32 28 26 23 24 16 11 12 
9 15 19 29 25 28 32 40 41 46 48 57 60 64 70 64 65 54 46 41 40 39 33 30 24 20 17 14 12 
9 15 19 29 25 28 32 35 37 45 44 48 57 48 46 54 62 66 67 68 65 64 70 64 60 57 48 44 45 37 36 29 25 18 16 11 12 
9 15 19 29 36 37 35 32 40 41 46 48 57 48 46 54 62 66 67 69 68 65 64 70 64 60 57 48 44 45 37 36 29 25 18 16 11 12 
9 15 19 29 36 37 35 32 40 41 46 48 57 48 46 41 61 62 66 67 68 65 64 70 64 60 57 48 46 41 40 39 33 30 24 16 11 12 
9 2 0 13 18 25 28 32 40 41 46 48 57 60 64 65 68 67 69 71 72 73 74 70 64 65 54 62 61 41 40 39 33 30 24 16 11 12 
9 15 18 25 29 36 37 45 44 48 57 48 46 41 61 62 66 67 68 65 64 70 64 65 54 46 41 40 39 33 30 24 20 17 14 12 
9 15 18 25 28 32 35 37 45 44 48 57 48 46 41 61 62 66 67 68 65 64 70 64 65 54 46 41 40 32 28 26 23 24 16 11 12 
9 15 18 25 28 32 35 37 45 44 48 57 48 46 54 65 68 69 71 72 73 74 70 64 65 54 62 61 41 40 39 33 30 24 16 11 12 
9 15 18 25 28 32 40 41 46 48 57 48 46 54 65 64 70 64 65 54 46 41 40 39 33 30 24 16 17 14 12 
9 2 0 13 18 25 29 36 37 45 44 48 57 48 46 54 65 68 69 71 72 73 74 70 64 60 57 48 46 41 40 39 33 30 24 16 11 12 
9 15 18 16 24 30 33 39 40 41 46 48 57 60 64 70 64 60 57 48 44 45 37 36 29 25 18 16 11 12 
9 15 18 25 29 36 37 45 44 48 57 48 46 54 62 66 67 69 68 65 64 70 64 65 54 46 41 40 32 28 25 18 16 11 12 
9 15 19 29 25 28 32 40 41 46 48 57 48 46 54 65 68 69 71 72 73 74 70 64 65 54 46 41 40 32 28 26 23 24 16 11 12 
9 15 18 16 24 30 33 39 40 41 46 48 57 48 46 54 62 66 67 68 65 64 70 64 65 54 62 61 41 40 32 28 25 18 13 11 12 
9 15 18 25 28 32 35 37 45 44 48 57 60 64 65 68 67 69 71 72 73 74 70 64 65 54 62 61 41 40 32 28 25 18 13 11 12 
9 15 19 29 25 28 32 35 37 45 44 48 57 48 46 41 61 62 66 67 68 65 64 70 64 65 54 46 41 40 39 33 30 24 16 17 14 12 
9 15 18 25 29 36 37 45 44 48 57 48 46 54 65 68 69 71 72 73 74 70 64 65 54 46 41 40 32 28 26 23 24 16 11 12 
9 15 19 29 25 28 32 35 37 45 44 48 57 48 46 54 62 66 67 69 68 65 64 70 64 60 57 48 44 45 37 36 29 25 18 16 11 12 
9 15 19 29 25 28 32 40 41 46 48 57 60 64 70 64 60 57 48 44 45 37 36 29 25 18 16 11 12 
9 15 19 29 25 28 32 35 37 45 44 48 57 48 46 41 61 62 66 67 68 65 64 70 64 65 54 46 41 40 32 28 25 18 13 11 12 
9 2 0 13 18 25 28 32 40 41 46 48 57 60 64 65 68 67 69 71 72 73 74 70 64 60 57 48 46 41 40 39 33 30 24 16 11 12 
9 15 18 16 24 30 33 39 40 41 46 48 57 48 46 54 65 68 69 71 72 73 74 70 64 65 54 62 61 41 40 32 28 25 18 13 11 12 
9 15 18 25 28 32 35 37 45 44 48 57 48 46 41 61 62 54 65 64 70 64 65 54 46 41 40 32 28 25 18 13 11 12 
9 15 18 25 28 32 35 37 45 44 48 57 48 46 41 61 62 66 67 69 68 65 64 70 64 60 57 48 46 41 40 39 33 30 24 16 11 12 
9 2 0 13 18 25 29 36 37 45 44 48 57 60 64 65 68 67 69 71 72 73 74 70 64 65 54 46 41 40 39 33 30 24 16 11 12 
9 15 19 29 25 28 32 35 37 45 44 48 57 48 46 41 61 62 54 65 64 70 64 65 54 62 61 41 40 32 28 25 18 13 11 12 
9 15 18 16 24 30 33 39 40 41 46 48 57 48 46 41 61 62 66 67 68 65 64 70 64 65 54 62 61 41 40 32 28 25 18 13 11 12 
9 15 19 29 36 37 35 32 40 41 46 48 57 60 64 65 68 67 69 71 72 73 74 70 64 65 54 62 61 41 40 32 28 25 18 13 11 12 
9 15 18 16 24 30 33 39 40 41 46 48 57 48 46 41 61 62 66 67 69 68 65 64 70 64 65 54 62 61 41 40 32 28 25 18 13 11 12 
9 15 19 29 25 28 32 40 41 46 48 57 48 46 41 61 62 66 67 68 65 64 70 64 65 54 46 41 40 39 33 30 24 16 11 12 
9 2 0 13 18 25 29 36 37 45 44 48 57 48 46 54 65 64 70 64 65 54 62 61 41 40 39 33 30 24 16 11 12 
---------------
Request id 5
15 18 16 24 23 26 28 32 40 56 58 63 66 62 54 46 48 44 45 37 35 35 37 36 29 25 18 13 11 6 
15 18 25 28 32 40 56 58 63 66 62 61 41 40 32 35 35 37 36 29 25 18 13 11 6 
15 19 29 25 28 32 40 41 61 62 66 63 58 56 40 41 46 48 44 45 37 35 35 32 28 25 18 13 3 6 
15 18 25 28 32 40 41 61 62 66 63 66 62 54 46 41 40 32 35 35 37 36 29 25 18 13 3 6 
15 18 25 28 32 40 56 58 63 58 56 40 32 35 35 32 28 25 18 13 0 5 3 6 
15 19 29 25 28 32 40 56 58 63 58 56 59 61 41 40 32 35 35 37 36 29 19 15 18 13 11 6 
15 19 29 25 28 32 40 41 61 62 66 63 66 62 61 41 40 32 35 35 32 28 25 18 13 3 6 
15 18 25 28 32 40 56 59 61 62 66 63 66 62 61 59 56 40 32 35 35 32 28 25 18 13 11 6 
15 19 29 25 28 32 40 41 61 62 66 63 66 62 61 59 56 40 32 35 35 37 36 29 19 15 18 13 11 6 
15 18 25 28 32 40 56 58 63 66 62 61 41 40 32 35 35 32 28 25 18 13 11 6 
15 19 29 36 37 35 32 40 56 58 63 66 62 54 46 48 44 45 37 35 35 37 36 29 25 18 13 11 6 
15 19 29 25 28 32 40 41 61 62 66 63 58 55 49 42 38 39 40 32 35 35 37 36 29 25 18 13 11 6 
15 18 16 24 23 26 28 32 40 56 58 63 66 62 54 46 41 40 32 35 35 32 28 25 18 13 11 6 
15 18 16 24 23 26 28 32 40 56 58 63 58 56 59 61 41 40 32 35 35 32 28 25 18 13 0 5 3 6 
15 19 29 25 28 32 40 41 61 62 66 63 58 56 51 42 38 39 40 32 35 35 37 36 29 19 15 18 13 11 6 
15 18 25 28 32 40 41 61 62 66 63 58 56 40 32 35 35 32 28 25 18 13 0 5 3 6 
15 18 25 29 36 37 35 32 40 56 58 63 58 56 40 32 35 35 37 36 29 25 18 13 3 6 
15 18 25 28 32 40 41 46 54 62 66 63 66 62 61 59 56 40 32 35 35 32 28 25 18 13 11 6 
15 19 29 25 28 32 40 56 58 63 66 62 54 46 48 44 45 37 35 35 37 36 29 25 18 13 11 6 
15 19 29 25 28 32 40 41 61 62 66 63 58 56 51 42 38 39 40 32 35 35 32 28 25 18 13 3 6 
15 18 25 28 32 40 41 61 62 66 63 58 56 59 61 41 40 32 35 35 32 28 25 18 16 11 6 
15 18 16 24 23 26 28 32 40 56 58 63 58 56 40 32 35 35 32 40 39 33 30 24 16 11 6 
15 18 16 24 23 26 28 32 40 56 58 63 58 56 51 42 38 39 40 32 35 35 32 28 25 18 13 0 5 3 6 
15 18 16 24 30 33 39 40 56 58 63 58 56 40 41 46 48 44 45 37 35 35 32 28 25 18 13 3 6 
15 18 25 28 32 40 56 59 61 62 66 63 58 56 40 32 35 35 37 36 29 19 15 18 13 11 6 
15 18 25 28 32 40 56 59 61 62 66 63 66 62 54 46 48 44 45 37 35 35 32 28 25 18 16 11 6 
15 18 25 28 32 40 41 46 54 62 66 63 66 62 54 46 41 40 32 35 35 32 28 26 23 24 16 11 6 
15 18 25 28 32 40 56 59 61 62 66 63 66 62 54 46 41 40 32 35 35 37 36 29 25 18 13 11 6 
15 18 25 28 32 40 41 46 54 62 66 63 58 56 40 41 46 48 44 45 37 35 35 37 36 29 25 18 13 11 6 
15 19 29 25 28 32 40 41 61 62 66 63 58 56 51 42 38 39 40 32 35 35 32 28 25 18 16 11 6 
15 18 25 28 32 40 56 58 63 58 56 51 42 38 39 40 32 35 35 32 28 26 23 24 16 11 6 
15 18 25 28 32 40 56 58 63 58 56 51 42 38 39 40 32 35 35 32 40 39 33 30 24 16 11 6 
15 19 29 25 28 32 40 56 58 63 66 62 54 46 48 44 45 37 35 35 37 36 29 19 15 18 13 11 6 
15 19 29 25 28 32 40 56 58 63 58 56 40 41 46 48 44 45 37 35 35 32 28 25 18 13 0 5 3 6 
15 19 29 25 28 32 40 56 58 63 58 55 49 42 51 56 40 32 35 35 32 28 25 18 16 11 6 
15 18 16 24 23 26 28 32 40 56 58 63 66 62 61 41 40 32 35 35 32 28 25 18 16 11 6 
15 19 29 36 37 35 32 40 56 58 63 58 55 49 42 51 56 40 32 35 35 32 28 25 18 13 0 5 3 6 
15 18 25 28 32 40 56 58 63 58 56 40 41 46 48 44 45 37 35 35 37 36 29 25 18 13 3 6 
15 18 16 24 30 33 39 40 56 58 63 58 55 49 42 38 39 40 32 35 35 32 28 25 18 13 11 6 
15 18 25 29 36 37 35 32 40 56 58 63 66 62 61 59 56 40 32 35 35 37 36 29 19 15 18 13 11 6 
---------------
Request id 30
58 56 59 61 62 54 65 68 67 66 63 66 62 61 41 40 32 28 
58 56 59 61 62 54 65 68 67 66 63 66 62 54 46 41 40 32 28 
58 63 66 62 54 46 41 40 32 28 
58 56 40 41 46 54 65 68 67 66 63 58 56 40 32 28 
58 56 59 61 41 46 54 62 66 63 58 55 49 42 38 39 40 32 28 
58 55 49 42 38 39 40 41 61 62 66 63 58 56 51 42 38 39 40 32 28 
58 56 59 61 62 54 65 68 67 66 63 66 67 68 65 54 46 41 40 32 28 
58 56 59 61 41 46 54 62 66 63 58 55 49 42 51 56 40 32 28 
58 55 49 42 38 39 40 41 61 62 66 63 58 55 49 42 38 39 40 32 28 
58 56 59 61 41 46 54 62 66 63 66 67 68 65 54 46 41 40 32 28 
58 55 49 42 38 39 40 41 61 62 66 63 66 62 61 41 40 32 28 
58 63 66 67 68 65 54 46 41 40 32 28 
58 56 59 61 41 46 54 65 68 67 66 63 58 55 49 42 51 56 40 32 28 
58 55 49 42 51 56 59 61 62 66 63 58 55 49 42 51 56 40 32 28 
58 56 59 61 41 46 54 65 68 67 66 63 58 56 40 39 33 30 24 23 26 28 
58 56 40 41 46 54 62 66 63 66 62 54 46 41 40 32 28 
58 56 59 61 62 54 65 68 67 66 63 58 55 49 42 38 39 40 32 28 
58 56 59 61 62 66 63 58 55 49 42 51 56 40 32 28 
58 55 49 42 51 56 59 61 62 66 63 58 56 59 61 41 40 32 28 
58 56 40 41 61 62 66 63 58 56 51 42 38 39 40 32 28 
58 56 59 61 41 46 54 65 68 67 66 63 58 56 59 61 41 40 32 28 
58 55 49 42 38 39 40 41 61 62 66 63 58 55 49 42 51 56 40 32 28 
58 56 40 41 61 62 66 63 66 62 61 41 40 32 28 
58 56 40 41 46 54 62 66 63 58 56 59 61 41 40 32 28 
58 56 59 61 62 66 63 66 62 61 41 40 32 28 
58 56 59 61 41 46 54 62 66 63 58 56 59 61 41 40 32 28 
58 55 49 42 38 39 40 41 61 62 66 63 66 62 54 46 41 40 32 28 
58 56 40 41 61 62 66 63 58 55 49 42 51 56 40 32 28 
58 56 40 41 46 54 65 68 67 66 63 66 67 68 65 54 46 41 40 32 28 
58 56 59 61 62 54 65 68 67 66 63 58 56 51 42 38 39 40 32 28 
58 56 40 41 46 54 62 66 63 58 55 49 42 51 56 40 32 28 
58 56 59 61 41 46 54 65 68 67 66 63 58 56 40 32 28 
58 56 59 61 62 66 63 58 56 59 61 41 40 32 28 
58 56 59 61 41 46 54 65 68 67 66 63 66 67 68 65 54 46 41 40 32 28 
58 56 59 61 62 66 63 66 62 54 46 41 40 32 28 
58 56 59 61 41 46 54 62 66 63 58 56 40 39 33 30 24 23 26 28 
58 56 40 41 61 62 66 63 58 56 59 61 41 40 32 28 
58 55 49 42 51 56 59 61 62 66 63 66 62 54 46 41 40 32 28 
58 56 40 41 46 54 62 66 63 66 62 61 59 56 40 32 28 
58 56 40 41 61 62 66 63 58 56 40 39 33 30 24 23 26 28 
---------------
Request id 27
19 15 18 25 29 36 37 35 32 40 56 58 63 66 67 68 65 
19 29 36 37 35 32 40 56 58 63 66 67 68 65 
19 29 36 37 45 44 48 46 41 40 32 35 32 40 56 59 61 41 46 54 65 
19 29 25 28 32 35 37 45 44 48 57 60 64 65 
19 15 18 16 24 30 33 39 40 32 35 32 40 56 58 63 66 62 54 65 
19 15 18 13 11 16 24 23 26 28 32 35 37 45 44 48 46 54 65 
19 29 25 18 16 24 23 26 28 32 35 37 45 44 48 46 54 65 
19 15 18 16 24 30 33 39 40 32 35 32 40 41 46 54 65 
19 15 18 25 29 36 37 35 32 40 41 46 54 65 
19 29 36 37 35 32 40 41 46 48 57 60 64 65 
19 29 25 28 32 35 32 40 56 58 63 66 62 54 65 
19 15 18 13 11 16 24 23 26 28 32 35 32 40 56 58 63 66 67 68 65 
19 29 25 28 32 35 32 40 56 58 63 66 67 68 65 
19 15 9 2 0 13 18 25 28 32 35 32 40 41 46 48 57 60 64 65 
19 15 18 25 28 32 35 32 40 41 46 54 65 
19 15 18 16 24 23 26 28 32 35 32 40 56 59 61 41 46 54 65 
19 15 18 16 24 30 33 39 40 32 35 32 40 56 58 63 66 67 68 65 
19 15 18 25 29 36 37 35 32 40 41 61 62 66 67 68 65 
19 29 36 37 35 32 40 41 61 62 66 67 68 65 
19 15 9 2 0 13 18 25 28 32 35 32 40 56 58 63 66 62 54 65 
19 29 25 28 32 35 32 40 56 59 61 62 54 65 
19 29 36 37 45 44 48 46 41 40 32 35 32 40 56 58 63 66 67 68 65 
19 29 25 18 16 24 23 26 28 32 35 32 40 41 46 54 65 
19 29 36 37 45 44 48 46 41 40 32 35 32 40 41 61 62 54 65 
19 29 25 28 32 35 32 40 41 46 54 65 
19 15 18 16 24 30 33 39 40 32 35 32 40 41 61 62 66 67 68 65 
19 15 18 16 24 23 26 28 32 35 32 40 56 59 61 62 54 65 
19 29 25 28 32 35 32 40 56 59 61 41 46 54 65 
19 15 18 25 28 32 35 32 40 56 58 63 66 67 68 65 
19 15 18 25 29 36 37 35 37 45 44 48 46 54 65 
19 29 25 28 32 35 32 40 41 46 48 57 60 64 65 
19 29 25 28 32 35 32 40 41 61 62 54 65 
19 15 18 13 11 16 24 23 26 28 32 35 32 40 41 46 48 57 60 64 65 
19 15 18 16 24 23 26 28 32 35 32 40 41 61 62 66 67 68 65 
19 29 36 37 35 32 40 41 46 54 65 
19 15 18 25 29 36 37 35 32 40 41 61 62 54 65 
19 15 18 16 24 23 26 28 32 35 32 40 41 46 48 57 60 64 65 
19 15 18 16 24 23 26 28 32 35 32 40 56 58 63 66 67 68 65 
19 15 18 25 29 36 37 35 32 40 56 58 63 66 62 54 65 
19 15 18 13 11 16 24 23 26 28 32 35 32 40 41 61 62 54 65 
---------------
Request id 20
28 32 40 56 59 61 41 46 48 44 45 37 35 32 40 41 46 54 65 64 60 57 48 44 48 46 41 40 56 58 63 58 56 40 41 46 54 65 68 69 67 
28 32 40 56 59 61 62 54 46 48 44 45 44 48 46 41 61 59 56 58 63 58 56 59 61 62 66 67 
28 25 29 36 37 45 37 35 32 40 41 46 54 65 64 60 57 48 44 48 57 60 64 65 68 67 66 63 58 56 40 41 46 54 65 68 67 
28 26 23 24 30 33 39 40 32 35 37 45 37 35 32 40 56 59 61 62 54 46 48 44 48 46 41 40 56 58 63 66 62 61 41 46 54 65 68 67 
28 32 40 56 59 61 62 54 46 48 44 45 37 35 32 40 41 61 62 54 46 48 44 48 46 54 62 61 59 56 58 63 58 56 59 61 62 66 67 
28 26 23 24 16 18 15 19 29 36 37 45 37 35 32 40 41 61 62 54 46 48 44 48 46 41 40 56 58 63 58 56 40 41 46 54 62 66 67 
28 25 18 15 19 29 36 37 45 37 35 32 40 56 59 61 62 54 46 48 44 45 37 35 32 40 56 58 63 66 62 54 65 68 67 
28 32 40 41 46 48 44 45 44 48 46 54 62 61 59 56 58 63 58 56 40 41 46 54 65 68 69 67 
28 32 40 41 61 62 54 46 48 44 45 37 35 32 40 41 46 48 44 48 46 54 62 61 59 56 58 63 58 56 40 41 46 54 65 68 69 67 
28 32 35 37 45 37 35 32 40 41 46 54 65 64 60 57 48 44 48 57 60 64 65 54 62 66 63 66 67 
28 25 18 15 19 29 36 37 45 37 36 29 25 28 32 40 56 59 61 41 46 48 44 48 46 54 62 61 59 56 58 63 58 56 59 61 62 54 65 68 67 
28 25 29 36 37 45 37 35 32 40 56 59 61 62 54 46 48 44 48 46 54 62 61 59 56 58 63 58 56 40 41 46 54 65 68 67 
28 25 18 15 19 29 36 37 45 37 35 32 40 56 59 61 41 46 48 44 45 37 35 32 40 56 58 63 66 62 54 65 68 69 67 
28 25 18 15 19 29 36 37 45 37 35 32 40 41 61 62 54 46 48 44 45 37 35 32 40 56 58 63 66 62 61 41 46 54 65 68 67 
28 32 40 56 59 61 41 46 48 44 45 37 35 32 40 56 58 63 66 62 54 46 48 44 48 46 41 40 56 58 63 58 56 40 41 46 54 65 68 69 67 
28 25 29 36 37 45 37 35 32 40 56 59 61 62 54 46 48 44 48 46 41 61 62 66 63 58 56 40 41 46 54 65 68 67 
28 32 40 56 59 61 62 54 46 48 44 45 37 36 29 25 28 32 40 41 46 48 44 48 46 41 61 59 56 58 63 58 56 59 61 62 66 67 
28 32 40 56 59 61 41 46 48 44 45 37 35 32 40 41 61 62 54 46 48 44 48 46 41 61 62 66 63 58 56 40 41 46 54 62 66 67 
28 25 29 36 37 45 37 35 32 40 56 58 63 66 62 61 41 46 48 44 45 37 35 32 40 56 58 63 66 67 
28 32 40 56 59 61 62 54 46 48 44 45 37 35 32 40 56 58 63 66 62 54 46 48 44 48 46 41 61 62 66 63 58 56 59 61 62 66 67 
28 26 23 24 16 18 15 19 29 36 37 45 37 35 32 40 56 58 63 66 62 54 46 48 44 48 46 41 40 56 58 63 58 56 40 41 46 54 62 66 67 
28 32 40 41 61 62 54 46 48 44 45 37 35 32 40 56 59 61 62 54 46 48 44 48 46 41 61 62 66 63 66 62 54 65 68 69 67 
28 32 40 41 46 48 44 45 37 35 32 40 56 58 63 66 62 54 46 48 44 48 46 54 62 66 63 58 56 59 61 62 54 65 68 67 
28 32 40 56 59 61 41 46 48 44 45 37 35 32 40 56 59 61 41 46 48 44 45 37 35 32 40 56 58 63 58 56 40 41 46 54 65 68 69 67 
28 26 23 24 16 18 15 19 29 36 37 45 37 35 32 40 56 59 61 62 54 46 48 44 48 46 54 65 68 69 67 66 63 66 62 54 65 68 69 67 
28 32 40 56 59 61 62 54 46 48 44 45 44 48 46 54 65 68 69 67 66 63 66 62 54 65 68 69 67 
28 32 40 56 59 61 62 54 46 48 44 45 37 36 29 25 28 32 40 41 46 48 44 48 46 54 62 66 63 58 56 59 61 62 54 65 68 67 
28 32 35 37 45 37 35 32 40 41 46 54 65 64 60 57 48 44 48 46 41 40 56 58 63 58 56 59 61 62 54 65 68 67 
28 32 40 41 61 62 54 46 48 44 45 37 35 32 40 56 58 63 66 62 54 46 48 44 48 46 54 62 66 63 66 62 54 65 68 69 67 
28 26 23 24 16 18 15 19 29 36 37 45 37 36 29 25 28 32 40 41 46 48 44 48 46 54 62 66 63 66 62 54 65 68 67 
28 25 29 36 37 45 44 48 57 60 64 65 54 62 66 63 66 62 54 65 68 67 
28 32 40 41 61 62 54 46 48 44 45 37 35 32 40 56 58 63 66 62 61 41 46 48 44 48 46 54 65 68 67 66 63 66 62 61 41 46 54 65 68 67 
28 32 40 41 46 48 44 45 37 35 32 40 41 61 62 54 46 48 44 48 46 54 65 68 67 66 63 58 56 40 41 61 62 66 67 
28 25 18 15 19 29 36 37 45 37 35 32 40 56 59 61 41 46 48 44 45 37 35 32 40 56 58 63 58 56 59 61 62 66 67 
28 32 40 56 59 61 41 46 48 44 45 37 35 32 40 56 59 61 41 46 48 44 48 57 60 64 65 54 62 66 63 58 56 40 41 46 54 62 66 67 
28 25 29 36 37 45 37 35 32 40 56 59 61 62 54 46 48 44 48 46 41 61 59 56 58 63 58 56 40 41 46 54 65 68 67 
28 32 35 37 45 37 35 32 40 41 46 48 44 48 57 60 64 65 54 62 66 63 58 56 59 61 62 66 67 
28 32 40 56 59 61 41 46 48 44 45 37 35 32 40 41 46 48 44 48 46 54 65 68 67 66 63 58 56 40 41 46 54 62 66 67 
28 32 40 41 46 48 44 45 37 35 32 40 56 58 63 66 62 61 41 46 48 44 48 57 60 64 65 68 67 66 63 66 67 
28 32 40 56 59 61 62 54 46 48 44 45 37 35 32 40 41 46 48 44 48 46 41 40 56 58 63 58 56 59 61 62 54 65 68 67 
---------------
Request id 14
13 18 16 24 30 33 39 40 41 61 62 66 63 58 56 40 41 61 59 61 41 40 32 28 25 18 16 11 12 10 
13 11 16 24 30 33 30 24 23 26 28 32 40 56 58 63 58 55 49 42 51 56 59 56 40 32 28 25 18 13 3 6 8 10 
13 3 6 11 16 24 30 33 39 38 42 49 55 58 63 58 56 40 41 46 54 62 61 59 61 41 40 32 28 25 18 13 11 12 10 
13 18 25 28 26 23 24 30 33 39 40 56 51 42 49 55 58 63 58 55 49 42 51 56 59 56 40 39 33 30 24 16 11 6 8 10 
13 18 25 28 26 23 24 30 33 39 40 41 61 62 66 63 66 62 54 46 41 61 59 56 40 32 28 25 18 13 11 6 8 10 
13 11 16 24 30 33 30 24 23 26 28 32 40 56 58 63 58 55 49 42 51 56 59 56 40 39 33 30 24 16 11 6 8 10 
13 18 16 24 30 33 39 38 42 51 56 59 61 62 66 63 66 62 61 41 40 56 59 61 41 40 39 33 30 24 16 11 12 10 
13 11 12 14 17 20 24 30 33 30 24 23 26 28 32 40 56 58 63 58 55 49 42 51 56 59 61 41 40 39 33 30 24 16 11 12 10 
13 11 12 14 17 16 24 30 33 39 40 56 58 63 58 56 40 41 61 59 56 40 32 28 25 18 13 3 6 8 10 
13 18 16 24 30 33 39 40 41 61 62 66 63 58 55 49 42 51 56 59 56 40 32 28 25 18 13 11 12 10 
13 11 16 17 20 24 30 33 39 40 41 61 59 56 58 63 66 67 69 68 65 54 62 61 59 56 40 32 28 26 23 24 16 11 12 10 
13 18 25 28 26 23 24 30 33 39 40 41 61 59 56 58 63 58 55 49 42 51 56 59 61 41 40 39 33 30 24 16 11 12 10 
13 18 16 24 30 33 39 40 41 61 62 66 63 58 56 40 41 61 59 56 40 32 28 25 18 13 3 6 8 10 
13 3 6 11 16 17 20 24 30 33 39 40 56 58 63 66 62 54 46 41 61 59 56 40 39 33 30 24 16 11 12 10 
13 18 16 17 20 24 30 33 39 38 42 51 56 58 63 66 62 61 41 40 56 59 56 40 39 33 30 24 16 11 12 10 
13 11 16 17 20 24 30 33 30 24 23 26 28 32 40 56 58 63 66 62 61 41 40 56 59 61 41 40 32 28 25 18 13 11 12 10 
13 11 12 14 17 16 24 30 33 39 40 41 61 62 66 63 58 56 40 41 61 59 56 40 32 28 26 23 24 16 11 12 10 
13 18 16 24 30 33 39 38 42 51 56 58 63 66 67 68 65 54 62 61 59 56 40 32 28 25 18 16 11 12 10 
13 11 16 17 20 24 30 33 39 38 42 51 56 59 61 62 66 63 66 67 69 68 65 54 62 61 59 56 40 32 28 25 18 13 3 6 8 10 
13 18 25 28 26 23 24 30 33 39 38 42 51 56 59 61 62 66 63 58 56 40 41 46 54 62 61 59 61 41 40 32 28 25 18 13 11 12 10 
13 11 12 14 17 16 24 30 33 39 40 41 61 59 56 58 63 66 67 68 65 54 62 61 59 61 41 40 32 28 25 18 13 11 12 10 
13 11 12 14 17 16 24 30 33 39 38 42 51 56 59 61 62 66 63 66 62 61 41 40 56 59 56 40 32 28 25 18 13 3 6 8 10 
13 11 12 14 17 20 24 30 33 39 40 56 58 63 66 62 61 41 40 56 59 61 41 40 32 28 25 18 16 11 12 10 
13 3 6 11 16 24 30 33 39 38 42 51 56 59 61 62 66 63 66 62 61 41 40 56 59 61 41 40 32 28 25 18 13 11 12 10 
13 11 16 17 20 24 30 33 39 40 41 46 54 62 66 63 66 62 54 46 41 40 56 59 56 40 32 28 25 18 13 11 6 8 10 
13 11 12 14 17 16 24 30 33 39 40 56 51 42 49 55 58 63 66 62 54 46 41 61 59 56 40 32 28 25 18 13 11 12 10 
13 3 6 11 16 24 30 33 39 40 56 59 61 62 66 63 66 62 54 46 41 61 59 56 40 32 28 25 18 13 11 6 8 10 
13 18 25 28 32 40 39 33 39 38 42 51 56 59 61 62 66 63 66 67 68 65 54 62 61 59 56 40 32 28 25 18 16 11 12 10 
13 11 16 24 30 33 39 40 41 61 62 66 63 66 67 68 65 54 62 61 59 56 40 32 28 25 18 13 11 12 10 
13 3 6 11 16 24 30 33 39 40 41 61 62 66 63 58 56 40 41 46 54 62 61 59 61 41 40 32 28 25 18 13 11 12 10 
13 3 6 11 16 17 20 24 30 33 39 40 56 58 63 66 62 61 59 56 40 32 28 25 18 13 11 12 10 
13 3 6 11 16 17 20 24 30 33 39 40 41 61 59 56 58 63 58 56 40 41 46 54 62 61 59 61 41 40 39 33 30 24 16 11 12 10 
13 11 16 24 30 33 39 38 42 51 56 59 61 62 66 63 58 56 40 41 61 59 56 40 32 28 25 18 13 3 6 8 10 
13 18 25 28 26 23 24 30 33 39 40 41 46 54 62 66 63 66 67 69 68 65 54 62 61 59 61 41 40 32 28 25 18 16 11 12 10 
13 3 6 11 16 17 20 24 30 33 39 40 56 51 42 49 55 58 63 66 62 61 41 40 56 59 61 41 40 32 28 25 18 16 11 12 10 
13 11 12 14 17 20 24 30 33 39 38 42 51 56 59 61 62 66 63 66 62 61 59 61 41 40 39 33 30 24 16 11 12 10 
13 11 12 14 17 16 24 30 33 39 40 41 46 54 62 66 63 66 67 68 65 54 62 61 59 61 41 40 32 28 25 18 16 11 12 10 
13 11 12 14 17 16 24 30 33 39 40 56 59 61 62 66 63 58 56 59 56 40 32 28 25 18 13 3 6 8 10 
13 18 16 17 20 24 30 33 30 24 23 26 28 32 40 56 58 63 58 55 49 42 51 56 59 61 41 40 39 33 30 24 16 11 12 10 
13 11 12 14 17 16 24 30 33 39 40 56 59 61 62 66 63 58 56 40 41 46 54 62 61 59 56 40 32 28 25 18 13 11 12 10 
---------------
