Request id 17
41 40 46 50 52 55 58 60 62 65 54 57 59 64 69 80 81 82 84 83 74 67 63 68 77 
41 40 46 50 52 55 58 60 62 65 54 57 59 64 69 80 81 71 74 67 63 68 66 78 75 72 73 77 
41 33 20 25 24 16 10 15 5 19 28 40 46 50 52 55 58 60 62 65 45 34 48 53 54 57 59 64 69 80 81 82 84 83 74 67 63 68 77 
41 33 20 15 5 19 28 40 46 50 52 55 58 60 62 65 54 57 59 64 69 80 81 82 84 83 74 67 63 68 77 
41 33 43 40 46 50 52 55 58 60 62 65 45 34 48 53 54 57 59 64 69 80 81 82 84 83 74 67 63 68 77 
---------------
Request id 6
88 84 82 81 80 69 64 59 57 54 65 62 60 58 55 52 50 46 49 56 75 78 66 68 63 67 74 83 84 82 81 80 69 64 59 57 54 65 62 60 58 55 52 50 46 40 37 30 21 
88 84 83 74 83 84 82 81 80 69 64 59 57 54 65 62 60 58 55 52 50 46 40 36 35 26 21 
88 84 82 81 80 69 64 59 57 54 53 48 34 45 65 62 60 58 55 52 50 46 49 56 75 78 66 68 63 67 74 83 84 82 81 80 69 64 59 57 54 65 62 60 58 55 52 50 46 40 36 35 26 21 
88 84 82 81 71 74 67 63 68 66 78 75 56 49 46 40 37 30 21 
88 84 82 81 71 74 67 63 68 66 78 75 56 49 46 40 36 35 26 21 
---------------
Request id 9
34 48 53 54 57 59 64 69 80 81 82 84 83 74 67 63 68 77 73 72 75 56 49 46 50 52 55 58 60 62 65 62 67 63 68 66 78 75 56 49 46 40 43 33 41 
34 48 53 54 57 59 64 69 80 81 82 84 83 74 67 63 68 77 73 72 75 56 49 46 50 52 55 58 60 62 65 62 67 63 68 66 78 75 56 49 46 40 43 33 43 40 41 
34 48 53 54 57 59 64 69 80 81 71 74 67 62 65 62 60 58 55 52 50 46 40 41 33 41 
34 48 53 54 57 59 64 69 80 81 82 84 83 74 67 63 68 66 78 75 56 49 46 50 52 55 58 60 62 65 62 60 58 55 52 50 46 40 41 33 41 
34 45 65 62 67 63 68 77 73 72 75 56 49 46 40 43 33 43 40 41 
---------------
Request id 13
59 57 54 65 62 60 58 55 52 50 46 49 56 75 78 66 68 63 67 74 71 81 82 84 82 81 80 69 64 59 57 54 65 62 67 74 83 85 101 102 98 94 87 85 83 74 67 62 60 
59 64 69 80 81 82 84 82 81 80 69 64 59 57 54 65 62 60 58 55 52 50 46 49 56 75 72 73 77 68 63 67 74 83 85 101 85 83 74 71 81 80 69 64 59 57 54 65 62 60 
59 57 54 65 62 67 74 71 81 82 84 82 81 71 74 83 85 101 85 83 74 71 81 80 69 64 59 57 54 53 48 34 45 65 62 60 
59 57 54 65 62 60 58 55 52 50 46 49 56 75 72 73 77 68 63 67 74 83 84 82 81 80 69 64 59 57 54 65 62 60 58 55 52 50 46 49 56 75 78 66 68 63 67 74 83 85 101 85 83 84 82 81 80 69 64 59 57 54 53 48 34 45 65 62 60 
59 64 69 80 81 82 84 82 81 80 69 64 59 57 54 65 62 60 58 55 52 50 46 49 56 75 78 66 68 63 67 74 83 85 101 85 83 74 67 62 60 
---------------
Request id 15
98 94 87 85 83 74 67 63 68 66 78 75 56 49 46 50 52 55 
98 94 87 94 98 102 101 85 83 74 67 63 68 66 78 75 56 49 46 50 52 55 
98 102 101 85 87 85 83 84 82 81 71 74 67 63 68 66 78 75 56 49 46 50 52 55 
98 102 101 85 87 85 83 74 67 63 68 66 78 75 56 49 46 50 52 55 
98 102 101 85 87 85 83 74 71 81 80 69 64 59 57 54 65 62 60 58 55 
---------------
Request id 16
38 29 35 26 21 30 37 40 46 49 56 75 78 66 68 63 67 74 83 85 101 102 98 94 87 90 
38 29 35 36 40 46 49 56 75 72 73 77 68 63 67 74 83 85 101 102 98 94 87 90 
38 29 35 36 40 46 50 52 55 58 60 62 67 74 71 81 82 84 83 85 87 90 
38 29 35 36 40 46 49 56 75 78 66 68 63 67 74 71 81 82 84 83 85 87 90 
38 29 35 26 21 30 37 40 46 50 52 55 58 60 62 67 74 83 85 87 90 
---------------
Request id 18
53 54 65 62 67 74 83 85 87 94 87 85 101 85 83 74 71 81 80 69 64 59 57 54 53 48 34 45 65 62 67 74 71 81 80 69 64 
53 54 57 59 64 69 80 81 71 74 83 85 87 94 98 102 101 102 98 94 87 85 83 84 82 81 80 69 64 59 57 54 65 62 60 58 55 52 50 46 49 56 75 78 66 68 63 67 74 83 84 82 81 80 69 64 
53 54 57 59 64 69 80 81 71 74 83 85 87 94 98 102 101 85 83 84 82 81 71 74 67 62 65 62 60 58 55 52 50 46 49 56 75 78 66 68 63 67 74 83 84 82 81 80 69 64 
53 54 57 59 64 69 80 81 82 84 83 85 101 102 98 94 87 85 101 102 98 94 87 85 83 84 82 81 80 69 64 59 57 54 65 62 60 58 55 52 50 46 49 56 75 78 66 68 63 67 74 71 81 80 69 64 
53 48 34 45 65 62 67 74 83 85 101 102 98 94 87 85 101 102 98 94 87 85 83 84 82 81 71 74 67 62 65 45 34 48 53 54 57 59 64 
---------------
Request id 19
38 29 35 36 40 37 30 21 26 35 29 23 17 9 3 0 4 6 11 14 22 31 32 13 9 3 2 1 8 7 
38 29 35 36 40 37 30 21 26 35 29 23 17 9 3 0 4 6 11 14 22 31 32 13 9 17 12 7 
38 29 35 26 21 30 37 40 36 35 29 23 17 12 7 8 1 2 3 9 13 32 31 22 14 11 6 4 0 4 6 11 14 22 31 32 13 9 3 2 1 8 7 
38 29 35 26 21 30 37 40 36 35 29 23 17 12 7 8 1 2 3 9 13 32 31 22 14 11 6 4 0 4 6 11 14 22 31 32 13 9 17 12 7 
38 29 35 36 40 37 30 21 26 35 29 23 17 12 7 8 1 2 3 9 13 32 31 22 14 11 6 4 0 3 9 17 12 7 
---------------
Request id 7
76 70 86 79 69 64 59 57 54 65 62 60 58 55 52 50 46 40 36 35 29 23 17 18 
76 79 69 64 59 57 54 65 62 60 58 55 52 50 46 40 36 35 29 23 17 18 
76 79 69 64 59 57 54 53 48 34 45 65 62 60 58 55 52 50 46 40 36 35 29 23 17 18 
76 70 86 79 69 64 59 57 54 65 62 60 58 55 52 50 46 40 37 30 21 26 35 29 23 17 18 
76 70 86 79 69 80 81 71 74 67 62 60 58 55 52 50 46 40 37 30 21 26 35 29 23 17 18 
---------------
Request id 8
42 49 46 40 37 30 21 26 35 36 40 46 50 52 55 58 60 62 65 45 34 48 53 54 53 48 34 45 65 62 60 58 55 52 50 46 49 56 75 78 66 68 63 67 74 71 
42 49 46 40 36 35 36 40 46 49 56 75 78 66 68 63 67 62 65 45 34 48 53 54 53 48 34 45 65 62 67 74 71 
42 49 56 75 78 66 68 63 67 74 71 81 80 69 64 59 57 54 65 62 60 58 55 52 50 46 40 37 30 21 26 35 36 40 46 50 52 55 58 60 62 65 45 34 48 53 54 65 62 60 58 55 52 50 46 49 56 75 78 66 68 63 67 74 83 84 82 81 71 
42 49 56 75 78 66 68 63 67 74 83 84 82 81 80 69 64 59 57 54 53 48 34 45 65 62 60 58 55 52 50 46 40 37 30 21 26 35 36 40 46 49 56 75 72 73 77 68 63 67 62 65 45 34 48 53 54 53 48 34 45 65 62 60 58 55 52 50 46 49 56 75 78 66 68 63 67 74 71 
42 49 56 75 78 66 68 63 67 62 60 58 55 52 50 46 40 36 35 36 40 46 49 56 75 72 73 77 68 63 67 62 65 54 65 62 60 58 55 52 50 46 49 56 75 72 73 77 68 63 67 74 71 
---------------
Request id 5
60 58 55 52 50 46 49 56 75 78 66 68 63 67 62 65 54 57 59 64 69 80 81 82 84 83 74 67 63 68 66 78 75 56 49 46 50 52 55 58 60 62 65 54 57 59 64 69 79 69 64 59 57 54 65 62 60 58 55 52 50 46 49 56 75 72 73 77 68 63 67 74 83 84 88 
60 62 67 74 67 62 65 54 57 59 64 69 79 69 80 81 71 74 83 84 88 
60 58 55 52 50 46 49 56 75 78 66 68 63 67 74 67 63 68 66 78 75 56 49 46 50 52 55 58 60 62 65 54 57 59 64 69 79 69 64 59 57 54 65 62 67 74 83 84 88 
60 62 65 45 34 48 53 54 57 59 64 69 80 81 82 84 83 74 83 84 82 81 80 69 79 69 64 59 57 54 65 62 60 58 55 52 50 46 49 56 75 72 73 77 68 63 67 74 83 84 88 
60 62 65 54 57 59 64 69 80 81 82 84 83 74 67 63 68 66 78 75 56 49 46 50 52 55 58 60 62 65 45 34 48 53 54 57 59 64 69 79 69 64 59 57 54 65 62 67 74 71 81 82 84 88 
---------------
Request id 1
1 8 7 12 17 23 29 35 36 40 46 50 52 55 58 60 62 65 54 57 59 64 69 80 81 82 84 83 74 67 63 68 77 73 72 75 56 49 46 50 52 55 58 60 62 65 45 34 48 53 54 57 59 64 69 80 
1 2 3 9 17 23 29 35 36 40 46 49 56 75 72 73 77 68 63 67 62 65 54 53 48 34 45 65 62 60 58 55 52 50 46 49 56 75 72 73 77 68 63 67 74 67 63 68 66 78 75 56 49 46 50 52 55 58 60 62 65 45 34 48 53 54 57 59 64 69 80 
1 8 7 12 17 23 29 35 36 40 46 50 52 55 58 60 62 65 54 53 48 34 45 65 62 60 58 55 52 50 46 49 56 75 78 66 68 63 67 74 67 62 65 45 34 48 53 54 57 59 64 69 80 
1 8 7 12 17 23 29 35 36 40 46 50 52 55 58 60 62 65 54 53 48 34 45 65 62 67 74 67 63 68 77 73 72 75 56 49 46 50 52 55 58 60 62 65 54 57 59 64 69 80 
1 8 7 12 17 23 29 35 36 40 46 50 52 55 58 60 62 65 54 53 48 34 45 65 62 60 58 55 52 50 46 49 56 75 78 66 68 63 67 74 71 81 80 
---------------
Request id 4
7 8 1 2 3 9 13 32 31 22 14 11 6 4 0 3 2 1 8 7 12 17 9 13 32 31 22 14 11 6 4 0 3 9 17 23 29 35 36 40 46 50 52 55 58 60 62 67 63 68 66 78 75 91 
7 12 17 9 3 0 4 6 11 14 22 31 32 13 9 3 2 1 8 7 12 17 23 29 35 36 40 46 49 56 75 91 
7 8 1 2 3 9 13 32 31 22 14 11 6 4 0 4 0 3 9 17 23 29 35 36 40 46 49 56 75 91 
7 8 1 2 3 9 13 32 31 22 14 11 6 4 0 3 9 13 32 31 22 14 11 6 4 0 3 9 17 23 29 35 36 40 46 50 52 55 58 60 62 67 63 68 77 73 72 75 91 
7 8 1 2 3 9 13 32 31 22 14 11 6 4 0 4 0 3 9 17 23 29 35 26 21 30 37 40 46 50 52 55 58 60 62 67 63 68 66 78 75 91 
---------------
Request id 14
50 52 55 58 60 62 65 45 34 48 53 54 57 59 64 69 80 81 71 74 67 63 68 77 73 72 75 56 49 56 75 72 73 77 68 63 67 74 71 81 82 84 83 85 87 94 100 99 
50 46 49 56 75 72 73 77 68 63 67 74 71 81 82 84 83 85 87 94 100 99 
50 52 55 58 60 62 67 63 68 66 78 75 56 49 56 75 78 66 68 63 67 74 83 85 87 94 100 99 
50 52 55 58 60 62 65 45 34 48 53 54 57 59 64 69 80 81 82 84 83 74 67 63 68 66 78 75 56 49 56 75 78 66 68 63 67 74 83 85 101 102 98 94 100 99 
50 52 55 58 60 62 65 45 34 48 53 54 57 59 64 69 80 81 71 74 67 63 68 77 73 72 75 56 49 56 75 78 66 68 63 67 74 83 85 87 94 100 99 
---------------
Request id 12
59 64 69 80 81 82 84 83 74 67 63 68 77 73 72 75 56 49 46 50 52 55 58 60 62 65 62 60 58 55 52 50 46 49 56 75 78 66 68 63 67 74 83 84 82 81 80 69 79 69 64 59 57 54 65 62 67 74 71 81 82 84 83 85 87 94 87 85 83 74 67 63 68 66 78 75 56 49 46 40 43 33 20 15 10 
59 64 69 80 81 82 84 83 74 67 63 68 66 78 75 56 49 46 50 52 55 58 60 62 65 62 60 58 55 52 50 46 49 56 75 78 66 68 63 67 74 71 81 80 69 79 69 64 59 57 54 65 62 67 74 83 85 87 94 87 85 83 74 67 63 68 66 78 75 56 49 46 40 43 33 20 15 10 
59 64 69 80 81 71 74 67 62 65 62 67 74 71 81 80 69 79 69 64 59 57 54 65 62 67 74 71 81 82 84 83 85 101 102 98 94 87 85 83 74 67 63 68 77 73 72 75 56 49 46 40 28 19 5 15 10 
59 57 54 53 48 34 45 65 54 57 59 64 69 79 69 64 59 57 54 65 62 67 74 83 85 101 102 98 94 87 85 83 74 67 63 68 66 78 75 56 49 46 40 41 33 20 15 10 
59 57 54 65 62 60 58 55 52 50 46 49 56 75 78 66 68 63 67 74 71 81 80 69 79 69 64 59 57 54 65 62 67 74 83 85 87 94 87 85 83 74 67 63 68 66 78 75 56 49 46 40 41 33 20 15 10 
---------------
Request id 3
56 75 72 73 77 68 63 67 74 71 81 80 69 64 59 57 54 65 62 60 58 55 52 50 46 40 43 33 41 40 46 49 56 75 78 66 68 77 73 
56 75 72 73 77 68 63 67 74 71 81 80 69 64 59 57 54 53 48 34 45 65 62 60 58 55 52 50 46 40 41 33 41 40 46 50 52 55 58 60 62 67 63 68 77 73 
56 75 72 73 77 68 63 67 62 60 58 55 52 50 46 40 41 33 20 25 24 16 10 15 5 19 28 40 46 49 56 75 72 73 
56 75 78 66 68 63 67 74 71 81 80 69 64 59 57 54 65 62 60 58 55 52 50 46 40 43 33 41 40 46 49 56 75 72 73 
56 75 78 66 68 63 67 62 60 58 55 52 50 46 40 28 19 5 15 20 33 43 40 46 49 56 75 72 73 
---------------
Request id 11
76 70 86 79 69 80 81 82 84 83 85 87 94 98 102 101 85 87 85 83 74 67 62 60 58 55 52 50 46 40 43 33 20 15 5 
76 79 69 64 59 57 54 53 48 34 45 65 62 67 74 83 85 87 94 87 85 83 74 67 62 60 58 55 52 50 46 40 43 33 20 15 5 
76 79 69 80 81 71 74 83 85 87 94 98 102 101 85 87 85 83 74 67 63 68 77 73 72 75 56 49 46 40 43 33 20 15 5 
76 79 69 80 81 82 84 83 85 101 102 98 94 98 102 101 85 87 85 83 74 67 62 60 58 55 52 50 46 40 41 33 20 15 5 
76 70 86 79 69 64 59 57 54 53 48 34 45 65 62 67 74 83 85 101 102 98 94 98 102 101 85 87 85 83 74 67 62 60 58 55 52 50 46 40 43 33 20 15 5 
---------------
Request id 2
5 19 28 40 43 33 20 15 5 19 28 40 46 49 46 40 37 30 21 26 35 36 
5 15 5 19 28 40 46 50 52 55 58 60 62 67 63 68 77 73 72 75 56 49 56 75 78 66 68 63 67 62 60 58 55 52 50 46 40 36 
5 19 28 40 41 33 20 15 20 33 43 40 46 50 52 55 58 60 62 67 63 68 66 78 75 56 49 56 75 78 66 68 63 67 62 60 58 55 52 50 46 40 37 30 21 26 35 36 
5 19 28 40 41 33 20 15 20 33 43 40 46 49 56 75 72 73 77 68 63 67 62 60 58 55 52 50 46 40 37 30 21 26 35 36 
5 19 28 40 41 33 20 25 24 16 10 15 20 33 41 40 46 50 52 55 58 60 62 67 63 68 66 78 75 56 49 56 75 72 73 77 68 63 67 74 83 84 82 81 80 69 64 59 57 54 65 62 60 58 55 52 50 46 40 36 
---------------
Request id 20
14 11 6 4 0 3 9 13 32 13 9 3 0 3 9 17 23 29 35 26 21 30 37 40 46 50 52 55 58 60 62 67 74 71 81 82 84 88 
14 22 31 32 13 9 17 12 7 8 1 2 3 0 3 2 1 8 7 12 17 23 29 35 36 40 46 50 52 55 58 60 62 67 74 83 84 88 
14 11 6 4 0 3 9 13 32 31 22 14 11 6 4 0 3 9 17 23 29 35 36 40 46 50 52 55 58 60 62 67 74 71 81 82 84 88 
14 11 6 4 0 3 2 1 8 7 12 17 9 13 32 13 9 17 12 7 8 1 2 3 0 3 9 17 23 29 35 36 40 46 49 56 75 72 73 77 68 63 67 74 71 81 82 84 88 
14 11 6 4 0 3 2 1 8 7 12 17 9 13 32 31 22 14 11 6 4 0 3 9 17 23 29 35 26 21 30 37 40 46 50 52 55 58 60 62 67 74 71 81 82 84 88 
---------------
Request id 10
97 99 100 94 87 85 83 85 87 94 98 102 101 85 83 84 82 81 80 69 79 69 64 59 57 54 65 62 67 74 71 81 82 84 83 85 101 102 98 94 87 90 
97 99 100 94 98 102 101 85 83 85 101 102 98 94 87 85 83 74 71 81 80 69 79 69 64 59 57 54 65 62 67 74 71 81 82 84 83 85 101 102 98 94 87 90 
97 99 100 94 98 102 101 85 83 85 101 85 83 74 67 62 65 45 34 48 53 54 57 59 64 69 79 69 64 59 57 54 53 48 34 45 65 62 67 74 83 85 87 90 
97 99 100 94 87 85 83 85 101 102 98 94 87 85 83 74 67 62 65 45 34 48 53 54 57 59 64 69 79 69 64 59 57 54 65 62 67 74 71 81 82 84 83 85 101 102 98 94 87 90 
97 99 100 94 87 85 83 85 101 85 83 74 67 62 65 54 57 59 64 69 79 69 64 59 57 54 65 62 67 74 83 85 101 102 98 94 87 90 
---------------
