Request id 17
12 5 12 11 
12 5 9 8 11 
12 5 12 13 8 11 
12 5 4 3 10 11 
12 5 12 13 10 11 
---------------
Request id 12
0 2 5 9 8 
0 2 5 12 13 8 
0 2 5 12 11 8 
0 2 5 4 6 7 8 
0 2 5 2 0 7 8 
---------------
Request id 3
6 4 5 5 4 3 
6 4 5 5 2 1 3 
6 4 5 5 12 13 10 3 
6 4 5 5 2 0 1 3 
6 4 5 5 12 11 10 3 
---------------
Request id 11
6 4 5 5 5 4 3 
6 4 5 5 5 2 1 3 
6 4 5 5 5 12 11 10 3 
6 4 5 5 5 2 0 1 3 
6 4 5 5 5 12 13 10 3 
---------------
Request id 15
10 11 12 5 5 5 12 11 
10 11 12 5 5 5 9 8 11 
10 11 12 5 5 5 12 13 8 11 
10 11 12 5 5 5 4 3 10 11 
10 11 12 5 5 5 12 13 10 11 
---------------
Request id 20
9 5 5 2 1 
9 5 5 4 3 1 
9 5 5 2 0 1 
9 5 5 12 11 10 3 1 
9 5 5 9 8 7 0 1 
---------------
Request id 2
7 6 4 5 5 5 2 
7 6 4 5 5 5 4 3 1 2 
7 6 4 5 5 5 9 8 7 0 2 
7 6 4 5 5 5 4 3 1 0 2 
7 6 4 5 5 5 4 6 7 0 2 
---------------
Request id 13
3 4 5 5 5 12 13 
3 4 5 5 5 9 8 13 
3 4 5 5 5 12 11 10 13 
3 4 5 5 5 4 3 10 13 
3 4 5 5 5 12 11 8 13 
---------------
Request id 7
3 4 5 9 8 
3 4 5 12 11 8 
3 4 5 12 13 8 
3 4 5 4 6 7 8 
3 4 5 2 0 7 8 
---------------
Request id 6
10 11 12 5 5 5 2 1 
10 11 12 5 5 5 4 3 1 
10 11 12 5 5 5 2 0 1 
10 11 12 5 5 5 12 13 10 3 1 
10 11 12 5 5 5 9 8 7 0 1 
---------------
Request id 1
4 5 5 5 4 3 
4 5 5 5 2 1 3 
4 5 5 5 12 11 10 3 
4 5 5 5 2 0 1 3 
4 5 5 5 12 13 10 3 
---------------
Request id 10
12 5 5 5 12 11 
12 5 5 5 9 8 11 
12 5 5 5 12 13 8 11 
12 5 5 5 4 3 10 11 
12 5 5 5 12 13 10 11 
---------------
Request id 19
4 5 5 5 2 1 
4 5 5 5 4 3 1 
4 5 5 5 2 0 1 
4 5 5 5 12 13 10 3 1 
4 5 5 5 9 8 7 0 1 
---------------
Request id 9
11 12 5 5 5 2 0 
11 12 5 5 5 2 1 0 
11 12 5 5 5 4 3 1 0 
11 12 5 5 5 4 6 7 0 
11 12 5 5 5 9 8 7 0 
---------------
Request id 18
1 2 5 5 12 13 
1 2 5 5 9 8 13 
1 2 5 5 12 11 10 13 
1 2 5 5 4 3 10 13 
1 2 5 5 12 11 8 13 
---------------
Request id 14
7 8 9 5 5 4 3 
7 8 9 5 5 2 1 3 
7 8 9 5 5 12 11 10 3 
7 8 9 5 5 2 0 1 3 
7 8 9 5 5 12 13 10 3 
---------------
Request id 8
13 12 5 5 5 12 11 
13 12 5 5 5 9 8 11 
13 12 5 5 5 12 13 8 11 
13 12 5 5 5 4 3 10 11 
13 12 5 5 5 12 13 10 11 
---------------
Request id 5
3 4 5 2 0 
3 4 5 2 1 0 
3 4 5 4 6 7 0 
3 4 5 4 3 1 0 
3 4 5 9 8 7 0 
---------------
Request id 16
2 5 5 4 
2 5 5 2 1 3 4 
2 5 5 12 13 10 3 4 
2 5 5 2 0 1 3 4 
2 5 5 9 8 7 6 4 
---------------
Request id 4
8 9 5 12 
8 9 5 9 8 13 12 
8 9 5 9 8 11 12 
8 9 5 4 3 10 13 12 
8 9 5 4 3 10 11 12 
---------------
