Request id 8
4 3 1 0 7 8 8 8 7 6 4 5 12 13 
4 5 12 11 8 8 8 7 6 4 3 10 13 
4 3 10 11 12 13 8 8 8 7 0 1 3 10 13 
4 3 10 11 12 13 8 8 8 7 0 2 5 12 13 
4 5 12 11 10 13 8 8 8 9 5 12 13 
---------------
Request id 7
7 6 4 5 9 8 7 0 2 1 3 10 11 
7 8 11 12 5 12 13 10 3 1 0 2 5 12 11 
7 0 2 1 3 4 5 9 8 7 0 2 1 3 10 13 12 11 
7 0 1 3 4 5 12 13 8 7 0 1 3 10 13 8 11 
7 0 2 5 4 3 1 3 10 13 8 11 
---------------
Request id 1
2 5 12 11 10 13 8 11 10 3 4 5 9 8 7 6 4 3 10 13 
2 1 3 10 13 8 11 12 5 12 11 8 11 10 13 
2 5 4 6 7 8 11 12 5 9 8 9 5 12 11 10 13 
2 1 0 7 8 11 12 5 4 3 10 13 8 9 5 4 3 10 13 
2 5 9 8 13 10 11 12 5 4 6 7 8 13 
---------------
Request id 10
2 0 7 6 4 3 1 1 2 5 9 8 7 6 
2 5 9 8 7 0 1 1 3 4 6 
2 0 1 1 2 5 4 6 
2 0 1 1 0 2 5 4 6 
2 0 7 8 13 10 3 1 1 0 7 6 
---------------
Request id 4
3 10 13 12 11 8 9 5 4 3 1 3 10 11 12 5 12 13 10 3 4 6 
3 10 11 8 13 12 5 2 1 3 10 13 12 5 4 3 1 0 7 6 
3 10 13 8 11 12 5 2 1 3 10 13 8 9 5 12 11 8 7 6 
3 10 11 12 13 8 13 10 3 1 0 7 6 4 5 4 6 
3 10 13 12 11 8 7 0 2 1 2 0 7 6 4 5 2 0 7 6 
---------------
Request id 3
10 3 1 0 2 5 9 8 13 
10 13 8 7 6 4 5 2 1 3 10 13 
10 13 8 9 5 4 3 10 13 
10 13 8 7 6 4 5 4 3 10 13 
10 3 1 2 5 12 11 8 13 
---------------
Request id 5
3 4 6 7 0 2 1 3 4 5 4 6 7 8 7 0 1 2 5 9 
3 4 6 7 0 1 3 10 11 8 9 5 12 11 8 9 
3 4 6 7 0 1 0 2 5 12 13 8 11 10 3 4 5 9 
3 10 13 8 7 0 1 0 7 8 11 12 5 2 0 7 8 13 12 5 9 
3 4 5 2 1 0 7 6 4 5 12 11 8 11 12 5 9 
---------------
Request id 2
12 11 10 13 8 9 5 2 0 1 3 10 13 12 5 12 11 8 7 0 2 
12 5 4 3 10 13 8 11 10 3 1 0 7 8 11 12 5 4 6 7 0 2 
12 5 4 3 10 13 8 7 6 4 3 1 3 4 5 4 6 7 0 1 2 
12 5 9 8 7 0 1 3 10 11 12 5 4 3 1 0 2 
12 11 8 9 5 4 3 1 0 7 8 11 12 5 4 6 7 0 1 2 
---------------
Request id 6
10 3 1 0 7 8 13 12 5 12 13 8 11 
10 13 8 7 0 2 1 3 10 11 12 5 12 13 8 11 
10 3 1 3 4 5 12 13 8 11 
10 3 1 0 7 8 9 5 2 1 3 10 11 
10 13 8 7 0 1 3 10 11 12 5 9 8 13 12 11 
---------------
Request id 9
3 4 5 2 0 1 2 0 7 6 
3 10 13 8 7 0 1 2 5 4 6 
3 4 6 7 0 1 0 7 6 
3 1 2 5 9 8 7 6 
3 1 3 10 13 12 5 4 6 
---------------
