Request id 3
6 3 13 18 25 29 36 37 45 37 35 32 40 39 33 30 24 16 18 25 29 36 29 25 18 16 24 20 17 21 22 27 24 16 11 
6 11 16 18 15 19 29 36 37 45 37 35 32 28 26 23 24 16 18 25 29 36 37 35 32 28 25 18 16 17 16 18 15 9 2 0 13 11 
6 3 5 0 13 18 25 29 36 37 45 37 35 32 28 26 23 24 16 18 25 29 36 29 19 15 18 16 24 20 17 20 24 16 11 
6 11 13 18 25 29 36 37 45 44 48 46 41 40 32 28 25 29 36 29 25 18 16 17 16 18 15 9 2 0 13 11 
6 11 16 18 15 19 29 36 37 45 37 35 32 28 25 29 36 29 25 18 16 11 12 14 17 20 24 16 11 
6 11 13 18 25 28 32 35 37 45 44 48 46 41 40 32 28 25 29 36 29 25 28 26 23 24 20 17 20 24 16 18 13 11 
6 11 13 18 25 28 32 35 37 45 37 35 32 28 26 23 24 16 18 25 29 36 29 25 18 16 24 20 17 16 18 15 9 2 0 13 11 
6 11 13 18 25 29 36 37 45 44 48 46 54 62 61 41 40 32 35 37 36 29 25 18 16 17 21 22 27 24 16 18 13 11 
6 11 16 18 15 19 29 36 37 45 44 48 46 41 40 32 35 37 36 29 25 18 16 17 20 24 16 18 13 11 
6 11 16 18 25 29 36 37 45 44 48 46 41 40 32 35 37 36 29 25 28 26 23 24 20 17 16 18 13 3 6 11 
6 11 13 18 25 29 36 37 45 44 48 46 41 61 59 56 40 32 35 37 36 29 25 28 26 23 24 20 17 16 18 15 9 2 0 13 11 
6 3 13 18 25 28 32 35 37 45 44 48 46 54 62 61 41 40 32 35 37 36 37 35 32 28 25 18 16 17 16 18 13 11 
6 11 13 18 15 19 29 36 37 45 44 48 46 41 40 32 35 37 36 29 25 18 16 11 12 14 17 21 22 27 24 16 11 
6 3 13 18 15 19 29 36 37 45 44 48 46 54 62 61 41 40 32 35 37 36 29 25 18 16 17 21 22 27 24 16 18 13 11 
6 11 13 18 15 19 29 36 37 45 37 35 32 28 25 29 36 29 25 18 13 11 12 14 17 20 24 16 18 13 11 
6 3 13 18 25 28 32 35 37 45 37 35 32 28 25 29 36 29 25 28 26 23 24 20 17 21 22 27 24 16 11 
6 11 16 18 25 28 32 35 37 45 44 48 46 54 62 61 41 40 32 28 25 29 36 37 35 32 28 25 18 16 17 16 18 15 9 2 0 13 11 
6 11 16 18 15 19 29 36 37 45 44 48 46 41 40 32 35 37 36 29 25 18 16 11 12 14 17 14 12 10 8 6 11 
6 3 13 18 25 28 32 35 37 45 37 35 32 40 39 33 30 24 16 18 25 29 36 29 25 18 13 11 12 14 17 21 22 27 24 16 18 13 11 
6 11 13 18 25 29 36 37 45 44 48 46 54 62 61 41 40 32 35 37 36 29 19 15 18 16 17 20 24 16 18 13 11 
6 11 13 18 15 19 29 36 37 45 37 35 32 28 25 29 36 29 25 28 26 23 24 16 17 16 18 13 11 
6 3 5 0 13 18 25 29 36 37 45 44 48 46 41 61 59 56 40 32 35 37 36 29 25 18 13 11 16 17 16 11 
6 11 16 18 25 28 32 35 37 45 37 35 32 28 25 18 15 19 29 36 29 25 18 13 11 16 17 20 24 16 11 
6 3 13 18 25 29 36 37 45 37 35 32 28 25 18 15 19 29 36 29 25 18 13 11 12 14 17 16 18 13 11 
6 3 5 0 13 18 25 29 36 37 45 44 48 46 54 62 61 41 40 32 35 37 36 29 25 18 16 11 12 14 17 14 12 11 
6 11 13 18 25 29 36 37 45 37 35 32 28 26 23 24 16 18 25 29 36 29 19 15 18 16 17 16 18 15 9 2 0 13 11 
6 11 13 18 25 28 32 35 37 45 37 35 32 40 39 33 30 24 16 18 25 29 36 29 19 15 18 16 17 21 22 27 24 16 11 
6 11 16 18 15 19 29 36 37 45 44 48 46 41 61 59 56 40 32 35 37 36 29 25 18 13 11 12 14 17 16 18 15 9 2 0 13 11 
6 3 13 18 15 19 29 36 37 45 37 35 32 28 25 29 36 29 19 15 18 16 24 20 17 16 11 
6 11 16 18 25 28 32 35 37 45 44 48 46 54 62 61 41 40 32 35 37 36 29 19 15 18 16 24 20 17 21 22 27 24 16 11 
---------------
Request id 8
37 36 29 25 28 32 40 41 46 48 44 45 44 48 46 41 40 32 35 37 36 37 35 32 40 39 38 34 
37 35 32 40 41 46 54 65 64 60 57 48 44 45 37 35 32 40 39 33 30 24 16 18 25 29 36 29 25 28 32 40 39 38 34 
37 36 29 25 28 32 40 41 46 48 44 45 44 48 46 41 40 32 35 37 36 29 25 28 32 40 39 38 34 
37 36 29 25 28 32 40 41 46 48 44 45 37 35 32 28 25 18 15 19 29 36 29 25 28 26 23 24 27 31 34 
37 35 32 40 41 46 54 65 64 60 57 48 44 45 44 48 46 41 40 32 28 25 29 36 29 19 15 18 16 24 27 31 34 
37 35 32 40 56 58 63 66 62 61 41 46 48 44 45 37 35 32 28 25 29 36 29 25 18 13 11 16 24 27 31 34 
37 35 32 40 41 46 54 65 64 60 57 48 44 45 37 35 32 28 25 18 15 19 29 36 37 35 32 40 56 51 42 38 34 
37 45 37 35 32 40 39 33 30 24 16 18 25 29 36 29 25 18 16 24 27 31 34 
37 36 29 25 28 32 40 56 59 61 41 46 48 44 45 37 35 32 28 25 18 15 19 29 36 29 25 28 32 40 39 38 34 
37 35 32 40 56 58 63 66 62 61 41 46 48 44 45 44 48 46 54 62 61 41 40 32 35 37 36 37 35 32 28 26 23 24 27 31 34 
37 35 32 40 41 46 48 44 45 44 48 46 41 40 32 35 37 36 37 35 32 40 39 38 34 
37 35 32 40 41 46 54 65 64 60 57 48 44 45 44 48 46 54 62 61 41 40 32 35 37 36 29 25 18 13 11 16 24 27 31 34 
37 35 32 40 56 58 63 66 62 54 46 48 44 45 44 48 46 54 62 61 41 40 32 28 25 29 36 29 25 18 16 17 20 24 27 31 34 
37 35 32 40 56 59 61 41 46 48 44 45 44 48 46 41 40 32 28 25 29 36 37 35 32 28 26 23 24 27 31 34 
37 35 32 40 41 61 62 54 46 48 44 45 44 48 46 41 61 59 56 40 32 35 37 36 29 25 18 16 17 20 24 27 31 34 
37 35 32 40 41 46 48 44 45 44 48 46 41 40 32 35 37 36 29 25 28 26 23 24 27 31 34 
37 35 32 40 41 61 62 54 46 48 44 45 44 48 46 54 62 61 41 40 32 28 25 29 36 37 35 32 40 39 38 34 
37 36 29 25 28 32 40 41 46 48 44 45 44 48 46 54 62 61 41 40 32 28 25 29 36 29 25 28 32 40 39 38 34 
37 35 32 40 41 46 54 65 64 60 57 48 44 45 37 35 32 28 26 23 24 16 18 25 29 36 37 35 32 28 26 23 24 27 31 34 
37 35 32 40 56 58 63 66 62 61 41 46 48 44 45 44 48 46 54 62 61 41 40 32 28 25 29 36 29 25 18 16 24 30 33 39 38 34 
37 45 44 48 46 54 62 61 41 40 32 28 25 29 36 37 35 32 28 26 23 24 27 31 34 
37 35 32 40 56 59 61 41 46 48 44 45 44 48 46 54 62 61 41 40 32 28 25 29 36 29 25 28 32 40 39 38 34 
37 35 32 40 56 59 61 41 46 48 44 45 37 36 29 19 15 18 16 24 27 31 34 
37 35 32 40 56 58 63 66 62 61 41 46 48 44 45 37 35 32 40 39 33 30 24 16 18 25 29 36 29 25 18 13 11 16 24 27 31 34 
37 36 29 25 28 32 40 56 59 61 41 46 48 44 45 44 48 46 54 62 61 41 40 32 28 25 29 36 29 25 18 16 24 27 31 34 
37 35 32 40 41 46 48 44 45 37 36 29 25 28 32 40 39 38 34 
37 35 32 40 41 61 62 54 46 48 44 45 44 48 46 41 40 32 35 37 36 29 25 18 13 11 16 24 27 31 34 
37 36 29 25 28 32 40 41 46 48 44 45 37 35 32 40 39 33 30 24 16 18 25 29 36 37 35 32 28 26 23 24 27 31 34 
37 35 32 40 56 59 61 41 46 48 44 45 44 48 46 41 61 59 56 40 32 35 37 36 29 25 18 16 24 30 33 39 38 34 
37 35 32 40 56 59 61 62 54 46 48 44 45 44 48 46 41 61 59 56 40 32 35 37 36 29 25 28 26 23 24 27 31 34 
---------------
Request id 7
6 3 13 18 25 29 36 37 45 44 48 46 41 61 62 66 67 68 65 64 
6 3 5 0 13 18 25 29 36 37 45 37 35 32 40 41 46 48 57 60 64 
6 11 16 18 25 28 32 35 37 45 37 35 32 40 41 61 62 54 65 64 
6 11 16 18 25 28 32 35 37 45 44 48 46 41 61 62 66 67 68 65 64 
6 3 13 18 25 28 32 35 37 45 44 48 46 41 61 62 66 67 68 65 64 
6 11 16 18 15 19 29 36 37 45 37 35 32 40 41 61 62 54 65 64 
6 11 16 18 25 29 36 37 45 37 35 32 40 41 61 62 54 65 64 
6 3 5 0 13 18 25 29 36 37 45 37 35 32 40 41 61 62 54 65 64 
6 11 13 18 25 29 36 37 45 44 48 46 54 62 66 67 69 68 65 64 
6 11 16 18 25 29 36 37 45 44 48 46 54 62 66 67 69 68 65 64 
6 3 13 18 25 29 36 37 45 44 48 46 41 61 62 54 65 64 
6 11 13 18 25 28 32 35 37 45 37 35 32 40 56 59 61 62 54 65 64 
6 11 16 18 25 28 32 35 37 45 44 48 46 54 65 64 
6 3 13 18 25 29 36 37 45 37 35 32 40 41 61 62 54 65 64 
6 11 16 18 25 28 32 35 37 45 37 35 32 40 56 59 61 62 54 65 64 
6 11 16 18 25 29 36 37 45 37 35 32 40 56 59 61 62 54 65 64 
6 3 13 18 15 19 29 36 37 45 37 35 32 40 56 59 61 62 54 65 64 
6 11 16 18 25 29 36 37 45 44 48 46 41 61 62 54 65 64 
6 11 13 18 25 28 32 35 37 45 37 35 32 40 41 61 62 54 65 64 
6 3 5 0 13 18 25 29 36 37 45 44 48 57 60 64 
6 11 16 18 15 19 29 36 37 45 44 48 46 54 65 64 
6 11 13 18 25 28 32 35 37 45 44 48 46 54 65 64 
6 11 16 18 15 19 29 36 37 45 44 48 46 41 61 62 66 67 68 65 64 
6 3 13 18 15 19 29 36 37 45 37 35 32 40 41 61 62 54 65 64 
6 11 16 18 25 29 36 37 45 37 35 32 40 41 46 48 57 60 64 
6 11 13 18 15 19 29 36 37 45 44 48 57 60 64 
6 11 16 18 15 19 29 36 37 45 44 48 46 54 62 66 67 68 65 64 
6 11 16 18 25 29 36 37 45 44 48 57 60 64 
6 3 13 18 25 29 36 37 45 37 35 32 40 41 46 54 65 64 
6 11 13 18 15 19 29 36 37 45 44 48 46 54 62 66 67 68 65 64 
---------------
Request id 10
42 51 56 40 41 46 54 62 66 63 58 56 40 39 38 34 31 27 
42 38 39 40 56 58 63 66 62 61 59 56 40 39 33 30 24 27 
42 38 39 40 41 46 54 62 66 62 61 59 56 51 42 38 34 31 27 
42 38 39 40 41 61 62 66 62 61 41 40 39 38 34 31 27 
42 38 39 40 41 61 62 66 63 58 55 49 42 38 34 31 27 
42 49 55 58 63 66 62 61 59 56 51 42 38 34 31 27 
42 38 39 40 41 46 54 62 66 63 58 56 40 32 28 26 23 24 27 
42 38 39 40 56 58 63 66 62 61 41 40 39 33 30 24 27 
42 49 55 58 63 66 63 58 56 40 39 38 34 31 27 
42 38 39 40 41 46 54 62 66 63 58 56 40 39 33 30 24 27 
42 51 56 40 41 46 54 62 66 63 58 56 40 32 28 26 23 24 27 
42 51 56 58 63 66 63 58 56 40 39 33 30 24 27 
42 38 39 40 41 46 54 62 66 63 58 56 40 39 38 34 31 27 
42 38 39 40 56 58 63 66 62 61 59 56 51 42 38 34 31 27 
42 51 56 40 41 61 62 66 63 58 56 40 39 33 30 24 27 
42 51 56 40 41 61 62 66 63 58 56 51 42 38 34 31 27 
42 51 56 40 41 61 62 66 62 61 59 56 40 39 33 30 24 27 
42 51 56 40 41 46 54 62 66 62 61 41 40 39 38 34 31 27 
42 49 55 58 63 66 63 58 56 51 42 38 34 31 27 
42 51 56 58 63 66 62 54 46 41 40 39 33 30 24 27 
42 51 56 59 61 62 66 63 58 56 40 39 33 30 24 27 
42 51 56 58 63 66 63 58 56 51 42 38 34 31 27 
42 51 56 40 41 46 54 62 66 62 61 59 56 51 42 38 34 31 27 
42 51 56 40 41 46 54 62 66 62 61 59 56 40 39 33 30 24 27 
42 38 39 40 41 46 54 62 66 62 61 41 40 39 38 34 31 27 
42 51 56 40 41 61 62 66 63 58 55 49 42 38 34 31 27 
42 51 56 58 63 66 62 61 41 40 39 38 34 31 27 
42 38 39 40 56 58 63 66 63 58 56 40 39 33 30 24 27 
42 49 55 58 63 66 62 61 41 40 39 38 34 31 27 
42 38 39 40 41 61 62 66 63 58 56 40 39 33 30 24 27 
---------------
Request id 1
38 39 40 56 59 61 62 54 46 41 61 59 
38 42 51 56 58 63 66 62 61 59 
38 42 49 55 58 56 59 61 62 54 46 41 61 59 
38 42 49 55 58 63 66 62 66 63 58 56 40 41 61 59 
38 39 40 41 61 62 61 59 
38 42 51 56 59 61 62 61 41 40 56 59 
38 42 49 55 58 63 66 62 61 41 40 56 59 
38 39 40 56 59 61 62 61 41 40 56 59 
38 39 40 41 46 54 62 61 59 
38 39 40 56 58 63 66 62 61 41 40 39 38 42 51 56 59 
38 39 40 41 46 54 62 66 63 58 56 40 41 61 59 
38 42 51 56 40 41 61 62 61 41 40 56 59 
38 42 49 55 58 56 59 61 62 66 67 68 65 54 46 41 61 59 
38 42 51 56 59 61 62 66 67 68 65 54 46 41 61 59 
38 39 40 41 61 62 54 46 41 61 59 
38 39 40 56 58 63 66 62 61 41 40 56 59 
38 39 40 56 59 61 62 66 63 58 56 40 41 61 59 
38 39 40 41 61 62 66 63 58 56 59 
38 42 51 56 58 63 66 62 61 41 40 56 59 
38 39 40 56 58 63 66 62 66 63 58 56 59 
38 39 40 41 61 62 66 67 68 65 54 46 41 61 59 
38 42 49 55 58 56 59 61 62 54 65 68 67 66 63 58 56 59 
38 42 49 55 58 63 66 62 54 46 41 61 59 
38 42 49 55 58 56 59 61 62 61 41 40 56 59 
38 39 40 56 59 61 62 66 67 68 65 54 46 41 61 59 
38 39 40 41 61 62 66 63 58 56 40 41 61 59 
38 39 40 56 59 61 62 66 63 58 55 49 42 51 56 59 
38 42 51 56 40 41 61 62 66 63 58 55 49 42 51 56 59 
38 42 49 55 58 56 59 61 62 66 63 58 56 59 
38 42 49 55 58 63 66 62 66 63 58 55 49 42 51 56 59 
---------------
Request id 4
65 54 46 48 57 60 64 70 74 73 72 71 69 68 65 64 60 57 48 44 45 37 
65 54 62 66 67 69 71 69 67 68 65 54 46 48 44 45 37 
65 68 67 69 71 69 68 65 54 46 48 44 45 37 
65 54 62 66 67 68 69 71 69 68 67 66 62 54 46 48 44 45 37 
65 64 60 57 48 46 54 62 66 67 69 71 69 67 66 63 58 56 40 32 35 37 
65 68 69 71 69 67 68 65 54 46 41 40 32 35 37 
65 68 69 71 69 68 67 66 62 54 46 48 44 45 37 
65 54 62 61 59 56 58 63 66 67 69 71 69 67 66 62 61 41 40 32 35 37 
65 68 69 71 69 68 65 54 46 41 40 32 35 37 
65 64 60 57 48 46 54 62 66 67 69 71 69 68 65 64 60 57 48 44 45 37 
65 54 62 66 67 69 71 69 67 66 62 61 41 40 32 35 37 
65 64 60 57 48 46 54 62 66 67 69 71 69 67 68 65 54 46 41 40 32 35 37 
65 54 62 61 59 56 58 63 66 67 69 71 69 67 66 62 54 46 48 44 45 37 
65 64 70 74 73 72 71 69 68 65 54 46 48 44 45 37 
65 64 60 57 48 46 54 62 66 67 69 71 72 73 74 70 64 60 57 48 44 45 37 
65 54 46 41 61 62 66 67 69 71 69 67 66 62 61 41 40 32 35 37 
65 68 67 69 71 69 68 65 54 46 41 40 32 35 37 
65 54 62 66 67 68 69 71 72 73 74 70 64 60 57 48 44 45 37 
65 54 62 66 67 68 69 71 69 67 66 63 58 56 40 32 35 37 
65 68 67 69 71 69 68 65 64 60 57 48 44 45 37 
65 54 62 66 67 69 71 69 67 66 62 54 46 48 44 45 37 
65 54 62 66 67 68 69 71 69 67 66 62 61 41 40 32 35 37 
65 64 60 57 48 46 54 62 66 67 69 71 69 68 67 66 62 54 46 48 44 45 37 
65 54 62 66 67 69 71 69 68 65 54 46 41 40 32 35 37 
65 54 46 41 61 62 66 67 69 71 69 68 67 66 62 54 46 48 44 45 37 
65 54 62 66 67 69 71 69 68 65 64 60 57 48 44 45 37 
65 54 46 48 57 60 64 70 74 73 72 71 69 67 66 62 54 46 48 44 45 37 
65 54 46 41 61 62 66 67 69 71 69 68 65 54 46 48 44 45 37 
65 54 62 61 59 56 58 63 66 67 69 71 69 67 68 65 54 46 48 44 45 37 
65 54 46 48 57 60 64 70 74 73 72 71 69 68 65 54 46 41 40 32 35 37 
---------------
Request id 9
11 13 18 25 29 36 37 45 44 45 37 35 32 40 56 58 63 66 62 54 46 
11 16 18 25 29 36 37 45 37 35 32 40 41 46 54 65 64 60 57 48 44 45 37 35 32 40 41 46 
11 13 18 25 29 36 37 45 37 36 29 25 28 32 40 41 46 48 44 45 37 35 32 40 41 61 62 54 46 
11 13 0 2 9 15 19 29 36 37 45 37 35 32 40 41 61 62 54 46 48 44 48 57 60 64 65 54 46 
11 16 18 25 29 36 37 45 37 35 32 40 56 59 61 62 54 46 48 44 48 46 
11 16 24 23 26 28 32 35 37 45 37 36 29 25 28 32 40 56 59 61 41 46 48 44 45 37 35 32 40 56 58 63 66 62 54 46 
11 6 3 13 18 25 29 36 37 45 37 35 32 40 56 59 61 62 54 46 48 44 45 37 35 32 40 56 59 61 41 46 
11 16 24 30 33 39 40 32 35 37 45 37 35 32 40 41 61 62 54 46 48 44 45 37 35 32 40 41 61 62 54 46 
11 16 18 25 29 36 37 45 37 35 32 40 41 46 54 65 64 60 57 48 44 45 37 36 29 25 28 32 40 41 46 
11 13 18 25 29 36 37 45 37 35 32 40 41 46 48 44 48 57 60 64 65 68 67 66 62 54 46 
11 16 18 25 29 36 37 45 37 35 32 40 56 58 63 66 62 54 46 48 44 48 57 60 64 65 68 67 66 62 54 46 
11 13 18 15 19 29 36 37 45 44 45 37 35 32 40 41 61 62 54 46 
11 16 18 25 28 32 35 37 45 37 36 29 25 28 32 40 56 59 61 41 46 48 44 48 57 60 64 65 68 67 66 62 54 46 
11 13 0 2 9 15 19 29 36 37 45 44 48 57 60 64 65 54 62 61 41 46 
11 16 24 30 33 39 40 32 35 37 45 37 36 29 25 28 32 40 56 59 61 41 46 48 44 45 37 36 29 25 28 32 40 41 46 
11 13 0 2 9 15 19 29 36 37 45 37 35 32 40 56 59 61 62 54 46 48 44 48 57 60 64 65 54 46 
11 16 18 25 29 36 37 45 37 35 32 40 56 58 63 66 62 54 46 48 44 45 37 35 32 40 41 61 62 54 46 
11 13 18 25 29 36 37 45 37 35 32 40 56 58 63 66 62 61 41 46 48 44 45 37 36 29 25 28 32 40 41 46 
11 13 0 2 9 15 19 29 36 37 45 37 35 32 40 56 59 61 41 46 48 44 48 57 60 64 65 68 67 66 62 54 46 
11 13 18 25 28 32 35 37 45 37 35 32 40 56 58 63 66 62 54 46 48 44 48 57 60 64 65 68 67 66 62 54 46 
11 16 18 25 29 36 37 45 37 35 32 40 41 61 62 54 46 48 44 45 37 36 29 25 28 32 40 41 46 
11 13 18 25 28 32 35 37 45 37 36 29 25 28 32 40 56 59 61 41 46 48 44 45 37 35 32 40 56 59 61 62 54 46 
11 13 18 25 28 32 35 37 45 37 35 32 40 56 58 63 66 62 54 46 48 44 48 57 60 64 65 54 62 61 41 46 
11 13 0 2 9 15 19 29 36 37 45 37 36 29 25 28 32 40 56 59 61 41 46 48 44 48 46 
11 13 18 15 19 29 36 37 45 37 35 32 40 41 46 54 65 64 60 57 48 44 45 37 35 32 40 56 59 61 41 46 
11 13 0 2 9 15 19 29 36 37 45 37 36 29 25 28 32 40 41 46 48 44 45 37 35 32 40 56 59 61 41 46 
11 16 18 15 19 29 36 37 45 37 35 32 40 56 59 61 41 46 48 44 45 37 35 32 40 56 59 61 62 54 46 
11 13 18 15 19 29 36 37 45 37 35 32 40 41 46 54 65 64 60 57 48 44 48 57 60 64 65 68 67 66 62 54 46 
11 16 24 23 26 28 32 35 37 45 37 36 29 25 28 32 40 56 59 61 41 46 48 44 48 57 60 64 65 54 62 61 41 46 
11 16 24 30 33 39 40 32 35 37 45 37 35 32 40 41 46 48 44 45 37 35 32 40 56 59 61 62 54 46 
---------------
Request id 6
41 46 48 44 45 37 36 29 25 28 25 29 19 15 9 2 
41 61 62 66 63 58 56 40 32 28 25 18 15 9 2 
41 46 48 44 45 37 36 29 25 28 25 18 13 0 2 
41 61 62 66 63 58 56 40 32 28 25 18 13 0 2 
41 40 39 33 30 24 23 26 28 25 29 19 15 18 13 0 2 
41 40 39 38 34 31 27 24 23 26 28 25 18 13 0 2 
41 40 39 33 30 24 23 26 28 25 29 19 15 9 2 
41 40 32 35 37 36 29 25 28 25 18 16 11 13 0 2 
41 40 32 28 25 18 13 11 6 3 5 0 2 
41 46 54 62 61 59 56 40 32 28 26 23 24 16 11 13 0 2 
41 61 59 56 40 32 28 25 18 13 11 6 3 5 0 2 
41 40 32 35 37 36 29 25 28 25 18 13 3 5 0 2 
41 61 59 56 40 32 28 26 23 24 16 11 13 0 2 
41 40 39 38 34 31 27 24 23 26 28 25 18 15 9 2 
41 61 59 56 40 32 28 25 18 15 9 2 
41 40 39 38 34 31 27 24 23 26 28 26 23 24 16 18 13 0 2 
41 40 39 38 34 31 27 24 23 26 28 25 29 19 15 9 2 
41 40 32 28 25 18 15 9 2 
41 61 62 66 63 58 56 40 32 28 25 18 13 11 6 3 5 0 2 
41 40 32 28 26 23 24 16 18 13 0 2 
41 46 48 44 45 37 35 32 28 25 29 19 15 18 13 0 2 
41 40 39 33 30 24 16 18 25 28 26 23 24 16 18 15 9 2 
41 61 59 56 40 32 28 26 23 24 16 18 15 9 2 
41 46 48 44 45 37 35 32 28 25 18 13 11 6 3 5 0 2 
41 46 54 62 61 59 56 40 32 28 26 23 24 16 18 13 0 2 
41 46 48 44 45 37 35 32 28 25 29 19 15 9 2 
41 46 48 44 45 37 35 32 28 25 18 13 3 5 0 2 
41 40 39 33 30 24 23 26 28 25 18 16 11 13 0 2 
41 46 54 62 61 59 56 40 32 28 25 18 13 0 2 
41 46 54 62 61 59 56 40 32 28 25 18 13 3 5 0 2 
---------------
Request id 5
27 22 21 17 16 18 25 28 26 23 24 30 24 27 31 34 38 39 40 41 61 59 56 58 
27 22 21 17 16 24 30 33 39 40 32 28 25 18 16 24 27 31 34 38 42 49 55 58 
27 24 30 33 39 40 56 58 55 49 42 38 34 31 34 38 39 40 41 61 59 56 58 
27 24 23 26 28 32 40 39 33 30 24 20 17 21 22 27 31 34 38 39 40 56 58 
27 31 34 38 42 51 56 40 39 33 30 33 39 40 56 58 55 49 42 38 34 31 34 38 42 51 56 58 
27 31 34 38 39 33 30 24 16 11 12 14 17 21 22 27 31 34 38 39 40 41 61 59 56 58 
27 31 34 38 39 40 32 28 26 23 24 30 33 39 40 32 28 26 23 24 27 31 34 38 39 40 56 51 42 49 55 58 
27 31 34 38 42 51 56 40 39 33 30 24 23 26 28 32 40 39 38 34 31 34 38 42 51 56 58 
27 24 23 26 28 32 40 39 33 30 33 39 38 34 31 27 24 30 33 39 38 42 49 55 58 
27 22 21 17 14 12 11 16 24 30 33 39 40 56 58 55 49 42 38 34 31 27 24 30 33 39 38 42 49 55 58 
27 24 16 18 25 28 32 40 39 33 30 24 16 11 12 14 17 21 22 27 31 27 24 30 33 39 40 56 58 
27 31 34 38 42 51 56 40 39 33 30 33 39 40 56 58 55 49 42 38 34 31 34 38 39 40 56 58 
27 24 30 24 27 31 34 38 39 40 56 58 
27 22 21 17 16 24 30 33 39 40 32 28 25 18 16 24 27 31 27 24 30 33 39 40 56 58 
27 24 23 26 28 32 40 39 33 30 24 27 31 27 24 30 33 39 40 56 58 
27 24 16 18 25 28 32 40 39 33 30 24 16 11 12 14 17 21 22 27 31 34 38 39 40 56 58 
27 22 21 17 16 24 30 24 20 17 21 22 27 31 34 38 39 40 56 58 
27 31 34 38 42 51 56 40 39 33 30 24 20 17 21 22 27 31 34 38 39 40 56 58 
27 24 16 18 25 28 32 40 39 33 30 24 23 26 28 32 40 39 38 34 31 27 24 30 33 39 40 56 58 
27 31 34 38 39 33 30 33 39 38 34 31 34 38 42 49 55 58 
27 31 34 38 42 51 56 40 39 33 30 24 16 17 21 22 27 31 34 38 42 51 56 58 
27 31 34 38 39 40 32 28 26 23 24 30 33 39 38 34 31 27 24 16 18 25 28 32 40 56 58 
27 24 23 26 28 32 40 39 33 30 33 39 38 34 31 27 24 16 18 25 28 32 40 56 58 
27 24 16 18 25 28 32 40 39 33 30 24 27 31 34 43 47 52 53 50 49 55 58 
27 22 21 17 14 12 11 16 24 30 33 39 40 32 28 25 18 16 24 27 31 34 38 42 49 55 58 
27 22 21 17 16 24 30 24 16 11 12 14 17 21 22 27 31 27 24 16 18 25 28 32 40 56 58 
27 31 34 38 42 51 56 40 39 33 30 33 39 38 34 31 27 24 23 26 28 32 40 56 58 
27 31 34 38 39 40 32 28 26 23 24 30 24 27 31 34 38 39 40 56 58 
27 31 34 38 39 40 32 28 26 23 24 30 24 23 26 28 32 40 39 38 34 31 27 24 30 33 39 40 56 58 
27 22 21 17 20 24 30 24 20 17 21 22 27 31 34 38 42 51 56 58 
---------------
Request id 2
53 50 49 55 58 56 40 39 33 30 33 39 40 41 46 54 62 66 67 69 71 69 68 65 54 46 41 40 39 33 30 24 16 18 13 
53 52 47 43 34 38 39 33 30 33 39 40 41 61 62 54 65 68 69 71 69 67 66 62 61 41 40 32 28 25 18 13 
53 50 49 42 51 56 40 39 33 30 33 39 40 56 59 61 62 66 67 69 71 69 68 65 54 46 41 40 39 33 30 24 16 18 13 
53 50 49 42 51 56 40 39 33 30 33 39 40 41 46 54 65 68 69 71 69 67 66 62 61 41 40 32 28 25 18 13 
53 50 49 42 38 39 40 32 28 26 23 24 30 33 39 40 41 61 62 54 65 68 69 71 69 68 67 66 63 58 56 40 32 28 25 18 13 
53 50 49 42 51 56 40 39 33 30 33 39 40 56 59 61 62 66 67 69 71 69 68 65 54 62 61 41 40 32 28 25 18 13 
53 52 47 43 34 31 27 24 30 33 39 40 56 59 61 62 66 67 69 71 69 67 68 65 54 46 41 40 32 28 25 18 13 
53 50 49 42 51 56 40 32 28 26 23 24 30 33 39 40 41 46 54 62 66 67 69 71 69 67 66 62 54 46 41 40 32 28 25 18 13 
53 50 49 42 51 56 40 39 33 30 33 39 40 41 61 62 66 67 69 71 69 68 65 54 62 61 41 40 32 28 25 18 13 
53 50 49 42 38 39 33 30 33 39 40 41 61 62 54 65 68 69 71 69 67 66 63 58 56 40 32 28 25 18 13 
53 50 49 55 58 56 59 61 41 40 39 33 30 33 39 40 41 61 62 66 67 69 71 69 67 66 62 61 41 40 32 28 25 18 13 
53 50 49 55 58 56 59 61 41 40 39 33 30 33 39 40 56 59 61 62 66 67 69 71 69 68 65 54 62 61 41 40 32 28 25 18 13 
53 52 47 43 34 31 27 24 30 33 39 40 41 61 62 66 67 68 69 71 69 68 65 54 62 61 41 40 32 28 25 18 13 
53 50 49 42 51 56 40 32 28 26 23 24 30 33 39 40 56 58 63 66 67 69 71 69 67 66 62 61 59 56 40 32 28 25 18 13 
53 50 49 42 51 56 40 32 28 26 23 24 30 33 39 40 41 61 62 66 67 69 71 69 67 66 62 54 46 41 40 32 28 25 18 13 
53 50 49 42 38 39 33 30 33 39 40 56 58 63 66 67 68 69 71 69 68 65 54 46 41 40 32 28 25 18 13 
53 50 49 42 51 56 40 32 28 26 23 24 30 33 39 40 56 58 63 66 67 69 71 69 68 65 54 62 61 41 40 32 28 25 18 13 
53 52 47 43 34 38 39 33 30 33 39 40 41 61 62 66 67 69 71 69 67 66 63 58 56 40 32 28 25 18 13 
53 50 49 42 51 56 40 32 28 26 23 24 30 33 39 40 56 58 63 66 67 68 69 71 69 67 66 62 54 46 41 40 32 28 25 18 13 
53 52 47 43 34 31 27 24 30 33 39 40 41 46 54 65 68 69 71 69 68 67 66 62 61 41 40 32 28 25 18 13 
53 52 47 43 34 38 39 33 30 33 39 40 41 61 62 54 65 68 69 71 69 68 65 54 46 41 40 39 33 30 24 16 18 13 
53 50 49 55 58 56 40 39 33 30 33 39 38 42 51 56 58 63 66 67 69 71 69 68 67 66 63 58 56 40 32 28 25 18 13 
53 50 49 42 38 39 40 32 28 26 23 24 30 33 39 40 41 46 54 65 68 69 71 69 68 65 54 46 41 40 39 33 30 24 16 18 13 
53 50 49 55 58 56 40 39 33 30 33 39 40 56 58 63 66 67 68 69 71 69 68 65 54 46 41 40 39 33 30 24 16 18 13 
53 50 49 42 38 39 33 30 33 39 40 41 46 54 65 68 69 71 69 68 65 54 62 61 41 40 32 28 25 18 13 
53 50 49 55 58 56 59 61 41 40 39 33 30 33 39 40 56 58 63 66 67 68 69 71 69 67 66 63 58 56 40 32 28 25 18 13 
53 52 47 43 34 31 27 24 30 33 39 40 41 46 54 62 66 67 69 71 69 67 66 62 54 46 41 40 32 28 25 18 13 
53 50 49 42 38 34 31 27 24 30 33 39 40 56 58 63 66 67 69 71 69 68 65 54 46 41 40 32 28 25 18 13 
53 50 49 55 58 56 51 42 38 39 33 30 33 39 40 41 61 62 66 67 68 69 71 69 67 66 62 61 59 56 40 32 28 25 18 13 
53 50 49 42 38 34 31 27 24 30 33 39 40 56 58 63 66 67 68 69 71 69 67 66 62 61 59 56 40 32 28 25 18 13 
---------------
