Request id 12
4 3 10 13 8 7 0 7 6 4 5 12 11 
4 3 10 11 8 7 0 1 2 5 12 11 
4 5 12 13 8 7 0 1 3 10 11 
4 5 2 0 7 8 13 10 11 
4 5 2 1 0 7 6 4 5 12 11 
4 5 12 13 8 7 0 7 8 13 12 11 
4 3 1 2 0 7 8 11 
4 5 2 0 7 8 11 
4 3 10 11 8 7 0 7 8 13 10 11 
4 3 1 0 2 1 3 10 11 
4 3 10 11 8 7 0 7 8 13 12 11 
4 3 1 0 1 2 5 12 11 
4 5 2 1 0 1 2 5 9 8 11 
4 5 2 0 7 6 4 5 12 11 
4 3 10 13 8 7 0 7 8 13 12 11 
4 3 1 2 0 1 3 10 11 
4 6 7 0 7 8 11 
4 3 1 2 0 1 2 5 12 11 
4 5 12 11 8 7 0 7 6 4 5 12 11 
4 3 10 11 8 7 0 2 5 12 11 
4 5 12 11 8 7 0 1 3 10 11 
4 5 2 1 0 2 1 3 10 11 
4 5 12 11 8 7 0 7 8 13 10 11 
4 3 10 11 8 7 0 2 5 9 8 11 
4 3 1 2 0 2 5 9 8 11 
4 5 9 8 7 0 7 8 11 
4 3 1 0 2 5 9 8 11 
4 5 9 8 7 0 2 1 3 10 11 
4 3 10 11 8 7 0 1 2 5 9 8 11 
4 3 10 11 8 7 0 1 3 10 11 
---------------
Request id 19
13 10 3 1 0 0 0 1 3 10 13 12 
13 10 3 4 6 7 0 0 0 7 8 11 12 
13 8 9 5 2 0 0 0 7 6 4 5 12 
13 10 3 1 2 0 0 0 7 8 11 12 
13 12 5 2 1 0 0 0 2 5 12 
13 8 7 0 0 0 1 3 4 5 12 
13 8 9 5 2 0 0 0 7 8 9 5 12 
13 12 5 2 0 0 0 1 2 5 12 
13 8 11 10 3 1 0 0 0 1 3 10 11 12 
13 12 5 2 1 0 0 0 7 8 11 10 13 12 
13 10 11 8 7 0 0 0 7 8 13 12 
13 12 5 2 0 0 0 7 6 4 5 12 
13 8 7 0 0 0 7 8 11 10 13 12 
13 12 5 2 1 0 0 0 1 3 10 11 12 
13 10 11 8 7 0 0 0 1 3 4 5 12 
13 10 3 1 2 0 0 0 1 3 10 13 12 
13 10 3 1 0 0 0 1 3 10 11 12 
13 8 7 0 0 0 2 5 12 
13 10 3 1 0 0 0 7 8 11 12 
13 10 11 8 7 0 0 0 2 5 12 
13 8 7 0 0 0 7 6 4 5 12 
13 8 9 5 2 0 0 0 1 2 5 12 
13 8 9 5 2 0 0 0 1 3 10 13 12 
13 12 5 2 0 0 0 7 8 11 12 
13 12 5 2 1 0 0 0 1 3 10 13 12 
13 12 11 8 7 0 0 0 7 8 11 10 13 12 
13 8 11 10 3 1 0 0 0 1 3 4 5 12 
13 10 3 4 6 7 0 0 0 1 3 10 11 12 
13 12 5 2 0 0 0 2 5 12 
13 10 3 1 2 0 0 0 7 8 13 12 
---------------
Request id 1
6 7 8 9 5 2 1 0 2 1 3 4 6 7 0 2 5 9 8 13 
6 4 5 12 11 8 7 0 1 0 7 8 11 10 13 
6 7 8 9 5 2 0 2 5 4 3 1 3 4 5 2 0 1 3 10 13 
6 4 5 2 0 7 8 9 5 4 3 1 0 7 8 11 10 13 
6 4 3 1 0 2 1 2 5 4 6 7 0 7 8 13 
6 4 5 9 8 7 0 2 5 12 13 10 3 1 3 10 13 12 5 2 0 7 8 11 12 13 
6 4 3 1 2 0 7 8 13 10 3 1 0 7 8 11 12 13 
6 7 8 9 5 2 0 7 8 9 5 2 1 3 10 13 8 7 0 7 8 13 
6 7 8 9 5 2 0 7 6 4 5 2 1 2 0 7 8 11 10 13 
6 7 8 9 5 2 1 0 7 8 11 10 3 1 3 10 13 12 5 2 0 7 8 11 10 13 
6 7 0 2 5 12 13 10 3 1 2 0 2 5 12 13 
6 4 5 9 8 7 0 7 8 9 5 2 1 3 10 13 8 7 0 2 5 9 8 13 
6 4 5 12 11 8 7 0 7 6 4 3 1 2 0 1 3 10 13 
6 4 5 2 1 0 2 5 4 3 1 2 0 1 2 5 12 13 
6 4 5 12 11 8 7 0 7 8 9 5 2 1 3 4 6 7 0 7 8 11 12 13 
6 7 0 7 8 11 10 3 1 2 5 4 6 7 0 1 2 5 9 8 13 
6 7 8 9 5 2 0 7 6 4 5 2 1 3 4 6 7 0 2 1 3 10 13 
6 7 8 9 5 2 1 0 2 5 12 13 10 3 1 0 2 1 3 10 13 
6 4 3 1 2 0 7 8 11 10 3 1 3 4 6 7 0 1 2 5 12 13 
6 4 5 12 11 8 7 0 7 8 13 10 3 1 3 10 13 8 7 0 7 8 11 10 13 
6 4 3 1 2 0 7 8 9 5 2 1 0 7 6 4 3 10 13 
6 7 0 2 5 4 3 1 2 5 4 6 7 0 7 8 11 10 13 
6 7 8 9 5 2 1 0 2 5 4 3 1 3 10 11 12 5 2 0 7 6 4 3 10 13 
6 4 5 2 0 7 8 9 5 2 1 3 10 13 8 7 0 1 3 10 13 
6 4 5 9 8 7 0 2 1 3 10 11 8 7 0 7 8 13 
6 7 8 9 5 2 1 0 2 5 12 13 10 3 1 3 4 6 7 0 2 5 9 8 13 
6 4 5 2 1 0 7 6 4 5 2 1 3 4 5 2 0 1 2 5 12 13 
6 7 0 7 6 4 3 1 3 10 11 8 7 0 1 2 5 9 8 13 
6 4 5 9 8 7 0 7 6 4 3 1 3 10 13 8 7 0 7 6 4 3 10 13 
6 4 3 10 11 8 7 0 2 5 12 13 10 3 1 3 4 5 2 0 2 5 12 13 
---------------
Request id 5
7 6 4 3 1 2 0 2 5 4 3 1 0 7 8 11 10 3 4 
7 8 11 12 5 2 0 7 8 11 10 3 1 0 7 8 9 5 4 
7 8 11 10 3 1 0 7 8 13 10 3 1 3 10 11 12 5 4 
7 8 9 5 2 1 0 2 1 2 5 4 
7 0 7 8 13 12 5 2 1 2 0 7 6 4 
7 8 13 10 3 1 0 7 6 4 3 1 2 0 7 6 4 
7 8 13 10 3 1 0 1 3 10 13 12 5 4 
7 8 11 12 5 2 0 7 8 9 5 2 1 2 0 7 6 4 
7 8 11 12 5 2 0 2 1 2 0 7 6 4 
7 8 9 5 2 0 7 6 4 3 1 2 5 4 
7 8 13 10 3 1 0 2 1 3 10 11 12 5 4 
7 8 11 12 5 2 0 1 2 5 4 
7 8 9 5 2 1 0 7 8 13 12 5 2 1 2 5 4 
7 8 11 10 3 1 0 7 8 11 10 3 1 3 10 13 12 5 4 
7 6 4 5 2 1 0 2 5 4 3 1 0 7 8 11 10 3 4 
7 8 11 10 3 1 0 7 6 4 5 2 1 2 5 4 
7 6 4 5 2 1 0 1 2 5 4 
7 6 4 3 1 2 0 7 8 13 12 5 2 1 2 0 7 6 4 
7 8 9 5 2 0 1 3 10 13 8 9 5 4 
7 8 9 5 2 1 0 2 1 3 10 13 8 9 5 4 
7 6 4 5 2 0 1 3 4 
7 8 11 10 3 1 0 2 1 0 2 5 4 
7 8 13 10 3 1 0 2 5 4 3 1 2 5 4 
7 6 4 5 2 0 7 6 4 5 2 1 3 10 11 12 5 4 
7 6 4 5 2 0 7 6 4 3 1 2 0 7 6 4 
7 6 4 5 2 0 2 5 4 3 1 2 5 4 
7 6 4 3 1 0 7 6 4 3 1 3 10 13 8 9 5 4 
7 6 4 3 1 2 0 2 1 3 10 11 12 5 4 
7 0 7 6 4 5 2 1 3 10 13 12 5 4 
7 6 4 3 1 0 2 5 12 13 10 3 1 0 2 5 4 
---------------
Request id 18
6 4 5 9 8 7 0 2 1 3 4 5 5 12 13 10 11 8 9 
6 4 5 9 8 7 0 2 5 5 12 11 8 9 
6 7 0 2 5 5 12 13 10 11 8 9 
6 4 3 10 11 8 7 0 1 3 4 5 5 2 0 7 8 9 
6 7 0 7 8 9 5 5 9 
6 7 0 7 6 4 5 5 2 1 0 7 8 9 
6 4 3 1 0 7 8 9 5 5 12 11 10 13 8 9 
6 4 5 12 11 8 7 0 1 2 5 5 2 0 7 8 9 
6 7 0 1 2 5 5 2 1 0 7 8 9 
6 7 0 7 6 4 5 5 12 13 10 11 8 9 
6 4 3 10 11 8 7 0 1 3 10 13 12 5 5 2 1 0 7 8 9 
6 4 3 1 0 1 3 10 11 12 5 5 4 3 10 11 8 9 
6 4 3 1 0 2 5 5 4 6 7 8 9 
6 4 5 2 0 7 8 13 12 5 5 4 6 7 8 9 
6 4 5 2 0 1 2 5 5 9 
6 7 8 9 5 2 1 0 1 2 5 5 4 3 10 11 8 9 
6 4 3 1 0 1 3 10 11 12 5 5 9 
6 7 8 9 5 2 0 7 8 11 12 5 5 12 11 8 9 
6 4 5 12 11 8 7 0 1 3 4 5 5 4 3 10 13 8 9 
6 7 0 7 8 9 5 5 12 11 8 9 
6 7 8 9 5 2 0 7 8 13 12 5 5 4 3 10 11 8 9 
6 4 3 1 2 0 2 1 3 4 5 5 4 6 7 8 9 
6 4 5 12 11 8 7 0 2 5 5 2 0 7 8 9 
6 4 3 10 11 8 7 0 1 3 10 13 12 5 5 2 0 7 8 9 
6 4 5 2 0 7 6 4 5 5 2 1 0 7 8 9 
6 7 8 9 5 2 1 0 1 3 10 11 12 5 5 2 0 7 8 9 
6 7 0 1 2 5 5 9 
6 7 8 9 5 2 1 0 1 2 5 5 4 6 7 8 9 
6 4 3 1 2 0 1 3 4 5 5 12 11 8 9 
6 4 5 2 0 1 3 10 13 12 5 5 12 11 8 9 
---------------
Request id 2
10 13 8 7 0 2 1 2 
10 13 8 7 0 2 1 3 4 6 7 0 2 
10 11 12 5 2 0 1 0 7 6 4 5 2 
10 13 12 5 2 1 3 10 13 8 9 5 2 
10 11 12 5 2 1 3 4 6 7 0 2 
10 3 1 2 
10 3 1 3 10 13 8 9 5 2 
10 11 8 7 0 1 0 7 8 11 12 5 2 
10 13 8 7 0 1 2 
10 13 12 5 4 3 1 2 
10 13 12 5 2 1 2 
10 3 4 5 2 0 1 0 7 8 11 12 5 2 
10 3 1 0 7 8 11 12 5 2 
10 13 12 5 2 1 0 7 8 9 5 2 
10 11 12 5 2 0 1 3 4 6 7 0 2 
10 13 12 5 2 1 3 10 13 12 5 2 
10 3 4 5 2 1 3 4 5 2 
10 13 12 5 4 3 1 0 7 8 9 5 2 
10 13 12 5 4 3 1 3 10 11 12 5 2 
10 13 12 5 4 3 1 3 10 13 8 9 5 2 
10 3 4 5 2 1 2 
10 13 12 5 4 3 1 0 2 
10 3 4 5 2 0 1 2 
10 13 8 7 0 2 1 0 7 6 4 5 2 
10 13 8 7 0 2 1 3 10 13 8 9 5 2 
10 3 4 5 2 0 1 0 2 
10 11 8 7 0 1 3 4 6 7 0 2 
10 13 8 7 0 1 3 10 13 8 9 5 2 
10 3 4 5 2 0 1 3 4 6 7 0 2 
10 11 12 5 2 1 3 10 11 12 5 2 
---------------
Request id 9
12 13 8 9 5 2 1 0 0 7 8 9 5 2 
12 13 10 3 4 5 4 3 1 2 0 0 1 2 
12 13 10 3 1 2 5 12 13 10 3 1 0 0 7 8 11 12 5 2 
12 11 10 3 4 5 2 0 0 1 3 4 5 2 
12 11 8 7 0 2 5 4 3 1 2 0 0 7 6 4 5 2 
12 13 10 3 1 2 5 12 11 10 3 1 0 0 7 8 9 5 2 
12 5 12 11 10 3 1 0 0 7 8 11 10 3 1 2 
12 5 2 0 0 1 2 
12 13 8 7 0 2 5 9 8 7 0 0 7 6 4 5 2 
12 13 10 3 4 5 12 13 8 7 0 0 7 6 4 5 2 
12 13 10 3 1 2 5 2 0 0 7 8 13 12 5 2 
12 11 8 9 5 12 11 10 3 1 0 0 7 8 11 10 3 1 2 
12 13 8 9 5 4 6 7 0 0 1 3 10 13 12 5 2 
12 13 8 7 0 2 5 12 13 10 3 1 0 0 7 8 11 12 5 2 
12 11 8 9 5 4 3 1 0 0 1 2 
12 13 8 7 6 4 5 12 13 8 7 0 0 7 8 11 12 5 2 
12 11 8 7 0 2 5 9 8 7 0 0 1 2 
12 11 10 3 4 5 4 3 1 0 0 7 8 9 5 2 
12 11 8 9 5 12 13 10 3 1 0 0 7 8 13 12 5 2 
12 13 8 7 6 4 5 12 11 10 3 1 0 0 7 8 13 12 5 2 
12 13 10 11 8 9 5 2 1 0 0 1 3 4 5 2 
12 13 8 7 6 4 5 12 11 10 3 1 0 0 1 3 10 13 12 5 2 
12 13 10 11 8 9 5 4 3 1 2 0 0 1 3 4 5 2 
12 13 10 11 8 9 5 9 8 7 0 0 7 8 11 10 3 1 2 
12 11 8 9 5 4 3 1 0 0 7 8 13 12 5 2 
12 11 8 9 5 12 11 8 7 0 0 7 8 13 12 5 2 
12 13 10 11 8 9 5 12 11 10 3 1 0 0 7 6 4 5 2 
12 13 8 7 6 4 5 4 6 7 0 0 7 8 13 12 5 2 
12 13 8 9 5 12 13 10 3 1 0 0 7 8 11 10 3 1 2 
12 13 10 3 1 2 5 2 1 0 0 7 8 11 12 5 2 
---------------
Request id 17
4 3 10 13 12 5 4 6 7 0 2 1 3 10 11 12 5 4 6 
4 3 1 2 5 4 6 7 0 7 8 11 10 3 1 2 5 4 6 
4 3 1 0 2 5 2 0 7 8 13 10 3 1 0 7 8 9 5 4 6 
4 3 1 2 5 2 1 0 1 2 0 7 6 
4 3 10 13 12 5 2 0 7 8 13 10 3 1 0 7 8 9 5 4 6 
4 6 7 8 11 12 5 2 1 0 7 8 11 10 3 1 2 5 9 8 7 6 
4 3 1 2 5 4 3 1 0 7 8 13 10 3 1 2 5 9 8 7 6 
4 3 10 13 12 5 12 13 8 7 0 7 6 4 5 2 1 3 10 13 8 7 6 
4 6 7 0 2 5 2 1 0 2 5 12 13 10 3 1 0 7 6 
4 3 1 2 5 12 11 8 7 0 2 5 12 13 10 3 1 3 4 6 
4 3 10 11 12 5 4 3 1 2 0 7 8 13 10 3 1 2 0 7 6 
4 6 7 8 9 5 4 6 7 0 1 2 0 7 6 
4 6 7 8 11 12 5 12 13 10 3 1 0 7 6 4 5 2 1 2 5 4 6 
4 3 1 2 5 2 1 0 2 5 4 3 1 3 10 13 8 7 6 
4 3 10 13 12 5 9 8 7 0 7 6 4 5 2 1 2 5 4 6 
4 6 7 8 9 5 4 6 7 0 7 8 9 5 4 3 1 3 10 11 12 5 4 6 
4 5 4 3 1 2 0 1 3 4 6 
4 3 10 13 8 9 5 9 8 7 0 7 6 4 3 1 3 10 11 12 5 4 6 
4 3 1 2 5 12 11 8 7 0 7 8 9 5 4 3 1 2 5 4 6 
4 3 1 2 5 9 8 7 0 7 8 13 10 3 1 3 10 11 8 7 6 
4 6 7 0 2 5 4 6 7 0 2 5 4 3 1 2 0 7 6 
4 5 2 1 0 2 5 4 3 1 2 5 9 8 7 6 
4 3 10 13 8 9 5 4 3 1 0 7 8 13 10 3 1 3 10 11 8 7 6 
4 3 10 11 12 5 4 3 1 2 0 7 8 9 5 2 1 3 10 13 8 7 6 
4 3 10 11 12 5 9 8 7 0 7 8 9 5 2 1 0 2 5 4 6 
4 3 10 13 12 5 12 13 8 7 0 1 0 2 5 4 6 
4 5 12 11 8 7 0 7 6 4 3 1 0 7 8 9 5 4 6 
4 3 1 2 5 4 3 1 2 0 1 3 4 6 
4 6 7 8 13 12 5 4 3 1 2 0 7 8 9 5 2 1 3 4 6 
4 3 10 13 12 5 12 11 10 3 1 0 7 6 4 3 1 0 2 5 4 6 
---------------
Request id 3
2 5 12 11 8 7 0 7 8 13 12 11 
2 5 4 6 7 0 7 8 13 12 11 
2 1 3 4 6 7 0 7 8 13 10 11 
2 0 1 2 5 9 8 11 
2 1 0 1 2 5 12 11 
2 5 12 13 8 7 0 2 1 3 10 11 
2 5 4 3 1 0 7 8 11 
2 5 12 13 8 7 0 7 8 13 10 11 
2 5 12 13 10 3 1 0 7 8 11 
2 0 7 6 4 5 12 11 
2 5 12 13 8 7 0 2 5 9 8 11 
2 5 4 3 1 0 1 2 5 12 11 
2 5 12 11 10 3 1 0 2 1 3 10 11 
2 1 3 4 6 7 0 2 1 3 10 11 
2 1 0 1 2 5 9 8 11 
2 1 3 4 6 7 0 2 5 9 8 11 
2 0 7 8 13 10 11 
2 5 9 8 7 0 1 2 5 12 11 
2 5 4 3 1 0 2 1 3 10 11 
2 5 4 6 7 0 2 1 3 10 11 
2 5 12 13 8 7 0 2 5 12 11 
2 5 12 11 8 7 0 1 2 5 9 8 11 
2 1 0 7 6 4 5 12 11 
2 5 12 13 8 7 0 7 6 4 5 12 11 
2 5 12 11 10 3 1 0 7 8 13 12 11 
2 5 4 6 7 0 7 8 13 10 11 
2 5 12 13 10 3 1 0 2 1 3 10 11 
2 1 0 2 1 3 10 11 
2 0 7 8 13 12 11 
2 5 12 11 8 7 0 2 5 9 8 11 
---------------
Request id 11
4 6 7 0 1 0 7 8 13 12 
4 5 2 0 1 0 7 8 11 12 
4 5 12 11 10 3 1 3 10 13 12 
4 5 9 8 7 0 1 0 7 8 13 12 
4 5 12 13 10 3 1 3 10 11 12 
4 3 1 2 0 7 8 13 12 
4 5 2 0 1 0 7 8 13 12 
4 5 9 8 7 0 1 0 7 6 4 5 12 
4 5 9 8 7 0 2 1 3 10 13 12 
4 5 12 11 10 3 1 3 10 11 12 
4 5 12 13 8 7 0 1 0 7 6 4 5 12 
4 3 1 0 7 6 4 5 12 
4 5 9 8 7 0 1 3 4 5 12 
4 5 12 13 8 7 0 1 0 7 8 11 12 
4 6 7 0 2 1 3 10 11 12 
4 5 12 11 10 3 1 0 7 6 4 5 12 
4 6 7 0 1 0 7 8 11 12 
4 5 2 0 1 2 0 7 8 13 12 
4 5 9 8 7 0 2 1 0 7 8 11 12 
4 5 12 11 10 3 1 2 5 12 
4 5 2 1 0 2 5 12 
4 5 2 0 1 3 10 11 8 13 12 
4 5 2 1 0 7 6 4 5 12 
4 5 12 11 10 3 1 2 0 7 8 13 12 
4 3 1 0 7 8 13 12 
4 6 7 0 1 0 2 5 12 
4 3 1 3 10 11 8 13 12 
4 5 12 11 10 3 1 3 4 5 12 
4 5 2 1 3 10 11 12 
4 5 2 1 2 5 12 
---------------
Request id 14
12 5 2 1 0 1 3 10 13 12 5 5 12 13 10 11 8 9 
12 5 4 6 7 0 2 1 3 4 5 5 2 1 0 7 8 9 
12 5 9 8 7 0 2 1 3 4 5 5 4 6 7 8 9 
12 11 10 3 1 0 1 2 5 5 4 6 7 8 9 
12 5 2 0 1 2 5 5 4 3 10 11 8 9 
12 5 2 1 0 1 3 10 11 12 5 5 9 
12 11 10 3 1 0 1 3 4 5 5 12 11 10 13 8 9 
12 5 9 8 7 0 7 8 13 12 5 5 12 11 8 9 
12 13 10 3 1 0 7 8 11 12 5 5 4 6 7 8 9 
12 13 8 7 0 1 3 10 13 12 5 5 12 13 10 11 8 9 
12 5 2 1 0 2 1 3 4 5 5 4 3 10 13 8 9 
12 11 8 7 0 1 2 5 5 4 3 10 11 8 9 
12 5 4 3 1 0 7 6 4 5 5 4 6 7 8 9 
12 13 8 7 0 1 3 4 5 5 9 
12 5 2 0 7 8 9 5 5 12 11 8 9 
12 5 2 0 1 2 5 5 12 11 10 13 8 9 
12 13 10 3 1 0 7 8 13 12 5 5 12 13 8 9 
12 13 10 3 1 2 0 1 3 10 11 12 5 5 4 3 10 11 8 9 
12 11 8 7 0 1 3 10 11 12 5 5 4 6 7 8 9 
12 5 2 1 0 1 3 4 5 5 2 1 0 7 8 9 
12 5 2 0 7 8 9 5 5 4 3 10 13 8 9 
12 5 2 1 0 1 3 4 5 5 9 
12 11 10 3 1 0 2 1 3 4 5 5 12 13 8 9 
12 5 2 0 7 8 9 5 5 4 3 10 11 8 9 
12 13 10 3 1 2 0 1 3 10 13 12 5 5 2 0 7 8 9 
12 11 8 7 0 1 2 5 5 4 6 7 8 9 
12 5 2 0 7 8 9 5 5 4 6 7 8 9 
12 5 4 3 1 0 7 6 4 5 5 2 0 7 8 9 
12 5 9 8 7 0 7 8 11 12 5 5 4 6 7 8 9 
12 5 9 8 7 0 1 3 10 13 12 5 5 4 3 10 11 8 9 
---------------
Request id 13
4 6 7 0 2 1 3 4 5 2 0 0 1 3 4 5 9 
4 5 9 8 7 0 1 3 10 13 8 7 0 0 1 2 5 9 
4 5 9 8 7 0 1 2 5 9 8 7 0 0 2 1 3 4 5 9 
4 3 1 3 10 13 12 5 2 0 0 1 3 10 13 8 9 
4 3 1 3 10 13 8 7 0 0 1 3 10 13 8 9 
4 5 9 8 7 0 1 2 5 9 8 7 0 0 7 6 4 5 9 
4 5 12 11 10 3 1 3 10 13 12 5 2 0 0 7 8 13 12 5 9 
4 5 2 1 3 4 5 2 0 0 1 2 5 9 
4 5 12 11 10 3 1 2 0 0 7 8 13 12 5 9 
4 5 12 13 10 3 1 0 0 2 5 12 11 8 9 
4 5 12 13 10 3 1 3 10 13 8 7 0 0 2 5 9 
4 6 7 0 1 2 0 0 7 6 4 5 9 
4 5 9 8 7 0 1 2 5 4 6 7 0 0 7 6 4 5 9 
4 5 12 11 8 7 0 1 3 10 11 8 7 0 0 7 6 4 5 9 
4 5 9 8 7 0 2 1 3 4 6 7 0 0 2 1 3 4 5 9 
4 5 2 0 1 3 4 5 2 0 0 7 6 4 5 9 
4 5 12 13 10 3 1 3 10 11 8 7 0 0 7 8 11 12 5 9 
4 5 9 8 7 0 2 1 3 4 5 2 0 0 1 3 4 5 9 
4 5 2 0 1 3 10 11 12 5 2 0 0 1 2 5 9 
4 5 2 1 3 10 11 8 7 0 0 7 8 11 12 5 9 
4 5 12 11 8 7 0 1 3 4 5 2 0 0 1 2 5 9 
4 5 2 1 3 10 11 8 7 0 0 7 6 4 5 9 
4 5 12 13 10 3 1 0 0 7 8 9 
4 5 9 8 7 0 2 1 3 10 13 8 7 0 0 2 1 3 4 5 9 
4 6 7 0 1 3 10 11 12 5 2 0 0 7 8 11 12 5 9 
4 5 12 13 10 3 1 2 0 0 2 1 3 4 5 9 
4 5 12 13 10 3 1 3 4 5 2 0 0 2 1 3 4 5 9 
4 6 7 0 2 1 3 10 11 12 5 2 0 0 2 5 12 11 8 9 
4 5 2 1 2 5 9 8 7 0 0 1 3 10 13 8 9 
4 5 2 0 1 3 10 11 12 5 2 0 0 2 5 9 
---------------
Request id 16
11 10 3 4 5 12 11 10 3 1 0 1 2 5 2 0 7 8 9 
11 10 13 12 5 4 3 1 2 0 1 3 4 5 12 13 10 11 8 9 
11 12 5 4 3 1 2 0 2 5 9 
11 8 7 6 4 5 4 6 7 0 7 8 9 5 4 3 10 13 8 9 
11 8 13 12 5 4 3 1 0 7 6 4 5 4 3 10 11 8 9 
11 8 9 5 12 11 10 3 1 0 7 6 4 5 12 13 10 11 8 9 
11 8 9 5 4 3 1 0 1 3 10 13 12 5 12 11 10 13 8 9 
11 8 7 6 4 5 2 0 2 1 3 4 5 4 6 7 8 9 
11 10 3 1 2 5 2 0 1 2 5 12 11 10 13 8 9 
11 8 13 12 5 12 11 10 3 1 0 7 8 9 5 12 11 10 13 8 9 
11 8 7 0 2 5 9 8 7 0 1 3 10 13 12 5 2 1 0 7 8 9 
11 10 13 8 9 5 2 0 1 3 10 13 12 5 4 3 10 13 8 9 
11 8 9 5 12 13 8 7 0 2 1 3 4 5 9 
11 10 13 12 5 9 8 7 0 2 5 2 0 7 8 9 
11 8 7 0 2 5 12 11 10 3 1 0 7 8 11 12 5 2 1 0 7 8 9 
11 8 9 5 12 13 8 7 0 7 8 9 5 2 1 0 7 8 9 
11 10 13 8 9 5 4 6 7 0 7 8 13 12 5 9 
11 12 5 12 13 8 7 0 7 6 4 5 2 0 7 8 9 
11 8 7 0 2 5 2 1 0 7 8 9 5 4 3 10 11 8 9 
11 8 9 5 2 1 0 7 8 13 12 5 12 13 8 9 
11 10 13 8 9 5 4 3 1 0 7 8 9 5 12 13 8 9 
11 8 9 5 9 8 7 0 2 1 3 4 5 9 
11 8 7 6 4 5 4 3 1 0 7 8 11 12 5 12 13 8 9 
11 10 13 8 9 5 12 13 8 7 0 7 8 9 5 4 3 10 11 8 9 
11 8 7 0 2 5 12 13 10 3 1 0 1 3 10 11 12 5 12 13 10 11 8 9 
11 8 7 0 2 5 2 1 0 1 3 10 13 12 5 2 0 7 8 9 
11 12 5 4 3 1 2 0 2 1 3 4 5 12 13 10 11 8 9 
11 10 3 4 5 9 8 7 0 1 3 10 13 12 5 4 6 7 8 9 
11 10 3 1 2 5 12 11 8 7 0 7 8 9 5 2 0 7 8 9 
11 8 7 6 4 5 12 13 10 3 1 0 1 3 10 11 12 5 2 0 7 8 9 
---------------
Request id 4
13 12 5 4 3 1 0 7 8 11 
13 8 7 0 2 1 3 4 5 12 11 
13 12 5 2 0 1 2 5 9 8 11 
13 12 5 4 3 1 2 5 12 11 
13 8 9 5 2 1 2 5 9 8 11 
13 10 3 1 2 5 12 13 8 11 
13 12 5 2 0 1 0 2 5 12 11 
13 8 11 10 3 1 3 10 13 8 11 
13 8 7 0 2 1 2 5 12 11 
13 12 5 4 3 1 0 2 5 12 11 
13 12 11 8 7 0 1 0 7 8 11 
13 12 5 2 0 1 2 0 7 8 11 
13 12 5 4 3 1 3 10 13 8 11 
13 12 5 2 1 3 10 13 8 11 
13 12 5 4 3 1 2 5 12 13 8 11 
13 12 11 8 7 0 1 2 5 12 13 8 11 
13 8 7 0 1 0 7 8 11 
13 12 5 4 3 1 2 0 7 8 11 
13 8 7 0 2 1 0 7 8 11 
13 12 11 10 3 1 3 4 5 12 11 
13 12 5 2 0 1 0 7 8 11 
13 8 7 0 2 1 3 10 13 8 11 
13 12 5 2 1 2 5 12 11 
13 12 11 8 7 0 1 2 5 12 11 
13 8 7 0 1 2 0 7 8 11 
13 12 11 10 3 1 3 10 11 
13 12 11 10 3 1 3 10 13 12 11 
13 8 11 10 3 1 0 2 5 12 11 
13 10 3 1 3 4 5 12 11 
13 8 11 10 3 1 0 7 8 11 
---------------
Request id 8
12 5 5 5 12 13 8 11 
12 13 8 7 6 4 5 5 5 9 8 13 12 11 
12 11 8 7 0 2 5 5 5 4 6 7 8 11 
12 13 10 3 4 5 5 5 9 8 11 
12 5 5 5 9 8 13 10 11 
12 13 8 7 6 4 5 5 5 2 1 3 10 11 
12 5 5 5 4 3 10 11 
12 11 10 3 4 5 5 5 9 8 11 
12 11 8 9 5 5 5 2 1 3 10 11 
12 13 8 9 5 5 5 9 8 11 
12 13 10 3 4 5 5 5 4 6 7 8 11 
12 11 10 3 1 2 5 5 5 4 3 10 11 
12 11 10 13 8 9 5 5 5 4 3 10 11 
12 13 8 7 6 4 5 5 5 12 13 8 11 
12 5 5 5 2 1 3 10 11 
12 11 8 9 5 5 5 9 8 13 12 11 
12 11 8 9 5 5 5 2 0 7 8 11 
12 11 8 7 0 2 5 5 5 9 8 11 
12 11 8 7 0 2 5 5 5 9 8 13 10 11 
12 11 10 3 4 5 5 5 12 13 10 11 
12 13 8 9 5 5 5 12 13 10 11 
12 13 8 7 6 4 5 5 5 4 3 10 11 
12 11 8 7 6 4 5 5 5 4 6 7 8 11 
12 11 8 9 5 5 5 12 11 
12 11 10 3 1 2 5 5 5 12 11 
12 13 10 3 4 5 5 5 2 0 7 8 11 
12 11 10 3 1 2 5 5 5 2 1 3 10 11 
12 13 8 7 6 4 5 5 5 9 8 13 10 11 
12 11 10 3 4 5 5 5 9 8 13 12 11 
12 13 8 7 6 4 5 5 5 4 6 7 8 11 
---------------
Request id 20
10 13 8 7 0 2 5 4 6 
10 3 1 2 0 7 6 
10 11 8 7 0 1 3 4 6 
10 3 1 2 0 2 5 4 6 
10 3 4 5 2 0 2 5 9 8 7 6 
10 11 8 9 5 2 0 2 5 9 8 7 6 
10 13 8 7 0 1 3 10 13 8 7 6 
10 11 12 5 2 0 7 8 13 10 3 4 6 
10 13 12 5 2 0 1 3 4 6 
10 3 4 5 2 1 0 7 6 
10 3 1 2 0 7 8 13 10 3 4 6 
10 3 4 5 2 1 0 1 3 4 6 
10 3 4 6 7 0 7 8 13 10 3 4 6 
10 11 8 9 5 2 0 7 6 
10 3 4 5 2 0 1 2 5 4 6 
10 13 12 5 2 0 2 5 4 6 
10 3 1 2 0 2 1 3 4 6 
10 13 8 7 0 2 5 12 13 8 7 6 
10 13 12 5 2 0 7 8 9 5 4 6 
10 11 12 5 2 0 2 5 4 6 
10 11 8 7 0 2 5 4 6 
10 13 8 7 0 2 1 3 4 6 
10 11 8 7 0 2 5 9 8 7 6 
10 13 8 7 0 7 6 
10 11 8 9 5 2 0 2 5 4 6 
10 11 12 5 2 0 2 1 3 4 6 
10 11 8 9 5 2 0 1 2 5 4 6 
10 3 1 2 0 2 5 9 8 7 6 
10 3 4 5 2 0 7 8 9 5 4 6 
10 13 12 5 2 0 2 1 3 4 6 
---------------
Request id 7
9 8 13 12 5 12 11 10 3 4 6 
9 8 11 10 13 12 5 12 11 10 3 4 6 
9 8 13 10 3 4 5 12 13 10 3 4 6 
9 8 7 0 1 2 5 4 3 1 0 7 6 
9 8 11 12 5 12 11 8 7 6 
9 8 13 10 3 4 5 12 11 10 3 4 6 
9 8 11 10 3 4 5 12 13 8 7 6 
9 8 7 6 4 5 2 1 0 7 6 
9 8 11 10 3 4 5 4 3 1 0 7 6 
9 8 13 12 5 2 0 7 6 
9 8 11 10 13 12 5 4 6 
9 8 13 12 5 4 3 1 0 7 6 
9 5 2 1 0 7 6 
9 8 11 10 13 12 5 2 1 3 4 6 
9 5 2 0 7 6 
9 8 13 10 3 4 5 2 1 3 4 6 
9 8 11 10 13 12 5 12 13 10 3 4 6 
9 8 11 12 5 2 1 0 7 6 
9 5 12 13 10 3 4 6 
9 8 11 12 5 4 3 1 0 7 6 
9 5 2 1 3 4 6 
9 8 11 10 3 4 5 2 1 0 7 6 
9 8 7 0 1 2 5 4 6 
9 8 13 10 11 12 5 12 13 8 7 6 
9 8 7 0 1 2 5 12 13 10 3 4 6 
9 8 7 0 2 5 2 1 3 4 6 
9 8 13 12 5 12 13 10 3 4 6 
9 8 7 0 1 2 5 12 11 10 3 4 6 
9 8 13 12 5 4 6 
9 8 11 10 3 4 5 12 11 8 7 6 
---------------
Request id 15
2 5 4 6 7 0 1 3 10 11 8 7 0 1 3 10 11 12 5 9 8 11 12 
2 0 1 3 10 13 12 5 2 0 1 3 10 13 12 5 9 8 13 10 11 12 
2 5 4 3 1 0 7 6 4 5 2 0 7 8 13 12 
2 5 4 6 7 0 1 2 5 9 8 7 0 1 2 5 2 1 3 10 11 12 
2 0 7 6 4 3 1 3 4 6 7 0 2 5 4 3 10 13 12 
2 5 4 6 7 0 1 3 4 6 7 0 1 3 10 13 12 5 12 
2 5 12 13 10 3 1 3 4 5 2 0 1 3 10 13 12 5 9 8 13 10 11 12 
2 0 7 8 13 10 3 1 0 2 5 4 3 10 13 12 
2 5 12 13 10 3 1 0 7 8 11 12 5 2 0 7 8 11 12 
2 5 4 3 1 3 10 13 12 5 2 0 7 6 4 5 4 3 10 13 12 
2 0 1 3 10 13 8 7 0 1 3 10 13 12 5 4 3 10 13 12 
2 5 9 8 7 0 1 2 0 1 3 10 11 12 5 12 
2 5 9 8 7 0 1 2 5 9 8 7 0 7 8 13 12 5 2 0 7 8 11 12 
2 5 12 13 10 3 1 3 10 11 12 5 2 0 2 5 12 
2 5 4 6 7 0 1 2 0 7 8 11 12 5 4 3 10 11 12 
2 5 12 13 8 7 0 1 3 10 11 8 7 0 7 8 9 5 4 6 7 8 11 12 
2 1 3 10 11 12 5 2 0 1 2 5 9 8 11 12 
2 5 12 11 10 3 1 2 5 4 6 7 0 1 2 5 12 
2 5 4 6 7 0 1 2 5 9 8 7 0 1 2 5 2 0 7 8 13 12 
2 0 1 3 10 11 8 7 0 1 2 5 2 0 7 8 11 12 
2 5 12 11 10 3 1 2 5 4 6 7 0 1 2 5 4 3 10 11 12 
2 5 12 11 10 3 1 3 10 11 8 7 0 1 2 5 2 0 7 8 13 12 
2 5 9 8 7 0 1 2 5 4 6 7 0 1 3 10 11 12 5 4 6 7 8 11 12 
2 5 12 13 8 7 0 1 3 10 13 8 7 0 7 8 11 12 5 2 0 7 8 11 12 
2 5 4 6 7 0 1 2 5 9 8 7 0 1 3 10 13 12 5 4 3 10 11 12 
2 0 7 8 13 10 3 1 3 10 13 12 5 2 0 1 3 10 13 12 5 9 8 11 12 
2 5 12 11 10 3 1 3 4 5 2 0 7 8 11 12 5 2 0 7 8 13 12 
2 5 4 3 1 2 0 1 2 5 12 
2 5 12 13 8 7 0 1 0 7 6 4 5 4 3 10 13 12 
2 5 12 11 10 3 1 2 0 1 3 10 11 12 5 2 0 7 8 11 12 
---------------
Request id 10
10 13 12 5 2 0 1 2 5 4 3 1 2 0 2 5 12 11 8 9 
10 3 4 5 2 0 1 3 10 13 12 5 12 13 8 7 0 2 1 3 4 5 9 
10 3 4 5 2 1 0 1 2 5 4 6 7 0 2 1 3 4 5 9 
10 13 8 7 0 2 1 3 4 5 9 8 7 0 1 3 4 5 9 
10 3 1 0 7 8 13 12 5 4 3 1 0 7 8 11 12 5 9 
10 3 4 5 2 1 0 7 8 13 12 5 12 11 8 7 0 7 8 9 
10 11 8 7 0 7 8 13 12 5 2 0 7 8 11 12 5 9 
10 3 4 5 2 0 1 3 10 13 12 5 2 1 0 1 3 10 13 8 9 
10 3 4 5 2 0 1 2 5 12 11 8 7 0 7 8 13 12 5 9 
10 3 4 6 7 0 1 3 4 5 12 13 8 7 0 7 6 4 5 9 
10 13 8 7 0 2 1 3 4 5 12 11 8 7 0 1 2 5 9 
10 3 4 5 2 1 0 1 2 5 12 11 10 3 1 0 7 8 13 12 5 9 
10 3 4 5 2 1 0 7 8 11 12 5 12 11 8 7 0 2 1 3 4 5 9 
10 13 8 7 0 7 8 9 5 4 6 7 0 7 8 11 12 5 9 
10 3 1 0 7 8 11 12 5 12 13 8 7 0 7 6 4 5 9 
10 3 1 2 0 1 3 10 11 12 5 12 13 8 7 0 2 5 9 
10 13 8 7 0 7 8 13 12 5 4 6 7 0 2 1 3 4 5 9 
10 11 12 5 2 0 7 8 13 12 5 9 8 7 0 1 3 10 13 8 9 
10 3 4 5 2 0 1 2 5 12 11 8 7 0 1 2 5 9 
10 13 12 5 2 0 1 3 10 11 12 5 12 13 10 3 1 0 1 3 10 13 8 9 
10 3 1 0 1 3 10 13 12 5 12 13 10 3 1 0 1 3 10 13 8 9 
10 11 8 7 0 1 3 10 11 12 5 12 13 8 7 0 2 1 3 4 5 9 
10 3 4 5 2 0 2 1 3 4 5 12 11 10 3 1 0 1 3 4 5 9 
10 11 8 7 0 7 8 11 12 5 4 3 1 2 0 7 6 4 5 9 
10 11 8 7 0 7 8 13 12 5 4 6 7 0 7 8 9 
10 11 8 7 0 2 1 3 4 5 12 13 10 3 1 0 1 3 4 5 9 
10 3 1 0 7 8 13 12 5 4 3 1 0 2 1 3 4 5 9 
10 13 12 5 2 1 0 2 1 3 4 5 4 3 1 0 2 5 12 11 8 9 
10 13 12 5 2 0 2 1 3 4 5 4 3 1 2 0 7 8 13 12 5 9 
10 13 12 5 2 1 0 1 3 10 11 12 5 2 0 7 8 9 
---------------
Request id 6
3 10 13 12 5 5 2 1 3 10 
3 1 2 5 5 12 11 8 13 10 
3 4 5 5 9 8 11 10 
3 10 11 12 5 5 4 3 10 
3 4 5 5 9 8 13 12 11 10 
3 10 11 8 9 5 5 2 0 1 3 10 
3 10 13 8 9 5 5 2 1 3 10 
3 1 2 5 5 9 8 13 10 
3 10 11 8 9 5 5 2 1 3 10 
3 4 6 7 0 2 5 5 12 13 10 
3 4 6 7 0 2 5 5 12 13 8 11 10 
3 1 0 2 5 5 2 0 1 3 10 
3 10 11 8 13 12 5 5 4 3 10 
3 10 11 8 13 12 5 5 9 8 13 12 11 10 
3 4 6 7 0 2 5 5 9 8 11 10 
3 1 2 5 5 4 3 10 
3 4 5 5 4 3 10 
3 10 13 8 11 12 5 5 4 3 10 
3 10 13 8 9 5 5 12 13 10 
3 4 6 7 0 2 5 5 12 11 10 
3 10 13 12 5 5 9 8 13 10 
3 10 11 12 5 5 12 11 10 
3 10 11 8 9 5 5 9 8 13 12 11 10 
3 10 13 12 5 5 12 11 8 13 10 
3 4 5 5 12 13 10 
3 10 13 8 11 12 5 5 12 13 8 11 10 
3 1 0 2 5 5 12 11 8 13 10 
3 10 13 8 9 5 5 12 13 8 11 10 
3 4 6 7 0 2 5 5 9 8 13 12 11 10 
3 4 5 5 12 11 10 
---------------
