Request id 30
66 67 69 71 72 71 69 67 66 63 58 56 40 
66 67 69 71 72 71 69 67 66 63 66 62 61 41 40 
66 67 69 71 72 71 69 67 66 63 58 56 59 61 41 40 
66 67 69 71 72 71 69 67 66 63 66 62 54 46 41 40 
66 67 69 71 72 71 69 67 66 63 66 62 61 59 56 40 
66 67 69 71 72 71 69 67 66 63 58 55 49 42 51 56 40 
66 67 69 71 72 71 69 67 66 63 58 56 51 42 38 39 40 
66 67 69 71 72 71 69 67 66 63 58 55 49 42 38 39 40 
66 67 69 71 72 71 69 67 66 63 66 67 68 65 54 46 41 40 
66 67 69 71 72 71 69 67 66 63 66 62 54 46 41 61 59 56 40 
66 67 69 71 72 71 69 68 67 66 63 58 56 40 
66 67 69 71 72 71 69 68 67 66 63 66 62 61 41 40 
66 67 69 71 72 71 69 68 67 66 63 58 56 59 61 41 40 
66 67 69 71 72 71 69 68 67 66 63 66 62 54 46 41 40 
66 67 69 71 72 71 69 68 67 66 63 66 62 61 59 56 40 
66 67 69 71 72 71 69 68 67 66 63 58 55 49 42 51 56 40 
66 67 69 71 72 71 69 68 67 66 63 58 56 51 42 38 39 40 
66 67 69 71 72 71 69 68 67 66 63 58 55 49 42 38 39 40 
66 67 69 71 72 71 69 68 67 66 63 66 67 68 65 54 46 41 40 
66 67 69 71 72 71 69 68 67 66 63 66 62 54 46 41 61 59 56 40 
66 67 69 71 72 71 69 68 65 54 62 66 63 58 56 40 
66 67 69 71 72 71 69 68 65 54 62 66 63 66 62 61 41 40 
66 67 69 71 72 71 69 68 65 54 62 66 63 58 56 59 61 41 40 
66 67 69 71 72 71 69 68 65 54 62 66 63 66 62 54 46 41 40 
66 67 69 71 72 71 69 68 65 54 62 66 63 66 62 61 59 56 40 
66 67 69 71 72 71 69 68 65 54 62 66 63 58 55 49 42 51 56 40 
66 67 69 71 72 71 69 68 65 54 62 66 63 58 56 51 42 38 39 40 
66 67 69 71 72 71 69 68 65 54 62 66 63 58 55 49 42 38 39 40 
66 67 69 71 72 71 69 68 65 54 62 66 63 66 67 68 65 54 46 41 40 
66 67 69 71 72 71 69 68 65 54 62 66 63 66 62 54 46 41 61 59 56 40 
66 67 69 71 72 71 69 67 68 65 54 62 66 63 58 56 40 
66 67 69 71 72 71 69 67 68 65 54 62 66 63 66 62 61 41 40 
66 67 69 71 72 71 69 67 68 65 54 62 66 63 58 56 59 61 41 40 
66 67 69 71 72 71 69 67 68 65 54 62 66 63 66 62 54 46 41 40 
66 67 69 71 72 71 69 67 68 65 54 62 66 63 66 62 61 59 56 40 
66 67 69 71 72 71 69 67 68 65 54 62 66 63 58 55 49 42 51 56 40 
66 67 69 71 72 71 69 67 68 65 54 62 66 63 58 56 51 42 38 39 40 
66 67 69 71 72 71 69 67 68 65 54 62 66 63 58 55 49 42 38 39 40 
66 67 69 71 72 71 69 67 68 65 54 62 66 63 66 67 68 65 54 46 41 40 
66 67 69 71 72 71 69 67 68 65 54 62 66 63 66 62 54 46 41 61 59 56 40 
---------------
Request id 2
69 68 65 54 46 41 40 39 33 39 40 56 
69 68 65 54 46 41 40 39 33 39 38 42 51 56 
69 68 65 54 46 41 40 39 33 39 40 41 61 59 56 
69 68 65 54 46 41 40 39 33 39 38 42 49 55 58 56 
69 68 65 54 46 41 40 39 33 30 24 23 26 28 32 40 56 
69 68 65 54 46 41 40 39 33 39 40 41 61 62 66 63 58 56 
69 68 65 54 46 41 40 39 33 30 24 27 31 34 38 39 40 56 
69 68 65 54 46 41 40 39 33 30 24 27 31 34 38 42 51 56 
69 68 65 54 46 41 40 39 33 30 24 16 18 25 28 32 40 56 
69 68 65 54 46 41 40 39 33 39 40 41 46 54 62 61 59 56 
69 67 66 62 61 41 40 39 33 39 40 56 
69 67 66 62 61 41 40 39 33 39 38 42 51 56 
69 67 66 62 61 41 40 39 33 39 40 41 61 59 56 
69 67 66 62 61 41 40 39 33 39 38 42 49 55 58 56 
69 67 66 62 61 41 40 39 33 30 24 23 26 28 32 40 56 
69 67 66 62 61 41 40 39 33 39 40 41 61 62 66 63 58 56 
69 67 66 62 61 41 40 39 33 30 24 27 31 34 38 39 40 56 
69 67 66 62 61 41 40 39 33 30 24 27 31 34 38 42 51 56 
69 67 66 62 61 41 40 39 33 30 24 16 18 25 28 32 40 56 
69 67 66 62 61 41 40 39 33 39 40 41 46 54 62 61 59 56 
69 67 66 63 58 56 40 39 33 39 40 56 
69 67 66 63 58 56 40 39 33 39 38 42 51 56 
69 67 66 63 58 56 40 39 33 39 40 41 61 59 56 
69 67 66 63 58 56 40 39 33 39 38 42 49 55 58 56 
69 67 66 63 58 56 40 39 33 30 24 23 26 28 32 40 56 
69 67 66 63 58 56 40 39 33 39 40 41 61 62 66 63 58 56 
69 67 66 63 58 56 40 39 33 30 24 27 31 34 38 39 40 56 
69 67 66 63 58 56 40 39 33 30 24 27 31 34 38 42 51 56 
69 67 66 63 58 56 40 39 33 30 24 16 18 25 28 32 40 56 
69 67 66 63 58 56 40 39 33 39 40 41 46 54 62 61 59 56 
69 68 67 66 63 58 56 40 39 33 39 40 56 
69 68 67 66 63 58 56 40 39 33 39 38 42 51 56 
69 68 67 66 63 58 56 40 39 33 39 40 41 61 59 56 
69 68 67 66 63 58 56 40 39 33 39 38 42 49 55 58 56 
69 68 67 66 63 58 56 40 39 33 30 24 23 26 28 32 40 56 
69 68 67 66 63 58 56 40 39 33 39 40 41 61 62 66 63 58 56 
69 68 67 66 63 58 56 40 39 33 30 24 27 31 34 38 39 40 56 
69 68 67 66 63 58 56 40 39 33 30 24 27 31 34 38 42 51 56 
69 68 67 66 63 58 56 40 39 33 30 24 16 18 25 28 32 40 56 
69 68 67 66 63 58 56 40 39 33 39 40 41 46 54 62 61 59 56 
---------------
Request id 17
13 11 16 24 30 24 27 31 34 43 34 
13 11 16 24 30 24 27 31 34 43 47 52 53 50 49 42 38 34 
13 11 16 24 30 24 27 31 34 43 47 52 53 50 49 55 58 56 51 42 38 34 
13 11 16 24 30 24 27 31 34 43 47 52 53 50 49 42 51 56 40 39 38 34 
13 11 16 24 30 24 27 31 34 43 47 52 53 50 49 55 58 56 40 39 38 34 
13 11 16 24 30 24 27 31 34 43 47 52 53 50 49 42 38 39 33 30 24 27 31 34 
13 11 16 24 30 24 27 31 34 43 47 52 53 50 49 42 51 56 59 61 41 40 39 38 34 
13 11 16 24 30 24 27 31 34 43 47 52 53 50 49 55 58 56 59 61 41 40 39 38 34 
13 11 16 24 30 24 27 31 34 43 47 52 53 50 49 55 58 56 40 39 33 30 24 27 31 34 
13 11 16 24 30 24 27 31 34 43 47 52 53 50 49 42 51 56 40 39 33 30 24 27 31 34 
13 11 16 24 30 33 39 38 34 43 34 
13 11 16 24 30 33 39 38 34 43 47 52 53 50 49 42 38 34 
13 11 16 24 30 33 39 38 34 43 47 52 53 50 49 55 58 56 51 42 38 34 
13 11 16 24 30 33 39 38 34 43 47 52 53 50 49 42 51 56 40 39 38 34 
13 11 16 24 30 33 39 38 34 43 47 52 53 50 49 55 58 56 40 39 38 34 
13 11 16 24 30 33 39 38 34 43 47 52 53 50 49 42 38 39 33 30 24 27 31 34 
13 11 16 24 30 33 39 38 34 43 47 52 53 50 49 42 51 56 59 61 41 40 39 38 34 
13 11 16 24 30 33 39 38 34 43 47 52 53 50 49 55 58 56 59 61 41 40 39 38 34 
13 11 16 24 30 33 39 38 34 43 47 52 53 50 49 55 58 56 40 39 33 30 24 27 31 34 
13 11 16 24 30 33 39 38 34 43 47 52 53 50 49 42 51 56 40 39 33 30 24 27 31 34 
13 11 16 24 30 24 20 17 21 22 27 31 34 43 34 
13 11 16 24 30 24 20 17 21 22 27 31 34 43 47 52 53 50 49 42 38 34 
13 11 16 24 30 24 20 17 21 22 27 31 34 43 47 52 53 50 49 55 58 56 51 42 38 34 
13 11 16 24 30 24 20 17 21 22 27 31 34 43 47 52 53 50 49 42 51 56 40 39 38 34 
13 11 16 24 30 24 20 17 21 22 27 31 34 43 47 52 53 50 49 55 58 56 40 39 38 34 
13 11 16 24 30 24 20 17 21 22 27 31 34 43 47 52 53 50 49 42 38 39 33 30 24 27 31 34 
13 11 16 24 30 24 20 17 21 22 27 31 34 43 47 52 53 50 49 42 51 56 59 61 41 40 39 38 34 
13 11 16 24 30 24 20 17 21 22 27 31 34 43 47 52 53 50 49 55 58 56 59 61 41 40 39 38 34 
13 11 16 24 30 24 20 17 21 22 27 31 34 43 47 52 53 50 49 55 58 56 40 39 33 30 24 27 31 34 
13 11 16 24 30 24 20 17 21 22 27 31 34 43 47 52 53 50 49 42 51 56 40 39 33 30 24 27 31 34 
13 11 16 24 30 33 39 40 56 51 42 38 34 43 34 
13 11 16 24 30 33 39 40 56 51 42 38 34 43 47 52 53 50 49 42 38 34 
13 11 16 24 30 33 39 40 56 51 42 38 34 43 47 52 53 50 49 55 58 56 51 42 38 34 
13 11 16 24 30 33 39 40 56 51 42 38 34 43 47 52 53 50 49 42 51 56 40 39 38 34 
13 11 16 24 30 33 39 40 56 51 42 38 34 43 47 52 53 50 49 55 58 56 40 39 38 34 
13 11 16 24 30 33 39 40 56 51 42 38 34 43 47 52 53 50 49 42 38 39 33 30 24 27 31 34 
13 11 16 24 30 33 39 40 56 51 42 38 34 43 47 52 53 50 49 42 51 56 59 61 41 40 39 38 34 
13 11 16 24 30 33 39 40 56 51 42 38 34 43 47 52 53 50 49 55 58 56 59 61 41 40 39 38 34 
13 11 16 24 30 33 39 40 56 51 42 38 34 43 47 52 53 50 49 55 58 56 40 39 33 30 24 27 31 34 
13 11 16 24 30 33 39 40 56 51 42 38 34 43 47 52 53 50 49 42 51 56 40 39 33 30 24 27 31 34 
---------------
Request id 13
54 65 64 60 57 48 44 45 37 36 29 25 18 16 17 14 
54 65 64 60 57 48 44 45 37 35 32 28 25 18 16 17 14 
54 65 64 60 57 48 44 45 37 36 29 25 18 16 11 12 14 
54 65 64 60 57 48 44 45 37 36 29 25 18 13 11 12 14 
54 65 64 60 57 48 44 45 37 36 29 19 15 18 16 17 14 
54 65 64 60 57 48 44 45 37 36 29 25 18 13 11 16 17 14 
54 65 64 60 57 48 44 45 37 35 32 28 25 18 16 11 12 14 
54 65 64 60 57 48 44 45 37 35 32 28 26 23 24 20 17 14 
54 65 64 60 57 48 44 48 46 41 40 39 33 30 24 20 17 14 
54 65 64 60 57 48 44 45 37 35 32 28 25 18 13 11 12 14 
54 65 64 60 64 65 54 46 48 44 45 37 36 29 25 18 16 17 14 
54 65 64 60 64 65 54 46 48 44 45 37 35 32 28 25 18 16 17 14 
54 65 64 60 64 65 54 46 48 44 45 37 36 29 25 18 16 11 12 14 
54 65 64 60 64 65 54 46 48 44 45 37 36 29 25 18 13 11 12 14 
54 65 64 60 64 65 54 46 48 44 45 37 36 29 19 15 18 16 17 14 
54 65 64 60 64 65 54 46 48 44 45 37 36 29 25 18 13 11 16 17 14 
54 65 64 60 64 65 54 46 48 44 45 37 35 32 28 25 18 16 11 12 14 
54 65 64 60 64 65 54 46 48 44 45 37 35 32 28 26 23 24 20 17 14 
54 65 64 60 64 65 54 46 48 44 48 46 41 40 39 33 30 24 20 17 14 
54 65 64 60 64 65 54 46 48 44 45 37 35 32 28 25 18 13 11 12 14 
54 65 64 60 64 65 54 62 61 41 46 48 44 45 37 36 29 25 18 16 17 14 
54 65 64 60 64 65 54 62 61 41 46 48 44 45 37 35 32 28 25 18 16 17 14 
54 65 64 60 64 65 54 62 61 41 46 48 44 45 37 36 29 25 18 16 11 12 14 
54 65 64 60 64 65 54 62 61 41 46 48 44 45 37 36 29 25 18 13 11 12 14 
54 65 64 60 64 65 54 62 61 41 46 48 44 45 37 36 29 19 15 18 16 17 14 
54 65 64 60 64 65 54 62 61 41 46 48 44 45 37 36 29 25 18 13 11 16 17 14 
54 65 64 60 64 65 54 62 61 41 46 48 44 45 37 35 32 28 25 18 16 11 12 14 
54 65 64 60 64 65 54 62 61 41 46 48 44 45 37 35 32 28 26 23 24 20 17 14 
54 65 64 60 64 65 54 62 61 41 46 48 44 48 46 41 40 39 33 30 24 20 17 14 
54 65 64 60 64 65 54 62 61 41 46 48 44 45 37 35 32 28 25 18 13 11 12 14 
54 65 64 60 57 48 46 41 40 32 35 37 45 44 45 37 36 29 25 18 16 17 14 
54 65 64 60 57 48 46 41 40 32 35 37 45 44 45 37 35 32 28 25 18 16 17 14 
54 65 64 60 57 48 46 41 40 32 35 37 45 44 45 37 36 29 25 18 16 11 12 14 
54 65 64 60 57 48 46 41 40 32 35 37 45 44 45 37 36 29 25 18 13 11 12 14 
54 65 64 60 57 48 46 41 40 32 35 37 45 44 45 37 36 29 19 15 18 16 17 14 
54 65 64 60 57 48 46 41 40 32 35 37 45 44 45 37 36 29 25 18 13 11 16 17 14 
54 65 64 60 57 48 46 41 40 32 35 37 45 44 45 37 35 32 28 25 18 16 11 12 14 
54 65 64 60 57 48 46 41 40 32 35 37 45 44 45 37 35 32 28 26 23 24 20 17 14 
54 65 64 60 57 48 46 41 40 32 35 37 45 44 48 46 41 40 39 33 30 24 20 17 14 
54 65 64 60 57 48 46 41 40 32 35 37 45 44 45 37 35 32 28 25 18 13 11 12 14 
---------------
Request id 22
25 18 16 24 27 31 34 43 47 52 47 43 34 31 27 24 16 11 6 
25 18 16 24 27 31 34 43 47 52 47 43 34 38 39 33 30 24 16 11 6 
25 18 16 24 27 31 34 43 47 52 47 43 34 31 27 24 16 11 13 3 6 
25 18 16 24 27 31 34 43 47 52 47 43 34 31 27 24 20 17 16 11 6 
25 18 16 24 27 31 34 43 47 52 47 43 34 31 27 24 16 18 13 3 6 
25 18 16 24 27 31 34 43 47 52 47 43 34 31 27 22 21 17 16 11 6 
25 18 16 24 27 31 34 43 47 52 47 43 34 31 27 24 16 18 13 11 6 
25 18 16 24 27 31 34 43 47 52 53 50 49 42 38 34 31 27 24 16 11 6 
25 18 16 24 27 31 34 43 47 52 47 43 34 31 27 22 21 17 14 12 11 6 
25 18 16 24 27 31 34 43 47 52 53 50 49 42 38 39 33 30 24 16 11 6 
25 28 32 40 39 38 34 43 47 52 47 43 34 31 27 24 16 11 6 
25 28 32 40 39 38 34 43 47 52 47 43 34 38 39 33 30 24 16 11 6 
25 28 32 40 39 38 34 43 47 52 47 43 34 31 27 24 16 11 13 3 6 
25 28 32 40 39 38 34 43 47 52 47 43 34 31 27 24 20 17 16 11 6 
25 28 32 40 39 38 34 43 47 52 47 43 34 31 27 24 16 18 13 3 6 
25 28 32 40 39 38 34 43 47 52 47 43 34 31 27 22 21 17 16 11 6 
25 28 32 40 39 38 34 43 47 52 47 43 34 31 27 24 16 18 13 11 6 
25 28 32 40 39 38 34 43 47 52 53 50 49 42 38 34 31 27 24 16 11 6 
25 28 32 40 39 38 34 43 47 52 47 43 34 31 27 22 21 17 14 12 11 6 
25 28 32 40 39 38 34 43 47 52 53 50 49 42 38 39 33 30 24 16 11 6 
25 28 26 23 24 27 31 34 43 47 52 47 43 34 31 27 24 16 11 6 
25 28 26 23 24 27 31 34 43 47 52 47 43 34 38 39 33 30 24 16 11 6 
25 28 26 23 24 27 31 34 43 47 52 47 43 34 31 27 24 16 11 13 3 6 
25 28 26 23 24 27 31 34 43 47 52 47 43 34 31 27 24 20 17 16 11 6 
25 28 26 23 24 27 31 34 43 47 52 47 43 34 31 27 24 16 18 13 3 6 
25 28 26 23 24 27 31 34 43 47 52 47 43 34 31 27 22 21 17 16 11 6 
25 28 26 23 24 27 31 34 43 47 52 47 43 34 31 27 24 16 18 13 11 6 
25 28 26 23 24 27 31 34 43 47 52 53 50 49 42 38 34 31 27 24 16 11 6 
25 28 26 23 24 27 31 34 43 47 52 47 43 34 31 27 22 21 17 14 12 11 6 
25 28 26 23 24 27 31 34 43 47 52 53 50 49 42 38 39 33 30 24 16 11 6 
25 28 32 40 56 51 42 49 50 53 52 47 43 34 31 27 24 16 11 6 
25 28 32 40 56 51 42 49 50 53 52 47 43 34 38 39 33 30 24 16 11 6 
25 28 32 40 56 51 42 49 50 53 52 47 43 34 31 27 24 16 11 13 3 6 
25 28 32 40 56 51 42 49 50 53 52 47 43 34 31 27 24 20 17 16 11 6 
25 28 32 40 56 51 42 49 50 53 52 47 43 34 31 27 24 16 18 13 3 6 
25 28 32 40 56 51 42 49 50 53 52 47 43 34 31 27 22 21 17 16 11 6 
25 28 32 40 56 51 42 49 50 53 52 47 43 34 31 27 24 16 18 13 11 6 
25 28 32 40 56 51 42 49 50 53 52 53 50 49 42 38 34 31 27 24 16 11 6 
25 28 32 40 56 51 42 49 50 53 52 47 43 34 31 27 22 21 17 14 12 11 6 
25 28 32 40 56 51 42 49 50 53 52 53 50 49 42 38 39 33 30 24 16 11 6 
---------------
Request id 4
66 63 58 56 40 39 33 39 38 42 49 50 49 42 38 39 33 30 24 16 11 6 8 
66 63 58 56 40 39 33 39 38 42 49 50 49 42 38 34 31 27 24 16 11 6 8 
66 63 58 56 40 39 33 39 38 42 49 50 53 52 47 43 34 31 27 24 16 11 6 8 
66 63 58 56 40 39 33 39 38 42 49 50 49 42 38 39 33 30 24 16 11 12 10 8 
66 63 58 56 40 39 33 39 38 42 49 50 49 42 38 34 31 27 24 16 11 12 10 8 
66 63 58 56 40 39 33 39 38 42 49 50 49 55 58 56 40 32 28 25 18 13 3 6 8 
66 63 58 56 40 39 33 39 38 42 49 50 49 42 38 39 40 32 28 25 18 13 3 6 8 
66 63 58 56 40 39 33 39 38 42 49 50 49 42 51 56 40 39 33 30 24 16 11 6 8 
66 63 58 56 40 39 33 39 38 42 49 50 49 42 38 34 31 27 22 21 17 14 12 10 8 
66 63 58 56 40 39 33 39 38 42 49 50 49 42 38 34 31 27 24 20 17 16 11 6 8 
66 63 58 56 40 39 33 39 40 56 58 55 49 50 49 42 38 39 33 30 24 16 11 6 8 
66 63 58 56 40 39 33 39 40 56 58 55 49 50 49 42 38 34 31 27 24 16 11 6 8 
66 63 58 56 40 39 33 39 40 56 58 55 49 50 53 52 47 43 34 31 27 24 16 11 6 8 
66 63 58 56 40 39 33 39 40 56 58 55 49 50 49 42 38 39 33 30 24 16 11 12 10 8 
66 63 58 56 40 39 33 39 40 56 58 55 49 50 49 42 38 34 31 27 24 16 11 12 10 8 
66 63 58 56 40 39 33 39 40 56 58 55 49 50 49 55 58 56 40 32 28 25 18 13 3 6 8 
66 63 58 56 40 39 33 39 40 56 58 55 49 50 49 42 38 39 40 32 28 25 18 13 3 6 8 
66 63 58 56 40 39 33 39 40 56 58 55 49 50 49 42 51 56 40 39 33 30 24 16 11 6 8 
66 63 58 56 40 39 33 39 40 56 58 55 49 50 49 42 38 34 31 27 22 21 17 14 12 10 8 
66 63 58 56 40 39 33 39 40 56 58 55 49 50 49 42 38 34 31 27 24 20 17 16 11 6 8 
66 63 58 56 40 39 33 39 40 56 51 42 49 50 49 42 38 39 33 30 24 16 11 6 8 
66 63 58 56 40 39 33 39 40 56 51 42 49 50 49 42 38 34 31 27 24 16 11 6 8 
66 63 58 56 40 39 33 39 40 56 51 42 49 50 53 52 47 43 34 31 27 24 16 11 6 8 
66 63 58 56 40 39 33 39 40 56 51 42 49 50 49 42 38 39 33 30 24 16 11 12 10 8 
66 63 58 56 40 39 33 39 40 56 51 42 49 50 49 42 38 34 31 27 24 16 11 12 10 8 
66 63 58 56 40 39 33 39 40 56 51 42 49 50 49 55 58 56 40 32 28 25 18 13 3 6 8 
66 63 58 56 40 39 33 39 40 56 51 42 49 50 49 42 38 39 40 32 28 25 18 13 3 6 8 
66 63 58 56 40 39 33 39 40 56 51 42 49 50 49 42 51 56 40 39 33 30 24 16 11 6 8 
66 63 58 56 40 39 33 39 40 56 51 42 49 50 49 42 38 34 31 27 22 21 17 14 12 10 8 
66 63 58 56 40 39 33 39 40 56 51 42 49 50 49 42 38 34 31 27 24 20 17 16 11 6 8 
66 63 58 56 40 39 33 39 38 34 43 47 52 53 50 49 42 38 39 33 30 24 16 11 6 8 
66 63 58 56 40 39 33 39 38 34 43 47 52 53 50 49 42 38 34 31 27 24 16 11 6 8 
66 63 58 56 40 39 33 39 38 34 43 47 52 53 50 53 52 47 43 34 31 27 24 16 11 6 8 
66 63 58 56 40 39 33 39 38 34 43 47 52 53 50 49 42 38 39 33 30 24 16 11 12 10 8 
66 63 58 56 40 39 33 39 38 34 43 47 52 53 50 49 42 38 34 31 27 24 16 11 12 10 8 
66 63 58 56 40 39 33 39 38 34 43 47 52 53 50 49 55 58 56 40 32 28 25 18 13 3 6 8 
66 63 58 56 40 39 33 39 38 34 43 47 52 53 50 49 42 38 39 40 32 28 25 18 13 3 6 8 
66 63 58 56 40 39 33 39 38 34 43 47 52 53 50 49 42 51 56 40 39 33 30 24 16 11 6 8 
66 63 58 56 40 39 33 39 38 34 43 47 52 53 50 49 42 38 34 31 27 22 21 17 14 12 10 8 
66 63 58 56 40 39 33 39 38 34 43 47 52 53 50 49 42 38 34 31 27 24 20 17 16 11 6 8 
---------------
Request id 7
25 28 32 40 39 38 34 43 47 52 53 50 49 42 38 39 40 32 28 
25 28 32 40 39 38 34 43 47 52 53 50 49 55 58 56 40 32 28 
25 28 32 40 39 38 34 43 47 52 53 50 49 42 51 56 40 32 28 
25 28 32 40 39 38 34 43 47 52 53 50 53 52 47 43 34 38 39 40 32 28 
25 28 32 40 39 38 34 43 47 52 53 50 49 42 38 34 31 27 24 23 26 28 
25 28 32 40 39 38 34 43 47 52 53 50 49 55 58 56 59 61 41 40 32 28 
25 28 32 40 39 38 34 43 47 52 53 50 49 42 38 39 33 30 24 23 26 28 
25 28 32 40 39 38 34 43 47 52 53 50 49 42 51 56 59 61 41 40 32 28 
25 28 32 40 39 38 34 43 47 52 53 50 49 55 58 63 66 62 61 41 40 32 28 
25 28 32 40 39 38 34 43 47 52 53 50 49 42 38 34 31 27 24 16 18 25 28 
25 28 32 40 39 38 34 43 47 52 47 43 34 38 42 49 50 49 42 38 39 40 32 28 
25 28 32 40 39 38 34 43 47 52 47 43 34 38 42 49 50 49 55 58 56 40 32 28 
25 28 32 40 39 38 34 43 47 52 47 43 34 38 42 49 50 49 42 51 56 40 32 28 
25 28 32 40 39 38 34 43 47 52 47 43 34 38 42 49 50 53 52 47 43 34 38 39 40 32 28 
25 28 32 40 39 38 34 43 47 52 47 43 34 38 42 49 50 49 42 38 34 31 27 24 23 26 28 
25 28 32 40 39 38 34 43 47 52 47 43 34 38 42 49 50 49 55 58 56 59 61 41 40 32 28 
25 28 32 40 39 38 34 43 47 52 47 43 34 38 42 49 50 49 42 38 39 33 30 24 23 26 28 
25 28 32 40 39 38 34 43 47 52 47 43 34 38 42 49 50 49 42 51 56 59 61 41 40 32 28 
25 28 32 40 39 38 34 43 47 52 47 43 34 38 42 49 50 49 55 58 63 66 62 61 41 40 32 28 
25 28 32 40 39 38 34 43 47 52 47 43 34 38 42 49 50 49 42 38 34 31 27 24 16 18 25 28 
25 28 32 40 39 38 34 43 47 52 47 43 34 38 39 40 56 51 42 49 50 49 42 38 39 40 32 28 
25 28 32 40 39 38 34 43 47 52 47 43 34 38 39 40 56 51 42 49 50 49 55 58 56 40 32 28 
25 28 32 40 39 38 34 43 47 52 47 43 34 38 39 40 56 51 42 49 50 49 42 51 56 40 32 28 
25 28 32 40 39 38 34 43 47 52 47 43 34 38 39 40 56 51 42 49 50 53 52 47 43 34 38 39 40 32 28 
25 28 32 40 39 38 34 43 47 52 47 43 34 38 39 40 56 51 42 49 50 49 42 38 34 31 27 24 23 26 28 
25 28 32 40 39 38 34 43 47 52 47 43 34 38 39 40 56 51 42 49 50 49 55 58 56 59 61 41 40 32 28 
25 28 32 40 39 38 34 43 47 52 47 43 34 38 39 40 56 51 42 49 50 49 42 38 39 33 30 24 23 26 28 
25 28 32 40 39 38 34 43 47 52 47 43 34 38 39 40 56 51 42 49 50 49 42 51 56 59 61 41 40 32 28 
25 28 32 40 39 38 34 43 47 52 47 43 34 38 39 40 56 51 42 49 50 49 55 58 63 66 62 61 41 40 32 28 
25 28 32 40 39 38 34 43 47 52 47 43 34 38 39 40 56 51 42 49 50 49 42 38 34 31 27 24 16 18 25 28 
25 28 32 40 39 38 34 43 47 52 47 43 34 38 42 51 56 58 55 49 50 49 42 38 39 40 32 28 
25 28 32 40 39 38 34 43 47 52 47 43 34 38 42 51 56 58 55 49 50 49 55 58 56 40 32 28 
25 28 32 40 39 38 34 43 47 52 47 43 34 38 42 51 56 58 55 49 50 49 42 51 56 40 32 28 
25 28 32 40 39 38 34 43 47 52 47 43 34 38 42 51 56 58 55 49 50 53 52 47 43 34 38 39 40 32 28 
25 28 32 40 39 38 34 43 47 52 47 43 34 38 42 51 56 58 55 49 50 49 42 38 34 31 27 24 23 26 28 
25 28 32 40 39 38 34 43 47 52 47 43 34 38 42 51 56 58 55 49 50 49 55 58 56 59 61 41 40 32 28 
25 28 32 40 39 38 34 43 47 52 47 43 34 38 42 51 56 58 55 49 50 49 42 38 39 33 30 24 23 26 28 
25 28 32 40 39 38 34 43 47 52 47 43 34 38 42 51 56 58 55 49 50 49 42 51 56 59 61 41 40 32 28 
25 28 32 40 39 38 34 43 47 52 47 43 34 38 42 51 56 58 55 49 50 49 55 58 63 66 62 61 41 40 32 28 
25 28 32 40 39 38 34 43 47 52 47 43 34 38 42 51 56 58 55 49 50 49 42 38 34 31 27 24 16 18 25 28 
---------------
Request id 6
65 64 60 57 60 64 70 74 70 64 65 54 46 41 40 32 28 25 18 
65 64 60 57 60 64 70 74 70 64 60 57 48 46 41 40 32 28 25 18 
65 64 60 57 60 64 70 74 70 64 65 54 62 61 41 40 32 28 25 18 
65 64 60 57 60 64 70 74 70 64 60 57 48 44 45 37 36 29 25 18 
65 64 60 57 60 64 70 74 70 64 65 54 46 48 44 45 37 36 29 25 18 
65 64 60 57 60 64 70 74 70 64 65 54 62 61 59 56 40 32 28 25 18 
65 64 60 57 60 64 70 74 70 64 65 54 46 41 40 39 33 30 24 16 18 
65 64 60 57 60 64 70 74 70 64 60 57 48 44 45 37 35 32 28 25 18 
65 64 60 57 60 64 70 74 70 64 60 57 48 44 45 37 36 29 19 15 18 
65 64 60 57 60 64 70 74 73 72 71 69 67 66 63 58 56 40 32 28 25 18 
65 64 60 57 48 46 54 65 64 70 74 70 64 65 54 46 41 40 32 28 25 18 
65 64 60 57 48 46 54 65 64 70 74 70 64 60 57 48 46 41 40 32 28 25 18 
65 64 60 57 48 46 54 65 64 70 74 70 64 65 54 62 61 41 40 32 28 25 18 
65 64 60 57 48 46 54 65 64 70 74 70 64 60 57 48 44 45 37 36 29 25 18 
65 64 60 57 48 46 54 65 64 70 74 70 64 65 54 46 48 44 45 37 36 29 25 18 
65 64 60 57 48 46 54 65 64 70 74 70 64 65 54 62 61 59 56 40 32 28 25 18 
65 64 60 57 48 46 54 65 64 70 74 70 64 65 54 46 41 40 39 33 30 24 16 18 
65 64 60 57 48 46 54 65 64 70 74 70 64 60 57 48 44 45 37 35 32 28 25 18 
65 64 60 57 48 46 54 65 64 70 74 70 64 60 57 48 44 45 37 36 29 19 15 18 
65 64 60 57 48 46 54 65 64 70 74 73 72 71 69 67 66 63 58 56 40 32 28 25 18 
65 64 60 57 60 64 65 68 69 71 72 73 74 70 64 65 54 46 41 40 32 28 25 18 
65 64 60 57 60 64 65 68 69 71 72 73 74 70 64 60 57 48 46 41 40 32 28 25 18 
65 64 60 57 60 64 65 68 69 71 72 73 74 70 64 65 54 62 61 41 40 32 28 25 18 
65 64 60 57 60 64 65 68 69 71 72 73 74 70 64 60 57 48 44 45 37 36 29 25 18 
65 64 60 57 60 64 65 68 69 71 72 73 74 70 64 65 54 46 48 44 45 37 36 29 25 18 
65 64 60 57 60 64 65 68 69 71 72 73 74 70 64 65 54 62 61 59 56 40 32 28 25 18 
65 64 60 57 60 64 65 68 69 71 72 73 74 70 64 65 54 46 41 40 39 33 30 24 16 18 
65 64 60 57 60 64 65 68 69 71 72 73 74 70 64 60 57 48 44 45 37 35 32 28 25 18 
65 64 60 57 60 64 65 68 69 71 72 73 74 70 64 60 57 48 44 45 37 36 29 19 15 18 
65 64 60 57 60 64 65 68 69 71 72 73 74 73 72 71 69 67 66 63 58 56 40 32 28 25 18 
65 64 60 57 48 46 54 65 68 69 71 72 73 74 70 64 65 54 46 41 40 32 28 25 18 
65 64 60 57 48 46 54 65 68 69 71 72 73 74 70 64 60 57 48 46 41 40 32 28 25 18 
65 64 60 57 48 46 54 65 68 69 71 72 73 74 70 64 65 54 62 61 41 40 32 28 25 18 
65 64 60 57 48 46 54 65 68 69 71 72 73 74 70 64 60 57 48 44 45 37 36 29 25 18 
65 64 60 57 48 46 54 65 68 69 71 72 73 74 70 64 65 54 46 48 44 45 37 36 29 25 18 
65 64 60 57 48 46 54 65 68 69 71 72 73 74 70 64 65 54 62 61 59 56 40 32 28 25 18 
65 64 60 57 48 46 54 65 68 69 71 72 73 74 70 64 65 54 46 41 40 39 33 30 24 16 18 
65 64 60 57 48 46 54 65 68 69 71 72 73 74 70 64 60 57 48 44 45 37 35 32 28 25 18 
65 64 60 57 48 46 54 65 68 69 71 72 73 74 70 64 60 57 48 44 45 37 36 29 19 15 18 
65 64 60 57 48 46 54 65 68 69 71 72 73 74 73 72 71 69 67 66 63 58 56 40 32 28 25 18 
---------------
Request id 28
5 0 13 18 25 28 32 40 56 58 63 58 56 40 32 28 25 18 16 
5 0 13 18 25 28 32 40 56 58 63 58 56 40 39 33 30 24 16 
5 0 13 18 25 28 32 40 56 58 63 58 56 40 32 28 26 23 24 16 
5 0 13 18 25 28 32 40 56 58 63 58 56 40 39 33 30 24 20 17 16 
5 0 13 18 25 28 32 40 56 58 63 66 62 61 41 40 39 33 30 24 16 
5 0 13 18 25 28 32 40 56 58 63 58 55 49 42 38 39 33 30 24 16 
5 0 13 18 25 28 32 40 56 58 63 58 55 49 42 38 34 31 27 24 16 
5 0 13 18 25 28 32 40 56 58 63 66 62 61 41 40 32 28 25 18 16 
5 0 13 18 25 28 32 40 56 58 63 58 56 51 42 38 34 31 27 24 16 
5 0 13 18 25 28 32 40 56 58 63 58 56 51 42 38 39 33 30 24 16 
5 3 13 18 25 28 32 40 56 58 63 58 56 40 32 28 25 18 16 
5 3 13 18 25 28 32 40 56 58 63 58 56 40 39 33 30 24 16 
5 3 13 18 25 28 32 40 56 58 63 58 56 40 32 28 26 23 24 16 
5 3 13 18 25 28 32 40 56 58 63 58 56 40 39 33 30 24 20 17 16 
5 3 13 18 25 28 32 40 56 58 63 66 62 61 41 40 39 33 30 24 16 
5 3 13 18 25 28 32 40 56 58 63 58 55 49 42 38 39 33 30 24 16 
5 3 13 18 25 28 32 40 56 58 63 58 55 49 42 38 34 31 27 24 16 
5 3 13 18 25 28 32 40 56 58 63 66 62 61 41 40 32 28 25 18 16 
5 3 13 18 25 28 32 40 56 58 63 58 56 51 42 38 34 31 27 24 16 
5 3 13 18 25 28 32 40 56 58 63 58 56 51 42 38 39 33 30 24 16 
5 0 2 9 15 18 25 28 32 40 56 58 63 58 56 40 32 28 25 18 16 
5 0 2 9 15 18 25 28 32 40 56 58 63 58 56 40 39 33 30 24 16 
5 0 2 9 15 18 25 28 32 40 56 58 63 58 56 40 32 28 26 23 24 16 
5 0 2 9 15 18 25 28 32 40 56 58 63 58 56 40 39 33 30 24 20 17 16 
5 0 2 9 15 18 25 28 32 40 56 58 63 66 62 61 41 40 39 33 30 24 16 
5 0 2 9 15 18 25 28 32 40 56 58 63 58 55 49 42 38 39 33 30 24 16 
5 0 2 9 15 18 25 28 32 40 56 58 63 58 55 49 42 38 34 31 27 24 16 
5 0 2 9 15 18 25 28 32 40 56 58 63 66 62 61 41 40 32 28 25 18 16 
5 0 2 9 15 18 25 28 32 40 56 58 63 58 56 51 42 38 34 31 27 24 16 
5 0 2 9 15 18 25 28 32 40 56 58 63 58 56 51 42 38 39 33 30 24 16 
5 0 13 18 16 24 30 33 39 40 56 58 63 58 56 40 32 28 25 18 16 
5 0 13 18 16 24 30 33 39 40 56 58 63 58 56 40 39 33 30 24 16 
5 0 13 18 16 24 30 33 39 40 56 58 63 58 56 40 32 28 26 23 24 16 
5 0 13 18 16 24 30 33 39 40 56 58 63 58 56 40 39 33 30 24 20 17 16 
5 0 13 18 16 24 30 33 39 40 56 58 63 66 62 61 41 40 39 33 30 24 16 
5 0 13 18 16 24 30 33 39 40 56 58 63 58 55 49 42 38 39 33 30 24 16 
5 0 13 18 16 24 30 33 39 40 56 58 63 58 55 49 42 38 34 31 27 24 16 
5 0 13 18 16 24 30 33 39 40 56 58 63 66 62 61 41 40 32 28 25 18 16 
5 0 13 18 16 24 30 33 39 40 56 58 63 58 56 51 42 38 34 31 27 24 16 
5 0 13 18 16 24 30 33 39 40 56 58 63 58 56 51 42 38 39 33 30 24 16 
---------------
Request id 3
1 3 13 18 25 29 36 37 45 37 36 29 19 15 
1 3 13 18 25 29 36 37 45 37 36 29 25 18 15 
1 3 13 18 25 29 36 37 45 37 35 32 28 25 18 15 
1 3 13 18 25 29 36 37 45 37 35 32 28 25 29 19 15 
1 3 13 18 25 29 36 37 45 37 36 29 25 18 13 0 2 9 15 
1 3 13 18 25 29 36 37 45 37 35 32 28 26 23 24 16 18 15 
1 3 13 18 25 29 36 37 45 44 48 46 41 40 32 28 25 18 15 
1 3 13 18 25 29 36 37 45 37 35 32 28 25 18 13 0 2 9 15 
1 3 13 18 25 29 36 37 45 37 35 32 40 39 33 30 24 16 18 15 
1 3 13 18 25 29 36 37 45 44 48 46 41 40 32 28 25 29 19 15 
1 3 13 18 15 19 29 36 37 45 37 36 29 19 15 
1 3 13 18 15 19 29 36 37 45 37 36 29 25 18 15 
1 3 13 18 15 19 29 36 37 45 37 35 32 28 25 18 15 
1 3 13 18 15 19 29 36 37 45 37 35 32 28 25 29 19 15 
1 3 13 18 15 19 29 36 37 45 37 36 29 25 18 13 0 2 9 15 
1 3 13 18 15 19 29 36 37 45 37 35 32 28 26 23 24 16 18 15 
1 3 13 18 15 19 29 36 37 45 44 48 46 41 40 32 28 25 18 15 
1 3 13 18 15 19 29 36 37 45 37 35 32 28 25 18 13 0 2 9 15 
1 3 13 18 15 19 29 36 37 45 37 35 32 40 39 33 30 24 16 18 15 
1 3 13 18 15 19 29 36 37 45 44 48 46 41 40 32 28 25 29 19 15 
1 3 13 18 25 28 32 35 37 45 37 36 29 19 15 
1 3 13 18 25 28 32 35 37 45 37 36 29 25 18 15 
1 3 13 18 25 28 32 35 37 45 37 35 32 28 25 18 15 
1 3 13 18 25 28 32 35 37 45 37 35 32 28 25 29 19 15 
1 3 13 18 25 28 32 35 37 45 37 36 29 25 18 13 0 2 9 15 
1 3 13 18 25 28 32 35 37 45 37 35 32 28 26 23 24 16 18 15 
1 3 13 18 25 28 32 35 37 45 44 48 46 41 40 32 28 25 18 15 
1 3 13 18 25 28 32 35 37 45 37 35 32 28 25 18 13 0 2 9 15 
1 3 13 18 25 28 32 35 37 45 37 35 32 40 39 33 30 24 16 18 15 
1 3 13 18 25 28 32 35 37 45 44 48 46 41 40 32 28 25 29 19 15 
1 3 5 0 13 18 25 29 36 37 45 37 36 29 19 15 
1 3 5 0 13 18 25 29 36 37 45 37 36 29 25 18 15 
1 3 5 0 13 18 25 29 36 37 45 37 35 32 28 25 18 15 
1 3 5 0 13 18 25 29 36 37 45 37 35 32 28 25 29 19 15 
1 3 5 0 13 18 25 29 36 37 45 37 36 29 25 18 13 0 2 9 15 
1 3 5 0 13 18 25 29 36 37 45 37 35 32 28 26 23 24 16 18 15 
1 3 5 0 13 18 25 29 36 37 45 44 48 46 41 40 32 28 25 18 15 
1 3 5 0 13 18 25 29 36 37 45 37 35 32 28 25 18 13 0 2 9 15 
1 3 5 0 13 18 25 29 36 37 45 37 35 32 40 39 33 30 24 16 18 15 
1 3 5 0 13 18 25 29 36 37 45 44 48 46 41 40 32 28 25 29 19 15 
---------------
Request id 15
29 25 18 16 24 30 33 39 38 34 43 47 52 47 43 34 31 27 24 16 11 12 
29 25 18 16 24 30 33 39 38 34 43 47 52 47 43 34 31 27 22 21 17 14 12 
29 25 18 16 24 30 33 39 38 34 43 47 52 47 43 34 31 27 24 20 17 14 12 
29 25 18 16 24 30 33 39 38 34 43 47 52 47 43 34 31 27 24 16 17 14 12 
29 25 18 16 24 30 33 39 38 34 43 47 52 47 43 34 31 27 22 21 17 16 11 12 
29 25 18 16 24 30 33 39 38 34 43 47 52 47 43 34 31 27 24 16 18 13 11 12 
29 25 18 16 24 30 33 39 38 34 43 47 52 47 43 34 38 39 33 30 24 16 11 12 
29 25 18 16 24 30 33 39 38 34 43 47 52 47 43 34 31 27 24 20 17 16 11 12 
29 25 18 16 24 30 33 39 38 34 43 47 52 53 50 49 42 38 34 31 27 24 16 11 12 
29 25 18 16 24 30 33 39 38 34 43 47 52 47 43 34 31 27 24 16 11 6 8 10 12 
29 25 18 16 24 30 24 27 31 34 43 47 52 47 43 34 31 27 24 16 11 12 
29 25 18 16 24 30 24 27 31 34 43 47 52 47 43 34 31 27 22 21 17 14 12 
29 25 18 16 24 30 24 27 31 34 43 47 52 47 43 34 31 27 24 20 17 14 12 
29 25 18 16 24 30 24 27 31 34 43 47 52 47 43 34 31 27 24 16 17 14 12 
29 25 18 16 24 30 24 27 31 34 43 47 52 47 43 34 31 27 22 21 17 16 11 12 
29 25 18 16 24 30 24 27 31 34 43 47 52 47 43 34 31 27 24 16 18 13 11 12 
29 25 18 16 24 30 24 27 31 34 43 47 52 47 43 34 38 39 33 30 24 16 11 12 
29 25 18 16 24 30 24 27 31 34 43 47 52 47 43 34 31 27 24 20 17 16 11 12 
29 25 18 16 24 30 24 27 31 34 43 47 52 53 50 49 42 38 34 31 27 24 16 11 12 
29 25 18 16 24 30 24 27 31 34 43 47 52 47 43 34 31 27 24 16 11 6 8 10 12 
29 25 18 16 24 30 33 39 38 42 49 50 53 52 47 43 34 31 27 24 16 11 12 
29 25 18 16 24 30 33 39 38 42 49 50 53 52 47 43 34 31 27 22 21 17 14 12 
29 25 18 16 24 30 33 39 38 42 49 50 53 52 47 43 34 31 27 24 20 17 14 12 
29 25 18 16 24 30 33 39 38 42 49 50 53 52 47 43 34 31 27 24 16 17 14 12 
29 25 18 16 24 30 33 39 38 42 49 50 53 52 47 43 34 31 27 22 21 17 16 11 12 
29 25 18 16 24 30 33 39 38 42 49 50 53 52 47 43 34 31 27 24 16 18 13 11 12 
29 25 18 16 24 30 33 39 38 42 49 50 53 52 47 43 34 38 39 33 30 24 16 11 12 
29 25 18 16 24 30 33 39 38 42 49 50 53 52 47 43 34 31 27 24 20 17 16 11 12 
29 25 18 16 24 30 33 39 38 42 49 50 53 52 53 50 49 42 38 34 31 27 24 16 11 12 
29 25 18 16 24 30 33 39 38 42 49 50 53 52 47 43 34 31 27 24 16 11 6 8 10 12 
29 25 18 16 24 30 33 39 40 56 58 55 49 50 53 52 47 43 34 31 27 24 16 11 12 
29 25 18 16 24 30 33 39 40 56 58 55 49 50 53 52 47 43 34 31 27 22 21 17 14 12 
29 25 18 16 24 30 33 39 40 56 58 55 49 50 53 52 47 43 34 31 27 24 20 17 14 12 
29 25 18 16 24 30 33 39 40 56 58 55 49 50 53 52 47 43 34 31 27 24 16 17 14 12 
29 25 18 16 24 30 33 39 40 56 58 55 49 50 53 52 47 43 34 31 27 22 21 17 16 11 12 
29 25 18 16 24 30 33 39 40 56 58 55 49 50 53 52 47 43 34 31 27 24 16 18 13 11 12 
29 25 18 16 24 30 33 39 40 56 58 55 49 50 53 52 47 43 34 38 39 33 30 24 16 11 12 
29 25 18 16 24 30 33 39 40 56 58 55 49 50 53 52 47 43 34 31 27 24 20 17 16 11 12 
29 25 18 16 24 30 33 39 40 56 58 55 49 50 53 52 53 50 49 42 38 34 31 27 24 16 11 12 
29 25 18 16 24 30 33 39 40 56 58 55 49 50 53 52 47 43 34 31 27 24 16 11 6 8 10 12 
---------------
Request id 16
58 55 49 50 53 52 47 43 47 52 47 43 34 
58 55 49 50 53 52 47 43 47 52 53 50 49 42 38 34 
58 55 49 50 53 52 47 43 47 52 53 50 49 55 58 56 51 42 38 34 
58 55 49 50 53 52 47 43 47 52 53 50 49 42 51 56 40 39 38 34 
58 55 49 50 53 52 47 43 47 52 53 50 49 55 58 56 40 39 38 34 
58 55 49 50 53 52 47 43 47 52 53 50 49 42 38 39 33 30 24 27 31 34 
58 55 49 50 53 52 47 43 47 52 53 50 49 42 51 56 59 61 41 40 39 38 34 
58 55 49 50 53 52 47 43 47 52 53 50 49 55 58 56 59 61 41 40 39 38 34 
58 55 49 50 53 52 47 43 47 52 53 50 49 55 58 56 40 39 33 30 24 27 31 34 
58 55 49 50 53 52 47 43 47 52 53 50 49 42 51 56 40 39 33 30 24 27 31 34 
58 55 49 50 53 52 47 43 34 38 42 49 50 53 52 47 43 34 
58 55 49 50 53 52 47 43 34 38 42 49 50 53 52 53 50 49 42 38 34 
58 55 49 50 53 52 47 43 34 38 42 49 50 53 52 53 50 49 55 58 56 51 42 38 34 
58 55 49 50 53 52 47 43 34 38 42 49 50 53 52 53 50 49 42 51 56 40 39 38 34 
58 55 49 50 53 52 47 43 34 38 42 49 50 53 52 53 50 49 55 58 56 40 39 38 34 
58 55 49 50 53 52 47 43 34 38 42 49 50 53 52 53 50 49 42 38 39 33 30 24 27 31 34 
58 55 49 50 53 52 47 43 34 38 42 49 50 53 52 53 50 49 42 51 56 59 61 41 40 39 38 34 
58 55 49 50 53 52 47 43 34 38 42 49 50 53 52 53 50 49 55 58 56 59 61 41 40 39 38 34 
58 55 49 50 53 52 47 43 34 38 42 49 50 53 52 53 50 49 55 58 56 40 39 33 30 24 27 31 34 
58 55 49 50 53 52 47 43 34 38 42 49 50 53 52 53 50 49 42 51 56 40 39 33 30 24 27 31 34 
58 55 49 50 53 52 47 43 34 38 39 40 56 51 42 49 50 53 52 47 43 34 
58 55 49 50 53 52 47 43 34 38 39 40 56 51 42 49 50 53 52 53 50 49 42 38 34 
58 55 49 50 53 52 47 43 34 38 39 40 56 51 42 49 50 53 52 53 50 49 55 58 56 51 42 38 34 
58 55 49 50 53 52 47 43 34 38 39 40 56 51 42 49 50 53 52 53 50 49 42 51 56 40 39 38 34 
58 55 49 50 53 52 47 43 34 38 39 40 56 51 42 49 50 53 52 53 50 49 55 58 56 40 39 38 34 
58 55 49 50 53 52 47 43 34 38 39 40 56 51 42 49 50 53 52 53 50 49 42 38 39 33 30 24 27 31 34 
58 55 49 50 53 52 47 43 34 38 39 40 56 51 42 49 50 53 52 53 50 49 42 51 56 59 61 41 40 39 38 34 
58 55 49 50 53 52 47 43 34 38 39 40 56 51 42 49 50 53 52 53 50 49 55 58 56 59 61 41 40 39 38 34 
58 55 49 50 53 52 47 43 34 38 39 40 56 51 42 49 50 53 52 53 50 49 55 58 56 40 39 33 30 24 27 31 34 
58 55 49 50 53 52 47 43 34 38 39 40 56 51 42 49 50 53 52 53 50 49 42 51 56 40 39 33 30 24 27 31 34 
58 55 49 50 53 52 47 43 34 38 42 51 56 58 55 49 50 53 52 47 43 34 
58 55 49 50 53 52 47 43 34 38 42 51 56 58 55 49 50 53 52 53 50 49 42 38 34 
58 55 49 50 53 52 47 43 34 38 42 51 56 58 55 49 50 53 52 53 50 49 55 58 56 51 42 38 34 
58 55 49 50 53 52 47 43 34 38 42 51 56 58 55 49 50 53 52 53 50 49 42 51 56 40 39 38 34 
58 55 49 50 53 52 47 43 34 38 42 51 56 58 55 49 50 53 52 53 50 49 55 58 56 40 39 38 34 
58 55 49 50 53 52 47 43 34 38 42 51 56 58 55 49 50 53 52 53 50 49 42 38 39 33 30 24 27 31 34 
58 55 49 50 53 52 47 43 34 38 42 51 56 58 55 49 50 53 52 53 50 49 42 51 56 59 61 41 40 39 38 34 
58 55 49 50 53 52 47 43 34 38 42 51 56 58 55 49 50 53 52 53 50 49 55 58 56 59 61 41 40 39 38 34 
58 55 49 50 53 52 47 43 34 38 42 51 56 58 55 49 50 53 52 53 50 49 55 58 56 40 39 33 30 24 27 31 34 
58 55 49 50 53 52 47 43 34 38 42 51 56 58 55 49 50 53 52 53 50 49 42 51 56 40 39 33 30 24 27 31 34 
---------------
Request id 21
32 40 39 33 39 38 34 43 47 52 47 43 34 31 27 24 16 11 12 10 
32 40 39 33 39 38 34 43 47 52 47 43 34 31 27 22 21 17 14 12 10 
32 40 39 33 39 38 34 43 47 52 47 43 34 31 27 24 20 17 14 12 10 
32 40 39 33 39 38 34 43 47 52 47 43 34 31 27 24 16 17 14 12 10 
32 40 39 33 39 38 34 43 47 52 47 43 34 31 27 24 16 11 6 8 10 
32 40 39 33 39 38 34 43 47 52 47 43 34 31 27 22 21 17 16 11 12 10 
32 40 39 33 39 38 34 43 47 52 47 43 34 31 27 24 16 18 13 11 12 10 
32 40 39 33 39 38 34 43 47 52 47 43 34 38 39 33 30 24 16 11 12 10 
32 40 39 33 39 38 34 43 47 52 47 43 34 31 27 24 20 17 16 11 12 10 
32 40 39 33 39 38 34 43 47 52 47 43 34 38 39 33 30 24 16 11 6 8 10 
32 40 39 33 39 38 42 49 50 53 52 47 43 34 31 27 24 16 11 12 10 
32 40 39 33 39 38 42 49 50 53 52 47 43 34 31 27 22 21 17 14 12 10 
32 40 39 33 39 38 42 49 50 53 52 47 43 34 31 27 24 20 17 14 12 10 
32 40 39 33 39 38 42 49 50 53 52 47 43 34 31 27 24 16 17 14 12 10 
32 40 39 33 39 38 42 49 50 53 52 47 43 34 31 27 24 16 11 6 8 10 
32 40 39 33 39 38 42 49 50 53 52 47 43 34 31 27 22 21 17 16 11 12 10 
32 40 39 33 39 38 42 49 50 53 52 47 43 34 31 27 24 16 18 13 11 12 10 
32 40 39 33 39 38 42 49 50 53 52 47 43 34 38 39 33 30 24 16 11 12 10 
32 40 39 33 39 38 42 49 50 53 52 47 43 34 31 27 24 20 17 16 11 12 10 
32 40 39 33 39 38 42 49 50 53 52 47 43 34 38 39 33 30 24 16 11 6 8 10 
32 40 39 33 30 24 27 31 34 43 47 52 47 43 34 31 27 24 16 11 12 10 
32 40 39 33 30 24 27 31 34 43 47 52 47 43 34 31 27 22 21 17 14 12 10 
32 40 39 33 30 24 27 31 34 43 47 52 47 43 34 31 27 24 20 17 14 12 10 
32 40 39 33 30 24 27 31 34 43 47 52 47 43 34 31 27 24 16 17 14 12 10 
32 40 39 33 30 24 27 31 34 43 47 52 47 43 34 31 27 24 16 11 6 8 10 
32 40 39 33 30 24 27 31 34 43 47 52 47 43 34 31 27 22 21 17 16 11 12 10 
32 40 39 33 30 24 27 31 34 43 47 52 47 43 34 31 27 24 16 18 13 11 12 10 
32 40 39 33 30 24 27 31 34 43 47 52 47 43 34 38 39 33 30 24 16 11 12 10 
32 40 39 33 30 24 27 31 34 43 47 52 47 43 34 31 27 24 20 17 16 11 12 10 
32 40 39 33 30 24 27 31 34 43 47 52 47 43 34 38 39 33 30 24 16 11 6 8 10 
32 40 39 33 39 40 56 58 55 49 50 53 52 47 43 34 31 27 24 16 11 12 10 
32 40 39 33 39 40 56 58 55 49 50 53 52 47 43 34 31 27 22 21 17 14 12 10 
32 40 39 33 39 40 56 58 55 49 50 53 52 47 43 34 31 27 24 20 17 14 12 10 
32 40 39 33 39 40 56 58 55 49 50 53 52 47 43 34 31 27 24 16 17 14 12 10 
32 40 39 33 39 40 56 58 55 49 50 53 52 47 43 34 31 27 24 16 11 6 8 10 
32 40 39 33 39 40 56 58 55 49 50 53 52 47 43 34 31 27 22 21 17 16 11 12 10 
32 40 39 33 39 40 56 58 55 49 50 53 52 47 43 34 31 27 24 16 18 13 11 12 10 
32 40 39 33 39 40 56 58 55 49 50 53 52 47 43 34 38 39 33 30 24 16 11 12 10 
32 40 39 33 39 40 56 58 55 49 50 53 52 47 43 34 31 27 24 20 17 16 11 12 10 
32 40 39 33 39 40 56 58 55 49 50 53 52 47 43 34 38 39 33 30 24 16 11 6 8 10 
---------------
Request id 11
61 62 54 65 64 70 64 65 54 46 41 40 39 33 30 24 
61 62 54 65 64 70 64 60 57 48 46 41 40 39 33 30 24 
61 62 54 65 64 70 64 65 54 62 61 41 40 39 33 30 24 
61 62 54 65 64 70 64 65 54 46 41 40 32 28 26 23 24 
61 62 54 65 64 70 64 65 54 46 41 40 39 38 34 31 27 24 
61 62 54 65 64 70 64 65 54 62 61 59 56 40 39 33 30 24 
61 62 54 65 64 70 64 65 54 62 61 41 40 32 28 26 23 24 
61 62 54 65 64 70 64 60 57 48 46 41 40 32 28 26 23 24 
61 62 54 65 64 70 64 65 54 46 41 40 32 28 25 18 16 24 
61 62 54 65 64 70 64 65 54 46 41 61 59 56 40 39 33 30 24 
61 41 46 54 65 64 70 64 65 54 46 41 40 39 33 30 24 
61 41 46 54 65 64 70 64 60 57 48 46 41 40 39 33 30 24 
61 41 46 54 65 64 70 64 65 54 62 61 41 40 39 33 30 24 
61 41 46 54 65 64 70 64 65 54 46 41 40 32 28 26 23 24 
61 41 46 54 65 64 70 64 65 54 46 41 40 39 38 34 31 27 24 
61 41 46 54 65 64 70 64 65 54 62 61 59 56 40 39 33 30 24 
61 41 46 54 65 64 70 64 65 54 62 61 41 40 32 28 26 23 24 
61 41 46 54 65 64 70 64 60 57 48 46 41 40 32 28 26 23 24 
61 41 46 54 65 64 70 64 65 54 46 41 40 32 28 25 18 16 24 
61 41 46 54 65 64 70 64 65 54 46 41 61 59 56 40 39 33 30 24 
61 62 66 67 68 65 64 70 64 65 54 46 41 40 39 33 30 24 
61 62 66 67 68 65 64 70 64 60 57 48 46 41 40 39 33 30 24 
61 62 66 67 68 65 64 70 64 65 54 62 61 41 40 39 33 30 24 
61 62 66 67 68 65 64 70 64 65 54 46 41 40 32 28 26 23 24 
61 62 66 67 68 65 64 70 64 65 54 46 41 40 39 38 34 31 27 24 
61 62 66 67 68 65 64 70 64 65 54 62 61 59 56 40 39 33 30 24 
61 62 66 67 68 65 64 70 64 65 54 62 61 41 40 32 28 26 23 24 
61 62 66 67 68 65 64 70 64 60 57 48 46 41 40 32 28 26 23 24 
61 62 66 67 68 65 64 70 64 65 54 46 41 40 32 28 25 18 16 24 
61 62 66 67 68 65 64 70 64 65 54 46 41 61 59 56 40 39 33 30 24 
61 41 46 48 57 60 64 70 64 65 54 46 41 40 39 33 30 24 
61 41 46 48 57 60 64 70 64 60 57 48 46 41 40 39 33 30 24 
61 41 46 48 57 60 64 70 64 65 54 62 61 41 40 39 33 30 24 
61 41 46 48 57 60 64 70 64 65 54 46 41 40 32 28 26 23 24 
61 41 46 48 57 60 64 70 64 65 54 46 41 40 39 38 34 31 27 24 
61 41 46 48 57 60 64 70 64 65 54 62 61 59 56 40 39 33 30 24 
61 41 46 48 57 60 64 70 64 65 54 62 61 41 40 32 28 26 23 24 
61 41 46 48 57 60 64 70 64 60 57 48 46 41 40 32 28 26 23 24 
61 41 46 48 57 60 64 70 64 65 54 46 41 40 32 28 25 18 16 24 
61 41 46 48 57 60 64 70 64 65 54 46 41 61 59 56 40 39 33 30 24 
---------------
Request id 24
18 16 24 27 31 34 43 47 52 47 43 34 38 39 40 32 28 25 
18 16 24 27 31 34 43 47 52 47 43 34 31 27 24 16 18 25 
18 16 24 27 31 34 43 47 52 53 50 49 42 51 56 40 32 28 25 
18 16 24 27 31 34 43 47 52 47 43 34 31 27 24 23 26 28 25 
18 16 24 27 31 34 43 47 52 53 50 49 55 58 56 40 32 28 25 
18 16 24 27 31 34 43 47 52 53 50 49 42 38 39 40 32 28 25 
18 16 24 27 31 34 43 47 52 47 43 34 31 27 22 21 17 16 18 25 
18 16 24 27 31 34 43 47 52 47 43 34 31 27 24 20 17 16 18 25 
18 16 24 27 31 34 43 47 52 47 43 34 38 39 33 30 24 16 18 25 
18 16 24 27 31 34 43 47 52 47 43 34 31 27 24 16 11 13 18 25 
18 13 11 16 24 27 31 34 43 47 52 47 43 34 38 39 40 32 28 25 
18 13 11 16 24 27 31 34 43 47 52 47 43 34 31 27 24 16 18 25 
18 13 11 16 24 27 31 34 43 47 52 53 50 49 42 51 56 40 32 28 25 
18 13 11 16 24 27 31 34 43 47 52 47 43 34 31 27 24 23 26 28 25 
18 13 11 16 24 27 31 34 43 47 52 53 50 49 55 58 56 40 32 28 25 
18 13 11 16 24 27 31 34 43 47 52 53 50 49 42 38 39 40 32 28 25 
18 13 11 16 24 27 31 34 43 47 52 47 43 34 31 27 22 21 17 16 18 25 
18 13 11 16 24 27 31 34 43 47 52 47 43 34 31 27 24 20 17 16 18 25 
18 13 11 16 24 27 31 34 43 47 52 47 43 34 38 39 33 30 24 16 18 25 
18 13 11 16 24 27 31 34 43 47 52 47 43 34 31 27 24 16 11 13 18 25 
18 16 17 20 24 27 31 34 43 47 52 47 43 34 38 39 40 32 28 25 
18 16 17 20 24 27 31 34 43 47 52 47 43 34 31 27 24 16 18 25 
18 16 17 20 24 27 31 34 43 47 52 53 50 49 42 51 56 40 32 28 25 
18 16 17 20 24 27 31 34 43 47 52 47 43 34 31 27 24 23 26 28 25 
18 16 17 20 24 27 31 34 43 47 52 53 50 49 55 58 56 40 32 28 25 
18 16 17 20 24 27 31 34 43 47 52 53 50 49 42 38 39 40 32 28 25 
18 16 17 20 24 27 31 34 43 47 52 47 43 34 31 27 22 21 17 16 18 25 
18 16 17 20 24 27 31 34 43 47 52 47 43 34 31 27 24 20 17 16 18 25 
18 16 17 20 24 27 31 34 43 47 52 47 43 34 38 39 33 30 24 16 18 25 
18 16 17 20 24 27 31 34 43 47 52 47 43 34 31 27 24 16 11 13 18 25 
18 25 28 32 40 39 38 34 43 47 52 47 43 34 38 39 40 32 28 25 
18 25 28 32 40 39 38 34 43 47 52 47 43 34 31 27 24 16 18 25 
18 25 28 32 40 39 38 34 43 47 52 53 50 49 42 51 56 40 32 28 25 
18 25 28 32 40 39 38 34 43 47 52 47 43 34 31 27 24 23 26 28 25 
18 25 28 32 40 39 38 34 43 47 52 53 50 49 55 58 56 40 32 28 25 
18 25 28 32 40 39 38 34 43 47 52 53 50 49 42 38 39 40 32 28 25 
18 25 28 32 40 39 38 34 43 47 52 47 43 34 31 27 22 21 17 16 18 25 
18 25 28 32 40 39 38 34 43 47 52 47 43 34 31 27 24 20 17 16 18 25 
18 25 28 32 40 39 38 34 43 47 52 47 43 34 38 39 33 30 24 16 18 25 
18 25 28 32 40 39 38 34 43 47 52 47 43 34 31 27 24 16 11 13 18 25 
---------------
Request id 26
48 57 60 64 70 74 70 64 65 54 46 41 40 39 38 34 43 47 52 47 43 34 31 27 24 16 11 12 10 
48 57 60 64 70 74 70 64 65 54 46 41 40 39 38 34 43 47 52 47 43 34 31 27 22 21 17 14 12 10 
48 57 60 64 70 74 70 64 65 54 46 41 40 39 38 34 43 47 52 47 43 34 31 27 24 20 17 14 12 10 
48 57 60 64 70 74 70 64 65 54 46 41 40 39 38 34 43 47 52 47 43 34 31 27 24 16 17 14 12 10 
48 57 60 64 70 74 70 64 65 54 46 41 40 39 38 34 43 47 52 47 43 34 31 27 24 16 11 6 8 10 
48 57 60 64 70 74 70 64 65 54 46 41 40 39 38 34 43 47 52 47 43 34 31 27 22 21 17 16 11 12 10 
48 57 60 64 70 74 70 64 65 54 46 41 40 39 38 34 43 47 52 47 43 34 31 27 24 16 18 13 11 12 10 
48 57 60 64 70 74 70 64 65 54 46 41 40 39 38 34 43 47 52 47 43 34 38 39 33 30 24 16 11 12 10 
48 57 60 64 70 74 70 64 65 54 46 41 40 39 38 34 43 47 52 47 43 34 31 27 24 20 17 16 11 12 10 
48 57 60 64 70 74 70 64 65 54 46 41 40 39 38 34 43 47 52 47 43 34 38 39 33 30 24 16 11 6 8 10 
48 57 60 64 70 74 73 72 71 69 67 66 63 58 55 49 50 53 52 47 43 34 31 27 24 16 11 12 10 
48 57 60 64 70 74 73 72 71 69 67 66 63 58 55 49 50 53 52 47 43 34 31 27 22 21 17 14 12 10 
48 57 60 64 70 74 73 72 71 69 67 66 63 58 55 49 50 53 52 47 43 34 31 27 24 20 17 14 12 10 
48 57 60 64 70 74 73 72 71 69 67 66 63 58 55 49 50 53 52 47 43 34 31 27 24 16 17 14 12 10 
48 57 60 64 70 74 73 72 71 69 67 66 63 58 55 49 50 53 52 47 43 34 31 27 24 16 11 6 8 10 
48 57 60 64 70 74 73 72 71 69 67 66 63 58 55 49 50 53 52 47 43 34 31 27 22 21 17 16 11 12 10 
48 57 60 64 70 74 73 72 71 69 67 66 63 58 55 49 50 53 52 47 43 34 31 27 24 16 18 13 11 12 10 
48 57 60 64 70 74 73 72 71 69 67 66 63 58 55 49 50 53 52 47 43 34 38 39 33 30 24 16 11 12 10 
48 57 60 64 70 74 73 72 71 69 67 66 63 58 55 49 50 53 52 47 43 34 31 27 24 20 17 16 11 12 10 
48 57 60 64 70 74 73 72 71 69 67 66 63 58 55 49 50 53 52 47 43 34 38 39 33 30 24 16 11 6 8 10 
48 57 60 64 70 74 70 64 65 54 62 66 63 58 55 49 50 53 52 47 43 34 31 27 24 16 11 12 10 
48 57 60 64 70 74 70 64 65 54 62 66 63 58 55 49 50 53 52 47 43 34 31 27 22 21 17 14 12 10 
48 57 60 64 70 74 70 64 65 54 62 66 63 58 55 49 50 53 52 47 43 34 31 27 24 20 17 14 12 10 
48 57 60 64 70 74 70 64 65 54 62 66 63 58 55 49 50 53 52 47 43 34 31 27 24 16 17 14 12 10 
48 57 60 64 70 74 70 64 65 54 62 66 63 58 55 49 50 53 52 47 43 34 31 27 24 16 11 6 8 10 
48 57 60 64 70 74 70 64 65 54 62 66 63 58 55 49 50 53 52 47 43 34 31 27 22 21 17 16 11 12 10 
48 57 60 64 70 74 70 64 65 54 62 66 63 58 55 49 50 53 52 47 43 34 31 27 24 16 18 13 11 12 10 
48 57 60 64 70 74 70 64 65 54 62 66 63 58 55 49 50 53 52 47 43 34 38 39 33 30 24 16 11 12 10 
48 57 60 64 70 74 70 64 65 54 62 66 63 58 55 49 50 53 52 47 43 34 31 27 24 20 17 16 11 12 10 
48 57 60 64 70 74 70 64 65 54 62 66 63 58 55 49 50 53 52 47 43 34 38 39 33 30 24 16 11 6 8 10 
48 57 60 64 70 74 70 64 65 68 67 66 63 58 55 49 50 53 52 47 43 34 31 27 24 16 11 12 10 
48 57 60 64 70 74 70 64 65 68 67 66 63 58 55 49 50 53 52 47 43 34 31 27 22 21 17 14 12 10 
48 57 60 64 70 74 70 64 65 68 67 66 63 58 55 49 50 53 52 47 43 34 31 27 24 20 17 14 12 10 
48 57 60 64 70 74 70 64 65 68 67 66 63 58 55 49 50 53 52 47 43 34 31 27 24 16 17 14 12 10 
48 57 60 64 70 74 70 64 65 68 67 66 63 58 55 49 50 53 52 47 43 34 31 27 24 16 11 6 8 10 
48 57 60 64 70 74 70 64 65 68 67 66 63 58 55 49 50 53 52 47 43 34 31 27 22 21 17 16 11 12 10 
48 57 60 64 70 74 70 64 65 68 67 66 63 58 55 49 50 53 52 47 43 34 31 27 24 16 18 13 11 12 10 
48 57 60 64 70 74 70 64 65 68 67 66 63 58 55 49 50 53 52 47 43 34 38 39 33 30 24 16 11 12 10 
48 57 60 64 70 74 70 64 65 68 67 66 63 58 55 49 50 53 52 47 43 34 31 27 24 20 17 16 11 12 10 
48 57 60 64 70 74 70 64 65 68 67 66 63 58 55 49 50 53 52 47 43 34 38 39 33 30 24 16 11 6 8 10 
---------------
Request id 29
0 13 18 25 28 32 40 56 58 63 66 62 54 46 48 57 48 44 45 37 36 29 25 18 16 
0 13 18 25 28 32 40 56 58 63 66 62 54 46 48 57 48 44 45 37 35 32 28 25 18 16 
0 13 18 25 28 32 40 56 58 63 66 62 54 46 48 57 48 44 45 37 36 29 19 15 18 16 
0 13 18 25 28 32 40 56 58 63 66 62 54 46 48 57 48 44 45 37 36 29 25 18 13 11 16 
0 13 18 25 28 32 40 56 58 63 66 62 54 46 48 57 48 44 45 37 35 32 28 26 23 24 16 
0 13 18 25 28 32 40 56 58 63 66 62 54 46 48 57 48 44 45 37 35 32 28 25 18 13 11 16 
0 13 18 25 28 32 40 56 58 63 66 62 54 46 48 57 48 44 45 37 36 29 19 15 18 13 11 16 
0 13 18 25 28 32 40 56 58 63 66 62 54 46 48 57 48 44 45 37 35 32 40 39 33 30 24 16 
0 13 18 25 28 32 40 56 58 63 66 62 54 46 48 57 48 44 45 37 36 29 25 28 26 23 24 16 
0 13 18 25 28 32 40 56 58 63 66 62 54 46 48 57 48 44 45 44 48 46 41 40 39 33 30 24 16 
0 13 18 25 28 32 40 56 58 63 66 62 54 46 48 57 60 64 65 54 46 48 44 45 37 36 29 25 18 16 
0 13 18 25 28 32 40 56 58 63 66 62 54 46 48 57 60 64 65 54 46 48 44 45 37 35 32 28 25 18 16 
0 13 18 25 28 32 40 56 58 63 66 62 54 46 48 57 60 64 65 54 46 48 44 45 37 36 29 19 15 18 16 
0 13 18 25 28 32 40 56 58 63 66 62 54 46 48 57 60 64 65 54 46 48 44 45 37 36 29 25 18 13 11 16 
0 13 18 25 28 32 40 56 58 63 66 62 54 46 48 57 60 64 65 54 46 48 44 45 37 35 32 28 26 23 24 16 
0 13 18 25 28 32 40 56 58 63 66 62 54 46 48 57 60 64 65 54 46 48 44 45 37 35 32 28 25 18 13 11 16 
0 13 18 25 28 32 40 56 58 63 66 62 54 46 48 57 60 64 65 54 46 48 44 45 37 36 29 19 15 18 13 11 16 
0 13 18 25 28 32 40 56 58 63 66 62 54 46 48 57 60 64 65 54 46 48 44 45 37 35 32 40 39 33 30 24 16 
0 13 18 25 28 32 40 56 58 63 66 62 54 46 48 57 60 64 65 54 46 48 44 45 37 36 29 25 28 26 23 24 16 
0 13 18 25 28 32 40 56 58 63 66 62 54 46 48 57 60 64 65 54 46 48 44 45 44 48 46 41 40 39 33 30 24 16 
0 13 18 25 28 32 40 56 58 63 66 62 54 46 48 57 48 46 41 40 32 35 37 45 37 36 29 25 18 16 
0 13 18 25 28 32 40 56 58 63 66 62 54 46 48 57 48 46 41 40 32 35 37 45 37 35 32 28 25 18 16 
0 13 18 25 28 32 40 56 58 63 66 62 54 46 48 57 48 46 41 40 32 35 37 45 37 36 29 19 15 18 16 
0 13 18 25 28 32 40 56 58 63 66 62 54 46 48 57 48 46 41 40 32 35 37 45 37 36 29 25 18 13 11 16 
0 13 18 25 28 32 40 56 58 63 66 62 54 46 48 57 48 46 41 40 32 35 37 45 37 35 32 28 26 23 24 16 
0 13 18 25 28 32 40 56 58 63 66 62 54 46 48 57 48 46 41 40 32 35 37 45 37 35 32 28 25 18 13 11 16 
0 13 18 25 28 32 40 56 58 63 66 62 54 46 48 57 48 46 41 40 32 35 37 45 37 36 29 19 15 18 13 11 16 
0 13 18 25 28 32 40 56 58 63 66 62 54 46 48 57 48 46 41 40 32 35 37 45 37 35 32 40 39 33 30 24 16 
0 13 18 25 28 32 40 56 58 63 66 62 54 46 48 57 48 46 41 40 32 35 37 45 37 36 29 25 28 26 23 24 16 
0 13 18 25 28 32 40 56 58 63 66 62 54 46 48 57 48 46 41 40 32 35 37 45 44 48 46 41 40 39 33 30 24 16 
0 13 18 25 28 32 40 56 58 63 66 62 54 46 48 57 60 64 65 54 46 41 40 32 35 37 45 37 36 29 25 18 16 
0 13 18 25 28 32 40 56 58 63 66 62 54 46 48 57 60 64 65 54 46 41 40 32 35 37 45 37 35 32 28 25 18 16 
0 13 18 25 28 32 40 56 58 63 66 62 54 46 48 57 60 64 65 54 46 41 40 32 35 37 45 37 36 29 19 15 18 16 
0 13 18 25 28 32 40 56 58 63 66 62 54 46 48 57 60 64 65 54 46 41 40 32 35 37 45 37 36 29 25 18 13 11 16 
0 13 18 25 28 32 40 56 58 63 66 62 54 46 48 57 60 64 65 54 46 41 40 32 35 37 45 37 35 32 28 26 23 24 16 
0 13 18 25 28 32 40 56 58 63 66 62 54 46 48 57 60 64 65 54 46 41 40 32 35 37 45 37 35 32 28 25 18 13 11 16 
0 13 18 25 28 32 40 56 58 63 66 62 54 46 48 57 60 64 65 54 46 41 40 32 35 37 45 37 36 29 19 15 18 13 11 16 
0 13 18 25 28 32 40 56 58 63 66 62 54 46 48 57 60 64 65 54 46 41 40 32 35 37 45 37 35 32 40 39 33 30 24 16 
0 13 18 25 28 32 40 56 58 63 66 62 54 46 48 57 60 64 65 54 46 41 40 32 35 37 45 37 36 29 25 28 26 23 24 16 
0 13 18 25 28 32 40 56 58 63 66 62 54 46 48 57 60 64 65 54 46 41 40 32 35 37 45 44 48 46 41 40 39 33 30 24 16 
---------------
Request id 5
41 46 48 57 60 57 48 44 45 37 36 29 25 18 16 24 27 
41 46 48 57 60 57 48 44 45 37 36 29 19 15 18 16 24 27 
41 46 48 57 60 57 48 44 45 37 36 29 25 28 26 23 24 27 
41 46 48 57 60 57 48 44 45 37 36 37 35 32 28 26 23 24 27 
41 46 48 57 60 57 48 44 45 37 36 29 25 18 13 11 16 24 27 
41 46 48 57 60 57 48 44 45 37 36 29 25 18 16 17 21 22 27 
41 46 48 57 60 57 48 44 45 37 36 29 25 18 16 17 20 24 27 
41 46 48 57 60 57 48 44 45 37 36 29 19 15 18 16 17 21 22 27 
41 46 48 57 60 57 48 44 45 37 36 29 19 15 18 13 11 16 24 27 
41 46 48 57 60 57 48 44 45 37 36 37 35 32 40 39 33 30 24 27 
41 46 48 57 60 64 65 54 46 48 44 45 37 36 29 25 18 16 24 27 
41 46 48 57 60 64 65 54 46 48 44 45 37 36 29 19 15 18 16 24 27 
41 46 48 57 60 64 65 54 46 48 44 45 37 36 29 25 28 26 23 24 27 
41 46 48 57 60 64 65 54 46 48 44 45 37 36 37 35 32 28 26 23 24 27 
41 46 48 57 60 64 65 54 46 48 44 45 37 36 29 25 18 13 11 16 24 27 
41 46 48 57 60 64 65 54 46 48 44 45 37 36 29 25 18 16 17 21 22 27 
41 46 48 57 60 64 65 54 46 48 44 45 37 36 29 25 18 16 17 20 24 27 
41 46 48 57 60 64 65 54 46 48 44 45 37 36 29 19 15 18 16 17 21 22 27 
41 46 48 57 60 64 65 54 46 48 44 45 37 36 29 19 15 18 13 11 16 24 27 
41 46 48 57 60 64 65 54 46 48 44 45 37 36 37 35 32 40 39 33 30 24 27 
41 46 48 57 60 57 48 46 41 40 32 35 37 36 29 25 18 16 24 27 
41 46 48 57 60 57 48 46 41 40 32 35 37 36 29 19 15 18 16 24 27 
41 46 48 57 60 57 48 46 41 40 32 35 37 36 29 25 28 26 23 24 27 
41 46 48 57 60 57 48 46 41 40 32 35 37 36 37 35 32 28 26 23 24 27 
41 46 48 57 60 57 48 46 41 40 32 35 37 36 29 25 18 13 11 16 24 27 
41 46 48 57 60 57 48 46 41 40 32 35 37 36 29 25 18 16 17 21 22 27 
41 46 48 57 60 57 48 46 41 40 32 35 37 36 29 25 18 16 17 20 24 27 
41 46 48 57 60 57 48 46 41 40 32 35 37 36 29 19 15 18 16 17 21 22 27 
41 46 48 57 60 57 48 46 41 40 32 35 37 36 29 19 15 18 13 11 16 24 27 
41 46 48 57 60 57 48 46 41 40 32 35 37 36 37 35 32 40 39 33 30 24 27 
41 46 48 57 60 64 65 54 46 41 40 32 35 37 36 29 25 18 16 24 27 
41 46 48 57 60 64 65 54 46 41 40 32 35 37 36 29 19 15 18 16 24 27 
41 46 48 57 60 64 65 54 46 41 40 32 35 37 36 29 25 28 26 23 24 27 
41 46 48 57 60 64 65 54 46 41 40 32 35 37 36 37 35 32 28 26 23 24 27 
41 46 48 57 60 64 65 54 46 41 40 32 35 37 36 29 25 18 13 11 16 24 27 
41 46 48 57 60 64 65 54 46 41 40 32 35 37 36 29 25 18 16 17 21 22 27 
41 46 48 57 60 64 65 54 46 41 40 32 35 37 36 29 25 18 16 17 20 24 27 
41 46 48 57 60 64 65 54 46 41 40 32 35 37 36 29 19 15 18 16 17 21 22 27 
41 46 48 57 60 64 65 54 46 41 40 32 35 37 36 29 19 15 18 13 11 16 24 27 
41 46 48 57 60 64 65 54 46 41 40 32 35 37 36 37 35 32 40 39 33 30 24 27 
---------------
Request id 9
28 32 40 39 33 39 40 41 61 62 66 67 69 71 69 67 66 63 58 56 40 32 28 25 18 13 0 
28 32 40 39 33 39 40 41 61 62 66 67 69 71 69 68 65 54 46 41 40 32 28 25 18 13 0 
28 32 40 39 33 39 40 41 61 62 66 67 69 71 69 67 66 62 61 41 40 32 28 25 18 13 0 
28 32 40 39 33 39 40 41 61 62 66 67 69 71 69 67 68 65 54 46 41 40 32 28 25 18 13 0 
28 32 40 39 33 39 40 41 61 62 66 67 69 71 69 68 67 66 63 58 56 40 32 28 25 18 13 0 
28 32 40 39 33 39 40 41 61 62 66 67 69 71 69 68 67 66 62 61 41 40 32 28 25 18 13 0 
28 32 40 39 33 39 40 41 61 62 66 67 69 71 69 67 66 62 54 46 41 40 32 28 25 18 13 0 
28 32 40 39 33 39 40 41 61 62 66 67 69 71 69 67 66 62 61 59 56 40 32 28 25 18 13 0 
28 32 40 39 33 39 40 41 61 62 66 67 69 71 69 68 65 54 62 61 41 40 32 28 25 18 13 0 
28 32 40 39 33 39 40 41 61 62 66 67 69 71 69 68 65 54 46 48 44 45 37 36 29 25 18 13 0 
28 32 40 39 33 39 40 56 58 63 66 67 69 71 69 67 66 63 58 56 40 32 28 25 18 13 0 
28 32 40 39 33 39 40 56 58 63 66 67 69 71 69 68 65 54 46 41 40 32 28 25 18 13 0 
28 32 40 39 33 39 40 56 58 63 66 67 69 71 69 67 66 62 61 41 40 32 28 25 18 13 0 
28 32 40 39 33 39 40 56 58 63 66 67 69 71 69 67 68 65 54 46 41 40 32 28 25 18 13 0 
28 32 40 39 33 39 40 56 58 63 66 67 69 71 69 68 67 66 63 58 56 40 32 28 25 18 13 0 
28 32 40 39 33 39 40 56 58 63 66 67 69 71 69 68 67 66 62 61 41 40 32 28 25 18 13 0 
28 32 40 39 33 39 40 56 58 63 66 67 69 71 69 67 66 62 54 46 41 40 32 28 25 18 13 0 
28 32 40 39 33 39 40 56 58 63 66 67 69 71 69 67 66 62 61 59 56 40 32 28 25 18 13 0 
28 32 40 39 33 39 40 56 58 63 66 67 69 71 69 68 65 54 62 61 41 40 32 28 25 18 13 0 
28 32 40 39 33 39 40 56 58 63 66 67 69 71 69 68 65 54 46 48 44 45 37 36 29 25 18 13 0 
28 32 40 39 33 39 40 41 46 54 65 68 69 71 69 67 66 63 58 56 40 32 28 25 18 13 0 
28 32 40 39 33 39 40 41 46 54 65 68 69 71 69 68 65 54 46 41 40 32 28 25 18 13 0 
28 32 40 39 33 39 40 41 46 54 65 68 69 71 69 67 66 62 61 41 40 32 28 25 18 13 0 
28 32 40 39 33 39 40 41 46 54 65 68 69 71 69 67 68 65 54 46 41 40 32 28 25 18 13 0 
28 32 40 39 33 39 40 41 46 54 65 68 69 71 69 68 67 66 63 58 56 40 32 28 25 18 13 0 
28 32 40 39 33 39 40 41 46 54 65 68 69 71 69 68 67 66 62 61 41 40 32 28 25 18 13 0 
28 32 40 39 33 39 40 41 46 54 65 68 69 71 69 67 66 62 54 46 41 40 32 28 25 18 13 0 
28 32 40 39 33 39 40 41 46 54 65 68 69 71 69 67 66 62 61 59 56 40 32 28 25 18 13 0 
28 32 40 39 33 39 40 41 46 54 65 68 69 71 69 68 65 54 62 61 41 40 32 28 25 18 13 0 
28 32 40 39 33 39 40 41 46 54 65 68 69 71 69 68 65 54 46 48 44 45 37 36 29 25 18 13 0 
28 32 40 39 33 39 40 41 61 62 66 67 68 69 71 69 67 66 63 58 56 40 32 28 25 18 13 0 
28 32 40 39 33 39 40 41 61 62 66 67 68 69 71 69 68 65 54 46 41 40 32 28 25 18 13 0 
28 32 40 39 33 39 40 41 61 62 66 67 68 69 71 69 67 66 62 61 41 40 32 28 25 18 13 0 
28 32 40 39 33 39 40 41 61 62 66 67 68 69 71 69 67 68 65 54 46 41 40 32 28 25 18 13 0 
28 32 40 39 33 39 40 41 61 62 66 67 68 69 71 69 68 67 66 63 58 56 40 32 28 25 18 13 0 
28 32 40 39 33 39 40 41 61 62 66 67 68 69 71 69 68 67 66 62 61 41 40 32 28 25 18 13 0 
28 32 40 39 33 39 40 41 61 62 66 67 68 69 71 69 67 66 62 54 46 41 40 32 28 25 18 13 0 
28 32 40 39 33 39 40 41 61 62 66 67 68 69 71 69 67 66 62 61 59 56 40 32 28 25 18 13 0 
28 32 40 39 33 39 40 41 61 62 66 67 68 69 71 69 68 65 54 62 61 41 40 32 28 25 18 13 0 
28 32 40 39 33 39 40 41 61 62 66 67 68 69 71 69 68 65 54 46 48 44 45 37 36 29 25 18 13 0 
---------------
Request id 10
8 6 11 16 24 30 33 30 24 16 
8 6 11 16 24 30 33 30 24 20 17 16 
8 6 11 16 24 30 33 39 40 32 28 25 18 16 
8 6 11 16 24 30 33 39 38 34 31 27 24 16 
8 6 11 16 24 30 33 30 24 27 22 21 17 16 
8 6 11 16 24 30 33 30 24 20 17 14 12 11 16 
8 6 11 16 24 30 33 30 24 23 26 28 25 18 16 
8 6 11 16 24 30 33 39 40 32 28 26 23 24 16 
8 6 11 16 24 30 33 39 40 32 28 25 18 13 11 16 
8 6 11 16 24 30 33 39 38 34 31 27 22 21 17 16 
8 10 12 11 16 24 30 33 30 24 16 
8 10 12 11 16 24 30 33 30 24 20 17 16 
8 10 12 11 16 24 30 33 39 40 32 28 25 18 16 
8 10 12 11 16 24 30 33 39 38 34 31 27 24 16 
8 10 12 11 16 24 30 33 30 24 27 22 21 17 16 
8 10 12 11 16 24 30 33 30 24 20 17 14 12 11 16 
8 10 12 11 16 24 30 33 30 24 23 26 28 25 18 16 
8 10 12 11 16 24 30 33 39 40 32 28 26 23 24 16 
8 10 12 11 16 24 30 33 39 40 32 28 25 18 13 11 16 
8 10 12 11 16 24 30 33 39 38 34 31 27 22 21 17 16 
8 6 3 13 18 16 24 30 33 30 24 16 
8 6 3 13 18 16 24 30 33 30 24 20 17 16 
8 6 3 13 18 16 24 30 33 39 40 32 28 25 18 16 
8 6 3 13 18 16 24 30 33 39 38 34 31 27 24 16 
8 6 3 13 18 16 24 30 33 30 24 27 22 21 17 16 
8 6 3 13 18 16 24 30 33 30 24 20 17 14 12 11 16 
8 6 3 13 18 16 24 30 33 30 24 23 26 28 25 18 16 
8 6 3 13 18 16 24 30 33 39 40 32 28 26 23 24 16 
8 6 3 13 18 16 24 30 33 39 40 32 28 25 18 13 11 16 
8 6 3 13 18 16 24 30 33 39 38 34 31 27 22 21 17 16 
8 6 11 16 17 20 24 30 33 30 24 16 
8 6 11 16 17 20 24 30 33 30 24 20 17 16 
8 6 11 16 17 20 24 30 33 39 40 32 28 25 18 16 
8 6 11 16 17 20 24 30 33 39 38 34 31 27 24 16 
8 6 11 16 17 20 24 30 33 30 24 27 22 21 17 16 
8 6 11 16 17 20 24 30 33 30 24 20 17 14 12 11 16 
8 6 11 16 17 20 24 30 33 30 24 23 26 28 25 18 16 
8 6 11 16 17 20 24 30 33 39 40 32 28 26 23 24 16 
8 6 11 16 17 20 24 30 33 39 40 32 28 25 18 13 11 16 
8 6 11 16 17 20 24 30 33 39 38 34 31 27 22 21 17 16 
---------------
Request id 18
32 40 56 58 63 58 56 40 39 33 39 
32 40 56 58 63 58 56 40 39 33 30 24 27 31 34 38 39 
32 40 56 58 63 58 56 40 39 33 30 24 23 26 28 32 40 39 
32 40 56 58 63 58 56 40 39 33 30 24 16 18 25 28 32 40 39 
32 40 56 58 63 58 56 40 39 33 30 24 27 31 34 38 42 51 56 40 39 
32 40 56 58 63 58 56 40 39 33 30 24 16 11 13 18 25 28 32 40 39 
32 40 56 58 63 58 56 40 39 33 30 24 20 17 16 18 25 28 32 40 39 
32 40 56 58 63 58 56 40 39 33 30 24 16 17 21 22 27 31 34 38 39 
32 40 56 58 63 58 56 40 39 33 30 24 20 17 21 22 27 31 34 38 39 
32 40 56 58 63 58 56 40 39 33 30 24 16 18 15 19 29 25 28 32 40 39 
32 40 56 58 63 66 62 61 41 40 39 33 39 
32 40 56 58 63 66 62 61 41 40 39 33 30 24 27 31 34 38 39 
32 40 56 58 63 66 62 61 41 40 39 33 30 24 23 26 28 32 40 39 
32 40 56 58 63 66 62 61 41 40 39 33 30 24 16 18 25 28 32 40 39 
32 40 56 58 63 66 62 61 41 40 39 33 30 24 27 31 34 38 42 51 56 40 39 
32 40 56 58 63 66 62 61 41 40 39 33 30 24 16 11 13 18 25 28 32 40 39 
32 40 56 58 63 66 62 61 41 40 39 33 30 24 20 17 16 18 25 28 32 40 39 
32 40 56 58 63 66 62 61 41 40 39 33 30 24 16 17 21 22 27 31 34 38 39 
32 40 56 58 63 66 62 61 41 40 39 33 30 24 20 17 21 22 27 31 34 38 39 
32 40 56 58 63 66 62 61 41 40 39 33 30 24 16 18 15 19 29 25 28 32 40 39 
32 40 56 58 63 58 55 49 42 38 39 33 39 
32 40 56 58 63 58 55 49 42 38 39 33 30 24 27 31 34 38 39 
32 40 56 58 63 58 55 49 42 38 39 33 30 24 23 26 28 32 40 39 
32 40 56 58 63 58 55 49 42 38 39 33 30 24 16 18 25 28 32 40 39 
32 40 56 58 63 58 55 49 42 38 39 33 30 24 27 31 34 38 42 51 56 40 39 
32 40 56 58 63 58 55 49 42 38 39 33 30 24 16 11 13 18 25 28 32 40 39 
32 40 56 58 63 58 55 49 42 38 39 33 30 24 20 17 16 18 25 28 32 40 39 
32 40 56 58 63 58 55 49 42 38 39 33 30 24 16 17 21 22 27 31 34 38 39 
32 40 56 58 63 58 55 49 42 38 39 33 30 24 20 17 21 22 27 31 34 38 39 
32 40 56 58 63 58 55 49 42 38 39 33 30 24 16 18 15 19 29 25 28 32 40 39 
32 40 56 58 63 58 56 51 42 38 39 33 39 
32 40 56 58 63 58 56 51 42 38 39 33 30 24 27 31 34 38 39 
32 40 56 58 63 58 56 51 42 38 39 33 30 24 23 26 28 32 40 39 
32 40 56 58 63 58 56 51 42 38 39 33 30 24 16 18 25 28 32 40 39 
32 40 56 58 63 58 56 51 42 38 39 33 30 24 27 31 34 38 42 51 56 40 39 
32 40 56 58 63 58 56 51 42 38 39 33 30 24 16 11 13 18 25 28 32 40 39 
32 40 56 58 63 58 56 51 42 38 39 33 30 24 20 17 16 18 25 28 32 40 39 
32 40 56 58 63 58 56 51 42 38 39 33 30 24 16 17 21 22 27 31 34 38 39 
32 40 56 58 63 58 56 51 42 38 39 33 30 24 20 17 21 22 27 31 34 38 39 
32 40 56 58 63 58 56 51 42 38 39 33 30 24 16 18 15 19 29 25 28 32 40 39 
---------------
Request id 8
22 27 31 34 38 42 51 56 40 32 28 25 18 13 3 6 8 7 
22 27 31 34 38 42 51 42 38 34 31 27 24 16 11 6 8 7 
22 27 31 34 38 42 51 56 40 32 28 25 18 13 11 6 8 7 
22 27 31 34 38 42 51 56 40 32 28 25 18 13 3 1 4 7 
22 27 31 34 38 42 51 42 38 39 33 30 24 16 11 6 8 7 
22 27 31 34 38 42 51 56 40 39 33 30 24 16 11 6 8 7 
22 27 31 34 38 42 51 56 40 32 28 25 18 16 11 6 8 7 
22 27 31 34 38 42 51 42 38 34 31 27 24 16 11 12 10 8 7 
22 27 31 34 38 42 51 56 40 32 28 26 23 24 16 11 6 8 7 
22 27 31 34 38 42 51 56 40 39 33 30 24 16 11 12 10 8 7 
22 27 24 30 33 39 40 56 51 56 40 32 28 25 18 13 3 6 8 7 
22 27 24 30 33 39 40 56 51 42 38 34 31 27 24 16 11 6 8 7 
22 27 24 30 33 39 40 56 51 56 40 32 28 25 18 13 11 6 8 7 
22 27 24 30 33 39 40 56 51 56 40 32 28 25 18 13 3 1 4 7 
22 27 24 30 33 39 40 56 51 42 38 39 33 30 24 16 11 6 8 7 
22 27 24 30 33 39 40 56 51 56 40 39 33 30 24 16 11 6 8 7 
22 27 24 30 33 39 40 56 51 56 40 32 28 25 18 16 11 6 8 7 
22 27 24 30 33 39 40 56 51 42 38 34 31 27 24 16 11 12 10 8 7 
22 27 24 30 33 39 40 56 51 56 40 32 28 26 23 24 16 11 6 8 7 
22 27 24 30 33 39 40 56 51 56 40 39 33 30 24 16 11 12 10 8 7 
22 27 31 34 38 39 40 56 51 56 40 32 28 25 18 13 3 6 8 7 
22 27 31 34 38 39 40 56 51 42 38 34 31 27 24 16 11 6 8 7 
22 27 31 34 38 39 40 56 51 56 40 32 28 25 18 13 11 6 8 7 
22 27 31 34 38 39 40 56 51 56 40 32 28 25 18 13 3 1 4 7 
22 27 31 34 38 39 40 56 51 42 38 39 33 30 24 16 11 6 8 7 
22 27 31 34 38 39 40 56 51 56 40 39 33 30 24 16 11 6 8 7 
22 27 31 34 38 39 40 56 51 56 40 32 28 25 18 16 11 6 8 7 
22 27 31 34 38 39 40 56 51 42 38 34 31 27 24 16 11 12 10 8 7 
22 27 31 34 38 39 40 56 51 56 40 32 28 26 23 24 16 11 6 8 7 
22 27 31 34 38 39 40 56 51 56 40 39 33 30 24 16 11 12 10 8 7 
22 27 24 30 33 39 38 42 51 56 40 32 28 25 18 13 3 6 8 7 
22 27 24 30 33 39 38 42 51 42 38 34 31 27 24 16 11 6 8 7 
22 27 24 30 33 39 38 42 51 56 40 32 28 25 18 13 11 6 8 7 
22 27 24 30 33 39 38 42 51 56 40 32 28 25 18 13 3 1 4 7 
22 27 24 30 33 39 38 42 51 42 38 39 33 30 24 16 11 6 8 7 
22 27 24 30 33 39 38 42 51 56 40 39 33 30 24 16 11 6 8 7 
22 27 24 30 33 39 38 42 51 56 40 32 28 25 18 16 11 6 8 7 
22 27 24 30 33 39 38 42 51 42 38 34 31 27 24 16 11 12 10 8 7 
22 27 24 30 33 39 38 42 51 56 40 32 28 26 23 24 16 11 6 8 7 
22 27 24 30 33 39 38 42 51 56 40 39 33 30 24 16 11 12 10 8 7 
---------------
Request id 19
42 38 34 43 47 52 53 50 49 42 38 34 31 27 24 16 11 6 
42 38 34 43 47 52 53 50 49 42 38 39 33 30 24 16 11 6 
42 38 34 43 47 52 53 50 53 52 47 43 34 31 27 24 16 11 6 
42 38 34 43 47 52 53 50 49 42 38 39 33 30 24 16 11 13 3 6 
42 38 34 43 47 52 53 50 49 42 38 34 31 27 24 16 11 13 3 6 
42 38 34 43 47 52 53 50 49 55 58 56 40 32 28 25 18 13 11 6 
42 38 34 43 47 52 53 50 49 42 38 34 31 27 24 20 17 16 11 6 
42 38 34 43 47 52 53 50 49 42 38 34 31 27 24 16 18 13 3 6 
42 38 34 43 47 52 53 50 49 55 58 56 40 39 33 30 24 16 11 6 
42 38 34 43 47 52 53 50 49 42 38 34 31 27 22 21 17 16 11 6 
42 38 34 43 47 52 53 52 47 43 34 38 42 49 50 49 42 38 34 31 27 24 16 11 6 
42 38 34 43 47 52 53 52 47 43 34 38 42 49 50 49 42 38 39 33 30 24 16 11 6 
42 38 34 43 47 52 53 52 47 43 34 38 42 49 50 53 52 47 43 34 31 27 24 16 11 6 
42 38 34 43 47 52 53 52 47 43 34 38 42 49 50 49 42 38 39 33 30 24 16 11 13 3 6 
42 38 34 43 47 52 53 52 47 43 34 38 42 49 50 49 42 38 34 31 27 24 16 11 13 3 6 
42 38 34 43 47 52 53 52 47 43 34 38 42 49 50 49 55 58 56 40 32 28 25 18 13 11 6 
42 38 34 43 47 52 53 52 47 43 34 38 42 49 50 49 42 38 34 31 27 24 20 17 16 11 6 
42 38 34 43 47 52 53 52 47 43 34 38 42 49 50 49 42 38 34 31 27 24 16 18 13 3 6 
42 38 34 43 47 52 53 52 47 43 34 38 42 49 50 49 55 58 56 40 39 33 30 24 16 11 6 
42 38 34 43 47 52 53 52 47 43 34 38 42 49 50 49 42 38 34 31 27 22 21 17 16 11 6 
42 38 34 43 47 52 53 52 47 43 34 38 39 40 56 58 55 49 50 49 42 38 34 31 27 24 16 11 6 
42 38 34 43 47 52 53 52 47 43 34 38 39 40 56 58 55 49 50 49 42 38 39 33 30 24 16 11 6 
42 38 34 43 47 52 53 52 47 43 34 38 39 40 56 58 55 49 50 53 52 47 43 34 31 27 24 16 11 6 
42 38 34 43 47 52 53 52 47 43 34 38 39 40 56 58 55 49 50 49 42 38 39 33 30 24 16 11 13 3 6 
42 38 34 43 47 52 53 52 47 43 34 38 39 40 56 58 55 49 50 49 42 38 34 31 27 24 16 11 13 3 6 
42 38 34 43 47 52 53 52 47 43 34 38 39 40 56 58 55 49 50 49 55 58 56 40 32 28 25 18 13 11 6 
42 38 34 43 47 52 53 52 47 43 34 38 39 40 56 58 55 49 50 49 42 38 34 31 27 24 20 17 16 11 6 
42 38 34 43 47 52 53 52 47 43 34 38 39 40 56 58 55 49 50 49 42 38 34 31 27 24 16 18 13 3 6 
42 38 34 43 47 52 53 52 47 43 34 38 39 40 56 58 55 49 50 49 55 58 56 40 39 33 30 24 16 11 6 
42 38 34 43 47 52 53 52 47 43 34 38 39 40 56 58 55 49 50 49 42 38 34 31 27 22 21 17 16 11 6 
42 38 34 43 47 52 53 52 47 43 34 38 42 51 56 58 55 49 50 49 42 38 34 31 27 24 16 11 6 
42 38 34 43 47 52 53 52 47 43 34 38 42 51 56 58 55 49 50 49 42 38 39 33 30 24 16 11 6 
42 38 34 43 47 52 53 52 47 43 34 38 42 51 56 58 55 49 50 53 52 47 43 34 31 27 24 16 11 6 
42 38 34 43 47 52 53 52 47 43 34 38 42 51 56 58 55 49 50 49 42 38 39 33 30 24 16 11 13 3 6 
42 38 34 43 47 52 53 52 47 43 34 38 42 51 56 58 55 49 50 49 42 38 34 31 27 24 16 11 13 3 6 
42 38 34 43 47 52 53 52 47 43 34 38 42 51 56 58 55 49 50 49 55 58 56 40 32 28 25 18 13 11 6 
42 38 34 43 47 52 53 52 47 43 34 38 42 51 56 58 55 49 50 49 42 38 34 31 27 24 20 17 16 11 6 
42 38 34 43 47 52 53 52 47 43 34 38 42 51 56 58 55 49 50 49 42 38 34 31 27 24 16 18 13 3 6 
42 38 34 43 47 52 53 52 47 43 34 38 42 51 56 58 55 49 50 49 55 58 56 40 39 33 30 24 16 11 6 
42 38 34 43 47 52 53 52 47 43 34 38 42 51 56 58 55 49 50 49 42 38 34 31 27 22 21 17 16 11 6 
---------------
Request id 27
21 22 27 31 34 43 47 52 47 43 34 38 39 33 33 39 40 41 46 54 65 64 
21 22 27 31 34 43 47 52 47 43 34 38 39 33 33 39 40 41 61 62 54 65 64 
21 22 27 31 34 43 47 52 47 43 34 38 39 33 33 39 40 41 46 48 57 60 64 
21 22 27 31 34 43 47 52 47 43 34 38 39 33 33 39 40 56 59 61 62 54 65 64 
21 22 27 31 34 43 47 52 47 43 34 38 39 33 33 39 40 41 61 62 66 67 68 65 64 
21 22 27 31 34 43 47 52 47 43 34 38 39 33 33 39 40 56 58 63 66 62 54 65 64 
21 22 27 31 34 43 47 52 47 43 34 38 39 33 33 39 40 56 59 61 41 46 54 65 64 
21 22 27 31 34 43 47 52 47 43 34 38 39 33 33 39 40 56 58 63 66 67 68 65 64 
21 22 27 31 34 43 47 52 47 43 34 38 39 33 33 39 40 32 35 37 45 44 48 57 60 64 
21 22 27 31 34 43 47 52 47 43 34 38 39 33 33 39 40 56 59 61 62 66 67 68 65 64 
21 22 27 31 34 43 47 52 53 50 49 42 38 39 33 33 39 40 41 46 54 65 64 
21 22 27 31 34 43 47 52 53 50 49 42 38 39 33 33 39 40 41 61 62 54 65 64 
21 22 27 31 34 43 47 52 53 50 49 42 38 39 33 33 39 40 41 46 48 57 60 64 
21 22 27 31 34 43 47 52 53 50 49 42 38 39 33 33 39 40 56 59 61 62 54 65 64 
21 22 27 31 34 43 47 52 53 50 49 42 38 39 33 33 39 40 41 61 62 66 67 68 65 64 
21 22 27 31 34 43 47 52 53 50 49 42 38 39 33 33 39 40 56 58 63 66 62 54 65 64 
21 22 27 31 34 43 47 52 53 50 49 42 38 39 33 33 39 40 56 59 61 41 46 54 65 64 
21 22 27 31 34 43 47 52 53 50 49 42 38 39 33 33 39 40 56 58 63 66 67 68 65 64 
21 22 27 31 34 43 47 52 53 50 49 42 38 39 33 33 39 40 32 35 37 45 44 48 57 60 64 
21 22 27 31 34 43 47 52 53 50 49 42 38 39 33 33 39 40 56 59 61 62 66 67 68 65 64 
21 22 27 31 34 43 47 52 47 43 34 31 27 24 30 33 33 39 40 41 46 54 65 64 
21 22 27 31 34 43 47 52 47 43 34 31 27 24 30 33 33 39 40 41 61 62 54 65 64 
21 22 27 31 34 43 47 52 47 43 34 31 27 24 30 33 33 39 40 41 46 48 57 60 64 
21 22 27 31 34 43 47 52 47 43 34 31 27 24 30 33 33 39 40 56 59 61 62 54 65 64 
21 22 27 31 34 43 47 52 47 43 34 31 27 24 30 33 33 39 40 41 61 62 66 67 68 65 64 
21 22 27 31 34 43 47 52 47 43 34 31 27 24 30 33 33 39 40 56 58 63 66 62 54 65 64 
21 22 27 31 34 43 47 52 47 43 34 31 27 24 30 33 33 39 40 56 59 61 41 46 54 65 64 
21 22 27 31 34 43 47 52 47 43 34 31 27 24 30 33 33 39 40 56 58 63 66 67 68 65 64 
21 22 27 31 34 43 47 52 47 43 34 31 27 24 30 33 33 39 40 32 35 37 45 44 48 57 60 64 
21 22 27 31 34 43 47 52 47 43 34 31 27 24 30 33 33 39 40 56 59 61 62 66 67 68 65 64 
21 22 27 31 34 43 47 52 53 50 49 55 58 56 40 39 33 33 39 40 41 46 54 65 64 
21 22 27 31 34 43 47 52 53 50 49 55 58 56 40 39 33 33 39 40 41 61 62 54 65 64 
21 22 27 31 34 43 47 52 53 50 49 55 58 56 40 39 33 33 39 40 41 46 48 57 60 64 
21 22 27 31 34 43 47 52 53 50 49 55 58 56 40 39 33 33 39 40 56 59 61 62 54 65 64 
21 22 27 31 34 43 47 52 53 50 49 55 58 56 40 39 33 33 39 40 41 61 62 66 67 68 65 64 
21 22 27 31 34 43 47 52 53 50 49 55 58 56 40 39 33 33 39 40 56 58 63 66 62 54 65 64 
21 22 27 31 34 43 47 52 53 50 49 55 58 56 40 39 33 33 39 40 56 59 61 41 46 54 65 64 
21 22 27 31 34 43 47 52 53 50 49 55 58 56 40 39 33 33 39 40 56 58 63 66 67 68 65 64 
21 22 27 31 34 43 47 52 53 50 49 55 58 56 40 39 33 33 39 40 32 35 37 45 44 48 57 60 64 
21 22 27 31 34 43 47 52 53 50 49 55 58 56 40 39 33 33 39 40 56 59 61 62 66 67 68 65 64 
---------------
Request id 25
61 41 40 39 33 39 40 41 46 54 65 68 69 
61 41 40 39 33 39 40 56 58 63 66 67 69 
61 41 40 39 33 39 40 41 61 62 66 67 69 
61 41 40 39 33 39 40 41 46 54 65 68 67 69 
61 41 40 39 33 39 40 56 59 61 62 66 67 69 
61 41 40 39 33 39 40 41 61 62 54 65 68 69 
61 41 40 39 33 39 40 41 61 62 66 67 68 69 
61 41 40 39 33 39 40 41 46 54 62 66 67 69 
61 41 40 39 33 39 40 56 58 63 66 67 68 69 
61 41 40 39 33 39 38 42 51 56 58 63 66 67 69 
61 59 56 40 39 33 39 40 41 46 54 65 68 69 
61 59 56 40 39 33 39 40 56 58 63 66 67 69 
61 59 56 40 39 33 39 40 41 61 62 66 67 69 
61 59 56 40 39 33 39 40 41 46 54 65 68 67 69 
61 59 56 40 39 33 39 40 56 59 61 62 66 67 69 
61 59 56 40 39 33 39 40 41 61 62 54 65 68 69 
61 59 56 40 39 33 39 40 41 61 62 66 67 68 69 
61 59 56 40 39 33 39 40 41 46 54 62 66 67 69 
61 59 56 40 39 33 39 40 56 58 63 66 67 68 69 
61 59 56 40 39 33 39 38 42 51 56 58 63 66 67 69 
61 62 54 46 41 40 39 33 39 40 41 46 54 65 68 69 
61 62 54 46 41 40 39 33 39 40 56 58 63 66 67 69 
61 62 54 46 41 40 39 33 39 40 41 61 62 66 67 69 
61 62 54 46 41 40 39 33 39 40 41 46 54 65 68 67 69 
61 62 54 46 41 40 39 33 39 40 56 59 61 62 66 67 69 
61 62 54 46 41 40 39 33 39 40 41 61 62 54 65 68 69 
61 62 54 46 41 40 39 33 39 40 41 61 62 66 67 68 69 
61 62 54 46 41 40 39 33 39 40 41 46 54 62 66 67 69 
61 62 54 46 41 40 39 33 39 40 56 58 63 66 67 68 69 
61 62 54 46 41 40 39 33 39 38 42 51 56 58 63 66 67 69 
61 59 56 51 42 38 39 33 39 40 41 46 54 65 68 69 
61 59 56 51 42 38 39 33 39 40 56 58 63 66 67 69 
61 59 56 51 42 38 39 33 39 40 41 61 62 66 67 69 
61 59 56 51 42 38 39 33 39 40 41 46 54 65 68 67 69 
61 59 56 51 42 38 39 33 39 40 56 59 61 62 66 67 69 
61 59 56 51 42 38 39 33 39 40 41 61 62 54 65 68 69 
61 59 56 51 42 38 39 33 39 40 41 61 62 66 67 68 69 
61 59 56 51 42 38 39 33 39 40 41 46 54 62 66 67 69 
61 59 56 51 42 38 39 33 39 40 56 58 63 66 67 68 69 
61 59 56 51 42 38 39 33 39 38 42 51 56 58 63 66 67 69 
---------------
Request id 1
38 39 33 39 40 
38 39 33 39 38 42 51 56 40 
38 39 33 30 24 23 26 28 32 40 
38 39 33 39 38 42 49 55 58 56 40 
38 39 33 30 24 16 18 25 28 32 40 
38 39 33 30 24 27 31 34 38 39 40 
38 39 33 39 38 42 51 56 59 61 41 40 
38 39 33 30 24 16 11 13 18 25 28 32 40 
38 39 33 30 24 20 17 16 18 25 28 32 40 
38 39 33 30 24 27 31 34 38 42 51 56 40 
38 42 51 56 40 39 33 39 40 
38 42 51 56 40 39 33 39 38 42 51 56 40 
38 42 51 56 40 39 33 30 24 23 26 28 32 40 
38 42 51 56 40 39 33 39 38 42 49 55 58 56 40 
38 42 51 56 40 39 33 30 24 16 18 25 28 32 40 
38 42 51 56 40 39 33 30 24 27 31 34 38 39 40 
38 42 51 56 40 39 33 39 38 42 51 56 59 61 41 40 
38 42 51 56 40 39 33 30 24 16 11 13 18 25 28 32 40 
38 42 51 56 40 39 33 30 24 20 17 16 18 25 28 32 40 
38 42 51 56 40 39 33 30 24 27 31 34 38 42 51 56 40 
38 34 31 27 24 30 33 39 40 
38 34 31 27 24 30 33 39 38 42 51 56 40 
38 34 31 27 24 30 33 30 24 23 26 28 32 40 
38 34 31 27 24 30 33 39 38 42 49 55 58 56 40 
38 34 31 27 24 30 33 30 24 16 18 25 28 32 40 
38 34 31 27 24 30 33 30 24 27 31 34 38 39 40 
38 34 31 27 24 30 33 39 38 42 51 56 59 61 41 40 
38 34 31 27 24 30 33 30 24 16 11 13 18 25 28 32 40 
38 34 31 27 24 30 33 30 24 20 17 16 18 25 28 32 40 
38 34 31 27 24 30 33 30 24 27 31 34 38 42 51 56 40 
38 42 49 55 58 56 40 39 33 39 40 
38 42 49 55 58 56 40 39 33 39 38 42 51 56 40 
38 42 49 55 58 56 40 39 33 30 24 23 26 28 32 40 
38 42 49 55 58 56 40 39 33 39 38 42 49 55 58 56 40 
38 42 49 55 58 56 40 39 33 30 24 16 18 25 28 32 40 
38 42 49 55 58 56 40 39 33 30 24 27 31 34 38 39 40 
38 42 49 55 58 56 40 39 33 39 38 42 51 56 59 61 41 40 
38 42 49 55 58 56 40 39 33 30 24 16 11 13 18 25 28 32 40 
38 42 49 55 58 56 40 39 33 30 24 20 17 16 18 25 28 32 40 
38 42 49 55 58 56 40 39 33 30 24 27 31 34 38 42 51 56 40 
---------------
Request id 20
11 16 24 27 31 34 43 47 52 53 50 49 55 58 63 66 62 54 65 
11 16 24 27 31 34 43 47 52 53 50 49 55 58 63 66 67 68 65 
11 16 24 27 31 34 43 47 52 53 50 49 42 51 56 59 61 62 54 65 
11 16 24 27 31 34 43 47 52 53 50 49 55 58 56 40 41 46 54 65 
11 16 24 27 31 34 43 47 52 53 50 49 55 58 63 66 67 69 68 65 
11 16 24 27 31 34 43 47 52 53 50 49 42 38 39 40 41 46 54 65 
11 16 24 27 31 34 43 47 52 53 50 49 55 58 56 59 61 62 54 65 
11 16 24 27 31 34 43 47 52 53 50 49 42 51 56 40 41 46 54 65 
11 16 24 27 31 34 43 47 52 53 52 47 43 34 38 39 40 41 46 54 65 
11 16 24 27 31 34 43 47 52 53 50 49 55 58 56 40 41 61 62 54 65 
11 16 24 27 31 34 43 47 43 34 38 42 49 50 53 50 49 55 58 63 66 62 54 65 
11 16 24 27 31 34 43 47 43 34 38 42 49 50 53 50 49 55 58 63 66 67 68 65 
11 16 24 27 31 34 43 47 43 34 38 42 49 50 53 50 49 42 51 56 59 61 62 54 65 
11 16 24 27 31 34 43 47 43 34 38 42 49 50 53 50 49 55 58 56 40 41 46 54 65 
11 16 24 27 31 34 43 47 43 34 38 42 49 50 53 50 49 55 58 63 66 67 69 68 65 
11 16 24 27 31 34 43 47 43 34 38 42 49 50 53 50 49 42 38 39 40 41 46 54 65 
11 16 24 27 31 34 43 47 43 34 38 42 49 50 53 50 49 55 58 56 59 61 62 54 65 
11 16 24 27 31 34 43 47 43 34 38 42 49 50 53 50 49 42 51 56 40 41 46 54 65 
11 16 24 27 31 34 43 47 43 34 38 42 49 50 53 52 47 43 34 38 39 40 41 46 54 65 
11 16 24 27 31 34 43 47 43 34 38 42 49 50 53 50 49 55 58 56 40 41 61 62 54 65 
11 16 24 27 31 34 43 47 43 34 38 39 40 56 51 42 49 50 53 50 49 55 58 63 66 62 54 65 
11 16 24 27 31 34 43 47 43 34 38 39 40 56 51 42 49 50 53 50 49 55 58 63 66 67 68 65 
11 16 24 27 31 34 43 47 43 34 38 39 40 56 51 42 49 50 53 50 49 42 51 56 59 61 62 54 65 
11 16 24 27 31 34 43 47 43 34 38 39 40 56 51 42 49 50 53 50 49 55 58 56 40 41 46 54 65 
11 16 24 27 31 34 43 47 43 34 38 39 40 56 51 42 49 50 53 50 49 55 58 63 66 67 69 68 65 
11 16 24 27 31 34 43 47 43 34 38 39 40 56 51 42 49 50 53 50 49 42 38 39 40 41 46 54 65 
11 16 24 27 31 34 43 47 43 34 38 39 40 56 51 42 49 50 53 50 49 55 58 56 59 61 62 54 65 
11 16 24 27 31 34 43 47 43 34 38 39 40 56 51 42 49 50 53 50 49 42 51 56 40 41 46 54 65 
11 16 24 27 31 34 43 47 43 34 38 39 40 56 51 42 49 50 53 52 47 43 34 38 39 40 41 46 54 65 
11 16 24 27 31 34 43 47 43 34 38 39 40 56 51 42 49 50 53 50 49 55 58 56 40 41 61 62 54 65 
11 16 24 27 31 34 43 47 43 34 38 42 51 56 58 55 49 50 53 50 49 55 58 63 66 62 54 65 
11 16 24 27 31 34 43 47 43 34 38 42 51 56 58 55 49 50 53 50 49 55 58 63 66 67 68 65 
11 16 24 27 31 34 43 47 43 34 38 42 51 56 58 55 49 50 53 50 49 42 51 56 59 61 62 54 65 
11 16 24 27 31 34 43 47 43 34 38 42 51 56 58 55 49 50 53 50 49 55 58 56 40 41 46 54 65 
11 16 24 27 31 34 43 47 43 34 38 42 51 56 58 55 49 50 53 50 49 55 58 63 66 67 69 68 65 
11 16 24 27 31 34 43 47 43 34 38 42 51 56 58 55 49 50 53 50 49 42 38 39 40 41 46 54 65 
11 16 24 27 31 34 43 47 43 34 38 42 51 56 58 55 49 50 53 50 49 55 58 56 59 61 62 54 65 
11 16 24 27 31 34 43 47 43 34 38 42 51 56 58 55 49 50 53 50 49 42 51 56 40 41 46 54 65 
11 16 24 27 31 34 43 47 43 34 38 42 51 56 58 55 49 50 53 52 47 43 34 38 39 40 41 46 54 65 
11 16 24 27 31 34 43 47 43 34 38 42 51 56 58 55 49 50 53 50 49 55 58 56 40 41 61 62 54 65 
---------------
Request id 12
39 38 34 43 47 52 53 50 49 55 58 63 66 62 54 65 
39 38 34 43 47 52 53 50 49 55 58 63 66 67 68 65 
39 38 34 43 47 52 53 50 49 42 51 56 40 41 46 54 65 
39 38 34 43 47 52 53 50 49 55 58 56 40 41 46 54 65 
39 38 34 43 47 52 53 50 49 55 58 63 66 67 69 68 65 
39 38 34 43 47 52 53 50 49 42 38 39 40 41 46 54 65 
39 38 34 43 47 52 53 50 49 55 58 56 59 61 62 54 65 
39 38 34 43 47 52 53 50 49 42 51 56 59 61 62 54 65 
39 38 34 43 47 52 53 52 47 43 34 38 39 40 41 46 54 65 
39 38 34 43 47 52 53 50 49 55 58 56 40 41 61 62 54 65 
39 38 34 43 34 38 42 49 50 53 50 49 55 58 63 66 62 54 65 
39 38 34 43 34 38 42 49 50 53 50 49 55 58 63 66 67 68 65 
39 38 34 43 34 38 42 49 50 53 50 49 42 51 56 40 41 46 54 65 
39 38 34 43 34 38 42 49 50 53 50 49 55 58 56 40 41 46 54 65 
39 38 34 43 34 38 42 49 50 53 50 49 55 58 63 66 67 69 68 65 
39 38 34 43 34 38 42 49 50 53 50 49 42 38 39 40 41 46 54 65 
39 38 34 43 34 38 42 49 50 53 50 49 55 58 56 59 61 62 54 65 
39 38 34 43 34 38 42 49 50 53 50 49 42 51 56 59 61 62 54 65 
39 38 34 43 34 38 42 49 50 53 52 47 43 34 38 39 40 41 46 54 65 
39 38 34 43 34 38 42 49 50 53 50 49 55 58 56 40 41 61 62 54 65 
39 38 34 43 34 38 39 40 56 58 55 49 50 53 50 49 55 58 63 66 62 54 65 
39 38 34 43 34 38 39 40 56 58 55 49 50 53 50 49 55 58 63 66 67 68 65 
39 38 34 43 34 38 39 40 56 58 55 49 50 53 50 49 42 51 56 40 41 46 54 65 
39 38 34 43 34 38 39 40 56 58 55 49 50 53 50 49 55 58 56 40 41 46 54 65 
39 38 34 43 34 38 39 40 56 58 55 49 50 53 50 49 55 58 63 66 67 69 68 65 
39 38 34 43 34 38 39 40 56 58 55 49 50 53 50 49 42 38 39 40 41 46 54 65 
39 38 34 43 34 38 39 40 56 58 55 49 50 53 50 49 55 58 56 59 61 62 54 65 
39 38 34 43 34 38 39 40 56 58 55 49 50 53 50 49 42 51 56 59 61 62 54 65 
39 38 34 43 34 38 39 40 56 58 55 49 50 53 52 47 43 34 38 39 40 41 46 54 65 
39 38 34 43 34 38 39 40 56 58 55 49 50 53 50 49 55 58 56 40 41 61 62 54 65 
39 38 34 43 34 38 42 51 56 58 55 49 50 53 50 49 55 58 63 66 62 54 65 
39 38 34 43 34 38 42 51 56 58 55 49 50 53 50 49 55 58 63 66 67 68 65 
39 38 34 43 34 38 42 51 56 58 55 49 50 53 50 49 42 51 56 40 41 46 54 65 
39 38 34 43 34 38 42 51 56 58 55 49 50 53 50 49 55 58 56 40 41 46 54 65 
39 38 34 43 34 38 42 51 56 58 55 49 50 53 50 49 55 58 63 66 67 69 68 65 
39 38 34 43 34 38 42 51 56 58 55 49 50 53 50 49 42 38 39 40 41 46 54 65 
39 38 34 43 34 38 42 51 56 58 55 49 50 53 50 49 55 58 56 59 61 62 54 65 
39 38 34 43 34 38 42 51 56 58 55 49 50 53 50 49 42 51 56 59 61 62 54 65 
39 38 34 43 34 38 42 51 56 58 55 49 50 53 52 47 43 34 38 39 40 41 46 54 65 
39 38 34 43 34 38 42 51 56 58 55 49 50 53 50 49 55 58 56 40 41 61 62 54 65 
---------------
Request id 23
22 27 24 30 33 39 40 41 61 62 66 67 69 71 69 67 66 62 61 
22 27 24 30 33 39 40 41 61 62 66 67 69 71 69 68 67 66 62 61 
22 27 24 30 33 39 40 41 61 62 66 67 69 71 69 68 65 54 62 61 
22 27 24 30 33 39 40 41 61 62 66 67 69 71 69 67 68 65 54 62 61 
22 27 24 30 33 39 40 41 61 62 66 67 69 71 69 68 65 54 46 41 61 
22 27 24 30 33 39 40 41 61 62 66 67 69 71 69 67 66 63 58 56 59 61 
22 27 24 30 33 39 40 41 61 62 66 67 69 71 69 67 66 62 54 46 41 61 
22 27 24 30 33 39 40 41 61 62 66 67 69 71 69 67 68 65 54 46 41 61 
22 27 24 30 33 39 40 41 61 62 66 67 69 71 72 73 74 70 64 65 54 62 61 
22 27 24 30 33 39 40 41 61 62 66 67 69 71 69 67 66 63 58 56 40 41 61 
22 27 31 34 38 42 51 56 58 63 66 67 69 71 69 67 66 62 61 
22 27 31 34 38 42 51 56 58 63 66 67 69 71 69 68 67 66 62 61 
22 27 31 34 38 42 51 56 58 63 66 67 69 71 69 68 65 54 62 61 
22 27 31 34 38 42 51 56 58 63 66 67 69 71 69 67 68 65 54 62 61 
22 27 31 34 38 42 51 56 58 63 66 67 69 71 69 68 65 54 46 41 61 
22 27 31 34 38 42 51 56 58 63 66 67 69 71 69 67 66 63 58 56 59 61 
22 27 31 34 38 42 51 56 58 63 66 67 69 71 69 67 66 62 54 46 41 61 
22 27 31 34 38 42 51 56 58 63 66 67 69 71 69 67 68 65 54 46 41 61 
22 27 31 34 38 42 51 56 58 63 66 67 69 71 72 73 74 70 64 65 54 62 61 
22 27 31 34 38 42 51 56 58 63 66 67 69 71 69 67 66 63 58 56 40 41 61 
22 27 24 30 33 39 40 56 58 63 66 67 69 71 69 67 66 62 61 
22 27 24 30 33 39 40 56 58 63 66 67 69 71 69 68 67 66 62 61 
22 27 24 30 33 39 40 56 58 63 66 67 69 71 69 68 65 54 62 61 
22 27 24 30 33 39 40 56 58 63 66 67 69 71 69 67 68 65 54 62 61 
22 27 24 30 33 39 40 56 58 63 66 67 69 71 69 68 65 54 46 41 61 
22 27 24 30 33 39 40 56 58 63 66 67 69 71 69 67 66 63 58 56 59 61 
22 27 24 30 33 39 40 56 58 63 66 67 69 71 69 67 66 62 54 46 41 61 
22 27 24 30 33 39 40 56 58 63 66 67 69 71 69 67 68 65 54 46 41 61 
22 27 24 30 33 39 40 56 58 63 66 67 69 71 72 73 74 70 64 65 54 62 61 
22 27 24 30 33 39 40 56 58 63 66 67 69 71 69 67 66 63 58 56 40 41 61 
22 27 24 30 33 39 40 41 46 54 65 68 69 71 69 67 66 62 61 
22 27 24 30 33 39 40 41 46 54 65 68 69 71 69 68 67 66 62 61 
22 27 24 30 33 39 40 41 46 54 65 68 69 71 69 68 65 54 62 61 
22 27 24 30 33 39 40 41 46 54 65 68 69 71 69 67 68 65 54 62 61 
22 27 24 30 33 39 40 41 46 54 65 68 69 71 69 68 65 54 46 41 61 
22 27 24 30 33 39 40 41 46 54 65 68 69 71 69 67 66 63 58 56 59 61 
22 27 24 30 33 39 40 41 46 54 65 68 69 71 69 67 66 62 54 46 41 61 
22 27 24 30 33 39 40 41 46 54 65 68 69 71 69 67 68 65 54 46 41 61 
22 27 24 30 33 39 40 41 46 54 65 68 69 71 72 73 74 70 64 65 54 62 61 
22 27 24 30 33 39 40 41 46 54 65 68 69 71 69 67 66 63 58 56 40 41 61 
---------------
Request id 14
32 35 37 45 37 36 29 25 18 13 11 
32 35 37 45 37 36 29 25 18 16 11 
32 35 37 45 37 35 32 28 25 18 13 11 
32 35 37 45 37 36 29 19 15 18 16 11 
32 35 37 45 37 36 29 19 15 18 13 11 
32 35 37 45 37 35 32 28 25 18 16 11 
32 35 37 45 37 36 29 25 18 13 3 6 11 
32 35 37 45 37 35 32 28 26 23 24 16 11 
32 35 37 45 37 35 32 28 25 18 13 3 6 11 
32 35 37 45 37 36 29 19 15 9 2 0 13 11 
32 40 41 46 48 44 45 37 36 29 25 18 13 11 
32 40 41 46 48 44 45 37 36 29 25 18 16 11 
32 40 41 46 48 44 45 37 35 32 28 25 18 13 11 
32 40 41 46 48 44 45 37 36 29 19 15 18 16 11 
32 40 41 46 48 44 45 37 36 29 19 15 18 13 11 
32 40 41 46 48 44 45 37 35 32 28 25 18 16 11 
32 40 41 46 48 44 45 37 36 29 25 18 13 3 6 11 
32 40 41 46 48 44 45 37 35 32 28 26 23 24 16 11 
32 40 41 46 48 44 45 37 35 32 28 25 18 13 3 6 11 
32 40 41 46 48 44 45 37 36 29 19 15 9 2 0 13 11 
32 28 25 29 36 37 45 37 36 29 25 18 13 11 
32 28 25 29 36 37 45 37 36 29 25 18 16 11 
32 28 25 29 36 37 45 37 35 32 28 25 18 13 11 
32 28 25 29 36 37 45 37 36 29 19 15 18 16 11 
32 28 25 29 36 37 45 37 36 29 19 15 18 13 11 
32 28 25 29 36 37 45 37 35 32 28 25 18 16 11 
32 28 25 29 36 37 45 37 36 29 25 18 13 3 6 11 
32 28 25 29 36 37 45 37 35 32 28 26 23 24 16 11 
32 28 25 29 36 37 45 37 35 32 28 25 18 13 3 6 11 
32 28 25 29 36 37 45 37 36 29 19 15 9 2 0 13 11 
32 40 41 61 62 54 46 48 44 45 37 36 29 25 18 13 11 
32 40 41 61 62 54 46 48 44 45 37 36 29 25 18 16 11 
32 40 41 61 62 54 46 48 44 45 37 35 32 28 25 18 13 11 
32 40 41 61 62 54 46 48 44 45 37 36 29 19 15 18 16 11 
32 40 41 61 62 54 46 48 44 45 37 36 29 19 15 18 13 11 
32 40 41 61 62 54 46 48 44 45 37 35 32 28 25 18 16 11 
32 40 41 61 62 54 46 48 44 45 37 36 29 25 18 13 3 6 11 
32 40 41 61 62 54 46 48 44 45 37 35 32 28 26 23 24 16 11 
32 40 41 61 62 54 46 48 44 45 37 35 32 28 25 18 13 3 6 11 
32 40 41 61 62 54 46 48 44 45 37 36 29 19 15 9 2 0 13 11 
---------------
