Request id 11
49 42 38 34 31 27 24 23 26 28 
49 42 38 34 31 34 38 39 40 32 28 
49 42 38 34 31 27 24 16 18 25 28 
49 42 38 34 31 27 22 21 17 16 18 25 28 
49 42 38 34 31 34 38 42 51 56 40 32 28 
49 42 38 34 31 27 24 30 33 39 40 32 28 
49 42 38 34 31 27 24 16 11 13 18 25 28 
49 42 38 34 31 27 24 20 17 16 18 25 28 
49 42 38 34 31 34 38 39 33 30 24 23 26 28 
49 42 38 34 31 27 24 16 18 15 19 29 25 28 
---------------
Request id 16
46 54 65 68 69 71 72 73 74 70 64 60 64 65 68 69 71 69 67 66 63 58 55 49 42 
46 54 65 68 69 71 72 73 74 70 64 60 64 65 68 69 71 69 67 66 63 58 56 51 42 
46 54 65 68 69 71 72 73 74 70 64 60 64 65 68 69 71 69 68 67 66 63 58 56 51 42 
46 54 65 68 69 71 72 73 74 70 64 60 64 65 68 69 71 69 67 66 62 61 59 56 51 42 
46 54 65 68 69 71 72 73 74 70 64 60 64 65 68 69 71 69 68 67 66 63 58 55 49 42 
46 54 65 68 69 71 72 73 74 70 64 60 64 65 68 69 71 69 67 66 63 58 56 40 39 38 42 
46 54 65 68 69 71 72 73 74 70 64 60 64 65 68 69 71 69 67 66 62 61 41 40 56 51 42 
46 54 65 68 69 71 72 73 74 70 64 60 64 65 68 69 71 69 68 65 54 62 61 59 56 51 42 
46 54 65 68 69 71 72 73 74 70 64 60 64 65 68 69 71 69 67 66 62 61 41 40 39 38 42 
46 54 65 68 69 71 72 73 74 70 64 60 64 65 68 69 71 69 68 65 54 46 41 40 39 38 42 
---------------
Request id 17
67 68 65 54 46 48 44 45 37 35 32 40 56 51 56 40 32 28 25 18 13 3 1 4 7 
67 68 65 54 46 48 44 45 37 35 32 40 56 51 42 38 39 33 30 24 16 11 6 8 7 
67 68 65 54 46 48 44 45 37 35 32 40 56 51 56 40 32 28 25 18 13 11 6 8 7 
67 68 65 54 46 48 44 45 37 35 32 40 56 51 56 40 32 28 25 18 13 3 6 8 7 
67 68 65 54 46 48 44 45 37 35 32 40 56 51 42 38 34 31 27 24 16 11 6 8 7 
67 68 65 54 46 48 44 45 37 35 32 40 56 51 56 40 39 33 30 24 16 11 6 8 7 
67 68 65 54 46 48 44 45 37 35 32 40 56 51 56 40 32 28 25 18 16 11 6 8 7 
67 68 65 54 46 48 44 45 37 35 32 40 56 51 56 40 32 28 26 23 24 16 11 6 8 7 
67 68 65 54 46 48 44 45 37 35 32 40 56 51 56 40 39 33 30 24 16 11 12 10 8 7 
67 68 65 54 46 48 44 45 37 35 32 40 56 51 42 38 34 31 27 24 16 11 12 10 8 7 
---------------
Request id 14
7 8 6 11 13 18 25 29 36 37 45 44 45 37 36 29 25 18 13 
7 8 6 11 13 18 25 29 36 37 45 44 45 37 35 32 28 25 18 13 
7 8 6 11 13 18 25 29 36 37 45 44 45 37 36 29 19 15 18 13 
7 8 6 11 13 18 25 29 36 37 45 44 48 46 41 40 32 28 25 18 13 
7 8 6 11 13 18 25 29 36 37 45 44 45 37 36 29 25 18 16 11 13 
7 8 6 11 13 18 25 29 36 37 45 44 45 37 36 29 19 15 18 16 11 13 
7 8 6 11 13 18 25 29 36 37 45 44 45 37 35 32 28 25 18 16 11 13 
7 8 6 11 13 18 25 29 36 37 45 44 45 37 36 29 19 15 9 2 0 13 
7 8 6 11 13 18 25 29 36 37 45 44 48 46 41 40 32 28 25 18 16 11 13 
7 8 6 11 13 18 25 29 36 37 45 44 45 37 36 29 25 18 15 9 2 0 13 
---------------
Request id 19
49 42 51 42 49 50 53 52 47 43 34 31 27 24 16 
49 42 51 42 49 50 53 52 47 43 34 38 39 33 30 24 16 
49 42 51 42 49 50 53 52 47 43 34 31 27 24 20 17 16 
49 42 51 42 49 50 53 52 47 43 34 31 27 22 21 17 16 
49 42 51 42 49 50 53 52 53 50 49 42 38 34 31 27 24 16 
49 42 51 42 49 50 53 52 53 50 49 42 38 39 33 30 24 16 
49 42 51 42 49 50 53 52 47 43 34 31 27 22 21 17 20 24 16 
49 42 51 42 49 50 53 52 47 43 34 38 39 40 32 28 25 18 16 
49 42 51 42 49 50 53 52 47 43 34 38 39 33 30 24 20 17 16 
49 42 51 42 49 50 53 52 53 50 49 42 38 39 33 30 24 20 17 16 
---------------
Request id 7
49 42 38 34 31 34 38 42 49 50 49 55 58 56 40 32 28 25 18 15 
49 42 38 34 31 34 38 42 49 50 49 42 38 34 31 27 24 16 18 15 
49 42 38 34 31 34 38 42 49 50 49 42 51 56 40 32 28 25 18 15 
49 42 38 34 31 34 38 42 49 50 49 42 38 39 33 30 24 16 18 15 
49 42 38 34 31 34 38 42 49 50 49 42 38 39 40 32 28 25 18 15 
49 42 38 34 31 34 38 42 49 50 53 52 47 43 34 31 27 24 16 18 15 
49 42 38 34 31 34 38 42 49 50 49 42 51 56 40 32 28 25 29 19 15 
49 42 38 34 31 34 38 42 49 50 49 55 58 56 40 32 28 25 29 19 15 
49 42 38 34 31 34 38 42 49 50 49 42 38 39 40 32 28 25 29 19 15 
49 42 38 34 31 34 38 42 49 50 49 42 51 56 40 39 33 30 24 16 18 15 
---------------
Request id 18
61 62 66 63 58 56 40 32 35 37 45 44 45 37 36 29 25 18 13 11 6 8 
61 62 66 63 58 56 40 32 35 37 45 44 45 37 36 29 25 18 16 11 6 8 
61 62 66 63 58 56 40 32 35 37 45 44 45 37 36 29 25 18 13 3 6 8 
61 62 66 63 58 56 40 32 35 37 45 44 45 37 35 32 28 25 18 13 3 6 8 
61 62 66 63 58 56 40 32 35 37 45 44 45 37 35 32 28 25 18 13 11 6 8 
61 62 66 63 58 56 40 32 35 37 45 44 45 37 36 29 19 15 18 13 3 6 8 
61 62 66 63 58 56 40 32 35 37 45 44 45 37 35 32 28 25 18 16 11 6 8 
61 62 66 63 58 56 40 32 35 37 45 44 45 37 36 29 19 15 18 16 11 6 8 
61 62 66 63 58 56 40 32 35 37 45 44 45 37 36 29 19 15 18 13 11 6 8 
61 62 66 63 58 56 40 32 35 37 45 44 45 37 36 29 25 18 13 11 12 10 8 
---------------
Request id 20
34 38 39 33 30 33 39 38 34 43 47 52 53 50 49 42 38 39 40 41 46 48 
34 38 39 33 30 33 39 38 34 43 47 52 53 50 49 55 58 56 40 41 46 48 
34 38 39 33 30 33 39 38 34 43 47 52 53 50 49 42 51 56 40 41 46 48 
34 38 39 33 30 33 39 38 34 43 47 52 53 50 49 55 58 63 66 62 54 46 48 
34 38 39 33 30 33 39 38 34 43 47 52 53 50 49 55 58 56 59 61 41 46 48 
34 38 39 33 30 33 39 38 34 43 47 52 53 50 49 42 51 56 59 61 41 46 48 
34 38 39 33 30 33 39 38 34 43 47 52 53 50 49 55 58 63 66 62 61 41 46 48 
34 38 39 33 30 33 39 38 34 43 47 52 53 50 49 55 58 56 59 61 62 54 46 48 
34 38 39 33 30 33 39 38 34 43 47 52 53 50 49 42 51 56 59 61 62 54 46 48 
34 38 39 33 30 33 39 38 34 43 47 52 53 50 53 52 47 43 34 38 39 40 41 46 48 
---------------
Request id 29
39 40 41 46 48 57 48 44 48 57 60 57 48 46 41 40 32 28 26 
39 40 41 46 48 57 48 44 48 57 60 64 65 54 46 41 40 32 28 26 
39 40 41 46 48 57 48 44 48 57 60 57 48 44 45 37 35 32 28 26 
39 40 41 46 48 57 48 44 48 57 60 64 65 54 62 61 41 40 32 28 26 
39 40 41 46 48 57 48 44 48 57 60 57 48 44 45 37 36 29 25 28 26 
39 40 41 46 48 57 48 44 48 57 60 57 48 46 41 61 59 56 40 32 28 26 
39 40 41 46 48 57 48 44 48 57 60 64 65 54 62 61 59 56 40 32 28 26 
39 40 41 46 48 57 48 44 48 57 60 57 48 46 41 40 39 33 30 24 23 26 
39 40 41 46 48 57 48 44 48 57 60 57 48 46 54 62 61 41 40 32 28 26 
39 40 41 46 48 57 48 44 48 57 60 64 65 68 67 66 63 58 56 40 32 28 26 
---------------
Request id 4
49 50 53 52 53 50 49 42 38 39 33 30 24 16 17 14 
49 50 53 52 53 50 49 42 38 34 31 27 22 21 17 14 
49 50 53 52 53 50 49 42 38 39 33 30 24 20 17 14 
49 50 53 52 53 50 49 42 38 34 31 27 24 20 17 14 
49 50 53 52 53 50 49 42 38 34 31 27 24 16 17 14 
49 50 53 52 53 50 53 52 47 43 34 31 27 24 20 17 14 
49 50 53 52 53 50 53 52 47 43 34 31 27 24 16 17 14 
49 50 53 52 53 50 49 42 38 39 33 30 24 16 11 12 14 
49 50 53 52 53 50 53 52 47 43 34 31 27 22 21 17 14 
49 50 53 52 53 50 49 42 38 34 31 27 24 16 11 12 14 
---------------
Request id 26
19 29 36 37 45 44 48 57 60 57 48 46 41 40 32 
19 29 36 37 45 44 48 57 60 64 65 54 46 41 40 32 
19 29 36 37 45 44 48 57 60 57 48 44 45 37 35 32 
19 29 36 37 45 44 48 57 60 64 65 54 62 61 41 40 32 
19 29 36 37 45 44 48 57 60 57 48 46 41 61 59 56 40 32 
19 29 36 37 45 44 48 57 60 57 48 46 54 62 61 41 40 32 
19 29 36 37 45 44 48 57 60 64 65 54 62 61 59 56 40 32 
19 29 36 37 45 44 48 57 60 64 65 54 46 48 44 45 37 35 32 
19 29 36 37 45 44 48 57 60 64 65 54 46 41 61 59 56 40 32 
19 29 36 37 45 44 48 57 60 57 48 44 45 37 36 29 25 28 32 
---------------
Request id 1
64 60 57 48 44 45 44 48 57 60 64 65 54 62 
64 60 57 48 44 45 44 48 57 60 57 48 46 54 62 
64 60 57 48 44 45 44 48 57 60 64 65 68 67 66 62 
64 60 57 48 44 45 44 48 57 60 57 48 46 41 61 62 
64 60 57 48 44 45 44 48 57 60 64 65 54 46 41 61 62 
64 60 57 48 44 45 44 48 57 60 64 65 68 69 67 66 62 
64 60 57 48 44 45 44 48 57 60 57 48 46 41 40 56 59 61 62 
64 60 57 48 44 45 44 48 57 60 57 48 46 54 65 68 67 66 62 
64 60 57 48 44 45 44 48 57 60 64 70 74 73 72 71 69 67 66 62 
64 60 57 48 44 45 44 48 57 60 57 48 46 41 40 56 58 63 66 62 
---------------
Request id 22
22 27 31 34 43 47 43 34 38 39 40 41 46 48 44 48 46 54 65 
22 27 31 34 43 47 43 34 38 39 40 41 46 48 44 48 57 60 64 65 
22 27 31 34 43 47 43 34 38 39 40 41 46 48 44 48 46 41 61 62 54 65 
22 27 31 34 43 47 43 34 38 39 40 41 46 48 44 48 46 54 62 66 67 68 65 
22 27 31 34 43 47 43 34 38 39 40 41 46 48 44 45 37 35 32 40 41 46 54 65 
22 27 31 34 43 47 43 34 38 39 40 41 46 48 44 48 46 41 61 62 66 67 68 65 
22 27 31 34 43 47 43 34 38 39 40 41 46 48 44 48 46 54 62 66 67 69 68 65 
22 27 31 34 43 47 43 34 38 39 40 41 46 48 44 48 46 41 40 56 59 61 62 54 65 
22 27 31 34 43 47 43 34 38 39 40 41 46 48 44 48 46 41 61 62 66 67 69 68 65 
22 27 31 34 43 47 43 34 38 39 40 41 46 48 44 45 37 35 32 40 41 61 62 54 65 
---------------
Request id 25
37 45 37 35 32 40 56 59 56 58 63 58 56 40 39 33 30 24 20 17 21 
37 45 37 35 32 40 56 59 56 58 63 58 55 49 42 38 34 31 27 22 21 
37 45 37 35 32 40 56 59 56 58 63 58 56 40 39 33 30 24 16 17 21 
37 45 37 35 32 40 56 59 56 58 63 58 56 40 32 28 25 18 16 17 21 
37 45 37 35 32 40 56 59 56 58 63 58 56 40 39 38 34 31 27 22 21 
37 45 37 35 32 40 56 59 56 58 63 58 56 51 42 38 34 31 27 22 21 
37 45 37 35 32 40 56 59 56 58 63 58 56 40 39 33 30 24 27 22 21 
37 45 37 35 32 40 56 59 56 58 63 58 56 40 32 28 26 23 24 27 22 21 
37 45 37 35 32 40 56 59 56 58 63 58 56 40 32 28 26 23 24 16 17 21 
37 45 37 35 32 40 56 59 56 58 63 58 56 40 32 28 26 23 24 20 17 21 
---------------
Request id 15
28 32 40 56 59 56 40 39 33 30 24 20 17 14 
28 32 40 56 59 56 40 32 28 25 18 16 17 14 
28 32 40 56 59 56 40 39 33 30 24 16 17 14 
28 32 40 56 59 56 40 32 28 26 23 24 20 17 14 
28 32 40 56 59 56 40 39 33 30 24 16 11 12 14 
28 32 40 56 59 61 41 40 39 33 30 24 16 17 14 
28 32 40 56 59 61 41 40 32 28 25 18 16 17 14 
28 32 40 56 59 61 41 40 39 33 30 24 20 17 14 
28 32 40 56 59 56 40 32 28 25 18 13 11 12 14 
28 32 40 56 59 56 40 32 28 26 23 24 16 17 14 
---------------
Request id 28
38 34 31 34 38 39 40 41 46 48 44 48 57 48 44 45 37 36 29 25 18 13 3 1 4 
38 34 31 34 38 39 40 41 46 48 44 48 57 48 46 41 40 32 28 25 18 13 3 1 4 
38 34 31 34 38 39 40 41 46 48 44 48 57 48 44 45 37 36 29 19 15 18 13 3 1 4 
38 34 31 34 38 39 40 41 46 48 44 48 57 48 44 45 37 35 32 28 25 18 13 3 1 4 
38 34 31 34 38 39 40 41 46 48 44 48 57 48 44 45 37 36 29 25 18 13 3 6 8 7 4 
38 34 31 34 38 39 40 41 46 48 44 48 57 48 46 41 40 32 28 25 18 13 3 6 8 7 4 
38 34 31 34 38 39 40 41 46 48 44 48 57 48 46 41 40 32 28 25 18 13 11 6 8 7 4 
38 34 31 34 38 39 40 41 46 48 44 48 57 48 44 45 37 36 29 25 18 16 11 6 8 7 4 
38 34 31 34 38 39 40 41 46 48 44 48 57 48 44 45 37 36 29 25 18 13 11 6 8 7 4 
38 34 31 34 38 39 40 41 46 48 44 48 57 48 46 41 40 39 33 30 24 16 11 6 8 7 4 
---------------
Request id 8
16 18 25 29 36 37 45 44 48 57 60 64 70 74 73 74 70 64 65 54 46 41 40 32 28 25 18 13 0 2 
16 18 25 29 36 37 45 44 48 57 60 64 70 74 73 74 70 64 60 57 48 44 45 37 36 29 19 15 9 2 
16 18 25 29 36 37 45 44 48 57 60 64 70 74 73 74 70 64 65 54 46 41 40 32 28 25 18 15 9 2 
16 18 25 29 36 37 45 44 48 57 60 64 70 74 73 74 70 64 65 54 62 61 41 40 32 28 25 18 13 0 2 
16 18 25 29 36 37 45 44 48 57 60 64 70 74 73 72 71 69 67 66 63 58 56 40 32 28 25 18 15 9 2 
16 18 25 29 36 37 45 44 48 57 60 64 70 74 73 74 70 64 65 54 62 61 41 40 32 28 25 18 15 9 2 
16 18 25 29 36 37 45 44 48 57 60 64 70 74 73 72 71 69 68 65 54 46 41 40 32 28 25 18 13 0 2 
16 18 25 29 36 37 45 44 48 57 60 64 70 74 73 74 70 64 65 54 46 48 44 45 37 36 29 19 15 9 2 
16 18 25 29 36 37 45 44 48 57 60 64 70 74 73 72 71 69 67 66 62 61 41 40 32 28 25 18 13 0 2 
16 18 25 29 36 37 45 44 48 57 60 64 70 74 73 72 71 69 68 65 54 46 41 40 32 28 25 18 15 9 2 
---------------
Request id 13
4 1 3 13 18 25 28 32 40 41 46 54 65 64 70 74 73 74 70 64 60 57 48 44 45 44 48 46 54 65 
4 1 3 13 18 25 28 32 40 41 46 54 65 64 70 74 73 74 70 64 60 57 48 44 45 44 48 57 60 64 65 
4 1 3 13 18 25 28 32 40 41 46 54 65 64 70 74 73 74 70 64 60 57 48 44 45 37 35 32 40 41 46 54 65 
4 1 3 13 18 25 28 32 40 41 46 54 65 64 70 74 73 74 70 64 60 57 48 44 45 44 48 46 41 61 62 54 65 
4 1 3 13 18 25 28 32 40 41 46 54 65 64 70 74 73 74 70 64 60 57 48 44 45 44 48 46 54 62 66 67 68 65 
4 1 3 13 18 25 28 32 40 41 46 54 65 64 70 74 73 74 70 64 60 57 48 44 45 37 35 32 40 41 61 62 54 65 
4 1 3 13 18 25 28 32 40 41 46 54 65 64 70 74 73 74 70 64 60 57 48 44 45 44 48 46 41 61 62 66 67 68 65 
4 1 3 13 18 25 28 32 40 41 46 54 65 64 70 74 73 74 70 64 60 57 48 44 45 44 48 46 54 62 66 67 69 68 65 
4 1 3 13 18 25 28 32 40 41 46 54 65 64 70 74 73 74 70 64 60 57 48 44 45 37 35 32 40 56 59 61 62 54 65 
4 1 3 13 18 25 28 32 40 41 46 54 65 64 70 74 73 74 70 64 60 57 48 44 45 37 35 32 40 41 46 48 57 60 64 65 
---------------
Request id 9
0 13 18 25 28 32 40 56 51 56 59 61 41 46 48 57 48 44 45 37 36 29 25 18 13 3 1 4 
0 13 18 25 28 32 40 56 51 56 59 61 41 46 48 57 48 46 41 40 32 28 25 18 13 3 1 4 
0 13 18 25 28 32 40 56 51 56 59 61 41 46 48 57 48 44 45 37 36 29 19 15 18 13 3 1 4 
0 13 18 25 28 32 40 56 51 56 59 61 41 46 48 57 48 44 45 37 35 32 28 25 18 13 3 1 4 
0 13 18 25 28 32 40 56 51 56 59 61 41 46 48 57 48 44 45 37 36 29 25 18 13 3 6 8 7 4 
0 13 18 25 28 32 40 56 51 56 59 61 41 46 48 57 48 46 41 40 32 28 25 18 13 3 6 8 7 4 
0 13 18 25 28 32 40 56 51 56 59 61 41 46 48 57 48 46 41 40 32 28 25 18 13 11 6 3 1 4 
0 13 18 25 28 32 40 56 51 56 59 61 41 46 48 57 48 44 45 37 36 29 25 18 16 11 6 8 7 4 
0 13 18 25 28 32 40 56 51 56 59 61 41 46 48 57 48 44 45 37 36 29 25 18 13 11 6 3 1 4 
0 13 18 25 28 32 40 56 51 56 59 61 41 46 48 57 48 46 41 40 39 33 30 24 16 11 6 3 1 4 
---------------
Request id 12
21 22 27 31 34 38 39 40 56 
21 22 27 31 34 38 42 51 56 
21 22 27 31 27 24 30 33 39 40 56 
21 22 27 31 34 38 42 49 55 58 56 
21 22 27 31 34 38 39 40 41 61 59 56 
21 22 27 31 27 24 23 26 28 32 40 56 
21 22 27 31 27 24 30 33 39 38 42 51 56 
21 22 27 31 27 24 16 18 25 28 32 40 56 
21 22 27 31 27 24 30 33 39 40 41 61 59 56 
21 22 27 31 34 43 47 52 53 50 49 42 51 56 
---------------
Request id 24
15 18 16 24 27 31 34 38 42 51 56 40 32 28 25 18 13 0 
15 18 16 24 27 31 34 38 42 51 42 38 39 40 32 28 25 18 13 0 
15 18 16 24 27 31 34 38 42 51 56 40 32 28 25 18 13 3 5 0 
15 18 16 24 27 31 34 38 42 51 42 38 34 31 27 24 16 18 13 0 
15 18 16 24 27 31 34 38 42 51 42 38 39 33 30 24 16 18 13 0 
15 18 16 24 27 31 34 38 42 51 56 40 39 33 30 24 16 18 13 0 
15 18 16 24 27 31 34 38 42 51 56 40 32 28 25 18 15 9 2 0 
15 18 16 24 27 31 34 38 42 51 56 40 39 33 30 24 16 11 13 0 
15 18 16 24 27 31 34 38 42 51 56 40 32 28 25 18 16 11 13 0 
15 18 16 24 27 31 34 38 42 51 42 38 34 31 27 24 16 11 13 0 
---------------
Request id 5
24 27 31 34 43 34 31 27 
24 27 31 34 43 34 38 39 33 30 24 27 
24 27 31 34 43 47 52 53 50 49 42 38 34 31 27 
24 27 31 34 43 34 38 39 40 32 28 26 23 24 27 
24 27 31 34 43 34 38 39 33 30 24 16 17 21 22 27 
24 27 31 34 43 34 38 42 51 56 40 39 33 30 24 27 
24 27 31 34 43 34 38 39 40 32 28 25 18 16 24 27 
24 27 31 34 43 34 38 39 33 30 24 20 17 21 22 27 
24 27 31 34 43 47 52 53 50 49 42 38 39 33 30 24 27 
24 27 31 34 43 34 38 42 51 56 40 32 28 26 23 24 27 
---------------
Request id 10
39 38 34 43 47 43 34 
39 38 34 43 47 52 53 50 49 42 38 34 
39 38 34 43 47 52 53 50 49 55 58 56 51 42 38 34 
39 38 34 43 47 52 53 50 49 42 51 56 40 39 38 34 
39 38 34 43 47 52 53 50 49 55 58 56 40 39 38 34 
39 38 34 43 47 52 53 50 49 42 38 39 33 30 24 27 31 34 
39 38 34 43 47 52 53 50 49 42 51 56 59 61 41 40 39 38 34 
39 38 34 43 47 52 53 50 49 55 58 56 59 61 41 40 39 38 34 
39 38 34 43 47 52 53 50 49 55 58 56 40 39 33 30 24 27 31 34 
39 38 34 43 47 52 53 50 49 42 51 56 40 39 33 30 24 27 31 34 
---------------
Request id 23
48 46 41 61 59 56 51 56 40 32 35 32 40 41 46 54 65 68 
48 46 41 61 59 56 51 56 40 32 35 37 45 44 48 46 54 65 68 
48 46 41 61 59 56 51 56 40 32 35 32 40 41 61 62 54 65 68 
48 46 41 61 59 56 51 56 40 32 35 32 40 56 58 63 66 67 68 
48 46 41 61 59 56 51 56 40 32 35 32 40 41 61 62 66 67 68 
48 46 41 61 59 56 51 56 40 32 35 37 45 44 48 57 60 64 65 68 
48 46 41 61 59 56 51 56 40 32 35 32 40 56 59 61 62 66 67 68 
48 46 41 61 59 56 51 56 40 32 35 32 40 56 58 63 66 67 69 68 
48 46 41 61 59 56 51 56 40 32 35 32 40 56 59 61 62 54 65 68 
48 46 41 61 59 56 51 56 40 32 35 32 40 41 46 54 62 66 67 68 
---------------
Request id 30
56 59 56 40 32 35 32 28 25 
56 59 56 40 32 35 37 36 29 25 
56 59 56 40 32 35 37 36 29 19 15 18 25 
56 59 56 40 32 35 32 28 26 23 24 16 18 25 
56 59 56 40 32 35 32 40 39 33 30 24 16 18 25 
56 59 56 40 32 35 37 45 44 48 46 41 40 32 28 25 
56 59 56 40 32 35 32 28 26 23 24 16 11 13 18 25 
56 59 56 40 32 35 32 40 39 33 30 24 23 26 28 25 
56 59 56 40 32 35 32 28 26 23 24 20 17 16 18 25 
56 59 56 40 32 35 32 40 39 33 30 24 16 11 13 18 25 
---------------
Request id 2
29 36 37 45 44 48 57 60 64 70 74 73 74 73 74 70 64 65 54 46 41 40 32 28 25 18 13 3 1 
29 36 37 45 44 48 57 60 64 70 74 73 74 73 72 71 69 67 66 62 61 41 40 32 28 25 18 13 3 1 
29 36 37 45 44 48 57 60 64 70 74 73 74 73 74 70 64 60 57 48 46 41 40 32 28 25 18 13 3 1 
29 36 37 45 44 48 57 60 64 70 74 73 74 73 74 70 64 65 54 62 61 41 40 32 28 25 18 13 3 1 
29 36 37 45 44 48 57 60 64 70 74 73 74 73 72 71 69 68 65 54 46 41 40 32 28 25 18 13 3 1 
29 36 37 45 44 48 57 60 64 70 74 73 74 73 74 70 64 60 57 48 44 45 37 36 29 25 18 13 3 1 
29 36 37 45 44 48 57 60 64 70 74 73 74 73 72 71 69 67 66 63 58 56 40 32 28 25 18 13 3 1 
29 36 37 45 44 48 57 60 64 70 74 73 74 73 72 71 69 67 66 62 54 46 41 40 32 28 25 18 13 3 1 
29 36 37 45 44 48 57 60 64 70 74 73 74 73 72 71 69 67 66 62 61 59 56 40 32 28 25 18 13 3 1 
29 36 37 45 44 48 57 60 64 70 74 73 74 73 74 70 64 65 54 62 61 59 56 40 32 28 25 18 13 3 1 
---------------
Request id 21
39 40 41 46 54 65 64 70 74 73 74 70 64 65 54 46 41 40 32 28 25 18 13 3 1 
39 40 41 46 54 65 64 70 74 73 72 71 69 67 66 63 58 56 40 32 28 25 18 13 3 1 
39 40 41 46 54 65 64 70 74 73 74 70 64 60 57 48 46 41 40 32 28 25 18 13 3 1 
39 40 41 46 54 65 64 70 74 73 74 70 64 65 54 62 61 41 40 32 28 25 18 13 3 1 
39 40 41 46 54 65 64 70 74 73 72 71 69 68 65 54 46 41 40 32 28 25 18 13 3 1 
39 40 41 46 54 65 64 70 74 73 74 70 64 60 57 48 44 45 37 36 29 25 18 13 3 1 
39 40 41 46 54 65 64 70 74 73 72 71 69 67 66 62 61 41 40 32 28 25 18 13 3 1 
39 40 41 46 54 65 64 70 74 73 74 70 64 65 54 46 48 44 45 37 36 29 25 18 13 3 1 
39 40 41 46 54 65 64 70 74 73 74 70 64 65 54 62 61 59 56 40 32 28 25 18 13 3 1 
39 40 41 46 54 65 64 70 74 73 74 70 64 65 54 46 41 40 32 28 25 18 16 11 13 3 1 
---------------
Request id 27
46 48 44 45 44 48 46 54 62 66 
46 48 44 45 44 48 46 41 61 62 66 
46 48 44 45 44 48 46 54 65 68 67 66 
46 48 44 45 44 48 57 60 64 65 68 67 66 
46 48 44 45 44 48 57 60 64 65 54 62 66 
46 48 44 45 44 48 46 54 65 68 69 67 66 
46 48 44 45 44 48 46 41 40 56 58 63 66 
46 48 44 45 44 48 57 60 64 65 68 69 67 66 
46 48 44 45 44 45 37 35 32 40 56 58 63 66 
46 48 44 45 44 45 37 35 32 40 41 61 62 66 
---------------
Request id 6
17 16 24 30 33 39 40 41 46 54 65 64 70 74 73 72 71 69 67 66 63 58 56 40 32 28 25 18 13 3 6 8 
17 16 24 30 33 39 40 41 46 54 65 64 70 74 73 72 71 69 68 65 54 46 41 40 32 28 25 18 13 3 6 8 
17 16 24 30 33 39 40 41 46 54 65 64 70 74 73 72 71 69 67 66 62 61 41 40 32 28 25 18 13 11 6 8 
17 16 24 30 33 39 40 41 46 54 65 64 70 74 73 72 71 69 67 66 63 58 56 40 32 28 25 18 16 11 6 8 
17 16 24 30 33 39 40 41 46 54 65 64 70 74 73 72 71 69 68 65 54 46 41 40 39 33 30 24 16 11 6 8 
17 16 24 30 33 39 40 41 46 54 65 64 70 74 73 72 71 69 67 66 62 61 41 40 39 33 30 24 16 11 6 8 
17 16 24 30 33 39 40 41 46 54 65 64 70 74 73 72 71 69 67 66 62 61 41 40 32 28 25 18 16 11 6 8 
17 16 24 30 33 39 40 41 46 54 65 64 70 74 73 72 71 69 67 66 62 61 41 40 32 28 25 18 13 3 6 8 
17 16 24 30 33 39 40 41 46 54 65 64 70 74 73 72 71 69 67 66 63 58 56 40 39 33 30 24 16 11 6 8 
17 16 24 30 33 39 40 41 46 54 65 64 70 74 73 72 71 69 67 66 63 58 56 40 32 28 25 18 13 11 6 8 
---------------
Request id 3
61 41 46 48 57 60 64 70 74 70 64 60 57 48 46 41 40 32 28 26 
61 41 46 48 57 60 64 70 74 70 64 60 57 48 44 45 37 35 32 28 26 
61 41 46 48 57 60 64 70 74 70 64 60 57 48 44 45 37 36 29 25 28 26 
61 41 46 48 57 60 64 70 74 70 64 60 57 60 64 65 54 46 41 40 32 28 26 
61 41 46 48 57 60 64 70 74 70 64 60 57 48 46 41 61 59 56 40 32 28 26 
61 41 46 48 57 60 64 70 74 70 64 60 57 48 46 41 40 39 33 30 24 23 26 
61 41 46 48 57 60 64 70 74 70 64 60 57 48 46 54 62 61 41 40 32 28 26 
61 41 46 48 57 60 64 70 74 70 64 60 57 48 46 54 62 61 59 56 40 32 28 26 
61 41 46 48 57 60 64 70 74 70 64 60 57 60 64 65 54 62 61 41 40 32 28 26 
61 41 46 48 57 60 64 70 74 70 64 60 57 48 46 41 40 32 28 25 18 16 24 23 26 
---------------
