Request id 5
0 7 8 11 12 5 
0 7 8 11 8 9 5 
0 7 8 11 10 3 4 5 
0 7 8 11 8 13 12 5 
0 7 8 11 10 13 12 5 
0 7 8 11 12 13 8 9 5 
0 7 8 11 10 3 1 2 5 
0 7 8 11 8 7 6 4 5 
0 7 8 11 10 13 8 9 5 
0 7 8 11 8 7 0 2 5 
---------------
Request id 3
4 3 10 11 11 8 7 
4 3 10 11 11 10 13 8 7 
4 3 10 11 11 12 13 8 7 
4 3 10 11 11 10 3 4 6 7 
4 3 10 11 11 12 5 9 8 7 
4 3 10 11 11 10 3 1 0 7 
4 3 10 11 11 12 5 4 6 7 
4 3 10 11 11 12 5 2 0 7 
4 3 10 11 11 8 9 5 2 0 7 
4 3 10 11 11 10 3 1 2 0 7 
---------------
Request id 10
10 11 8 7 0 
10 11 12 5 2 0 
10 11 10 3 1 0 
10 11 12 5 2 1 0 
10 11 12 13 8 7 0 
10 11 10 3 1 2 0 
10 11 8 9 5 2 0 
10 11 10 13 8 7 0 
10 11 12 5 4 3 1 0 
10 11 8 13 12 5 2 0 
---------------
Request id 8
6 7 8 11 8 7 0 1 
6 7 8 11 8 9 5 2 1 
6 7 8 11 8 7 0 2 1 
6 7 8 11 8 11 10 3 1 
6 7 8 11 8 13 10 3 1 
6 7 8 11 8 11 12 5 2 1 
6 7 8 11 8 9 5 4 3 1 
6 7 8 11 8 7 6 4 3 1 
6 7 8 11 8 13 12 5 2 1 
6 7 8 11 8 9 5 2 0 1 
---------------
Request id 9
10 11 8 7 6 
10 11 8 9 5 4 6 
10 11 8 11 10 3 4 6 
10 11 8 13 12 5 4 6 
10 11 8 11 12 5 4 6 
10 11 8 13 10 3 4 6 
10 11 8 7 0 2 5 4 6 
10 11 8 9 5 2 0 7 6 
10 11 8 7 0 1 3 4 6 
10 11 8 13 12 11 10 3 4 6 
---------------
Request id 2
4 6 7 8 8 9 5 
4 6 7 8 8 11 12 5 
4 6 7 8 8 13 12 5 
4 6 7 8 8 7 6 4 5 
4 6 7 8 8 7 0 2 5 
4 6 7 8 8 13 10 11 12 5 
4 6 7 8 8 11 10 13 12 5 
4 6 7 8 8 13 10 3 4 5 
4 6 7 8 8 11 10 3 4 5 
4 6 7 8 8 7 0 1 2 5 
---------------
Request id 7
1 0 7 8 7 6 
1 0 7 8 9 5 4 6 
1 0 7 8 13 12 5 4 6 
1 0 7 8 11 10 3 4 6 
1 0 7 8 13 10 3 4 6 
1 0 7 8 11 12 5 4 6 
1 0 7 8 7 0 2 5 4 6 
1 0 7 8 9 5 2 0 7 6 
1 0 7 8 7 0 1 3 4 6 
1 0 7 8 11 10 13 12 5 4 6 
---------------
Request id 4
10 11 12 
10 11 8 13 12 
10 11 10 13 12 
10 11 8 9 5 12 
10 11 10 3 4 5 12 
10 11 10 13 8 9 5 12 
10 11 8 7 6 4 5 12 
10 11 10 3 1 2 5 12 
10 11 8 7 0 2 5 12 
10 11 10 3 1 0 2 5 12 
---------------
Request id 1
12 11 11 11 10 3 1 
12 11 11 11 8 7 0 1 
12 11 11 11 12 5 2 1 
12 11 11 11 8 9 5 2 1 
12 11 11 11 12 5 2 0 1 
12 11 11 11 8 13 10 3 1 
12 11 11 11 12 13 10 3 1 
12 11 11 11 12 5 4 3 1 
12 11 11 11 8 7 0 2 1 
12 11 11 11 10 13 12 5 2 1 
---------------
Request id 6
6 7 8 11 11 10 
6 7 8 11 11 12 13 10 
6 7 8 11 11 8 13 10 
6 7 8 11 11 12 5 4 3 10 
6 7 8 11 11 8 9 5 12 13 10 
6 7 8 11 11 12 5 9 8 13 10 
6 7 8 11 11 8 9 5 4 3 10 
6 7 8 11 11 8 7 6 4 3 10 
6 7 8 11 11 8 7 0 1 3 10 
6 7 8 11 11 12 5 2 1 3 10 
---------------
