30
0 408 7 5 13 56 31 6,7,2
16 385 2 6 9 102 48 6
40 854 3 7 3 1 70 3,9,1
65 102 9 1 6 48 18 6,9
124 441 8 14 6 6 37 7,8
154 804 4 2 11 11 103 7,5,3
174 584 10 9 17 13 60 8,3
175 869 5 3 2 58 13 6,5,2
181 376 10 3 2 91 37 9,6,1
227 821 9 2 5 38 88 3,6
234 74 4 10 3 78 34 2
242 105 10 0 9 52 103 3,1,2
273 151 3 6 8 53 37 7,3
292 366 6 16 4 19 43 1,3
298 829 5 3 4 57 24 9,5
313 402 3 4 2 53 96 9,2,7
332 1921 4 5 8 77 99 2,5
354 55 4 11 1 22 97 6,1
379 318 14 9 2 61 26 6,8
414 28 8 9 12 28 18 9
416 532 1 8 11 61 52 3
441 493 6 4 1 100 48 1,7
443 291 14 2 2 16 93 0,3
490 499 10 7 6 38 2 8,9
496 535 2 10 8 82 1 0
509 88 5 11 5 16 92 9,4,0
543 1135 3 3 2 73 7 2,1
545 569 8 7 0 48 96 1,5
548 33 4 4 3 64 43 6,5,0
557 306 4 3 2 27 73 8
