30
0 779 8 0 5 100 15 7
1 1055 6 5 10 71 98 2
78 1280 14 13 6 17 96 7,8,6
82 41 1 3 2 68 98 1
149 217 7 10 13 84 98 7,5,1
153 1201 7 8 4 91 98 8,7,2
175 394 3 10 1 36 25 7,8
178 752 6 1 0 37 49 5,8
184 1085 4 14 4 38 49 5,9
213 448 3 6 9 8 45 6,2
216 151 5 4 6 18 72 0
217 2072 11 7 7 87 72 7,3,4
261 1057 7 5 3 100 43 9,1
299 15 11 3 9 102 86 3,5
304 270 3 1 7 25 16 6,5
314 1492 16 3 5 12 103 1,5
330 878 6 7 2 54 62 1,5,2
333 852 4 9 5 52 92 9,1,9
337 62 2 4 4 34 79 2,5,0
341 162 5 12 4 58 64 6,4,7
348 719 0 12 1 36 65 5,7,0
360 49 6 10 9 96 100 2
395 712 7 12 2 100 72 6,2,6
397 162 2 2 10 1 59 5
507 664 9 3 2 16 29 4
519 40 2 8 6 2 83 0
528 663 3 5 6 56 34 8
567 690 10 8 11 84 56 3,2,4
568 764 4 1 1 36 87 7,5
571 482 5 13 8 11 63 1
