20
0 129 5 14 16 53 44 6
52 276 6 8 10 90 66 6,5,8
63 812 4 8 11 47 98 6,8,5
93 681 8 9 8 71 78 6,8
94 19 19 7 8 96 71 4,9
99 776 11 7 14 58 31 7
122 29 10 4 10 90 36 3,1,9
122 955 7 10 13 34 48 6,2,6
125 76 14 13 3 59 58 9,3,9
134 73 5 6 13 18 91 7
172 2344 7 10 6 16 26 3,9
206 532 6 6 8 51 36 3,1
228 1997 4 10 15 48 6 8,7
363 332 8 5 15 12 60 3,1
366 9 16 9 11 14 2 8,2
371 80 10 11 11 93 102 1,3
377 693 10 4 13 36 25 2
385 2520 14 13 9 63 103 8,2
409 53 4 9 17 57 8 4,5,9
469 34 14 14 10 90 97 8
