30
0 51 3 4 11 48 14 2,9,1
36 339 9 5 3 57 35 7
36 257 10 2 6 49 57 4,7
43 658 7 5 3 26 16 8,9
72 111 10 7 6 65 79 2,4,3
91 59 8 9 19 45 18 8
123 862 1 6 8 87 53 3
146 112 5 2 10 15 34 3,2
186 45 8 3 4 22 49 7
194 19 2 5 4 20 85 0
224 257 6 7 0 5 101 0,4,8
238 1498 7 10 7 6 31 6
252 268 7 4 1 26 15 3
296 484 6 11 11 86 67 7
326 303 1 4 6 58 13 0,5,4
328 481 3 9 8 22 40 8,2
346 412 6 2 4 31 34 0,5
408 275 10 8 6 40 83 1
412 14 15 7 1 41 4 2,3,0
415 104 15 7 6 64 21 7,3
420 628 12 8 6 62 83 2
448 1040 3 3 4 21 62 4
450 92 10 5 13 56 68 5
462 789 3 5 8 81 35 7
494 1544 12 4 1 79 54 9,5
495 1384 7 3 11 101 75 6,7,2
498 904 6 3 8 4 37 2,3,6
499 63 11 10 3 14 83 7
516 818 6 5 5 83 31 1,9
519 548 8 3 3 13 75 5,2,9
