30
0 1274 1 6 9 6 53 0,3
1 223 6 13 7 19 30 2,8,7
13 2347 8 3 6 31 14 9
43 902 3 9 9 12 65 5
81 917 6 7 5 67 16 1,3
91 70 7 5 5 17 0 4,3,1
93 274 2 8 5 81 23 6,9
101 41 6 2 2 31 21 9,8
107 39 2 14 6 40 101 7
117 1513 9 4 8 67 19 0,3
160 131 4 16 8 55 75 7
165 58 4 6 17 30 40 4,6,4
193 1303 4 3 12 23 0 9,7
208 340 9 5 7 15 1 3
220 242 5 4 3 48 36 3
263 165 14 6 3 37 49 7
311 800 7 12 5 12 81 8,5,3
318 319 6 10 7 24 20 9,2,5
336 266 11 8 2 20 40 3,6,3
352 3 7 4 10 65 20 8,9
362 261 2 3 12 12 49 0
363 716 7 4 6 85 28 0
403 1220 9 4 9 74 4 7,1,7
419 1812 9 7 2 15 2 7
422 203 13 4 3 87 54 3
422 1563 3 7 5 45 14 5,8,0
451 61 3 5 3 8 11 7
503 181 13 3 4 28 14 7
524 409 4 3 6 1 13 2
536 819 5 2 5 56 11 0,3,8
