30
0 417 11 7 4 79 35 1,4,9
17 802 2 12 8 70 84 4
20 1 4 5 4 27 44 4,9,7
24 33 4 8 13 60 15 2
26 715 3 2 6 45 30 0
41 89 3 3 8 74 77 6
113 477 1 9 3 14 68 7,2
118 111 1 4 3 89 79 7
124 1322 4 18 7 26 92 4,0
169 717 10 7 4 15 43 3
175 302 10 9 4 79 1 8,6
199 577 19 4 12 28 19 2,5,1
224 345 8 1 1 6 69 1,8
324 724 14 7 7 42 19 4,0,2
342 2288 7 0 3 86 67 9,2,0
350 24 3 7 11 50 8 1,7
374 76 2 4 4 30 22 0,4
387 50 4 12 2 83 99 6
407 59 3 2 2 15 90 2,9,8
412 385 2 4 2 79 6 7
447 690 3 10 8 50 86 1
454 602 4 6 8 45 79 0,5
461 57 3 16 9 53 64 3,5,2
466 1651 8 13 8 68 23 2,4
589 1 3 4 1 93 27 5
594 399 6 9 3 48 30 4
603 1468 9 18 8 14 51 5
621 24 14 6 6 3 8 8,1,8
653 680 3 6 6 14 72 4,6
693 150 3 16 7 100 5 3,2,1
