30
0 34 4 3 7 88 78 9
42 482 1 8 13 52 1 1,0
47 746 4 3 8 71 30 9,2
50 79 1 5 6 56 82 0
57 267 5 13 4 103 11 2,1,3
87 91 5 6 5 56 66 9,6
143 105 6 8 9 10 64 5
161 1176 7 5 3 72 23 7,6
183 14 5 3 6 23 92 1
217 30 6 5 2 37 6 0,6
222 91 6 11 9 18 99 1,0,3
277 306 4 9 5 52 103 8,2
281 586 7 3 10 51 27 5,6
289 9 9 10 6 97 89 7,8,5
292 1775 10 3 7 95 102 6
315 610 3 2 3 11 37 0,3
321 2379 6 10 6 5 76 5
321 200 1 3 5 36 89 6
401 1169 8 6 10 11 89 4,6
410 2000 4 7 7 18 25 2,8
466 13 10 9 4 23 26 5,0,2
493 39 5 4 3 39 18 4
495 344 4 10 13 45 89 5,0
503 1418 7 15 8 91 99 8
505 250 8 3 9 26 22 7
523 26 7 7 4 93 58 7
529 172 5 2 6 71 80 6
562 201 13 14 11 28 39 2,7,9
594 223 7 6 5 14 39 4,6,3
604 871 5 5 3 13 53 7,6
