30
0 1456 1 2 9 6 56 2,0
64 75 6 4 6 61 98 1,0
89 138 10 7 4 76 23 4,3
89 30 3 3 10 90 41 2,9
123 253 7 9 6 71 21 4,8,1
142 315 5 8 4 71 56 3
148 328 7 6 7 96 19 1,3
157 1000 8 2 2 27 71 3,1
172 119 5 13 9 12 48 1
177 1737 2 8 12 39 100 2,4,1
178 106 1 5 5 76 2 1
199 1266 1 5 3 24 64 4
225 620 8 3 7 10 39 5,1
246 517 5 4 5 77 95 1
254 31 3 9 7 82 77 2,5
274 536 7 3 2 55 42 0
277 117 6 8 5 34 45 3
294 548 4 3 3 56 55 6
298 445 11 5 11 99 59 8,5,1
311 55 6 8 4 36 73 2,1
317 1965 7 3 4 39 14 7,4,8
319 298 3 8 10 78 73 3,6
365 466 14 9 13 103 92 8,9,2
386 493 12 6 7 77 38 0,3,2
422 92 5 2 5 66 98 0,4,0
431 365 3 5 4 90 73 0,3,2
445 431 14 11 5 23 58 8,0,3
446 1064 11 3 12 97 7 9,3,1
459 141 2 5 3 6 93 1
470 131 4 3 2 51 47 8
