30
0 24 16 6 10 28 54 1,4,6
0 39 1 7 8 4 24 2
5 401 4 4 3 56 99 0
29 55 6 6 9 1 60 7,5
40 590 5 9 4 22 42 0,4,3
107 379 6 7 6 38 29 3
118 1058 6 5 5 64 103 5,0,7
141 89 11 6 13 57 103 3,0,6
185 200 4 5 8 85 84 4,8
190 618 1 12 4 76 23 7,6
223 30 12 3 10 102 20 9
234 405 7 2 3 87 26 6
243 93 3 5 4 90 16 3,0
266 183 4 5 4 6 88 3
283 271 8 6 15 96 13 0
298 812 3 4 3 95 0 2,1,9
333 358 6 7 4 48 31 6,2,6
355 350 3 8 5 11 6 0,2,7
378 914 7 3 2 102 41 2,7,9
383 167 2 9 5 64 26 3
441 251 20 8 3 22 18 8,6,4
449 492 8 5 11 8 84 2,3
460 61 3 4 5 2 10 2
483 455 2 12 11 84 16 2,6,8
520 354 6 5 6 70 94 7,4,1
537 343 6 5 4 52 98 0,7,2
557 812 1 14 14 5 43 9
569 1622 9 4 5 50 23 1
586 101 9 7 6 42 21 5,8,7
592 776 4 5 5 86 47 7
