30
0 45 2 1 3 25 82 6
17 118 9 5 7 82 34 3,8,4
26 150 4 4 13 55 90 4,0
67 49 5 4 4 71 13 8
82 43 9 2 11 0 36 4,9,8
118 420 4 2 2 82 32 3
146 132 8 8 6 73 65 0
175 424 8 5 8 13 70 4,9
187 20 9 7 9 3 66 3,0
188 791 7 9 3 22 54 9,3
194 537 3 7 6 4 92 6,0,2
239 532 2 5 5 12 10 6
240 172 5 6 5 52 76 5,6,1
255 488 6 5 4 82 87 8,0,6
271 427 9 3 3 64 80 2
288 208 2 2 4 12 44 6,0
288 153 4 13 10 4 47 7,4,5
310 523 6 5 8 92 10 2,6,3
366 488 3 7 6 2 82 5,4
369 9 8 3 5 101 15 5,6
373 325 3 7 2 51 68 3,2,3
383 294 4 5 7 65 34 4
390 589 7 6 3 10 98 4,2
444 25 3 6 14 43 24 7,1,5
476 717 10 5 8 59 89 1,6
487 1626 1 3 9 89 87 4,8
497 46 2 9 10 67 82 1,3,5
506 720 5 4 4 12 43 1,3,4
506 556 2 11 2 82 66 2
563 1045 3 3 5 21 13 2,9,6
