30
0 1090 5 4 5 66 48 9
3 532 6 7 8 85 88 9
11 12 7 3 4 69 13 2,6
19 2593 13 6 4 49 26 3
29 375 11 10 2 101 47 9
34 1527 2 4 5 62 48 7
51 992 4 6 2 56 76 9,1,9
61 901 7 5 6 20 69 2,7,2
102 81 16 3 7 11 10 8,6
128 142 4 2 7 76 4 8,0,5
168 1055 6 6 2 97 62 9
217 462 6 7 4 57 99 8,7
242 574 9 0 15 96 24 4,8,3
273 1837 6 8 10 81 12 0,8,4
274 198 5 10 5 48 31 2
291 23 7 11 9 90 38 1,3,7
293 9 11 10 6 20 39 5
296 551 2 5 4 89 64 1,7,5
300 413 8 7 6 20 18 3
329 681 7 4 12 92 89 9,2
339 140 1 7 7 38 4 6
344 396 4 4 3 29 38 2,0,6
413 0 6 7 11 102 83 3,4,1
422 165 1 9 11 85 28 6,9
428 107 6 6 4 52 92 7
434 335 8 6 10 41 78 5
480 122 3 1 2 93 21 4,2,8
513 91 2 8 3 4 36 0
515 276 10 9 6 90 41 6,4
525 897 5 2 7 37 97 5,8
