20
0 312 10 17 5 95 41 5,8
3 94 6 9 14 88 35 9,8,5
10 329 22 7 18 61 55 0,8
12 201 7 12 8 82 63 9
34 326 6 15 6 2 89 4,8,1
34 137 8 18 2 25 79 0
89 480 5 10 3 43 55 6,9
90 22 12 7 15 67 77 6,8,7
114 268 3 5 5 70 82 7,3
125 1953 11 4 7 58 13 8,4,5
148 914 11 6 9 37 62 6,9
174 377 3 11 13 1 89 3,5,6
184 522 11 10 7 84 0 7,9,1
189 126 13 4 11 72 50 6,0,3
215 332 13 6 10 102 70 4
231 497 3 6 6 99 89 1,5
289 206 4 2 28 2 62 0,8,3
295 200 12 20 3 58 84 0,6,9
298 142 12 9 8 88 25 6,5
315 96 9 7 9 70 85 3,5,4
