30
0 1935 11 6 6 32 31 3,7
74 38 2 15 4 9 83 5,4,8
75 1413 7 1 5 58 7 3,0
75 190 3 4 2 41 40 0,3
88 340 5 4 9 16 74 1
109 105 6 8 10 8 37 7,5
118 628 5 10 10 35 65 3
135 842 1 8 8 35 24 7
153 644 9 8 4 75 25 1
157 9 13 2 4 18 8 2,6
171 155 6 4 7 10 55 5,3,1
184 282 6 12 6 13 24 7
184 53 5 6 12 45 54 6
185 676 2 2 12 59 61 9
185 312 13 3 6 10 65 1,0
201 462 7 3 6 67 9 6,1
210 611 5 7 13 40 61 4,3,2
230 808 11 11 3 22 31 8,9,8
264 985 3 5 3 64 28 4
269 56 3 5 11 62 15 2
323 970 9 7 9 31 83 7,5
380 686 4 8 2 59 62 9,5,7
411 637 6 8 8 12 54 2
429 8 5 23 10 6 101 4,3,1
451 7 8 8 3 25 101 2,1
485 171 9 3 7 10 29 4
491 304 9 9 7 48 14 9,3,5
522 83 7 12 10 19 25 6
551 881 11 2 8 75 24 9
554 29 2 3 6 3 48 6
