30
0 65 6 6 4 66 87 6
45 52 4 6 6 1 47 9,8
48 640 11 1 5 61 76 0,5
61 2102 9 3 5 53 20 1,7
74 757 9 6 2 53 78 8,1,3
104 1492 11 8 2 102 87 7,5
137 270 4 2 4 69 26 8,1
142 491 5 1 4 83 31 6,0
147 1543 5 2 2 8 91 6
207 1835 9 2 5 34 51 1,3,9
219 580 7 8 6 7 42 2
258 159 7 5 4 51 18 7,6
268 43 7 1 4 80 5 0,1,5
288 264 17 12 9 84 44 1,0
339 334 2 10 11 66 81 3
363 753 1 8 5 71 82 4,1,4
401 500 10 4 9 5 47 7,1
429 1181 4 6 12 64 76 9,1,3
432 769 3 1 2 56 26 6
493 641 14 6 9 58 7 2,7,8
516 338 4 3 4 59 36 3
549 193 6 14 6 10 72 6,2
643 217 7 8 4 13 93 8,5
663 250 5 4 1 44 42 2,5
667 505 3 8 9 35 60 3
772 20 2 6 6 18 44 8
785 465 12 9 4 86 26 4,1
792 224 7 9 4 73 0 2,0
841 224 4 9 2 60 79 2
845 546 11 7 7 72 87 4,2,4
