30
0 638 7 1 8 25 36 7
8 1699 16 6 9 16 7 6,9,2
86 1449 5 15 10 76 100 8
92 885 7 4 2 66 70 8,2
104 121 2 3 5 66 41 3,2
145 685 6 3 7 102 45 8,4,1
156 126 6 5 6 51 96 9,0,2
177 159 13 2 3 27 34 4
177 158 3 4 3 36 70 3
177 249 6 7 3 63 51 1,8
184 148 8 9 7 45 38 1,9
192 95 6 8 1 72 97 7,5,8
226 414 7 8 5 64 93 0
253 509 8 9 3 22 66 3
275 208 9 5 5 50 13 4
329 1183 5 12 5 39 58 9,5,6
332 685 6 7 4 102 73 6,2,7
334 195 5 5 1 16 18 1,7,0
338 1067 4 3 4 100 97 4,8,5
339 158 3 13 4 97 80 3,1
341 1571 3 6 8 52 91 6
341 30 8 6 4 10 2 7
354 150 4 12 7 50 10 7,0
383 479 7 5 2 21 61 6
405 216 3 3 6 43 60 7
409 571 2 5 9 45 58 3,1
429 540 4 17 5 14 26 6,8,4
447 114 1 7 2 103 98 6
506 305 15 8 8 25 76 9,0
510 104 12 10 12 7 27 1,7,9
