30
0 830 6 7 8 100 59 5
76 1485 9 1 5 29 23 7
91 1380 4 5 1 47 13 3
103 353 2 6 5 71 26 5,7
132 393 4 3 3 54 31 6,9,2
147 528 5 4 8 66 19 4,8,2
148 337 7 6 5 102 88 0
177 862 4 10 8 16 100 4
192 1287 8 3 4 48 47 7,3
194 200 5 4 14 69 99 7,4
196 247 15 2 12 54 31 8,0,8
212 583 7 3 6 13 63 5,9,4
221 723 9 2 8 23 79 0,8
237 696 9 3 11 86 18 8
266 203 4 11 4 103 100 2,1
327 384 9 11 7 86 85 4
360 375 4 7 4 74 69 2
367 556 7 6 4 103 70 6,8,3
380 221 10 3 5 86 92 9,0,5
388 450 2 4 6 48 88 0,4
390 293 3 5 12 21 1 8,2,0
409 210 5 10 6 28 82 8,1
420 43 5 2 6 99 103 2
443 23 4 2 6 61 57 8
450 62 2 13 11 4 52 1,2,5
458 434 5 15 13 74 56 4,8
462 42 7 6 3 22 96 4,7,3
494 531 5 5 4 101 5 9
507 860 2 12 11 11 102 9
519 752 4 13 8 7 92 8,0
