20
0 9 8 5 2 100 47 3,1
17 515 12 5 13 50 31 4,6
21 219 5 16 3 66 80 0
88 806 10 4 9 34 56 1
92 361 16 13 11 5 24 5,3,1
107 59 12 13 9 59 38 9
114 1420 2 12 11 42 63 8,1,4
163 216 7 14 8 89 26 3,2,5
173 576 16 14 10 1 39 3
173 104 13 14 5 47 23 3
178 580 5 6 15 41 28 2
180 318 7 20 18 60 93 9,8
189 167 10 7 8 39 96 8,0
210 93 15 11 13 95 45 5
220 219 12 7 12 23 51 8,9,3
230 259 8 19 11 57 7 5,0,9
235 1044 13 22 6 10 73 4,3,9
286 412 15 5 9 44 19 7,4
287 182 7 10 2 100 21 3,8,6
309 894 6 7 11 37 31 2,3
