20
0 223 12 8 7 70 27 4,2,6
33 1174 10 7 6 7 101 8,1
40 393 13 9 13 37 26 4,0
60 116 5 12 6 66 28 7
68 453 6 10 7 7 93 2,6
69 545 9 8 10 82 78 7
74 726 9 15 7 41 77 5,2
115 50 2 11 5 2 95 9,1,5
127 167 11 6 9 54 103 9,5,1
136 347 9 6 10 56 8 2,6,4
144 970 12 7 9 71 88 5,7,2
269 195 3 9 13 76 41 0,9,1
271 200 10 14 11 5 1 0,8
297 292 10 5 8 99 14 0
300 224 12 14 2 69 76 9,7,5
334 602 14 3 16 93 10 5,3,2
438 188 6 3 17 98 59 6,1
461 205 6 9 16 1 21 8,1
479 1722 11 8 10 70 24 9,0,5
481 660 13 9 6 39 42 0,6,9
