30
0 248 5 6 7 62 80 5,2,7
3 649 3 7 6 102 30 3
53 172 8 3 7 9 14 0,3
71 321 7 5 2 70 60 5,8,7
73 411 22 4 6 46 56 6,3,5
79 228 9 6 7 36 94 9,5
83 469 7 4 5 15 4 0,4
131 462 7 17 8 91 53 9,2
141 1598 3 9 4 2 46 3,5,1
160 83 4 11 11 54 10 7,9,7
175 96 3 4 6 94 11 4
191 170 4 6 6 17 52 2,8
224 1246 10 11 9 89 54 2,4
251 86 3 7 2 20 26 0,3,9
291 292 5 4 18 56 35 1
293 114 10 4 4 28 16 9
295 39 1 5 2 83 24 3
298 306 10 7 3 56 54 2,9
323 70 10 8 9 27 31 3
338 657 1 2 7 3 73 5
345 206 6 9 6 19 3 9
388 694 13 7 6 80 27 0,8
410 237 9 1 3 59 35 5
429 8 3 2 4 9 6 5,7,8
437 737 9 2 4 46 56 4,3,2
460 322 8 7 7 18 38 5,1
461 804 6 5 8 36 87 3,5,3
464 136 4 10 12 18 16 4
498 491 3 9 7 20 32 9,3,0
512 407 7 3 10 24 85 5,0
