30
0 83 2 2 7 46 81 8,2,8
9 212 4 5 12 21 24 8,1
28 91 4 12 8 62 56 8
28 205 13 8 2 18 31 7,0
35 93 2 3 6 5 11 4
45 1255 7 4 5 59 81 9,1
47 18 4 4 4 37 5 3,6,8
60 1131 11 8 7 86 84 5,0
79 346 3 7 6 65 22 4
93 326 8 7 5 57 10 6,5
114 24 4 3 10 2 3 8,3,5
150 1036 4 2 10 79 26 0,4,9
166 385 4 4 8 41 15 2
179 124 2 4 9 86 28 7,4,8
185 181 4 4 4 8 20 9,0,4
199 380 12 6 6 62 64 4,3,5
231 646 4 8 4 6 0 1,3
262 297 4 4 9 64 14 5,8,9
270 88 9 9 4 22 2 1,6,2
298 166 7 6 5 29 40 7,1,3
372 583 3 12 4 87 6 6,4,3
375 100 7 9 4 81 16 7
380 162 8 6 6 54 61 4,3,1
385 662 1 7 16 26 52 7
396 415 7 3 5 6 67 7,2
420 54 12 4 4 1 46 0,3
425 36 5 3 6 53 86 8,3
469 1171 3 6 6 58 64 9,5
474 93 7 4 1 20 15 4,8,9
492 215 6 7 11 34 9 1
