20
0 271 16 5 26 89 85 8,6
22 185 11 2 9 100 91 5,0,2
47 389 12 7 16 91 83 6,0,1
62 1226 7 10 11 37 87 6,2
65 604 3 6 4 63 41 9,0
77 66 12 14 13 44 102 1,6
143 429 14 9 20 51 83 8
146 849 12 7 15 92 32 1,8
150 409 8 6 7 83 32 5,9
161 142 14 16 8 53 3 7,9,0
189 364 3 9 5 83 89 2
192 487 4 6 14 14 84 2,5,6
196 1842 13 6 4 35 49 9,7,4
217 54 9 5 14 25 71 7,3
247 21 3 5 14 14 68 2,9,3
278 1240 10 12 5 54 53 1,6
302 39 11 4 10 2 87 9,6,5
365 950 9 11 9 75 66 6,3,7
391 164 9 6 7 78 23 3
468 923 7 8 5 53 81 3,2,4
