30
0 329 10 9 4 60 22 2,8,3
14 546 10 7 7 16 102 5,6,2
67 629 2 7 4 95 69 9,3,8
128 336 1 8 3 8 4 0,8,4
168 318 5 1 6 53 30 1,3,6
210 154 10 2 4 0 10 1,5,9
233 107 4 5 12 76 60 3,2,3
249 277 3 7 5 19 45 4,1
279 384 3 6 6 18 11 6,4,3
301 168 6 2 1 4 56 8,1
303 299 19 8 6 38 41 6
336 1319 3 6 2 27 98 2,7,6
409 894 4 4 9 42 44 1
445 539 2 4 4 45 37 2,1,5
470 301 6 3 4 21 16 2,6
496 90 5 3 7 66 67 2,8,3
509 130 3 9 14 48 72 1,6
552 939 3 2 4 25 92 0
571 2188 9 5 4 56 85 8,7,1
592 449 11 3 8 73 13 6,8,6
613 412 7 5 9 0 18 7,8,5
623 14 2 5 6 12 18 4,3,4
661 528 5 15 11 66 28 9,0,1
669 912 3 5 12 81 60 2,6
688 720 2 4 2 48 26 6,3
742 246 5 3 5 50 39 0,4,3
756 694 5 4 4 47 42 4
785 119 2 3 7 20 10 8,5
811 670 9 4 13 97 8 3,2
885 1393 14 8 5 18 48 7,8,7
