20
0 456 4 4 16 84 4 4
8 462 8 11 8 3 9 4,6
31 2189 9 8 7 9 21 2
37 402 18 14 5 4 94 7,5,3
95 83 10 11 5 59 31 1,5,0
103 1 5 22 11 34 40 7
106 283 8 8 9 12 11 6,4,0
108 32 9 10 12 62 7 5
111 183 7 9 8 74 62 8,7,8
113 345 22 10 2 3 14 4,5,0
114 1204 10 19 4 33 10 3,8,5
114 116 8 5 16 69 52 0,9,8
189 177 11 12 16 41 61 9,1
210 199 4 6 6 7 45 2
328 10 10 7 4 59 23 6,3,0
334 19 4 17 10 81 23 8,5,6
362 451 10 9 9 28 5 3,5,2
363 152 14 7 11 0 79 4,8,9
401 482 5 16 9 23 52 6
421 885 10 6 7 18 22 1,5,7
