30
0 40 4 1 8 19 34 3
15 259 6 7 5 7 26 0,6,9
20 488 2 5 6 30 65 9
24 630 2 4 1 83 2 1,5
38 365 8 10 10 45 67 8
38 869 3 13 7 60 54 9,5,4
69 207 4 8 1 64 74 9,0
96 703 10 7 4 85 86 2
109 159 4 10 4 0 14 0,2
111 403 6 7 5 12 23 3
116 912 2 5 4 79 1 5,2
119 1064 13 4 4 65 23 5,4
146 250 5 4 4 57 62 0,1
154 44 7 5 9 25 49 8,4,8
171 99 4 5 9 37 81 7,3,9
179 653 5 6 11 3 24 8,9,3
185 265 6 3 5 79 45 2
213 555 1 2 12 19 1 9,1,0
226 77 8 16 16 60 86 1,7
226 350 8 5 9 1 40 1
234 49 3 12 1 2 4 8,5
275 398 10 5 5 48 52 0
286 237 2 6 5 53 60 3
289 71 6 5 11 26 68 1
295 368 7 11 7 83 10 0,1
369 162 1 1 2 3 16 2
404 587 4 8 1 29 56 5,0,9
459 752 6 15 3 16 74 4,9
503 470 10 5 4 15 59 2,7
516 96 10 9 3 32 62 5
