20
0 383 5 14 7 24 64 0,9,1
30 682 10 11 16 7 43 7,9
46 498 3 12 9 49 94 9,0,3
53 71 9 4 10 47 89 5,1
66 192 15 3 8 83 16 5,2,4
128 245 9 7 6 44 6 9
168 1076 15 12 9 48 47 3,1,6
174 621 15 7 5 62 67 9
202 1022 10 6 9 68 6 2,0
204 218 15 3 8 51 69 0
208 190 15 8 14 57 12 4,6,9
236 216 11 11 10 81 14 3
262 2963 13 4 11 15 85 7
267 1794 11 10 12 68 57 1,5,1
281 1224 5 12 12 58 54 0,5
281 16 9 3 6 77 1 0,1,9
286 229 6 11 7 44 94 8,0,9
342 164 5 18 13 58 99 2
347 133 5 14 3 77 7 9,5
363 572 5 14 12 57 28 6,1
