30
0 85 2 6 6 58 103 2
4 232 5 6 2 36 44 1,9,5
5 212 6 4 5 60 30 4,7,6
23 204 3 7 10 22 80 3,8
30 316 7 5 7 5 44 8
36 137 1 7 6 13 44 1
76 75 2 6 4 7 47 6
96 506 7 9 14 8 100 6,9,0
112 779 7 7 7 56 7 5,6,5
128 488 4 7 7 25 14 9
151 25 6 1 6 2 102 9,0,1
159 561 4 4 7 6 25 4,0,6
173 830 3 3 12 82 78 3
181 1159 5 7 2 6 7 9,3
202 357 13 2 5 27 78 6,9,3
204 1008 8 11 6 82 103 2,7
219 437 2 1 8 57 100 5,3
267 899 2 8 8 24 57 6,8
270 75 8 6 14 72 14 0,6,7
332 1107 12 8 2 59 5 1,3,6
374 971 9 6 12 10 34 3
385 790 10 5 2 63 43 6
412 241 1 8 3 103 10 8,1
443 245 6 6 7 41 56 9
468 250 16 12 7 19 77 1
482 813 3 10 4 78 66 6,2
498 6 7 10 2 48 8 3
568 317 4 12 8 52 78 6
580 769 8 2 5 50 66 8,6,0
581 1798 4 5 12 50 51 4
