30
0 1098 12 3 7 27 6 1,3
20 591 7 13 6 35 53 8,9,8
42 1976 14 6 4 27 97 2,9
43 635 0 3 9 18 84 8,9
51 321 3 4 3 44 91 5,8
58 179 4 5 5 74 83 4,5,8
158 522 6 7 6 14 6 6,5,8
161 758 5 6 12 97 57 0,9,1
174 119 2 4 12 60 68 6,9
175 1458 2 5 2 3 49 2,8,6
186 246 5 3 5 42 90 4,9,1
197 736 4 9 6 72 103 3
217 755 8 3 4 35 91 7,8
256 408 4 1 7 75 15 5,2,7
257 100 5 3 9 42 26 2,8,4
299 255 3 3 10 100 23 7,0,5
336 1055 2 15 5 33 86 9,5,0
356 809 1 9 4 2 100 8,7,4
363 862 4 4 11 10 11 4
375 383 4 8 9 50 60 2
383 67 1 11 10 83 3 9
389 9 12 5 3 101 32 5,6
417 180 4 11 10 102 95 7,2
459 302 8 20 8 91 21 2
472 93 8 3 8 0 71 7,2
475 587 6 10 2 16 37 7
484 181 11 10 2 30 76 5,9
507 1527 3 7 5 81 18 1,9,7
516 303 1 6 5 7 27 1,7
558 671 9 3 4 65 92 4,1,0
