30
0 506 6 9 14 10 52 8
27 151 7 17 6 2 41 5
71 449 11 1 13 54 64 3,5,4
72 1453 6 8 8 66 22 7,8
82 1157 2 3 14 30 62 2
82 1332 11 4 7 73 37 5,9,3
113 24 2 8 3 2 71 6,8
128 1812 6 3 1 52 51 8,6
136 193 8 9 8 49 59 7
159 1028 12 2 3 23 26 8,5,0
162 222 6 5 5 57 60 0,2,5
165 162 6 3 12 20 65 2,7
168 262 13 3 13 20 21 7,4,1
181 223 10 5 11 54 55 9,2,1
233 240 8 5 8 35 30 1
237 124 5 10 12 71 37 2,0
250 1980 2 7 3 4 74 1
274 493 3 4 7 48 31 0,4
308 481 11 6 10 4 55 8,5
342 304 4 4 10 54 68 6,7
367 1076 5 1 6 70 50 6,4
367 37 7 1 4 4 64 2,7
368 1210 10 10 8 44 20 5,0
378 456 5 7 4 42 71 0,6
390 1905 4 6 4 36 46 9,8,5
456 36 3 5 7 10 23 8,4,9
470 684 4 7 12 45 54 2
474 111 1 5 3 54 7 8,4,5
507 539 8 5 2 7 43 6,8
521 107 7 7 5 9 14 8,9,2
