30
0 1435 8 7 8 38 40 0
3 367 1 5 4 69 56 0
25 2001 3 9 2 1 15 5
28 490 6 1 5 66 8 6,0,4
36 50 8 7 4 41 27 1,0
56 160 0 10 3 65 18 8,4
105 873 3 4 5 25 28 9,4
109 65 5 10 5 22 7 2
225 791 2 13 4 28 0 7,3
246 192 4 5 10 8 16 7
247 450 4 1 12 61 24 1
254 397 9 9 12 39 65 8,6
256 36 4 5 2 54 14 1,2
257 812 7 14 12 32 11 5
282 902 9 2 4 29 12 1,9
290 45 5 6 5 58 34 4,8,9
315 1332 1 6 3 13 34 1,8
344 503 4 5 10 32 39 6,0
360 766 7 4 9 42 6 8,6,4
362 65 7 13 3 11 65 5,6
377 136 9 2 5 32 10 7,9
386 277 5 4 2 25 6 9
419 1827 10 13 8 22 61 3
427 298 7 6 5 18 25 9
437 1053 7 6 8 61 69 7
441 722 3 10 5 48 10 4,9
454 665 3 5 12 21 64 9,7,0
492 746 6 5 2 5 16 6
504 1062 4 10 4 0 16 6,8,5
531 224 0 2 2 66 40 4,3,6
