30
0 127 8 6 7 26 27 9,2
5 993 3 2 12 29 60 0,1,8
26 204 12 3 5 19 58 5,4
80 1837 6 12 14 16 43 5
86 94 4 3 19 68 48 6,0
95 1566 8 3 6 19 32 1,8,6
119 510 3 13 7 27 34 7
262 161 7 7 4 19 46 0
284 266 10 3 9 69 50 1,2
286 827 4 10 4 42 66 8,2,8
318 64 4 5 6 5 45 1
319 292 11 3 3 46 24 1,4
339 832 3 19 3 52 70 9,6
345 160 9 6 7 38 2 1,8
359 312 6 7 2 27 24 6
363 133 6 1 18 53 56 2,1
368 1617 11 7 3 7 16 9,5
369 2492 4 4 2 2 51 6
379 284 11 9 3 45 42 6,4
383 312 13 14 8 34 1 7
423 121 8 9 6 52 26 1,7,1
447 304 2 6 0 5 26 7,1,7
461 235 4 6 4 41 27 4,1,3
524 176 1 9 1 30 36 5,7,1
526 518 12 7 6 27 54 7,5
574 286 5 10 3 1 52 0,9,4
576 395 15 9 5 20 25 1
589 424 4 8 8 42 5 3
600 11 8 1 12 26 68 1,6,2
621 292 1 6 12 4 54 3
