30
0 27 12 4 5 49 24 0,6,0
4 178 4 3 3 63 10 5
39 311 3 2 3 70 15 4
44 202 14 4 4 63 17 2,3
80 481 2 9 13 73 33 3,8,6
88 74 3 10 4 72 56 5
94 262 4 6 7 23 45 0,9,7
108 123 3 10 16 33 50 6,4,7
149 845 6 7 4 34 4 8
171 115 8 3 3 22 33 2,5,1
205 61 8 2 1 70 25 7
218 586 2 11 6 6 70 0
220 280 12 5 14 70 65 9
227 963 5 5 3 50 43 6
234 1219 5 9 7 10 12 3,2,5
242 365 3 9 6 56 22 4
247 140 11 3 8 21 45 4
261 699 10 6 5 58 67 4,2,9
276 230 5 2 9 23 38 2,9,5
289 7 3 3 7 12 60 3,7,5
297 93 12 11 4 57 1 8
300 20 7 9 9 38 44 1
312 231 10 2 3 42 37 7,8
344 87 6 2 2 59 10 7
344 301 9 8 1 15 61 4,6
400 108 4 3 4 9 5 3,2,3
417 144 11 8 5 5 44 8,7,1
458 587 8 4 1 26 21 3,1
494 913 7 5 11 44 34 7,2
501 208 10 7 12 25 37 9
