30
0 331 4 4 13 10 14 5,6
33 186 6 5 9 50 73 7,6,2
33 81 7 9 2 65 57 4,2
36 17 5 3 7 38 33 6,1,4
41 55 3 11 8 0 1 9,2,3
41 76 14 3 7 41 34 1
91 583 11 2 6 30 63 9,6
93 64 2 5 8 66 31 0
135 296 8 10 3 53 25 9
230 640 2 6 9 23 12 5,9
236 195 3 5 5 31 0 4,2,9
271 752 5 6 6 51 63 6,4
289 790 7 2 7 15 57 1,0,6
341 432 11 2 5 19 0 0
360 793 1 3 9 52 1 3
373 62 13 10 6 33 15 1,7
391 224 4 13 4 36 2 6,4,7
425 35 1 3 6 69 46 7,3,8
429 507 8 14 2 1 34 8,4
456 885 7 3 10 67 37 7
466 655 4 3 5 48 62 5,4,7
485 225 4 11 9 59 12 8,9
497 386 13 10 4 64 70 5,4
498 461 1 6 7 36 64 6,4,0
504 257 6 5 4 5 27 7,1,6
511 10 8 2 1 40 62 0,8,0
545 643 12 4 9 25 71 5,2,7
554 27 15 5 2 28 21 2,7,9
557 77 9 12 8 7 48 6
569 15 4 6 3 27 59 8,2,1
