30
0 514 6 5 7 9 52 1
3 16 4 7 13 22 7 2,9,1
7 237 7 4 6 34 70 9,7
19 73 6 6 3 45 53 4
24 111 7 5 3 64 0 2,1,6
29 894 11 7 1 19 59 7,3,0
64 7 9 19 4 20 38 0,3,7
78 96 9 4 3 49 8 0,8,3
104 61 6 11 9 64 28 4,2
176 1143 9 4 5 37 9 0,5,7
194 522 13 5 11 72 8 1,7
199 281 5 6 13 45 28 6
204 2133 1 6 11 7 36 5,2
216 468 4 3 5 71 34 9,8,4
234 2374 7 3 6 66 28 5
255 33 9 4 6 22 42 5,1,0
270 15 3 12 9 14 47 0
282 548 5 6 4 5 36 1,5,6
304 1110 6 1 9 51 56 4
315 558 8 9 6 59 45 8,9
315 325 3 11 2 42 34 9
316 1001 2 9 8 27 7 5,1
321 345 7 5 10 8 51 2,1,2
325 192 1 4 11 26 15 7,6
336 94 7 7 3 71 50 1,3,5
359 132 12 2 6 14 40 4,6
367 714 5 8 6 32 35 1,9,5
401 501 6 8 11 73 43 2,1,6
417 125 2 4 5 33 8 4
463 752 2 12 22 35 14 0,6
