30
0 396 1 10 6 58 61 9,7
23 107 15 7 3 9 12 8,2
49 206 6 2 10 20 21 7,6
78 592 6 6 7 64 48 3
91 700 7 7 11 15 6 6,4,5
101 388 7 4 3 3 61 4
151 558 5 2 3 41 17 1,3
155 434 3 4 9 32 15 2
162 849 9 3 5 61 7 3
164 1097 5 2 3 17 56 3,1,7
195 166 6 5 11 56 39 9,7
214 1561 7 4 8 62 9 4
215 740 6 9 6 3 25 3,0
282 2 17 12 6 13 10 9,6,9
300 305 7 6 5 9 7 5,3
310 135 9 13 2 29 4 7,3
323 251 4 8 6 41 17 6
340 16 2 5 10 22 12 7
364 934 3 7 7 22 9 7,4
403 87 5 7 20 28 67 7,0,6
422 98 4 5 0 46 0 8
473 872 5 3 5 3 67 2
501 1157 5 5 3 5 39 5,3
517 324 5 0 6 4 23 7
525 61 2 8 8 41 39 4
526 477 4 3 1 37 66 5,8
534 862 16 7 6 19 65 4
571 131 2 6 2 0 24 6,4
583 247 6 2 7 9 3 3,7
587 1311 5 17 3 58 28 6
