30
0 683 8 7 8 26 22 2
28 479 7 6 6 57 70 4,3
67 1897 9 11 8 61 53 4,5,0
69 922 7 2 5 62 50 6,2
96 1332 2 5 9 49 66 2,7,2
104 36 8 8 7 46 41 7,8,1
107 408 15 7 9 4 9 3,7
121 436 4 7 8 31 51 5,2
137 417 7 12 8 48 23 8
157 1131 7 5 8 58 63 4,2,6
162 286 6 6 6 70 60 7,6,8
165 711 5 17 4 21 69 2,1
174 389 7 4 4 60 41 3,2
196 892 3 4 5 33 49 3
242 402 11 5 4 4 45 9
303 498 10 2 10 44 45 5,6,9
313 724 10 11 6 33 46 9,6
315 748 4 16 5 69 61 0,8,0
353 886 15 1 5 67 71 6,1
409 1835 3 3 2 41 1 1
409 183 5 2 3 22 63 3,4,6
409 116 8 3 8 36 72 8,1
416 54 16 2 10 19 67 0
427 31 13 3 2 46 36 4,1,6
454 4 10 13 5 14 55 8,2,5
489 391 1 12 7 63 49 4
502 205 2 2 3 22 57 3,0
502 55 8 13 3 46 23 0,5,4
531 629 6 7 8 5 72 5
535 125 8 7 6 74 5 3,6
