20
0 221 4 11 11 38 0 3,0,5
15 858 9 6 11 9 28 9,3,4
38 78 11 8 5 30 37 0
58 379 15 8 4 30 5 7,6
61 61 11 9 3 19 57 8,5,2
66 32 17 8 11 33 42 7,5,9
67 139 13 10 13 20 21 3,0
72 784 23 10 11 70 1 2,9
97 66 6 13 8 31 58 0,8
107 440 9 4 6 67 65 2,5
125 1055 8 9 16 7 50 9,5
129 241 13 10 5 41 56 6,0
133 201 10 14 10 51 32 9,3,8
142 524 2 4 12 48 0 6,5,6
186 288 3 12 4 74 31 1,5
196 589 10 6 14 32 41 0,2
229 135 8 23 8 0 25 3,2,1
234 245 6 7 24 60 29 0,3,8
243 352 6 4 10 7 5 5,8,7
268 47 16 4 16 42 48 5,0,6
