30
0 798 9 4 5 56 58 6
7 362 9 2 7 65 64 2,7
46 913 8 6 5 54 65 0,7
47 497 7 2 7 13 3 7,5,9
91 196 2 5 3 24 8 4,8
98 965 5 3 4 17 38 8,0
125 196 21 12 7 3 21 0,5
128 472 6 3 4 25 62 9,7,9
133 61 3 7 4 7 39 0
148 244 8 1 7 42 9 0,1
148 438 9 2 8 0 10 4
158 452 6 4 5 32 3 8,9
163 491 4 5 4 6 49 4
174 230 6 1 7 65 1 9,7,4
209 176 2 5 3 24 62 4,7,5
212 85 3 7 11 2 11 7,2,5
314 47 8 5 5 49 12 5,1,5
321 861 2 3 6 67 29 5,2
325 1032 5 10 7 21 20 6,1
328 8 6 2 3 22 16 7,2
335 973 11 5 17 56 12 5,7
349 1869 2 4 4 7 48 3,8,0
364 130 5 3 17 23 41 1
368 73 3 1 4 32 18 5,0,9
407 498 7 6 13 1 4 5,1,6
414 602 5 7 4 67 20 2,0
439 1785 4 3 9 54 2 8
444 198 4 3 5 17 9 0,7
448 586 10 3 4 38 17 7,1
456 217 5 4 8 17 22 7,9,2
