30
0 237 3 8 8 69 74 1
8 283 3 5 2 69 61 4,6
13 2225 9 2 4 15 52 3
107 115 10 6 7 0 62 7,0
126 302 3 7 2 48 63 5,3,8
132 24 2 1 9 52 37 9
135 181 4 9 5 1 29 1,2
143 576 4 12 4 32 58 0
156 691 8 5 2 69 27 3,8
161 274 3 7 14 52 19 0,4
190 70 3 5 3 5 60 3,8
196 521 14 4 9 46 60 7,9
204 1553 4 6 4 38 19 3
213 232 14 5 3 26 19 5,3,0
215 28 8 5 7 23 44 9,4
218 18 9 5 6 21 44 8,5,3
253 840 13 8 9 67 68 1,7
257 439 7 6 4 62 36 3,6,1
282 310 4 6 5 54 38 9,7
290 300 1 5 13 73 32 5,7
291 106 1 4 10 71 30 7,8
301 125 2 5 5 42 4 5
304 1438 12 4 2 66 53 7,2
316 78 6 5 8 23 4 9,3,5
336 627 6 6 6 65 6 5
342 428 3 6 4 7 61 2,5
354 41 3 1 9 9 49 1
355 141 6 6 2 9 15 9
363 349 9 4 17 49 62 1,6
367 107 4 4 8 73 53 6,2,4
