30
0 1970 4 4 8 58 21 8,3,1
14 433 8 7 5 9 56 9,2
57 1404 11 3 2 54 43 9,8
73 486 3 13 5 30 10 9
94 1745 8 9 12 58 18 9
172 355 3 1 8 5 61 4,7
189 377 2 6 4 60 22 3
196 155 1 10 12 41 13 6,1,9
208 2616 4 9 3 51 58 2,3,5
211 95 14 5 12 57 5 8,0
250 1355 10 9 4 10 41 2
253 63 5 4 7 51 31 3,9
266 800 12 3 5 37 66 5,8
276 3 9 8 8 63 51 9
304 67 7 16 10 11 53 6
318 309 3 6 7 30 36 0,1,4
363 459 7 4 7 44 5 5,4
407 209 4 6 2 33 43 8,4,0
408 336 5 7 4 59 63 6,5
425 498 5 12 5 70 43 2
448 348 6 2 5 43 36 3,6
451 254 8 8 6 41 37 1,4
455 19 0 3 2 57 9 2,0
477 957 2 4 5 66 21 4,3,2
516 516 7 4 8 38 29 2,1
518 298 5 6 4 9 60 4,6,9
570 66 5 6 3 21 58 5,1,3
572 588 6 13 10 5 7 6,2,5
579 20 3 9 3 59 16 2,6
590 40 8 9 3 23 37 3,8,1
