30
0 419 16 3 1 11 14 9,1,8
10 388 10 7 11 48 11 7,6
69 338 6 5 7 0 32 5,2,5
74 382 3 4 5 14 48 0,5
101 286 9 6 4 32 4 5,6,8
114 38 6 9 8 7 10 8,2
115 1587 7 5 8 0 42 9,6,9
154 11 2 2 3 60 55 8,9
162 393 12 1 7 20 35 7
173 41 1 2 5 53 67 1,9,5
183 836 11 5 12 37 51 8,4
244 2 11 11 7 4 20 2
264 549 6 11 5 35 37 5,1
289 88 8 7 10 58 9 2,9
330 413 3 12 9 10 67 2,7,6
331 163 4 5 3 32 4 8,5
364 602 1 7 3 65 72 1,3,6
364 194 1 10 4 27 73 2,6
397 2117 2 12 3 5 32 6,9
409 818 13 7 3 50 73 8,4,3
434 188 4 12 4 46 61 7,8
490 592 9 5 4 19 49 9
507 582 12 4 7 14 51 0,9
555 115 7 5 11 54 43 3,2,9
592 137 3 4 12 74 27 6,3,1
601 37 3 9 12 38 35 4
617 107 6 10 1 40 54 8
640 206 3 5 4 35 72 4,0
692 265 1 5 5 2 74 4,8
706 283 8 3 4 54 48 9,3
