20
0 33 6 10 4 67 15 3,4,3
48 432 10 5 5 32 39 2,4,5
51 365 11 11 3 33 59 8,9
99 569 3 13 11 21 58 0
119 755 5 11 2 27 7 3,0,6
137 570 15 10 5 73 50 3,2
170 218 7 15 9 56 23 1,4
193 251 14 9 17 49 68 2
219 29 14 9 13 21 22 2,5,1
237 30 4 15 16 57 10 8,3
255 72 15 13 10 74 60 2,6,5
274 1219 4 2 4 57 69 3,4
281 644 8 7 20 60 62 3,1,0
298 666 7 8 6 59 12 7
311 289 19 8 11 69 5 4
329 402 6 7 5 19 40 1,8,9
366 297 5 2 7 26 42 4,1,7
388 227 8 6 4 59 73 9,5,3
405 502 12 6 10 19 62 2,0,4
430 352 5 8 7 56 73 4
