30
0 105 1 0 5 55 63 8
9 831 6 5 3 71 69 1,8
26 525 8 4 15 49 59 4,2,4
30 67 8 2 10 62 21 7
36 1605 3 3 2 23 73 5
46 74 3 8 2 46 21 3,2,8
54 39 7 2 6 9 22 8,3,7
63 143 2 5 0 73 1 3,5,2
70 191 14 4 3 21 47 2,3,1
89 252 9 12 5 41 1 7,0,6
92 12 0 8 11 4 63 7,1,8
105 129 1 2 6 44 21 5,3
164 412 5 5 5 60 45 8
187 1643 7 9 7 45 9 8
195 11 6 2 0 63 26 2
219 25 4 12 10 33 26 0,7
232 1089 5 8 9 46 74 4,6,0
244 87 4 2 4 22 70 9,2,4
252 147 6 15 8 65 50 9,0
261 198 5 19 5 62 58 4
274 426 10 5 3 74 19 8,2
330 252 6 7 8 71 57 7,2
376 2 7 4 9 58 60 7,2,8
415 299 5 0 0 66 52 4,3,9
428 630 7 10 7 35 44 3
450 114 5 1 6 52 60 9
458 720 3 8 5 67 73 6,3,5
481 13 5 2 4 47 31 9,0
491 278 6 9 13 21 19 6
553 357 5 4 5 69 60 4,7
