20
0 711 17 12 3 6 61 2
9 183 8 6 7 54 9 4
32 151 10 9 14 54 12 6,7,2
42 46 16 4 7 5 32 5,2
123 174 10 7 7 1 15 2,1,9
123 117 18 13 12 8 21 1,6,9
145 40 13 8 7 68 58 2
160 229 3 16 14 4 18 9,3,1
162 144 5 13 6 5 58 2,1,0
175 350 6 9 10 1 17 2,8,3
232 1477 6 5 5 54 4 3,1,7
240 53 15 12 3 69 34 7
297 66 13 2 11 16 42 3,1
299 27 4 11 8 62 39 9,7,8
314 393 8 11 6 41 20 2,5,0
364 546 7 19 5 21 26 4
371 58 12 14 4 17 62 6,5,9
439 591 12 7 9 49 40 7,9,4
442 257 12 16 11 37 39 5
457 353 7 20 7 9 14 8,4,2
