30
0 936 12 0 2 64 62 5,6,1
62 938 10 4 12 29 1 4,0,4
70 286 5 14 13 61 26 3,0,3
93 1310 3 3 7 49 14 3,1
106 87 8 5 7 24 27 6
107 761 17 1 13 17 8 4,8
113 671 3 5 3 49 15 2,1
151 1325 2 9 7 16 2 5,4
293 276 11 3 5 0 4 9,0,2
313 50 8 3 9 39 34 8
363 344 6 1 2 49 28 2
399 117 3 7 9 21 56 2
434 507 5 2 11 4 65 4,6
445 77 6 3 1 7 13 5
462 562 2 3 11 28 14 0
473 104 0 3 6 46 42 8,1,7
476 814 2 2 5 67 7 6,9
488 376 3 6 2 61 8 1,6,5
489 31 3 3 4 49 16 9,3
496 109 7 1 4 34 48 0,6,1
531 1607 9 7 11 39 1 4
536 804 8 2 4 22 65 8,6,5
538 272 2 12 7 48 68 0,9,6
576 53 9 7 3 15 0 2,9
614 159 6 4 5 37 21 6,0,1
633 207 5 3 5 19 32 1
639 126 13 6 8 46 66 6,5
721 221 13 3 1 38 4 2,5,2
771 638 0 5 7 39 26 3,5,1
835 247 3 7 11 56 25 0,6
