30
0 1004 10 17 17 24 17 9
3 43 12 10 3 18 54 7
28 298 8 11 9 5 24 3,7
35 11 5 7 2 26 39 2,6
60 500 5 2 6 7 38 6
66 91 2 5 19 67 26 7
91 1413 10 4 5 7 10 2
94 41 10 11 9 66 5 8,7
94 464 4 11 13 23 39 0
100 90 6 5 10 11 25 0,8
101 78 7 4 7 1 13 8,0,7
105 836 4 5 14 28 16 2,8,3
127 185 6 6 4 21 25 4,5,7
152 3399 2 8 9 46 40 2,6,8
155 1348 9 7 2 48 23 5,7,6
177 35 3 11 4 29 61 0
195 2151 6 8 2 66 7 2,5,9
214 69 12 9 6 56 12 2,6
232 128 5 3 6 41 54 4,1,4
237 294 10 6 10 6 49 2,4
274 1535 5 5 6 18 9 9,3
278 678 3 7 3 67 37 1
295 244 25 3 8 7 64 7,1,7
345 171 3 8 10 27 22 8
350 231 9 10 4 15 61 7,2,4
351 918 3 8 4 20 18 2
382 108 1 8 5 42 7 8,6,4
389 348 9 1 10 13 1 4,9
391 1296 8 6 8 68 17 3
446 832 4 1 3 0 21 0,5
