30
0 250 5 1 4 42 48 7,5,0
36 470 6 4 5 69 57 2,6
96 59 17 2 4 45 69 0
107 490 10 7 13 1 65 7
119 1376 12 9 4 52 35 5
130 393 4 4 10 37 47 6,0,4
133 287 6 3 2 67 53 9,3
157 537 11 3 8 73 10 8,2
181 184 9 6 8 37 1 7,9,5
203 249 3 3 23 66 74 2
237 616 5 14 11 33 52 9,7
267 861 6 2 12 58 74 3,2,0
287 603 6 9 2 70 7 0,1,5
414 49 9 1 4 54 35 6
457 1024 3 7 2 42 53 7,5,6
488 283 7 4 11 66 54 7,5
509 1503 15 3 5 58 43 6
547 92 12 13 6 57 69 8
599 606 8 6 7 22 63 9,5
605 196 8 13 5 14 69 7
611 94 6 4 1 60 26 2
613 584 13 7 2 52 50 3
644 316 6 7 5 48 61 2,0,7
690 267 4 13 11 5 69 2,1,2
706 382 3 10 5 65 67 4,5,2
724 133 4 3 4 1 50 6
744 116 4 7 7 51 61 7,2,7
746 441 7 3 8 61 37 0,4,8
772 1638 3 1 10 33 52 8,5,2
797 933 13 3 8 22 70 7,9
