30
0 221 6 9 6 58 33 6
25 1308 4 7 10 47 29 7
79 567 3 4 3 22 14 0,4,2
81 990 7 2 2 15 35 7,4,7
92 28 12 12 5 22 4 1,2
110 28 5 7 4 6 74 7,8
130 209 3 6 7 48 21 4,8
139 200 9 3 3 8 23 2,4,6
176 385 1 4 2 8 67 6
206 251 5 2 10 50 56 3
229 81 6 11 18 71 26 4,7
233 1122 7 2 9 9 46 1,2,0
240 1398 2 11 6 1 28 9
262 112 9 10 10 33 12 6,3,0
266 65 8 7 6 28 14 7,5
322 198 21 7 9 44 73 7,9,0
372 285 6 4 2 39 32 5,3
391 465 5 4 2 50 66 9
404 1103 3 2 6 34 72 7,8
471 274 12 14 4 74 8 2,4,0
506 545 1 6 8 44 67 4
520 338 9 7 7 26 8 8,0,8
523 139 5 6 4 48 42 2,0
559 434 2 4 3 40 20 5,0
628 55 0 7 5 32 69 8
629 122 4 12 4 57 31 3,2
633 70 12 5 3 72 39 4,5,8
639 137 6 8 6 29 26 0,8
656 560 8 1 4 5 1 8
665 57 5 7 4 70 30 9,2
