30
0 1132 11 2 5 71 50 1
15 111 0 5 5 22 31 8,1
37 755 1 2 5 2 30 7
60 95 4 3 3 73 60 8,1,0
62 460 3 3 11 20 45 9
63 392 12 3 8 7 70 7,2,1
64 276 5 12 10 49 66 8
70 746 2 3 5 35 21 7
84 370 10 2 5 33 50 2
142 575 7 4 3 19 51 1,2,5
174 201 6 9 15 23 50 5
182 117 4 3 2 35 60 5,0
183 471 5 8 4 53 45 6,5
206 76 3 2 6 44 19 9,7
234 647 7 7 11 21 19 6,5,8
254 124 12 9 10 61 58 5,9
304 213 1 2 2 61 59 5,6
312 53 6 4 6 61 33 4,3
338 553 2 8 11 30 70 8
395 319 2 7 5 53 67 0,8
416 880 2 4 15 51 5 3,9,1
458 925 6 9 3 48 46 4
469 294 11 15 10 41 73 1,4,3
471 600 8 6 5 4 54 9,0,5
515 239 9 6 9 19 55 8,3,9
523 555 4 1 2 55 62 7
541 772 7 6 4 65 54 8
582 1363 4 4 9 71 20 4,8
656 906 3 2 6 41 60 8
666 326 3 10 12 23 63 1,4
