30
0 445 4 9 4 20 42 2,1,7
16 123 8 7 6 23 53 5,9,2
17 453 8 6 8 2 61 8,3,1
55 1231 9 2 5 33 64 4,2
76 583 3 14 4 72 8 9,2,3
78 651 5 9 3 44 8 5,4
89 291 2 6 6 45 69 7,0,3
90 46 2 3 5 31 61 5
111 1088 4 3 6 47 6 8,5
129 20 13 2 10 53 32 5
212 471 16 5 7 4 15 4
229 699 11 5 8 34 55 0
241 931 9 3 2 48 61 8,7
308 700 5 8 5 22 14 6,2,5
335 249 2 4 1 61 71 1,9
350 465 2 12 2 1 34 0,3
384 148 3 5 9 32 53 2,4,9
397 576 10 8 8 63 29 6
404 8 5 1 3 30 74 0,1,5
406 635 4 2 10 73 27 0
416 39 5 6 3 26 12 3
458 363 5 7 5 4 0 8
465 1268 5 8 7 54 41 0,4
501 413 4 6 2 49 20 7
522 752 9 7 6 30 0 0,5
524 113 3 4 2 45 25 2
537 435 4 15 2 38 14 0,4,7
557 134 3 5 5 8 63 0,1,6
602 23 3 6 1 67 9 6,2,5
626 118 5 7 5 71 45 1,6
