30
0 1349 6 9 5 4 1 4,0,1
10 684 13 12 12 0 4 4
41 598 12 1 2 0 10 3,4,0
57 701 4 4 4 6 2 2
68 550 10 6 3 4 13 3
86 48 5 6 4 12 7 1
98 1116 5 5 10 8 9 4,3,1
100 2 5 6 5 0 3 0
123 298 3 0 10 8 3 0,2,3
135 6 9 17 12 6 11 3
151 1740 7 8 5 9 11 4
159 45 5 7 3 13 1 0,4
167 503 2 10 7 12 6 0,2
182 263 5 4 3 8 4 0,2,0
203 61 3 5 2 8 0 4
236 12 6 4 3 9 0 1,3
242 331 2 8 1 4 1 1,2,0
281 383 3 4 8 3 4 3,4
282 231 10 2 2 3 9 1,0
288 280 7 7 11 12 10 1,4
301 239 4 12 9 1 4 3,4
382 105 3 0 1 9 2 1,4
419 1248 10 9 4 7 4 0,2,3
430 74 6 5 6 8 1 3,2
436 298 6 4 10 0 10 3,2
446 577 4 3 6 10 11 0
487 32 2 3 1 10 6 2,0
490 419 8 4 6 6 7 3,4
498 4 6 2 9 2 9 4,0
549 1148 4 8 17 4 0 1
