30
0 450 6 6 4 2 13 3,2,1
2 663 8 11 3 10 2 3,4
4 1103 7 9 9 7 3 4,1,3
8 335 1 4 11 7 10 2
27 164 6 11 7 11 12 0
29 332 9 8 8 9 2 3,0
77 1058 7 8 13 11 3 0
82 180 8 3 0 4 3 2,4,3
99 897 5 1 2 6 2 3,2,3
123 150 8 8 3 7 11 0
142 33 2 4 6 6 13 2
151 767 6 3 10 10 3 4
166 103 1 4 7 11 9 0
183 280 2 4 7 12 4 2
213 904 4 6 9 11 7 3,0
216 1467 5 3 9 12 9 1,4,3
305 74 7 4 2 7 13 4,0
312 30 4 6 6 10 12 3,4,1
339 1218 5 10 14 6 11 3,0,2
363 872 7 10 3 3 13 3
380 708 4 10 7 9 3 1,4,3
386 145 1 3 4 7 11 2,4,3
409 759 3 5 8 3 11 1,3
496 785 12 13 4 10 9 3,2
528 388 2 13 3 13 10 3
584 0 3 4 11 11 2 2,1
590 111 3 3 4 4 11 3
660 710 6 5 6 6 11 2
683 880 19 1 7 10 6 4
722 114 9 14 6 7 12 3,1,3
