30
0 2641 4 3 2 0 10 4
6 544 3 10 8 1 13 4,3
12 174 9 5 2 9 8 4
35 1866 3 6 5 3 6 0,1,4
68 176 4 3 9 6 4 2,4
75 249 7 8 7 10 9 3,1
92 79 6 4 8 10 0 1,4
130 152 8 10 1 9 4 3,4,3
160 674 4 13 7 4 2 2,0,2
162 382 7 7 6 2 10 2,0
187 216 9 4 7 9 1 1
205 998 3 9 0 4 6 4,3
243 534 7 3 7 3 2 4,1,0
369 89 4 0 8 9 8 4
373 780 4 3 5 3 6 4,2,3
396 19 2 9 9 2 3 1,2
458 1580 9 3 9 4 13 0
483 217 10 15 6 10 2 1,3
509 772 5 5 8 12 8 2,4
513 605 5 2 2 10 1 3,4,3
520 828 5 7 4 11 3 2,0
521 101 7 7 6 1 13 3
544 237 10 7 4 4 9 2,1
560 89 4 10 8 11 9 3
577 77 3 7 1 3 10 0,4
593 559 6 8 9 11 0 0,4,2
623 3727 3 4 8 0 10 2
631 703 4 5 9 10 12 3,4
637 151 4 6 5 1 9 4
701 429 6 3 4 0 13 3
