30
0 349 5 2 3 10 4 4
6 1573 5 4 11 3 6 3,1
18 848 3 8 8 7 12 2,1
33 0 12 3 5 12 13 3,1,4
47 1312 10 15 4 6 7 3
53 1131 7 3 7 11 13 2,4,1
74 411 1 5 17 11 10 4,2,1
103 214 4 13 1 4 13 3,2
112 758 11 3 1 2 4 2,1
152 165 11 11 7 3 4 1
153 2080 6 5 8 2 11 4
154 404 3 4 7 10 7 4,1
170 178 2 1 10 3 10 4
199 289 6 4 2 13 9 0,4,3
205 609 12 14 7 2 7 4,2
210 485 4 4 9 2 12 1,4,2
215 453 2 5 5 12 3 1
249 37 4 4 11 9 6 2,0,4
274 373 3 7 3 11 4 2
277 596 9 7 4 7 11 4,0
326 309 8 9 6 2 13 0,2
330 536 5 4 3 9 13 1,3
356 21 4 5 2 12 4 4,1,3
360 62 4 9 7 9 6 1,0,3
425 522 5 7 6 9 10 4
461 362 9 1 7 6 2 1
485 1665 4 6 3 9 4 1
502 319 4 9 5 13 12 1,4,3
559 237 6 4 12 7 13 0,3
613 119 6 11 2 7 10 3,0,4
