30
0 199 14 4 4 12 8 4,0
8 1876 3 5 3 7 5 4
10 301 14 5 1 4 8 0,4,1
75 100 1 6 5 11 3 3,0
107 51 9 11 16 4 0 3,4,3
115 688 4 3 5 1 7 3,1
140 261 8 3 5 5 3 2,4
149 534 5 9 6 12 5 4
162 120 12 7 1 1 0 3,0
189 797 14 1 5 11 8 4,2
255 30 3 8 6 5 4 4,2,3
295 209 5 0 1 8 4 0
330 550 6 2 6 8 11 1,0,1
340 1672 4 2 7 3 12 2,1
388 28 1 4 7 5 12 4,1
411 17 6 9 8 7 4 4,1
441 150 7 4 4 5 7 3,4
501 194 6 9 7 4 12 1
516 1271 4 3 4 12 3 1,0,4
522 59 9 7 5 3 12 1,2,4
522 311 11 7 9 11 7 3
579 372 4 3 9 11 8 3,0
583 803 14 5 8 12 11 0,3,4
606 538 6 8 4 3 1 3
703 168 3 6 3 1 3 4,3,1
723 1224 10 6 7 7 3 0,3
760 1230 8 4 11 3 8 0,1,2
802 698 9 3 9 3 1 3,2,1
877 35 8 7 5 5 1 3
878 304 4 3 3 9 8 3,4,1
