30
0 207 4 5 3 3 10 0
30 293 4 7 3 4 5 2,3,0
33 868 4 3 12 5 3 1,2
38 335 9 4 6 4 7 2,0,4
44 244 11 9 5 1 5 0,3
48 204 8 14 13 7 2 1
55 748 13 5 3 1 10 2
55 48 5 10 7 3 4 0
137 318 6 9 9 3 1 3
202 47 5 2 3 1 5 2,3,2
215 765 5 16 3 3 2 2,3,4
237 918 6 1 6 5 0 0,2
239 473 5 7 9 3 0 0,4,3
244 661 4 6 8 7 8 0
282 726 10 21 4 3 5 2
298 643 2 10 6 5 2 0,2,3
335 43 11 6 4 0 4 1,0,4
343 1401 9 1 3 3 8 1,4,1
370 83 2 9 12 3 1 3,0,3
390 1105 5 17 4 7 8 2
426 661 9 1 3 3 1 0,2,3
432 803 5 11 5 10 7 4
438 340 2 5 3 10 4 2,0,4
441 3 6 3 3 4 1 0,4
450 416 4 4 8 2 8 0
511 304 4 15 3 7 8 0,3,0
547 42 2 3 10 0 3 4,2,1
553 59 7 8 2 7 8 3
557 1054 5 3 6 1 0 3,0,4
561 270 2 9 1 8 7 4,0
