30
0 820 6 12 6 2 0 2
18 143 7 3 2 4 10 0,3,4
18 2 6 8 13 3 2 0,1,2
24 472 2 6 1 8 7 2,4,1
75 311 1 3 3 8 5 1,3
85 464 5 5 2 4 3 1,3
109 450 7 4 5 8 3 4
158 223 6 2 3 4 5 4
198 65 5 8 11 1 2 0,3,1
207 321 8 4 2 1 10 2,0
283 130 10 3 0 0 5 3
311 364 7 6 2 1 7 2
318 980 3 16 10 8 0 0,1,4
320 542 6 5 1 4 2 1,4
361 26 3 4 10 3 5 2
387 1737 3 8 9 0 5 3,2
424 877 9 2 6 2 10 3
443 258 4 4 11 10 7 4,3,2
444 895 8 5 8 4 5 0,4
453 341 8 13 9 4 7 3,4,3
459 1266 4 6 13 1 2 4,1,4
459 350 2 8 11 5 4 2
471 198 2 8 7 4 1 1,2,0
489 52 7 8 8 1 0 4
525 224 11 11 7 3 8 3
539 1329 6 16 7 2 0 4,2,0
570 780 1 3 3 2 3 4,1
595 157 2 10 10 5 3 2,3
596 705 0 9 2 8 0 0,1
632 1552 5 8 3 4 3 0,1
