30
0 717 3 2 6 7 9 2
44 476 5 8 5 4 5 3
49 72 9 2 7 0 4 4
113 578 10 8 5 8 9 4
175 1121 12 6 8 10 11 0,4
177 491 1 4 7 5 2 2,4,2
195 64 4 14 4 13 9 1
225 218 4 0 13 10 11 2,3,2
229 143 1 1 5 7 0 0
248 28 6 3 5 4 0 4,2,4
260 1421 3 10 3 0 9 3
271 447 1 2 3 10 2 0,4
275 5 11 5 13 4 0 1
276 629 5 4 6 8 10 2,0
297 596 3 5 4 10 0 3
319 337 13 3 6 13 5 4,1
320 499 6 8 6 2 0 0,2,4
341 578 5 8 8 13 0 1,2,3
378 826 2 7 6 7 5 0
389 68 8 10 8 7 2 4,3,4
393 150 7 4 8 10 8 1,0,3
414 315 8 6 8 9 5 4
428 730 2 3 4 11 10 3,2
449 163 17 4 12 4 7 1
456 72 12 2 2 11 0 2,0
496 95 11 6 7 0 8 1,3,1
529 111 8 1 5 7 13 4,3,1
533 2235 10 3 7 0 4 0,4
542 211 5 8 4 11 7 1
562 190 5 2 12 10 9 1,3,0
