30
0 49 8 5 7 0 8 2,0
15 66 2 3 8 12 2 3
53 41 6 4 5 3 6 1,3,4
64 688 1 11 5 6 9 3
119 738 2 3 4 0 3 3,0
125 282 14 7 8 6 5 4,2,1
153 54 3 7 4 0 2 0,3
155 142 5 5 9 2 3 1,0
159 686 8 9 4 8 3 1,2,4
191 613 6 12 3 9 5 3,2,0
200 651 22 6 8 5 6 1,3
237 227 2 15 3 9 6 2
273 690 1 2 6 9 2 2,1,2
341 486 7 1 5 1 2 2,3
341 286 3 8 10 5 8 1,3
342 593 3 9 0 12 2 1,2
355 858 11 2 2 2 3 0
388 494 12 4 1 9 5 4
408 783 7 6 1 8 0 4,3,4
434 641 3 9 2 5 9 0,1,3
439 373 13 5 7 1 6 3,2
472 273 5 2 7 3 9 4,0,3
473 399 6 4 6 1 2 1,0,2
490 86 8 6 4 9 2 1,3,4
495 322 7 7 0 6 3 4,0
510 679 11 3 4 1 12 4,0
541 397 6 2 8 8 9 0
545 556 16 3 1 0 6 0
564 515 1 11 5 5 1 2,4
585 790 8 3 4 3 1 2,4
