30
0 1918 3 1 3 1 6 1,4
0 791 5 8 5 1 9 2
12 870 6 4 3 11 0 0
24 80 4 8 4 11 4 0,3,1
31 28 6 5 6 0 3 1,3
41 282 4 4 8 3 12 1
92 488 3 2 4 12 0 3
113 29 3 5 4 12 0 4
156 242 7 6 1 13 7 2,3
171 195 3 7 8 11 2 3,1
179 1101 2 6 5 8 12 4,0,2
214 61 2 8 6 9 1 4
235 465 4 9 2 8 0 4,3,1
280 1035 3 5 4 1 0 0
287 858 7 2 8 1 0 2,3,0
340 1222 5 5 5 0 8 1,4,0
390 85 8 7 11 2 4 1,2,3
412 918 7 15 4 0 4 4,1,3
459 600 5 4 14 12 10 1,2,3
474 253 7 9 13 2 7 4,3,0
500 36 6 5 6 8 4 2,4,0
522 4 5 5 6 8 11 1,4
603 5 6 5 5 10 12 1
626 1091 4 3 5 11 8 3,1,4
630 281 3 13 2 12 13 2
630 433 5 18 8 1 4 3,2
642 173 8 2 1 11 9 2,3
683 319 8 2 7 3 9 0,4,3
688 278 4 7 11 7 8 4,3,1
719 463 6 2 8 10 7 3
