30
0 251 4 4 11 7 8 3,2,3
43 350 13 6 2 10 1 1,0,2
53 601 11 4 15 9 10 0,2,1
56 817 2 2 4 10 3 4,3,1
64 12 2 9 4 9 1 3,1,3
110 158 5 3 9 7 3 3,2,4
171 206 6 8 11 9 13 3
223 170 4 2 7 8 5 3,2
225 305 11 4 5 2 1 2,3,1
279 194 12 11 5 2 7 3,4,1
305 764 5 5 17 10 13 2,1
445 160 5 6 8 1 6 0
456 133 17 11 5 8 6 3,4
457 94 2 9 13 6 10 0,4,1
463 1510 14 6 4 13 7 4,1,4
525 487 2 4 4 6 7 4
529 148 10 9 6 1 9 0,1
615 161 7 8 2 5 3 2,0,1
627 544 4 6 2 10 7 0,3
631 741 7 8 7 13 8 0,4,0
644 283 11 0 12 8 3 1
645 367 6 12 4 13 3 3,4
661 32 3 5 5 9 10 2,3,2
670 781 5 11 6 13 7 4,2
677 400 16 3 12 8 6 4
711 203 6 3 6 10 6 1,0
735 0 3 4 2 6 9 3,1,0
750 246 1 9 3 7 6 3
812 240 1 4 13 13 7 2,3
817 9 12 11 11 8 1 1,2,4
