30
0 58 7 5 7 6 11 3
23 500 4 5 6 8 4 2,4
30 434 3 2 16 13 9 2
51 373 2 7 6 12 8 0
71 807 3 15 3 2 10 0,3,0
73 262 7 12 17 2 8 4,1,3
74 814 8 7 7 7 13 1,4
103 112 11 6 5 10 3 1,3
143 360 1 5 9 1 7 3
150 659 7 5 7 9 3 1
152 65 7 5 4 10 7 4,1
158 123 5 7 18 10 6 0,2
189 447 3 2 1 8 2 0,3,2
207 28 4 7 15 11 9 3,4
220 1274 6 7 5 6 9 0,2,1
245 1951 7 1 5 1 3 3,2,0
259 7 3 5 3 2 11 1
286 61 7 4 9 6 2 1,0
334 108 2 5 3 13 0 2
345 6 2 5 16 13 2 3,0
359 354 2 5 17 7 2 4
370 557 2 2 5 9 8 0
404 1037 3 9 4 7 11 2,0,4
409 1313 3 1 6 3 12 4,2
412 1141 7 7 8 4 13 2,3
474 394 5 5 3 7 12 3,2,4
483 235 16 3 3 3 4 2
502 291 3 3 6 1 8 4,2,4
505 249 4 8 4 6 12 2,0,1
506 1178 4 6 2 13 7 3
