30
0 970 4 3 8 3 10 1
54 1064 8 15 5 5 3 3,4
60 397 3 7 6 2 8 0,2
89 245 2 13 13 10 4 1
129 765 6 7 6 8 10 2,3,2
146 56 3 8 6 0 7 2,3,0
151 173 5 5 4 0 5 1
159 344 9 14 5 1 4 3,2
163 581 3 6 3 3 5 2
170 93 6 9 12 0 3 1,0,4
180 522 2 4 8 0 5 4
240 406 5 5 7 2 1 4,0
244 2784 2 7 11 1 7 0,3,0
246 224 6 12 10 10 5 1,3
293 80 3 4 9 2 0 0,1,0
296 950 1 3 6 10 1 3,4,0
317 171 9 8 2 10 4 3,4
320 449 3 13 4 5 7 2
344 194 7 7 8 0 10 2,0
356 240 9 3 9 10 5 3,0,4
377 209 5 21 7 5 4 4,0,3
385 1564 7 7 3 7 10 3
395 284 2 5 2 0 1 3
449 92 8 6 5 2 0 1,4
475 562 12 6 5 4 7 2,4,0
492 430 28 5 5 1 3 0
543 36 2 3 11 7 4 0
562 2231 5 2 7 10 5 1,3
563 204 9 14 8 10 0 0
587 320 6 5 1 1 2 3
