30
0 833 12 5 3 1 2 2
12 66 3 5 6 4 2 2,3,1
22 780 8 8 6 1 7 0,3,2
77 301 5 3 6 2 3 1
78 454 6 6 2 10 2 4,2,1
92 55 11 10 2 0 7 4,0,3
92 198 11 7 5 5 7 3,2
99 1402 2 5 3 1 5 0,3
173 222 1 6 5 3 8 1,4,2
186 1569 11 11 6 5 0 2
197 17 6 5 1 5 1 3
299 49 8 8 5 3 1 0,2,4
306 756 4 3 9 4 3 2
310 263 5 10 8 8 5 2,1
311 366 2 7 7 3 1 0,2,3
385 1424 15 10 7 2 3 3,0
410 144 3 11 12 2 5 3,2
419 181 5 9 8 3 5 0,1
428 653 8 3 4 10 7 4,2,4
445 244 3 2 7 10 2 2
487 158 13 11 4 8 4 4,1,2
491 825 3 5 4 7 10 2
536 67 1 8 7 2 10 0,2,4
612 1032 6 15 5 2 10 0,1
635 908 5 7 2 3 7 4
647 846 10 3 2 0 10 2,3
647 425 5 13 11 5 7 0,1
662 83 1 7 3 0 2 2,4,0
662 754 3 3 3 1 2 4
671 285 4 10 7 4 8 3
