30
0 1851 3 11 6 6 5 1
19 127 4 11 2 0 12 1,0
29 384 5 5 5 10 5 0,1
53 1030 13 12 2 2 1 2
94 1349 1 6 3 0 3 0,3
99 325 8 5 7 10 7 3
123 873 1 8 6 0 2 3,0,2
124 130 3 8 4 0 2 4,2,0
133 96 5 9 3 2 1 4
145 689 12 2 4 0 10 2,3,0
155 82 5 9 8 10 4 1,0,1
182 262 8 8 7 10 7 4,3,1
184 1400 5 7 8 0 4 3,0
209 167 9 3 9 4 7 4,0,3
240 142 2 4 2 0 10 4,1,2
257 343 11 18 21 7 4 3
262 299 11 2 6 6 10 2
263 37 4 4 3 5 12 4,1
275 51 2 8 5 3 6 3,1
321 520 3 8 3 1 12 0,2
323 35 9 5 5 1 2 3,0
349 519 4 3 4 1 6 1,4,0
350 355 9 3 3 3 0 1,4
360 197 3 3 4 5 12 0,1
405 159 10 2 6 1 5 4,0,4
430 353 2 8 9 4 5 0
431 265 4 2 5 0 12 4,1
442 87 3 3 3 2 12 0
453 11 14 4 3 6 0 2
454 136 5 2 3 2 1 0
