30
0 3 5 4 10 11 10 4,3,1
16 112 12 2 8 7 4 4
76 134 10 2 8 2 4 3,4
83 1298 12 3 6 9 2 2
94 800 4 2 1 3 4 1
116 412 5 6 6 2 7 3
117 497 5 13 7 12 11 1,3,2
121 971 3 2 2 2 7 1
122 733 6 4 2 2 10 2,0,1
136 28 6 4 5 2 13 4,3,2
156 678 4 3 1 10 2 1,4
180 325 12 2 8 6 13 1,0
203 1362 5 6 14 13 2 4
241 391 10 7 1 6 11 2,1,2
242 21 8 4 1 4 12 1,2
246 17 7 4 6 11 7 3,0,3
257 50 10 3 5 3 13 2
261 231 0 11 5 7 13 4,3
272 232 9 4 3 4 13 0
410 572 6 11 2 6 9 3,2
410 9 4 6 5 6 10 4,3,0
427 229 5 10 4 12 11 3,1,0
440 484 5 5 5 9 12 1,0,3
443 1540 12 2 1 10 3 0,2
463 459 3 7 8 4 6 2
474 247 11 5 4 4 6 3
480 583 5 6 7 11 2 4
487 178 7 5 5 6 11 4,0
494 487 13 5 5 12 3 2,1
506 374 6 6 5 9 10 2
