30
0 413 3 1 1 1 4 2,0
26 115 2 4 7 2 10 0,4
62 32 1 2 8 4 0 3
85 1386 5 4 2 2 0 1
116 172 7 16 7 4 5 2,3
120 859 10 5 12 7 5 1,0
151 585 3 5 5 7 8 2,4
193 1205 7 3 5 3 5 4,1,3
194 1542 5 4 1 7 5 4
221 358 2 1 6 8 1 4,3
222 329 6 8 3 5 3 2
229 101 11 8 19 5 8 2,3
239 811 1 4 4 4 1 3
247 161 7 1 15 5 7 0
257 597 16 3 4 5 1 1
259 295 2 7 12 8 3 2,0,3
264 1612 5 5 6 7 2 3
264 716 9 8 3 0 1 3
273 371 7 6 6 8 0 1,4,1
283 1121 5 5 5 4 2 1,4
284 66 4 10 4 4 3 1
324 149 4 8 9 10 2 4,0,2
348 306 5 4 2 3 0 3,0
367 11 5 6 12 4 8 1,2
426 1157 4 7 9 4 0 3,4
433 651 4 13 9 10 5 4,3
443 1097 3 8 4 0 5 2,4
444 1367 2 2 3 0 3 0
445 391 9 5 8 3 10 4,0
456 756 3 2 6 0 5 3,2,0
