30
0 736 8 6 4 0 7 1
18 224 3 2 3 13 2 4,1,2
29 29 1 6 10 1 9 4,1,2
29 401 4 7 5 2 9 2,1
87 1447 8 11 1 6 9 2,1
108 253 7 7 7 12 0 3
128 409 5 7 12 0 3 0,1,4
130 2019 2 7 2 0 6 1,2
147 271 7 6 2 4 6 0,2,1
162 220 4 9 2 3 2 2
169 185 4 9 4 11 4 1,2,1
175 237 5 2 8 0 1 4,2
204 677 21 3 7 12 7 2,4
215 312 2 11 2 3 10 4,1
229 164 4 5 5 0 12 4,3
286 1447 3 12 4 2 12 2
316 21 11 1 5 1 0 1,0,3
347 154 4 6 15 1 8 3
358 61 0 14 7 4 13 4
403 27 3 8 5 12 0 0,3
405 86 9 10 6 13 8 1
468 184 2 11 4 13 7 1,0,4
497 317 3 3 12 6 4 0
564 170 4 3 2 3 1 1
579 2 2 4 10 1 7 3,0,1
590 391 6 5 13 0 2 2,1
601 776 3 8 8 1 12 1,2
609 126 3 2 3 1 12 2,1
613 512 6 13 8 10 11 0
633 86 9 8 6 0 3 2,1,3
