30
0 365 14 7 10 13 2 0,1,4
17 898 4 3 8 12 7 4,1
21 27 7 6 3 3 4 3,1,3
24 555 14 9 2 6 11 2
52 158 11 5 10 6 12 2,4
55 44 6 20 4 4 2 3
97 202 10 1 21 6 10 2
143 200 2 2 1 12 11 3,2,4
212 797 9 13 4 2 13 2,3,0
212 393 4 16 3 11 6 2,1,0
237 2047 8 6 4 3 9 3,2,0
247 46 3 4 4 9 3 4
296 313 5 9 17 4 3 1
296 983 9 7 4 9 3 1
327 1452 7 5 3 9 11 2
353 699 1 9 8 6 9 3,4,1
392 948 8 1 6 6 13 2,3,4
416 735 5 5 2 9 4 3
437 362 6 2 4 9 7 0,1
490 204 3 4 3 4 11 4
514 557 2 3 10 3 10 0
516 126 7 9 1 11 12 0
525 1162 2 10 5 10 2 2,1,3
530 270 6 6 5 13 6 0,1,4
539 28 11 3 5 13 6 2
575 154 4 8 8 6 2 3,1
601 624 4 7 11 2 12 0,3
717 549 1 15 14 12 9 0,3,1
720 1054 5 11 1 3 11 2
731 350 12 1 5 9 7 4,2
