30
0 370 9 12 0 11 6 2,1
10 11 3 4 6 3 4 1,3
55 125 1 9 2 4 12 2,4,2
60 1323 2 4 2 9 12 4,1,4
61 116 6 9 8 6 12 4
73 258 2 11 14 2 4 4,2,1
94 265 12 4 2 6 10 1,2
104 168 3 7 7 6 10 1,2,3
105 45 4 3 12 10 13 4,3,0
114 42 5 11 8 10 2 4
121 855 8 13 7 6 13 3,4
127 1 4 7 6 13 6 1,2,3
143 487 6 6 3 4 7 0,2
147 254 1 9 7 4 6 1,0,4
149 188 5 5 1 13 11 3,2,4
186 224 11 4 5 12 9 2,0,1
188 5 9 9 3 11 7 3,0
212 205 8 16 8 7 2 0,3,1
242 59 4 4 10 7 11 1,3,1
275 74 12 5 5 9 2 4,2
284 395 0 4 8 2 7 3
288 407 9 9 9 3 9 1
306 288 4 9 9 12 2 2
343 606 1 2 5 6 10 3,0,2
348 144 11 6 3 3 4 2,4
380 118 5 14 10 6 4 2,4
382 571 2 7 3 6 10 3,2,0
386 25 1 5 6 12 4 0,3,4
389 345 4 5 3 13 7 1
391 1568 1 4 4 13 3 3,2
