Request id 8
62 61 59 56 51 42 38 39 33 39 40 32 
62 61 59 56 51 42 38 39 33 30 24 23 26 28 32 
62 61 59 56 51 42 38 39 33 39 38 42 51 56 40 32 
62 61 59 56 51 42 38 39 33 30 24 16 18 25 28 32 
62 61 59 56 51 42 38 39 33 39 38 42 49 55 58 56 40 32 
62 61 59 56 51 42 38 39 33 30 24 16 11 13 18 25 28 32 
62 61 59 56 51 42 38 39 33 30 24 20 17 16 18 25 28 32 
62 61 59 56 51 42 38 39 33 30 24 27 31 34 38 39 40 32 
62 61 59 56 51 42 38 39 33 39 38 34 31 27 24 23 26 28 32 
62 61 59 56 51 42 38 39 33 30 24 16 18 15 19 29 25 28 32 
62 61 59 56 51 56 40 39 33 39 40 32 
62 61 59 56 51 56 40 39 33 30 24 23 26 28 32 
62 61 59 56 51 56 40 39 33 39 38 42 51 56 40 32 
62 61 59 56 51 56 40 39 33 30 24 16 18 25 28 32 
62 61 59 56 51 56 40 39 33 39 38 42 49 55 58 56 40 32 
62 61 59 56 51 56 40 39 33 30 24 16 11 13 18 25 28 32 
62 61 59 56 51 56 40 39 33 30 24 20 17 16 18 25 28 32 
62 61 59 56 51 56 40 39 33 30 24 27 31 34 38 39 40 32 
62 61 59 56 51 56 40 39 33 39 38 34 31 27 24 23 26 28 32 
62 61 59 56 51 56 40 39 33 30 24 16 18 15 19 29 25 28 32 
62 61 59 56 51 56 59 61 41 40 39 33 39 40 32 
62 61 59 56 51 56 59 61 41 40 39 33 30 24 23 26 28 32 
62 61 59 56 51 56 59 61 41 40 39 33 39 38 42 51 56 40 32 
62 61 59 56 51 56 59 61 41 40 39 33 30 24 16 18 25 28 32 
62 61 59 56 51 56 59 61 41 40 39 33 39 38 42 49 55 58 56 40 32 
62 61 59 56 51 56 59 61 41 40 39 33 30 24 16 11 13 18 25 28 32 
62 61 59 56 51 56 59 61 41 40 39 33 30 24 20 17 16 18 25 28 32 
62 61 59 56 51 56 59 61 41 40 39 33 30 24 27 31 34 38 39 40 32 
62 61 59 56 51 56 59 61 41 40 39 33 39 38 34 31 27 24 23 26 28 32 
62 61 59 56 51 56 59 61 41 40 39 33 30 24 16 18 15 19 29 25 28 32 
62 61 59 56 51 42 49 55 58 56 40 39 33 39 40 32 
62 61 59 56 51 42 49 55 58 56 40 39 33 30 24 23 26 28 32 
62 61 59 56 51 42 49 55 58 56 40 39 33 39 38 42 51 56 40 32 
62 61 59 56 51 42 49 55 58 56 40 39 33 30 24 16 18 25 28 32 
62 61 59 56 51 42 49 55 58 56 40 39 33 39 38 42 49 55 58 56 40 32 
62 61 59 56 51 42 49 55 58 56 40 39 33 30 24 16 11 13 18 25 28 32 
62 61 59 56 51 42 49 55 58 56 40 39 33 30 24 20 17 16 18 25 28 32 
62 61 59 56 51 42 49 55 58 56 40 39 33 30 24 27 31 34 38 39 40 32 
62 61 59 56 51 42 49 55 58 56 40 39 33 39 38 34 31 27 24 23 26 28 32 
62 61 59 56 51 42 49 55 58 56 40 39 33 30 24 16 18 15 19 29 25 28 32 
---------------
Request id 13
64 70 74 73 74 70 64 60 57 48 44 45 37 36 37 35 32 40 39 38 34 43 47 52 47 43 34 31 27 24 16 18 
64 70 74 73 74 70 64 60 57 48 44 45 37 36 37 35 32 40 39 38 34 43 47 52 47 43 34 38 39 33 30 24 16 18 
64 70 74 73 74 70 64 60 57 48 44 45 37 36 37 35 32 40 39 38 34 43 47 52 47 43 34 31 27 24 16 11 13 18 
64 70 74 73 74 70 64 60 57 48 44 45 37 36 37 35 32 40 39 38 34 43 47 52 47 43 34 31 27 24 20 17 16 18 
64 70 74 73 74 70 64 60 57 48 44 45 37 36 37 35 32 40 39 38 34 43 47 52 47 43 34 31 27 22 21 17 16 18 
64 70 74 73 74 70 64 60 57 48 44 45 37 36 37 35 32 40 39 38 34 43 47 52 47 43 34 38 39 40 32 28 25 18 
64 70 74 73 74 70 64 60 57 48 44 45 37 36 37 35 32 40 39 38 34 43 47 52 53 50 49 42 38 39 40 32 28 25 18 
64 70 74 73 74 70 64 60 57 48 44 45 37 36 37 35 32 40 39 38 34 43 47 52 47 43 34 31 27 24 23 26 28 25 18 
64 70 74 73 74 70 64 60 57 48 44 45 37 36 37 35 32 40 39 38 34 43 47 52 53 50 49 55 58 56 40 32 28 25 18 
64 70 74 73 74 70 64 60 57 48 44 45 37 36 37 35 32 40 39 38 34 43 47 52 53 50 49 42 51 56 40 32 28 25 18 
64 70 74 73 74 70 64 60 57 48 44 45 37 36 29 25 28 32 40 39 38 34 43 47 52 47 43 34 31 27 24 16 18 
64 70 74 73 74 70 64 60 57 48 44 45 37 36 29 25 28 32 40 39 38 34 43 47 52 47 43 34 38 39 33 30 24 16 18 
64 70 74 73 74 70 64 60 57 48 44 45 37 36 29 25 28 32 40 39 38 34 43 47 52 47 43 34 31 27 24 16 11 13 18 
64 70 74 73 74 70 64 60 57 48 44 45 37 36 29 25 28 32 40 39 38 34 43 47 52 47 43 34 31 27 24 20 17 16 18 
64 70 74 73 74 70 64 60 57 48 44 45 37 36 29 25 28 32 40 39 38 34 43 47 52 47 43 34 31 27 22 21 17 16 18 
64 70 74 73 74 70 64 60 57 48 44 45 37 36 29 25 28 32 40 39 38 34 43 47 52 47 43 34 38 39 40 32 28 25 18 
64 70 74 73 74 70 64 60 57 48 44 45 37 36 29 25 28 32 40 39 38 34 43 47 52 53 50 49 42 38 39 40 32 28 25 18 
64 70 74 73 74 70 64 60 57 48 44 45 37 36 29 25 28 32 40 39 38 34 43 47 52 47 43 34 31 27 24 23 26 28 25 18 
64 70 74 73 74 70 64 60 57 48 44 45 37 36 29 25 28 32 40 39 38 34 43 47 52 53 50 49 55 58 56 40 32 28 25 18 
64 70 74 73 74 70 64 60 57 48 44 45 37 36 29 25 28 32 40 39 38 34 43 47 52 53 50 49 42 51 56 40 32 28 25 18 
64 70 74 73 74 70 64 60 57 48 44 45 37 36 37 35 32 40 56 51 42 49 50 53 52 47 43 34 31 27 24 16 18 
64 70 74 73 74 70 64 60 57 48 44 45 37 36 37 35 32 40 56 51 42 49 50 53 52 47 43 34 38 39 33 30 24 16 18 
64 70 74 73 74 70 64 60 57 48 44 45 37 36 37 35 32 40 56 51 42 49 50 53 52 47 43 34 31 27 24 16 11 13 18 
64 70 74 73 74 70 64 60 57 48 44 45 37 36 37 35 32 40 56 51 42 49 50 53 52 47 43 34 31 27 24 20 17 16 18 
64 70 74 73 74 70 64 60 57 48 44 45 37 36 37 35 32 40 56 51 42 49 50 53 52 47 43 34 31 27 22 21 17 16 18 
64 70 74 73 74 70 64 60 57 48 44 45 37 36 37 35 32 40 56 51 42 49 50 53 52 47 43 34 38 39 40 32 28 25 18 
64 70 74 73 74 70 64 60 57 48 44 45 37 36 37 35 32 40 56 51 42 49 50 53 52 53 50 49 42 38 39 40 32 28 25 18 
64 70 74 73 74 70 64 60 57 48 44 45 37 36 37 35 32 40 56 51 42 49 50 53 52 47 43 34 31 27 24 23 26 28 25 18 
64 70 74 73 74 70 64 60 57 48 44 45 37 36 37 35 32 40 56 51 42 49 50 53 52 53 50 49 55 58 56 40 32 28 25 18 
64 70 74 73 74 70 64 60 57 48 44 45 37 36 37 35 32 40 56 51 42 49 50 53 52 53 50 49 42 51 56 40 32 28 25 18 
64 70 74 73 74 70 64 60 57 48 44 45 37 36 37 35 32 40 39 38 42 49 50 53 52 47 43 34 31 27 24 16 18 
64 70 74 73 74 70 64 60 57 48 44 45 37 36 37 35 32 40 39 38 42 49 50 53 52 47 43 34 38 39 33 30 24 16 18 
64 70 74 73 74 70 64 60 57 48 44 45 37 36 37 35 32 40 39 38 42 49 50 53 52 47 43 34 31 27 24 16 11 13 18 
64 70 74 73 74 70 64 60 57 48 44 45 37 36 37 35 32 40 39 38 42 49 50 53 52 47 43 34 31 27 24 20 17 16 18 
64 70 74 73 74 70 64 60 57 48 44 45 37 36 37 35 32 40 39 38 42 49 50 53 52 47 43 34 31 27 22 21 17 16 18 
64 70 74 73 74 70 64 60 57 48 44 45 37 36 37 35 32 40 39 38 42 49 50 53 52 47 43 34 38 39 40 32 28 25 18 
64 70 74 73 74 70 64 60 57 48 44 45 37 36 37 35 32 40 39 38 42 49 50 53 52 53 50 49 42 38 39 40 32 28 25 18 
64 70 74 73 74 70 64 60 57 48 44 45 37 36 37 35 32 40 39 38 42 49 50 53 52 47 43 34 31 27 24 23 26 28 25 18 
64 70 74 73 74 70 64 60 57 48 44 45 37 36 37 35 32 40 39 38 42 49 50 53 52 53 50 49 55 58 56 40 32 28 25 18 
64 70 74 73 74 70 64 60 57 48 44 45 37 36 37 35 32 40 39 38 42 49 50 53 52 53 50 49 42 51 56 40 32 28 25 18 
---------------
Request id 1
68 69 71 69 68 65 64 60 57 48 46 41 40 32 28 
68 69 71 69 68 65 64 60 57 48 44 45 37 35 32 28 
68 69 71 69 68 65 64 60 57 48 44 45 37 36 29 25 28 
68 69 71 69 68 65 64 60 57 48 46 41 61 59 56 40 32 28 
68 69 71 69 68 65 64 60 57 60 64 65 54 46 41 40 32 28 
68 69 71 69 68 65 64 60 57 48 46 54 62 61 41 40 32 28 
68 69 71 69 68 65 64 60 57 60 64 65 54 62 61 41 40 32 28 
68 69 71 69 68 65 64 60 57 48 46 54 62 61 59 56 40 32 28 
68 69 71 69 68 65 64 60 57 48 44 45 37 36 29 19 15 18 25 28 
68 69 71 69 68 65 64 60 57 60 64 65 54 62 61 59 56 40 32 28 
68 69 71 72 73 74 70 64 60 57 48 46 41 40 32 28 
68 69 71 72 73 74 70 64 60 57 48 44 45 37 35 32 28 
68 69 71 72 73 74 70 64 60 57 48 44 45 37 36 29 25 28 
68 69 71 72 73 74 70 64 60 57 48 46 41 61 59 56 40 32 28 
68 69 71 72 73 74 70 64 60 57 60 64 65 54 46 41 40 32 28 
68 69 71 72 73 74 70 64 60 57 48 46 54 62 61 41 40 32 28 
68 69 71 72 73 74 70 64 60 57 60 64 65 54 62 61 41 40 32 28 
68 69 71 72 73 74 70 64 60 57 48 46 54 62 61 59 56 40 32 28 
68 69 71 72 73 74 70 64 60 57 48 44 45 37 36 29 19 15 18 25 28 
68 69 71 72 73 74 70 64 60 57 60 64 65 54 62 61 59 56 40 32 28 
68 69 71 69 68 65 54 46 48 57 48 46 41 40 32 28 
68 69 71 69 68 65 54 46 48 57 48 44 45 37 35 32 28 
68 69 71 69 68 65 54 46 48 57 48 44 45 37 36 29 25 28 
68 69 71 69 68 65 54 46 48 57 48 46 41 61 59 56 40 32 28 
68 69 71 69 68 65 54 46 48 57 60 64 65 54 46 41 40 32 28 
68 69 71 69 68 65 54 46 48 57 48 46 54 62 61 41 40 32 28 
68 69 71 69 68 65 54 46 48 57 60 64 65 54 62 61 41 40 32 28 
68 69 71 69 68 65 54 46 48 57 48 46 54 62 61 59 56 40 32 28 
68 69 71 69 68 65 54 46 48 57 48 44 45 37 36 29 19 15 18 25 28 
68 69 71 69 68 65 54 46 48 57 60 64 65 54 62 61 59 56 40 32 28 
68 69 71 69 67 68 65 64 60 57 48 46 41 40 32 28 
68 69 71 69 67 68 65 64 60 57 48 44 45 37 35 32 28 
68 69 71 69 67 68 65 64 60 57 48 44 45 37 36 29 25 28 
68 69 71 69 67 68 65 64 60 57 48 46 41 61 59 56 40 32 28 
68 69 71 69 67 68 65 64 60 57 60 64 65 54 46 41 40 32 28 
68 69 71 69 67 68 65 64 60 57 48 46 54 62 61 41 40 32 28 
68 69 71 69 67 68 65 64 60 57 60 64 65 54 62 61 41 40 32 28 
68 69 71 69 67 68 65 64 60 57 48 46 54 62 61 59 56 40 32 28 
68 69 71 69 67 68 65 64 60 57 48 44 45 37 36 29 19 15 18 25 28 
68 69 71 69 67 68 65 64 60 57 60 64 65 54 62 61 59 56 40 32 28 
---------------
Request id 10
69 67 66 63 58 56 40 39 33 39 40 32 28 25 
69 67 66 63 58 56 40 39 33 30 24 16 18 25 
69 67 66 63 58 56 40 39 33 30 24 23 26 28 25 
69 67 66 63 58 56 40 39 33 30 24 16 11 13 18 25 
69 67 66 63 58 56 40 39 33 30 24 20 17 16 18 25 
69 67 66 63 58 56 40 39 33 39 40 32 35 37 36 29 25 
69 67 66 63 58 56 40 39 33 30 24 16 18 15 19 29 25 
69 67 66 63 58 56 40 39 33 39 38 42 51 56 40 32 28 25 
69 67 66 63 58 56 40 39 33 30 24 20 17 16 11 13 18 25 
69 67 66 63 58 56 40 39 33 30 24 16 11 6 3 13 18 25 
69 67 66 63 66 62 61 41 40 39 33 39 40 32 28 25 
69 67 66 63 66 62 61 41 40 39 33 30 24 16 18 25 
69 67 66 63 66 62 61 41 40 39 33 30 24 23 26 28 25 
69 67 66 63 66 62 61 41 40 39 33 30 24 16 11 13 18 25 
69 67 66 63 66 62 61 41 40 39 33 30 24 20 17 16 18 25 
69 67 66 63 66 62 61 41 40 39 33 39 40 32 35 37 36 29 25 
69 67 66 63 66 62 61 41 40 39 33 30 24 16 18 15 19 29 25 
69 67 66 63 66 62 61 41 40 39 33 39 38 42 51 56 40 32 28 25 
69 67 66 63 66 62 61 41 40 39 33 30 24 20 17 16 11 13 18 25 
69 67 66 63 66 62 61 41 40 39 33 30 24 16 11 6 3 13 18 25 
69 67 66 63 58 55 49 42 38 39 33 39 40 32 28 25 
69 67 66 63 58 55 49 42 38 39 33 30 24 16 18 25 
69 67 66 63 58 55 49 42 38 39 33 30 24 23 26 28 25 
69 67 66 63 58 55 49 42 38 39 33 30 24 16 11 13 18 25 
69 67 66 63 58 55 49 42 38 39 33 30 24 20 17 16 18 25 
69 67 66 63 58 55 49 42 38 39 33 39 40 32 35 37 36 29 25 
69 67 66 63 58 55 49 42 38 39 33 30 24 16 18 15 19 29 25 
69 67 66 63 58 55 49 42 38 39 33 39 38 42 51 56 40 32 28 25 
69 67 66 63 58 55 49 42 38 39 33 30 24 20 17 16 11 13 18 25 
69 67 66 63 58 55 49 42 38 39 33 30 24 16 11 6 3 13 18 25 
69 67 66 63 58 56 51 42 38 39 33 39 40 32 28 25 
69 67 66 63 58 56 51 42 38 39 33 30 24 16 18 25 
69 67 66 63 58 56 51 42 38 39 33 30 24 23 26 28 25 
69 67 66 63 58 56 51 42 38 39 33 30 24 16 11 13 18 25 
69 67 66 63 58 56 51 42 38 39 33 30 24 20 17 16 18 25 
69 67 66 63 58 56 51 42 38 39 33 39 40 32 35 37 36 29 25 
69 67 66 63 58 56 51 42 38 39 33 30 24 16 18 15 19 29 25 
69 67 66 63 58 56 51 42 38 39 33 39 38 42 51 56 40 32 28 25 
69 67 66 63 58 56 51 42 38 39 33 30 24 20 17 16 11 13 18 25 
69 67 66 63 58 56 51 42 38 39 33 30 24 16 11 6 3 13 18 25 
---------------
Request id 9
39 33 30 24 
39 33 39 38 34 31 27 24 
39 33 39 40 32 28 26 23 24 
39 33 39 40 32 28 25 18 16 24 
39 33 39 40 56 51 42 38 34 31 27 24 
39 33 39 40 32 28 25 18 13 11 16 24 
39 33 39 40 32 28 25 18 16 17 20 24 
39 33 39 38 34 31 27 22 21 17 20 24 
39 33 39 38 34 31 27 22 21 17 16 24 
39 33 39 38 42 51 56 40 32 28 26 23 24 
39 38 34 31 27 24 30 33 30 24 
39 38 34 31 27 24 30 33 39 38 34 31 27 24 
39 38 34 31 27 24 30 33 39 40 32 28 26 23 24 
39 38 34 31 27 24 30 33 39 40 32 28 25 18 16 24 
39 38 34 31 27 24 30 33 39 40 56 51 42 38 34 31 27 24 
39 38 34 31 27 24 30 33 39 40 32 28 25 18 13 11 16 24 
39 38 34 31 27 24 30 33 39 40 32 28 25 18 16 17 20 24 
39 38 34 31 27 24 30 33 39 38 34 31 27 22 21 17 20 24 
39 38 34 31 27 24 30 33 39 38 34 31 27 22 21 17 16 24 
39 38 34 31 27 24 30 33 39 38 42 51 56 40 32 28 26 23 24 
39 40 32 28 26 23 24 30 33 30 24 
39 40 32 28 26 23 24 30 33 39 38 34 31 27 24 
39 40 32 28 26 23 24 30 33 39 40 32 28 26 23 24 
39 40 32 28 26 23 24 30 33 39 40 32 28 25 18 16 24 
39 40 32 28 26 23 24 30 33 39 40 56 51 42 38 34 31 27 24 
39 40 32 28 26 23 24 30 33 39 40 32 28 25 18 13 11 16 24 
39 40 32 28 26 23 24 30 33 39 40 32 28 25 18 16 17 20 24 
39 40 32 28 26 23 24 30 33 39 38 34 31 27 22 21 17 20 24 
39 40 32 28 26 23 24 30 33 39 38 34 31 27 22 21 17 16 24 
39 40 32 28 26 23 24 30 33 39 38 42 51 56 40 32 28 26 23 24 
39 40 32 28 25 18 16 24 30 33 30 24 
39 40 32 28 25 18 16 24 30 33 39 38 34 31 27 24 
39 40 32 28 25 18 16 24 30 33 39 40 32 28 26 23 24 
39 40 32 28 25 18 16 24 30 33 39 40 32 28 25 18 16 24 
39 40 32 28 25 18 16 24 30 33 39 40 56 51 42 38 34 31 27 24 
39 40 32 28 25 18 16 24 30 33 39 40 32 28 25 18 13 11 16 24 
39 40 32 28 25 18 16 24 30 33 39 40 32 28 25 18 16 17 20 24 
39 40 32 28 25 18 16 24 30 33 39 38 34 31 27 22 21 17 20 24 
39 40 32 28 25 18 16 24 30 33 39 38 34 31 27 22 21 17 16 24 
39 40 32 28 25 18 16 24 30 33 39 38 42 51 56 40 32 28 26 23 24 
---------------
Request id 4
7 8 6 11 16 18 25 28 32 40 41 46 54 65 68 69 71 69 67 66 63 58 56 40 39 
7 8 6 11 16 18 25 28 32 40 41 46 54 65 68 69 71 69 68 65 54 46 41 40 39 
7 8 6 11 16 18 25 28 32 40 41 46 54 65 68 69 71 69 67 66 62 61 41 40 39 
7 8 6 11 16 18 25 28 32 40 41 46 54 65 68 69 71 69 68 67 66 63 58 56 40 39 
7 8 6 11 16 18 25 28 32 40 41 46 54 65 68 69 71 69 68 65 54 62 61 41 40 39 
7 8 6 11 16 18 25 28 32 40 41 46 54 65 68 69 71 69 67 66 62 61 59 56 40 39 
7 8 6 11 16 18 25 28 32 40 41 46 54 65 68 69 71 69 68 67 66 62 61 41 40 39 
7 8 6 11 16 18 25 28 32 40 41 46 54 65 68 69 71 69 67 68 65 54 46 41 40 39 
7 8 6 11 16 18 25 28 32 40 41 46 54 65 68 69 71 69 67 66 62 54 46 41 40 39 
7 8 6 11 16 18 25 28 32 40 41 46 54 65 68 69 71 69 67 66 63 58 55 49 42 38 39 
7 4 1 3 13 18 25 28 32 40 41 61 62 66 67 69 71 69 67 66 63 58 56 40 39 
7 4 1 3 13 18 25 28 32 40 41 61 62 66 67 69 71 69 68 65 54 46 41 40 39 
7 4 1 3 13 18 25 28 32 40 41 61 62 66 67 69 71 69 67 66 62 61 41 40 39 
7 4 1 3 13 18 25 28 32 40 41 61 62 66 67 69 71 69 68 67 66 63 58 56 40 39 
7 4 1 3 13 18 25 28 32 40 41 61 62 66 67 69 71 69 68 65 54 62 61 41 40 39 
7 4 1 3 13 18 25 28 32 40 41 61 62 66 67 69 71 69 67 66 62 61 59 56 40 39 
7 4 1 3 13 18 25 28 32 40 41 61 62 66 67 69 71 69 68 67 66 62 61 41 40 39 
7 4 1 3 13 18 25 28 32 40 41 61 62 66 67 69 71 69 67 68 65 54 46 41 40 39 
7 4 1 3 13 18 25 28 32 40 41 61 62 66 67 69 71 69 67 66 62 54 46 41 40 39 
7 4 1 3 13 18 25 28 32 40 41 61 62 66 67 69 71 69 67 66 63 58 55 49 42 38 39 
7 8 6 11 13 18 25 28 32 40 41 61 62 66 67 69 71 69 67 66 63 58 56 40 39 
7 8 6 11 13 18 25 28 32 40 41 61 62 66 67 69 71 69 68 65 54 46 41 40 39 
7 8 6 11 13 18 25 28 32 40 41 61 62 66 67 69 71 69 67 66 62 61 41 40 39 
7 8 6 11 13 18 25 28 32 40 41 61 62 66 67 69 71 69 68 67 66 63 58 56 40 39 
7 8 6 11 13 18 25 28 32 40 41 61 62 66 67 69 71 69 68 65 54 62 61 41 40 39 
7 8 6 11 13 18 25 28 32 40 41 61 62 66 67 69 71 69 67 66 62 61 59 56 40 39 
7 8 6 11 13 18 25 28 32 40 41 61 62 66 67 69 71 69 68 67 66 62 61 41 40 39 
7 8 6 11 13 18 25 28 32 40 41 61 62 66 67 69 71 69 67 68 65 54 46 41 40 39 
7 8 6 11 13 18 25 28 32 40 41 61 62 66 67 69 71 69 67 66 62 54 46 41 40 39 
7 8 6 11 13 18 25 28 32 40 41 61 62 66 67 69 71 69 67 66 63 58 55 49 42 38 39 
7 8 6 11 16 24 30 33 39 40 41 46 54 65 68 69 71 69 67 66 63 58 56 40 39 
7 8 6 11 16 24 30 33 39 40 41 46 54 65 68 69 71 69 68 65 54 46 41 40 39 
7 8 6 11 16 24 30 33 39 40 41 46 54 65 68 69 71 69 67 66 62 61 41 40 39 
7 8 6 11 16 24 30 33 39 40 41 46 54 65 68 69 71 69 68 67 66 63 58 56 40 39 
7 8 6 11 16 24 30 33 39 40 41 46 54 65 68 69 71 69 68 65 54 62 61 41 40 39 
7 8 6 11 16 24 30 33 39 40 41 46 54 65 68 69 71 69 67 66 62 61 59 56 40 39 
7 8 6 11 16 24 30 33 39 40 41 46 54 65 68 69 71 69 68 67 66 62 61 41 40 39 
7 8 6 11 16 24 30 33 39 40 41 46 54 65 68 69 71 69 67 68 65 54 46 41 40 39 
7 8 6 11 16 24 30 33 39 40 41 46 54 65 68 69 71 69 67 66 62 54 46 41 40 39 
7 8 6 11 16 24 30 33 39 40 41 46 54 65 68 69 71 69 67 66 63 58 55 49 42 38 39 
---------------
Request id 12
34 38 39 33 30 33 39 38 42 49 50 49 42 38 39 33 30 24 16 11 13 0 2 
34 38 39 33 30 33 39 38 42 49 50 49 55 58 56 40 32 28 25 18 13 0 2 
34 38 39 33 30 33 39 38 42 49 50 49 42 38 34 31 27 24 16 18 15 9 2 
34 38 39 33 30 33 39 38 42 49 50 49 42 38 39 40 32 28 25 18 13 0 2 
34 38 39 33 30 33 39 38 42 49 50 49 55 58 56 40 32 28 25 18 15 9 2 
34 38 39 33 30 33 39 38 42 49 50 49 42 51 56 40 32 28 25 18 15 9 2 
34 38 39 33 30 33 39 38 42 49 50 49 42 38 34 31 27 24 16 11 13 0 2 
34 38 39 33 30 33 39 38 42 49 50 49 42 38 34 31 27 24 16 18 13 0 2 
34 38 39 33 30 33 39 38 42 49 50 49 42 51 56 40 32 28 25 18 13 0 2 
34 38 39 33 30 33 39 38 42 49 50 49 42 38 39 33 30 24 16 18 13 0 2 
34 38 39 33 30 24 27 31 34 38 42 49 50 49 42 38 39 33 30 24 16 11 13 0 2 
34 38 39 33 30 24 27 31 34 38 42 49 50 49 55 58 56 40 32 28 25 18 13 0 2 
34 38 39 33 30 24 27 31 34 38 42 49 50 49 42 38 34 31 27 24 16 18 15 9 2 
34 38 39 33 30 24 27 31 34 38 42 49 50 49 42 38 39 40 32 28 25 18 13 0 2 
34 38 39 33 30 24 27 31 34 38 42 49 50 49 55 58 56 40 32 28 25 18 15 9 2 
34 38 39 33 30 24 27 31 34 38 42 49 50 49 42 51 56 40 32 28 25 18 15 9 2 
34 38 39 33 30 24 27 31 34 38 42 49 50 49 42 38 34 31 27 24 16 11 13 0 2 
34 38 39 33 30 24 27 31 34 38 42 49 50 49 42 38 34 31 27 24 16 18 13 0 2 
34 38 39 33 30 24 27 31 34 38 42 49 50 49 42 51 56 40 32 28 25 18 13 0 2 
34 38 39 33 30 24 27 31 34 38 42 49 50 49 42 38 39 33 30 24 16 18 13 0 2 
34 38 39 33 30 33 39 40 56 51 42 49 50 49 42 38 39 33 30 24 16 11 13 0 2 
34 38 39 33 30 33 39 40 56 51 42 49 50 49 55 58 56 40 32 28 25 18 13 0 2 
34 38 39 33 30 33 39 40 56 51 42 49 50 49 42 38 34 31 27 24 16 18 15 9 2 
34 38 39 33 30 33 39 40 56 51 42 49 50 49 42 38 39 40 32 28 25 18 13 0 2 
34 38 39 33 30 33 39 40 56 51 42 49 50 49 55 58 56 40 32 28 25 18 15 9 2 
34 38 39 33 30 33 39 40 56 51 42 49 50 49 42 51 56 40 32 28 25 18 15 9 2 
34 38 39 33 30 33 39 40 56 51 42 49 50 49 42 38 34 31 27 24 16 11 13 0 2 
34 38 39 33 30 33 39 40 56 51 42 49 50 49 42 38 34 31 27 24 16 18 13 0 2 
34 38 39 33 30 33 39 40 56 51 42 49 50 49 42 51 56 40 32 28 25 18 13 0 2 
34 38 39 33 30 33 39 40 56 51 42 49 50 49 42 38 39 33 30 24 16 18 13 0 2 
34 38 39 33 30 33 39 40 56 58 55 49 50 49 42 38 39 33 30 24 16 11 13 0 2 
34 38 39 33 30 33 39 40 56 58 55 49 50 49 55 58 56 40 32 28 25 18 13 0 2 
34 38 39 33 30 33 39 40 56 58 55 49 50 49 42 38 34 31 27 24 16 18 15 9 2 
34 38 39 33 30 33 39 40 56 58 55 49 50 49 42 38 39 40 32 28 25 18 13 0 2 
34 38 39 33 30 33 39 40 56 58 55 49 50 49 55 58 56 40 32 28 25 18 15 9 2 
34 38 39 33 30 33 39 40 56 58 55 49 50 49 42 51 56 40 32 28 25 18 15 9 2 
34 38 39 33 30 33 39 40 56 58 55 49 50 49 42 38 34 31 27 24 16 11 13 0 2 
34 38 39 33 30 33 39 40 56 58 55 49 50 49 42 38 34 31 27 24 16 18 13 0 2 
34 38 39 33 30 33 39 40 56 58 55 49 50 49 42 51 56 40 32 28 25 18 13 0 2 
34 38 39 33 30 33 39 40 56 58 55 49 50 49 42 38 39 33 30 24 16 18 13 0 2 
---------------
Request id 16
17 16 24 30 33 39 40 56 58 63 66 67 68 65 
17 16 24 30 33 39 40 56 58 63 66 62 54 65 
17 16 24 30 33 39 40 56 58 63 66 67 69 68 65 
17 16 24 30 33 39 40 56 58 63 58 56 40 41 46 54 65 
17 16 24 30 33 39 40 56 58 63 66 62 61 41 46 54 65 
17 16 24 30 33 39 40 56 58 63 58 56 59 61 62 54 65 
17 16 24 30 33 39 40 56 58 63 58 56 40 41 61 62 54 65 
17 16 24 30 33 39 40 56 58 63 58 56 59 61 41 46 54 65 
17 16 24 30 33 39 40 56 58 63 58 56 59 61 62 66 67 68 65 
17 16 24 30 33 39 40 56 58 63 66 62 54 46 48 57 60 64 65 
17 16 24 30 33 39 38 42 51 56 58 63 66 67 68 65 
17 16 24 30 33 39 38 42 51 56 58 63 66 62 54 65 
17 16 24 30 33 39 38 42 51 56 58 63 66 67 69 68 65 
17 16 24 30 33 39 38 42 51 56 58 63 58 56 40 41 46 54 65 
17 16 24 30 33 39 38 42 51 56 58 63 66 62 61 41 46 54 65 
17 16 24 30 33 39 38 42 51 56 58 63 58 56 59 61 62 54 65 
17 16 24 30 33 39 38 42 51 56 58 63 58 56 40 41 61 62 54 65 
17 16 24 30 33 39 38 42 51 56 58 63 58 56 59 61 41 46 54 65 
17 16 24 30 33 39 38 42 51 56 58 63 58 56 59 61 62 66 67 68 65 
17 16 24 30 33 39 38 42 51 56 58 63 66 62 54 46 48 57 60 64 65 
17 16 24 30 33 39 40 41 61 62 66 63 66 67 68 65 
17 16 24 30 33 39 40 41 61 62 66 63 66 62 54 65 
17 16 24 30 33 39 40 41 61 62 66 63 66 67 69 68 65 
17 16 24 30 33 39 40 41 61 62 66 63 58 56 40 41 46 54 65 
17 16 24 30 33 39 40 41 61 62 66 63 66 62 61 41 46 54 65 
17 16 24 30 33 39 40 41 61 62 66 63 58 56 59 61 62 54 65 
17 16 24 30 33 39 40 41 61 62 66 63 58 56 40 41 61 62 54 65 
17 16 24 30 33 39 40 41 61 62 66 63 58 56 59 61 41 46 54 65 
17 16 24 30 33 39 40 41 61 62 66 63 58 56 59 61 62 66 67 68 65 
17 16 24 30 33 39 40 41 61 62 66 63 66 62 54 46 48 57 60 64 65 
17 16 24 30 33 39 38 42 49 55 58 63 66 67 68 65 
17 16 24 30 33 39 38 42 49 55 58 63 66 62 54 65 
17 16 24 30 33 39 38 42 49 55 58 63 66 67 69 68 65 
17 16 24 30 33 39 38 42 49 55 58 63 58 56 40 41 46 54 65 
17 16 24 30 33 39 38 42 49 55 58 63 66 62 61 41 46 54 65 
17 16 24 30 33 39 38 42 49 55 58 63 58 56 59 61 62 54 65 
17 16 24 30 33 39 38 42 49 55 58 63 58 56 40 41 61 62 54 65 
17 16 24 30 33 39 38 42 49 55 58 63 58 56 59 61 41 46 54 65 
17 16 24 30 33 39 38 42 49 55 58 63 58 56 59 61 62 66 67 68 65 
17 16 24 30 33 39 38 42 49 55 58 63 66 62 54 46 48 57 60 64 65 
---------------
Request id 7
27 31 34 38 42 51 42 49 50 49 42 38 34 31 27 24 16 18 15 9 
27 31 34 38 42 51 42 49 50 49 55 58 56 40 32 28 25 18 15 9 
27 31 34 38 42 51 42 49 50 49 42 38 39 40 32 28 25 18 15 9 
27 31 34 38 42 51 42 49 50 49 42 51 56 40 32 28 25 18 15 9 
27 31 34 38 42 51 42 49 50 49 42 38 39 33 30 24 16 18 15 9 
27 31 34 38 42 51 42 49 50 53 52 47 43 34 31 27 24 16 18 15 9 
27 31 34 38 42 51 42 49 50 49 42 51 56 40 32 28 25 29 19 15 9 
27 31 34 38 42 51 42 49 50 49 42 38 39 40 32 28 25 29 19 15 9 
27 31 34 38 42 51 42 49 50 49 55 58 56 40 32 28 25 29 19 15 9 
27 31 34 38 42 51 42 49 50 49 42 38 39 33 30 24 16 18 13 0 2 9 
27 31 34 38 42 51 56 58 55 49 50 49 42 38 34 31 27 24 16 18 15 9 
27 31 34 38 42 51 56 58 55 49 50 49 55 58 56 40 32 28 25 18 15 9 
27 31 34 38 42 51 56 58 55 49 50 49 42 38 39 40 32 28 25 18 15 9 
27 31 34 38 42 51 56 58 55 49 50 49 42 51 56 40 32 28 25 18 15 9 
27 31 34 38 42 51 56 58 55 49 50 49 42 38 39 33 30 24 16 18 15 9 
27 31 34 38 42 51 56 58 55 49 50 53 52 47 43 34 31 27 24 16 18 15 9 
27 31 34 38 42 51 56 58 55 49 50 49 42 51 56 40 32 28 25 29 19 15 9 
27 31 34 38 42 51 56 58 55 49 50 49 42 38 39 40 32 28 25 29 19 15 9 
27 31 34 38 42 51 56 58 55 49 50 49 55 58 56 40 32 28 25 29 19 15 9 
27 31 34 38 42 51 56 58 55 49 50 49 42 38 39 33 30 24 16 18 13 0 2 9 
27 31 34 38 42 51 56 40 39 38 42 49 50 49 42 38 34 31 27 24 16 18 15 9 
27 31 34 38 42 51 56 40 39 38 42 49 50 49 55 58 56 40 32 28 25 18 15 9 
27 31 34 38 42 51 56 40 39 38 42 49 50 49 42 38 39 40 32 28 25 18 15 9 
27 31 34 38 42 51 56 40 39 38 42 49 50 49 42 51 56 40 32 28 25 18 15 9 
27 31 34 38 42 51 56 40 39 38 42 49 50 49 42 38 39 33 30 24 16 18 15 9 
27 31 34 38 42 51 56 40 39 38 42 49 50 53 52 47 43 34 31 27 24 16 18 15 9 
27 31 34 38 42 51 56 40 39 38 42 49 50 49 42 51 56 40 32 28 25 29 19 15 9 
27 31 34 38 42 51 56 40 39 38 42 49 50 49 42 38 39 40 32 28 25 29 19 15 9 
27 31 34 38 42 51 56 40 39 38 42 49 50 49 55 58 56 40 32 28 25 29 19 15 9 
27 31 34 38 42 51 56 40 39 38 42 49 50 49 42 38 39 33 30 24 16 18 13 0 2 9 
27 31 34 38 42 51 42 38 34 43 47 52 53 50 49 42 38 34 31 27 24 16 18 15 9 
27 31 34 38 42 51 42 38 34 43 47 52 53 50 49 55 58 56 40 32 28 25 18 15 9 
27 31 34 38 42 51 42 38 34 43 47 52 53 50 49 42 38 39 40 32 28 25 18 15 9 
27 31 34 38 42 51 42 38 34 43 47 52 53 50 49 42 51 56 40 32 28 25 18 15 9 
27 31 34 38 42 51 42 38 34 43 47 52 53 50 49 42 38 39 33 30 24 16 18 15 9 
27 31 34 38 42 51 42 38 34 43 47 52 53 50 53 52 47 43 34 31 27 24 16 18 15 9 
27 31 34 38 42 51 42 38 34 43 47 52 53 50 49 42 51 56 40 32 28 25 29 19 15 9 
27 31 34 38 42 51 42 38 34 43 47 52 53 50 49 42 38 39 40 32 28 25 29 19 15 9 
27 31 34 38 42 51 42 38 34 43 47 52 53 50 49 55 58 56 40 32 28 25 29 19 15 9 
27 31 34 38 42 51 42 38 34 43 47 52 53 50 49 42 38 39 33 30 24 16 18 13 0 2 9 
---------------
Request id 15
26 28 32 40 56 58 63 58 55 49 50 49 55 58 56 40 32 28 25 18 13 0 5 
26 28 32 40 56 58 63 58 55 49 50 49 42 38 34 31 27 24 16 11 13 0 5 
26 28 32 40 56 58 63 58 55 49 50 49 55 58 56 40 32 28 25 18 13 3 5 
26 28 32 40 56 58 63 58 55 49 50 49 42 51 56 40 32 28 25 18 13 3 5 
26 28 32 40 56 58 63 58 55 49 50 49 42 38 34 31 27 24 16 11 6 3 5 
26 28 32 40 56 58 63 58 55 49 50 49 42 38 34 31 27 24 16 11 13 3 5 
26 28 32 40 56 58 63 58 55 49 50 49 42 51 56 40 32 28 25 18 13 0 5 
26 28 32 40 56 58 63 58 55 49 50 49 42 38 39 33 30 24 16 11 13 0 5 
26 28 32 40 56 58 63 58 55 49 50 49 42 38 34 31 27 24 16 18 13 3 5 
26 28 32 40 56 58 63 58 55 49 50 49 42 38 39 33 30 24 16 18 13 3 5 
26 28 32 40 56 58 63 58 56 51 42 49 50 49 55 58 56 40 32 28 25 18 13 0 5 
26 28 32 40 56 58 63 58 56 51 42 49 50 49 42 38 34 31 27 24 16 11 13 0 5 
26 28 32 40 56 58 63 58 56 51 42 49 50 49 55 58 56 40 32 28 25 18 13 3 5 
26 28 32 40 56 58 63 58 56 51 42 49 50 49 42 51 56 40 32 28 25 18 13 3 5 
26 28 32 40 56 58 63 58 56 51 42 49 50 49 42 38 34 31 27 24 16 11 6 3 5 
26 28 32 40 56 58 63 58 56 51 42 49 50 49 42 38 34 31 27 24 16 11 13 3 5 
26 28 32 40 56 58 63 58 56 51 42 49 50 49 42 51 56 40 32 28 25 18 13 0 5 
26 28 32 40 56 58 63 58 56 51 42 49 50 49 42 38 39 33 30 24 16 11 13 0 5 
26 28 32 40 56 58 63 58 56 51 42 49 50 49 42 38 34 31 27 24 16 18 13 3 5 
26 28 32 40 56 58 63 58 56 51 42 49 50 49 42 38 39 33 30 24 16 18 13 3 5 
26 28 32 40 56 58 63 58 56 40 39 38 42 49 50 49 55 58 56 40 32 28 25 18 13 0 5 
26 28 32 40 56 58 63 58 56 40 39 38 42 49 50 49 42 38 34 31 27 24 16 11 13 0 5 
26 28 32 40 56 58 63 58 56 40 39 38 42 49 50 49 55 58 56 40 32 28 25 18 13 3 5 
26 28 32 40 56 58 63 58 56 40 39 38 42 49 50 49 42 51 56 40 32 28 25 18 13 3 5 
26 28 32 40 56 58 63 58 56 40 39 38 42 49 50 49 42 38 34 31 27 24 16 11 6 3 5 
26 28 32 40 56 58 63 58 56 40 39 38 42 49 50 49 42 38 34 31 27 24 16 11 13 3 5 
26 28 32 40 56 58 63 58 56 40 39 38 42 49 50 49 42 51 56 40 32 28 25 18 13 0 5 
26 28 32 40 56 58 63 58 56 40 39 38 42 49 50 49 42 38 39 33 30 24 16 11 13 0 5 
26 28 32 40 56 58 63 58 56 40 39 38 42 49 50 49 42 38 34 31 27 24 16 18 13 3 5 
26 28 32 40 56 58 63 58 56 40 39 38 42 49 50 49 42 38 39 33 30 24 16 18 13 3 5 
26 28 32 40 56 58 63 66 62 61 59 56 51 42 49 50 49 55 58 56 40 32 28 25 18 13 0 5 
26 28 32 40 56 58 63 66 62 61 59 56 51 42 49 50 49 42 38 34 31 27 24 16 11 13 0 5 
26 28 32 40 56 58 63 66 62 61 59 56 51 42 49 50 49 55 58 56 40 32 28 25 18 13 3 5 
26 28 32 40 56 58 63 66 62 61 59 56 51 42 49 50 49 42 51 56 40 32 28 25 18 13 3 5 
26 28 32 40 56 58 63 66 62 61 59 56 51 42 49 50 49 42 38 34 31 27 24 16 11 6 3 5 
26 28 32 40 56 58 63 66 62 61 59 56 51 42 49 50 49 42 38 34 31 27 24 16 11 13 3 5 
26 28 32 40 56 58 63 66 62 61 59 56 51 42 49 50 49 42 51 56 40 32 28 25 18 13 0 5 
26 28 32 40 56 58 63 66 62 61 59 56 51 42 49 50 49 42 38 39 33 30 24 16 11 13 0 5 
26 28 32 40 56 58 63 66 62 61 59 56 51 42 49 50 49 42 38 34 31 27 24 16 18 13 3 5 
26 28 32 40 56 58 63 66 62 61 59 56 51 42 49 50 49 42 38 39 33 30 24 16 18 13 3 5 
---------------
Request id 19
49 55 49 50 53 52 47 43 34 38 39 40 32 35 37 
49 55 49 50 53 52 53 50 49 42 38 39 40 32 35 37 
49 55 49 50 53 52 53 50 49 55 58 56 40 32 35 37 
49 55 49 50 53 52 53 50 49 42 51 56 40 32 35 37 
49 55 49 50 53 52 47 43 34 38 42 51 56 40 32 35 37 
49 55 49 50 53 52 47 43 34 31 27 24 23 26 28 32 35 37 
49 55 49 50 53 52 47 43 34 38 39 40 41 46 48 44 45 37 
49 55 49 50 53 52 47 43 34 31 27 24 16 18 25 29 36 37 
49 55 49 50 53 52 47 43 34 38 39 40 32 28 25 29 36 37 
49 55 49 50 53 52 53 50 49 42 51 56 40 32 28 25 29 36 37 
49 55 49 42 38 34 43 47 52 47 43 34 38 39 40 32 35 37 
49 55 49 42 38 34 43 47 52 53 50 49 42 38 39 40 32 35 37 
49 55 49 42 38 34 43 47 52 53 50 49 55 58 56 40 32 35 37 
49 55 49 42 38 34 43 47 52 53 50 49 42 51 56 40 32 35 37 
49 55 49 42 38 34 43 47 52 47 43 34 38 42 51 56 40 32 35 37 
49 55 49 42 38 34 43 47 52 47 43 34 31 27 24 23 26 28 32 35 37 
49 55 49 42 38 34 43 47 52 47 43 34 38 39 40 41 46 48 44 45 37 
49 55 49 42 38 34 43 47 52 47 43 34 31 27 24 16 18 25 29 36 37 
49 55 49 42 38 34 43 47 52 47 43 34 38 39 40 32 28 25 29 36 37 
49 55 49 42 38 34 43 47 52 53 50 49 42 51 56 40 32 28 25 29 36 37 
49 55 58 56 51 42 49 50 53 52 47 43 34 38 39 40 32 35 37 
49 55 58 56 51 42 49 50 53 52 53 50 49 42 38 39 40 32 35 37 
49 55 58 56 51 42 49 50 53 52 53 50 49 55 58 56 40 32 35 37 
49 55 58 56 51 42 49 50 53 52 53 50 49 42 51 56 40 32 35 37 
49 55 58 56 51 42 49 50 53 52 47 43 34 38 42 51 56 40 32 35 37 
49 55 58 56 51 42 49 50 53 52 47 43 34 31 27 24 23 26 28 32 35 37 
49 55 58 56 51 42 49 50 53 52 47 43 34 38 39 40 41 46 48 44 45 37 
49 55 58 56 51 42 49 50 53 52 47 43 34 31 27 24 16 18 25 29 36 37 
49 55 58 56 51 42 49 50 53 52 47 43 34 38 39 40 32 28 25 29 36 37 
49 55 58 56 51 42 49 50 53 52 53 50 49 42 51 56 40 32 28 25 29 36 37 
49 55 58 56 40 39 38 34 43 47 52 47 43 34 38 39 40 32 35 37 
49 55 58 56 40 39 38 34 43 47 52 53 50 49 42 38 39 40 32 35 37 
49 55 58 56 40 39 38 34 43 47 52 53 50 49 55 58 56 40 32 35 37 
49 55 58 56 40 39 38 34 43 47 52 53 50 49 42 51 56 40 32 35 37 
49 55 58 56 40 39 38 34 43 47 52 47 43 34 38 42 51 56 40 32 35 37 
49 55 58 56 40 39 38 34 43 47 52 47 43 34 31 27 24 23 26 28 32 35 37 
49 55 58 56 40 39 38 34 43 47 52 47 43 34 38 39 40 41 46 48 44 45 37 
49 55 58 56 40 39 38 34 43 47 52 47 43 34 31 27 24 16 18 25 29 36 37 
49 55 58 56 40 39 38 34 43 47 52 47 43 34 38 39 40 32 28 25 29 36 37 
49 55 58 56 40 39 38 34 43 47 52 53 50 49 42 51 56 40 32 28 25 29 36 37 
---------------
Request id 6
65 54 62 61 59 56 40 32 28 25 18 13 3 
65 54 62 61 59 61 41 40 32 28 25 18 13 3 
65 54 62 61 59 56 40 32 28 25 18 13 0 5 3 
65 54 62 61 59 56 40 39 33 30 24 16 11 6 3 
65 54 62 61 59 56 40 39 33 30 24 16 11 13 3 
65 54 62 61 59 56 40 32 28 25 18 16 11 6 3 
65 54 62 61 59 56 40 32 28 25 18 13 11 6 3 
65 54 62 61 59 56 40 39 33 30 24 16 18 13 3 
65 54 62 61 59 56 40 32 28 25 18 16 11 13 3 
65 54 62 61 59 56 40 32 35 37 36 29 25 18 13 3 
65 54 46 41 61 59 56 40 32 28 25 18 13 3 
65 54 46 41 61 59 61 41 40 32 28 25 18 13 3 
65 54 46 41 61 59 56 40 32 28 25 18 13 0 5 3 
65 54 46 41 61 59 56 40 39 33 30 24 16 11 6 3 
65 54 46 41 61 59 56 40 39 33 30 24 16 11 13 3 
65 54 46 41 61 59 56 40 32 28 25 18 16 11 6 3 
65 54 46 41 61 59 56 40 32 28 25 18 13 11 6 3 
65 54 46 41 61 59 56 40 39 33 30 24 16 18 13 3 
65 54 46 41 61 59 56 40 32 28 25 18 16 11 13 3 
65 54 46 41 61 59 56 40 32 35 37 36 29 25 18 13 3 
65 68 67 66 62 61 59 56 40 32 28 25 18 13 3 
65 68 67 66 62 61 59 61 41 40 32 28 25 18 13 3 
65 68 67 66 62 61 59 56 40 32 28 25 18 13 0 5 3 
65 68 67 66 62 61 59 56 40 39 33 30 24 16 11 6 3 
65 68 67 66 62 61 59 56 40 39 33 30 24 16 11 13 3 
65 68 67 66 62 61 59 56 40 32 28 25 18 16 11 6 3 
65 68 67 66 62 61 59 56 40 32 28 25 18 13 11 6 3 
65 68 67 66 62 61 59 56 40 39 33 30 24 16 18 13 3 
65 68 67 66 62 61 59 56 40 32 28 25 18 16 11 13 3 
65 68 67 66 62 61 59 56 40 32 35 37 36 29 25 18 13 3 
65 54 46 41 40 56 59 56 40 32 28 25 18 13 3 
65 54 46 41 40 56 59 61 41 40 32 28 25 18 13 3 
65 54 46 41 40 56 59 56 40 32 28 25 18 13 0 5 3 
65 54 46 41 40 56 59 56 40 39 33 30 24 16 11 6 3 
65 54 46 41 40 56 59 56 40 39 33 30 24 16 11 13 3 
65 54 46 41 40 56 59 56 40 32 28 25 18 16 11 6 3 
65 54 46 41 40 56 59 56 40 32 28 25 18 13 11 6 3 
65 54 46 41 40 56 59 56 40 39 33 30 24 16 18 13 3 
65 54 46 41 40 56 59 56 40 32 28 25 18 16 11 13 3 
65 54 46 41 40 56 59 56 40 32 35 37 36 29 25 18 13 3 
---------------
Request id 11
15 18 16 24 30 33 39 38 42 51 56 58 63 58 56 51 42 
15 18 16 24 30 33 39 38 42 51 56 58 63 58 55 49 42 
15 18 16 24 30 33 39 38 42 51 56 58 63 58 56 40 39 38 42 
15 18 16 24 30 33 39 38 42 51 56 58 63 66 62 61 59 56 51 42 
15 18 16 24 30 33 39 38 42 51 56 58 63 66 62 61 41 40 56 51 42 
15 18 16 24 30 33 39 38 42 51 56 58 63 66 62 61 41 40 39 38 42 
15 18 16 24 30 33 39 38 42 51 56 58 63 66 62 61 59 56 40 39 38 42 
15 18 16 24 30 33 39 38 42 51 56 58 63 66 62 54 46 41 40 39 38 42 
15 18 16 24 30 33 39 38 42 51 56 58 63 58 56 59 61 41 40 39 38 42 
15 18 16 24 30 33 39 38 42 51 56 58 63 66 62 61 59 56 58 55 49 42 
15 18 16 24 30 33 39 38 42 51 42 49 55 58 63 58 56 51 42 
15 18 16 24 30 33 39 38 42 51 42 49 55 58 63 58 55 49 42 
15 18 16 24 30 33 39 38 42 51 42 49 55 58 63 58 56 40 39 38 42 
15 18 16 24 30 33 39 38 42 51 42 49 55 58 63 66 62 61 59 56 51 42 
15 18 16 24 30 33 39 38 42 51 42 49 55 58 63 66 62 61 41 40 56 51 42 
15 18 16 24 30 33 39 38 42 51 42 49 55 58 63 66 62 61 41 40 39 38 42 
15 18 16 24 30 33 39 38 42 51 42 49 55 58 63 66 62 61 59 56 40 39 38 42 
15 18 16 24 30 33 39 38 42 51 42 49 55 58 63 66 62 54 46 41 40 39 38 42 
15 18 16 24 30 33 39 38 42 51 42 49 55 58 63 58 56 59 61 41 40 39 38 42 
15 18 16 24 30 33 39 38 42 51 42 49 55 58 63 66 62 61 59 56 58 55 49 42 
15 18 16 24 30 33 39 38 42 51 56 59 61 62 66 63 58 56 51 42 
15 18 16 24 30 33 39 38 42 51 56 59 61 62 66 63 58 55 49 42 
15 18 16 24 30 33 39 38 42 51 56 59 61 62 66 63 58 56 40 39 38 42 
15 18 16 24 30 33 39 38 42 51 56 59 61 62 66 63 66 62 61 59 56 51 42 
15 18 16 24 30 33 39 38 42 51 56 59 61 62 66 63 66 62 61 41 40 56 51 42 
15 18 16 24 30 33 39 38 42 51 56 59 61 62 66 63 66 62 61 41 40 39 38 42 
15 18 16 24 30 33 39 38 42 51 56 59 61 62 66 63 66 62 61 59 56 40 39 38 42 
15 18 16 24 30 33 39 38 42 51 56 59 61 62 66 63 66 62 54 46 41 40 39 38 42 
15 18 16 24 30 33 39 38 42 51 56 59 61 62 66 63 58 56 59 61 41 40 39 38 42 
15 18 16 24 30 33 39 38 42 51 56 59 61 62 66 63 66 62 61 59 56 58 55 49 42 
15 18 16 24 30 33 39 38 42 51 42 38 39 40 56 58 63 58 56 51 42 
15 18 16 24 30 33 39 38 42 51 42 38 39 40 56 58 63 58 55 49 42 
15 18 16 24 30 33 39 38 42 51 42 38 39 40 56 58 63 58 56 40 39 38 42 
15 18 16 24 30 33 39 38 42 51 42 38 39 40 56 58 63 66 62 61 59 56 51 42 
15 18 16 24 30 33 39 38 42 51 42 38 39 40 56 58 63 66 62 61 41 40 56 51 42 
15 18 16 24 30 33 39 38 42 51 42 38 39 40 56 58 63 66 62 61 41 40 39 38 42 
15 18 16 24 30 33 39 38 42 51 42 38 39 40 56 58 63 66 62 61 59 56 40 39 38 42 
15 18 16 24 30 33 39 38 42 51 42 38 39 40 56 58 63 66 62 54 46 41 40 39 38 42 
15 18 16 24 30 33 39 38 42 51 42 38 39 40 56 58 63 58 56 59 61 41 40 39 38 42 
15 18 16 24 30 33 39 38 42 51 42 38 39 40 56 58 63 66 62 61 59 56 58 55 49 42 
---------------
Request id 2
68 65 54 46 41 40 39 33 39 38 34 43 47 52 47 43 34 38 39 33 39 40 32 28 25 
68 65 54 46 41 40 39 33 39 38 34 43 47 52 47 43 34 38 39 33 30 24 16 18 25 
68 65 54 46 41 40 39 33 39 38 34 43 47 52 47 43 34 38 39 33 30 24 23 26 28 25 
68 65 54 46 41 40 39 33 39 38 34 43 47 52 47 43 34 38 39 33 30 24 16 11 13 18 25 
68 65 54 46 41 40 39 33 39 38 34 43 47 52 47 43 34 38 39 33 30 24 20 17 16 18 25 
68 65 54 46 41 40 39 33 39 38 34 43 47 52 47 43 34 38 39 33 39 40 32 35 37 36 29 25 
68 65 54 46 41 40 39 33 39 38 34 43 47 52 47 43 34 38 39 33 30 24 16 18 15 19 29 25 
68 65 54 46 41 40 39 33 39 38 34 43 47 52 47 43 34 38 39 33 39 38 34 31 27 24 16 18 25 
68 65 54 46 41 40 39 33 39 38 34 43 47 52 47 43 34 38 39 33 30 24 20 17 16 11 13 18 25 
68 65 54 46 41 40 39 33 39 38 34 43 47 52 47 43 34 38 39 33 30 24 16 11 6 3 13 18 25 
68 65 54 46 41 40 39 33 39 38 34 43 47 52 53 50 49 42 38 39 33 39 40 32 28 25 
68 65 54 46 41 40 39 33 39 38 34 43 47 52 53 50 49 42 38 39 33 30 24 16 18 25 
68 65 54 46 41 40 39 33 39 38 34 43 47 52 53 50 49 42 38 39 33 30 24 23 26 28 25 
68 65 54 46 41 40 39 33 39 38 34 43 47 52 53 50 49 42 38 39 33 30 24 16 11 13 18 25 
68 65 54 46 41 40 39 33 39 38 34 43 47 52 53 50 49 42 38 39 33 30 24 20 17 16 18 25 
68 65 54 46 41 40 39 33 39 38 34 43 47 52 53 50 49 42 38 39 33 39 40 32 35 37 36 29 25 
68 65 54 46 41 40 39 33 39 38 34 43 47 52 53 50 49 42 38 39 33 30 24 16 18 15 19 29 25 
68 65 54 46 41 40 39 33 39 38 34 43 47 52 53 50 49 42 38 39 33 39 38 34 31 27 24 16 18 25 
68 65 54 46 41 40 39 33 39 38 34 43 47 52 53 50 49 42 38 39 33 30 24 20 17 16 11 13 18 25 
68 65 54 46 41 40 39 33 39 38 34 43 47 52 53 50 49 42 38 39 33 30 24 16 11 6 3 13 18 25 
68 65 54 46 41 40 39 33 39 38 34 43 47 52 47 43 34 31 27 24 30 33 39 40 32 28 25 
68 65 54 46 41 40 39 33 39 38 34 43 47 52 47 43 34 31 27 24 30 33 30 24 16 18 25 
68 65 54 46 41 40 39 33 39 38 34 43 47 52 47 43 34 31 27 24 30 33 30 24 23 26 28 25 
68 65 54 46 41 40 39 33 39 38 34 43 47 52 47 43 34 31 27 24 30 33 30 24 16 11 13 18 25 
68 65 54 46 41 40 39 33 39 38 34 43 47 52 47 43 34 31 27 24 30 33 30 24 20 17 16 18 25 
68 65 54 46 41 40 39 33 39 38 34 43 47 52 47 43 34 31 27 24 30 33 39 40 32 35 37 36 29 25 
68 65 54 46 41 40 39 33 39 38 34 43 47 52 47 43 34 31 27 24 30 33 30 24 16 18 15 19 29 25 
68 65 54 46 41 40 39 33 39 38 34 43 47 52 47 43 34 31 27 24 30 33 39 38 34 31 27 24 16 18 25 
68 65 54 46 41 40 39 33 39 38 34 43 47 52 47 43 34 31 27 24 30 33 30 24 20 17 16 11 13 18 25 
68 65 54 46 41 40 39 33 39 38 34 43 47 52 47 43 34 31 27 24 30 33 30 24 16 11 6 3 13 18 25 
68 65 54 46 41 40 39 33 39 38 34 43 47 52 53 50 49 55 58 56 40 39 33 39 40 32 28 25 
68 65 54 46 41 40 39 33 39 38 34 43 47 52 53 50 49 55 58 56 40 39 33 30 24 16 18 25 
68 65 54 46 41 40 39 33 39 38 34 43 47 52 53 50 49 55 58 56 40 39 33 30 24 23 26 28 25 
68 65 54 46 41 40 39 33 39 38 34 43 47 52 53 50 49 55 58 56 40 39 33 30 24 16 11 13 18 25 
68 65 54 46 41 40 39 33 39 38 34 43 47 52 53 50 49 55 58 56 40 39 33 30 24 20 17 16 18 25 
68 65 54 46 41 40 39 33 39 38 34 43 47 52 53 50 49 55 58 56 40 39 33 39 40 32 35 37 36 29 25 
68 65 54 46 41 40 39 33 39 38 34 43 47 52 53 50 49 55 58 56 40 39 33 30 24 16 18 15 19 29 25 
68 65 54 46 41 40 39 33 39 38 34 43 47 52 53 50 49 55 58 56 40 39 33 39 38 34 31 27 24 16 18 25 
68 65 54 46 41 40 39 33 39 38 34 43 47 52 53 50 49 55 58 56 40 39 33 30 24 20 17 16 11 13 18 25 
68 65 54 46 41 40 39 33 39 38 34 43 47 52 53 50 49 55 58 56 40 39 33 30 24 16 11 6 3 13 18 25 
---------------
Request id 3
24 30 33 39 38 42 49 50 53 52 47 43 34 38 
24 30 33 39 38 42 49 50 53 52 53 50 49 42 38 
24 30 33 39 38 42 49 50 53 52 53 50 49 55 58 56 51 42 38 
24 30 33 39 38 42 49 50 53 52 53 50 49 42 51 56 40 39 38 
24 30 33 39 38 42 49 50 53 52 53 50 49 55 58 56 40 39 38 
24 30 33 39 38 42 49 50 53 52 47 43 34 31 27 24 30 33 39 38 
24 30 33 39 38 42 49 50 53 52 53 50 49 42 51 56 59 61 41 40 39 38 
24 30 33 39 38 42 49 50 53 52 53 50 49 55 58 56 59 61 41 40 39 38 
24 30 33 39 38 42 49 50 53 52 47 43 34 31 27 24 23 26 28 32 40 39 38 
24 30 33 39 38 42 49 50 53 52 53 50 49 55 58 63 66 62 61 41 40 39 38 
24 30 33 39 38 42 49 50 49 42 38 34 43 47 52 47 43 34 38 
24 30 33 39 38 42 49 50 49 42 38 34 43 47 52 53 50 49 42 38 
24 30 33 39 38 42 49 50 49 42 38 34 43 47 52 53 50 49 55 58 56 51 42 38 
24 30 33 39 38 42 49 50 49 42 38 34 43 47 52 53 50 49 42 51 56 40 39 38 
24 30 33 39 38 42 49 50 49 42 38 34 43 47 52 53 50 49 55 58 56 40 39 38 
24 30 33 39 38 42 49 50 49 42 38 34 43 47 52 47 43 34 31 27 24 30 33 39 38 
24 30 33 39 38 42 49 50 49 42 38 34 43 47 52 53 50 49 42 51 56 59 61 41 40 39 38 
24 30 33 39 38 42 49 50 49 42 38 34 43 47 52 53 50 49 55 58 56 59 61 41 40 39 38 
24 30 33 39 38 42 49 50 49 42 38 34 43 47 52 47 43 34 31 27 24 23 26 28 32 40 39 38 
24 30 33 39 38 42 49 50 49 42 38 34 43 47 52 53 50 49 55 58 63 66 62 61 41 40 39 38 
24 30 33 39 38 42 49 50 49 55 58 56 51 42 38 34 43 47 52 47 43 34 38 
24 30 33 39 38 42 49 50 49 55 58 56 51 42 38 34 43 47 52 53 50 49 42 38 
24 30 33 39 38 42 49 50 49 55 58 56 51 42 38 34 43 47 52 53 50 49 55 58 56 51 42 38 
24 30 33 39 38 42 49 50 49 55 58 56 51 42 38 34 43 47 52 53 50 49 42 51 56 40 39 38 
24 30 33 39 38 42 49 50 49 55 58 56 51 42 38 34 43 47 52 53 50 49 55 58 56 40 39 38 
24 30 33 39 38 42 49 50 49 55 58 56 51 42 38 34 43 47 52 47 43 34 31 27 24 30 33 39 38 
24 30 33 39 38 42 49 50 49 55 58 56 51 42 38 34 43 47 52 53 50 49 42 51 56 59 61 41 40 39 38 
24 30 33 39 38 42 49 50 49 55 58 56 51 42 38 34 43 47 52 53 50 49 55 58 56 59 61 41 40 39 38 
24 30 33 39 38 42 49 50 49 55 58 56 51 42 38 34 43 47 52 47 43 34 31 27 24 23 26 28 32 40 39 38 
24 30 33 39 38 42 49 50 49 55 58 56 51 42 38 34 43 47 52 53 50 49 55 58 63 66 62 61 41 40 39 38 
24 30 33 39 38 42 49 50 49 42 51 56 40 39 38 34 43 47 52 47 43 34 38 
24 30 33 39 38 42 49 50 49 42 51 56 40 39 38 34 43 47 52 53 50 49 42 38 
24 30 33 39 38 42 49 50 49 42 51 56 40 39 38 34 43 47 52 53 50 49 55 58 56 51 42 38 
24 30 33 39 38 42 49 50 49 42 51 56 40 39 38 34 43 47 52 53 50 49 42 51 56 40 39 38 
24 30 33 39 38 42 49 50 49 42 51 56 40 39 38 34 43 47 52 53 50 49 55 58 56 40 39 38 
24 30 33 39 38 42 49 50 49 42 51 56 40 39 38 34 43 47 52 47 43 34 31 27 24 30 33 39 38 
24 30 33 39 38 42 49 50 49 42 51 56 40 39 38 34 43 47 52 53 50 49 42 51 56 59 61 41 40 39 38 
24 30 33 39 38 42 49 50 49 42 51 56 40 39 38 34 43 47 52 53 50 49 55 58 56 59 61 41 40 39 38 
24 30 33 39 38 42 49 50 49 42 51 56 40 39 38 34 43 47 52 47 43 34 31 27 24 23 26 28 32 40 39 38 
24 30 33 39 38 42 49 50 49 42 51 56 40 39 38 34 43 47 52 53 50 49 55 58 63 66 62 61 41 40 39 38 
---------------
Request id 14
34 38 42 49 50 53 52 47 43 34 31 27 24 23 
34 38 42 49 50 53 52 47 43 34 38 39 33 30 24 23 
34 38 42 49 50 53 52 53 50 49 42 38 39 33 30 24 23 
34 38 42 49 50 53 52 53 50 49 42 38 34 31 27 24 23 
34 38 42 49 50 53 52 47 43 34 38 39 40 32 28 26 23 
34 38 42 49 50 53 52 53 50 49 42 51 56 40 32 28 26 23 
34 38 42 49 50 53 52 53 50 49 42 38 39 40 32 28 26 23 
34 38 42 49 50 53 52 53 50 49 55 58 56 40 32 28 26 23 
34 38 42 49 50 53 52 47 43 34 31 27 22 21 17 20 24 23 
34 38 42 49 50 53 52 47 43 34 31 27 22 21 17 16 24 23 
34 38 42 49 50 49 42 38 34 43 47 52 47 43 34 31 27 24 23 
34 38 42 49 50 49 42 38 34 43 47 52 47 43 34 38 39 33 30 24 23 
34 38 42 49 50 49 42 38 34 43 47 52 53 50 49 42 38 39 33 30 24 23 
34 38 42 49 50 49 42 38 34 43 47 52 53 50 49 42 38 34 31 27 24 23 
34 38 42 49 50 49 42 38 34 43 47 52 47 43 34 38 39 40 32 28 26 23 
34 38 42 49 50 49 42 38 34 43 47 52 53 50 49 42 51 56 40 32 28 26 23 
34 38 42 49 50 49 42 38 34 43 47 52 53 50 49 42 38 39 40 32 28 26 23 
34 38 42 49 50 49 42 38 34 43 47 52 53 50 49 55 58 56 40 32 28 26 23 
34 38 42 49 50 49 42 38 34 43 47 52 47 43 34 31 27 22 21 17 20 24 23 
34 38 42 49 50 49 42 38 34 43 47 52 47 43 34 31 27 22 21 17 16 24 23 
34 38 42 49 50 49 55 58 56 51 42 38 34 43 47 52 47 43 34 31 27 24 23 
34 38 42 49 50 49 55 58 56 51 42 38 34 43 47 52 47 43 34 38 39 33 30 24 23 
34 38 42 49 50 49 55 58 56 51 42 38 34 43 47 52 53 50 49 42 38 39 33 30 24 23 
34 38 42 49 50 49 55 58 56 51 42 38 34 43 47 52 53 50 49 42 38 34 31 27 24 23 
34 38 42 49 50 49 55 58 56 51 42 38 34 43 47 52 47 43 34 38 39 40 32 28 26 23 
34 38 42 49 50 49 55 58 56 51 42 38 34 43 47 52 53 50 49 42 51 56 40 32 28 26 23 
34 38 42 49 50 49 55 58 56 51 42 38 34 43 47 52 53 50 49 42 38 39 40 32 28 26 23 
34 38 42 49 50 49 55 58 56 51 42 38 34 43 47 52 53 50 49 55 58 56 40 32 28 26 23 
34 38 42 49 50 49 55 58 56 51 42 38 34 43 47 52 47 43 34 31 27 22 21 17 20 24 23 
34 38 42 49 50 49 55 58 56 51 42 38 34 43 47 52 47 43 34 31 27 22 21 17 16 24 23 
34 38 42 49 50 49 42 51 56 40 39 38 34 43 47 52 47 43 34 31 27 24 23 
34 38 42 49 50 49 42 51 56 40 39 38 34 43 47 52 47 43 34 38 39 33 30 24 23 
34 38 42 49 50 49 42 51 56 40 39 38 34 43 47 52 53 50 49 42 38 39 33 30 24 23 
34 38 42 49 50 49 42 51 56 40 39 38 34 43 47 52 53 50 49 42 38 34 31 27 24 23 
34 38 42 49 50 49 42 51 56 40 39 38 34 43 47 52 47 43 34 38 39 40 32 28 26 23 
34 38 42 49 50 49 42 51 56 40 39 38 34 43 47 52 53 50 49 42 51 56 40 32 28 26 23 
34 38 42 49 50 49 42 51 56 40 39 38 34 43 47 52 53 50 49 42 38 39 40 32 28 26 23 
34 38 42 49 50 49 42 51 56 40 39 38 34 43 47 52 53 50 49 55 58 56 40 32 28 26 23 
34 38 42 49 50 49 42 51 56 40 39 38 34 43 47 52 47 43 34 31 27 22 21 17 20 24 23 
34 38 42 49 50 49 42 51 56 40 39 38 34 43 47 52 47 43 34 31 27 22 21 17 16 24 23 
---------------
Request id 5
26 23 24 27 31 34 43 47 52 53 50 53 52 47 43 34 31 27 24 16 18 
26 23 24 27 31 34 43 47 52 53 50 53 50 49 42 38 34 31 27 24 16 18 
26 23 24 27 31 34 43 47 52 53 50 53 50 49 55 58 56 40 32 28 25 18 
26 23 24 27 31 34 43 47 52 53 50 53 50 49 42 51 56 40 32 28 25 18 
26 23 24 27 31 34 43 47 52 53 50 53 50 49 42 38 39 40 32 28 25 18 
26 23 24 27 31 34 43 47 52 53 50 53 50 49 42 38 39 33 30 24 16 18 
26 23 24 27 31 34 43 47 52 53 50 53 52 47 43 34 31 27 24 16 11 13 18 
26 23 24 27 31 34 43 47 52 53 50 53 52 47 43 34 31 27 24 20 17 16 18 
26 23 24 27 31 34 43 47 52 53 50 53 52 47 43 34 38 39 40 32 28 25 18 
26 23 24 27 31 34 43 47 52 53 50 53 52 47 43 34 31 27 22 21 17 16 18 
26 23 24 27 31 34 43 47 52 53 50 49 42 38 34 43 47 52 53 52 47 43 34 31 27 24 16 18 
26 23 24 27 31 34 43 47 52 53 50 49 42 38 34 43 47 52 53 50 49 42 38 34 31 27 24 16 18 
26 23 24 27 31 34 43 47 52 53 50 49 42 38 34 43 47 52 53 50 49 55 58 56 40 32 28 25 18 
26 23 24 27 31 34 43 47 52 53 50 49 42 38 34 43 47 52 53 50 49 42 51 56 40 32 28 25 18 
26 23 24 27 31 34 43 47 52 53 50 49 42 38 34 43 47 52 53 50 49 42 38 39 40 32 28 25 18 
26 23 24 27 31 34 43 47 52 53 50 49 42 38 34 43 47 52 53 50 49 42 38 39 33 30 24 16 18 
26 23 24 27 31 34 43 47 52 53 50 49 42 38 34 43 47 52 53 52 47 43 34 31 27 24 16 11 13 18 
26 23 24 27 31 34 43 47 52 53 50 49 42 38 34 43 47 52 53 52 47 43 34 31 27 24 20 17 16 18 
26 23 24 27 31 34 43 47 52 53 50 49 42 38 34 43 47 52 53 52 47 43 34 38 39 40 32 28 25 18 
26 23 24 27 31 34 43 47 52 53 50 49 42 38 34 43 47 52 53 52 47 43 34 31 27 22 21 17 16 18 
26 23 24 27 31 34 43 47 52 53 50 49 55 58 56 51 42 38 34 43 47 52 53 52 47 43 34 31 27 24 16 18 
26 23 24 27 31 34 43 47 52 53 50 49 55 58 56 51 42 38 34 43 47 52 53 50 49 42 38 34 31 27 24 16 18 
26 23 24 27 31 34 43 47 52 53 50 49 55 58 56 51 42 38 34 43 47 52 53 50 49 55 58 56 40 32 28 25 18 
26 23 24 27 31 34 43 47 52 53 50 49 55 58 56 51 42 38 34 43 47 52 53 50 49 42 51 56 40 32 28 25 18 
26 23 24 27 31 34 43 47 52 53 50 49 55 58 56 51 42 38 34 43 47 52 53 50 49 42 38 39 40 32 28 25 18 
26 23 24 27 31 34 43 47 52 53 50 49 55 58 56 51 42 38 34 43 47 52 53 50 49 42 38 39 33 30 24 16 18 
26 23 24 27 31 34 43 47 52 53 50 49 55 58 56 51 42 38 34 43 47 52 53 52 47 43 34 31 27 24 16 11 13 18 
26 23 24 27 31 34 43 47 52 53 50 49 55 58 56 51 42 38 34 43 47 52 53 52 47 43 34 31 27 24 20 17 16 18 
26 23 24 27 31 34 43 47 52 53 50 49 55 58 56 51 42 38 34 43 47 52 53 52 47 43 34 38 39 40 32 28 25 18 
26 23 24 27 31 34 43 47 52 53 50 49 55 58 56 51 42 38 34 43 47 52 53 52 47 43 34 31 27 22 21 17 16 18 
26 23 24 27 31 34 43 47 52 53 50 49 42 51 56 40 39 38 34 43 47 52 53 52 47 43 34 31 27 24 16 18 
26 23 24 27 31 34 43 47 52 53 50 49 42 51 56 40 39 38 34 43 47 52 53 50 49 42 38 34 31 27 24 16 18 
26 23 24 27 31 34 43 47 52 53 50 49 42 51 56 40 39 38 34 43 47 52 53 50 49 55 58 56 40 32 28 25 18 
26 23 24 27 31 34 43 47 52 53 50 49 42 51 56 40 39 38 34 43 47 52 53 50 49 42 51 56 40 32 28 25 18 
26 23 24 27 31 34 43 47 52 53 50 49 42 51 56 40 39 38 34 43 47 52 53 50 49 42 38 39 40 32 28 25 18 
26 23 24 27 31 34 43 47 52 53 50 49 42 51 56 40 39 38 34 43 47 52 53 50 49 42 38 39 33 30 24 16 18 
26 23 24 27 31 34 43 47 52 53 50 49 42 51 56 40 39 38 34 43 47 52 53 52 47 43 34 31 27 24 16 11 13 18 
26 23 24 27 31 34 43 47 52 53 50 49 42 51 56 40 39 38 34 43 47 52 53 52 47 43 34 31 27 24 20 17 16 18 
26 23 24 27 31 34 43 47 52 53 50 49 42 51 56 40 39 38 34 43 47 52 53 52 47 43 34 38 39 40 32 28 25 18 
26 23 24 27 31 34 43 47 52 53 50 49 42 51 56 40 39 38 34 43 47 52 53 52 47 43 34 31 27 22 21 17 16 18 
---------------
Request id 20
68 65 54 46 48 44 45 37 36 29 
68 65 54 46 48 44 45 37 35 32 28 25 29 
68 65 54 46 48 44 48 46 41 40 32 28 25 29 
68 65 54 46 48 44 48 46 41 40 32 35 37 36 29 
68 65 54 46 48 44 45 37 35 32 28 25 18 15 19 29 
68 65 54 46 48 44 48 46 41 40 32 28 25 18 15 19 29 
68 65 54 46 48 44 48 46 54 62 61 41 40 32 28 25 29 
68 65 54 46 48 44 48 46 41 61 59 56 40 32 28 25 29 
68 65 54 46 48 44 48 46 41 40 39 33 30 24 16 18 25 29 
68 65 54 46 48 44 48 46 54 62 61 59 56 40 32 28 25 29 
68 65 64 60 57 48 44 45 37 36 29 
68 65 64 60 57 48 44 45 37 35 32 28 25 29 
68 65 64 60 57 48 44 48 46 41 40 32 28 25 29 
68 65 64 60 57 48 44 48 46 41 40 32 35 37 36 29 
68 65 64 60 57 48 44 45 37 35 32 28 25 18 15 19 29 
68 65 64 60 57 48 44 48 46 41 40 32 28 25 18 15 19 29 
68 65 64 60 57 48 44 48 46 54 62 61 41 40 32 28 25 29 
68 65 64 60 57 48 44 48 46 41 61 59 56 40 32 28 25 29 
68 65 64 60 57 48 44 48 46 41 40 39 33 30 24 16 18 25 29 
68 65 64 60 57 48 44 48 46 54 62 61 59 56 40 32 28 25 29 
68 67 66 62 54 46 48 44 45 37 36 29 
68 67 66 62 54 46 48 44 45 37 35 32 28 25 29 
68 67 66 62 54 46 48 44 48 46 41 40 32 28 25 29 
68 67 66 62 54 46 48 44 48 46 41 40 32 35 37 36 29 
68 67 66 62 54 46 48 44 45 37 35 32 28 25 18 15 19 29 
68 67 66 62 54 46 48 44 48 46 41 40 32 28 25 18 15 19 29 
68 67 66 62 54 46 48 44 48 46 54 62 61 41 40 32 28 25 29 
68 67 66 62 54 46 48 44 48 46 41 61 59 56 40 32 28 25 29 
68 67 66 62 54 46 48 44 48 46 41 40 39 33 30 24 16 18 25 29 
68 67 66 62 54 46 48 44 48 46 54 62 61 59 56 40 32 28 25 29 
68 67 66 62 61 41 46 48 44 45 37 36 29 
68 67 66 62 61 41 46 48 44 45 37 35 32 28 25 29 
68 67 66 62 61 41 46 48 44 48 46 41 40 32 28 25 29 
68 67 66 62 61 41 46 48 44 48 46 41 40 32 35 37 36 29 
68 67 66 62 61 41 46 48 44 45 37 35 32 28 25 18 15 19 29 
68 67 66 62 61 41 46 48 44 48 46 41 40 32 28 25 18 15 19 29 
68 67 66 62 61 41 46 48 44 48 46 54 62 61 41 40 32 28 25 29 
68 67 66 62 61 41 46 48 44 48 46 41 61 59 56 40 32 28 25 29 
68 67 66 62 61 41 46 48 44 48 46 41 40 39 33 30 24 16 18 25 29 
68 67 66 62 61 41 46 48 44 48 46 54 62 61 59 56 40 32 28 25 29 
---------------
Request id 18
2 0 13 18 25 28 32 40 56 58 63 58 56 40 39 33 30 33 39 40 41 46 54 65 68 69 71 69 67 66 63 58 56 40 39 33 30 24 20 
2 0 13 18 25 28 32 40 56 58 63 58 56 40 39 33 30 33 39 40 41 46 54 65 68 69 71 69 68 65 54 46 41 40 39 33 30 24 20 
2 0 13 18 25 28 32 40 56 58 63 58 56 40 39 33 30 33 39 40 41 46 54 65 68 69 71 69 67 66 62 61 41 40 39 33 30 24 20 
2 0 13 18 25 28 32 40 56 58 63 58 56 40 39 33 30 33 39 40 41 46 54 65 68 69 71 69 68 67 66 63 58 56 40 39 33 30 24 20 
2 0 13 18 25 28 32 40 56 58 63 58 56 40 39 33 30 33 39 40 41 46 54 65 68 69 71 69 67 68 65 54 46 41 40 39 33 30 24 20 
2 0 13 18 25 28 32 40 56 58 63 58 56 40 39 33 30 33 39 40 41 46 54 65 68 69 71 69 67 66 62 54 46 41 40 39 33 30 24 20 
2 0 13 18 25 28 32 40 56 58 63 58 56 40 39 33 30 33 39 40 41 46 54 65 68 69 71 69 67 66 62 61 59 56 40 39 33 30 24 20 
2 0 13 18 25 28 32 40 56 58 63 58 56 40 39 33 30 33 39 40 41 46 54 65 68 69 71 69 67 66 62 61 41 40 32 28 26 23 24 20 
2 0 13 18 25 28 32 40 56 58 63 58 56 40 39 33 30 33 39 40 41 46 54 65 68 69 71 69 68 65 54 62 61 41 40 39 33 30 24 20 
2 0 13 18 25 28 32 40 56 58 63 58 56 40 39 33 30 33 39 40 41 46 54 65 68 69 71 69 68 67 66 62 61 41 40 39 33 30 24 20 
2 0 13 18 25 28 32 40 56 58 63 58 56 40 39 33 30 33 39 40 56 58 63 66 67 69 71 69 67 66 63 58 56 40 39 33 30 24 20 
2 0 13 18 25 28 32 40 56 58 63 58 56 40 39 33 30 33 39 40 56 58 63 66 67 69 71 69 68 65 54 46 41 40 39 33 30 24 20 
2 0 13 18 25 28 32 40 56 58 63 58 56 40 39 33 30 33 39 40 56 58 63 66 67 69 71 69 67 66 62 61 41 40 39 33 30 24 20 
2 0 13 18 25 28 32 40 56 58 63 58 56 40 39 33 30 33 39 40 56 58 63 66 67 69 71 69 68 67 66 63 58 56 40 39 33 30 24 20 
2 0 13 18 25 28 32 40 56 58 63 58 56 40 39 33 30 33 39 40 56 58 63 66 67 69 71 69 67 68 65 54 46 41 40 39 33 30 24 20 
2 0 13 18 25 28 32 40 56 58 63 58 56 40 39 33 30 33 39 40 56 58 63 66 67 69 71 69 67 66 62 54 46 41 40 39 33 30 24 20 
2 0 13 18 25 28 32 40 56 58 63 58 56 40 39 33 30 33 39 40 56 58 63 66 67 69 71 69 67 66 62 61 59 56 40 39 33 30 24 20 
2 0 13 18 25 28 32 40 56 58 63 58 56 40 39 33 30 33 39 40 56 58 63 66 67 69 71 69 67 66 62 61 41 40 32 28 26 23 24 20 
2 0 13 18 25 28 32 40 56 58 63 58 56 40 39 33 30 33 39 40 56 58 63 66 67 69 71 69 68 65 54 62 61 41 40 39 33 30 24 20 
2 0 13 18 25 28 32 40 56 58 63 58 56 40 39 33 30 33 39 40 56 58 63 66 67 69 71 69 68 67 66 62 61 41 40 39 33 30 24 20 
2 0 13 18 25 28 32 40 56 58 63 58 56 40 39 33 30 33 39 40 41 61 62 66 67 69 71 69 67 66 63 58 56 40 39 33 30 24 20 
2 0 13 18 25 28 32 40 56 58 63 58 56 40 39 33 30 33 39 40 41 61 62 66 67 69 71 69 68 65 54 46 41 40 39 33 30 24 20 
2 0 13 18 25 28 32 40 56 58 63 58 56 40 39 33 30 33 39 40 41 61 62 66 67 69 71 69 67 66 62 61 41 40 39 33 30 24 20 
2 0 13 18 25 28 32 40 56 58 63 58 56 40 39 33 30 33 39 40 41 61 62 66 67 69 71 69 68 67 66 63 58 56 40 39 33 30 24 20 
2 0 13 18 25 28 32 40 56 58 63 58 56 40 39 33 30 33 39 40 41 61 62 66 67 69 71 69 67 68 65 54 46 41 40 39 33 30 24 20 
2 0 13 18 25 28 32 40 56 58 63 58 56 40 39 33 30 33 39 40 41 61 62 66 67 69 71 69 67 66 62 54 46 41 40 39 33 30 24 20 
2 0 13 18 25 28 32 40 56 58 63 58 56 40 39 33 30 33 39 40 41 61 62 66 67 69 71 69 67 66 62 61 59 56 40 39 33 30 24 20 
2 0 13 18 25 28 32 40 56 58 63 58 56 40 39 33 30 33 39 40 41 61 62 66 67 69 71 69 67 66 62 61 41 40 32 28 26 23 24 20 
2 0 13 18 25 28 32 40 56 58 63 58 56 40 39 33 30 33 39 40 41 61 62 66 67 69 71 69 68 65 54 62 61 41 40 39 33 30 24 20 
2 0 13 18 25 28 32 40 56 58 63 58 56 40 39 33 30 33 39 40 41 61 62 66 67 69 71 69 68 67 66 62 61 41 40 39 33 30 24 20 
2 0 13 18 25 28 32 40 56 58 63 58 56 40 39 33 30 33 39 40 41 46 54 65 68 67 69 71 69 67 66 63 58 56 40 39 33 30 24 20 
2 0 13 18 25 28 32 40 56 58 63 58 56 40 39 33 30 33 39 40 41 46 54 65 68 67 69 71 69 68 65 54 46 41 40 39 33 30 24 20 
2 0 13 18 25 28 32 40 56 58 63 58 56 40 39 33 30 33 39 40 41 46 54 65 68 67 69 71 69 67 66 62 61 41 40 39 33 30 24 20 
2 0 13 18 25 28 32 40 56 58 63 58 56 40 39 33 30 33 39 40 41 46 54 65 68 67 69 71 69 68 67 66 63 58 56 40 39 33 30 24 20 
2 0 13 18 25 28 32 40 56 58 63 58 56 40 39 33 30 33 39 40 41 46 54 65 68 67 69 71 69 67 68 65 54 46 41 40 39 33 30 24 20 
2 0 13 18 25 28 32 40 56 58 63 58 56 40 39 33 30 33 39 40 41 46 54 65 68 67 69 71 69 67 66 62 54 46 41 40 39 33 30 24 20 
2 0 13 18 25 28 32 40 56 58 63 58 56 40 39 33 30 33 39 40 41 46 54 65 68 67 69 71 69 67 66 62 61 59 56 40 39 33 30 24 20 
2 0 13 18 25 28 32 40 56 58 63 58 56 40 39 33 30 33 39 40 41 46 54 65 68 67 69 71 69 67 66 62 61 41 40 32 28 26 23 24 20 
2 0 13 18 25 28 32 40 56 58 63 58 56 40 39 33 30 33 39 40 41 46 54 65 68 67 69 71 69 68 65 54 62 61 41 40 39 33 30 24 20 
2 0 13 18 25 28 32 40 56 58 63 58 56 40 39 33 30 33 39 40 41 46 54 65 68 67 69 71 69 68 67 66 62 61 41 40 39 33 30 24 20 
---------------
Request id 17
7 8 6 11 16 24 27 31 34 43 47 43 34 38 42 51 42 38 39 33 30 24 16 11 6 8 7 4 
7 8 6 11 16 24 27 31 34 43 47 43 34 38 42 51 42 38 39 33 30 24 16 18 13 3 1 4 
7 8 6 11 16 24 27 31 34 43 47 43 34 38 42 51 42 38 39 33 30 24 16 11 13 3 1 4 
7 8 6 11 16 24 27 31 34 43 47 43 34 38 42 51 42 38 39 33 30 24 16 11 6 3 1 4 
7 8 6 11 16 24 27 31 34 43 47 43 34 38 42 51 42 38 39 33 30 24 16 11 12 10 8 7 4 
7 8 6 11 16 24 27 31 34 43 47 43 34 38 42 51 42 38 39 33 30 24 16 18 13 3 6 8 7 4 
7 8 6 11 16 24 27 31 34 43 47 43 34 38 42 51 42 38 39 33 30 24 16 17 14 12 10 8 7 4 
7 8 6 11 16 24 27 31 34 43 47 43 34 38 42 51 42 38 39 33 39 40 32 28 25 18 13 3 1 4 
7 8 6 11 16 24 27 31 34 43 47 43 34 38 42 51 42 38 39 33 30 24 20 17 14 12 10 8 7 4 
7 8 6 11 16 24 27 31 34 43 47 43 34 38 42 51 42 38 39 33 30 24 16 18 13 11 6 3 1 4 
7 8 6 11 16 24 27 31 34 43 47 43 34 38 42 51 56 40 39 33 30 24 16 11 6 8 7 4 
7 8 6 11 16 24 27 31 34 43 47 43 34 38 42 51 56 40 39 33 30 24 16 18 13 3 1 4 
7 8 6 11 16 24 27 31 34 43 47 43 34 38 42 51 56 40 39 33 30 24 16 11 13 3 1 4 
7 8 6 11 16 24 27 31 34 43 47 43 34 38 42 51 56 40 39 33 30 24 16 11 6 3 1 4 
7 8 6 11 16 24 27 31 34 43 47 43 34 38 42 51 56 40 39 33 30 24 16 11 12 10 8 7 4 
7 8 6 11 16 24 27 31 34 43 47 43 34 38 42 51 56 40 39 33 30 24 16 18 13 3 6 8 7 4 
7 8 6 11 16 24 27 31 34 43 47 43 34 38 42 51 56 40 39 33 30 24 16 17 14 12 10 8 7 4 
7 8 6 11 16 24 27 31 34 43 47 43 34 38 42 51 56 40 39 33 39 40 32 28 25 18 13 3 1 4 
7 8 6 11 16 24 27 31 34 43 47 43 34 38 42 51 56 40 39 33 30 24 20 17 14 12 10 8 7 4 
7 8 6 11 16 24 27 31 34 43 47 43 34 38 42 51 56 40 39 33 30 24 16 18 13 11 6 3 1 4 
7 8 6 11 16 24 27 31 34 43 47 43 34 38 42 51 56 59 61 41 40 39 33 30 24 16 11 6 8 7 4 
7 8 6 11 16 24 27 31 34 43 47 43 34 38 42 51 56 59 61 41 40 39 33 30 24 16 18 13 3 1 4 
7 8 6 11 16 24 27 31 34 43 47 43 34 38 42 51 56 59 61 41 40 39 33 30 24 16 11 13 3 1 4 
7 8 6 11 16 24 27 31 34 43 47 43 34 38 42 51 56 59 61 41 40 39 33 30 24 16 11 6 3 1 4 
7 8 6 11 16 24 27 31 34 43 47 43 34 38 42 51 56 59 61 41 40 39 33 30 24 16 11 12 10 8 7 4 
7 8 6 11 16 24 27 31 34 43 47 43 34 38 42 51 56 59 61 41 40 39 33 30 24 16 18 13 3 6 8 7 4 
7 8 6 11 16 24 27 31 34 43 47 43 34 38 42 51 56 59 61 41 40 39 33 30 24 16 17 14 12 10 8 7 4 
7 8 6 11 16 24 27 31 34 43 47 43 34 38 42 51 56 59 61 41 40 39 33 39 40 32 28 25 18 13 3 1 4 
7 8 6 11 16 24 27 31 34 43 47 43 34 38 42 51 56 59 61 41 40 39 33 30 24 20 17 14 12 10 8 7 4 
7 8 6 11 16 24 27 31 34 43 47 43 34 38 42 51 56 59 61 41 40 39 33 30 24 16 18 13 11 6 3 1 4 
7 8 6 11 16 24 27 31 34 43 47 43 34 38 42 51 42 49 55 58 56 40 39 33 30 24 16 11 6 8 7 4 
7 8 6 11 16 24 27 31 34 43 47 43 34 38 42 51 42 49 55 58 56 40 39 33 30 24 16 18 13 3 1 4 
7 8 6 11 16 24 27 31 34 43 47 43 34 38 42 51 42 49 55 58 56 40 39 33 30 24 16 11 13 3 1 4 
7 8 6 11 16 24 27 31 34 43 47 43 34 38 42 51 42 49 55 58 56 40 39 33 30 24 16 11 6 3 1 4 
7 8 6 11 16 24 27 31 34 43 47 43 34 38 42 51 42 49 55 58 56 40 39 33 30 24 16 11 12 10 8 7 4 
7 8 6 11 16 24 27 31 34 43 47 43 34 38 42 51 42 49 55 58 56 40 39 33 30 24 16 18 13 3 6 8 7 4 
7 8 6 11 16 24 27 31 34 43 47 43 34 38 42 51 42 49 55 58 56 40 39 33 30 24 16 17 14 12 10 8 7 4 
7 8 6 11 16 24 27 31 34 43 47 43 34 38 42 51 42 49 55 58 56 40 39 33 39 40 32 28 25 18 13 3 1 4 
7 8 6 11 16 24 27 31 34 43 47 43 34 38 42 51 42 49 55 58 56 40 39 33 30 24 20 17 14 12 10 8 7 4 
7 8 6 11 16 24 27 31 34 43 47 43 34 38 42 51 42 49 55 58 56 40 39 33 30 24 16 18 13 11 6 3 1 4 
---------------
