Request id 10
11 10 3 1 0 7 6 
11 10 3 1 0 1 3 4 6 
11 10 3 1 0 2 5 4 6 
11 10 3 1 0 1 2 5 4 6 
11 10 3 1 0 2 1 3 4 6 
---------------
Request id 2
4 6 7 0 0 2 5 12 11 
4 6 7 0 0 2 5 9 8 11 
4 6 7 0 0 2 5 12 13 8 11 
4 6 7 0 0 2 5 4 3 10 11 
4 6 7 0 0 2 5 12 13 10 11 
---------------
Request id 4
4 5 12 13 10 
4 5 4 3 10 
4 5 12 11 10 
4 5 9 8 13 10 
4 5 2 1 3 10 
---------------
Request id 9
9 5 2 1 2 5 12 
9 5 2 1 2 5 9 8 13 12 
9 5 2 1 2 5 9 8 11 12 
9 5 2 1 2 5 4 3 10 11 12 
9 5 2 1 2 5 4 3 10 13 12 
---------------
Request id 3
12 5 2 
12 5 4 3 1 2 
12 5 9 8 7 0 2 
12 5 4 3 1 0 2 
12 5 4 6 7 0 2 
---------------
Request id 5
2 5 4 6 
2 5 9 8 7 6 
2 5 2 0 7 6 
2 5 12 11 8 7 6 
2 5 2 1 0 7 6 
---------------
Request id 6
13 8 7 0 1 3 4 
13 8 7 0 1 2 5 4 
13 8 7 0 1 0 7 6 4 
13 8 7 0 1 0 2 5 4 
13 8 7 0 1 2 0 7 6 4 
---------------
Request id 7
9 5 2 1 0 2 5 12 
9 5 2 1 0 7 8 13 12 
9 5 2 1 0 1 2 5 12 
9 5 2 1 0 7 8 11 12 
9 5 2 1 0 7 6 4 5 12 
---------------
Request id 1
9 8 7 0 2 5 2 1 2 
9 8 7 0 2 5 2 1 0 2 
9 8 7 0 2 5 2 1 3 4 5 2 
9 8 7 0 2 5 2 1 0 7 6 4 5 2 
9 8 7 0 2 5 2 1 3 10 13 12 5 2 
---------------
Request id 8
2 5 2 1 0 7 
2 5 2 1 2 0 7 
2 5 2 1 3 4 6 7 
2 5 2 1 2 5 9 8 7 
2 5 2 1 3 10 11 8 7 
---------------
