Request id 8
83 84 82 81 80 69 79 76 79 69 80 81 71 74 67 62 60 58 55 52 50 46 40 37 30 21 
83 84 82 81 80 69 79 76 79 69 64 59 57 54 65 62 60 58 55 52 50 46 40 37 30 21 
83 84 82 81 80 69 79 76 79 69 80 81 71 74 67 62 60 58 55 52 50 46 40 36 35 26 21 
83 84 82 81 80 69 79 76 79 69 80 81 71 74 67 63 68 66 78 75 56 49 46 40 37 30 21 
83 84 82 81 80 69 79 76 79 69 64 59 57 54 65 62 60 58 55 52 50 46 40 36 35 26 21 
83 84 82 81 80 69 79 76 79 69 80 81 71 74 67 63 68 66 78 75 56 49 46 40 36 35 26 21 
83 84 82 81 80 69 79 76 79 69 80 81 71 74 67 63 68 77 73 72 75 56 49 46 40 37 30 21 
83 84 82 81 80 69 79 76 70 86 79 69 80 81 71 74 67 62 60 58 55 52 50 46 40 37 30 21 
83 84 82 81 80 69 79 76 79 69 80 81 82 84 83 74 67 62 60 58 55 52 50 46 40 37 30 21 
83 84 82 81 80 69 79 76 70 86 79 69 64 59 57 54 65 62 60 58 55 52 50 46 40 37 30 21 
83 74 71 81 80 69 79 76 79 69 80 81 71 74 67 62 60 58 55 52 50 46 40 37 30 21 
83 74 71 81 80 69 79 76 79 69 64 59 57 54 65 62 60 58 55 52 50 46 40 37 30 21 
83 74 71 81 80 69 79 76 79 69 80 81 71 74 67 62 60 58 55 52 50 46 40 36 35 26 21 
83 74 71 81 80 69 79 76 79 69 80 81 71 74 67 63 68 66 78 75 56 49 46 40 37 30 21 
83 74 71 81 80 69 79 76 79 69 64 59 57 54 65 62 60 58 55 52 50 46 40 36 35 26 21 
83 74 71 81 80 69 79 76 79 69 80 81 71 74 67 63 68 66 78 75 56 49 46 40 36 35 26 21 
83 74 71 81 80 69 79 76 79 69 80 81 71 74 67 63 68 77 73 72 75 56 49 46 40 37 30 21 
83 74 71 81 80 69 79 76 70 86 79 69 80 81 71 74 67 62 60 58 55 52 50 46 40 37 30 21 
83 74 71 81 80 69 79 76 79 69 80 81 82 84 83 74 67 62 60 58 55 52 50 46 40 37 30 21 
83 74 71 81 80 69 79 76 70 86 79 69 64 59 57 54 65 62 60 58 55 52 50 46 40 37 30 21 
83 84 82 81 80 69 79 86 70 76 79 69 80 81 71 74 67 62 60 58 55 52 50 46 40 37 30 21 
83 84 82 81 80 69 79 86 70 76 79 69 64 59 57 54 65 62 60 58 55 52 50 46 40 37 30 21 
83 84 82 81 80 69 79 86 70 76 79 69 80 81 71 74 67 62 60 58 55 52 50 46 40 36 35 26 21 
83 84 82 81 80 69 79 86 70 76 79 69 80 81 71 74 67 63 68 66 78 75 56 49 46 40 37 30 21 
83 84 82 81 80 69 79 86 70 76 79 69 64 59 57 54 65 62 60 58 55 52 50 46 40 36 35 26 21 
83 84 82 81 80 69 79 86 70 76 79 69 80 81 71 74 67 63 68 66 78 75 56 49 46 40 36 35 26 21 
83 84 82 81 80 69 79 86 70 76 79 69 80 81 71 74 67 63 68 77 73 72 75 56 49 46 40 37 30 21 
83 84 82 81 80 69 79 86 70 76 70 86 79 69 80 81 71 74 67 62 60 58 55 52 50 46 40 37 30 21 
83 84 82 81 80 69 79 86 70 76 79 69 80 81 82 84 83 74 67 62 60 58 55 52 50 46 40 37 30 21 
83 84 82 81 80 69 79 86 70 76 70 86 79 69 64 59 57 54 65 62 60 58 55 52 50 46 40 37 30 21 
83 74 71 81 80 69 79 86 70 76 79 69 80 81 71 74 67 62 60 58 55 52 50 46 40 37 30 21 
83 74 71 81 80 69 79 86 70 76 79 69 64 59 57 54 65 62 60 58 55 52 50 46 40 37 30 21 
83 74 71 81 80 69 79 86 70 76 79 69 80 81 71 74 67 62 60 58 55 52 50 46 40 36 35 26 21 
83 74 71 81 80 69 79 86 70 76 79 69 80 81 71 74 67 63 68 66 78 75 56 49 46 40 37 30 21 
83 74 71 81 80 69 79 86 70 76 79 69 64 59 57 54 65 62 60 58 55 52 50 46 40 36 35 26 21 
83 74 71 81 80 69 79 86 70 76 79 69 80 81 71 74 67 63 68 66 78 75 56 49 46 40 36 35 26 21 
83 74 71 81 80 69 79 86 70 76 79 69 80 81 71 74 67 63 68 77 73 72 75 56 49 46 40 37 30 21 
83 74 71 81 80 69 79 86 70 76 70 86 79 69 80 81 71 74 67 62 60 58 55 52 50 46 40 37 30 21 
83 74 71 81 80 69 79 86 70 76 79 69 80 81 82 84 83 74 67 62 60 58 55 52 50 46 40 37 30 21 
83 74 71 81 80 69 79 86 70 76 70 86 79 69 64 59 57 54 65 62 60 58 55 52 50 46 40 37 30 21 
---------------
Request id 5
10 15 5 19 28 40 36 35 29 38 29 35 36 40 46 49 56 75 72 73 72 75 56 49 46 
10 15 5 19 28 40 36 35 29 38 29 35 36 40 46 49 56 75 72 73 77 68 66 78 75 56 49 46 
10 15 5 19 28 40 36 35 29 38 29 35 36 40 46 49 56 75 72 73 77 68 63 67 62 60 58 55 52 50 46 
10 15 5 19 28 40 36 35 29 38 29 35 36 40 46 49 56 75 72 73 72 75 78 66 68 63 67 62 60 58 55 52 50 46 
10 15 5 19 28 40 36 35 29 38 29 35 36 40 46 49 56 75 72 73 77 68 63 67 74 71 81 80 69 64 59 57 54 65 62 60 58 55 52 50 46 
10 15 5 19 28 40 36 35 29 38 29 35 36 40 46 49 56 75 72 73 77 68 63 67 74 83 84 82 81 80 69 64 59 57 54 65 62 60 58 55 52 50 46 
10 15 5 19 28 40 36 35 29 38 29 35 36 40 46 49 56 75 72 73 72 75 78 66 68 63 67 74 71 81 80 69 64 59 57 54 65 62 60 58 55 52 50 46 
10 15 5 19 28 40 36 35 29 38 29 35 36 40 46 49 56 75 72 73 77 68 63 67 74 71 81 80 69 64 59 57 54 53 48 34 45 65 62 60 58 55 52 50 46 
10 15 5 19 28 40 36 35 29 38 29 35 36 40 46 49 56 75 72 73 72 75 78 66 68 63 67 74 83 84 82 81 80 69 64 59 57 54 65 62 60 58 55 52 50 46 
10 15 5 19 28 40 36 35 29 38 29 35 36 40 46 49 56 75 72 73 77 68 63 67 74 83 84 82 81 80 69 64 59 57 54 53 48 34 45 65 62 60 58 55 52 50 46 
10 15 5 19 28 40 36 35 29 38 29 35 36 40 46 49 56 75 72 75 78 66 68 77 73 72 75 56 49 46 
10 15 5 19 28 40 36 35 29 38 29 35 36 40 46 49 56 75 72 75 78 66 68 77 73 77 68 66 78 75 56 49 46 
10 15 5 19 28 40 36 35 29 38 29 35 36 40 46 49 56 75 72 75 78 66 68 77 73 77 68 63 67 62 60 58 55 52 50 46 
10 15 5 19 28 40 36 35 29 38 29 35 36 40 46 49 56 75 72 75 78 66 68 77 73 72 75 78 66 68 63 67 62 60 58 55 52 50 46 
10 15 5 19 28 40 36 35 29 38 29 35 36 40 46 49 56 75 72 75 78 66 68 77 73 77 68 63 67 74 71 81 80 69 64 59 57 54 65 62 60 58 55 52 50 46 
10 15 5 19 28 40 36 35 29 38 29 35 36 40 46 49 56 75 72 75 78 66 68 77 73 77 68 63 67 74 83 84 82 81 80 69 64 59 57 54 65 62 60 58 55 52 50 46 
10 15 5 19 28 40 36 35 29 38 29 35 36 40 46 49 56 75 72 75 78 66 68 77 73 72 75 78 66 68 63 67 74 71 81 80 69 64 59 57 54 65 62 60 58 55 52 50 46 
10 15 5 19 28 40 36 35 29 38 29 35 36 40 46 49 56 75 72 75 78 66 68 77 73 77 68 63 67 74 71 81 80 69 64 59 57 54 53 48 34 45 65 62 60 58 55 52 50 46 
10 15 5 19 28 40 36 35 29 38 29 35 36 40 46 49 56 75 72 75 78 66 68 77 73 72 75 78 66 68 63 67 74 83 84 82 81 80 69 64 59 57 54 65 62 60 58 55 52 50 46 
10 15 5 19 28 40 36 35 29 38 29 35 36 40 46 49 56 75 72 75 78 66 68 77 73 77 68 63 67 74 83 84 82 81 80 69 64 59 57 54 53 48 34 45 65 62 60 58 55 52 50 46 
10 15 5 19 28 40 36 35 29 38 29 35 36 40 46 49 56 75 72 75 56 49 46 50 52 55 58 60 62 67 63 68 77 73 72 75 56 49 46 
10 15 5 19 28 40 36 35 29 38 29 35 36 40 46 49 56 75 72 75 56 49 46 50 52 55 58 60 62 67 63 68 77 73 77 68 66 78 75 56 49 46 
10 15 5 19 28 40 36 35 29 38 29 35 36 40 46 49 56 75 72 75 56 49 46 50 52 55 58 60 62 67 63 68 77 73 77 68 63 67 62 60 58 55 52 50 46 
10 15 5 19 28 40 36 35 29 38 29 35 36 40 46 49 56 75 72 75 56 49 46 50 52 55 58 60 62 67 63 68 77 73 72 75 78 66 68 63 67 62 60 58 55 52 50 46 
10 15 5 19 28 40 36 35 29 38 29 35 36 40 46 49 56 75 72 75 56 49 46 50 52 55 58 60 62 67 63 68 77 73 77 68 63 67 74 71 81 80 69 64 59 57 54 65 62 60 58 55 52 50 46 
10 15 5 19 28 40 36 35 29 38 29 35 36 40 46 49 56 75 72 75 56 49 46 50 52 55 58 60 62 67 63 68 77 73 77 68 63 67 74 83 84 82 81 80 69 64 59 57 54 65 62 60 58 55 52 50 46 
10 15 5 19 28 40 36 35 29 38 29 35 36 40 46 49 56 75 72 75 56 49 46 50 52 55 58 60 62 67 63 68 77 73 72 75 78 66 68 63 67 74 71 81 80 69 64 59 57 54 65 62 60 58 55 52 50 46 
10 15 5 19 28 40 36 35 29 38 29 35 36 40 46 49 56 75 72 75 56 49 46 50 52 55 58 60 62 67 63 68 77 73 77 68 63 67 74 71 81 80 69 64 59 57 54 53 48 34 45 65 62 60 58 55 52 50 46 
10 15 5 19 28 40 36 35 29 38 29 35 36 40 46 49 56 75 72 75 56 49 46 50 52 55 58 60 62 67 63 68 77 73 72 75 78 66 68 63 67 74 83 84 82 81 80 69 64 59 57 54 65 62 60 58 55 52 50 46 
10 15 5 19 28 40 36 35 29 38 29 35 36 40 46 49 56 75 72 75 56 49 46 50 52 55 58 60 62 67 63 68 77 73 77 68 63 67 74 83 84 82 81 80 69 64 59 57 54 53 48 34 45 65 62 60 58 55 52 50 46 
10 15 5 19 28 40 36 35 29 38 29 35 36 40 46 49 56 75 72 75 56 49 46 50 52 55 58 60 62 65 54 57 59 64 69 80 81 71 74 67 63 68 77 73 72 75 56 49 46 
10 15 5 19 28 40 36 35 29 38 29 35 36 40 46 49 56 75 72 75 56 49 46 50 52 55 58 60 62 65 54 57 59 64 69 80 81 71 74 67 63 68 77 73 77 68 66 78 75 56 49 46 
10 15 5 19 28 40 36 35 29 38 29 35 36 40 46 49 56 75 72 75 56 49 46 50 52 55 58 60 62 65 54 57 59 64 69 80 81 71 74 67 63 68 77 73 77 68 63 67 62 60 58 55 52 50 46 
10 15 5 19 28 40 36 35 29 38 29 35 36 40 46 49 56 75 72 75 56 49 46 50 52 55 58 60 62 65 54 57 59 64 69 80 81 71 74 67 63 68 77 73 72 75 78 66 68 63 67 62 60 58 55 52 50 46 
10 15 5 19 28 40 36 35 29 38 29 35 36 40 46 49 56 75 72 75 56 49 46 50 52 55 58 60 62 65 54 57 59 64 69 80 81 71 74 67 63 68 77 73 77 68 63 67 74 71 81 80 69 64 59 57 54 65 62 60 58 55 52 50 46 
10 15 5 19 28 40 36 35 29 38 29 35 36 40 46 49 56 75 72 75 56 49 46 50 52 55 58 60 62 65 54 57 59 64 69 80 81 71 74 67 63 68 77 73 77 68 63 67 74 83 84 82 81 80 69 64 59 57 54 65 62 60 58 55 52 50 46 
10 15 5 19 28 40 36 35 29 38 29 35 36 40 46 49 56 75 72 75 56 49 46 50 52 55 58 60 62 65 54 57 59 64 69 80 81 71 74 67 63 68 77 73 72 75 78 66 68 63 67 74 71 81 80 69 64 59 57 54 65 62 60 58 55 52 50 46 
10 15 5 19 28 40 36 35 29 38 29 35 36 40 46 49 56 75 72 75 56 49 46 50 52 55 58 60 62 65 54 57 59 64 69 80 81 71 74 67 63 68 77 73 77 68 63 67 74 71 81 80 69 64 59 57 54 53 48 34 45 65 62 60 58 55 52 50 46 
10 15 5 19 28 40 36 35 29 38 29 35 36 40 46 49 56 75 72 75 56 49 46 50 52 55 58 60 62 65 54 57 59 64 69 80 81 71 74 67 63 68 77 73 72 75 78 66 68 63 67 74 83 84 82 81 80 69 64 59 57 54 65 62 60 58 55 52 50 46 
10 15 5 19 28 40 36 35 29 38 29 35 36 40 46 49 56 75 72 75 56 49 46 50 52 55 58 60 62 65 54 57 59 64 69 80 81 71 74 67 63 68 77 73 77 68 63 67 74 83 84 82 81 80 69 64 59 57 54 53 48 34 45 65 62 60 58 55 52 50 46 
---------------
Request id 2
56 75 91 75 78 66 68 63 67 74 83 85 87 
56 75 91 75 72 73 77 68 63 67 74 83 85 87 
56 75 91 75 78 66 68 63 67 74 83 85 101 102 98 94 87 
56 75 91 75 78 66 68 63 67 74 71 81 82 84 83 85 87 
56 75 91 75 56 49 46 50 52 55 58 60 62 67 74 83 85 87 
56 75 91 75 72 73 77 68 63 67 74 83 85 101 102 98 94 87 
56 75 91 75 72 73 77 68 63 67 74 71 81 82 84 83 85 87 
56 75 91 75 78 66 68 63 67 74 71 81 82 84 83 85 101 102 98 94 87 
56 75 91 75 56 49 46 50 52 55 58 60 62 67 74 71 81 82 84 83 85 87 
56 75 91 75 56 49 46 50 52 55 58 60 62 67 74 83 85 101 102 98 94 87 
56 49 46 50 52 55 58 60 62 67 63 68 66 78 75 91 75 78 66 68 63 67 74 83 85 87 
56 49 46 50 52 55 58 60 62 67 63 68 66 78 75 91 75 72 73 77 68 63 67 74 83 85 87 
56 49 46 50 52 55 58 60 62 67 63 68 66 78 75 91 75 78 66 68 63 67 74 83 85 101 102 98 94 87 
56 49 46 50 52 55 58 60 62 67 63 68 66 78 75 91 75 78 66 68 63 67 74 71 81 82 84 83 85 87 
56 49 46 50 52 55 58 60 62 67 63 68 66 78 75 91 75 56 49 46 50 52 55 58 60 62 67 74 83 85 87 
56 49 46 50 52 55 58 60 62 67 63 68 66 78 75 91 75 72 73 77 68 63 67 74 83 85 101 102 98 94 87 
56 49 46 50 52 55 58 60 62 67 63 68 66 78 75 91 75 72 73 77 68 63 67 74 71 81 82 84 83 85 87 
56 49 46 50 52 55 58 60 62 67 63 68 66 78 75 91 75 78 66 68 63 67 74 71 81 82 84 83 85 101 102 98 94 87 
56 49 46 50 52 55 58 60 62 67 63 68 66 78 75 91 75 56 49 46 50 52 55 58 60 62 67 74 71 81 82 84 83 85 87 
56 49 46 50 52 55 58 60 62 67 63 68 66 78 75 91 75 56 49 46 50 52 55 58 60 62 67 74 83 85 101 102 98 94 87 
56 49 46 50 52 55 58 60 62 67 63 68 77 73 72 75 91 75 78 66 68 63 67 74 83 85 87 
56 49 46 50 52 55 58 60 62 67 63 68 77 73 72 75 91 75 72 73 77 68 63 67 74 83 85 87 
56 49 46 50 52 55 58 60 62 67 63 68 77 73 72 75 91 75 78 66 68 63 67 74 83 85 101 102 98 94 87 
56 49 46 50 52 55 58 60 62 67 63 68 77 73 72 75 91 75 78 66 68 63 67 74 71 81 82 84 83 85 87 
56 49 46 50 52 55 58 60 62 67 63 68 77 73 72 75 91 75 56 49 46 50 52 55 58 60 62 67 74 83 85 87 
56 49 46 50 52 55 58 60 62 67 63 68 77 73 72 75 91 75 72 73 77 68 63 67 74 83 85 101 102 98 94 87 
56 49 46 50 52 55 58 60 62 67 63 68 77 73 72 75 91 75 72 73 77 68 63 67 74 71 81 82 84 83 85 87 
56 49 46 50 52 55 58 60 62 67 63 68 77 73 72 75 91 75 78 66 68 63 67 74 71 81 82 84 83 85 101 102 98 94 87 
56 49 46 50 52 55 58 60 62 67 63 68 77 73 72 75 91 75 56 49 46 50 52 55 58 60 62 67 74 71 81 82 84 83 85 87 
56 49 46 50 52 55 58 60 62 67 63 68 77 73 72 75 91 75 56 49 46 50 52 55 58 60 62 67 74 83 85 101 102 98 94 87 
56 49 46 50 52 55 58 60 62 65 54 57 59 64 69 80 81 71 74 67 63 68 66 78 75 91 75 78 66 68 63 67 74 83 85 87 
56 49 46 50 52 55 58 60 62 65 54 57 59 64 69 80 81 71 74 67 63 68 66 78 75 91 75 72 73 77 68 63 67 74 83 85 87 
56 49 46 50 52 55 58 60 62 65 54 57 59 64 69 80 81 71 74 67 63 68 66 78 75 91 75 78 66 68 63 67 74 83 85 101 102 98 94 87 
56 49 46 50 52 55 58 60 62 65 54 57 59 64 69 80 81 71 74 67 63 68 66 78 75 91 75 78 66 68 63 67 74 71 81 82 84 83 85 87 
56 49 46 50 52 55 58 60 62 65 54 57 59 64 69 80 81 71 74 67 63 68 66 78 75 91 75 56 49 46 50 52 55 58 60 62 67 74 83 85 87 
56 49 46 50 52 55 58 60 62 65 54 57 59 64 69 80 81 71 74 67 63 68 66 78 75 91 75 72 73 77 68 63 67 74 83 85 101 102 98 94 87 
56 49 46 50 52 55 58 60 62 65 54 57 59 64 69 80 81 71 74 67 63 68 66 78 75 91 75 72 73 77 68 63 67 74 71 81 82 84 83 85 87 
56 49 46 50 52 55 58 60 62 65 54 57 59 64 69 80 81 71 74 67 63 68 66 78 75 91 75 78 66 68 63 67 74 71 81 82 84 83 85 101 102 98 94 87 
56 49 46 50 52 55 58 60 62 65 54 57 59 64 69 80 81 71 74 67 63 68 66 78 75 91 75 56 49 46 50 52 55 58 60 62 67 74 71 81 82 84 83 85 87 
56 49 46 50 52 55 58 60 62 65 54 57 59 64 69 80 81 71 74 67 63 68 66 78 75 91 75 56 49 46 50 52 55 58 60 62 67 74 83 85 101 102 98 94 87 
---------------
Request id 7
67 63 68 66 66 68 63 67 74 71 81 80 69 79 76 79 69 64 
67 63 68 66 66 68 63 67 74 71 81 80 69 79 76 70 86 79 69 64 
67 63 68 66 66 68 63 67 74 71 81 80 69 79 76 79 69 80 81 71 74 67 62 65 54 57 59 64 
67 63 68 66 66 68 63 67 74 71 81 80 69 79 76 70 86 79 69 80 81 71 74 67 62 65 54 57 59 64 
67 63 68 66 66 68 63 67 74 71 81 80 69 79 76 79 69 80 81 82 84 83 74 67 62 65 54 57 59 64 
67 63 68 66 66 68 63 67 74 71 81 80 69 79 76 79 69 80 81 71 74 67 62 65 45 34 48 53 54 57 59 64 
67 63 68 66 66 68 63 67 74 71 81 80 69 79 76 70 86 79 69 80 81 82 84 83 74 67 62 65 54 57 59 64 
67 63 68 66 66 68 63 67 74 71 81 80 69 79 76 79 69 80 81 82 84 83 74 67 62 65 45 34 48 53 54 57 59 64 
67 63 68 66 66 68 63 67 74 71 81 80 69 79 76 70 86 79 69 80 81 71 74 67 62 65 45 34 48 53 54 57 59 64 
67 63 68 66 66 68 63 67 74 71 81 80 69 79 76 70 86 79 69 80 81 82 84 83 74 67 62 65 45 34 48 53 54 57 59 64 
67 63 68 66 66 68 63 67 62 65 54 57 59 64 69 79 76 79 69 64 
67 63 68 66 66 68 63 67 62 65 54 57 59 64 69 79 76 70 86 79 69 64 
67 63 68 66 66 68 63 67 62 65 54 57 59 64 69 79 76 79 69 80 81 71 74 67 62 65 54 57 59 64 
67 63 68 66 66 68 63 67 62 65 54 57 59 64 69 79 76 70 86 79 69 80 81 71 74 67 62 65 54 57 59 64 
67 63 68 66 66 68 63 67 62 65 54 57 59 64 69 79 76 79 69 80 81 82 84 83 74 67 62 65 54 57 59 64 
67 63 68 66 66 68 63 67 62 65 54 57 59 64 69 79 76 79 69 80 81 71 74 67 62 65 45 34 48 53 54 57 59 64 
67 63 68 66 66 68 63 67 62 65 54 57 59 64 69 79 76 70 86 79 69 80 81 82 84 83 74 67 62 65 54 57 59 64 
67 63 68 66 66 68 63 67 62 65 54 57 59 64 69 79 76 79 69 80 81 82 84 83 74 67 62 65 45 34 48 53 54 57 59 64 
67 63 68 66 66 68 63 67 62 65 54 57 59 64 69 79 76 70 86 79 69 80 81 71 74 67 62 65 45 34 48 53 54 57 59 64 
67 63 68 66 66 68 63 67 62 65 54 57 59 64 69 79 76 70 86 79 69 80 81 82 84 83 74 67 62 65 45 34 48 53 54 57 59 64 
67 63 68 66 66 68 63 67 74 71 81 80 69 79 86 70 76 79 69 64 
67 63 68 66 66 68 63 67 74 71 81 80 69 79 86 70 76 70 86 79 69 64 
67 63 68 66 66 68 63 67 74 71 81 80 69 79 86 70 76 79 69 80 81 71 74 67 62 65 54 57 59 64 
67 63 68 66 66 68 63 67 74 71 81 80 69 79 86 70 76 70 86 79 69 80 81 71 74 67 62 65 54 57 59 64 
67 63 68 66 66 68 63 67 74 71 81 80 69 79 86 70 76 79 69 80 81 82 84 83 74 67 62 65 54 57 59 64 
67 63 68 66 66 68 63 67 74 71 81 80 69 79 86 70 76 79 69 80 81 71 74 67 62 65 45 34 48 53 54 57 59 64 
67 63 68 66 66 68 63 67 74 71 81 80 69 79 86 70 76 70 86 79 69 80 81 82 84 83 74 67 62 65 54 57 59 64 
67 63 68 66 66 68 63 67 74 71 81 80 69 79 86 70 76 79 69 80 81 82 84 83 74 67 62 65 45 34 48 53 54 57 59 64 
67 63 68 66 66 68 63 67 74 71 81 80 69 79 86 70 76 70 86 79 69 80 81 71 74 67 62 65 45 34 48 53 54 57 59 64 
67 63 68 66 66 68 63 67 74 71 81 80 69 79 86 70 76 70 86 79 69 80 81 82 84 83 74 67 62 65 45 34 48 53 54 57 59 64 
67 63 68 66 66 68 63 67 74 83 84 82 81 80 69 79 76 79 69 64 
67 63 68 66 66 68 63 67 74 83 84 82 81 80 69 79 76 70 86 79 69 64 
67 63 68 66 66 68 63 67 74 83 84 82 81 80 69 79 76 79 69 80 81 71 74 67 62 65 54 57 59 64 
67 63 68 66 66 68 63 67 74 83 84 82 81 80 69 79 76 70 86 79 69 80 81 71 74 67 62 65 54 57 59 64 
67 63 68 66 66 68 63 67 74 83 84 82 81 80 69 79 76 79 69 80 81 82 84 83 74 67 62 65 54 57 59 64 
67 63 68 66 66 68 63 67 74 83 84 82 81 80 69 79 76 79 69 80 81 71 74 67 62 65 45 34 48 53 54 57 59 64 
67 63 68 66 66 68 63 67 74 83 84 82 81 80 69 79 76 70 86 79 69 80 81 82 84 83 74 67 62 65 54 57 59 64 
67 63 68 66 66 68 63 67 74 83 84 82 81 80 69 79 76 79 69 80 81 82 84 83 74 67 62 65 45 34 48 53 54 57 59 64 
67 63 68 66 66 68 63 67 74 83 84 82 81 80 69 79 76 70 86 79 69 80 81 71 74 67 62 65 45 34 48 53 54 57 59 64 
67 63 68 66 66 68 63 67 74 83 84 82 81 80 69 79 76 70 86 79 69 80 81 82 84 83 74 67 62 65 45 34 48 53 54 57 59 64 
---------------
Request id 4
81 82 81 80 69 79 86 70 76 79 69 80 81 82 84 83 85 101 102 101 85 83 74 67 63 68 66 78 75 
81 82 81 80 69 79 86 70 76 79 69 80 81 82 84 83 85 101 102 101 85 83 74 67 63 68 77 73 72 75 
81 82 81 80 69 79 86 70 76 79 69 80 81 82 84 83 85 101 102 98 94 87 85 83 74 67 63 68 66 78 75 
81 82 81 80 69 79 86 70 76 79 69 80 81 82 84 83 85 101 102 98 94 87 85 83 74 67 63 68 77 73 72 75 
81 82 81 80 69 79 86 70 76 79 69 80 81 82 84 83 85 101 102 101 85 83 84 82 81 71 74 67 63 68 66 78 75 
81 82 81 80 69 79 86 70 76 79 69 80 81 82 84 83 85 101 102 101 85 83 74 67 62 60 58 55 52 50 46 49 56 75 
81 82 81 80 69 79 86 70 76 79 69 80 81 82 84 83 85 101 102 101 85 83 84 82 81 71 74 67 63 68 77 73 72 75 
81 82 81 80 69 79 86 70 76 79 69 80 81 82 84 83 85 101 102 98 94 87 85 83 84 82 81 71 74 67 63 68 66 78 75 
81 82 81 80 69 79 86 70 76 79 69 80 81 82 84 83 85 101 102 98 94 87 85 83 74 67 62 60 58 55 52 50 46 49 56 75 
81 82 81 80 69 79 86 70 76 79 69 80 81 82 84 83 85 101 102 98 94 87 85 83 84 82 81 71 74 67 63 68 77 73 72 75 
81 82 81 80 69 79 86 70 86 79 69 80 81 71 74 83 85 101 102 101 85 83 74 67 63 68 66 78 75 
81 82 81 80 69 79 86 70 86 79 69 80 81 71 74 83 85 101 102 101 85 83 74 67 63 68 77 73 72 75 
81 82 81 80 69 79 86 70 86 79 69 80 81 71 74 83 85 101 102 98 94 87 85 83 74 67 63 68 66 78 75 
81 82 81 80 69 79 86 70 86 79 69 80 81 71 74 83 85 101 102 98 94 87 85 83 74 67 63 68 77 73 72 75 
81 82 81 80 69 79 86 70 86 79 69 80 81 71 74 83 85 101 102 101 85 83 84 82 81 71 74 67 63 68 66 78 75 
81 82 81 80 69 79 86 70 86 79 69 80 81 71 74 83 85 101 102 101 85 83 74 67 62 60 58 55 52 50 46 49 56 75 
81 82 81 80 69 79 86 70 86 79 69 80 81 71 74 83 85 101 102 101 85 83 84 82 81 71 74 67 63 68 77 73 72 75 
81 82 81 80 69 79 86 70 86 79 69 80 81 71 74 83 85 101 102 98 94 87 85 83 84 82 81 71 74 67 63 68 66 78 75 
81 82 81 80 69 79 86 70 86 79 69 80 81 71 74 83 85 101 102 98 94 87 85 83 74 67 62 60 58 55 52 50 46 49 56 75 
81 82 81 80 69 79 86 70 86 79 69 80 81 71 74 83 85 101 102 98 94 87 85 83 84 82 81 71 74 67 63 68 77 73 72 75 
81 82 81 80 69 79 86 70 76 79 69 80 81 71 74 83 85 101 102 101 85 83 74 67 63 68 66 78 75 
81 82 81 80 69 79 86 70 76 79 69 80 81 71 74 83 85 101 102 101 85 83 74 67 63 68 77 73 72 75 
81 82 81 80 69 79 86 70 76 79 69 80 81 71 74 83 85 101 102 98 94 87 85 83 74 67 63 68 66 78 75 
81 82 81 80 69 79 86 70 76 79 69 80 81 71 74 83 85 101 102 98 94 87 85 83 74 67 63 68 77 73 72 75 
81 82 81 80 69 79 86 70 76 79 69 80 81 71 74 83 85 101 102 101 85 83 84 82 81 71 74 67 63 68 66 78 75 
81 82 81 80 69 79 86 70 76 79 69 80 81 71 74 83 85 101 102 101 85 83 74 67 62 60 58 55 52 50 46 49 56 75 
81 82 81 80 69 79 86 70 76 79 69 80 81 71 74 83 85 101 102 101 85 83 84 82 81 71 74 67 63 68 77 73 72 75 
81 82 81 80 69 79 86 70 76 79 69 80 81 71 74 83 85 101 102 98 94 87 85 83 84 82 81 71 74 67 63 68 66 78 75 
81 82 81 80 69 79 86 70 76 79 69 80 81 71 74 83 85 101 102 98 94 87 85 83 74 67 62 60 58 55 52 50 46 49 56 75 
81 82 81 80 69 79 86 70 76 79 69 80 81 71 74 83 85 101 102 98 94 87 85 83 84 82 81 71 74 67 63 68 77 73 72 75 
81 82 81 80 69 79 86 70 86 79 69 80 81 82 84 83 85 101 102 101 85 83 74 67 63 68 66 78 75 
81 82 81 80 69 79 86 70 86 79 69 80 81 82 84 83 85 101 102 101 85 83 74 67 63 68 77 73 72 75 
81 82 81 80 69 79 86 70 86 79 69 80 81 82 84 83 85 101 102 98 94 87 85 83 74 67 63 68 66 78 75 
81 82 81 80 69 79 86 70 86 79 69 80 81 82 84 83 85 101 102 98 94 87 85 83 74 67 63 68 77 73 72 75 
81 82 81 80 69 79 86 70 86 79 69 80 81 82 84 83 85 101 102 101 85 83 84 82 81 71 74 67 63 68 66 78 75 
81 82 81 80 69 79 86 70 86 79 69 80 81 82 84 83 85 101 102 101 85 83 74 67 62 60 58 55 52 50 46 49 56 75 
81 82 81 80 69 79 86 70 86 79 69 80 81 82 84 83 85 101 102 101 85 83 84 82 81 71 74 67 63 68 77 73 72 75 
81 82 81 80 69 79 86 70 86 79 69 80 81 82 84 83 85 101 102 98 94 87 85 83 84 82 81 71 74 67 63 68 66 78 75 
81 82 81 80 69 79 86 70 86 79 69 80 81 82 84 83 85 101 102 98 94 87 85 83 74 67 62 60 58 55 52 50 46 49 56 75 
81 82 81 80 69 79 86 70 86 79 69 80 81 82 84 83 85 101 102 98 94 87 85 83 84 82 81 71 74 67 63 68 77 73 72 75 
---------------
Request id 1
74 83 85 87 94 100 99 97 96 95 96 97 99 100 94 98 102 101 103 101 102 98 94 
74 83 85 87 94 100 99 97 96 95 96 97 99 100 94 98 102 101 103 101 85 87 94 
74 83 85 87 94 100 99 97 96 95 96 97 99 100 94 87 85 101 103 101 102 98 94 
74 83 85 87 94 100 99 97 96 95 96 97 99 100 94 87 85 101 103 101 85 87 94 
74 83 85 101 102 98 94 100 99 97 96 95 96 97 99 100 94 98 102 101 103 101 102 98 94 
74 83 85 101 102 98 94 100 99 97 96 95 96 97 99 100 94 98 102 101 103 101 85 87 94 
74 83 85 101 102 98 94 100 99 97 96 95 96 97 99 100 94 87 85 101 103 101 102 98 94 
74 83 85 101 102 98 94 100 99 97 96 95 96 97 99 100 94 87 85 101 103 101 85 87 94 
74 71 81 82 84 83 85 87 94 100 99 97 96 95 96 97 99 100 94 98 102 101 103 101 102 98 94 
74 71 81 82 84 83 85 87 94 100 99 97 96 95 96 97 99 100 94 98 102 101 103 101 85 87 94 
74 71 81 82 84 83 85 87 94 100 99 97 96 95 96 97 99 100 94 87 85 101 103 101 102 98 94 
74 71 81 82 84 83 85 87 94 100 99 97 96 95 96 97 99 100 94 87 85 101 103 101 85 87 94 
74 71 81 82 84 83 85 101 102 98 94 100 99 97 96 95 96 97 99 100 94 98 102 101 103 101 102 98 94 
74 71 81 82 84 83 85 101 102 98 94 100 99 97 96 95 96 97 99 100 94 98 102 101 103 101 85 87 94 
74 71 81 82 84 83 85 101 102 98 94 100 99 97 96 95 96 97 99 100 94 87 85 101 103 101 102 98 94 
74 71 81 82 84 83 85 101 102 98 94 100 99 97 96 95 96 97 99 100 94 87 85 101 103 101 85 87 94 
74 67 62 65 54 57 59 64 69 80 81 82 84 83 85 87 94 100 99 97 96 95 96 97 99 100 94 98 102 101 103 101 102 98 94 
74 67 62 65 54 57 59 64 69 80 81 82 84 83 85 87 94 100 99 97 96 95 96 97 99 100 94 98 102 101 103 101 85 87 94 
74 67 62 65 54 57 59 64 69 80 81 82 84 83 85 87 94 100 99 97 96 95 96 97 99 100 94 87 85 101 103 101 102 98 94 
74 67 62 65 54 57 59 64 69 80 81 82 84 83 85 87 94 100 99 97 96 95 96 97 99 100 94 87 85 101 103 101 85 87 94 
74 67 62 65 54 57 59 64 69 80 81 82 84 83 85 101 102 98 94 100 99 97 96 95 96 97 99 100 94 98 102 101 103 101 102 98 94 
74 67 62 65 54 57 59 64 69 80 81 82 84 83 85 101 102 98 94 100 99 97 96 95 96 97 99 100 94 98 102 101 103 101 85 87 94 
74 67 62 65 54 57 59 64 69 80 81 82 84 83 85 101 102 98 94 100 99 97 96 95 96 97 99 100 94 87 85 101 103 101 102 98 94 
74 67 62 65 54 57 59 64 69 80 81 82 84 83 85 101 102 98 94 100 99 97 96 95 96 97 99 100 94 87 85 101 103 101 85 87 94 
74 67 62 65 45 34 48 53 54 57 59 64 69 80 81 82 84 83 85 87 94 100 99 97 96 95 96 97 99 100 94 98 102 101 103 101 102 98 94 
74 67 62 65 45 34 48 53 54 57 59 64 69 80 81 82 84 83 85 87 94 100 99 97 96 95 96 97 99 100 94 98 102 101 103 101 85 87 94 
74 67 62 65 45 34 48 53 54 57 59 64 69 80 81 82 84 83 85 87 94 100 99 97 96 95 96 97 99 100 94 87 85 101 103 101 102 98 94 
74 67 62 65 45 34 48 53 54 57 59 64 69 80 81 82 84 83 85 87 94 100 99 97 96 95 96 97 99 100 94 87 85 101 103 101 85 87 94 
74 67 62 65 45 34 48 53 54 57 59 64 69 80 81 82 84 83 85 101 102 98 94 100 99 97 96 95 96 97 99 100 94 98 102 101 103 101 102 98 94 
74 67 62 65 45 34 48 53 54 57 59 64 69 80 81 82 84 83 85 101 102 98 94 100 99 97 96 95 96 97 99 100 94 98 102 101 103 101 85 87 94 
74 67 62 65 45 34 48 53 54 57 59 64 69 80 81 82 84 83 85 101 102 98 94 100 99 97 96 95 96 97 99 100 94 87 85 101 103 101 102 98 94 
74 67 62 65 45 34 48 53 54 57 59 64 69 80 81 82 84 83 85 101 102 98 94 100 99 97 96 95 96 97 99 100 94 87 85 101 103 101 85 87 94 
74 67 63 68 66 78 75 56 49 46 50 52 55 58 60 62 65 54 57 59 64 69 80 81 82 84 83 85 87 94 100 99 97 96 95 96 97 99 100 94 98 102 101 103 101 102 98 94 
74 67 63 68 66 78 75 56 49 46 50 52 55 58 60 62 65 54 57 59 64 69 80 81 82 84 83 85 87 94 100 99 97 96 95 96 97 99 100 94 98 102 101 103 101 85 87 94 
74 67 63 68 66 78 75 56 49 46 50 52 55 58 60 62 65 54 57 59 64 69 80 81 82 84 83 85 87 94 100 99 97 96 95 96 97 99 100 94 87 85 101 103 101 102 98 94 
74 67 63 68 66 78 75 56 49 46 50 52 55 58 60 62 65 54 57 59 64 69 80 81 82 84 83 85 87 94 100 99 97 96 95 96 97 99 100 94 87 85 101 103 101 85 87 94 
74 67 63 68 77 73 72 75 56 49 46 50 52 55 58 60 62 65 54 57 59 64 69 80 81 82 84 83 85 87 94 100 99 97 96 95 96 97 99 100 94 98 102 101 103 101 102 98 94 
74 67 63 68 77 73 72 75 56 49 46 50 52 55 58 60 62 65 54 57 59 64 69 80 81 82 84 83 85 87 94 100 99 97 96 95 96 97 99 100 94 98 102 101 103 101 85 87 94 
74 67 63 68 77 73 72 75 56 49 46 50 52 55 58 60 62 65 54 57 59 64 69 80 81 82 84 83 85 87 94 100 99 97 96 95 96 97 99 100 94 87 85 101 103 101 102 98 94 
74 67 63 68 77 73 72 75 56 49 46 50 52 55 58 60 62 65 54 57 59 64 69 80 81 82 84 83 85 87 94 100 99 97 96 95 96 97 99 100 94 87 85 101 103 101 85 87 94 
---------------
Request id 3
35 36 40 46 49 56 75 72 73 77 68 63 67 74 71 81 80 69 79 76 79 86 93 86 79 69 64 59 57 54 65 62 60 58 55 52 50 46 40 36 35 29 23 17 9 3 0 4 
35 36 40 46 49 56 75 72 73 77 68 63 67 74 71 81 80 69 79 76 79 86 93 86 79 69 80 81 71 74 67 62 60 58 55 52 50 46 40 36 35 29 23 17 9 3 0 4 
35 36 40 46 49 56 75 72 73 77 68 63 67 74 71 81 80 69 79 76 79 86 93 86 79 69 80 81 71 74 67 63 68 66 78 75 56 49 46 40 36 35 29 23 17 9 3 0 4 
35 36 40 46 49 56 75 72 73 77 68 63 67 74 71 81 80 69 79 76 79 86 93 86 70 76 79 69 80 81 71 74 67 62 60 58 55 52 50 46 40 36 35 29 23 17 9 3 0 4 
35 36 40 46 49 56 75 72 73 77 68 63 67 74 71 81 80 69 79 76 79 86 93 86 79 69 80 81 82 84 83 74 67 62 60 58 55 52 50 46 40 36 35 29 23 17 9 3 0 4 
35 36 40 46 49 56 75 72 73 77 68 63 67 74 71 81 80 69 79 76 79 86 93 86 70 76 79 69 64 59 57 54 65 62 60 58 55 52 50 46 40 36 35 29 23 17 9 3 0 4 
35 36 40 46 49 56 75 72 73 77 68 63 67 74 71 81 80 69 79 76 79 86 93 86 79 69 80 81 71 74 67 63 68 77 73 72 75 56 49 46 40 36 35 29 23 17 9 3 0 4 
35 36 40 46 49 56 75 72 73 77 68 63 67 74 71 81 80 69 79 76 79 86 93 86 79 69 64 59 57 54 65 62 67 63 68 66 78 75 56 49 46 40 36 35 29 23 17 9 3 0 4 
35 36 40 46 49 56 75 72 73 77 68 63 67 74 71 81 80 69 79 76 79 86 93 86 70 76 79 69 80 81 71 74 67 63 68 66 78 75 56 49 46 40 36 35 29 23 17 9 3 0 4 
35 36 40 46 49 56 75 72 73 77 68 63 67 74 71 81 80 69 79 76 79 86 93 86 79 69 80 81 82 84 83 74 67 63 68 66 78 75 56 49 46 40 36 35 29 23 17 9 3 0 4 
35 36 40 46 49 56 75 72 73 77 68 63 67 74 71 81 80 69 79 76 70 86 93 86 79 69 64 59 57 54 65 62 60 58 55 52 50 46 40 36 35 29 23 17 9 3 0 4 
35 36 40 46 49 56 75 72 73 77 68 63 67 74 71 81 80 69 79 76 70 86 93 86 79 69 80 81 71 74 67 62 60 58 55 52 50 46 40 36 35 29 23 17 9 3 0 4 
35 36 40 46 49 56 75 72 73 77 68 63 67 74 71 81 80 69 79 76 70 86 93 86 79 69 80 81 71 74 67 63 68 66 78 75 56 49 46 40 36 35 29 23 17 9 3 0 4 
35 36 40 46 49 56 75 72 73 77 68 63 67 74 71 81 80 69 79 76 70 86 93 86 70 76 79 69 80 81 71 74 67 62 60 58 55 52 50 46 40 36 35 29 23 17 9 3 0 4 
35 36 40 46 49 56 75 72 73 77 68 63 67 74 71 81 80 69 79 76 70 86 93 86 79 69 80 81 82 84 83 74 67 62 60 58 55 52 50 46 40 36 35 29 23 17 9 3 0 4 
35 36 40 46 49 56 75 72 73 77 68 63 67 74 71 81 80 69 79 76 70 86 93 86 70 76 79 69 64 59 57 54 65 62 60 58 55 52 50 46 40 36 35 29 23 17 9 3 0 4 
35 36 40 46 49 56 75 72 73 77 68 63 67 74 71 81 80 69 79 76 70 86 93 86 79 69 80 81 71 74 67 63 68 77 73 72 75 56 49 46 40 36 35 29 23 17 9 3 0 4 
35 36 40 46 49 56 75 72 73 77 68 63 67 74 71 81 80 69 79 76 70 86 93 86 79 69 64 59 57 54 65 62 67 63 68 66 78 75 56 49 46 40 36 35 29 23 17 9 3 0 4 
35 36 40 46 49 56 75 72 73 77 68 63 67 74 71 81 80 69 79 76 70 86 93 86 70 76 79 69 80 81 71 74 67 63 68 66 78 75 56 49 46 40 36 35 29 23 17 9 3 0 4 
35 36 40 46 49 56 75 72 73 77 68 63 67 74 71 81 80 69 79 76 70 86 93 86 79 69 80 81 82 84 83 74 67 63 68 66 78 75 56 49 46 40 36 35 29 23 17 9 3 0 4 
35 36 40 46 49 56 75 72 75 78 66 68 63 67 74 71 81 80 69 79 76 79 86 93 86 79 69 64 59 57 54 65 62 60 58 55 52 50 46 40 36 35 29 23 17 9 3 0 4 
35 36 40 46 49 56 75 72 75 78 66 68 63 67 74 71 81 80 69 79 76 79 86 93 86 79 69 80 81 71 74 67 62 60 58 55 52 50 46 40 36 35 29 23 17 9 3 0 4 
35 36 40 46 49 56 75 72 75 78 66 68 63 67 74 71 81 80 69 79 76 79 86 93 86 79 69 80 81 71 74 67 63 68 66 78 75 56 49 46 40 36 35 29 23 17 9 3 0 4 
35 36 40 46 49 56 75 72 75 78 66 68 63 67 74 71 81 80 69 79 76 79 86 93 86 70 76 79 69 80 81 71 74 67 62 60 58 55 52 50 46 40 36 35 29 23 17 9 3 0 4 
35 36 40 46 49 56 75 72 75 78 66 68 63 67 74 71 81 80 69 79 76 79 86 93 86 79 69 80 81 82 84 83 74 67 62 60 58 55 52 50 46 40 36 35 29 23 17 9 3 0 4 
35 36 40 46 49 56 75 72 75 78 66 68 63 67 74 71 81 80 69 79 76 79 86 93 86 70 76 79 69 64 59 57 54 65 62 60 58 55 52 50 46 40 36 35 29 23 17 9 3 0 4 
35 36 40 46 49 56 75 72 75 78 66 68 63 67 74 71 81 80 69 79 76 79 86 93 86 79 69 80 81 71 74 67 63 68 77 73 72 75 56 49 46 40 36 35 29 23 17 9 3 0 4 
35 36 40 46 49 56 75 72 75 78 66 68 63 67 74 71 81 80 69 79 76 79 86 93 86 79 69 64 59 57 54 65 62 67 63 68 66 78 75 56 49 46 40 36 35 29 23 17 9 3 0 4 
35 36 40 46 49 56 75 72 75 78 66 68 63 67 74 71 81 80 69 79 76 79 86 93 86 70 76 79 69 80 81 71 74 67 63 68 66 78 75 56 49 46 40 36 35 29 23 17 9 3 0 4 
35 36 40 46 49 56 75 72 75 78 66 68 63 67 74 71 81 80 69 79 76 79 86 93 86 79 69 80 81 82 84 83 74 67 63 68 66 78 75 56 49 46 40 36 35 29 23 17 9 3 0 4 
35 36 40 46 49 56 75 72 75 78 66 68 63 67 74 71 81 80 69 79 76 70 86 93 86 79 69 64 59 57 54 65 62 60 58 55 52 50 46 40 36 35 29 23 17 9 3 0 4 
35 36 40 46 49 56 75 72 75 78 66 68 63 67 74 71 81 80 69 79 76 70 86 93 86 79 69 80 81 71 74 67 62 60 58 55 52 50 46 40 36 35 29 23 17 9 3 0 4 
35 36 40 46 49 56 75 72 75 78 66 68 63 67 74 71 81 80 69 79 76 70 86 93 86 79 69 80 81 71 74 67 63 68 66 78 75 56 49 46 40 36 35 29 23 17 9 3 0 4 
35 36 40 46 49 56 75 72 75 78 66 68 63 67 74 71 81 80 69 79 76 70 86 93 86 70 76 79 69 80 81 71 74 67 62 60 58 55 52 50 46 40 36 35 29 23 17 9 3 0 4 
35 36 40 46 49 56 75 72 75 78 66 68 63 67 74 71 81 80 69 79 76 70 86 93 86 79 69 80 81 82 84 83 74 67 62 60 58 55 52 50 46 40 36 35 29 23 17 9 3 0 4 
35 36 40 46 49 56 75 72 75 78 66 68 63 67 74 71 81 80 69 79 76 70 86 93 86 70 76 79 69 64 59 57 54 65 62 60 58 55 52 50 46 40 36 35 29 23 17 9 3 0 4 
35 36 40 46 49 56 75 72 75 78 66 68 63 67 74 71 81 80 69 79 76 70 86 93 86 79 69 80 81 71 74 67 63 68 77 73 72 75 56 49 46 40 36 35 29 23 17 9 3 0 4 
35 36 40 46 49 56 75 72 75 78 66 68 63 67 74 71 81 80 69 79 76 70 86 93 86 79 69 64 59 57 54 65 62 67 63 68 66 78 75 56 49 46 40 36 35 29 23 17 9 3 0 4 
35 36 40 46 49 56 75 72 75 78 66 68 63 67 74 71 81 80 69 79 76 70 86 93 86 70 76 79 69 80 81 71 74 67 63 68 66 78 75 56 49 46 40 36 35 29 23 17 9 3 0 4 
35 36 40 46 49 56 75 72 75 78 66 68 63 67 74 71 81 80 69 79 76 70 86 93 86 79 69 80 81 82 84 83 74 67 63 68 66 78 75 56 49 46 40 36 35 29 23 17 9 3 0 4 
---------------
Request id 10
0 3 9 17 23 29 35 36 40 46 50 52 55 58 60 62 67 74 83 85 101 102 101 103 101 85 83 74 67 62 65 54 57 59 
0 3 9 17 23 29 35 36 40 46 50 52 55 58 60 62 67 74 83 85 101 102 101 103 101 85 83 84 82 81 80 69 64 59 
0 3 9 17 23 29 35 36 40 46 50 52 55 58 60 62 67 74 83 85 101 102 101 103 101 85 83 74 71 81 80 69 64 59 
0 3 9 17 23 29 35 36 40 46 50 52 55 58 60 62 67 74 83 85 101 102 101 103 101 85 83 84 82 81 71 74 67 62 65 54 57 59 
0 3 9 17 23 29 35 36 40 46 50 52 55 58 60 62 67 74 83 85 101 102 101 103 101 102 98 94 87 85 83 84 82 81 80 69 64 59 
0 3 9 17 23 29 35 36 40 46 50 52 55 58 60 62 67 74 83 85 101 102 101 103 101 102 98 94 87 85 83 74 67 62 65 54 57 59 
0 3 9 17 23 29 35 36 40 46 50 52 55 58 60 62 67 74 83 85 101 102 101 103 101 102 98 94 87 85 83 74 71 81 80 69 64 59 
0 3 9 17 23 29 35 36 40 46 50 52 55 58 60 62 67 74 83 85 101 102 101 103 101 85 83 74 67 62 65 45 34 48 53 54 57 59 
0 3 9 17 23 29 35 36 40 46 50 52 55 58 60 62 67 74 83 85 101 102 101 103 101 85 83 84 82 81 71 74 67 62 65 45 34 48 53 54 57 59 
0 3 9 17 23 29 35 36 40 46 50 52 55 58 60 62 67 74 83 85 101 102 101 103 101 102 98 94 87 85 83 84 82 81 71 74 67 62 65 54 57 59 
0 3 9 17 23 29 35 36 40 46 50 52 55 58 60 62 67 74 83 85 101 102 98 94 87 85 101 103 101 85 83 74 67 62 65 54 57 59 
0 3 9 17 23 29 35 36 40 46 50 52 55 58 60 62 67 74 83 85 101 102 98 94 87 85 101 103 101 85 83 84 82 81 80 69 64 59 
0 3 9 17 23 29 35 36 40 46 50 52 55 58 60 62 67 74 83 85 101 102 98 94 87 85 101 103 101 85 83 74 71 81 80 69 64 59 
0 3 9 17 23 29 35 36 40 46 50 52 55 58 60 62 67 74 83 85 101 102 98 94 87 85 101 103 101 85 83 84 82 81 71 74 67 62 65 54 57 59 
0 3 9 17 23 29 35 36 40 46 50 52 55 58 60 62 67 74 83 85 101 102 98 94 87 85 101 103 101 102 98 94 87 85 83 84 82 81 80 69 64 59 
0 3 9 17 23 29 35 36 40 46 50 52 55 58 60 62 67 74 83 85 101 102 98 94 87 85 101 103 101 102 98 94 87 85 83 74 67 62 65 54 57 59 
0 3 9 17 23 29 35 36 40 46 50 52 55 58 60 62 67 74 83 85 101 102 98 94 87 85 101 103 101 102 98 94 87 85 83 74 71 81 80 69 64 59 
0 3 9 17 23 29 35 36 40 46 50 52 55 58 60 62 67 74 83 85 101 102 98 94 87 85 101 103 101 85 83 74 67 62 65 45 34 48 53 54 57 59 
0 3 9 17 23 29 35 36 40 46 50 52 55 58 60 62 67 74 83 85 101 102 98 94 87 85 101 103 101 85 83 84 82 81 71 74 67 62 65 45 34 48 53 54 57 59 
0 3 9 17 23 29 35 36 40 46 50 52 55 58 60 62 67 74 83 85 101 102 98 94 87 85 101 103 101 102 98 94 87 85 83 84 82 81 71 74 67 62 65 54 57 59 
0 3 9 17 23 29 35 36 40 46 49 56 75 78 66 68 63 67 74 83 85 101 102 101 103 101 85 83 74 67 62 65 54 57 59 
0 3 9 17 23 29 35 36 40 46 49 56 75 78 66 68 63 67 74 83 85 101 102 101 103 101 85 83 84 82 81 80 69 64 59 
0 3 9 17 23 29 35 36 40 46 49 56 75 78 66 68 63 67 74 83 85 101 102 101 103 101 85 83 74 71 81 80 69 64 59 
0 3 9 17 23 29 35 36 40 46 49 56 75 78 66 68 63 67 74 83 85 101 102 101 103 101 85 83 84 82 81 71 74 67 62 65 54 57 59 
0 3 9 17 23 29 35 36 40 46 49 56 75 78 66 68 63 67 74 83 85 101 102 101 103 101 102 98 94 87 85 83 84 82 81 80 69 64 59 
0 3 9 17 23 29 35 36 40 46 49 56 75 78 66 68 63 67 74 83 85 101 102 101 103 101 102 98 94 87 85 83 74 67 62 65 54 57 59 
0 3 9 17 23 29 35 36 40 46 49 56 75 78 66 68 63 67 74 83 85 101 102 101 103 101 102 98 94 87 85 83 74 71 81 80 69 64 59 
0 3 9 17 23 29 35 36 40 46 49 56 75 78 66 68 63 67 74 83 85 101 102 101 103 101 85 83 74 67 62 65 45 34 48 53 54 57 59 
0 3 9 17 23 29 35 36 40 46 49 56 75 78 66 68 63 67 74 83 85 101 102 101 103 101 85 83 84 82 81 71 74 67 62 65 45 34 48 53 54 57 59 
0 3 9 17 23 29 35 36 40 46 49 56 75 78 66 68 63 67 74 83 85 101 102 101 103 101 102 98 94 87 85 83 84 82 81 71 74 67 62 65 54 57 59 
0 3 9 17 23 29 35 36 40 46 49 56 75 78 66 68 63 67 74 83 85 101 102 98 94 87 85 101 103 101 85 83 74 67 62 65 54 57 59 
0 3 9 17 23 29 35 36 40 46 49 56 75 78 66 68 63 67 74 83 85 101 102 98 94 87 85 101 103 101 85 83 84 82 81 80 69 64 59 
0 3 9 17 23 29 35 36 40 46 49 56 75 78 66 68 63 67 74 83 85 101 102 98 94 87 85 101 103 101 85 83 74 71 81 80 69 64 59 
0 3 9 17 23 29 35 36 40 46 49 56 75 78 66 68 63 67 74 83 85 101 102 98 94 87 85 101 103 101 85 83 84 82 81 71 74 67 62 65 54 57 59 
0 3 9 17 23 29 35 36 40 46 49 56 75 78 66 68 63 67 74 83 85 101 102 98 94 87 85 101 103 101 102 98 94 87 85 83 84 82 81 80 69 64 59 
0 3 9 17 23 29 35 36 40 46 49 56 75 78 66 68 63 67 74 83 85 101 102 98 94 87 85 101 103 101 102 98 94 87 85 83 74 67 62 65 54 57 59 
0 3 9 17 23 29 35 36 40 46 49 56 75 78 66 68 63 67 74 83 85 101 102 98 94 87 85 101 103 101 102 98 94 87 85 83 74 71 81 80 69 64 59 
0 3 9 17 23 29 35 36 40 46 49 56 75 78 66 68 63 67 74 83 85 101 102 98 94 87 85 101 103 101 85 83 74 67 62 65 45 34 48 53 54 57 59 
0 3 9 17 23 29 35 36 40 46 49 56 75 78 66 68 63 67 74 83 85 101 102 98 94 87 85 101 103 101 85 83 84 82 81 71 74 67 62 65 45 34 48 53 54 57 59 
0 3 9 17 23 29 35 36 40 46 49 56 75 78 66 68 63 67 74 83 85 101 102 98 94 87 85 101 103 101 102 98 94 87 85 83 84 82 81 71 74 67 62 65 54 57 59 
---------------
Request id 9
87 85 101 103 101 85 83 84 88 89 88 84 83 74 67 62 60 58 55 52 50 46 40 36 35 
87 85 101 103 101 85 83 84 88 89 88 84 83 74 67 63 68 66 78 75 56 49 46 40 36 35 
87 85 101 103 101 85 83 84 88 89 88 84 82 81 71 74 67 62 60 58 55 52 50 46 40 36 35 
87 85 101 103 101 85 83 84 88 89 88 84 83 74 67 63 68 77 73 72 75 56 49 46 40 36 35 
87 85 101 103 101 85 83 84 88 89 88 84 83 74 67 62 60 58 55 52 50 46 40 37 30 21 26 35 
87 85 101 103 101 85 83 84 88 89 88 84 82 81 71 74 67 63 68 66 78 75 56 49 46 40 36 35 
87 85 101 103 101 85 83 84 88 89 88 84 83 74 67 63 68 66 78 75 56 49 46 40 37 30 21 26 35 
87 85 101 103 101 85 83 84 88 89 88 84 82 81 71 74 67 63 68 77 73 72 75 56 49 46 40 36 35 
87 85 101 103 101 85 83 84 88 89 88 84 82 81 71 74 67 62 60 58 55 52 50 46 40 37 30 21 26 35 
87 85 101 103 101 85 83 84 88 89 88 84 83 74 67 63 68 77 73 72 75 56 49 46 40 37 30 21 26 35 
87 85 101 103 101 102 98 94 87 85 83 84 88 89 88 84 83 74 67 62 60 58 55 52 50 46 40 36 35 
87 85 101 103 101 102 98 94 87 85 83 84 88 89 88 84 83 74 67 63 68 66 78 75 56 49 46 40 36 35 
87 85 101 103 101 102 98 94 87 85 83 84 88 89 88 84 82 81 71 74 67 62 60 58 55 52 50 46 40 36 35 
87 85 101 103 101 102 98 94 87 85 83 84 88 89 88 84 83 74 67 63 68 77 73 72 75 56 49 46 40 36 35 
87 85 101 103 101 102 98 94 87 85 83 84 88 89 88 84 83 74 67 62 60 58 55 52 50 46 40 37 30 21 26 35 
87 85 101 103 101 102 98 94 87 85 83 84 88 89 88 84 82 81 71 74 67 63 68 66 78 75 56 49 46 40 36 35 
87 85 101 103 101 102 98 94 87 85 83 84 88 89 88 84 83 74 67 63 68 66 78 75 56 49 46 40 37 30 21 26 35 
87 85 101 103 101 102 98 94 87 85 83 84 88 89 88 84 82 81 71 74 67 63 68 77 73 72 75 56 49 46 40 36 35 
87 85 101 103 101 102 98 94 87 85 83 84 88 89 88 84 82 81 71 74 67 62 60 58 55 52 50 46 40 37 30 21 26 35 
87 85 101 103 101 102 98 94 87 85 83 84 88 89 88 84 83 74 67 63 68 77 73 72 75 56 49 46 40 37 30 21 26 35 
87 85 101 103 101 85 83 74 71 81 82 84 88 89 88 84 83 74 67 62 60 58 55 52 50 46 40 36 35 
87 85 101 103 101 85 83 74 71 81 82 84 88 89 88 84 83 74 67 63 68 66 78 75 56 49 46 40 36 35 
87 85 101 103 101 85 83 74 71 81 82 84 88 89 88 84 82 81 71 74 67 62 60 58 55 52 50 46 40 36 35 
87 85 101 103 101 85 83 74 71 81 82 84 88 89 88 84 83 74 67 63 68 77 73 72 75 56 49 46 40 36 35 
87 85 101 103 101 85 83 74 71 81 82 84 88 89 88 84 83 74 67 62 60 58 55 52 50 46 40 37 30 21 26 35 
87 85 101 103 101 85 83 74 71 81 82 84 88 89 88 84 82 81 71 74 67 63 68 66 78 75 56 49 46 40 36 35 
87 85 101 103 101 85 83 74 71 81 82 84 88 89 88 84 83 74 67 63 68 66 78 75 56 49 46 40 37 30 21 26 35 
87 85 101 103 101 85 83 74 71 81 82 84 88 89 88 84 82 81 71 74 67 63 68 77 73 72 75 56 49 46 40 36 35 
87 85 101 103 101 85 83 74 71 81 82 84 88 89 88 84 82 81 71 74 67 62 60 58 55 52 50 46 40 37 30 21 26 35 
87 85 101 103 101 85 83 74 71 81 82 84 88 89 88 84 83 74 67 63 68 77 73 72 75 56 49 46 40 37 30 21 26 35 
87 85 101 103 101 102 98 94 87 85 83 74 71 81 82 84 88 89 88 84 83 74 67 62 60 58 55 52 50 46 40 36 35 
87 85 101 103 101 102 98 94 87 85 83 74 71 81 82 84 88 89 88 84 83 74 67 63 68 66 78 75 56 49 46 40 36 35 
87 85 101 103 101 102 98 94 87 85 83 74 71 81 82 84 88 89 88 84 82 81 71 74 67 62 60 58 55 52 50 46 40 36 35 
87 85 101 103 101 102 98 94 87 85 83 74 71 81 82 84 88 89 88 84 83 74 67 63 68 77 73 72 75 56 49 46 40 36 35 
87 85 101 103 101 102 98 94 87 85 83 74 71 81 82 84 88 89 88 84 83 74 67 62 60 58 55 52 50 46 40 37 30 21 26 35 
87 85 101 103 101 102 98 94 87 85 83 74 71 81 82 84 88 89 88 84 82 81 71 74 67 63 68 66 78 75 56 49 46 40 36 35 
87 85 101 103 101 102 98 94 87 85 83 74 71 81 82 84 88 89 88 84 83 74 67 63 68 66 78 75 56 49 46 40 37 30 21 26 35 
87 85 101 103 101 102 98 94 87 85 83 74 71 81 82 84 88 89 88 84 82 81 71 74 67 63 68 77 73 72 75 56 49 46 40 36 35 
87 85 101 103 101 102 98 94 87 85 83 74 71 81 82 84 88 89 88 84 82 81 71 74 67 62 60 58 55 52 50 46 40 37 30 21 26 35 
87 85 101 103 101 102 98 94 87 85 83 74 71 81 82 84 88 89 88 84 83 74 67 63 68 77 73 72 75 56 49 46 40 37 30 21 26 35 
---------------
Request id 6
86 93 86 79 76 70 86 93 86 79 69 80 81 71 74 67 62 60 58 55 52 50 46 40 36 35 29 23 17 12 
86 93 86 79 76 70 86 93 86 79 69 64 59 57 54 65 62 60 58 55 52 50 46 40 36 35 29 23 17 12 
86 93 86 79 76 70 86 93 86 79 69 80 81 71 74 67 63 68 66 78 75 56 49 46 40 36 35 29 23 17 12 
86 93 86 79 76 70 86 93 86 70 76 79 69 80 81 71 74 67 62 60 58 55 52 50 46 40 36 35 29 23 17 12 
86 93 86 79 76 70 86 93 86 79 69 80 81 82 84 83 74 67 62 60 58 55 52 50 46 40 36 35 29 23 17 12 
86 93 86 79 76 70 86 93 86 70 76 79 69 64 59 57 54 65 62 60 58 55 52 50 46 40 36 35 29 23 17 12 
86 93 86 79 76 70 86 93 86 79 69 80 81 71 74 67 63 68 77 73 72 75 56 49 46 40 36 35 29 23 17 12 
86 93 86 79 76 70 86 93 86 79 69 64 59 57 54 65 62 60 58 55 52 50 46 40 37 30 21 26 35 29 23 17 12 
86 93 86 79 76 70 86 93 86 70 76 79 69 80 81 71 74 67 63 68 66 78 75 56 49 46 40 36 35 29 23 17 12 
86 93 86 79 76 70 86 93 86 79 69 80 81 71 74 67 62 60 58 55 52 50 46 40 37 30 21 26 35 29 23 17 12 
86 93 86 79 76 79 86 93 86 79 69 80 81 71 74 67 62 60 58 55 52 50 46 40 36 35 29 23 17 12 
86 93 86 79 76 79 86 93 86 79 69 64 59 57 54 65 62 60 58 55 52 50 46 40 36 35 29 23 17 12 
86 93 86 79 76 79 86 93 86 79 69 80 81 71 74 67 63 68 66 78 75 56 49 46 40 36 35 29 23 17 12 
86 93 86 79 76 79 86 93 86 70 76 79 69 80 81 71 74 67 62 60 58 55 52 50 46 40 36 35 29 23 17 12 
86 93 86 79 76 79 86 93 86 79 69 80 81 82 84 83 74 67 62 60 58 55 52 50 46 40 36 35 29 23 17 12 
86 93 86 79 76 79 86 93 86 70 76 79 69 64 59 57 54 65 62 60 58 55 52 50 46 40 36 35 29 23 17 12 
86 93 86 79 76 79 86 93 86 79 69 80 81 71 74 67 63 68 77 73 72 75 56 49 46 40 36 35 29 23 17 12 
86 93 86 79 76 79 86 93 86 79 69 64 59 57 54 65 62 60 58 55 52 50 46 40 37 30 21 26 35 29 23 17 12 
86 93 86 79 76 79 86 93 86 70 76 79 69 80 81 71 74 67 63 68 66 78 75 56 49 46 40 36 35 29 23 17 12 
86 93 86 79 76 79 86 93 86 79 69 80 81 71 74 67 62 60 58 55 52 50 46 40 37 30 21 26 35 29 23 17 12 
86 93 86 70 76 70 86 93 86 79 69 80 81 71 74 67 62 60 58 55 52 50 46 40 36 35 29 23 17 12 
86 93 86 70 76 70 86 93 86 79 69 64 59 57 54 65 62 60 58 55 52 50 46 40 36 35 29 23 17 12 
86 93 86 70 76 70 86 93 86 79 69 80 81 71 74 67 63 68 66 78 75 56 49 46 40 36 35 29 23 17 12 
86 93 86 70 76 70 86 93 86 70 76 79 69 80 81 71 74 67 62 60 58 55 52 50 46 40 36 35 29 23 17 12 
86 93 86 70 76 70 86 93 86 79 69 80 81 82 84 83 74 67 62 60 58 55 52 50 46 40 36 35 29 23 17 12 
86 93 86 70 76 70 86 93 86 70 76 79 69 64 59 57 54 65 62 60 58 55 52 50 46 40 36 35 29 23 17 12 
86 93 86 70 76 70 86 93 86 79 69 80 81 71 74 67 63 68 77 73 72 75 56 49 46 40 36 35 29 23 17 12 
86 93 86 70 76 70 86 93 86 79 69 64 59 57 54 65 62 60 58 55 52 50 46 40 37 30 21 26 35 29 23 17 12 
86 93 86 70 76 70 86 93 86 70 76 79 69 80 81 71 74 67 63 68 66 78 75 56 49 46 40 36 35 29 23 17 12 
86 93 86 70 76 70 86 93 86 79 69 80 81 71 74 67 62 60 58 55 52 50 46 40 37 30 21 26 35 29 23 17 12 
86 93 86 70 76 79 86 93 86 79 69 80 81 71 74 67 62 60 58 55 52 50 46 40 36 35 29 23 17 12 
86 93 86 70 76 79 86 93 86 79 69 64 59 57 54 65 62 60 58 55 52 50 46 40 36 35 29 23 17 12 
86 93 86 70 76 79 86 93 86 79 69 80 81 71 74 67 63 68 66 78 75 56 49 46 40 36 35 29 23 17 12 
86 93 86 70 76 79 86 93 86 70 76 79 69 80 81 71 74 67 62 60 58 55 52 50 46 40 36 35 29 23 17 12 
86 93 86 70 76 79 86 93 86 79 69 80 81 82 84 83 74 67 62 60 58 55 52 50 46 40 36 35 29 23 17 12 
86 93 86 70 76 79 86 93 86 70 76 79 69 64 59 57 54 65 62 60 58 55 52 50 46 40 36 35 29 23 17 12 
86 93 86 70 76 79 86 93 86 79 69 80 81 71 74 67 63 68 77 73 72 75 56 49 46 40 36 35 29 23 17 12 
86 93 86 70 76 79 86 93 86 79 69 64 59 57 54 65 62 60 58 55 52 50 46 40 37 30 21 26 35 29 23 17 12 
86 93 86 70 76 79 86 93 86 70 76 79 69 80 81 71 74 67 63 68 66 78 75 56 49 46 40 36 35 29 23 17 12 
86 93 86 70 76 79 86 93 86 79 69 80 81 71 74 67 62 60 58 55 52 50 46 40 37 30 21 26 35 29 23 17 12 
---------------
