Request id 6
26 35 36 40 40 46 49 56 75 78 66 68 63 67 74 83 84 82 81 80 
26 35 36 40 40 46 49 56 75 72 73 77 68 63 67 74 71 81 80 
26 21 30 37 40 40 46 49 56 75 72 73 77 68 63 67 74 83 84 82 81 80 
26 35 36 40 40 46 49 56 75 72 73 77 68 63 67 62 65 54 57 59 64 69 80 
26 21 30 37 40 40 46 50 52 55 58 60 62 67 74 83 84 82 81 80 
26 21 30 37 40 40 46 49 56 75 78 66 68 63 67 74 71 81 80 
26 35 36 40 40 46 49 56 75 72 73 77 68 63 67 74 83 84 82 81 80 
26 35 36 40 40 46 50 52 55 58 60 62 67 74 71 81 80 
26 35 36 40 40 46 50 52 55 58 60 62 65 54 57 59 64 69 80 
26 21 30 37 40 40 46 49 56 75 78 66 68 63 67 62 65 54 57 59 64 69 80 
---------------
Request id 1
31 32 13 9 17 23 29 35 36 40 46 50 52 55 58 60 62 67 74 71 81 82 84 83 85 87 94 100 99 97 
31 32 13 9 17 23 29 35 26 21 30 37 40 46 50 52 55 58 60 62 67 74 83 85 87 94 100 99 97 
31 22 14 11 6 4 0 3 2 1 8 7 12 17 9 13 32 13 9 17 23 29 35 26 21 30 37 40 46 49 56 75 78 66 68 63 67 74 83 85 87 94 100 99 97 
31 32 13 9 17 23 29 35 36 40 46 49 56 75 78 66 68 63 67 74 83 85 101 102 98 94 100 99 97 
31 22 14 11 6 4 0 3 9 13 32 13 9 17 23 29 35 36 40 46 49 56 75 78 66 68 63 67 74 83 85 101 102 98 94 100 99 97 
31 32 13 9 17 23 29 35 36 40 46 49 56 75 72 73 77 68 63 67 74 83 85 101 102 98 94 100 99 97 
31 22 14 11 6 4 0 3 2 1 8 7 12 17 9 13 32 13 9 17 23 29 35 26 21 30 37 40 46 50 52 55 58 60 62 67 74 83 85 87 94 100 99 97 
31 32 13 9 17 23 29 35 36 40 46 49 56 75 78 66 68 63 67 74 71 81 82 84 83 85 87 94 100 99 97 
31 32 13 9 17 23 29 35 36 40 46 49 56 75 72 73 77 68 63 67 74 83 85 87 94 100 99 97 
31 22 14 11 6 4 0 3 9 13 32 13 9 17 23 29 35 36 40 46 50 52 55 58 60 62 67 74 71 81 82 84 83 85 87 94 100 99 97 
---------------
Request id 10
6 11 14 22 31 32 13 9 17 12 7 8 1 2 3 3 9 17 23 
6 11 14 22 31 32 13 9 3 3 2 1 8 7 12 17 23 
6 11 14 22 31 32 13 9 17 12 7 8 1 2 3 3 2 1 8 7 12 17 23 
6 4 0 3 3 2 1 8 7 12 17 23 
6 11 14 22 31 32 13 9 3 3 9 17 23 
6 11 14 22 31 32 13 9 3 3 0 4 6 11 14 22 31 32 13 9 17 23 
6 11 14 22 31 32 13 9 17 12 7 8 1 2 3 3 0 4 6 11 14 22 31 32 13 9 17 23 
6 4 0 3 3 0 4 6 11 14 22 31 32 13 9 17 23 
6 4 0 3 3 9 17 23 
---------------
Request id 5
55 58 60 62 65 54 57 59 64 69 80 81 71 74 67 63 68 66 78 75 56 49 46 49 56 75 78 66 68 63 67 74 83 85 
55 58 60 62 65 45 34 48 53 54 57 59 64 69 80 81 82 84 83 74 67 63 68 66 78 75 56 49 46 50 52 55 58 60 62 67 74 71 81 82 84 83 85 
55 58 60 62 65 54 57 59 64 69 80 81 82 84 83 74 67 63 68 77 73 72 75 56 49 46 50 52 55 58 60 62 65 54 57 59 64 69 80 81 71 74 83 85 
55 58 60 62 65 45 34 48 53 54 57 59 64 69 80 81 71 74 67 63 68 77 73 72 75 56 49 46 49 56 75 78 66 68 63 67 62 65 54 57 59 64 69 80 81 71 74 83 85 
55 52 50 46 49 56 75 78 66 68 63 67 74 83 85 
55 58 60 62 67 63 68 77 73 72 75 56 49 46 50 52 55 58 60 62 67 74 83 85 
55 58 60 62 65 45 34 48 53 54 57 59 64 69 80 81 82 84 83 74 67 63 68 66 78 75 56 49 46 49 56 75 78 66 68 63 67 62 65 54 57 59 64 69 80 81 71 74 83 85 
55 58 60 62 67 63 68 77 73 72 75 56 49 46 49 56 75 78 66 68 63 67 62 65 54 57 59 64 69 80 81 82 84 83 85 
55 58 60 62 65 45 34 48 53 54 57 59 64 69 80 81 82 84 83 74 67 63 68 66 78 75 56 49 46 50 52 55 58 60 62 65 54 57 59 64 69 80 81 71 74 83 85 
55 58 60 62 65 45 34 48 53 54 57 59 64 69 80 81 71 74 67 63 68 77 73 72 75 56 49 46 50 52 55 58 60 62 65 54 57 59 64 69 80 81 82 84 83 85 
---------------
Request id 4
48 53 54 57 59 64 69 80 81 71 74 67 63 68 77 73 72 75 56 49 46 50 52 55 58 60 62 65 65 62 60 58 55 52 50 46 40 28 19 5 15 10 16 24 25 20 
48 53 54 57 59 64 69 80 81 71 74 67 62 65 65 62 67 63 68 77 73 72 75 56 49 46 40 28 19 5 15 20 
48 34 45 65 65 62 67 63 68 66 78 75 56 49 46 40 41 33 20 
48 53 54 57 59 64 69 80 81 71 74 67 63 68 77 73 72 75 56 49 46 50 52 55 58 60 62 65 65 62 60 58 55 52 50 46 40 41 33 20 
48 53 54 57 59 64 69 80 81 71 74 67 62 65 65 62 67 63 68 77 73 72 75 56 49 46 40 43 33 20 
48 53 54 57 59 64 69 80 81 82 84 83 74 67 62 65 65 62 60 58 55 52 50 46 40 28 19 5 15 10 16 24 25 20 
48 53 54 57 59 64 69 80 81 71 74 67 63 68 77 73 72 75 56 49 46 50 52 55 58 60 62 65 65 62 67 63 68 66 78 75 56 49 46 40 43 33 20 
48 53 54 65 65 62 67 63 68 77 73 72 75 56 49 46 40 28 19 5 15 20 
48 53 54 57 59 64 69 80 81 71 74 67 62 65 65 62 60 58 55 52 50 46 40 28 19 5 15 10 16 24 25 20 
48 53 54 57 59 64 69 80 81 82 84 83 74 67 62 65 65 62 67 63 68 77 73 72 75 56 49 46 40 41 33 20 
---------------
Request id 2
53 54 57 59 64 69 80 81 82 84 83 74 67 63 68 66 78 75 56 49 46 50 52 55 58 60 62 65 62 60 58 55 52 50 46 40 37 30 21 26 35 29 23 17 9 3 0 4 6 11 14 22 31 
53 54 57 59 64 69 80 81 71 74 67 62 65 62 60 58 55 52 50 46 40 36 35 29 23 17 9 13 32 31 
53 54 65 62 67 63 68 66 78 75 56 49 46 40 37 30 21 26 35 29 23 17 9 13 32 31 
53 54 57 59 64 69 80 81 82 84 83 74 67 62 65 62 60 58 55 52 50 46 40 36 35 29 23 17 9 3 0 4 6 11 14 22 31 
53 54 57 59 64 69 80 81 71 74 67 63 68 77 73 72 75 56 49 46 50 52 55 58 60 62 65 62 67 63 68 66 78 75 56 49 46 40 37 30 21 26 35 29 23 17 9 13 32 31 
53 54 57 59 64 69 80 81 71 74 67 63 68 77 73 72 75 56 49 46 50 52 55 58 60 62 65 62 60 58 55 52 50 46 40 36 35 29 23 17 12 7 8 1 2 3 9 13 32 31 
53 54 57 59 64 69 80 81 82 84 83 74 67 63 68 66 78 75 56 49 46 50 52 55 58 60 62 65 62 67 63 68 66 78 75 56 49 46 40 36 35 29 23 17 9 3 0 4 6 11 14 22 31 
53 54 57 59 64 69 80 81 71 74 67 62 65 62 60 58 55 52 50 46 40 36 35 29 23 17 9 3 0 4 6 11 14 22 31 
53 54 65 62 60 58 55 52 50 46 40 36 35 29 23 17 9 3 0 4 6 11 14 22 31 
53 54 65 62 67 63 68 77 73 72 75 56 49 46 40 37 30 21 26 35 29 23 17 9 13 32 31 
---------------
Request id 9
80 81 82 84 83 74 67 62 65 65 65 62 67 63 68 66 78 75 56 
80 81 82 84 83 74 67 62 65 65 65 54 57 59 64 69 80 81 71 74 67 63 68 66 78 75 56 
80 69 64 59 57 54 53 48 34 45 65 65 65 54 57 59 64 69 80 81 82 84 83 74 67 63 68 77 73 72 75 56 
80 81 71 74 67 63 68 77 73 72 75 56 49 46 50 52 55 58 60 62 65 65 65 45 34 48 53 54 57 59 64 69 80 81 71 74 67 63 68 77 73 72 75 56 
80 81 71 74 67 63 68 66 78 75 56 49 46 50 52 55 58 60 62 65 65 65 62 67 63 68 66 78 75 56 
80 81 71 74 67 63 68 66 78 75 56 49 46 50 52 55 58 60 62 65 65 65 62 67 63 68 77 73 72 75 56 
80 81 82 84 83 74 67 63 68 77 73 72 75 56 49 46 50 52 55 58 60 62 65 65 65 54 57 59 64 69 80 81 71 74 67 63 68 77 73 72 75 56 
80 81 82 84 83 74 67 63 68 66 78 75 56 49 46 50 52 55 58 60 62 65 65 65 62 67 63 68 77 73 72 75 56 
80 81 82 84 83 74 67 62 65 65 65 45 34 48 53 54 57 59 64 69 80 81 71 74 67 63 68 77 73 72 75 56 
80 81 71 74 67 63 68 77 73 72 75 56 49 46 50 52 55 58 60 62 65 65 65 45 34 48 53 54 57 59 64 69 80 81 71 74 67 63 68 66 78 75 56 
---------------
Request id 3
26 21 30 37 40 40 46 49 56 75 72 73 77 68 63 67 62 65 45 34 
26 35 36 40 40 46 50 52 55 58 60 62 65 54 53 48 34 
26 21 30 37 40 40 46 49 56 75 72 73 77 68 63 67 62 65 54 53 48 34 
26 35 36 40 40 46 49 56 75 78 66 68 63 67 74 71 81 80 69 64 59 57 54 53 48 34 
26 35 36 40 40 46 49 56 75 78 66 68 63 67 62 65 45 34 
26 21 30 37 40 40 46 49 56 75 78 66 68 63 67 62 65 54 53 48 34 
26 35 36 40 40 46 50 52 55 58 60 62 65 45 34 
26 21 30 37 40 40 46 49 56 75 78 66 68 63 67 74 71 81 80 69 64 59 57 54 65 45 34 
26 21 30 37 40 40 46 50 52 55 58 60 62 65 45 34 
26 35 36 40 40 46 50 52 55 58 60 62 67 74 71 81 80 69 64 59 57 54 53 48 34 
---------------
Request id 8
41 40 28 19 5 15 20 33 41 40 46 50 52 55 58 60 62 67 74 83 85 87 94 100 
41 40 28 19 5 15 10 16 24 25 20 33 43 40 46 50 52 55 58 60 62 67 74 83 85 101 102 98 94 100 
41 40 28 19 5 15 10 16 24 25 20 33 41 40 46 49 56 75 78 66 68 63 67 74 83 85 87 94 100 
41 40 28 19 5 15 10 16 24 25 20 33 43 40 46 49 56 75 78 66 68 63 67 74 83 85 101 102 98 94 100 
41 33 41 40 46 49 56 75 72 73 77 68 63 67 74 83 85 87 94 100 
41 40 28 19 5 15 20 33 43 40 46 50 52 55 58 60 62 67 74 83 85 101 102 98 94 100 
41 40 43 33 43 40 46 49 56 75 78 66 68 63 67 74 83 85 101 102 98 94 100 
41 40 28 19 5 15 20 33 41 40 46 49 56 75 72 73 77 68 63 67 74 83 85 87 94 100 
41 40 43 33 41 40 46 49 56 75 72 73 77 68 63 67 74 83 85 87 94 100 
41 33 43 40 46 50 52 55 58 60 62 67 74 83 85 87 94 100 
---------------
Request id 7
5 19 28 40 43 33 20 25 24 16 10 15 15 15 20 33 43 40 46 49 56 75 72 73 77 68 63 67 74 83 
5 19 28 40 43 33 20 15 15 15 20 33 41 40 46 49 56 75 78 66 68 63 67 74 83 
5 19 28 40 41 33 20 25 24 16 10 15 15 15 5 19 28 40 46 49 56 75 78 66 68 63 67 74 83 
5 19 28 40 41 33 20 25 24 16 10 15 15 15 20 33 43 40 46 49 56 75 72 73 77 68 63 67 74 83 
5 19 28 40 43 33 20 15 15 15 20 33 41 40 46 49 56 75 72 73 77 68 63 67 74 83 
5 19 28 40 41 33 20 15 15 15 20 33 43 40 46 49 56 75 72 73 77 68 63 67 74 83 
5 19 28 40 43 33 20 15 15 15 20 33 41 40 46 50 52 55 58 60 62 67 74 71 81 82 84 83 
5 19 28 40 43 33 20 15 15 15 5 19 28 40 46 49 56 75 78 66 68 63 67 74 83 
5 19 28 40 41 33 20 15 15 15 5 19 28 40 46 50 52 55 58 60 62 67 74 83 
5 19 28 40 41 33 20 25 24 16 10 15 15 15 20 33 41 40 46 50 52 55 58 60 62 67 74 71 81 82 84 83 
---------------
