Request id 3
8 11 12 5 9 8 11 10 
8 13 12 5 9 8 13 10 
8 13 10 11 12 5 12 13 10 
8 7 0 1 2 5 4 6 7 8 13 10 
8 9 5 2 1 3 10 
8 13 10 3 4 5 2 0 1 3 10 
8 13 10 3 4 5 4 6 7 8 13 10 
8 11 10 3 4 5 12 13 8 11 10 
8 11 10 3 4 5 9 8 13 10 
8 7 0 1 2 5 2 0 1 3 10 
8 7 0 1 2 5 9 8 11 10 
8 11 10 13 12 5 2 1 3 10 
8 13 10 11 12 5 12 11 8 13 10 
8 11 10 3 4 5 12 11 8 13 10 
8 7 6 4 5 2 1 3 10 
8 7 0 2 5 9 8 11 10 
8 11 10 3 4 5 12 11 10 
8 11 10 13 12 5 12 11 8 13 10 
8 9 5 9 8 13 10 
8 7 6 4 5 2 0 1 3 10 
8 7 0 1 2 5 12 13 10 
8 13 10 3 4 5 12 11 10 
8 13 10 3 4 5 12 13 10 
8 7 0 2 5 4 3 10 
8 7 6 4 5 12 11 8 13 10 
8 7 0 2 5 12 13 10 
8 13 10 3 4 5 9 8 11 10 
8 7 6 4 5 4 3 10 
8 7 6 4 5 9 8 11 10 
8 9 5 2 0 1 3 10 
8 7 0 2 5 9 8 13 10 
8 13 10 11 12 5 9 8 13 10 
8 13 10 11 12 5 4 6 7 8 13 10 
8 7 0 2 5 2 1 3 10 
8 13 12 5 12 13 8 11 10 
8 11 10 13 12 5 4 6 7 8 13 10 
8 11 10 13 12 5 9 8 13 10 
8 13 10 11 12 5 9 8 11 10 
8 11 10 13 12 5 2 0 1 3 10 
8 7 0 2 5 2 0 1 3 10 
---------------
Request id 10
7 0 2 5 5 5 9 8 13 10 11 
7 0 2 5 5 5 4 6 7 8 11 
7 8 9 5 5 5 12 13 8 11 
7 8 9 5 5 5 12 11 
7 8 13 10 11 12 5 5 5 9 8 13 10 11 
7 0 2 1 3 4 5 5 5 4 3 10 11 
7 0 1 2 5 5 5 9 8 13 10 11 
7 8 13 10 11 12 5 5 5 2 0 7 8 11 
7 0 1 3 4 5 5 5 2 0 7 8 11 
7 0 1 2 5 5 5 9 8 11 
7 0 2 1 3 4 5 5 5 9 8 13 12 11 
7 0 2 1 3 4 5 5 5 12 13 8 11 
7 8 9 5 5 5 12 13 10 11 
7 8 11 12 5 5 5 12 11 
7 8 13 12 5 5 5 12 11 
7 8 13 10 11 12 5 5 5 4 6 7 8 11 
7 0 2 1 3 4 5 5 5 9 8 11 
7 0 2 1 3 4 5 5 5 12 13 10 11 
7 0 2 5 5 5 2 0 7 8 11 
7 0 2 1 3 4 5 5 5 2 0 7 8 11 
7 6 4 3 1 2 5 5 5 12 13 8 11 
7 6 4 5 5 5 9 8 13 12 11 
7 6 4 3 1 2 5 5 5 4 6 7 8 11 
7 8 13 12 5 5 5 4 3 10 11 
7 8 11 12 5 5 5 9 8 13 10 11 
7 8 9 5 5 5 9 8 13 12 11 
7 6 4 3 1 2 5 5 5 2 0 7 8 11 
7 0 2 1 3 4 5 5 5 12 11 
7 0 2 1 3 4 5 5 5 9 8 13 10 11 
7 8 13 12 5 5 5 12 13 8 11 
7 0 1 3 4 5 5 5 9 8 13 12 11 
7 8 13 10 11 12 5 5 5 9 8 11 
7 6 4 5 5 5 12 13 10 11 
7 8 11 12 5 5 5 2 0 7 8 11 
7 0 1 3 4 5 5 5 9 8 13 10 11 
7 0 1 2 5 5 5 9 8 13 12 11 
7 6 4 5 5 5 4 3 10 11 
7 6 4 5 5 5 2 1 3 10 11 
7 6 4 3 1 2 5 5 5 9 8 13 10 11 
7 6 4 5 5 5 4 6 7 8 11 
---------------
Request id 19
11 8 13 12 5 2 0 1 3 4 
11 10 13 8 9 5 2 0 7 6 4 
11 12 5 9 8 7 6 4 
11 8 7 0 2 5 9 8 11 10 3 4 
11 10 3 4 5 9 8 11 10 3 4 
11 10 3 4 5 2 1 3 4 
11 10 13 12 5 2 0 1 3 4 
11 8 13 12 5 9 8 11 10 3 4 
11 12 13 8 9 5 12 11 10 3 4 
11 12 13 8 9 5 12 11 8 7 6 4 
11 10 3 1 2 5 9 8 7 6 4 
11 8 9 5 12 13 10 3 4 
11 12 5 2 1 3 4 
11 8 9 5 2 0 7 6 4 
11 10 3 4 5 9 8 7 6 4 
11 10 3 1 2 5 12 11 8 7 6 4 
11 8 7 0 2 5 2 1 0 7 6 4 
11 8 7 0 2 5 2 1 3 4 
11 8 7 0 2 5 12 13 10 3 4 
11 10 3 1 2 5 12 13 10 3 4 
11 8 13 12 5 12 11 8 7 6 4 
11 8 13 12 5 2 1 3 4 
11 8 7 6 4 5 2 1 0 7 6 4 
11 10 3 1 2 5 2 0 7 6 4 
11 10 13 12 5 2 1 0 7 6 4 
11 10 3 1 2 5 2 1 3 4 
11 8 13 12 5 12 11 10 3 4 
11 8 9 5 12 11 8 7 6 4 
11 8 7 0 2 5 4 
11 8 9 5 9 8 11 10 3 4 
11 12 13 8 9 5 9 8 7 6 4 
11 12 5 12 11 8 7 6 4 
11 10 13 8 9 5 2 0 1 3 4 
11 8 7 0 2 5 2 0 1 3 4 
11 12 13 8 9 5 2 1 3 4 
11 8 7 0 2 5 12 11 10 3 4 
11 8 7 0 2 5 9 8 7 6 4 
11 12 13 8 9 5 2 0 1 3 4 
11 10 13 8 9 5 2 1 0 7 6 4 
11 10 13 12 5 4 
---------------
Request id 14
2 1 3 10 13 12 5 5 12 11 8 7 
2 0 7 8 9 5 5 12 11 8 7 
2 1 3 10 13 12 5 5 12 13 8 7 
2 1 0 7 6 4 5 5 2 0 7 
2 0 1 3 4 5 5 4 6 7 
2 1 3 10 13 12 5 5 12 13 10 11 8 7 
2 1 3 10 13 12 5 5 4 6 7 
2 5 5 2 0 7 
2 1 0 7 6 4 5 5 12 13 10 11 8 7 
2 1 0 7 6 4 5 5 12 11 10 13 8 7 
2 0 7 8 13 12 5 5 2 1 0 7 
2 1 3 10 11 12 5 5 4 3 1 2 0 7 
2 0 1 3 4 5 5 4 3 1 0 7 
2 0 7 8 9 5 5 2 1 0 7 
2 5 5 12 11 10 13 8 7 
2 0 1 3 4 5 5 9 8 7 
2 0 7 6 4 5 5 12 11 10 13 8 7 
2 5 5 2 1 0 7 
2 1 0 7 6 4 5 5 12 13 8 7 
2 0 1 3 4 5 5 12 13 10 11 8 7 
2 0 7 8 13 12 5 5 12 11 10 13 8 7 
2 0 7 8 11 12 5 5 12 11 8 7 
2 0 7 8 13 12 5 5 9 8 7 
2 0 7 8 11 12 5 5 12 13 10 11 8 7 
2 1 3 4 5 5 12 13 10 11 8 7 
2 0 7 8 13 12 5 5 2 0 7 
2 1 0 7 6 4 5 5 2 1 0 7 
2 1 3 10 11 12 5 5 12 13 8 7 
2 0 7 6 4 5 5 4 3 1 0 7 
2 1 3 10 11 12 5 5 9 8 7 
2 5 5 4 6 7 
2 0 7 6 4 5 5 12 13 10 11 8 7 
2 0 7 8 9 5 5 9 8 7 
2 1 3 4 5 5 4 3 1 0 7 
2 0 7 8 9 5 5 4 3 1 0 7 
2 0 1 3 4 5 5 12 11 10 13 8 7 
2 1 3 10 13 12 5 5 2 0 7 
2 0 7 8 11 12 5 5 4 3 1 0 7 
2 0 7 8 9 5 5 12 13 10 11 8 7 
2 1 3 10 11 12 5 5 12 11 8 7 
---------------
Request id 16
10 13 8 11 12 5 9 8 7 0 2 
10 11 8 7 6 4 5 9 8 7 0 1 2 
10 11 8 13 12 5 4 6 7 0 1 2 
10 11 8 7 6 4 5 12 11 10 3 1 2 
10 3 1 2 5 4 6 7 0 2 
10 3 1 2 5 9 8 7 0 2 
10 3 1 2 5 12 13 8 7 0 2 
10 11 12 5 4 6 7 0 2 
10 11 8 9 5 4 6 7 0 1 2 
10 13 12 5 12 11 8 7 0 2 
10 11 8 13 12 5 12 13 8 7 0 2 
10 3 1 2 5 12 11 8 7 0 2 
10 11 8 7 6 4 5 12 11 8 7 0 2 
10 3 1 0 2 5 12 13 8 7 0 2 
10 11 8 9 5 12 11 8 7 0 2 
10 3 1 0 2 5 12 11 10 3 1 2 
10 13 12 5 4 3 1 2 
10 11 8 13 12 5 12 11 10 3 1 2 
10 11 8 13 12 5 4 3 1 2 
10 3 4 5 12 13 8 7 0 2 
10 3 4 5 12 11 8 7 0 2 
10 11 8 9 5 4 6 7 0 2 
10 11 8 7 6 4 5 4 6 7 0 2 
10 3 1 0 2 5 4 6 7 0 1 2 
10 13 12 5 12 13 8 7 0 2 
10 11 12 5 12 11 10 3 1 2 
10 11 12 5 2 
10 11 8 7 6 4 5 4 3 1 2 
10 11 12 5 9 8 7 0 1 2 
10 3 1 0 2 5 2 
10 13 12 5 12 11 10 3 1 2 
10 3 1 2 5 9 8 7 0 1 2 
10 13 8 11 12 5 12 11 8 7 0 2 
10 13 8 9 5 4 6 7 0 2 
10 13 8 9 5 12 11 10 3 1 2 
10 11 8 13 12 5 9 8 7 0 2 
10 3 1 2 5 12 11 10 3 1 2 
10 3 4 5 4 6 7 0 2 
10 3 4 5 12 11 10 3 1 2 
10 13 8 9 5 4 3 1 0 2 
---------------
Request id 1
13 10 3 1 2 5 5 12 11 10 3 
13 10 3 4 5 5 2 0 7 6 4 3 
13 8 11 12 5 5 2 1 3 
13 10 11 12 5 5 4 3 
13 8 7 0 2 5 5 4 3 
13 12 11 8 9 5 5 12 11 10 3 
13 10 3 4 5 5 9 8 11 10 3 
13 8 7 0 2 5 5 4 6 7 0 1 3 
13 8 7 6 4 5 5 2 1 3 
13 12 11 8 9 5 5 12 13 10 3 
13 8 11 12 5 5 4 6 7 0 1 3 
13 8 11 12 5 5 2 0 7 6 4 3 
13 10 11 12 5 5 2 0 7 6 4 3 
13 8 9 5 5 2 1 3 
13 8 11 12 5 5 12 13 8 11 10 3 
13 8 7 0 2 5 5 12 13 8 11 10 3 
13 10 11 12 5 5 9 8 13 10 3 
13 10 11 12 5 5 12 11 10 3 
13 12 5 5 12 13 10 3 
13 8 7 6 4 5 5 9 8 13 10 3 
13 12 11 8 9 5 5 4 3 
13 12 11 8 9 5 5 4 6 7 0 1 3 
13 8 9 5 5 12 13 10 3 
13 8 9 5 5 4 3 
13 10 3 4 5 5 9 8 13 10 3 
13 12 11 8 9 5 5 9 8 13 10 3 
13 8 7 6 4 5 5 12 13 8 11 10 3 
13 12 11 8 9 5 5 2 0 1 3 
13 8 9 5 5 2 0 7 6 4 3 
13 12 5 5 12 13 8 11 10 3 
13 10 3 4 5 5 4 3 
13 10 3 1 2 5 5 2 0 1 3 
13 10 11 8 9 5 5 12 11 10 3 
13 8 7 6 4 5 5 9 8 11 10 3 
13 10 11 12 5 5 4 6 7 0 1 3 
13 10 3 4 5 5 12 13 8 11 10 3 
13 10 3 1 2 5 5 12 13 10 3 
13 10 11 12 5 5 9 8 11 10 3 
13 12 5 5 4 3 
13 10 3 1 2 5 5 4 3 
---------------
Request id 6
9 8 7 6 4 5 5 9 8 7 0 2 1 
9 8 13 10 11 12 5 5 2 0 1 
9 8 13 10 11 12 5 5 4 6 7 0 1 
9 8 13 10 3 4 5 5 12 11 10 3 1 
9 8 11 12 5 5 12 11 10 3 1 
9 5 5 2 1 
9 5 5 4 3 1 
9 8 13 10 3 4 5 5 12 13 8 7 0 1 
9 8 7 0 1 2 5 5 4 6 7 0 1 
9 8 11 12 5 5 2 0 1 
9 8 7 6 4 5 5 9 8 7 0 1 
9 5 5 12 11 10 3 1 
9 8 7 6 4 5 5 12 13 10 3 1 
9 5 5 12 13 8 7 0 1 
9 8 7 0 2 5 5 12 11 10 3 1 
9 8 13 10 3 4 5 5 2 0 1 
9 8 13 12 5 5 2 1 
9 8 7 0 2 5 5 9 8 7 0 1 
9 8 11 10 3 4 5 5 9 8 11 10 3 1 
9 8 11 12 5 5 12 13 8 7 0 1 
9 8 13 10 11 12 5 5 12 11 10 3 1 
9 8 13 10 3 4 5 5 9 8 7 0 1 
9 8 13 10 11 12 5 5 12 13 10 3 1 
9 8 7 0 2 5 5 9 8 7 0 2 1 
9 8 11 10 13 12 5 5 2 1 
9 8 7 6 4 5 5 9 8 11 10 3 1 
9 8 13 10 11 12 5 5 9 8 7 0 2 1 
9 8 13 12 5 5 4 3 1 
9 8 13 10 3 4 5 5 4 3 1 
9 8 13 12 5 5 12 11 10 3 1 
9 8 11 10 3 4 5 5 12 13 10 3 1 
9 8 7 0 2 5 5 12 13 10 3 1 
9 8 11 12 5 5 4 6 7 0 1 
9 8 13 10 3 4 5 5 9 8 7 0 2 1 
9 8 13 12 5 5 9 8 11 10 3 1 
9 8 11 10 3 4 5 5 2 0 1 
9 5 5 2 0 1 
9 8 13 10 11 12 5 5 12 13 8 7 0 1 
9 8 7 0 1 2 5 5 12 13 8 7 0 1 
9 8 13 10 3 4 5 5 4 6 7 0 1 
---------------
Request id 9
9 8 7 0 1 2 5 12 13 8 7 0 
9 8 7 6 4 5 12 11 10 3 1 0 
9 8 13 10 11 12 5 4 3 1 2 0 
9 8 11 10 13 12 5 4 6 7 0 
9 8 7 0 2 5 12 11 8 7 0 
9 8 7 0 1 2 5 12 13 10 3 1 0 
9 8 7 6 4 5 9 8 7 0 
9 8 11 10 3 4 5 2 0 
9 8 11 10 13 12 5 12 11 10 3 1 0 
9 8 13 10 11 12 5 12 13 8 7 0 
9 8 11 12 5 9 8 7 0 
9 8 11 10 13 12 5 4 3 1 2 0 
9 8 13 10 11 12 5 12 11 8 7 0 
9 8 13 10 11 12 5 4 3 1 0 
9 8 13 10 3 4 5 12 11 10 3 1 0 
9 8 11 12 5 2 0 
9 8 11 10 13 12 5 2 1 0 
9 5 2 1 0 
9 8 7 6 4 5 12 13 8 7 0 
9 8 7 0 2 5 2 0 
9 8 11 12 5 4 3 1 0 
9 8 13 12 5 2 1 0 
9 8 13 10 3 4 5 9 8 7 0 
9 8 13 12 5 9 8 7 0 
9 8 11 10 13 12 5 9 8 7 0 
9 8 7 0 1 2 5 4 3 1 2 0 
9 8 11 10 3 4 5 4 3 1 2 0 
9 8 13 10 11 12 5 12 13 10 3 1 0 
9 5 4 3 1 2 0 
9 8 7 0 2 5 2 1 0 
9 8 7 0 1 2 5 2 1 0 
9 8 7 6 4 5 12 11 8 7 0 
9 8 7 0 2 5 4 3 1 2 0 
9 8 7 0 1 2 5 12 11 10 3 1 0 
9 8 7 0 2 5 9 8 7 0 
9 8 7 0 1 2 5 12 11 8 7 0 
9 8 13 12 5 4 3 1 0 
9 8 11 12 5 12 13 8 7 0 
9 8 7 0 2 5 12 13 8 7 0 
9 8 11 10 3 4 5 12 11 8 7 0 
---------------
Request id 5
12 11 8 9 5 9 8 11 10 13 
12 11 8 9 5 9 8 11 12 13 
12 11 10 3 1 2 5 9 8 13 
12 11 8 7 6 4 5 9 8 11 12 13 
12 11 10 3 4 5 9 8 11 10 13 
12 11 10 3 4 5 9 8 11 12 13 
12 11 10 3 1 2 5 4 6 7 8 13 
12 13 10 3 4 5 4 6 7 8 13 
12 13 10 3 4 5 2 0 7 8 13 
12 11 10 3 1 2 5 12 13 
12 11 10 3 4 5 9 8 13 
12 5 4 3 10 13 
12 11 8 9 5 2 0 7 8 13 
12 13 8 7 6 4 5 9 8 11 12 13 
12 11 10 13 8 9 5 4 3 10 13 
12 11 10 3 1 2 5 9 8 11 10 13 
12 11 10 13 8 9 5 2 0 7 8 13 
12 11 10 3 1 2 5 4 3 10 13 
12 13 10 3 4 5 2 1 3 10 13 
12 11 10 3 1 2 5 12 11 10 13 
12 11 10 13 8 9 5 4 6 7 8 13 
12 11 8 7 6 4 5 9 8 11 10 13 
12 11 8 7 0 2 5 9 8 11 12 13 
12 11 8 7 6 4 5 12 11 10 13 
12 11 8 7 6 4 5 4 3 10 13 
12 13 8 9 5 12 11 8 13 
12 11 10 3 4 5 2 0 7 8 13 
12 11 8 7 6 4 5 2 0 7 8 13 
12 13 8 7 6 4 5 12 11 10 13 
12 13 8 9 5 9 8 11 10 13 
12 11 8 7 6 4 5 12 11 8 13 
12 13 8 9 5 9 8 13 
12 13 8 9 5 4 3 10 13 
12 13 8 9 5 9 8 11 12 13 
12 11 10 13 8 9 5 9 8 11 10 13 
12 5 9 8 11 12 13 
12 13 10 3 4 5 12 11 10 13 
12 11 10 3 1 2 5 2 1 3 10 13 
12 11 8 9 5 9 8 13 
12 13 8 9 5 2 1 3 10 13 
---------------
Request id 7
11 10 3 4 5 5 5 4 3 1 0 
11 8 7 6 4 5 5 5 12 13 8 7 0 
11 10 13 12 5 5 5 2 1 0 
11 10 13 12 5 5 5 12 11 8 7 0 
11 8 13 12 5 5 5 12 11 10 3 1 0 
11 10 3 4 5 5 5 2 1 0 
11 8 13 12 5 5 5 2 1 0 
11 8 9 5 5 5 12 11 8 7 0 
11 8 9 5 5 5 12 13 8 7 0 
11 10 13 8 9 5 5 5 9 8 7 0 
11 10 13 8 9 5 5 5 12 11 10 3 1 0 
11 12 5 5 5 12 11 10 3 1 0 
11 8 7 6 4 5 5 5 12 11 8 7 0 
11 10 13 12 5 5 5 4 3 1 2 0 
11 12 5 5 5 12 13 8 7 0 
11 10 3 1 2 5 5 5 12 13 10 3 1 0 
11 8 9 5 5 5 12 11 10 3 1 0 
11 10 3 1 2 5 5 5 4 3 1 2 0 
11 8 7 0 2 5 5 5 12 11 10 3 1 0 
11 8 7 0 2 5 5 5 12 13 10 3 1 0 
11 10 13 8 9 5 5 5 12 13 10 3 1 0 
11 10 3 1 2 5 5 5 2 0 
11 10 13 12 5 5 5 4 3 1 0 
11 10 3 4 5 5 5 9 8 7 0 
11 10 3 1 2 5 5 5 9 8 7 0 
11 12 13 8 9 5 5 5 4 3 1 0 
11 8 13 12 5 5 5 4 3 1 0 
11 12 13 8 9 5 5 5 4 6 7 0 
11 12 13 8 9 5 5 5 4 3 1 2 0 
11 8 7 6 4 5 5 5 12 13 10 3 1 0 
11 12 13 8 9 5 5 5 12 13 10 3 1 0 
11 8 13 12 5 5 5 12 13 10 3 1 0 
11 12 13 8 9 5 5 5 2 0 
11 10 3 4 5 5 5 12 13 8 7 0 
11 12 13 8 9 5 5 5 12 11 10 3 1 0 
11 10 3 1 2 5 5 5 2 1 0 
11 10 13 12 5 5 5 12 11 10 3 1 0 
11 8 7 0 2 5 5 5 12 11 8 7 0 
11 8 13 12 5 5 5 4 3 1 2 0 
11 8 9 5 5 5 2 0 
---------------
Request id 8
12 11 8 7 0 2 5 4 3 1 0 7 6 
12 11 8 9 5 2 1 0 7 6 
12 11 8 9 5 2 0 7 6 
12 11 8 7 0 2 5 12 11 8 7 6 
12 5 12 11 10 3 4 6 
12 11 8 9 5 12 11 10 3 4 6 
12 11 8 7 0 2 5 2 0 7 6 
12 13 8 9 5 2 1 0 7 6 
12 13 8 7 6 4 5 4 3 1 0 7 6 
12 11 10 3 1 2 5 12 11 10 3 4 6 
12 11 8 7 6 4 5 12 13 8 7 6 
12 11 8 7 0 2 5 2 1 0 7 6 
12 13 8 7 6 4 5 12 13 8 7 6 
12 11 10 3 1 2 5 4 3 1 0 7 6 
12 13 10 3 4 5 2 0 1 3 4 6 
12 13 8 9 5 2 0 1 3 4 6 
12 13 10 3 4 5 2 1 0 7 6 
12 13 10 3 4 5 12 11 8 7 6 
12 11 10 13 8 9 5 12 11 8 7 6 
12 11 8 7 0 2 5 2 0 1 3 4 6 
12 11 8 7 0 2 5 12 11 10 3 4 6 
12 11 10 3 1 2 5 12 11 8 7 6 
12 11 10 3 4 5 4 6 
12 11 8 7 6 4 5 2 0 1 3 4 6 
12 13 10 3 4 5 12 13 8 7 6 
12 13 8 7 6 4 5 2 1 0 7 6 
12 11 8 7 0 2 5 4 6 
12 11 10 3 4 5 4 3 1 0 7 6 
12 5 12 13 8 7 6 
12 13 8 9 5 4 3 1 0 7 6 
12 13 10 3 4 5 2 1 3 4 6 
12 11 10 3 4 5 12 11 8 7 6 
12 11 8 9 5 2 0 1 3 4 6 
12 5 2 1 3 4 6 
12 13 8 9 5 12 11 10 3 4 6 
12 5 4 3 1 0 7 6 
12 13 10 3 4 5 12 11 10 3 4 6 
12 13 8 9 5 12 11 8 7 6 
12 5 12 11 8 7 6 
12 11 10 13 8 9 5 2 1 0 7 6 
---------------
Request id 13
3 10 11 8 13 12 5 5 5 12 13 8 7 
3 4 6 7 8 9 5 5 5 4 3 10 11 8 7 
3 4 6 7 8 9 5 5 5 2 1 3 4 6 7 
3 10 11 8 13 12 5 5 5 12 11 8 7 
3 10 13 8 11 12 5 5 5 4 6 7 
3 1 2 5 5 5 2 1 0 7 
3 10 13 12 5 5 5 2 0 7 
3 10 13 12 5 5 5 4 3 10 11 8 7 
3 10 11 12 5 5 5 4 6 7 
3 1 2 5 5 5 12 13 8 7 
3 1 2 5 5 5 9 8 7 
3 4 6 7 8 9 5 5 5 4 3 1 2 0 7 
3 4 5 5 5 12 13 8 7 
3 10 13 12 5 5 5 4 3 1 0 7 
3 10 13 8 11 12 5 5 5 4 3 1 0 7 
3 10 11 8 13 12 5 5 5 2 1 3 4 6 7 
3 4 6 7 8 9 5 5 5 12 13 8 7 
3 10 13 8 11 12 5 5 5 12 13 8 7 
3 10 13 12 5 5 5 2 1 0 7 
3 10 13 8 11 12 5 5 5 2 0 7 
3 10 13 8 9 5 5 5 2 1 0 7 
3 10 13 12 5 5 5 9 8 7 
3 10 11 12 5 5 5 2 0 7 
3 4 5 5 5 4 3 1 0 7 
3 10 13 8 11 12 5 5 5 12 11 8 7 
3 1 0 2 5 5 5 12 13 8 7 
3 10 11 8 13 12 5 5 5 2 1 0 7 
3 1 0 2 5 5 5 4 3 10 11 8 7 
3 10 13 8 11 12 5 5 5 9 8 7 
3 10 11 8 9 5 5 5 2 1 0 7 
3 4 6 7 8 9 5 5 5 2 1 0 7 
3 10 13 8 9 5 5 5 12 11 8 7 
3 10 11 8 9 5 5 5 12 11 8 7 
3 10 11 12 5 5 5 12 11 8 7 
3 10 11 8 13 12 5 5 5 4 3 10 11 8 7 
3 4 5 5 5 9 8 7 
3 1 2 5 5 5 4 3 10 11 8 7 
3 10 11 8 9 5 5 5 9 8 7 
3 10 11 8 9 5 5 5 12 13 8 7 
3 10 13 12 5 5 5 2 1 3 4 6 7 
---------------
Request id 15
2 0 7 6 4 5 5 4 3 1 0 7 
2 1 3 4 5 5 4 3 1 0 7 
2 1 3 10 13 12 5 5 4 3 1 2 0 7 
2 1 3 10 11 12 5 5 12 11 8 7 
2 1 0 7 8 9 5 5 12 13 10 11 8 7 
2 5 5 4 3 1 2 0 7 
2 0 1 3 4 5 5 4 6 7 
2 5 5 12 11 10 13 8 7 
2 0 7 8 9 5 5 9 8 7 
2 1 3 10 11 12 5 5 4 3 1 0 7 
2 5 5 2 0 7 
2 0 7 8 9 5 5 12 13 8 7 
2 1 3 4 5 5 12 11 8 7 
2 1 0 7 6 4 5 5 9 8 7 
2 5 5 12 11 8 7 
2 1 0 7 8 9 5 5 12 11 8 7 
2 0 7 8 13 12 5 5 9 8 7 
2 0 7 6 4 5 5 12 13 8 7 
2 5 5 9 8 7 
2 0 7 8 9 5 5 2 1 0 7 
2 0 1 3 4 5 5 4 3 1 2 0 7 
2 1 0 7 8 9 5 5 9 8 7 
2 1 3 4 5 5 12 11 10 13 8 7 
2 1 0 7 6 4 5 5 2 0 7 
2 0 1 3 4 5 5 4 3 1 0 7 
2 0 1 3 4 5 5 12 13 10 11 8 7 
2 1 0 7 6 4 5 5 4 3 1 2 0 7 
2 1 0 7 6 4 5 5 4 6 7 
2 5 5 12 13 10 11 8 7 
2 0 7 6 4 5 5 4 6 7 
2 0 7 8 13 12 5 5 12 11 8 7 
2 1 3 10 11 12 5 5 2 0 7 
2 0 7 8 13 12 5 5 2 1 0 7 
2 1 3 10 13 12 5 5 2 1 0 7 
2 0 7 8 13 12 5 5 12 13 10 11 8 7 
2 0 7 8 9 5 5 4 3 1 2 0 7 
2 1 3 10 11 12 5 5 12 11 10 13 8 7 
2 1 0 7 6 4 5 5 12 13 10 11 8 7 
2 0 7 6 4 5 5 12 11 8 7 
2 1 3 10 11 12 5 5 4 3 1 2 0 7 
---------------
Request id 20
8 13 10 3 4 5 5 5 12 13 8 11 
8 13 12 5 5 5 9 8 13 12 11 
8 11 12 5 5 5 9 8 11 
8 11 10 13 12 5 5 5 12 13 8 11 
8 11 12 5 5 5 9 8 13 10 11 
8 7 0 1 2 5 5 5 9 8 13 10 11 
8 13 10 3 4 5 5 5 9 8 11 
8 7 0 2 5 5 5 2 0 7 8 11 
8 9 5 5 5 12 13 10 11 
8 13 10 3 4 5 5 5 12 11 
8 11 12 5 5 5 12 13 8 11 
8 13 10 11 12 5 5 5 9 8 13 10 11 
8 7 6 4 5 5 5 12 13 10 11 
8 7 6 4 5 5 5 9 8 13 12 11 
8 13 10 3 4 5 5 5 12 13 10 11 
8 7 0 1 2 5 5 5 12 11 
8 11 10 13 12 5 5 5 12 11 
8 11 12 5 5 5 9 8 13 12 11 
8 11 12 5 5 5 4 3 10 11 
8 13 10 3 4 5 5 5 9 8 13 12 11 
8 13 10 11 12 5 5 5 12 11 
8 7 0 2 5 5 5 12 13 10 11 
8 11 10 3 4 5 5 5 4 3 10 11 
8 11 10 3 4 5 5 5 12 13 8 11 
8 7 0 2 5 5 5 12 11 
8 9 5 5 5 12 11 
8 13 10 3 4 5 5 5 2 1 3 10 11 
8 13 12 5 5 5 9 8 11 
8 7 0 1 2 5 5 5 2 1 3 10 11 
8 7 6 4 5 5 5 9 8 13 10 11 
8 9 5 5 5 2 1 3 10 11 
8 7 0 2 5 5 5 9 8 13 10 11 
8 11 10 3 4 5 5 5 2 0 7 8 11 
8 13 10 3 4 5 5 5 2 0 7 8 11 
8 7 6 4 5 5 5 2 0 7 8 11 
8 11 10 13 12 5 5 5 2 1 3 10 11 
8 11 10 13 12 5 5 5 9 8 13 12 11 
8 9 5 5 5 9 8 13 10 11 
8 13 12 5 5 5 4 3 10 11 
8 11 10 3 4 5 5 5 2 1 3 10 11 
---------------
Request id 11
0 2 1 3 4 5 5 2 1 3 4 
0 2 5 5 2 0 7 6 4 
0 2 1 3 4 5 5 12 11 10 3 4 
0 7 8 9 5 5 12 11 10 3 4 
0 7 8 9 5 5 9 8 13 10 3 4 
0 1 2 5 5 2 1 3 4 
0 2 5 5 12 11 10 3 4 
0 2 1 3 4 5 5 2 0 7 6 4 
0 1 3 10 11 12 5 5 2 1 0 7 6 4 
0 1 3 10 13 12 5 5 9 8 13 10 3 4 
0 1 3 10 11 12 5 5 12 11 10 3 4 
0 7 8 9 5 5 9 8 7 6 4 
0 2 1 3 4 5 5 2 1 0 7 6 4 
0 1 3 4 5 5 2 1 3 4 
0 1 2 5 5 4 
0 1 3 10 11 12 5 5 12 13 8 7 6 4 
0 1 2 5 5 12 13 8 7 6 4 
0 7 8 13 12 5 5 2 1 3 4 
0 7 8 9 5 5 12 13 8 7 6 4 
0 7 8 13 12 5 5 2 0 1 3 4 
0 7 6 4 5 5 9 8 7 6 4 
0 7 8 13 12 5 5 9 8 13 10 3 4 
0 7 8 13 12 5 5 4 
0 7 8 9 5 5 2 1 3 4 
0 7 6 4 5 5 2 0 7 6 4 
0 7 8 11 12 5 5 2 1 3 4 
0 7 6 4 5 5 2 1 3 4 
0 1 3 10 13 12 5 5 12 13 8 7 6 4 
0 1 3 10 13 12 5 5 9 8 7 6 4 
0 2 1 3 4 5 5 12 13 10 3 4 
0 2 1 3 4 5 5 2 0 1 3 4 
0 1 3 10 13 12 5 5 12 13 10 3 4 
0 1 2 5 5 2 1 0 7 6 4 
0 1 3 4 5 5 2 1 0 7 6 4 
0 1 3 10 11 12 5 5 2 1 3 4 
0 1 3 10 13 12 5 5 2 0 7 6 4 
0 7 8 13 12 5 5 2 0 7 6 4 
0 2 5 5 9 8 7 6 4 
0 2 1 3 4 5 5 9 8 7 6 4 
0 1 3 10 11 12 5 5 12 13 10 3 4 
---------------
Request id 17
8 9 5 5 4 3 10 13 
8 11 10 3 4 5 5 12 11 10 13 
8 11 10 3 4 5 5 12 13 
8 13 10 3 4 5 5 2 1 3 10 13 
8 7 0 1 2 5 5 12 13 
8 13 10 3 4 5 5 4 3 10 13 
8 13 12 5 5 2 1 3 10 13 
8 9 5 5 2 0 7 8 13 
8 7 0 2 5 5 9 8 11 10 13 
8 11 12 5 5 9 8 11 10 13 
8 11 10 13 12 5 5 4 3 10 13 
8 7 0 1 2 5 5 9 8 11 10 13 
8 11 10 13 12 5 5 9 8 11 12 13 
8 13 10 3 4 5 5 2 0 7 8 13 
8 7 6 4 5 5 9 8 11 10 13 
8 13 12 5 5 4 6 7 8 13 
8 13 10 11 12 5 5 2 1 3 10 13 
8 7 0 1 2 5 5 12 11 10 13 
8 7 0 2 5 5 4 3 10 13 
8 11 12 5 5 2 1 3 10 13 
8 13 10 3 4 5 5 9 8 11 10 13 
8 13 12 5 5 9 8 13 
8 13 10 11 12 5 5 12 11 8 13 
8 7 6 4 5 5 2 0 7 8 13 
8 13 10 11 12 5 5 12 13 
8 7 0 2 5 5 9 8 11 12 13 
8 11 10 13 12 5 5 2 1 3 10 13 
8 7 0 1 2 5 5 2 0 7 8 13 
8 9 5 5 12 11 8 13 
8 7 0 2 5 5 2 1 3 10 13 
8 7 0 1 2 5 5 2 1 3 10 13 
8 13 10 3 4 5 5 9 8 11 12 13 
8 13 10 3 4 5 5 12 11 10 13 
8 13 12 5 5 12 11 8 13 
8 9 5 5 12 13 
8 7 6 4 5 5 2 1 3 10 13 
8 13 10 11 12 5 5 12 11 10 13 
8 11 10 13 12 5 5 12 11 10 13 
8 11 12 5 5 12 11 8 13 
8 11 10 13 12 5 5 4 6 7 8 13 
---------------
Request id 2
9 8 13 12 5 5 5 9 8 
9 8 11 10 13 12 5 5 5 2 1 0 7 8 
9 8 13 12 5 5 5 12 11 8 
9 8 7 6 4 5 5 5 4 3 10 11 8 
9 8 13 10 11 12 5 5 5 2 1 0 7 8 
9 8 7 0 1 2 5 5 5 12 11 8 
9 8 7 0 2 5 5 5 12 11 10 13 8 
9 8 7 0 2 5 5 5 12 13 10 11 8 
9 8 13 10 11 12 5 5 5 4 6 7 8 
9 8 13 10 11 12 5 5 5 12 13 8 
9 8 11 12 5 5 5 12 13 8 
9 8 7 6 4 5 5 5 12 11 10 13 8 
9 8 7 6 4 5 5 5 2 0 7 8 
9 8 11 12 5 5 5 2 1 0 7 8 
9 8 13 10 11 12 5 5 5 9 8 
9 8 13 10 3 4 5 5 5 12 13 8 
9 8 11 10 13 12 5 5 5 9 8 
9 5 5 5 12 11 10 13 8 
9 8 11 10 13 12 5 5 5 12 13 8 
9 8 11 12 5 5 5 4 3 10 13 8 
9 8 7 0 2 5 5 5 4 6 7 8 
9 8 7 6 4 5 5 5 9 8 
9 8 7 0 1 2 5 5 5 4 3 10 13 8 
9 8 7 0 1 2 5 5 5 4 3 10 11 8 
9 8 13 10 3 4 5 5 5 2 1 0 7 8 
9 8 13 12 5 5 5 12 11 10 13 8 
9 8 11 12 5 5 5 9 8 
9 5 5 5 2 0 7 8 
9 8 11 10 13 12 5 5 5 12 11 10 13 8 
9 8 11 10 13 12 5 5 5 4 3 10 11 8 
9 8 13 12 5 5 5 2 0 7 8 
9 8 7 6 4 5 5 5 4 3 10 13 8 
9 8 7 6 4 5 5 5 12 13 10 11 8 
9 8 11 12 5 5 5 4 6 7 8 
9 8 13 10 3 4 5 5 5 4 6 7 8 
9 8 11 10 3 4 5 5 5 4 6 7 8 
9 8 13 12 5 5 5 4 3 10 13 8 
9 8 7 0 2 5 5 5 4 3 10 13 8 
9 5 5 5 12 13 8 
9 8 11 10 13 12 5 5 5 12 13 10 11 8 
---------------
Request id 18
2 1 3 10 11 12 5 5 2 0 
2 0 1 3 4 5 5 4 6 7 0 
2 0 7 8 9 5 5 12 13 8 7 0 
2 1 0 7 6 4 5 5 4 3 1 0 
2 1 3 10 13 12 5 5 12 13 8 7 0 
2 1 3 4 5 5 12 13 10 3 1 0 
2 5 5 12 13 10 3 1 0 
2 1 3 10 11 12 5 5 12 11 10 3 1 0 
2 5 5 12 11 8 7 0 
2 1 3 10 13 12 5 5 12 11 10 3 1 0 
2 1 0 7 6 4 5 5 2 1 0 
2 0 7 8 9 5 5 12 11 10 3 1 0 
2 0 7 8 11 12 5 5 12 11 10 3 1 0 
2 0 1 3 4 5 5 12 11 10 3 1 0 
2 1 3 10 13 12 5 5 9 8 7 0 
2 5 5 9 8 7 0 
2 1 3 10 11 12 5 5 4 6 7 0 
2 1 3 10 13 12 5 5 12 13 10 3 1 0 
2 1 3 10 13 12 5 5 12 11 8 7 0 
2 1 3 10 13 12 5 5 2 1 0 
2 0 7 8 13 12 5 5 2 1 0 
2 5 5 4 6 7 0 
2 0 7 8 13 12 5 5 4 6 7 0 
2 0 7 8 11 12 5 5 4 3 1 2 0 
2 0 7 6 4 5 5 4 3 1 0 
2 0 7 6 4 5 5 12 11 8 7 0 
2 0 1 3 4 5 5 2 1 0 
2 0 7 6 4 5 5 4 6 7 0 
2 0 7 8 11 12 5 5 12 13 8 7 0 
2 0 7 8 13 12 5 5 12 11 10 3 1 0 
2 5 5 2 1 0 
2 1 3 10 11 12 5 5 12 11 8 7 0 
2 0 7 6 4 5 5 2 0 
2 0 7 6 4 5 5 12 13 8 7 0 
2 1 3 4 5 5 4 3 1 0 
2 0 7 8 13 12 5 5 9 8 7 0 
2 0 7 8 11 12 5 5 4 3 1 0 
2 1 0 7 6 4 5 5 9 8 7 0 
2 1 3 4 5 5 4 6 7 0 
2 0 7 6 4 5 5 12 13 10 3 1 0 
---------------
Request id 4
9 8 11 10 3 4 5 4 3 10 13 12 
9 8 13 12 5 2 1 3 10 11 12 
9 8 11 10 13 12 5 12 
9 5 4 3 10 13 12 
9 8 11 10 13 12 5 9 8 13 12 
9 8 7 6 4 5 9 8 13 12 
9 8 13 10 11 12 5 4 6 7 8 13 12 
9 8 7 6 4 5 9 8 11 12 
9 8 7 0 1 2 5 4 3 10 13 12 
9 8 13 12 5 12 
9 8 13 10 11 12 5 2 1 3 10 11 12 
9 8 11 12 5 9 8 11 12 
9 8 7 0 1 2 5 9 8 11 10 13 12 
9 8 7 0 2 5 4 6 7 8 13 12 
9 8 11 12 5 2 0 7 8 11 12 
9 8 7 6 4 5 2 1 3 10 13 12 
9 8 11 10 3 4 5 2 1 3 10 11 12 
9 8 13 12 5 2 0 7 8 11 12 
9 8 7 0 2 5 4 3 10 11 12 
9 8 13 12 5 4 3 10 11 12 
9 5 9 8 11 12 
9 8 11 10 13 12 5 9 8 11 12 
9 8 7 0 2 5 2 1 3 10 13 12 
9 8 13 10 3 4 5 2 1 3 10 11 12 
9 8 13 10 3 4 5 4 3 10 11 12 
9 5 2 1 3 10 11 12 
9 8 11 12 5 9 8 13 12 
9 8 13 10 11 12 5 2 1 3 10 13 12 
9 8 13 10 11 12 5 4 3 10 11 12 
9 8 13 10 11 12 5 9 8 11 10 13 12 
9 8 7 0 1 2 5 4 3 10 11 12 
9 8 11 10 13 12 5 2 1 3 10 11 12 
9 8 13 10 3 4 5 9 8 11 12 
9 8 7 0 2 5 2 0 7 8 11 12 
9 5 12 
9 8 7 0 1 2 5 2 0 7 8 11 12 
9 8 7 6 4 5 2 1 3 10 11 12 
9 8 11 12 5 4 3 10 11 12 
9 8 7 0 1 2 5 9 8 11 12 
9 8 11 10 3 4 5 9 8 11 10 13 12 
---------------
Request id 12
1 0 7 8 11 12 5 5 12 11 8 7 6 
1 3 10 11 12 5 5 2 0 1 3 4 6 
1 3 4 5 5 2 0 1 3 4 6 
1 0 7 6 4 5 5 4 6 
1 0 7 6 4 5 5 2 1 3 4 6 
1 0 7 6 4 5 5 2 0 1 3 4 6 
1 0 7 8 11 12 5 5 12 11 10 3 4 6 
1 3 4 5 5 12 11 8 7 6 
1 3 10 13 12 5 5 2 1 3 4 6 
1 2 0 7 6 4 5 5 2 0 7 6 
1 3 10 13 12 5 5 4 3 1 0 7 6 
1 3 10 11 12 5 5 4 3 1 0 7 6 
1 0 7 8 13 12 5 5 12 11 8 7 6 
1 0 7 8 11 12 5 5 12 13 8 7 6 
1 2 5 5 12 11 8 7 6 
1 2 5 5 2 0 1 3 4 6 
1 3 10 13 12 5 5 2 0 7 6 
1 3 10 11 12 5 5 2 0 7 6 
1 3 10 11 12 5 5 12 11 10 3 4 6 
1 3 10 13 12 5 5 12 11 8 7 6 
1 0 7 8 11 12 5 5 2 1 0 7 6 
1 0 7 8 9 5 5 2 1 0 7 6 
1 0 2 5 5 9 8 7 6 
1 2 5 5 2 0 7 6 
1 3 4 5 5 2 1 0 7 6 
1 0 7 8 13 12 5 5 4 3 1 0 7 6 
1 0 7 8 9 5 5 9 8 7 6 
1 0 7 6 4 5 5 12 11 10 3 4 6 
1 3 10 13 12 5 5 12 13 8 7 6 
1 3 10 11 12 5 5 2 1 0 7 6 
1 0 7 8 9 5 5 2 0 7 6 
1 2 5 5 9 8 7 6 
1 0 7 8 13 12 5 5 4 6 
1 3 4 5 5 4 6 
1 0 7 8 11 12 5 5 2 0 1 3 4 6 
1 2 0 7 6 4 5 5 12 11 10 3 4 6 
1 0 7 8 11 12 5 5 2 1 3 4 6 
1 3 4 5 5 12 13 8 7 6 
1 0 7 8 13 12 5 5 2 0 7 6 
1 0 7 6 4 5 5 2 0 7 6 
---------------
