Request id 2
13 8 7 0 2 5 5 5 4 6 7 0 1 2 
13 10 3 1 2 5 5 5 9 8 7 0 2 
13 8 7 0 2 5 5 5 4 6 7 0 2 
13 12 11 8 9 5 5 5 4 3 1 2 
13 8 9 5 5 5 4 3 1 2 
---------------
Request id 28
1 3 10 11 8 9 5 5 9 8 13 12 
1 2 0 7 8 9 5 5 4 3 10 13 12 
1 3 10 11 8 9 5 5 12 
1 0 7 6 4 5 5 9 8 13 12 
1 3 10 11 12 5 5 2 0 7 8 13 12 
---------------
Request id 24
3 10 11 8 13 12 5 12 11 8 7 0 1 
3 1 0 2 5 12 13 10 3 1 
3 10 11 8 9 5 9 8 7 0 2 1 
3 10 11 12 5 4 3 1 
3 1 2 5 2 1 
---------------
Request id 8
0 1 3 10 11 12 5 5 4 3 1 0 7 6 
0 7 6 4 5 5 2 1 0 7 6 
0 1 3 4 5 5 4 3 1 0 7 6 
0 7 8 9 5 5 9 8 7 6 
0 1 3 4 5 5 4 6 
---------------
Request id 15
0 7 8 13 12 5 5 9 8 13 12 
0 1 2 5 5 2 1 3 10 13 12 
0 7 8 9 5 5 9 8 13 12 
0 7 8 11 12 5 5 2 0 7 8 11 12 
0 1 3 10 11 12 5 5 12 
---------------
Request id 9
4 3 1 0 2 5 5 5 2 1 3 4 6 
4 5 5 5 12 11 10 3 4 6 
4 6 7 0 2 5 5 5 2 0 7 6 
4 3 10 11 8 9 5 5 5 4 6 
4 6 7 8 11 12 5 5 5 12 11 8 7 6 
---------------
Request id 10
3 1 2 5 4 6 7 0 1 2 
3 10 13 12 5 4 6 7 0 1 2 
3 10 11 8 9 5 9 8 7 0 2 
3 10 11 8 9 5 4 6 7 0 1 2 
3 4 5 4 3 1 2 
---------------
Request id 12
0 1 3 4 5 5 12 13 10 3 1 
0 1 3 4 5 5 4 3 1 
0 2 1 3 4 5 5 4 3 1 
0 7 8 9 5 5 12 11 10 3 1 
0 7 8 13 12 5 5 9 8 7 0 2 1 
---------------
Request id 14
3 10 11 8 9 5 5 12 13 8 11 10 
3 10 13 8 11 12 5 5 9 8 11 10 
3 10 13 8 9 5 5 12 13 10 
3 10 11 8 9 5 5 9 8 13 10 
3 4 5 5 12 13 8 11 10 
---------------
Request id 4
2 1 3 4 5 5 2 1 0 7 8 9 
2 1 3 10 11 12 5 5 2 0 7 8 9 
2 1 3 10 13 12 5 5 12 11 8 9 
2 1 3 4 5 5 12 11 8 9 
2 0 7 6 4 5 5 12 13 10 11 8 9 
---------------
Request id 20
12 11 10 3 4 5 5 12 13 8 7 0 
12 13 10 3 4 5 5 9 8 7 0 
12 13 10 11 8 9 5 5 4 3 1 2 0 
12 13 10 3 4 5 5 4 3 1 0 
12 13 8 9 5 5 12 11 8 7 0 
---------------
Request id 25
1 0 7 8 9 5 5 5 2 1 0 7 
1 0 7 8 9 5 5 5 2 0 7 
1 0 7 8 9 5 5 5 12 13 8 7 
1 3 10 11 12 5 5 5 9 8 7 
1 0 7 8 11 12 5 5 5 12 11 10 13 8 7 
---------------
Request id 3
1 0 7 8 9 5 5 5 12 13 8 9 
1 0 2 5 5 5 4 3 10 13 8 9 
1 0 7 6 4 5 5 5 2 1 0 7 8 9 
1 2 0 7 6 4 5 5 5 12 13 8 9 
1 2 5 5 5 4 3 10 13 8 9 
---------------
Request id 11
11 8 13 12 5 5 5 12 13 10 3 4 
11 8 7 6 4 5 5 5 2 0 1 3 4 
11 10 3 4 5 5 5 4 
11 10 13 12 5 5 5 12 13 8 7 6 4 
11 10 13 8 9 5 5 5 2 1 3 4 
---------------
Request id 17
1 0 7 8 9 5 5 5 12 11 8 7 0 
1 0 7 8 9 5 5 5 4 6 7 0 
1 3 10 11 8 9 5 5 5 2 1 0 
1 2 0 7 6 4 5 5 5 12 13 8 7 0 
1 3 10 11 12 5 5 5 12 13 10 3 1 0 
---------------
Request id 22
13 12 11 8 9 5 5 5 4 3 10 13 8 7 
13 8 11 12 5 5 5 12 11 8 7 
13 10 11 8 9 5 5 5 2 1 3 4 6 7 
13 8 9 5 5 5 12 13 8 7 
13 10 11 8 9 5 5 5 4 3 1 2 0 7 
---------------
Request id 1
0 7 8 13 12 5 4 3 1 0 7 
0 1 2 5 12 13 8 7 
0 1 3 4 5 4 3 1 0 7 
0 1 3 10 13 12 5 4 3 1 0 7 
0 2 1 3 4 5 2 1 0 7 
---------------
Request id 23
6 4 3 10 13 12 5 2 0 1 3 4 
6 4 3 1 2 5 12 13 8 7 6 4 
6 4 3 1 0 2 5 12 13 8 7 6 4 
6 4 3 1 2 5 12 11 10 3 4 
6 7 0 2 5 2 0 1 3 4 
---------------
Request id 16
2 1 3 10 13 12 5 9 8 13 10 11 12 
2 0 1 3 4 5 2 0 7 8 11 12 
2 0 7 6 4 5 9 8 11 12 
2 1 0 7 6 4 5 4 3 10 11 12 
2 0 1 3 4 5 9 8 13 10 11 12 
---------------
Request id 27
1 0 7 6 4 5 5 2 1 3 10 11 12 
1 0 2 5 5 12 
1 0 7 6 4 5 5 4 3 10 11 12 
1 2 5 5 9 8 11 12 
1 2 5 5 2 1 3 10 11 12 
---------------
Request id 5
6 4 5 5 4 3 10 13 8 9 
6 7 8 13 12 5 5 12 11 8 9 
6 4 3 1 2 5 5 9 
6 4 5 5 12 11 8 9 
6 7 0 1 3 4 5 5 4 6 7 8 9 
---------------
Request id 6
12 11 10 3 4 5 9 8 7 0 
12 13 10 3 4 5 4 3 1 0 
12 5 2 1 0 
12 13 10 3 1 2 5 4 6 7 0 
12 13 8 7 6 4 5 4 3 1 0 
---------------
Request id 19
4 6 7 0 2 5 2 1 3 10 13 
4 3 1 0 2 5 2 0 7 8 13 
4 6 7 0 1 2 5 4 6 7 8 13 
4 6 7 0 2 5 2 0 7 8 13 
4 5 12 11 8 13 
---------------
Request id 30
0 7 6 4 5 5 5 4 3 
0 1 2 5 5 5 12 11 10 3 
0 1 2 5 5 5 12 11 8 13 10 3 
0 7 8 9 5 5 5 9 8 11 10 3 
0 7 8 11 12 5 5 5 12 11 8 13 10 3 
---------------
Request id 7
0 7 8 9 5 5 5 2 0 7 6 4 3 
0 1 3 4 5 5 5 2 0 1 3 
0 1 3 10 13 12 5 5 5 4 6 7 0 1 3 
0 2 5 5 5 9 8 13 10 3 
0 7 8 9 5 5 5 2 1 3 
---------------
Request id 26
0 2 1 3 4 5 5 4 3 1 0 2 
0 7 8 9 5 5 12 11 10 3 1 2 
0 7 6 4 5 5 12 11 10 3 1 2 
0 7 6 4 5 5 9 8 7 0 2 
0 7 6 4 5 5 4 3 1 0 2 
---------------
Request id 18
1 2 5 9 8 
1 0 7 6 4 5 12 11 10 13 8 
1 3 4 5 12 13 10 11 8 
1 0 2 5 9 8 
1 2 0 7 6 4 5 12 13 10 11 8 
---------------
Request id 21
13 8 11 12 5 2 1 0 7 8 
13 12 5 12 13 10 11 8 
13 8 11 12 5 12 11 8 
13 12 5 4 6 7 8 
13 8 7 6 4 5 4 6 7 8 
---------------
Request id 29
10 3 1 0 2 5 9 8 13 10 11 
10 11 8 7 6 4 5 9 8 11 
10 11 8 13 12 5 4 6 7 8 11 
10 3 1 2 5 4 6 7 8 11 
10 3 1 0 2 5 12 13 8 11 
---------------
Request id 13
12 13 10 3 4 5 5 4 3 1 0 7 
12 13 8 9 5 5 9 8 7 
12 13 8 7 6 4 5 5 12 11 8 7 
12 13 8 7 6 4 5 5 4 3 1 0 7 
12 11 8 7 0 2 5 5 12 11 10 13 8 7 
---------------
