Request id 19
15 20 33 43 40 46 50 52 55 55 52 50 46 49 56 75 91 75 78 66 68 63 67 74 83 85 87 90 
15 20 33 43 40 46 50 52 55 55 52 50 46 49 56 75 91 75 72 73 77 68 63 67 74 83 85 87 90 
15 20 33 43 40 46 50 52 55 55 52 50 46 49 56 75 91 75 78 66 68 63 67 74 83 85 101 102 98 94 87 90 
15 20 33 43 40 46 50 52 55 55 52 50 46 49 56 75 91 75 78 66 68 63 67 74 71 81 82 84 83 85 87 90 
15 20 33 43 40 46 50 52 55 55 52 50 46 49 56 75 91 75 56 49 46 50 52 55 58 60 62 67 74 83 85 87 90 
---------------
Request id 8
89 88 84 82 81 71 81 80 69 79 
89 88 84 82 81 71 74 83 84 82 81 80 69 79 
89 88 84 82 81 71 74 67 62 65 54 57 59 64 69 79 
89 88 84 82 81 71 81 82 84 83 74 67 62 65 54 57 59 64 69 79 
89 88 84 82 81 71 74 67 62 65 45 34 48 53 54 57 59 64 69 79 
---------------
Request id 20
79 69 80 81 71 74 67 62 60 58 55 52 50 46 40 36 35 29 23 17 9 3 0 4 6 
79 69 80 81 71 74 67 63 68 66 78 75 56 49 46 40 36 35 29 23 17 9 3 0 4 6 
79 69 80 81 71 74 67 63 68 77 73 72 75 56 49 46 40 36 35 29 23 17 9 3 0 4 6 
79 69 80 81 71 74 67 62 60 58 55 52 50 46 40 37 30 21 26 35 29 23 17 9 3 0 4 6 
79 69 80 81 71 74 67 62 60 58 55 52 50 46 40 36 35 29 23 17 9 13 32 31 22 14 11 6 
---------------
Request id 25
93 86 79 69 64 59 57 54 53 48 34 45 65 62 60 58 55 52 50 46 40 36 35 29 23 17 18 27 
93 86 79 69 64 59 57 54 53 48 34 48 53 54 65 62 60 58 55 52 50 46 40 36 35 29 23 17 18 27 
93 86 79 69 64 59 57 54 53 48 34 45 65 62 60 58 55 52 50 46 40 37 30 21 26 35 29 23 17 18 27 
93 86 79 69 64 59 57 54 53 48 34 45 65 62 67 63 68 66 78 75 56 49 46 40 36 35 29 23 17 18 27 
93 86 79 69 64 59 57 54 53 48 34 45 65 62 67 63 68 77 73 72 75 56 49 46 40 36 35 29 23 17 18 27 
---------------
Request id 13
6 4 0 3 9 13 32 39 32 13 9 17 23 29 35 36 40 46 50 52 55 58 60 62 67 74 71 81 80 69 
6 4 0 3 9 13 32 39 32 13 9 17 23 29 35 36 40 46 50 52 55 58 60 62 65 54 57 59 64 69 
6 4 0 3 9 13 32 39 32 13 9 17 23 29 35 36 40 46 49 56 75 78 66 68 63 67 74 71 81 80 69 
6 4 0 3 9 13 32 39 32 13 9 17 23 29 35 36 40 46 50 52 55 58 60 62 67 74 83 84 82 81 80 69 
6 4 0 3 9 13 32 39 32 13 9 17 23 29 35 36 40 46 49 56 75 72 73 77 68 63 67 74 71 81 80 69 
---------------
Request id 15
86 79 69 80 81 82 84 83 85 101 85 83 84 82 81 80 81 82 84 83 74 67 
86 79 69 80 81 82 84 83 85 101 85 83 84 82 81 80 81 82 81 71 74 67 
86 79 69 80 81 82 84 83 85 101 85 83 84 82 81 80 81 82 81 80 69 64 59 57 54 65 62 67 
86 79 69 80 81 82 84 83 85 101 85 83 84 82 81 80 81 82 84 83 74 71 81 80 69 64 59 57 54 65 62 67 
86 79 69 80 81 82 84 83 85 101 85 83 84 82 81 80 81 82 81 80 69 64 59 57 54 53 48 34 45 65 62 67 
---------------
Request id 17
30 21 26 35 29 23 17 9 13 32 31 22 
30 21 26 35 29 23 17 9 3 0 4 6 11 14 22 
30 21 26 35 29 23 17 9 17 12 7 8 1 2 3 0 4 6 11 14 22 
30 21 30 37 40 36 35 29 23 17 9 13 32 31 22 
30 21 30 37 40 36 35 29 23 17 9 3 0 4 6 11 14 22 
---------------
Request id 5
45 65 62 67 63 68 77 73 72 75 56 49 46 40 37 30 
45 65 62 67 63 68 77 73 77 68 66 78 75 56 49 46 40 37 30 
45 65 62 67 63 68 77 73 72 75 56 49 46 40 36 35 26 21 30 
45 65 62 67 63 68 77 73 77 68 66 78 75 56 49 46 40 36 35 26 21 30 
45 65 62 67 63 68 77 73 77 68 63 67 62 60 58 55 52 50 46 40 37 30 
---------------
Request id 3
27 18 17 9 13 32 31 32 13 9 17 23 29 35 36 40 43 33 44 
27 18 17 9 13 32 31 32 13 9 17 23 29 35 36 40 41 33 44 
27 18 17 9 13 32 31 32 13 9 17 23 29 35 26 21 30 37 40 41 33 44 
27 18 17 9 13 32 31 32 13 9 17 23 29 35 26 21 30 37 40 43 33 44 
27 18 17 9 13 32 31 32 13 9 17 23 29 35 36 40 28 19 5 15 20 33 44 
---------------
Request id 7
14 22 31 32 13 9 13 32 31 32 13 9 17 23 29 35 36 40 46 49 56 75 78 66 68 
14 22 31 32 13 9 13 32 31 32 13 9 17 23 29 35 36 40 46 49 56 75 72 73 77 68 
14 22 31 32 13 9 13 32 31 32 13 9 17 23 29 35 36 40 46 50 52 55 58 60 62 67 63 68 
14 22 31 32 13 9 13 32 31 32 13 9 17 23 29 35 26 21 30 37 40 46 49 56 75 78 66 68 
14 22 31 32 13 9 13 32 31 32 13 9 17 23 29 35 26 21 30 37 40 46 49 56 75 72 73 77 68 
---------------
Request id 6
74 83 84 88 84 83 74 67 63 68 77 
74 83 84 88 84 82 81 71 74 67 63 68 77 
74 83 84 88 84 83 74 67 63 68 66 78 75 72 73 77 
74 83 84 88 84 82 81 71 74 67 63 68 66 78 75 72 73 77 
74 83 84 88 84 82 81 80 69 64 59 57 54 65 62 67 63 68 77 
---------------
Request id 29
14 22 31 32 13 9 3 2 3 9 17 23 29 35 36 40 46 49 56 75 72 
14 22 31 32 13 9 3 2 1 8 7 12 17 23 29 35 36 40 46 49 56 75 72 
14 22 31 32 13 9 3 2 3 9 17 23 29 35 26 21 30 37 40 46 49 56 75 72 
14 22 31 32 13 9 3 2 3 9 17 23 29 35 36 40 46 49 56 75 78 66 68 77 73 72 
14 22 31 32 13 9 3 2 1 8 7 12 17 23 29 35 26 21 30 37 40 46 49 56 75 72 
---------------
Request id 18
83 84 88 84 83 85 87 94 100 99 
83 84 88 84 83 85 101 102 98 94 100 99 
83 84 88 84 82 81 71 74 83 85 87 94 100 99 
83 84 88 84 82 81 71 74 83 85 101 102 98 94 100 99 
83 84 88 84 82 81 80 69 64 59 57 54 65 62 67 74 83 85 87 94 100 99 
---------------
Request id 22
45 65 62 67 63 68 77 73 72 75 56 75 78 66 68 63 67 74 71 81 80 69 79 
45 65 62 67 63 68 77 73 72 75 56 75 72 73 77 68 63 67 74 71 81 80 69 79 
45 65 62 67 63 68 77 73 72 75 56 75 78 66 68 63 67 74 83 84 82 81 80 69 79 
45 65 62 67 63 68 77 73 72 75 56 75 78 66 68 63 67 62 65 54 57 59 64 69 79 
45 65 62 67 63 68 77 73 72 75 56 49 46 50 52 55 58 60 62 67 74 71 81 80 69 79 
---------------
Request id 26
48 53 54 57 59 64 69 80 81 71 74 67 62 60 58 55 52 50 46 40 37 30 
48 53 54 57 59 64 69 80 81 71 74 67 63 68 66 78 75 56 49 46 40 37 30 
48 53 54 57 59 64 69 80 81 82 84 83 74 67 62 60 58 55 52 50 46 40 37 30 
48 53 54 57 59 64 69 80 69 64 59 57 54 65 62 60 58 55 52 50 46 40 37 30 
48 53 54 57 59 64 69 80 81 71 74 67 63 68 77 73 72 75 56 49 46 40 37 30 
---------------
Request id 10
15 5 19 28 40 46 49 56 75 78 75 56 49 46 40 43 
15 5 19 28 40 46 49 56 75 78 75 56 49 46 40 41 33 43 
15 5 19 28 40 46 49 56 75 78 66 68 77 73 72 75 56 49 46 40 43 
15 5 19 28 40 46 49 56 75 78 75 56 49 46 40 28 19 5 15 20 33 43 
15 5 19 28 40 46 49 56 75 78 66 68 77 73 72 75 56 49 46 40 41 33 43 
---------------
Request id 16
50 46 49 56 75 78 66 68 63 67 74 71 74 67 62 60 58 55 52 50 46 40 36 35 29 23 17 12 7 8 
50 46 49 56 75 78 66 68 63 67 74 71 74 67 63 68 66 78 75 56 49 46 40 36 35 29 23 17 12 7 8 
50 46 49 56 75 78 66 68 63 67 74 71 74 67 62 60 58 55 52 50 46 40 36 35 29 23 17 9 3 2 1 8 
50 46 49 56 75 78 66 68 63 67 74 71 74 67 63 68 77 73 72 75 56 49 46 40 36 35 29 23 17 12 7 8 
50 46 49 56 75 78 66 68 63 67 74 71 74 67 62 60 58 55 52 50 46 40 37 30 21 26 35 29 23 17 12 7 8 
---------------
Request id 21
50 46 49 56 75 78 66 68 63 67 74 71 81 80 69 79 86 
50 46 49 56 75 72 73 77 68 63 67 74 71 81 80 69 79 86 
50 46 49 56 75 78 66 68 63 67 74 71 81 80 69 79 76 70 86 
50 46 49 56 75 78 66 68 63 67 74 83 84 82 81 80 69 79 86 
50 46 49 56 75 78 66 68 63 67 62 65 54 57 59 64 69 79 86 
---------------
Request id 1
79 69 80 81 71 74 67 63 68 66 78 75 56 75 78 75 56 49 46 50 52 55 52 50 46 40 36 35 
79 69 80 81 71 74 67 63 68 66 78 75 56 75 78 75 56 49 46 50 52 55 52 50 46 40 37 30 21 26 35 
79 69 80 81 71 74 67 63 68 66 78 75 56 75 78 75 56 49 46 50 52 55 58 60 62 67 63 68 66 78 75 56 49 46 40 36 35 
79 69 80 81 71 74 67 63 68 66 78 75 56 75 78 75 56 49 46 50 52 55 58 60 62 67 63 68 77 73 72 75 56 49 46 40 36 35 
79 69 80 81 71 74 67 63 68 66 78 75 56 75 78 75 56 49 46 50 52 55 58 60 62 67 63 68 66 78 75 56 49 46 40 37 30 21 26 35 
---------------
Request id 2
70 76 79 69 80 81 82 84 
70 76 79 69 80 81 71 74 83 84 
70 76 79 69 80 69 64 59 57 54 65 62 67 74 83 84 
70 76 79 69 80 69 64 59 57 54 65 62 67 74 71 81 82 84 
70 76 79 69 80 69 64 59 57 54 53 48 34 45 65 62 67 74 83 84 
---------------
Request id 11
79 76 79 69 80 81 82 84 88 84 83 74 67 62 60 58 55 52 50 46 40 36 35 29 23 17 12 7 8 1 
79 76 79 69 80 81 82 84 88 84 83 74 67 62 60 58 55 52 50 46 40 36 35 29 23 17 9 3 2 1 
79 76 79 69 80 81 82 84 88 84 83 74 67 63 68 66 78 75 56 49 46 40 36 35 29 23 17 12 7 8 1 
79 76 79 69 80 81 82 84 88 84 83 74 67 63 68 66 78 75 56 49 46 40 36 35 29 23 17 9 3 2 1 
79 76 79 69 80 81 82 84 88 84 82 81 71 74 67 62 60 58 55 52 50 46 40 36 35 29 23 17 12 7 8 1 
---------------
Request id 4
60 58 55 52 50 46 40 28 19 5 15 
60 58 55 52 50 46 40 43 33 20 15 
60 58 55 52 50 46 40 41 33 20 15 
60 58 55 52 50 46 40 43 33 20 25 24 16 10 15 
60 58 55 52 50 46 40 41 33 20 25 24 16 10 15 
---------------
Request id 28
3 9 13 32 39 32 13 9 3 0 4 0 3 9 13 32 39 32 13 9 3 2 1 8 
3 9 13 32 39 32 13 9 3 0 4 0 3 9 13 32 39 32 13 9 17 12 7 8 
3 9 13 32 39 32 13 9 3 0 4 0 3 9 13 32 39 32 31 22 14 11 6 4 0 3 2 1 8 
3 9 13 32 39 32 13 9 3 0 4 0 3 9 13 32 39 32 31 22 14 11 6 4 0 3 9 17 12 7 8 
3 9 13 32 39 32 13 9 3 0 4 6 11 14 22 31 32 39 32 13 9 3 2 1 8 
---------------
Request id 30
100 94 87 85 83 74 67 63 68 66 78 75 56 49 46 50 52 55 52 50 46 49 56 49 46 40 28 19 5 
100 94 87 85 83 74 67 63 68 66 78 75 56 49 46 50 52 55 52 50 46 49 56 49 46 40 43 33 20 15 5 
100 94 87 85 83 74 67 63 68 66 78 75 56 49 46 50 52 55 52 50 46 49 56 49 46 40 41 33 20 15 5 
100 94 87 85 83 74 67 63 68 66 78 75 56 49 46 50 52 55 52 50 46 49 56 49 46 40 43 33 20 25 24 16 10 15 5 
100 94 87 85 83 74 67 63 68 66 78 75 56 49 46 50 52 55 52 50 46 49 56 49 46 40 41 33 20 25 24 16 10 15 5 
---------------
Request id 14
42 49 56 75 78 75 72 73 77 68 63 67 62 60 58 55 52 50 46 40 28 19 
42 49 56 75 78 75 72 73 77 68 63 67 62 60 58 55 52 50 46 40 43 33 20 15 5 19 
42 49 56 75 78 75 72 73 77 68 63 67 62 60 58 55 52 50 46 40 41 33 20 15 5 19 
42 49 56 75 78 75 72 73 77 68 63 67 62 60 58 55 52 50 46 40 43 33 20 25 24 16 10 15 5 19 
42 49 56 75 78 75 72 73 77 68 63 67 62 60 58 55 52 50 46 40 41 33 20 25 24 16 10 15 5 19 
---------------
Request id 23
53 54 65 62 67 63 68 66 78 75 56 49 46 50 52 55 58 60 62 65 54 57 59 64 
53 54 65 62 67 63 68 66 78 75 56 49 46 50 52 55 58 60 62 67 74 71 81 80 69 64 
53 54 65 62 67 63 68 66 78 75 56 49 46 50 52 55 58 60 62 65 45 34 48 53 54 57 59 64 
53 54 65 62 67 63 68 66 78 75 56 49 46 50 52 55 58 60 62 67 74 83 84 82 81 80 69 64 
53 54 65 62 67 63 68 66 78 75 56 49 46 50 52 55 52 50 46 49 56 75 78 66 68 63 67 62 65 54 57 59 64 
---------------
Request id 9
26 35 29 23 17 9 13 32 13 9 17 23 29 35 36 40 46 50 52 55 58 60 62 65 54 57 59 64 69 79 86 93 92 
26 35 29 23 17 9 13 32 13 9 17 23 29 35 36 40 46 50 52 55 58 60 62 67 74 71 81 80 69 79 86 93 92 
26 35 29 23 17 9 13 32 13 9 17 23 29 35 36 40 46 49 56 75 78 66 68 63 67 74 71 81 80 69 79 86 93 92 
26 35 29 23 17 9 13 32 13 9 17 23 29 35 36 40 46 50 52 55 58 60 62 67 74 83 84 82 81 80 69 79 86 93 92 
26 35 29 23 17 9 13 32 13 9 17 23 29 35 36 40 46 49 56 75 72 73 77 68 63 67 74 71 81 80 69 79 86 93 92 
---------------
Request id 24
68 63 67 62 60 58 55 52 50 46 49 56 75 78 75 56 49 46 40 36 35 29 23 
68 63 67 62 60 58 55 52 50 46 49 56 75 78 75 56 49 46 40 37 30 21 26 35 29 23 
68 63 67 62 60 58 55 52 50 46 49 56 75 78 66 68 77 73 72 75 56 49 46 40 36 35 29 23 
68 63 67 62 60 58 55 52 50 46 49 56 75 78 66 68 63 67 62 60 58 55 52 50 46 40 36 35 29 23 
68 63 67 62 60 58 55 52 50 46 49 56 75 78 66 68 77 73 72 75 56 49 46 40 37 30 21 26 35 29 23 
---------------
Request id 12
28 40 46 50 52 55 52 50 46 49 56 56 49 46 40 28 19 
28 40 46 50 52 55 52 50 46 49 56 56 49 46 40 41 33 20 15 5 19 
28 40 46 50 52 55 52 50 46 49 56 56 49 46 40 43 33 20 15 5 19 
28 40 46 50 52 55 52 50 46 49 56 56 49 46 40 41 33 20 25 24 16 10 15 5 19 
28 40 46 50 52 55 52 50 46 49 56 56 49 46 40 43 33 20 25 24 16 10 15 5 19 
---------------
Request id 27
14 22 31 32 13 9 17 23 29 35 36 40 46 50 52 55 58 60 62 65 61 51 
14 22 31 32 13 9 17 23 29 35 36 40 46 49 56 75 78 66 68 63 67 62 65 61 51 
14 22 31 32 13 9 17 23 29 35 36 40 46 49 56 75 72 73 77 68 63 67 62 65 61 51 
14 22 31 32 13 9 17 23 29 35 36 35 26 21 30 37 40 46 50 52 55 58 60 62 65 61 51 
14 22 31 32 13 9 17 23 29 35 36 35 26 21 30 37 40 46 49 56 75 78 66 68 63 67 62 65 61 51 
---------------
