Request id 19
26 23 24 20 24 30 33 39 38 42 49 55 49 42 38 
26 23 24 20 24 30 33 39 38 42 49 55 58 56 51 42 38 
26 23 24 20 24 30 33 39 38 42 49 55 58 56 40 39 38 
26 23 24 20 24 30 33 39 38 42 49 55 49 42 51 56 40 39 38 
26 23 24 20 24 30 33 39 38 42 49 55 49 50 53 52 47 43 34 38 
26 23 24 20 24 30 33 39 38 42 49 55 58 56 59 61 41 40 39 38 
26 23 24 20 24 30 33 39 38 42 49 55 58 63 66 62 61 41 40 39 38 
26 23 24 20 24 30 33 39 38 42 49 55 49 42 51 56 59 61 41 40 39 38 
26 23 24 20 24 30 33 39 38 42 49 55 58 63 66 62 54 46 41 40 39 38 
26 23 24 20 24 30 33 39 38 42 49 55 58 63 66 62 61 59 56 51 42 38 
26 23 24 20 24 30 33 39 40 56 58 55 49 42 38 
26 23 24 20 24 30 33 39 40 56 58 55 58 56 51 42 38 
26 23 24 20 24 30 33 39 40 56 58 55 58 56 40 39 38 
26 23 24 20 24 30 33 39 40 56 58 55 49 42 51 56 40 39 38 
26 23 24 20 24 30 33 39 40 56 58 55 49 50 53 52 47 43 34 38 
26 23 24 20 24 30 33 39 40 56 58 55 58 56 59 61 41 40 39 38 
26 23 24 20 24 30 33 39 40 56 58 55 58 63 66 62 61 41 40 39 38 
26 23 24 20 24 30 33 39 40 56 58 55 49 42 51 56 59 61 41 40 39 38 
26 23 24 20 24 30 33 39 40 56 58 55 58 63 66 62 54 46 41 40 39 38 
26 23 24 20 24 30 33 39 40 56 58 55 58 63 66 62 61 59 56 51 42 38 
26 23 24 20 24 30 24 27 31 34 38 42 49 55 49 42 38 
26 23 24 20 24 30 24 27 31 34 38 42 49 55 58 56 51 42 38 
26 23 24 20 24 30 24 27 31 34 38 42 49 55 58 56 40 39 38 
26 23 24 20 24 30 24 27 31 34 38 42 49 55 49 42 51 56 40 39 38 
26 23 24 20 24 30 24 27 31 34 38 42 49 55 49 50 53 52 47 43 34 38 
26 23 24 20 24 30 24 27 31 34 38 42 49 55 58 56 59 61 41 40 39 38 
26 23 24 20 24 30 24 27 31 34 38 42 49 55 58 63 66 62 61 41 40 39 38 
26 23 24 20 24 30 24 27 31 34 38 42 49 55 49 42 51 56 59 61 41 40 39 38 
26 23 24 20 24 30 24 27 31 34 38 42 49 55 58 63 66 62 54 46 41 40 39 38 
26 23 24 20 24 30 24 27 31 34 38 42 49 55 58 63 66 62 61 59 56 51 42 38 
26 23 24 20 24 30 33 39 38 42 51 56 58 55 49 42 38 
26 23 24 20 24 30 33 39 38 42 51 56 58 55 58 56 51 42 38 
26 23 24 20 24 30 33 39 38 42 51 56 58 55 58 56 40 39 38 
26 23 24 20 24 30 33 39 38 42 51 56 58 55 49 42 51 56 40 39 38 
26 23 24 20 24 30 33 39 38 42 51 56 58 55 49 50 53 52 47 43 34 38 
26 23 24 20 24 30 33 39 38 42 51 56 58 55 58 56 59 61 41 40 39 38 
26 23 24 20 24 30 33 39 38 42 51 56 58 55 58 63 66 62 61 41 40 39 38 
26 23 24 20 24 30 33 39 38 42 51 56 58 55 49 42 51 56 59 61 41 40 39 38 
26 23 24 20 24 30 33 39 38 42 51 56 58 55 58 63 66 62 54 46 41 40 39 38 
26 23 24 20 24 30 33 39 38 42 51 56 58 55 58 63 66 62 61 59 56 51 42 38 
---------------
Request id 11
21 17 20 17 
21 17 20 24 16 17 
21 17 20 24 27 22 21 17 
21 17 20 24 16 11 12 14 17 
21 17 20 24 23 26 28 25 18 16 17 
21 17 20 24 16 18 13 11 12 14 17 
21 17 20 24 16 11 6 8 10 12 14 17 
21 17 20 24 23 26 28 25 18 13 11 16 17 
21 17 20 24 16 18 13 3 6 11 12 14 17 
21 17 20 24 23 26 28 25 29 19 15 18 16 17 
21 22 27 24 20 17 
21 22 27 24 20 24 16 17 
21 22 27 24 20 24 27 22 21 17 
21 22 27 24 20 24 16 11 12 14 17 
21 22 27 24 20 24 23 26 28 25 18 16 17 
21 22 27 24 20 24 16 18 13 11 12 14 17 
21 22 27 24 20 24 16 11 6 8 10 12 14 17 
21 22 27 24 20 24 23 26 28 25 18 13 11 16 17 
21 22 27 24 20 24 16 18 13 3 6 11 12 14 17 
21 22 27 24 20 24 23 26 28 25 29 19 15 18 16 17 
21 17 16 24 20 17 
21 17 16 24 20 24 16 17 
21 17 16 24 20 24 27 22 21 17 
21 17 16 24 20 24 16 11 12 14 17 
21 17 16 24 20 24 23 26 28 25 18 16 17 
21 17 16 24 20 24 16 18 13 11 12 14 17 
21 17 16 24 20 24 16 11 6 8 10 12 14 17 
21 17 16 24 20 24 23 26 28 25 18 13 11 16 17 
21 17 16 24 20 24 16 18 13 3 6 11 12 14 17 
21 17 16 24 20 24 23 26 28 25 29 19 15 18 16 17 
21 22 27 24 16 17 20 17 
21 22 27 24 16 17 20 24 16 17 
21 22 27 24 16 17 20 24 27 22 21 17 
21 22 27 24 16 17 20 24 16 11 12 14 17 
21 22 27 24 16 17 20 24 23 26 28 25 18 16 17 
21 22 27 24 16 17 20 24 16 18 13 11 12 14 17 
21 22 27 24 16 17 20 24 16 11 6 8 10 12 14 17 
21 22 27 24 16 17 20 24 23 26 28 25 18 13 11 16 17 
21 22 27 24 16 17 20 24 16 18 13 3 6 11 12 14 17 
21 22 27 24 16 17 20 24 23 26 28 25 29 19 15 18 16 17 
---------------
Request id 5
25 18 25 28 32 40 41 46 54 46 41 40 39 33 30 24 16 17 14 
25 18 25 28 32 40 41 46 54 46 41 40 32 28 25 18 16 17 14 
25 18 25 28 32 40 41 46 54 46 41 40 39 33 30 24 20 17 14 
25 18 25 28 32 40 41 46 54 46 41 40 39 33 30 24 16 11 12 14 
25 18 25 28 32 40 41 46 54 46 41 40 32 28 26 23 24 20 17 14 
25 18 25 28 32 40 41 46 54 46 41 40 32 28 25 18 13 11 12 14 
25 18 25 28 32 40 41 46 54 46 41 40 32 28 25 18 16 11 12 14 
25 18 25 28 32 40 41 46 54 46 41 40 32 28 26 23 24 16 17 14 
25 18 25 28 32 40 41 46 54 46 41 40 39 33 30 24 27 22 21 17 14 
25 18 25 28 32 40 41 46 54 46 41 40 39 38 34 31 27 22 21 17 14 
25 18 25 28 32 40 41 46 54 62 61 41 40 39 33 30 24 16 17 14 
25 18 25 28 32 40 41 46 54 62 61 41 40 32 28 25 18 16 17 14 
25 18 25 28 32 40 41 46 54 62 61 41 40 39 33 30 24 20 17 14 
25 18 25 28 32 40 41 46 54 62 61 41 40 39 33 30 24 16 11 12 14 
25 18 25 28 32 40 41 46 54 62 61 41 40 32 28 26 23 24 20 17 14 
25 18 25 28 32 40 41 46 54 62 61 41 40 32 28 25 18 13 11 12 14 
25 18 25 28 32 40 41 46 54 62 61 41 40 32 28 25 18 16 11 12 14 
25 18 25 28 32 40 41 46 54 62 61 41 40 32 28 26 23 24 16 17 14 
25 18 25 28 32 40 41 46 54 62 61 41 40 39 33 30 24 27 22 21 17 14 
25 18 25 28 32 40 41 46 54 62 61 41 40 39 38 34 31 27 22 21 17 14 
25 18 25 28 32 40 41 46 54 62 61 59 56 40 41 40 39 33 30 24 16 17 14 
25 18 25 28 32 40 41 46 54 62 61 59 56 40 41 40 32 28 25 18 16 17 14 
25 18 25 28 32 40 41 46 54 62 61 59 56 40 41 40 39 33 30 24 20 17 14 
25 18 25 28 32 40 41 46 54 62 61 59 56 40 41 40 39 33 30 24 16 11 12 14 
25 18 25 28 32 40 41 46 54 62 61 59 56 40 41 40 32 28 26 23 24 20 17 14 
25 18 25 28 32 40 41 46 54 62 61 59 56 40 41 40 32 28 25 18 13 11 12 14 
25 18 25 28 32 40 41 46 54 62 61 59 56 40 41 40 32 28 25 18 16 11 12 14 
25 18 25 28 32 40 41 46 54 62 61 59 56 40 41 40 32 28 26 23 24 16 17 14 
25 18 25 28 32 40 41 46 54 62 61 59 56 40 41 40 39 33 30 24 27 22 21 17 14 
25 18 25 28 32 40 41 46 54 62 61 59 56 40 41 40 39 38 34 31 27 22 21 17 14 
25 18 25 28 32 40 41 46 54 65 68 67 66 62 61 41 40 39 33 30 24 16 17 14 
25 18 25 28 32 40 41 46 54 65 68 67 66 62 61 41 40 32 28 25 18 16 17 14 
25 18 25 28 32 40 41 46 54 65 68 67 66 62 61 41 40 39 33 30 24 20 17 14 
25 18 25 28 32 40 41 46 54 65 68 67 66 62 61 41 40 39 33 30 24 16 11 12 14 
25 18 25 28 32 40 41 46 54 65 68 67 66 62 61 41 40 32 28 26 23 24 20 17 14 
25 18 25 28 32 40 41 46 54 65 68 67 66 62 61 41 40 32 28 25 18 13 11 12 14 
25 18 25 28 32 40 41 46 54 65 68 67 66 62 61 41 40 32 28 25 18 16 11 12 14 
25 18 25 28 32 40 41 46 54 65 68 67 66 62 61 41 40 32 28 26 23 24 16 17 14 
25 18 25 28 32 40 41 46 54 65 68 67 66 62 61 41 40 39 33 30 24 27 22 21 17 14 
25 18 25 28 32 40 41 46 54 65 68 67 66 62 61 41 40 39 38 34 31 27 22 21 17 14 
---------------
Request id 17
73 72 71 69 67 66 63 58 55 49 42 38 34 31 27 22 
73 72 71 69 67 66 63 58 55 58 56 40 39 38 34 31 27 22 
73 72 71 69 67 66 63 58 55 49 42 38 39 33 30 24 27 22 
73 72 71 69 67 66 63 58 55 58 56 40 39 33 30 24 27 22 
73 72 71 69 67 66 63 58 55 58 56 51 42 38 34 31 27 22 
73 72 71 69 67 66 63 58 55 49 50 53 52 47 43 34 31 27 22 
73 72 71 69 67 66 63 58 55 58 56 40 32 28 26 23 24 27 22 
73 72 71 69 67 66 63 58 55 49 42 38 34 31 27 24 16 17 21 22 
73 72 71 69 67 66 63 58 55 58 56 40 39 33 30 24 16 17 21 22 
73 72 71 69 67 66 63 58 55 58 56 51 42 38 39 33 30 24 27 22 
73 72 71 69 68 67 66 63 58 55 49 42 38 34 31 27 22 
73 72 71 69 68 67 66 63 58 55 58 56 40 39 38 34 31 27 22 
73 72 71 69 68 67 66 63 58 55 49 42 38 39 33 30 24 27 22 
73 72 71 69 68 67 66 63 58 55 58 56 40 39 33 30 24 27 22 
73 72 71 69 68 67 66 63 58 55 58 56 51 42 38 34 31 27 22 
73 72 71 69 68 67 66 63 58 55 49 50 53 52 47 43 34 31 27 22 
73 72 71 69 68 67 66 63 58 55 58 56 40 32 28 26 23 24 27 22 
73 72 71 69 68 67 66 63 58 55 49 42 38 34 31 27 24 16 17 21 22 
73 72 71 69 68 67 66 63 58 55 58 56 40 39 33 30 24 16 17 21 22 
73 72 71 69 68 67 66 63 58 55 58 56 51 42 38 39 33 30 24 27 22 
73 74 70 64 65 68 67 66 63 58 55 49 42 38 34 31 27 22 
73 74 70 64 65 68 67 66 63 58 55 58 56 40 39 38 34 31 27 22 
73 74 70 64 65 68 67 66 63 58 55 49 42 38 39 33 30 24 27 22 
73 74 70 64 65 68 67 66 63 58 55 58 56 40 39 33 30 24 27 22 
73 74 70 64 65 68 67 66 63 58 55 58 56 51 42 38 34 31 27 22 
73 74 70 64 65 68 67 66 63 58 55 49 50 53 52 47 43 34 31 27 22 
73 74 70 64 65 68 67 66 63 58 55 58 56 40 32 28 26 23 24 27 22 
73 74 70 64 65 68 67 66 63 58 55 49 42 38 34 31 27 24 16 17 21 22 
73 74 70 64 65 68 67 66 63 58 55 58 56 40 39 33 30 24 16 17 21 22 
73 74 70 64 65 68 67 66 63 58 55 58 56 51 42 38 39 33 30 24 27 22 
73 74 70 64 65 54 62 66 63 58 55 49 42 38 34 31 27 22 
73 74 70 64 65 54 62 66 63 58 55 58 56 40 39 38 34 31 27 22 
73 74 70 64 65 54 62 66 63 58 55 49 42 38 39 33 30 24 27 22 
73 74 70 64 65 54 62 66 63 58 55 58 56 40 39 33 30 24 27 22 
73 74 70 64 65 54 62 66 63 58 55 58 56 51 42 38 34 31 27 22 
73 74 70 64 65 54 62 66 63 58 55 49 50 53 52 47 43 34 31 27 22 
73 74 70 64 65 54 62 66 63 58 55 58 56 40 32 28 26 23 24 27 22 
73 74 70 64 65 54 62 66 63 58 55 49 42 38 34 31 27 24 16 17 21 22 
73 74 70 64 65 54 62 66 63 58 55 58 56 40 39 33 30 24 16 17 21 22 
73 74 70 64 65 54 62 66 63 58 55 58 56 51 42 38 39 33 30 24 27 22 
---------------
Request id 3
42 38 34 31 27 24 16 18 13 0 2 
42 38 34 31 27 24 16 18 15 9 2 
42 38 34 31 27 24 16 18 13 3 5 0 2 
42 38 34 31 27 24 16 18 16 11 13 0 2 
42 38 34 31 27 24 16 18 25 29 19 15 9 2 
42 38 34 31 27 24 16 18 16 11 6 3 5 0 2 
42 38 34 31 27 24 16 18 16 11 13 3 5 0 2 
42 38 34 31 27 24 16 18 13 11 6 3 5 0 2 
42 38 34 31 27 24 16 18 16 11 6 3 13 0 2 
42 38 34 31 27 24 16 18 16 17 14 12 11 13 0 2 
42 51 56 40 32 28 25 18 13 0 2 
42 51 56 40 32 28 25 18 15 9 2 
42 51 56 40 32 28 25 18 13 3 5 0 2 
42 51 56 40 32 28 25 18 16 11 13 0 2 
42 51 56 40 32 28 25 18 25 29 19 15 9 2 
42 51 56 40 32 28 25 18 16 11 6 3 5 0 2 
42 51 56 40 32 28 25 18 16 11 13 3 5 0 2 
42 51 56 40 32 28 25 18 13 11 6 3 5 0 2 
42 51 56 40 32 28 25 18 16 11 6 3 13 0 2 
42 51 56 40 32 28 25 18 16 17 14 12 11 13 0 2 
42 38 39 40 32 28 25 18 13 0 2 
42 38 39 40 32 28 25 18 15 9 2 
42 38 39 40 32 28 25 18 13 3 5 0 2 
42 38 39 40 32 28 25 18 16 11 13 0 2 
42 38 39 40 32 28 25 18 25 29 19 15 9 2 
42 38 39 40 32 28 25 18 16 11 6 3 5 0 2 
42 38 39 40 32 28 25 18 16 11 13 3 5 0 2 
42 38 39 40 32 28 25 18 13 11 6 3 5 0 2 
42 38 39 40 32 28 25 18 16 11 6 3 13 0 2 
42 38 39 40 32 28 25 18 16 17 14 12 11 13 0 2 
42 38 39 33 30 24 16 18 13 0 2 
42 38 39 33 30 24 16 18 15 9 2 
42 38 39 33 30 24 16 18 13 3 5 0 2 
42 38 39 33 30 24 16 18 16 11 13 0 2 
42 38 39 33 30 24 16 18 25 29 19 15 9 2 
42 38 39 33 30 24 16 18 16 11 6 3 5 0 2 
42 38 39 33 30 24 16 18 16 11 13 3 5 0 2 
42 38 39 33 30 24 16 18 13 11 6 3 5 0 2 
42 38 39 33 30 24 16 18 16 11 6 3 13 0 2 
42 38 39 33 30 24 16 18 16 17 14 12 11 13 0 2 
---------------
Request id 1
43 34 31 27 24 16 17 20 24 30 33 39 40 32 28 26 
43 34 31 27 24 16 17 20 24 30 33 39 33 30 24 23 26 
43 34 31 27 24 16 17 20 24 30 33 39 38 34 31 27 24 23 26 
43 34 31 27 24 16 17 20 24 30 33 39 33 30 24 16 18 25 28 26 
43 34 31 27 24 16 17 20 24 30 33 39 38 42 51 56 40 32 28 26 
43 34 31 27 24 16 17 20 24 30 33 39 40 32 28 25 18 16 24 23 26 
43 34 31 27 24 16 17 20 24 30 33 39 40 32 35 37 36 29 25 28 26 
43 34 31 27 24 16 17 20 24 30 33 39 38 34 31 27 24 16 18 25 28 26 
43 34 31 27 24 16 17 20 24 30 33 39 33 30 24 20 17 16 18 25 28 26 
43 34 31 27 24 16 17 20 24 30 33 39 33 30 24 16 11 13 18 25 28 26 
43 34 31 27 24 16 17 20 17 16 24 30 33 39 40 32 28 26 
43 34 31 27 24 16 17 20 17 16 24 30 33 39 33 30 24 23 26 
43 34 31 27 24 16 17 20 17 16 24 30 33 39 38 34 31 27 24 23 26 
43 34 31 27 24 16 17 20 17 16 24 30 33 39 33 30 24 16 18 25 28 26 
43 34 31 27 24 16 17 20 17 16 24 30 33 39 38 42 51 56 40 32 28 26 
43 34 31 27 24 16 17 20 17 16 24 30 33 39 40 32 28 25 18 16 24 23 26 
43 34 31 27 24 16 17 20 17 16 24 30 33 39 40 32 35 37 36 29 25 28 26 
43 34 31 27 24 16 17 20 17 16 24 30 33 39 38 34 31 27 24 16 18 25 28 26 
43 34 31 27 24 16 17 20 17 16 24 30 33 39 33 30 24 20 17 16 18 25 28 26 
43 34 31 27 24 16 17 20 17 16 24 30 33 39 33 30 24 16 11 13 18 25 28 26 
43 34 31 27 24 16 17 20 24 27 31 34 38 39 40 32 28 26 
43 34 31 27 24 16 17 20 24 27 31 34 38 39 33 30 24 23 26 
43 34 31 27 24 16 17 20 24 27 31 34 38 39 38 34 31 27 24 23 26 
43 34 31 27 24 16 17 20 24 27 31 34 38 39 33 30 24 16 18 25 28 26 
43 34 31 27 24 16 17 20 24 27 31 34 38 39 38 42 51 56 40 32 28 26 
43 34 31 27 24 16 17 20 24 27 31 34 38 39 40 32 28 25 18 16 24 23 26 
43 34 31 27 24 16 17 20 24 27 31 34 38 39 40 32 35 37 36 29 25 28 26 
43 34 31 27 24 16 17 20 24 27 31 34 38 39 38 34 31 27 24 16 18 25 28 26 
43 34 31 27 24 16 17 20 24 27 31 34 38 39 33 30 24 20 17 16 18 25 28 26 
43 34 31 27 24 16 17 20 24 27 31 34 38 39 33 30 24 16 11 13 18 25 28 26 
43 34 31 27 24 16 17 20 24 23 26 28 32 40 39 40 32 28 26 
43 34 31 27 24 16 17 20 24 23 26 28 32 40 39 33 30 24 23 26 
43 34 31 27 24 16 17 20 24 23 26 28 32 40 39 38 34 31 27 24 23 26 
43 34 31 27 24 16 17 20 24 23 26 28 32 40 39 33 30 24 16 18 25 28 26 
43 34 31 27 24 16 17 20 24 23 26 28 32 40 39 38 42 51 56 40 32 28 26 
43 34 31 27 24 16 17 20 24 23 26 28 32 40 39 40 32 28 25 18 16 24 23 26 
43 34 31 27 24 16 17 20 24 23 26 28 32 40 39 40 32 35 37 36 29 25 28 26 
43 34 31 27 24 16 17 20 24 23 26 28 32 40 39 38 34 31 27 24 16 18 25 28 26 
43 34 31 27 24 16 17 20 24 23 26 28 32 40 39 33 30 24 20 17 16 18 25 28 26 
43 34 31 27 24 16 17 20 24 23 26 28 32 40 39 33 30 24 16 11 13 18 25 28 26 
---------------
Request id 7
14 12 11 13 3 13 11 12 
14 12 11 13 3 6 11 12 
14 12 11 13 3 6 8 10 12 
14 12 11 13 3 13 18 16 11 12 
14 12 11 13 3 5 0 13 11 12 
14 12 11 13 3 13 11 6 8 10 12 
14 12 11 13 3 13 18 16 17 14 12 
14 12 11 13 3 1 4 7 8 10 12 
14 12 11 13 3 6 11 16 17 14 12 
14 12 11 13 3 13 11 16 17 14 12 
14 12 11 6 3 13 11 12 
14 12 11 6 3 6 11 12 
14 12 11 6 3 6 8 10 12 
14 12 11 6 3 13 18 16 11 12 
14 12 11 6 3 5 0 13 11 12 
14 12 11 6 3 13 11 6 8 10 12 
14 12 11 6 3 13 18 16 17 14 12 
14 12 11 6 3 1 4 7 8 10 12 
14 12 11 6 3 6 11 16 17 14 12 
14 12 11 6 3 13 11 16 17 14 12 
14 12 11 13 0 5 3 13 11 12 
14 12 11 13 0 5 3 6 11 12 
14 12 11 13 0 5 3 6 8 10 12 
14 12 11 13 0 5 3 13 18 16 11 12 
14 12 11 13 0 5 3 5 0 13 11 12 
14 12 11 13 0 5 3 13 11 6 8 10 12 
14 12 11 13 0 5 3 13 18 16 17 14 12 
14 12 11 13 0 5 3 1 4 7 8 10 12 
14 12 11 13 0 5 3 6 11 16 17 14 12 
14 12 11 13 0 5 3 13 11 16 17 14 12 
14 12 11 16 18 13 3 13 11 12 
14 12 11 16 18 13 3 6 11 12 
14 12 11 16 18 13 3 6 8 10 12 
14 12 11 16 18 13 3 13 18 16 11 12 
14 12 11 16 18 13 3 5 0 13 11 12 
14 12 11 16 18 13 3 13 11 6 8 10 12 
14 12 11 16 18 13 3 13 18 16 17 14 12 
14 12 11 16 18 13 3 1 4 7 8 10 12 
14 12 11 16 18 13 3 6 11 16 17 14 12 
14 12 11 16 18 13 3 13 11 16 17 14 12 
---------------
Request id 13
40 41 46 48 44 45 37 36 29 25 18 16 24 27 31 
40 41 46 48 44 45 37 36 29 25 18 13 11 16 24 27 31 
40 41 46 48 44 45 37 36 29 25 18 16 17 21 22 27 31 
40 41 46 48 44 45 37 36 29 25 18 16 17 20 24 27 31 
40 41 46 48 44 45 37 36 29 25 18 25 28 26 23 24 27 31 
40 41 46 48 44 45 37 36 29 25 18 13 3 6 11 16 24 27 31 
40 41 46 48 44 45 37 36 29 25 18 25 28 32 40 39 38 34 31 
40 41 46 48 44 45 37 36 29 25 18 16 24 20 17 21 22 27 31 
40 41 46 48 44 45 37 36 29 25 18 16 24 30 33 39 38 34 31 
40 41 46 48 44 45 37 36 29 25 18 13 11 16 17 20 24 27 31 
40 41 46 48 46 41 40 32 28 25 18 16 24 27 31 
40 41 46 48 46 41 40 32 28 25 18 13 11 16 24 27 31 
40 41 46 48 46 41 40 32 28 25 18 16 17 21 22 27 31 
40 41 46 48 46 41 40 32 28 25 18 16 17 20 24 27 31 
40 41 46 48 46 41 40 32 28 25 18 25 28 26 23 24 27 31 
40 41 46 48 46 41 40 32 28 25 18 13 3 6 11 16 24 27 31 
40 41 46 48 46 41 40 32 28 25 18 25 28 32 40 39 38 34 31 
40 41 46 48 46 41 40 32 28 25 18 16 24 20 17 21 22 27 31 
40 41 46 48 46 41 40 32 28 25 18 16 24 30 33 39 38 34 31 
40 41 46 48 46 41 40 32 28 25 18 13 11 16 17 20 24 27 31 
40 41 46 48 44 45 37 35 32 28 25 18 16 24 27 31 
40 41 46 48 44 45 37 35 32 28 25 18 13 11 16 24 27 31 
40 41 46 48 44 45 37 35 32 28 25 18 16 17 21 22 27 31 
40 41 46 48 44 45 37 35 32 28 25 18 16 17 20 24 27 31 
40 41 46 48 44 45 37 35 32 28 25 18 25 28 26 23 24 27 31 
40 41 46 48 44 45 37 35 32 28 25 18 13 3 6 11 16 24 27 31 
40 41 46 48 44 45 37 35 32 28 25 18 25 28 32 40 39 38 34 31 
40 41 46 48 44 45 37 35 32 28 25 18 16 24 20 17 21 22 27 31 
40 41 46 48 44 45 37 35 32 28 25 18 16 24 30 33 39 38 34 31 
40 41 46 48 44 45 37 35 32 28 25 18 13 11 16 17 20 24 27 31 
40 41 46 48 44 45 37 36 29 19 15 18 16 24 27 31 
40 41 46 48 44 45 37 36 29 19 15 18 13 11 16 24 27 31 
40 41 46 48 44 45 37 36 29 19 15 18 16 17 21 22 27 31 
40 41 46 48 44 45 37 36 29 19 15 18 16 17 20 24 27 31 
40 41 46 48 44 45 37 36 29 19 15 18 25 28 26 23 24 27 31 
40 41 46 48 44 45 37 36 29 19 15 18 13 3 6 11 16 24 27 31 
40 41 46 48 44 45 37 36 29 19 15 18 25 28 32 40 39 38 34 31 
40 41 46 48 44 45 37 36 29 19 15 18 16 24 20 17 21 22 27 31 
40 41 46 48 44 45 37 36 29 19 15 18 16 24 30 33 39 38 34 31 
40 41 46 48 44 45 37 36 29 19 15 18 13 11 16 17 20 24 27 31 
---------------
Request id 14
67 66 62 61 41 40 39 33 30 24 20 24 16 11 13 18 25 28 32 40 56 51 
67 66 62 61 41 40 39 33 30 24 20 24 16 11 16 24 27 31 34 38 42 51 
67 66 62 61 41 40 39 33 30 24 20 24 16 11 16 18 25 28 32 40 56 51 
67 66 62 61 41 40 39 33 30 24 20 24 16 11 16 24 30 33 39 38 42 51 
67 66 62 61 41 40 39 33 30 24 20 24 16 11 16 24 30 33 39 40 56 51 
67 66 62 61 41 40 39 33 30 24 20 24 16 11 16 24 23 26 28 32 40 56 51 
67 66 62 61 41 40 39 33 30 24 20 24 16 11 6 3 13 18 25 28 32 40 56 51 
67 66 62 61 41 40 39 33 30 24 20 24 16 11 13 18 16 24 30 33 39 40 56 51 
67 66 62 61 41 40 39 33 30 24 20 24 16 11 16 17 20 24 30 33 39 38 42 51 
67 66 62 61 41 40 39 33 30 24 20 24 16 11 16 18 25 28 32 40 39 38 42 51 
67 66 62 61 41 40 39 33 30 24 20 17 16 11 13 18 25 28 32 40 56 51 
67 66 62 61 41 40 39 33 30 24 20 17 16 11 16 24 27 31 34 38 42 51 
67 66 62 61 41 40 39 33 30 24 20 17 16 11 16 18 25 28 32 40 56 51 
67 66 62 61 41 40 39 33 30 24 20 17 16 11 16 24 30 33 39 38 42 51 
67 66 62 61 41 40 39 33 30 24 20 17 16 11 16 24 30 33 39 40 56 51 
67 66 62 61 41 40 39 33 30 24 20 17 16 11 16 24 23 26 28 32 40 56 51 
67 66 62 61 41 40 39 33 30 24 20 17 16 11 6 3 13 18 25 28 32 40 56 51 
67 66 62 61 41 40 39 33 30 24 20 17 16 11 13 18 16 24 30 33 39 40 56 51 
67 66 62 61 41 40 39 33 30 24 20 17 16 11 16 17 20 24 30 33 39 38 42 51 
67 66 62 61 41 40 39 33 30 24 20 17 16 11 16 18 25 28 32 40 39 38 42 51 
67 66 62 61 41 40 39 33 30 24 20 17 14 12 11 13 18 25 28 32 40 56 51 
67 66 62 61 41 40 39 33 30 24 20 17 14 12 11 16 24 27 31 34 38 42 51 
67 66 62 61 41 40 39 33 30 24 20 17 14 12 11 16 18 25 28 32 40 56 51 
67 66 62 61 41 40 39 33 30 24 20 17 14 12 11 16 24 30 33 39 38 42 51 
67 66 62 61 41 40 39 33 30 24 20 17 14 12 11 16 24 30 33 39 40 56 51 
67 66 62 61 41 40 39 33 30 24 20 17 14 12 11 16 24 23 26 28 32 40 56 51 
67 66 62 61 41 40 39 33 30 24 20 17 14 12 11 6 3 13 18 25 28 32 40 56 51 
67 66 62 61 41 40 39 33 30 24 20 17 14 12 11 13 18 16 24 30 33 39 40 56 51 
67 66 62 61 41 40 39 33 30 24 20 17 14 12 11 16 17 20 24 30 33 39 38 42 51 
67 66 62 61 41 40 39 33 30 24 20 17 14 12 11 16 18 25 28 32 40 39 38 42 51 
67 66 62 61 41 40 39 33 30 24 20 17 16 18 13 11 13 18 25 28 32 40 56 51 
67 66 62 61 41 40 39 33 30 24 20 17 16 18 13 11 16 24 27 31 34 38 42 51 
67 66 62 61 41 40 39 33 30 24 20 17 16 18 13 11 16 18 25 28 32 40 56 51 
67 66 62 61 41 40 39 33 30 24 20 17 16 18 13 11 16 24 30 33 39 38 42 51 
67 66 62 61 41 40 39 33 30 24 20 17 16 18 13 11 16 24 30 33 39 40 56 51 
67 66 62 61 41 40 39 33 30 24 20 17 16 18 13 11 16 24 23 26 28 32 40 56 51 
67 66 62 61 41 40 39 33 30 24 20 17 16 18 13 11 6 3 13 18 25 28 32 40 56 51 
67 66 62 61 41 40 39 33 30 24 20 17 16 18 13 11 13 18 16 24 30 33 39 40 56 51 
67 66 62 61 41 40 39 33 30 24 20 17 16 18 13 11 16 17 20 24 30 33 39 38 42 51 
67 66 62 61 41 40 39 33 30 24 20 17 16 18 13 11 16 18 25 28 32 40 39 38 42 51 
---------------
Request id 9
21 17 20 24 16 11 6 8 
21 17 20 17 16 11 6 8 
21 17 20 17 14 12 10 8 
21 17 20 24 16 11 12 10 8 
21 17 20 17 14 12 11 6 8 
21 17 20 17 16 11 12 10 8 
21 17 20 24 16 17 14 12 10 8 
21 17 20 24 16 11 13 3 6 8 
21 17 20 17 16 11 13 3 6 8 
21 17 20 24 16 18 13 3 6 8 
21 22 27 24 20 24 16 11 6 8 
21 22 27 24 20 17 16 11 6 8 
21 22 27 24 20 17 14 12 10 8 
21 22 27 24 20 24 16 11 12 10 8 
21 22 27 24 20 17 14 12 11 6 8 
21 22 27 24 20 17 16 11 12 10 8 
21 22 27 24 20 24 16 17 14 12 10 8 
21 22 27 24 20 24 16 11 13 3 6 8 
21 22 27 24 20 17 16 11 13 3 6 8 
21 22 27 24 20 24 16 18 13 3 6 8 
21 17 16 24 20 24 16 11 6 8 
21 17 16 24 20 17 16 11 6 8 
21 17 16 24 20 17 14 12 10 8 
21 17 16 24 20 24 16 11 12 10 8 
21 17 16 24 20 17 14 12 11 6 8 
21 17 16 24 20 17 16 11 12 10 8 
21 17 16 24 20 24 16 17 14 12 10 8 
21 17 16 24 20 24 16 11 13 3 6 8 
21 17 16 24 20 17 16 11 13 3 6 8 
21 17 16 24 20 24 16 18 13 3 6 8 
21 22 27 24 16 17 20 24 16 11 6 8 
21 22 27 24 16 17 20 17 16 11 6 8 
21 22 27 24 16 17 20 17 14 12 10 8 
21 22 27 24 16 17 20 24 16 11 12 10 8 
21 22 27 24 16 17 20 17 14 12 11 6 8 
21 22 27 24 16 17 20 17 16 11 12 10 8 
21 22 27 24 16 17 20 24 16 17 14 12 10 8 
21 22 27 24 16 17 20 24 16 11 13 3 6 8 
21 22 27 24 16 17 20 17 16 11 13 3 6 8 
21 22 27 24 16 17 20 24 16 18 13 3 6 8 
---------------
Request id 10
9 2 0 13 18 25 28 32 40 41 46 54 65 68 69 
9 2 0 13 18 25 28 32 40 56 58 63 66 67 69 
9 2 0 13 18 25 28 32 40 41 61 62 66 67 69 
9 2 0 13 18 25 28 32 40 41 46 54 62 66 67 69 
9 2 0 13 18 25 28 32 40 56 58 63 66 67 68 69 
9 2 0 13 18 25 28 32 40 41 46 54 65 68 67 69 
9 2 0 13 18 25 28 32 40 56 59 61 62 66 67 69 
9 2 0 13 18 25 28 32 40 41 61 62 54 65 68 69 
9 2 0 13 18 25 28 32 40 41 61 62 66 67 68 69 
9 2 0 13 18 16 24 30 33 39 40 41 46 54 65 68 69 
9 2 0 2 9 15 18 25 28 32 40 41 46 54 65 68 69 
9 2 0 2 9 15 18 25 28 32 40 56 58 63 66 67 69 
9 2 0 2 9 15 18 25 28 32 40 41 61 62 66 67 69 
9 2 0 2 9 15 18 25 28 32 40 41 46 54 62 66 67 69 
9 2 0 2 9 15 18 25 28 32 40 56 58 63 66 67 68 69 
9 2 0 2 9 15 18 25 28 32 40 41 46 54 65 68 67 69 
9 2 0 2 9 15 18 25 28 32 40 56 59 61 62 66 67 69 
9 2 0 2 9 15 18 25 28 32 40 41 61 62 54 65 68 69 
9 2 0 2 9 15 18 25 28 32 40 41 61 62 66 67 68 69 
9 2 0 2 9 15 18 16 24 30 33 39 40 41 46 54 65 68 69 
9 2 0 13 11 16 18 25 28 32 40 41 46 54 65 68 69 
9 2 0 13 11 16 18 25 28 32 40 56 58 63 66 67 69 
9 2 0 13 11 16 18 25 28 32 40 41 61 62 66 67 69 
9 2 0 13 11 16 18 25 28 32 40 41 46 54 62 66 67 69 
9 2 0 13 11 16 18 25 28 32 40 56 58 63 66 67 68 69 
9 2 0 13 11 16 18 25 28 32 40 41 46 54 65 68 67 69 
9 2 0 13 11 16 18 25 28 32 40 56 59 61 62 66 67 69 
9 2 0 13 11 16 18 25 28 32 40 41 61 62 54 65 68 69 
9 2 0 13 11 16 18 25 28 32 40 41 61 62 66 67 68 69 
9 2 0 13 11 16 18 16 24 30 33 39 40 41 46 54 65 68 69 
9 2 0 5 3 13 18 25 28 32 40 41 46 54 65 68 69 
9 2 0 5 3 13 18 25 28 32 40 56 58 63 66 67 69 
9 2 0 5 3 13 18 25 28 32 40 41 61 62 66 67 69 
9 2 0 5 3 13 18 25 28 32 40 41 46 54 62 66 67 69 
9 2 0 5 3 13 18 25 28 32 40 56 58 63 66 67 68 69 
9 2 0 5 3 13 18 25 28 32 40 41 46 54 65 68 67 69 
9 2 0 5 3 13 18 25 28 32 40 56 59 61 62 66 67 69 
9 2 0 5 3 13 18 25 28 32 40 41 61 62 54 65 68 69 
9 2 0 5 3 13 18 25 28 32 40 41 61 62 66 67 68 69 
9 2 0 5 3 13 18 16 24 30 33 39 40 41 46 54 65 68 69 
---------------
Request id 12
25 18 16 24 30 33 39 40 41 46 54 65 64 70 74 73 
25 18 16 18 25 28 32 40 41 46 54 65 64 70 74 73 
25 18 16 24 23 26 28 32 40 41 46 54 65 64 70 74 73 
25 18 16 24 30 33 39 40 56 58 63 66 67 69 71 72 73 
25 18 16 24 30 33 39 40 41 46 54 65 68 69 71 72 73 
25 18 16 18 25 28 32 40 41 46 48 57 60 64 70 74 73 
25 18 16 18 25 28 32 40 41 46 54 65 68 69 71 72 73 
25 18 16 24 30 33 39 40 41 61 62 54 65 64 70 74 73 
25 18 16 24 30 33 39 40 41 46 48 57 60 64 70 74 73 
25 18 16 24 30 33 39 40 41 61 62 66 67 69 71 72 73 
25 18 13 11 16 24 30 33 39 40 41 46 54 65 64 70 74 73 
25 18 13 11 16 18 25 28 32 40 41 46 54 65 64 70 74 73 
25 18 13 11 16 24 23 26 28 32 40 41 46 54 65 64 70 74 73 
25 18 13 11 16 24 30 33 39 40 56 58 63 66 67 69 71 72 73 
25 18 13 11 16 24 30 33 39 40 41 46 54 65 68 69 71 72 73 
25 18 13 11 16 18 25 28 32 40 41 46 48 57 60 64 70 74 73 
25 18 13 11 16 18 25 28 32 40 41 46 54 65 68 69 71 72 73 
25 18 13 11 16 24 30 33 39 40 41 61 62 54 65 64 70 74 73 
25 18 13 11 16 24 30 33 39 40 41 46 48 57 60 64 70 74 73 
25 18 13 11 16 24 30 33 39 40 41 61 62 66 67 69 71 72 73 
25 28 26 23 24 16 24 30 33 39 40 41 46 54 65 64 70 74 73 
25 28 26 23 24 16 18 25 28 32 40 41 46 54 65 64 70 74 73 
25 28 26 23 24 16 24 23 26 28 32 40 41 46 54 65 64 70 74 73 
25 28 26 23 24 16 24 30 33 39 40 56 58 63 66 67 69 71 72 73 
25 28 26 23 24 16 24 30 33 39 40 41 46 54 65 68 69 71 72 73 
25 28 26 23 24 16 18 25 28 32 40 41 46 48 57 60 64 70 74 73 
25 28 26 23 24 16 18 25 28 32 40 41 46 54 65 68 69 71 72 73 
25 28 26 23 24 16 24 30 33 39 40 41 61 62 54 65 64 70 74 73 
25 28 26 23 24 16 24 30 33 39 40 41 46 48 57 60 64 70 74 73 
25 28 26 23 24 16 24 30 33 39 40 41 61 62 66 67 69 71 72 73 
25 29 19 15 18 16 24 30 33 39 40 41 46 54 65 64 70 74 73 
25 29 19 15 18 16 18 25 28 32 40 41 46 54 65 64 70 74 73 
25 29 19 15 18 16 24 23 26 28 32 40 41 46 54 65 64 70 74 73 
25 29 19 15 18 16 24 30 33 39 40 56 58 63 66 67 69 71 72 73 
25 29 19 15 18 16 24 30 33 39 40 41 46 54 65 68 69 71 72 73 
25 29 19 15 18 16 18 25 28 32 40 41 46 48 57 60 64 70 74 73 
25 29 19 15 18 16 18 25 28 32 40 41 46 54 65 68 69 71 72 73 
25 29 19 15 18 16 24 30 33 39 40 41 61 62 54 65 64 70 74 73 
25 29 19 15 18 16 24 30 33 39 40 41 46 48 57 60 64 70 74 73 
25 29 19 15 18 16 24 30 33 39 40 41 61 62 66 67 69 71 72 73 
---------------
Request id 2
74 70 64 65 54 46 41 40 32 28 25 18 13 0 13 18 25 
74 70 64 65 54 46 41 40 32 28 25 18 13 0 2 9 15 18 25 
74 70 64 65 54 46 41 40 32 28 25 18 13 0 13 11 16 18 25 
74 70 64 65 54 46 41 40 32 28 25 18 13 0 5 3 13 18 25 
74 70 64 65 54 46 41 40 32 28 25 18 13 0 2 9 15 19 29 25 
74 70 64 65 54 46 41 40 32 28 25 18 13 0 13 18 15 19 29 25 
74 70 64 65 54 46 41 40 32 28 25 18 13 0 5 3 6 11 13 18 25 
74 70 64 65 54 46 41 40 32 28 25 18 13 0 5 3 13 11 16 18 25 
74 70 64 65 54 46 41 40 32 28 25 18 13 0 5 3 6 11 16 18 25 
74 70 64 65 54 46 41 40 32 28 25 18 13 0 13 3 6 11 16 18 25 
74 70 64 65 54 46 41 40 32 28 25 18 15 9 2 0 13 18 25 
74 70 64 65 54 46 41 40 32 28 25 18 15 9 2 0 2 9 15 18 25 
74 70 64 65 54 46 41 40 32 28 25 18 15 9 2 0 13 11 16 18 25 
74 70 64 65 54 46 41 40 32 28 25 18 15 9 2 0 5 3 13 18 25 
74 70 64 65 54 46 41 40 32 28 25 18 15 9 2 0 2 9 15 19 29 25 
74 70 64 65 54 46 41 40 32 28 25 18 15 9 2 0 13 18 15 19 29 25 
74 70 64 65 54 46 41 40 32 28 25 18 15 9 2 0 5 3 6 11 13 18 25 
74 70 64 65 54 46 41 40 32 28 25 18 15 9 2 0 5 3 13 11 16 18 25 
74 70 64 65 54 46 41 40 32 28 25 18 15 9 2 0 5 3 6 11 16 18 25 
74 70 64 65 54 46 41 40 32 28 25 18 15 9 2 0 13 3 6 11 16 18 25 
74 70 64 65 54 46 41 40 32 28 25 18 13 3 5 0 13 18 25 
74 70 64 65 54 46 41 40 32 28 25 18 13 3 5 0 2 9 15 18 25 
74 70 64 65 54 46 41 40 32 28 25 18 13 3 5 0 13 11 16 18 25 
74 70 64 65 54 46 41 40 32 28 25 18 13 3 5 0 5 3 13 18 25 
74 70 64 65 54 46 41 40 32 28 25 18 13 3 5 0 2 9 15 19 29 25 
74 70 64 65 54 46 41 40 32 28 25 18 13 3 5 0 13 18 15 19 29 25 
74 70 64 65 54 46 41 40 32 28 25 18 13 3 5 0 5 3 6 11 13 18 25 
74 70 64 65 54 46 41 40 32 28 25 18 13 3 5 0 5 3 13 11 16 18 25 
74 70 64 65 54 46 41 40 32 28 25 18 13 3 5 0 5 3 6 11 16 18 25 
74 70 64 65 54 46 41 40 32 28 25 18 13 3 5 0 13 3 6 11 16 18 25 
74 70 64 65 54 46 41 40 32 28 25 18 16 11 13 0 13 18 25 
74 70 64 65 54 46 41 40 32 28 25 18 16 11 13 0 2 9 15 18 25 
74 70 64 65 54 46 41 40 32 28 25 18 16 11 13 0 13 11 16 18 25 
74 70 64 65 54 46 41 40 32 28 25 18 16 11 13 0 5 3 13 18 25 
74 70 64 65 54 46 41 40 32 28 25 18 16 11 13 0 2 9 15 19 29 25 
74 70 64 65 54 46 41 40 32 28 25 18 16 11 13 0 13 18 15 19 29 25 
74 70 64 65 54 46 41 40 32 28 25 18 16 11 13 0 5 3 6 11 13 18 25 
74 70 64 65 54 46 41 40 32 28 25 18 16 11 13 0 5 3 13 11 16 18 25 
74 70 64 65 54 46 41 40 32 28 25 18 16 11 13 0 5 3 6 11 16 18 25 
74 70 64 65 54 46 41 40 32 28 25 18 16 11 13 0 13 3 6 11 16 18 25 
---------------
Request id 4
46 48 46 41 40 39 38 34 
46 48 46 41 40 39 33 30 24 27 31 34 
46 48 46 41 40 39 40 56 51 42 38 34 
46 48 46 41 40 39 40 56 58 55 49 42 38 34 
46 48 46 41 40 39 38 42 49 50 53 52 47 43 34 
46 48 46 41 40 39 40 41 61 59 56 51 42 38 34 
46 48 46 41 40 39 40 32 28 26 23 24 27 31 34 
46 48 46 41 40 39 40 32 28 25 18 16 24 27 31 34 
46 48 46 41 40 39 33 30 24 20 17 21 22 27 31 34 
46 48 46 41 40 39 33 30 24 16 17 21 22 27 31 34 
46 48 44 45 37 35 32 40 39 38 34 
46 48 44 45 37 35 32 40 39 33 30 24 27 31 34 
46 48 44 45 37 35 32 40 39 40 56 51 42 38 34 
46 48 44 45 37 35 32 40 39 40 56 58 55 49 42 38 34 
46 48 44 45 37 35 32 40 39 38 42 49 50 53 52 47 43 34 
46 48 44 45 37 35 32 40 39 40 41 61 59 56 51 42 38 34 
46 48 44 45 37 35 32 40 39 40 32 28 26 23 24 27 31 34 
46 48 44 45 37 35 32 40 39 40 32 28 25 18 16 24 27 31 34 
46 48 44 45 37 35 32 40 39 33 30 24 20 17 21 22 27 31 34 
46 48 44 45 37 35 32 40 39 33 30 24 16 17 21 22 27 31 34 
46 48 46 54 62 61 41 40 39 38 34 
46 48 46 54 62 61 41 40 39 33 30 24 27 31 34 
46 48 46 54 62 61 41 40 39 40 56 51 42 38 34 
46 48 46 54 62 61 41 40 39 40 56 58 55 49 42 38 34 
46 48 46 54 62 61 41 40 39 38 42 49 50 53 52 47 43 34 
46 48 46 54 62 61 41 40 39 40 41 61 59 56 51 42 38 34 
46 48 46 54 62 61 41 40 39 40 32 28 26 23 24 27 31 34 
46 48 46 54 62 61 41 40 39 40 32 28 25 18 16 24 27 31 34 
46 48 46 54 62 61 41 40 39 33 30 24 20 17 21 22 27 31 34 
46 48 46 54 62 61 41 40 39 33 30 24 16 17 21 22 27 31 34 
46 48 46 41 61 59 56 40 39 38 34 
46 48 46 41 61 59 56 40 39 33 30 24 27 31 34 
46 48 46 41 61 59 56 40 39 40 56 51 42 38 34 
46 48 46 41 61 59 56 40 39 40 56 58 55 49 42 38 34 
46 48 46 41 61 59 56 40 39 38 42 49 50 53 52 47 43 34 
46 48 46 41 61 59 56 40 39 40 41 61 59 56 51 42 38 34 
46 48 46 41 61 59 56 40 39 40 32 28 26 23 24 27 31 34 
46 48 46 41 61 59 56 40 39 40 32 28 25 18 16 24 27 31 34 
46 48 46 41 61 59 56 40 39 33 30 24 20 17 21 22 27 31 34 
46 48 46 41 61 59 56 40 39 33 30 24 16 17 21 22 27 31 34 
---------------
Request id 20
29 25 18 16 24 27 31 34 43 
29 25 18 25 28 32 40 39 38 34 43 
29 25 18 16 17 20 24 27 31 34 43 
29 25 18 13 11 16 24 27 31 34 43 
29 25 18 16 24 30 33 39 38 34 43 
29 25 18 16 17 21 22 27 31 34 43 
29 25 18 25 28 26 23 24 27 31 34 43 
29 25 18 25 28 32 40 56 51 42 38 34 43 
29 25 18 13 3 6 11 16 24 27 31 34 43 
29 25 18 13 11 16 17 20 24 27 31 34 43 
29 19 15 18 16 24 27 31 34 43 
29 19 15 18 25 28 32 40 39 38 34 43 
29 19 15 18 16 17 20 24 27 31 34 43 
29 19 15 18 13 11 16 24 27 31 34 43 
29 19 15 18 16 24 30 33 39 38 34 43 
29 19 15 18 16 17 21 22 27 31 34 43 
29 19 15 18 25 28 26 23 24 27 31 34 43 
29 19 15 18 25 28 32 40 56 51 42 38 34 43 
29 19 15 18 13 3 6 11 16 24 27 31 34 43 
29 19 15 18 13 11 16 17 20 24 27 31 34 43 
29 25 28 26 23 24 16 18 16 24 27 31 34 43 
29 25 28 26 23 24 16 18 25 28 32 40 39 38 34 43 
29 25 28 26 23 24 16 18 16 17 20 24 27 31 34 43 
29 25 28 26 23 24 16 18 13 11 16 24 27 31 34 43 
29 25 28 26 23 24 16 18 16 24 30 33 39 38 34 43 
29 25 28 26 23 24 16 18 16 17 21 22 27 31 34 43 
29 25 28 26 23 24 16 18 25 28 26 23 24 27 31 34 43 
29 25 28 26 23 24 16 18 25 28 32 40 56 51 42 38 34 43 
29 25 28 26 23 24 16 18 13 3 6 11 16 24 27 31 34 43 
29 25 28 26 23 24 16 18 13 11 16 17 20 24 27 31 34 43 
29 19 15 9 2 0 13 18 16 24 27 31 34 43 
29 19 15 9 2 0 13 18 25 28 32 40 39 38 34 43 
29 19 15 9 2 0 13 18 16 17 20 24 27 31 34 43 
29 19 15 9 2 0 13 18 13 11 16 24 27 31 34 43 
29 19 15 9 2 0 13 18 16 24 30 33 39 38 34 43 
29 19 15 9 2 0 13 18 16 17 21 22 27 31 34 43 
29 19 15 9 2 0 13 18 25 28 26 23 24 27 31 34 43 
29 19 15 9 2 0 13 18 25 28 32 40 56 51 42 38 34 43 
29 19 15 9 2 0 13 18 13 3 6 11 16 24 27 31 34 43 
29 19 15 9 2 0 13 18 13 11 16 17 20 24 27 31 34 43 
---------------
Request id 16
28 25 18 13 3 13 18 25 28 32 40 41 46 54 65 64 70 74 
28 25 18 13 3 13 18 25 29 36 37 45 44 48 57 60 64 70 74 
28 25 18 13 3 13 18 25 28 32 40 41 61 62 54 65 64 70 74 
28 25 18 13 3 13 18 25 28 32 40 41 46 48 57 60 64 70 74 
28 25 18 13 3 13 18 16 24 30 33 39 40 41 46 54 65 64 70 74 
28 25 18 13 3 13 18 25 28 32 35 37 45 44 48 57 60 64 70 74 
28 25 18 13 3 13 18 25 28 32 40 56 59 61 62 54 65 64 70 74 
28 25 18 13 3 13 18 15 19 29 36 37 45 44 48 57 60 64 70 74 
28 25 18 13 3 13 18 25 29 36 37 45 44 48 46 54 65 64 70 74 
28 25 18 13 3 13 18 16 24 30 33 39 40 41 46 48 57 60 64 70 74 
28 25 18 13 3 6 11 16 18 25 28 32 40 41 46 54 65 64 70 74 
28 25 18 13 3 6 11 16 18 25 29 36 37 45 44 48 57 60 64 70 74 
28 25 18 13 3 6 11 16 18 25 28 32 40 41 61 62 54 65 64 70 74 
28 25 18 13 3 6 11 16 18 25 28 32 40 41 46 48 57 60 64 70 74 
28 25 18 13 3 6 11 16 18 16 24 30 33 39 40 41 46 54 65 64 70 74 
28 25 18 13 3 6 11 16 18 25 28 32 35 37 45 44 48 57 60 64 70 74 
28 25 18 13 3 6 11 16 18 25 28 32 40 56 59 61 62 54 65 64 70 74 
28 25 18 13 3 6 11 16 18 15 19 29 36 37 45 44 48 57 60 64 70 74 
28 25 18 13 3 6 11 16 18 25 29 36 37 45 44 48 46 54 65 64 70 74 
28 25 18 13 3 6 11 16 18 16 24 30 33 39 40 41 46 48 57 60 64 70 74 
28 25 18 13 3 13 11 16 18 25 28 32 40 41 46 54 65 64 70 74 
28 25 18 13 3 13 11 16 18 25 29 36 37 45 44 48 57 60 64 70 74 
28 25 18 13 3 13 11 16 18 25 28 32 40 41 61 62 54 65 64 70 74 
28 25 18 13 3 13 11 16 18 25 28 32 40 41 46 48 57 60 64 70 74 
28 25 18 13 3 13 11 16 18 16 24 30 33 39 40 41 46 54 65 64 70 74 
28 25 18 13 3 13 11 16 18 25 28 32 35 37 45 44 48 57 60 64 70 74 
28 25 18 13 3 13 11 16 18 25 28 32 40 56 59 61 62 54 65 64 70 74 
28 25 18 13 3 13 11 16 18 15 19 29 36 37 45 44 48 57 60 64 70 74 
28 25 18 13 3 13 11 16 18 25 29 36 37 45 44 48 46 54 65 64 70 74 
28 25 18 13 3 13 11 16 18 16 24 30 33 39 40 41 46 48 57 60 64 70 74 
28 25 18 13 3 5 0 13 18 25 28 32 40 41 46 54 65 64 70 74 
28 25 18 13 3 5 0 13 18 25 29 36 37 45 44 48 57 60 64 70 74 
28 25 18 13 3 5 0 13 18 25 28 32 40 41 61 62 54 65 64 70 74 
28 25 18 13 3 5 0 13 18 25 28 32 40 41 46 48 57 60 64 70 74 
28 25 18 13 3 5 0 13 18 16 24 30 33 39 40 41 46 54 65 64 70 74 
28 25 18 13 3 5 0 13 18 25 28 32 35 37 45 44 48 57 60 64 70 74 
28 25 18 13 3 5 0 13 18 25 28 32 40 56 59 61 62 54 65 64 70 74 
28 25 18 13 3 5 0 13 18 15 19 29 36 37 45 44 48 57 60 64 70 74 
28 25 18 13 3 5 0 13 18 25 29 36 37 45 44 48 46 54 65 64 70 74 
28 25 18 13 3 5 0 13 18 16 24 30 33 39 40 41 46 48 57 60 64 70 74 
---------------
Request id 6
28 32 28 25 18 16 11 12 14 
28 32 28 25 18 16 11 16 17 14 
28 32 28 25 18 16 11 6 8 10 12 14 
28 32 28 25 18 16 11 16 24 20 17 14 
28 32 28 25 18 16 11 13 18 16 17 14 
28 32 28 25 18 16 11 6 3 13 18 16 17 14 
28 32 28 25 18 16 11 16 24 27 22 21 17 14 
28 32 28 25 18 16 11 13 3 6 8 10 12 14 
28 32 28 25 18 16 11 13 18 16 24 20 17 14 
28 32 28 25 18 16 11 6 3 13 18 16 24 20 17 14 
28 32 28 25 18 16 18 13 11 12 14 
28 32 28 25 18 16 18 13 11 16 17 14 
28 32 28 25 18 16 18 13 11 6 8 10 12 14 
28 32 28 25 18 16 18 13 11 16 24 20 17 14 
28 32 28 25 18 16 18 13 11 13 18 16 17 14 
28 32 28 25 18 16 18 13 11 6 3 13 18 16 17 14 
28 32 28 25 18 16 18 13 11 16 24 27 22 21 17 14 
28 32 28 25 18 16 18 13 11 13 3 6 8 10 12 14 
28 32 28 25 18 16 18 13 11 13 18 16 24 20 17 14 
28 32 28 25 18 16 18 13 11 6 3 13 18 16 24 20 17 14 
28 32 28 25 18 16 17 14 12 11 12 14 
28 32 28 25 18 16 17 14 12 11 16 17 14 
28 32 28 25 18 16 17 14 12 11 6 8 10 12 14 
28 32 28 25 18 16 17 14 12 11 16 24 20 17 14 
28 32 28 25 18 16 17 14 12 11 13 18 16 17 14 
28 32 28 25 18 16 17 14 12 11 6 3 13 18 16 17 14 
28 32 28 25 18 16 17 14 12 11 16 24 27 22 21 17 14 
28 32 28 25 18 16 17 14 12 11 13 3 6 8 10 12 14 
28 32 28 25 18 16 17 14 12 11 13 18 16 24 20 17 14 
28 32 28 25 18 16 17 14 12 11 6 3 13 18 16 24 20 17 14 
28 32 28 25 18 16 18 13 3 6 11 12 14 
28 32 28 25 18 16 18 13 3 6 11 16 17 14 
28 32 28 25 18 16 18 13 3 6 11 6 8 10 12 14 
28 32 28 25 18 16 18 13 3 6 11 16 24 20 17 14 
28 32 28 25 18 16 18 13 3 6 11 13 18 16 17 14 
28 32 28 25 18 16 18 13 3 6 11 6 3 13 18 16 17 14 
28 32 28 25 18 16 18 13 3 6 11 16 24 27 22 21 17 14 
28 32 28 25 18 16 18 13 3 6 11 13 3 6 8 10 12 14 
28 32 28 25 18 16 18 13 3 6 11 13 18 16 24 20 17 14 
28 32 28 25 18 16 18 13 3 6 11 6 3 13 18 16 24 20 17 14 
---------------
Request id 15
51 56 40 32 28 25 18 13 3 6 11 16 24 27 31 34 43 
51 56 40 32 28 25 18 13 3 6 11 13 18 16 24 27 31 34 43 
51 56 40 32 28 25 18 13 3 6 11 16 17 21 22 27 31 34 43 
51 56 40 32 28 25 18 13 3 6 11 16 24 30 33 39 38 34 43 
51 56 40 32 28 25 18 13 3 6 11 16 17 20 24 27 31 34 43 
51 56 40 32 28 25 18 13 3 6 11 12 14 17 16 24 27 31 34 43 
51 56 40 32 28 25 18 13 3 6 11 12 14 17 20 24 27 31 34 43 
51 56 40 32 28 25 18 13 3 6 11 12 14 17 21 22 27 31 34 43 
51 56 40 32 28 25 18 13 3 6 11 6 3 13 18 16 24 27 31 34 43 
51 56 40 32 28 25 18 13 3 6 11 16 18 25 28 32 40 39 38 34 43 
51 56 40 32 28 25 18 13 3 13 11 16 24 27 31 34 43 
51 56 40 32 28 25 18 13 3 13 11 13 18 16 24 27 31 34 43 
51 56 40 32 28 25 18 13 3 13 11 16 17 21 22 27 31 34 43 
51 56 40 32 28 25 18 13 3 13 11 16 24 30 33 39 38 34 43 
51 56 40 32 28 25 18 13 3 13 11 16 17 20 24 27 31 34 43 
51 56 40 32 28 25 18 13 3 13 11 12 14 17 16 24 27 31 34 43 
51 56 40 32 28 25 18 13 3 13 11 12 14 17 20 24 27 31 34 43 
51 56 40 32 28 25 18 13 3 13 11 12 14 17 21 22 27 31 34 43 
51 56 40 32 28 25 18 13 3 13 11 6 3 13 18 16 24 27 31 34 43 
51 56 40 32 28 25 18 13 3 13 11 16 18 25 28 32 40 39 38 34 43 
51 56 40 32 28 25 18 13 3 5 0 13 11 16 24 27 31 34 43 
51 56 40 32 28 25 18 13 3 5 0 13 11 13 18 16 24 27 31 34 43 
51 56 40 32 28 25 18 13 3 5 0 13 11 16 17 21 22 27 31 34 43 
51 56 40 32 28 25 18 13 3 5 0 13 11 16 24 30 33 39 38 34 43 
51 56 40 32 28 25 18 13 3 5 0 13 11 16 17 20 24 27 31 34 43 
51 56 40 32 28 25 18 13 3 5 0 13 11 12 14 17 16 24 27 31 34 43 
51 56 40 32 28 25 18 13 3 5 0 13 11 12 14 17 20 24 27 31 34 43 
51 56 40 32 28 25 18 13 3 5 0 13 11 12 14 17 21 22 27 31 34 43 
51 56 40 32 28 25 18 13 3 5 0 13 11 6 3 13 18 16 24 27 31 34 43 
51 56 40 32 28 25 18 13 3 5 0 13 11 16 18 25 28 32 40 39 38 34 43 
51 56 40 32 28 25 18 13 3 13 18 16 11 16 24 27 31 34 43 
51 56 40 32 28 25 18 13 3 13 18 16 11 13 18 16 24 27 31 34 43 
51 56 40 32 28 25 18 13 3 13 18 16 11 16 17 21 22 27 31 34 43 
51 56 40 32 28 25 18 13 3 13 18 16 11 16 24 30 33 39 38 34 43 
51 56 40 32 28 25 18 13 3 13 18 16 11 16 17 20 24 27 31 34 43 
51 56 40 32 28 25 18 13 3 13 18 16 11 12 14 17 16 24 27 31 34 43 
51 56 40 32 28 25 18 13 3 13 18 16 11 12 14 17 20 24 27 31 34 43 
51 56 40 32 28 25 18 13 3 13 18 16 11 12 14 17 21 22 27 31 34 43 
51 56 40 32 28 25 18 13 3 13 18 16 11 6 3 13 18 16 24 27 31 34 43 
51 56 40 32 28 25 18 13 3 13 18 16 11 16 18 25 28 32 40 39 38 34 43 
---------------
Request id 8
71 69 67 66 63 58 55 49 50 53 52 47 43 34 31 27 24 16 11 11 16 18 25 28 32 40 41 61 
71 69 67 66 63 58 55 49 50 53 52 47 43 34 31 27 24 16 11 11 13 18 25 28 32 40 41 61 
71 69 67 66 63 58 55 49 50 53 52 47 43 34 31 27 24 16 11 11 16 24 30 33 39 40 41 61 
71 69 67 66 63 58 55 49 50 53 52 47 43 34 31 27 24 16 11 11 16 18 25 28 32 40 56 59 61 
71 69 67 66 63 58 55 49 50 53 52 47 43 34 31 27 24 16 11 11 16 24 23 26 28 32 40 41 61 
71 69 67 66 63 58 55 49 50 53 52 47 43 34 31 27 24 16 11 11 16 24 30 33 39 40 56 59 61 
71 69 67 66 63 58 55 49 50 53 52 47 43 34 31 27 24 16 11 11 13 18 25 28 32 40 56 59 61 
71 69 67 66 63 58 55 49 50 53 52 47 43 34 31 27 24 16 11 11 16 17 20 24 30 33 39 40 41 61 
71 69 67 66 63 58 55 49 50 53 52 47 43 34 31 27 24 16 11 11 6 3 13 18 25 28 32 40 41 61 
71 69 67 66 63 58 55 49 50 53 52 47 43 34 31 27 24 16 11 11 16 24 23 26 28 32 40 56 59 61 
71 69 67 66 63 58 55 49 50 53 52 47 43 34 38 39 33 30 24 16 11 11 16 18 25 28 32 40 41 61 
71 69 67 66 63 58 55 49 50 53 52 47 43 34 38 39 33 30 24 16 11 11 13 18 25 28 32 40 41 61 
71 69 67 66 63 58 55 49 50 53 52 47 43 34 38 39 33 30 24 16 11 11 16 24 30 33 39 40 41 61 
71 69 67 66 63 58 55 49 50 53 52 47 43 34 38 39 33 30 24 16 11 11 16 18 25 28 32 40 56 59 61 
71 69 67 66 63 58 55 49 50 53 52 47 43 34 38 39 33 30 24 16 11 11 16 24 23 26 28 32 40 41 61 
71 69 67 66 63 58 55 49 50 53 52 47 43 34 38 39 33 30 24 16 11 11 16 24 30 33 39 40 56 59 61 
71 69 67 66 63 58 55 49 50 53 52 47 43 34 38 39 33 30 24 16 11 11 13 18 25 28 32 40 56 59 61 
71 69 67 66 63 58 55 49 50 53 52 47 43 34 38 39 33 30 24 16 11 11 16 17 20 24 30 33 39 40 41 61 
71 69 67 66 63 58 55 49 50 53 52 47 43 34 38 39 33 30 24 16 11 11 6 3 13 18 25 28 32 40 41 61 
71 69 67 66 63 58 55 49 50 53 52 47 43 34 38 39 33 30 24 16 11 11 16 24 23 26 28 32 40 56 59 61 
71 69 67 66 63 58 55 49 50 53 52 47 43 34 31 27 24 16 18 13 11 11 16 18 25 28 32 40 41 61 
71 69 67 66 63 58 55 49 50 53 52 47 43 34 31 27 24 16 18 13 11 11 13 18 25 28 32 40 41 61 
71 69 67 66 63 58 55 49 50 53 52 47 43 34 31 27 24 16 18 13 11 11 16 24 30 33 39 40 41 61 
71 69 67 66 63 58 55 49 50 53 52 47 43 34 31 27 24 16 18 13 11 11 16 18 25 28 32 40 56 59 61 
71 69 67 66 63 58 55 49 50 53 52 47 43 34 31 27 24 16 18 13 11 11 16 24 23 26 28 32 40 41 61 
71 69 67 66 63 58 55 49 50 53 52 47 43 34 31 27 24 16 18 13 11 11 16 24 30 33 39 40 56 59 61 
71 69 67 66 63 58 55 49 50 53 52 47 43 34 31 27 24 16 18 13 11 11 13 18 25 28 32 40 56 59 61 
71 69 67 66 63 58 55 49 50 53 52 47 43 34 31 27 24 16 18 13 11 11 16 17 20 24 30 33 39 40 41 61 
71 69 67 66 63 58 55 49 50 53 52 47 43 34 31 27 24 16 18 13 11 11 6 3 13 18 25 28 32 40 41 61 
71 69 67 66 63 58 55 49 50 53 52 47 43 34 31 27 24 16 18 13 11 11 16 24 23 26 28 32 40 56 59 61 
71 69 67 66 63 58 55 49 50 53 52 47 43 34 31 27 24 20 17 16 11 11 16 18 25 28 32 40 41 61 
71 69 67 66 63 58 55 49 50 53 52 47 43 34 31 27 24 20 17 16 11 11 13 18 25 28 32 40 41 61 
71 69 67 66 63 58 55 49 50 53 52 47 43 34 31 27 24 20 17 16 11 11 16 24 30 33 39 40 41 61 
71 69 67 66 63 58 55 49 50 53 52 47 43 34 31 27 24 20 17 16 11 11 16 18 25 28 32 40 56 59 61 
71 69 67 66 63 58 55 49 50 53 52 47 43 34 31 27 24 20 17 16 11 11 16 24 23 26 28 32 40 41 61 
71 69 67 66 63 58 55 49 50 53 52 47 43 34 31 27 24 20 17 16 11 11 16 24 30 33 39 40 56 59 61 
71 69 67 66 63 58 55 49 50 53 52 47 43 34 31 27 24 20 17 16 11 11 13 18 25 28 32 40 56 59 61 
71 69 67 66 63 58 55 49 50 53 52 47 43 34 31 27 24 20 17 16 11 11 16 17 20 24 30 33 39 40 41 61 
71 69 67 66 63 58 55 49 50 53 52 47 43 34 31 27 24 20 17 16 11 11 6 3 13 18 25 28 32 40 41 61 
71 69 67 66 63 58 55 49 50 53 52 47 43 34 31 27 24 20 17 16 11 11 16 24 23 26 28 32 40 56 59 61 
---------------
Request id 18
65 54 46 41 40 39 38 34 43 47 43 34 31 27 24 16 24 30 33 39 40 41 61 
65 54 46 41 40 39 38 34 43 47 43 34 31 27 24 16 18 25 28 32 40 41 61 
65 54 46 41 40 39 38 34 43 47 43 34 31 27 24 16 24 23 26 28 32 40 41 61 
65 54 46 41 40 39 38 34 43 47 43 34 31 27 24 16 24 30 33 39 40 56 59 61 
65 54 46 41 40 39 38 34 43 47 43 34 31 27 24 16 18 25 28 32 40 56 59 61 
65 54 46 41 40 39 38 34 43 47 43 34 31 27 24 16 11 13 18 25 28 32 40 41 61 
65 54 46 41 40 39 38 34 43 47 43 34 31 27 24 16 24 27 31 34 38 39 40 41 61 
65 54 46 41 40 39 38 34 43 47 43 34 31 27 24 16 17 20 24 30 33 39 40 41 61 
65 54 46 41 40 39 38 34 43 47 43 34 31 27 24 16 24 23 26 28 32 40 56 59 61 
65 54 46 41 40 39 38 34 43 47 43 34 31 27 24 16 24 30 33 39 40 41 46 54 62 61 
65 54 46 41 40 39 38 34 43 47 43 34 38 39 33 30 24 16 24 30 33 39 40 41 61 
65 54 46 41 40 39 38 34 43 47 43 34 38 39 33 30 24 16 18 25 28 32 40 41 61 
65 54 46 41 40 39 38 34 43 47 43 34 38 39 33 30 24 16 24 23 26 28 32 40 41 61 
65 54 46 41 40 39 38 34 43 47 43 34 38 39 33 30 24 16 24 30 33 39 40 56 59 61 
65 54 46 41 40 39 38 34 43 47 43 34 38 39 33 30 24 16 18 25 28 32 40 56 59 61 
65 54 46 41 40 39 38 34 43 47 43 34 38 39 33 30 24 16 11 13 18 25 28 32 40 41 61 
65 54 46 41 40 39 38 34 43 47 43 34 38 39 33 30 24 16 24 27 31 34 38 39 40 41 61 
65 54 46 41 40 39 38 34 43 47 43 34 38 39 33 30 24 16 17 20 24 30 33 39 40 41 61 
65 54 46 41 40 39 38 34 43 47 43 34 38 39 33 30 24 16 24 23 26 28 32 40 56 59 61 
65 54 46 41 40 39 38 34 43 47 43 34 38 39 33 30 24 16 24 30 33 39 40 41 46 54 62 61 
65 54 46 41 40 39 38 34 43 47 43 34 31 27 24 20 17 16 24 30 33 39 40 41 61 
65 54 46 41 40 39 38 34 43 47 43 34 31 27 24 20 17 16 18 25 28 32 40 41 61 
65 54 46 41 40 39 38 34 43 47 43 34 31 27 24 20 17 16 24 23 26 28 32 40 41 61 
65 54 46 41 40 39 38 34 43 47 43 34 31 27 24 20 17 16 24 30 33 39 40 56 59 61 
65 54 46 41 40 39 38 34 43 47 43 34 31 27 24 20 17 16 18 25 28 32 40 56 59 61 
65 54 46 41 40 39 38 34 43 47 43 34 31 27 24 20 17 16 11 13 18 25 28 32 40 41 61 
65 54 46 41 40 39 38 34 43 47 43 34 31 27 24 20 17 16 24 27 31 34 38 39 40 41 61 
65 54 46 41 40 39 38 34 43 47 43 34 31 27 24 20 17 16 17 20 24 30 33 39 40 41 61 
65 54 46 41 40 39 38 34 43 47 43 34 31 27 24 20 17 16 24 23 26 28 32 40 56 59 61 
65 54 46 41 40 39 38 34 43 47 43 34 31 27 24 20 17 16 24 30 33 39 40 41 46 54 62 61 
65 54 46 41 40 39 38 34 43 47 43 34 31 27 22 21 17 16 24 30 33 39 40 41 61 
65 54 46 41 40 39 38 34 43 47 43 34 31 27 22 21 17 16 18 25 28 32 40 41 61 
65 54 46 41 40 39 38 34 43 47 43 34 31 27 22 21 17 16 24 23 26 28 32 40 41 61 
65 54 46 41 40 39 38 34 43 47 43 34 31 27 22 21 17 16 24 30 33 39 40 56 59 61 
65 54 46 41 40 39 38 34 43 47 43 34 31 27 22 21 17 16 18 25 28 32 40 56 59 61 
65 54 46 41 40 39 38 34 43 47 43 34 31 27 22 21 17 16 11 13 18 25 28 32 40 41 61 
65 54 46 41 40 39 38 34 43 47 43 34 31 27 22 21 17 16 24 27 31 34 38 39 40 41 61 
65 54 46 41 40 39 38 34 43 47 43 34 31 27 22 21 17 16 17 20 24 30 33 39 40 41 61 
65 54 46 41 40 39 38 34 43 47 43 34 31 27 22 21 17 16 24 23 26 28 32 40 56 59 61 
65 54 46 41 40 39 38 34 43 47 43 34 31 27 22 21 17 16 24 30 33 39 40 41 46 54 62 61 
---------------
