Request id 3
80 69 64 59 57 54 53 48 34 45 65 62 60 58 55 52 50 46 49 56 75 72 73 77 68 63 67 74 83 84 82 81 80 69 64 59 57 54 65 62 67 63 
80 69 64 59 57 54 53 48 34 45 65 62 60 58 55 52 50 46 49 56 75 72 73 77 68 63 67 74 71 81 80 69 64 59 57 54 65 62 60 58 55 52 50 46 49 56 75 72 73 77 68 63 
80 69 64 59 57 54 53 48 34 45 65 62 67 74 71 81 80 69 64 59 57 54 53 48 34 45 65 62 67 63 
80 69 64 59 57 54 65 62 60 58 55 52 50 46 49 56 75 72 73 77 68 63 67 74 71 81 80 69 64 59 57 54 65 62 67 63 
80 69 64 59 57 54 53 48 34 45 65 62 67 74 83 84 82 81 80 69 64 59 57 54 65 62 60 58 55 52 50 46 49 56 75 78 66 68 63 
80 69 64 59 57 54 65 62 67 74 67 62 60 58 55 52 50 46 49 56 75 72 73 77 68 63 
80 69 64 59 57 54 65 62 60 58 55 52 50 46 49 56 75 72 73 77 68 63 67 74 71 81 80 69 64 59 57 54 65 62 60 58 55 52 50 46 49 56 75 78 66 68 63 
80 69 64 59 57 54 65 62 60 58 55 52 50 46 49 56 75 72 73 77 68 63 67 74 71 81 80 69 64 59 57 54 53 48 34 45 65 62 67 63 
80 69 64 59 57 54 65 62 67 74 83 84 82 81 80 69 64 59 57 54 53 48 34 45 65 62 67 63 
80 69 64 59 57 54 53 48 34 45 65 62 60 58 55 52 50 46 49 56 75 78 66 68 63 67 74 67 62 60 58 55 52 50 46 49 56 75 72 73 77 68 63 
80 69 64 59 57 54 65 62 60 58 55 52 50 46 49 56 75 78 66 68 63 67 74 83 84 82 81 80 69 64 59 57 54 53 48 34 45 65 62 67 63 
80 69 64 59 57 54 65 62 60 58 55 52 50 46 49 56 75 72 73 77 68 63 67 74 83 84 82 81 80 69 64 59 57 54 65 62 67 63 
80 69 64 59 57 54 65 62 60 58 55 52 50 46 49 56 75 78 66 68 63 67 74 71 81 80 69 64 59 57 54 65 62 67 63 
80 69 64 59 57 54 53 48 34 45 65 62 67 74 71 81 80 69 64 59 57 54 65 62 60 58 55 52 50 46 49 56 75 78 66 68 63 
80 81 82 84 83 74 83 84 82 81 80 69 64 59 57 54 65 62 60 58 55 52 50 46 49 56 75 78 66 68 63 
80 81 82 84 83 74 67 62 60 58 55 52 50 46 49 56 75 72 73 77 68 63 
80 69 64 59 57 54 65 62 67 74 83 84 82 81 80 69 64 59 57 54 65 62 60 58 55 52 50 46 49 56 75 78 66 68 63 
80 81 82 84 83 74 83 84 82 81 80 69 64 59 57 54 65 62 67 63 
80 69 64 59 57 54 53 48 34 45 65 62 67 74 83 84 82 81 80 69 64 59 57 54 65 62 67 63 
80 69 64 59 57 54 53 48 34 45 65 62 67 74 71 81 80 69 64 59 57 54 65 62 67 63 
80 69 64 59 57 54 53 48 34 45 65 62 67 74 67 62 60 58 55 52 50 46 49 56 75 78 66 68 63 
80 81 71 74 83 84 82 81 80 69 64 59 57 54 65 62 67 63 
80 69 64 59 57 54 53 48 34 45 65 62 67 74 83 84 82 81 80 69 64 59 57 54 53 48 34 45 65 62 67 63 
80 69 64 59 57 54 53 48 34 45 65 62 60 58 55 52 50 46 49 56 75 72 73 77 68 63 67 74 71 81 80 69 64 59 57 54 53 48 34 45 65 62 67 63 
80 81 82 84 83 74 67 62 60 58 55 52 50 46 49 56 75 78 66 68 63 
80 69 64 59 57 54 53 48 34 45 65 62 60 58 55 52 50 46 49 56 75 72 73 77 68 63 67 74 71 81 80 69 64 59 57 54 65 62 67 63 
80 81 82 84 83 74 67 63 
80 69 64 59 57 54 65 62 67 74 71 81 80 69 64 59 57 54 65 62 67 63 
80 69 64 59 57 54 65 62 60 58 55 52 50 46 49 56 75 78 66 68 63 67 74 67 63 
80 81 71 74 83 84 82 81 80 69 64 59 57 54 65 62 60 58 55 52 50 46 49 56 75 78 66 68 63 
80 69 64 59 57 54 53 48 34 45 65 62 60 58 55 52 50 46 49 56 75 72 73 77 68 63 67 74 83 84 82 81 80 69 64 59 57 54 65 62 60 58 55 52 50 46 49 56 75 78 66 68 63 
80 81 71 74 71 81 80 69 64 59 57 54 65 62 60 58 55 52 50 46 49 56 75 78 66 68 63 
80 81 82 84 83 74 71 81 80 69 64 59 57 54 65 62 60 58 55 52 50 46 49 56 75 78 66 68 63 
80 69 64 59 57 54 65 62 60 58 55 52 50 46 49 56 75 78 66 68 63 67 74 67 62 60 58 55 52 50 46 49 56 75 72 73 77 68 63 
80 69 64 59 57 54 53 48 34 45 65 62 60 58 55 52 50 46 49 56 75 78 66 68 63 67 74 71 81 80 69 64 59 57 54 65 62 60 58 55 52 50 46 49 56 75 78 66 68 63 
80 69 64 59 57 54 53 48 34 45 65 62 60 58 55 52 50 46 49 56 75 78 66 68 63 67 74 83 84 82 81 80 69 64 59 57 54 65 62 60 58 55 52 50 46 49 56 75 78 66 68 63 
80 69 64 59 57 54 65 62 60 58 55 52 50 46 49 56 75 78 66 68 63 67 74 71 81 80 69 64 59 57 54 53 48 34 45 65 62 67 63 
80 69 64 59 57 54 65 62 60 58 55 52 50 46 49 56 75 78 66 68 63 67 74 71 81 80 69 64 59 57 54 65 62 60 58 55 52 50 46 49 56 75 78 66 68 63 
80 69 64 59 57 54 65 62 60 58 55 52 50 46 49 56 75 72 73 77 68 63 67 74 67 62 60 58 55 52 50 46 49 56 75 72 73 77 68 63 
80 69 64 59 57 54 65 62 60 58 55 52 50 46 49 56 75 78 66 68 63 67 74 83 84 82 81 80 69 64 59 57 54 65 62 60 58 55 52 50 46 49 56 75 78 66 68 63 
---------------
Request id 2
30 21 26 35 36 40 41 33 20 15 5 19 28 19 5 15 20 33 41 40 46 50 52 55 58 60 62 67 63 68 66 78 75 56 49 56 75 72 73 77 68 63 67 62 60 58 55 52 50 46 40 28 40 46 49 56 75 72 73 77 68 63 67 74 83 84 82 81 71 
30 21 26 35 36 40 41 33 20 25 24 16 10 15 5 19 28 19 5 15 20 33 41 40 46 49 46 40 41 33 20 15 5 19 28 19 5 15 20 33 43 40 46 49 56 75 78 66 68 63 67 74 71 
30 37 40 28 40 46 50 52 55 58 60 62 67 63 68 66 78 75 56 49 56 75 78 66 68 63 67 62 60 58 55 52 50 46 40 43 33 20 15 5 19 28 19 5 15 20 33 41 40 46 50 52 55 58 60 62 67 74 71 
30 21 26 35 36 40 43 33 20 15 5 19 28 40 46 49 56 75 78 66 68 63 67 62 60 58 55 52 50 46 40 43 33 20 15 5 19 28 40 46 50 52 55 58 60 62 67 74 83 84 82 81 71 
30 37 40 41 33 20 15 5 19 28 40 46 50 52 55 58 60 62 67 63 68 77 73 72 75 56 49 46 40 43 33 20 15 5 19 28 19 5 15 20 33 43 40 46 49 56 75 78 66 68 63 67 74 71 
30 21 26 35 36 40 41 33 20 15 5 19 28 19 5 15 20 33 41 40 46 50 52 55 58 60 62 67 63 68 77 73 72 75 56 49 56 75 72 73 77 68 63 67 62 60 58 55 52 50 46 40 41 33 20 15 5 19 28 40 46 50 52 55 58 60 62 67 74 71 
30 21 26 35 36 40 28 19 5 15 10 16 24 25 20 33 43 40 46 49 56 75 78 66 68 63 67 62 60 58 55 52 50 46 40 43 33 20 15 5 19 28 40 46 50 52 55 58 60 62 67 74 83 84 82 81 71 
30 37 40 41 33 20 15 5 19 28 19 5 15 20 33 43 40 46 50 52 55 58 60 62 67 63 68 66 78 75 56 49 56 75 78 66 68 63 67 62 60 58 55 52 50 46 40 41 33 20 15 5 19 28 40 46 50 52 55 58 60 62 67 74 71 
30 21 26 35 36 40 43 33 20 15 5 19 28 40 46 50 52 55 58 60 62 67 63 68 66 78 75 56 49 56 75 78 66 68 63 67 62 60 58 55 52 50 46 40 41 33 20 15 5 19 28 40 46 50 52 55 58 60 62 67 74 71 
30 37 40 43 33 20 25 24 16 10 15 5 19 28 19 5 15 20 33 41 40 46 50 52 55 58 60 62 67 63 68 77 73 72 75 56 49 46 40 41 33 20 15 5 19 28 40 46 50 52 55 58 60 62 67 74 71 
30 21 26 35 36 40 43 33 20 25 24 16 10 15 5 19 28 19 5 15 10 16 24 25 20 33 43 40 46 49 56 75 78 66 68 63 67 62 60 58 55 52 50 46 40 28 40 46 50 52 55 58 60 62 67 74 83 84 82 81 71 
30 37 40 28 19 5 15 20 33 41 40 46 49 46 40 28 40 46 50 52 55 58 60 62 65 54 57 59 64 69 80 81 71 
30 21 26 35 36 40 28 19 5 15 10 16 24 25 20 33 43 40 46 49 46 40 43 33 20 15 5 19 28 19 5 15 20 33 43 40 46 49 56 75 78 66 68 63 67 74 71 
30 21 26 35 36 40 41 33 20 25 24 16 10 15 5 19 28 19 5 15 20 33 41 40 46 50 52 55 58 60 62 67 63 68 66 78 75 56 49 56 75 78 66 68 63 67 62 60 58 55 52 50 46 40 43 33 20 15 5 19 28 40 46 49 56 75 72 73 77 68 63 67 74 71 
30 37 40 28 19 5 15 20 33 43 40 46 49 46 40 28 40 46 50 52 55 58 60 62 65 54 57 59 64 69 80 81 71 
30 37 40 41 33 20 15 5 19 28 19 5 15 20 33 43 40 46 50 52 55 58 60 62 67 63 68 66 78 75 56 49 56 75 78 66 68 63 67 62 60 58 55 52 50 46 40 28 19 5 15 20 33 43 40 46 49 56 75 78 66 68 63 67 74 71 
30 21 26 35 36 40 41 33 20 25 24 16 10 15 5 19 28 19 5 15 20 33 41 40 46 50 52 55 58 60 62 67 63 68 66 78 75 56 49 56 75 78 66 68 63 67 62 60 58 55 52 50 46 40 41 33 20 15 5 19 28 40 46 50 52 55 58 60 62 67 74 83 84 82 81 71 
30 21 26 35 36 40 28 40 46 50 52 55 58 60 62 67 63 68 77 73 72 75 56 49 46 40 41 33 20 25 24 16 10 15 5 19 28 40 46 50 52 55 58 60 62 65 54 57 59 64 69 80 81 71 
30 21 26 35 36 40 28 19 5 15 10 16 24 25 20 33 41 40 46 49 46 40 41 33 20 25 24 16 10 15 5 19 28 19 5 15 20 33 43 40 46 50 52 55 58 60 62 67 74 71 
30 37 40 41 33 20 25 24 16 10 15 5 19 28 19 5 15 20 33 43 40 46 49 56 75 72 73 77 68 63 67 62 60 58 55 52 50 46 40 28 40 46 50 52 55 58 60 62 67 74 83 84 82 81 71 
30 37 40 41 33 20 15 5 19 28 19 5 15 20 33 41 40 46 49 46 40 41 33 20 25 24 16 10 15 5 19 28 40 46 49 56 75 78 66 68 63 67 74 71 
30 21 26 35 36 40 43 33 20 25 24 16 10 15 5 19 28 19 5 15 10 16 24 25 20 33 43 40 46 49 56 75 78 66 68 63 67 62 60 58 55 52 50 46 40 41 33 20 15 5 19 28 40 46 50 52 55 58 60 62 67 74 71 
30 37 40 43 33 20 15 5 19 28 40 46 50 52 55 58 60 62 67 63 68 66 78 75 56 49 56 75 78 66 68 63 67 62 60 58 55 52 50 46 40 41 33 20 15 5 19 28 40 46 50 52 55 58 60 62 67 74 83 84 82 81 71 
30 37 40 43 33 20 15 5 19 28 19 5 15 10 16 24 25 20 33 43 40 46 49 56 75 72 73 77 68 63 67 62 60 58 55 52 50 46 40 28 40 46 50 52 55 58 60 62 65 54 57 59 64 69 80 81 71 
30 21 26 35 36 40 28 19 5 15 20 33 41 40 46 50 52 55 58 60 62 67 63 68 77 73 72 75 56 49 46 40 41 33 20 25 24 16 10 15 5 19 28 19 5 15 20 33 43 40 46 49 56 75 78 66 68 63 67 74 71 
30 37 40 43 33 20 25 24 16 10 15 5 19 28 19 5 15 10 16 24 25 20 33 43 40 46 49 46 40 41 33 20 15 5 19 28 40 46 49 56 75 72 73 77 68 63 67 74 71 
30 37 40 41 33 20 25 24 16 10 15 5 19 28 19 5 15 20 33 43 40 46 49 56 75 72 73 77 68 63 67 62 60 58 55 52 50 46 40 28 19 5 15 20 33 43 40 46 49 56 75 78 66 68 63 67 74 71 
30 21 26 35 36 40 43 33 20 25 24 16 10 15 5 19 28 19 5 15 20 33 41 40 46 49 46 40 43 33 20 15 5 19 28 19 5 15 20 33 43 40 46 50 52 55 58 60 62 67 74 71 
30 21 26 35 36 40 41 33 20 15 5 19 28 19 5 15 20 33 41 40 46 50 52 55 58 60 62 67 63 68 66 78 75 56 49 46 40 43 33 20 15 5 19 28 40 46 50 52 55 58 60 62 65 54 57 59 64 69 80 81 71 
30 37 40 28 40 46 50 52 55 58 60 62 67 63 68 66 78 75 56 49 46 40 41 33 20 25 24 16 10 15 5 19 28 19 5 15 20 33 43 40 46 49 56 75 78 66 68 63 67 74 71 
30 37 40 43 33 20 15 5 19 28 19 5 15 10 16 24 25 20 33 43 40 46 49 46 40 28 19 5 15 20 33 41 40 46 50 52 55 58 60 62 67 74 71 
30 37 40 43 33 20 15 5 19 28 19 5 15 20 33 43 40 46 49 46 40 28 40 46 49 56 75 72 73 77 68 63 67 74 83 84 82 81 71 
30 21 26 35 36 40 28 40 46 50 52 55 58 60 62 67 63 68 66 78 75 56 49 56 75 78 66 68 63 67 62 60 58 55 52 50 46 40 28 19 5 15 20 33 41 40 46 50 52 55 58 60 62 67 74 71 
30 21 26 35 36 40 28 19 5 15 20 33 43 40 46 49 56 75 78 66 68 63 67 62 60 58 55 52 50 46 40 43 33 20 15 5 19 28 19 5 15 20 33 43 40 46 49 56 75 78 66 68 63 67 74 71 
30 37 40 43 33 20 25 24 16 10 15 5 19 28 19 5 15 20 33 41 40 46 49 46 40 41 33 20 15 5 19 28 40 46 50 52 55 58 60 62 65 54 57 59 64 69 80 81 71 
30 37 40 28 40 46 49 56 75 72 73 77 68 63 67 62 60 58 55 52 50 46 40 41 33 20 15 5 19 28 19 5 15 20 33 41 40 46 50 52 55 58 60 62 67 74 71 
30 37 40 43 33 20 25 24 16 10 15 5 19 28 40 46 50 52 55 58 60 62 67 63 68 66 78 75 56 49 56 75 72 73 77 68 63 67 62 60 58 55 52 50 46 40 41 33 20 15 5 19 28 40 46 49 56 75 78 66 68 63 67 74 83 84 82 81 71 
30 37 40 43 33 20 25 24 16 10 15 5 19 28 19 5 15 20 33 41 40 46 49 56 75 78 66 68 63 67 62 60 58 55 52 50 46 40 43 33 20 15 5 19 28 40 46 50 52 55 58 60 62 67 74 83 84 82 81 71 
30 37 40 43 33 20 15 5 19 28 19 5 15 20 33 41 40 46 49 56 75 72 73 77 68 63 67 62 60 58 55 52 50 46 40 28 19 5 15 20 33 43 40 46 50 52 55 58 60 62 67 74 71 
30 21 26 35 36 40 41 33 20 25 24 16 10 15 5 19 28 19 5 15 20 33 41 40 46 50 52 55 58 60 62 67 63 68 77 73 72 75 56 49 56 75 72 73 77 68 63 67 62 60 58 55 52 50 46 40 41 33 20 15 5 19 28 40 46 50 52 55 58 60 62 67 74 83 84 82 81 71 
---------------
Request id 9
59 57 54 65 62 60 58 55 52 50 46 40 37 40 46 50 52 55 58 60 62 67 63 68 66 78 75 72 73 77 68 63 67 74 71 81 80 69 64 59 57 54 65 62 60 58 55 52 50 46 40 36 
59 57 54 53 48 34 45 65 62 67 63 68 66 78 75 56 49 46 40 37 40 46 50 52 55 58 60 62 67 63 68 77 73 72 73 77 68 66 78 75 56 49 46 40 37 30 21 26 35 36 
59 64 69 80 81 82 84 83 74 67 62 60 58 55 52 50 46 40 37 40 46 50 52 55 58 60 62 67 63 68 77 73 72 73 77 68 63 67 74 71 81 80 69 64 59 57 54 65 62 60 58 55 52 50 46 40 36 
59 64 69 80 81 71 74 67 62 60 58 55 52 50 46 40 37 30 21 26 35 36 40 46 49 56 75 72 75 78 66 68 63 67 62 60 58 55 52 50 46 40 37 30 21 26 35 36 
59 64 69 80 81 82 84 83 74 67 62 60 58 55 52 50 46 40 37 30 21 26 35 36 40 46 49 56 75 72 75 78 66 68 63 67 62 60 58 55 52 50 46 40 37 30 21 26 35 36 
59 57 54 65 62 60 58 55 52 50 46 40 36 35 26 21 30 37 30 21 26 35 36 40 46 50 52 55 58 60 62 67 63 68 66 78 75 72 75 78 66 68 63 67 62 60 58 55 52 50 46 40 36 
59 57 54 65 62 60 58 55 52 50 46 40 37 40 46 50 52 55 58 60 62 67 63 68 77 73 72 75 78 66 68 63 67 62 60 58 55 52 50 46 40 37 30 21 26 35 36 
59 64 69 80 81 71 74 67 63 68 77 73 72 75 56 49 46 40 37 30 21 26 35 36 40 46 50 52 55 58 60 62 67 63 68 66 78 75 72 73 77 68 63 67 62 60 58 55 52 50 46 40 36 
59 57 54 53 48 34 45 65 62 67 63 68 66 78 75 56 49 46 40 37 40 46 50 52 55 58 60 62 67 63 68 77 73 72 75 56 49 46 40 37 30 21 26 35 36 
59 64 69 80 81 71 74 67 63 68 66 78 75 56 49 46 40 37 40 46 50 52 55 58 60 62 65 54 57 59 64 69 80 81 71 74 67 63 68 77 73 72 73 77 68 63 67 62 60 58 55 52 50 46 40 37 30 21 26 35 36 
59 64 69 80 81 71 74 67 63 68 66 78 75 56 49 46 40 37 40 46 50 52 55 58 60 62 65 54 57 59 64 69 80 81 71 74 67 63 68 66 78 75 72 75 56 49 46 40 36 
59 57 54 65 62 60 58 55 52 50 46 40 36 35 26 21 30 37 30 21 26 35 36 40 46 49 56 75 72 75 56 49 46 40 36 
59 57 54 53 48 34 45 65 62 60 58 55 52 50 46 40 37 40 46 50 52 55 58 60 62 67 63 68 66 78 75 72 73 77 68 63 67 62 60 58 55 52 50 46 40 36 
59 57 54 65 62 60 58 55 52 50 46 40 36 35 26 21 30 37 40 46 50 52 55 58 60 62 67 63 68 77 73 72 73 77 68 66 78 75 56 49 46 40 37 30 21 26 35 36 
59 57 54 53 48 34 45 65 62 60 58 55 52 50 46 40 37 40 46 50 52 55 58 60 62 67 63 68 66 78 75 72 75 56 49 46 40 36 
59 57 54 65 62 67 63 68 77 73 72 75 56 49 46 40 37 40 46 50 52 55 58 60 62 65 54 57 59 64 69 80 81 71 74 67 63 68 77 73 72 75 56 49 46 40 37 30 21 26 35 36 
59 64 69 80 81 71 74 67 63 68 66 78 75 56 49 46 40 37 40 46 50 52 55 58 60 62 67 63 68 77 73 72 73 77 68 63 67 74 71 81 80 69 64 59 57 54 65 62 60 58 55 52 50 46 40 36 
59 57 54 65 62 67 63 68 77 73 72 75 56 49 46 40 37 40 46 49 56 75 72 73 77 68 66 78 75 56 49 46 40 37 30 21 26 35 36 
59 57 54 65 62 67 63 68 66 78 75 56 49 46 40 37 40 46 49 56 75 78 66 68 77 73 72 75 56 49 46 40 37 30 21 26 35 36 
59 57 54 53 48 34 45 65 62 67 63 68 66 78 75 56 49 46 40 37 30 21 26 35 36 40 46 50 52 55 58 60 62 67 63 68 77 73 72 75 78 66 68 63 67 74 71 81 80 69 64 59 57 54 65 62 60 58 55 52 50 46 40 36 
59 57 54 65 62 60 58 55 52 50 46 40 36 35 26 21 30 37 30 21 26 35 36 40 46 50 52 55 58 60 62 67 63 68 77 73 72 73 77 68 63 67 62 60 58 55 52 50 46 40 36 
59 57 54 65 62 67 63 68 77 73 72 75 56 49 46 40 37 40 46 50 52 55 58 60 62 65 54 57 59 64 69 80 81 71 74 67 63 68 77 73 72 75 78 66 68 63 67 62 60 58 55 52 50 46 40 36 
59 57 54 53 48 34 45 65 62 60 58 55 52 50 46 40 37 30 21 26 35 36 40 46 49 56 75 72 75 78 66 68 63 67 62 60 58 55 52 50 46 40 36 
59 64 69 80 81 82 84 83 74 67 62 60 58 55 52 50 46 40 37 30 21 26 35 36 40 46 49 56 75 72 75 78 66 68 63 67 74 71 81 80 69 64 59 57 54 65 62 60 58 55 52 50 46 40 36 
59 57 54 65 62 60 58 55 52 50 46 40 37 30 21 26 35 36 40 46 49 56 75 78 66 68 77 73 72 75 56 49 46 40 36 
59 57 54 53 48 34 45 65 62 60 58 55 52 50 46 40 37 30 21 26 35 36 40 46 50 52 55 58 60 62 67 63 68 66 78 75 72 73 77 68 66 78 75 56 49 46 40 36 
59 64 69 80 81 71 74 67 63 68 77 73 72 75 56 49 46 40 37 40 46 49 56 75 72 73 77 68 63 67 74 71 81 80 69 64 59 57 54 65 62 60 58 55 52 50 46 40 36 
59 57 54 53 48 34 45 65 62 67 63 68 66 78 75 56 49 46 40 37 40 46 50 52 55 58 60 62 65 54 57 59 64 69 80 81 71 74 67 63 68 66 78 75 72 73 77 68 63 67 62 60 58 55 52 50 46 40 36 
59 57 54 53 48 34 45 65 62 67 63 68 66 78 75 56 49 46 40 37 40 46 50 52 55 58 60 62 67 63 68 77 73 72 73 77 68 63 67 74 71 81 80 69 64 59 57 54 65 62 60 58 55 52 50 46 40 36 
59 64 69 80 81 82 84 83 74 67 62 60 58 55 52 50 46 40 37 40 46 50 52 55 58 60 62 65 54 57 59 64 69 80 81 71 74 67 63 68 77 73 72 73 77 68 63 67 62 60 58 55 52 50 46 40 37 30 21 26 35 36 
59 57 54 53 48 34 45 65 62 67 63 68 66 78 75 56 49 46 40 37 40 46 49 56 75 78 66 68 77 73 72 75 78 66 68 63 67 62 60 58 55 52 50 46 40 36 
59 57 54 65 62 67 63 68 66 78 75 56 49 46 40 37 30 21 26 35 36 40 46 49 56 75 78 66 68 77 73 72 75 56 49 46 40 37 30 21 26 35 36 
59 64 69 80 81 71 74 67 62 60 58 55 52 50 46 40 37 40 46 49 56 75 78 66 68 77 73 72 75 56 49 46 40 36 
59 57 54 53 48 34 45 65 62 60 58 55 52 50 46 40 37 40 46 49 56 75 78 66 68 77 73 72 75 56 49 46 40 37 30 21 26 35 36 
59 57 54 53 48 34 45 65 62 67 63 68 66 78 75 56 49 46 40 37 40 46 50 52 55 58 60 62 65 54 57 59 64 69 80 81 71 74 67 63 68 77 73 72 73 77 68 63 67 62 60 58 55 52 50 46 40 37 30 21 26 35 36 
59 64 69 80 81 82 84 83 74 67 62 60 58 55 52 50 46 40 37 40 46 50 52 55 58 60 62 65 54 57 59 64 69 80 81 71 74 67 63 68 77 73 72 73 77 68 63 67 62 60 58 55 52 50 46 40 36 
59 57 54 65 62 60 58 55 52 50 46 40 36 35 26 21 30 37 30 21 26 35 36 40 46 50 52 55 58 60 62 67 63 68 77 73 72 75 78 66 68 63 67 62 60 58 55 52 50 46 40 37 30 21 26 35 36 
59 57 54 53 48 34 45 65 62 60 58 55 52 50 46 40 37 40 46 50 52 55 58 60 62 65 54 57 59 64 69 80 81 71 74 67 63 68 77 73 72 75 56 49 46 40 37 30 21 26 35 36 
59 64 69 80 81 71 74 67 63 68 66 78 75 56 49 46 40 37 30 21 26 35 36 40 46 49 56 75 78 66 68 77 73 72 73 77 68 66 78 75 56 49 46 40 36 
59 64 69 80 81 71 74 67 63 68 66 78 75 56 49 46 40 37 40 46 49 56 75 72 73 77 68 63 67 62 60 58 55 52 50 46 40 37 30 21 26 35 36 
---------------
Request id 1
23 29 35 36 40 46 50 52 55 58 60 62 67 63 68 77 73 72 75 56 49 46 50 52 55 58 60 62 65 54 57 59 64 69 80 81 82 84 83 74 67 63 68 77 73 72 75 91 75 78 66 68 63 67 62 60 58 55 52 50 46 49 56 75 72 73 77 68 63 67 74 83 84 82 81 80 69 79 86 
23 29 35 36 40 46 50 52 55 58 60 62 65 54 57 59 64 69 80 81 82 84 83 74 67 63 68 77 73 72 75 56 49 46 50 52 55 58 60 62 65 54 57 59 64 69 80 81 71 74 67 63 68 77 73 72 75 91 75 78 66 68 63 67 62 60 58 55 52 50 46 49 56 75 72 73 77 68 63 67 74 83 84 82 81 80 69 79 86 
23 29 35 26 21 30 37 40 46 49 46 50 52 55 58 60 62 65 54 57 59 64 69 80 81 82 84 83 74 67 63 68 66 78 75 91 75 78 66 68 63 67 74 71 81 80 69 64 59 57 54 65 62 60 58 55 52 50 46 49 46 50 52 55 58 60 62 67 74 71 81 80 69 79 86 
23 29 35 26 21 30 37 40 46 50 52 55 58 60 62 67 63 68 66 78 75 56 49 46 50 52 55 58 60 62 65 45 34 48 53 54 57 59 64 69 80 81 82 84 83 74 67 63 68 66 78 75 91 75 56 49 56 75 78 66 68 63 67 74 83 84 82 81 80 69 79 86 
23 29 35 36 40 46 50 52 55 58 60 62 65 54 57 59 64 69 80 81 71 74 67 63 68 66 78 75 56 49 46 50 52 55 58 60 62 65 45 34 48 53 54 57 59 64 69 80 81 71 74 67 63 68 66 78 75 91 75 56 49 46 50 52 55 58 60 62 67 74 83 84 82 81 80 69 79 86 
23 29 35 26 21 30 37 40 46 50 52 55 58 60 62 67 63 68 77 73 72 75 56 49 46 50 52 55 58 60 62 65 54 57 59 64 69 80 81 82 84 83 74 67 63 68 77 73 72 75 91 75 56 49 56 75 78 66 68 63 67 74 71 81 80 69 79 86 
23 29 35 36 40 46 50 52 55 58 60 62 65 54 57 59 64 69 80 81 82 84 83 74 67 63 68 66 78 75 56 49 46 50 52 55 58 60 62 65 45 34 48 53 54 57 59 64 69 80 81 71 74 67 63 68 77 73 72 75 91 75 78 66 68 63 67 62 60 58 55 52 50 46 49 56 75 72 73 77 68 63 67 74 71 81 80 69 79 86 
23 29 35 36 40 46 50 52 55 58 60 62 65 54 57 59 64 69 80 81 71 74 67 63 68 77 73 72 75 56 49 46 50 52 55 58 60 62 67 63 68 66 78 75 91 75 56 49 46 50 52 55 58 60 62 67 74 83 84 82 81 80 69 79 86 
23 29 35 36 40 46 50 52 55 58 60 62 65 54 57 59 64 69 80 81 71 74 67 63 68 66 78 75 56 49 46 50 52 55 58 60 62 65 45 34 48 53 54 57 59 64 69 80 81 71 74 67 63 68 77 73 72 75 91 75 78 66 68 63 67 74 71 81 80 69 64 59 57 54 65 62 60 58 55 52 50 46 49 56 75 78 66 68 63 67 74 83 84 82 81 80 69 79 86 
23 29 35 36 40 46 50 52 55 58 60 62 65 54 57 59 64 69 80 81 82 84 83 74 67 63 68 77 73 72 75 56 49 46 50 52 55 58 60 62 65 45 34 48 53 54 57 59 64 69 80 81 71 74 67 63 68 77 73 72 75 91 75 72 73 77 68 63 67 74 71 81 80 69 64 59 57 54 65 62 60 58 55 52 50 46 49 56 75 72 73 77 68 63 67 74 71 81 80 69 79 86 
23 29 35 36 40 46 50 52 55 58 60 62 65 54 57 59 64 69 80 81 82 84 83 74 67 63 68 77 73 72 75 56 49 56 75 91 75 72 73 77 68 63 67 74 71 81 80 69 64 59 57 54 65 62 60 58 55 52 50 46 49 46 50 52 55 58 60 62 67 74 71 81 80 69 79 76 70 86 
23 29 35 36 40 46 50 52 55 58 60 62 65 54 57 59 64 69 80 81 82 84 83 74 67 63 68 66 78 75 56 49 46 50 52 55 58 60 62 67 63 68 66 78 75 91 75 72 73 77 68 63 67 74 83 84 82 81 80 69 64 59 57 54 65 62 60 58 55 52 50 46 49 46 50 52 55 58 60 62 67 74 71 81 80 69 79 86 
23 29 35 36 40 46 50 52 55 58 60 62 65 54 57 59 64 69 80 81 71 74 67 63 68 77 73 72 75 56 49 46 50 52 55 58 60 62 67 63 68 77 73 72 75 91 75 78 66 68 63 67 74 83 84 82 81 80 69 64 59 57 54 65 62 60 58 55 52 50 46 49 46 50 52 55 58 60 62 65 54 57 59 64 69 79 86 
23 29 35 36 40 46 50 52 55 58 60 62 65 54 57 59 64 69 80 81 82 84 83 74 67 63 68 66 78 75 56 49 46 50 52 55 58 60 62 67 63 68 66 78 75 91 75 56 49 56 75 78 66 68 63 67 62 65 54 57 59 64 69 79 86 
23 29 35 36 40 46 50 52 55 58 60 62 65 54 57 59 64 69 80 81 71 74 67 63 68 66 78 75 56 49 46 50 52 55 58 60 62 65 54 57 59 64 69 80 81 82 84 83 74 67 63 68 77 73 72 75 91 75 78 66 68 63 67 74 71 81 80 69 64 59 57 54 65 62 60 58 55 52 50 46 49 56 75 72 73 77 68 63 67 74 83 84 82 81 80 69 79 86 
23 29 35 36 40 46 50 52 55 58 60 62 65 54 57 59 64 69 80 81 71 74 67 63 68 77 73 72 75 56 49 46 50 52 55 58 60 62 65 54 57 59 64 69 80 81 82 84 83 74 67 63 68 66 78 75 91 75 56 49 46 50 52 55 58 60 62 65 54 57 59 64 69 79 86 
23 29 35 36 40 46 50 52 55 58 60 62 67 63 68 66 78 75 56 49 46 50 52 55 58 60 62 65 54 57 59 64 69 80 81 71 74 67 63 68 77 73 72 75 91 75 78 66 68 63 67 74 83 84 82 81 80 69 64 59 57 54 53 48 34 45 65 62 60 58 55 52 50 46 49 56 75 78 66 68 63 67 74 71 81 80 69 79 86 
23 29 35 36 40 46 50 52 55 58 60 62 65 54 57 59 64 69 80 81 82 84 83 74 67 63 68 66 78 75 56 49 46 50 52 55 58 60 62 65 54 57 59 64 69 80 81 82 84 83 74 67 63 68 77 73 72 75 91 75 78 66 68 63 67 74 83 84 82 81 80 69 64 59 57 54 53 48 34 45 65 62 60 58 55 52 50 46 49 56 75 72 73 77 68 63 67 74 83 84 82 81 80 69 79 86 
23 29 35 36 40 46 50 52 55 58 60 62 65 54 57 59 64 69 80 81 71 74 67 63 68 66 78 75 56 49 46 50 52 55 58 60 62 65 45 34 48 53 54 57 59 64 69 80 81 71 74 67 63 68 77 73 72 75 91 75 78 66 68 63 67 74 71 81 80 69 64 59 57 54 53 48 34 45 65 62 60 58 55 52 50 46 49 46 50 52 55 58 60 62 67 74 71 81 80 69 79 76 70 86 
23 29 35 26 21 30 37 40 46 50 52 55 58 60 62 67 63 68 77 73 72 75 56 49 46 50 52 55 58 60 62 65 54 57 59 64 69 80 81 82 84 83 74 67 63 68 66 78 75 91 75 78 66 68 63 67 74 71 81 80 69 64 59 57 54 53 48 34 45 65 62 60 58 55 52 50 46 49 46 50 52 55 58 60 62 65 54 57 59 64 69 79 86 
23 29 35 26 21 30 37 40 46 50 52 55 58 60 62 67 63 68 66 78 75 56 49 46 50 52 55 58 60 62 65 45 34 48 53 54 57 59 64 69 80 81 71 74 67 63 68 77 73 72 75 91 75 72 73 77 68 63 67 74 71 81 80 69 64 59 57 54 53 48 34 45 65 62 60 58 55 52 50 46 49 46 50 52 55 58 60 62 65 54 57 59 64 69 79 86 
23 29 35 36 40 46 50 52 55 58 60 62 65 54 57 59 64 69 80 81 71 74 67 63 68 66 78 75 56 49 56 75 91 75 78 66 68 63 67 74 71 81 80 69 64 59 57 54 53 48 34 45 65 62 60 58 55 52 50 46 49 46 50 52 55 58 60 62 67 74 71 81 80 69 79 86 
23 29 35 36 40 46 50 52 55 58 60 62 65 54 57 59 64 69 80 81 82 84 83 74 67 63 68 77 73 72 75 56 49 56 75 91 75 72 73 77 68 63 67 74 83 84 82 81 80 69 64 59 57 54 65 62 60 58 55 52 50 46 49 46 50 52 55 58 60 62 67 74 83 84 82 81 80 69 79 86 
23 29 35 36 40 46 50 52 55 58 60 62 65 54 57 59 64 69 80 81 82 84 83 74 67 63 68 66 78 75 56 49 46 50 52 55 58 60 62 65 45 34 48 53 54 57 59 64 69 80 81 82 84 83 74 67 63 68 66 78 75 91 75 72 73 77 68 63 67 74 83 84 82 81 80 69 64 59 57 54 65 62 60 58 55 52 50 46 49 56 75 78 66 68 63 67 62 65 54 57 59 64 69 79 86 
23 29 35 36 40 46 50 52 55 58 60 62 65 54 57 59 64 69 80 81 71 74 67 63 68 66 78 75 56 49 46 50 52 55 58 60 62 67 63 68 77 73 72 75 91 75 72 73 77 68 63 67 74 71 81 80 69 64 59 57 54 53 48 34 45 65 62 60 58 55 52 50 46 49 46 50 52 55 58 60 62 67 74 71 81 80 69 79 76 70 86 
23 29 35 36 40 46 50 52 55 58 60 62 65 54 57 59 64 69 80 81 71 74 67 63 68 66 78 75 56 49 46 50 52 55 58 60 62 67 63 68 66 78 75 91 75 78 66 68 63 67 74 83 84 82 81 80 69 64 59 57 54 65 62 60 58 55 52 50 46 49 56 75 78 66 68 63 67 74 71 81 80 69 79 86 
23 29 35 36 40 46 50 52 55 58 60 62 65 54 57 59 64 69 80 81 82 84 83 74 67 63 68 77 73 72 75 56 49 46 50 52 55 58 60 62 65 45 34 48 53 54 57 59 64 69 80 81 82 84 83 74 67 63 68 66 78 75 91 75 78 66 68 63 67 62 60 58 55 52 50 46 49 46 50 52 55 58 60 62 65 54 57 59 64 69 79 86 
23 29 35 36 40 46 50 52 55 58 60 62 65 54 57 59 64 69 80 81 71 74 67 63 68 66 78 75 56 49 56 75 91 75 72 73 77 68 63 67 74 71 81 80 69 64 59 57 54 65 62 60 58 55 52 50 46 49 56 75 78 66 68 63 67 74 71 81 80 69 79 86 
23 29 35 36 40 46 50 52 55 58 60 62 67 63 68 77 73 72 75 56 49 46 50 52 55 58 60 62 65 54 57 59 64 69 80 81 71 74 67 63 68 66 78 75 91 75 78 66 68 63 67 74 71 81 80 69 64 59 57 54 53 48 34 45 65 62 60 58 55 52 50 46 49 56 75 78 66 68 63 67 74 71 81 80 69 79 76 70 86 
23 29 35 36 40 46 50 52 55 58 60 62 67 63 68 77 73 72 75 56 49 46 50 52 55 58 60 62 65 54 57 59 64 69 80 81 82 84 83 74 67 63 68 66 78 75 91 75 72 73 77 68 63 67 62 60 58 55 52 50 46 49 56 75 78 66 68 63 67 62 65 54 57 59 64 69 79 86 
23 29 35 26 21 30 37 40 46 50 52 55 58 60 62 67 63 68 66 78 75 56 49 46 50 52 55 58 60 62 65 54 57 59 64 69 80 81 82 84 83 74 67 63 68 77 73 72 75 91 75 78 66 68 63 67 74 71 81 80 69 64 59 57 54 53 48 34 45 65 62 60 58 55 52 50 46 49 56 75 78 66 68 63 67 74 83 84 82 81 80 69 79 86 
23 29 35 36 40 46 50 52 55 58 60 62 65 54 57 59 64 69 80 81 71 74 67 63 68 77 73 72 75 56 49 46 50 52 55 58 60 62 67 63 68 77 73 72 75 91 75 78 66 68 63 67 74 83 84 82 81 80 69 64 59 57 54 53 48 34 45 65 62 60 58 55 52 50 46 49 46 50 52 55 58 60 62 67 74 83 84 82 81 80 69 79 86 
23 29 35 36 40 46 50 52 55 58 60 62 65 54 57 59 64 69 80 81 71 74 67 63 68 66 78 75 56 49 46 50 52 55 58 60 62 65 45 34 48 53 54 57 59 64 69 80 81 71 74 67 63 68 66 78 75 91 75 78 66 68 63 67 62 60 58 55 52 50 46 49 46 50 52 55 58 60 62 67 74 71 81 80 69 79 76 70 86 
23 29 35 36 40 46 50 52 55 58 60 62 67 63 68 66 78 75 56 49 46 50 52 55 58 60 62 65 45 34 48 53 54 57 59 64 69 80 81 71 74 67 63 68 66 78 75 91 75 78 66 68 63 67 74 83 84 82 81 80 69 64 59 57 54 65 62 60 58 55 52 50 46 49 46 50 52 55 58 60 62 67 74 71 81 80 69 79 76 70 86 
23 29 35 36 40 46 49 56 75 91 75 78 66 68 63 67 74 83 84 82 81 80 69 64 59 57 54 53 48 34 45 65 62 60 58 55 52 50 46 49 46 50 52 55 58 60 62 67 74 71 81 80 69 79 86 
23 29 35 36 40 46 50 52 55 58 60 62 67 63 68 77 73 72 75 56 49 46 50 52 55 58 60 62 65 54 57 59 64 69 80 81 82 84 83 74 67 63 68 66 78 75 91 75 72 73 77 68 63 67 62 60 58 55 52 50 46 49 56 75 78 66 68 63 67 74 83 84 82 81 80 69 79 86 
23 29 35 36 40 46 49 46 50 52 55 58 60 62 65 45 34 48 53 54 57 59 64 69 80 81 82 84 83 74 67 63 68 66 78 75 91 75 72 73 77 68 63 67 74 71 81 80 69 64 59 57 54 53 48 34 45 65 62 60 58 55 52 50 46 49 46 50 52 55 58 60 62 67 74 71 81 80 69 79 76 70 86 
23 29 35 36 40 46 50 52 55 58 60 62 65 54 57 59 64 69 80 81 82 84 83 74 67 63 68 77 73 72 75 56 49 46 50 52 55 58 60 62 67 63 68 66 78 75 91 75 78 66 68 63 67 74 83 84 82 81 80 69 64 59 57 54 65 62 60 58 55 52 50 46 49 56 75 78 66 68 63 67 62 65 54 57 59 64 69 79 86 
23 29 35 36 40 46 50 52 55 58 60 62 65 54 57 59 64 69 80 81 82 84 83 74 67 63 68 66 78 75 56 49 46 50 52 55 58 60 62 65 45 34 48 53 54 57 59 64 69 80 81 71 74 67 63 68 77 73 72 75 91 75 78 66 68 63 67 74 71 81 80 69 64 59 57 54 53 48 34 45 65 62 60 58 55 52 50 46 49 56 75 72 73 77 68 63 67 74 83 84 82 81 80 69 79 86 
23 29 35 36 40 46 50 52 55 58 60 62 65 54 57 59 64 69 80 81 82 84 83 74 67 63 68 77 73 72 75 56 49 46 50 52 55 58 60 62 67 63 68 77 73 72 75 91 75 78 66 68 63 67 74 83 84 82 81 80 69 64 59 57 54 65 62 60 58 55 52 50 46 49 56 75 72 73 77 68 63 67 74 83 84 82 81 80 69 79 86 
---------------
Request id 8
24 25 20 33 43 40 28 19 5 15 10 16 24 25 20 33 41 40 36 35 26 21 30 37 40 46 49 56 75 72 73 77 68 63 67 74 71 81 80 69 79 76 70 
24 25 20 15 5 19 5 15 10 16 24 25 20 33 43 40 37 40 46 50 52 55 58 60 62 67 74 71 81 80 69 79 86 70 
24 16 10 15 20 33 41 40 28 19 5 15 20 33 43 40 37 40 46 50 52 55 58 60 62 67 74 71 81 80 69 79 86 70 
24 16 10 15 20 33 41 40 28 19 5 15 10 16 24 25 20 33 43 40 37 40 46 50 52 55 58 60 62 67 74 83 84 82 81 80 69 79 86 70 
24 16 10 15 20 33 41 40 28 19 5 15 20 33 41 40 36 35 26 21 30 37 40 46 50 52 55 58 60 62 65 54 57 59 64 69 79 76 70 
24 16 10 15 5 19 5 15 20 33 41 40 36 35 26 21 30 37 40 46 49 56 75 72 73 77 68 63 67 74 71 81 80 69 79 76 70 
24 25 20 15 5 19 5 15 10 16 24 25 20 33 43 40 36 35 26 21 30 37 40 46 49 56 75 78 66 68 63 67 74 71 81 80 69 79 86 70 
24 16 10 15 20 33 41 40 28 19 5 15 20 33 43 40 36 35 26 21 30 37 40 46 49 56 75 78 66 68 63 67 74 71 81 80 69 79 86 70 
24 25 20 33 43 40 28 19 5 15 20 33 41 40 37 40 46 50 52 55 58 60 62 67 74 83 84 82 81 80 69 79 86 70 
24 25 20 33 41 40 28 19 5 15 10 16 24 25 20 33 41 40 37 40 46 49 56 75 72 73 77 68 63 67 74 71 81 80 69 79 76 70 
24 16 10 15 20 33 43 40 28 19 5 15 10 16 24 25 20 33 41 40 37 40 46 50 52 55 58 60 62 67 74 83 84 82 81 80 69 79 76 70 
24 16 10 15 5 19 28 40 37 40 46 50 52 55 58 60 62 67 74 83 84 82 81 80 69 79 76 70 
24 16 10 15 20 33 43 40 28 19 28 40 37 40 46 50 52 55 58 60 62 67 74 71 81 80 69 79 76 70 
24 25 20 33 43 40 28 19 28 40 37 40 46 49 56 75 78 66 68 63 67 74 71 81 80 69 79 86 70 
24 16 10 15 20 33 43 40 28 19 5 15 20 33 41 40 36 35 26 21 30 37 40 46 49 56 75 78 66 68 63 67 74 71 81 80 69 79 86 70 
24 25 20 15 5 19 5 15 20 33 43 40 37 40 46 50 52 55 58 60 62 65 54 57 59 64 69 79 86 70 
24 16 10 15 20 33 43 40 28 19 28 40 37 40 46 49 56 75 72 73 77 68 63 67 74 71 81 80 69 79 86 70 
24 16 10 15 20 33 41 40 28 19 5 15 10 16 24 25 20 33 41 40 36 35 26 21 30 37 40 46 50 52 55 58 60 62 65 54 57 59 64 69 79 76 70 
24 16 10 15 20 33 43 40 28 19 5 15 20 33 41 40 37 40 46 49 56 75 78 66 68 63 67 74 71 81 80 69 79 86 70 
24 16 10 15 20 33 41 40 28 19 5 15 10 16 24 25 20 33 43 40 36 35 26 21 30 37 40 46 50 52 55 58 60 62 65 54 57 59 64 69 79 76 70 
24 25 20 15 5 19 28 40 36 35 26 21 30 37 40 46 50 52 55 58 60 62 67 74 83 84 82 81 80 69 79 76 70 
24 25 20 33 43 40 28 19 5 15 20 33 41 40 36 35 26 21 30 37 40 46 49 56 75 78 66 68 63 67 74 71 81 80 69 79 76 70 
24 16 10 15 20 33 41 40 28 19 5 15 20 33 43 40 37 40 46 49 56 75 72 73 77 68 63 67 74 71 81 80 69 79 86 70 
24 16 10 15 20 33 41 40 28 19 28 40 36 35 26 21 30 37 40 46 49 56 75 78 66 68 63 67 74 71 81 80 69 79 86 70 
24 25 20 33 43 40 28 19 5 15 20 33 41 40 36 35 26 21 30 37 40 46 49 56 75 72 73 77 68 63 67 74 71 81 80 69 79 86 70 
24 25 20 33 41 40 28 19 5 15 20 33 43 40 36 35 26 21 30 37 40 46 49 56 75 72 73 77 68 63 67 74 71 81 80 69 79 76 70 
24 25 20 33 43 40 28 19 5 15 20 33 43 40 37 40 46 50 52 55 58 60 62 65 54 57 59 64 69 79 76 70 
24 16 10 15 20 33 43 40 28 19 5 15 10 16 24 25 20 33 43 40 36 35 26 21 30 37 40 46 50 52 55 58 60 62 67 74 83 84 82 81 80 69 79 76 70 
24 16 10 15 20 33 43 40 28 19 28 40 37 40 46 50 52 55 58 60 62 67 74 71 81 80 69 79 86 70 
24 25 20 33 41 40 28 19 5 15 10 16 24 25 20 33 41 40 37 40 46 50 52 55 58 60 62 65 54 57 59 64 69 79 76 70 
24 16 10 15 20 33 43 40 28 19 5 15 20 33 43 40 37 40 46 50 52 55 58 60 62 67 74 83 84 82 81 80 69 79 86 70 
24 25 20 15 5 19 5 15 10 16 24 25 20 33 43 40 37 40 46 49 56 75 72 73 77 68 63 67 74 71 81 80 69 79 86 70 
24 25 20 33 43 40 28 19 28 40 37 40 46 49 56 75 72 73 77 68 63 67 74 71 81 80 69 79 76 70 
24 16 10 15 20 33 41 40 28 19 5 15 20 33 41 40 37 40 46 50 52 55 58 60 62 67 74 83 84 82 81 80 69 79 86 70 
24 16 10 15 20 33 43 40 28 19 5 15 20 33 43 40 36 35 26 21 30 37 40 46 50 52 55 58 60 62 67 74 71 81 80 69 79 86 70 
24 16 10 15 20 33 41 40 28 19 5 15 10 16 24 25 20 33 43 40 36 35 26 21 30 37 40 46 50 52 55 58 60 62 67 74 83 84 82 81 80 69 79 76 70 
24 16 10 15 20 33 43 40 28 19 5 15 10 16 24 25 20 33 41 40 36 35 26 21 30 37 40 46 50 52 55 58 60 62 67 74 83 84 82 81 80 69 79 86 70 
24 25 20 33 43 40 28 19 5 15 10 16 24 25 20 33 41 40 36 35 26 21 30 37 40 46 50 52 55 58 60 62 67 74 71 81 80 69 79 86 70 
24 25 20 33 41 40 28 19 28 40 37 40 46 50 52 55 58 60 62 67 74 71 81 80 69 79 86 70 
24 16 10 15 20 33 41 40 28 19 28 40 36 35 26 21 30 37 40 46 50 52 55 58 60 62 67 74 83 84 82 81 80 69 79 76 70 
---------------
Request id 10
51 61 65 54 57 59 64 69 80 81 82 84 83 74 67 63 68 66 78 75 56 49 46 50 52 55 58 60 62 65 54 57 59 64 69 80 81 71 74 67 63 68 66 78 75 56 49 46 40 37 30 21 26 35 29 23 17 
51 61 65 62 60 62 67 63 68 66 78 75 56 49 46 40 37 30 21 26 35 29 23 17 
51 61 65 62 67 63 68 77 73 72 75 56 49 46 50 52 55 58 60 62 65 54 57 59 64 69 80 81 82 84 83 74 67 63 68 66 78 75 56 49 46 40 36 35 29 23 17 
51 61 65 54 57 59 64 69 80 81 71 74 67 62 60 62 67 63 68 66 78 75 56 49 46 40 37 30 21 26 35 29 23 17 
51 61 65 54 57 59 64 69 80 81 82 84 83 74 67 63 68 66 78 75 56 49 46 50 52 55 58 60 62 67 63 68 77 73 72 75 56 49 46 40 36 35 29 23 17 
51 61 65 45 34 48 53 54 57 59 64 69 80 81 71 74 67 62 60 62 65 54 57 59 64 69 80 81 71 74 67 63 68 66 78 75 56 49 46 40 37 30 21 26 35 29 23 17 
51 61 65 45 34 48 53 54 57 59 64 69 80 81 71 74 67 62 60 62 67 63 68 66 78 75 56 49 46 40 36 35 29 23 17 
51 61 65 54 57 59 64 69 80 81 71 74 67 62 60 62 65 54 57 59 64 69 80 81 71 74 67 63 68 66 78 75 56 49 46 40 37 30 21 26 35 29 23 17 
51 61 65 62 60 62 67 63 68 66 78 75 56 49 46 40 36 35 29 23 17 
51 61 65 54 57 59 64 69 80 81 82 84 83 74 67 63 68 66 78 75 56 49 46 50 52 55 58 60 62 67 63 68 66 78 75 56 49 46 40 37 30 21 26 35 29 23 17 
51 61 65 62 67 63 68 66 78 75 56 49 46 50 52 55 58 60 58 55 52 50 46 40 36 35 29 23 17 
51 61 65 45 34 48 53 54 57 59 64 69 80 81 82 84 83 74 67 62 60 62 67 63 68 66 78 75 56 49 46 40 36 35 29 23 17 
51 61 65 54 57 59 64 69 80 81 82 84 83 74 67 62 60 62 67 63 68 77 73 72 75 56 49 46 40 36 35 29 23 17 
51 61 65 62 67 63 68 66 78 75 56 49 46 50 52 55 58 60 62 67 63 68 66 78 75 56 49 46 40 37 30 21 26 35 29 23 17 
51 61 65 62 67 63 68 77 73 72 75 56 49 46 50 52 55 58 60 62 67 63 68 77 73 72 75 56 49 46 40 36 35 29 23 17 
51 61 65 54 57 59 64 69 80 81 82 84 83 74 67 62 60 62 65 54 57 59 64 69 80 81 71 74 67 63 68 66 78 75 56 49 46 40 36 35 29 23 17 
51 61 65 54 57 59 64 69 80 81 71 74 67 63 68 66 78 75 56 49 46 50 52 55 58 60 62 65 54 57 59 64 69 80 81 71 74 67 63 68 77 73 72 75 56 49 46 40 36 35 29 23 17 
51 61 65 54 57 59 64 69 80 81 71 74 67 62 60 58 55 52 50 46 40 36 35 29 23 17 
51 61 65 62 60 62 65 54 57 59 64 69 80 81 71 74 67 63 68 66 78 75 56 49 46 40 36 35 29 23 17 
51 61 65 62 60 62 65 54 57 59 64 69 80 81 71 74 67 63 68 77 73 72 75 56 49 46 40 36 35 29 23 17 
51 61 65 54 57 59 64 69 80 81 71 74 67 63 68 77 73 72 75 56 49 46 50 52 55 58 60 58 55 52 50 46 40 36 35 29 23 17 
51 61 65 54 57 59 64 69 80 81 71 74 67 63 68 66 78 75 56 49 46 50 52 55 58 60 62 67 63 68 66 78 75 56 49 46 40 36 35 29 23 17 
51 61 65 62 67 63 68 66 78 75 56 49 46 50 52 55 58 60 62 67 63 68 77 73 72 75 56 49 46 40 37 30 21 26 35 29 23 17 
51 61 65 54 57 59 64 69 80 81 71 74 67 63 68 66 78 75 56 49 46 50 52 55 58 60 62 65 54 57 59 64 69 80 81 82 84 83 74 67 63 68 66 78 75 56 49 46 40 36 35 29 23 17 
51 61 65 45 34 48 53 54 57 59 64 69 80 81 71 74 67 62 60 62 65 54 57 59 64 69 80 81 71 74 67 63 68 77 73 72 75 56 49 46 40 36 35 29 23 17 
51 61 65 54 57 59 64 69 80 81 71 74 67 62 60 62 67 63 68 66 78 75 56 49 46 40 36 35 29 23 17 
51 61 65 54 57 59 64 69 80 81 71 74 67 63 68 77 73 72 75 56 49 46 50 52 55 58 60 62 67 63 68 77 73 72 75 56 49 46 40 36 35 29 23 17 
51 61 65 62 67 63 68 77 73 72 75 56 49 46 50 52 55 58 60 62 67 63 68 66 78 75 56 49 46 40 36 35 29 23 17 
51 61 65 54 57 59 64 69 80 81 71 74 67 63 68 77 73 72 75 56 49 46 50 52 55 58 60 62 67 63 68 66 78 75 56 49 46 40 37 30 21 26 35 29 23 17 
51 61 65 45 34 48 53 54 57 59 64 69 80 81 82 84 83 74 67 62 60 58 55 52 50 46 40 36 35 29 23 17 
51 61 65 45 34 48 53 54 57 59 64 69 80 81 82 84 83 74 67 62 60 62 65 54 57 59 64 69 80 81 71 74 67 63 68 66 78 75 56 49 46 40 36 35 29 23 17 
51 61 65 62 67 63 68 66 78 75 56 49 46 50 52 55 58 60 58 55 52 50 46 40 37 30 21 26 35 29 23 17 
51 61 65 45 34 48 53 54 57 59 64 69 80 81 71 74 67 62 60 62 67 63 68 66 78 75 56 49 46 40 37 30 21 26 35 29 23 17 
51 61 65 54 57 59 64 69 80 81 71 74 67 62 60 62 67 63 68 77 73 72 75 56 49 46 40 36 35 29 23 17 
51 61 65 54 57 59 64 69 80 81 71 74 67 63 68 77 73 72 75 56 49 46 50 52 55 58 60 62 65 54 57 59 64 69 80 81 82 84 83 74 67 63 68 66 78 75 56 49 46 40 36 35 29 23 17 
51 61 65 45 34 48 53 54 57 59 64 69 80 81 71 74 67 62 60 58 55 52 50 46 40 37 30 21 26 35 29 23 17 
51 61 65 54 57 59 64 69 80 81 71 74 67 63 68 77 73 72 75 56 49 46 50 52 55 58 60 62 65 54 57 59 64 69 80 81 71 74 67 63 68 66 78 75 56 49 46 40 36 35 29 23 17 
51 61 65 54 57 59 64 69 80 81 82 84 83 74 67 62 60 58 55 52 50 46 40 36 35 29 23 17 
51 61 65 54 57 59 64 69 80 81 71 74 67 62 60 62 65 54 57 59 64 69 80 81 71 74 67 63 68 66 78 75 56 49 46 40 36 35 29 23 17 
51 61 65 54 57 59 64 69 80 81 82 84 83 74 67 62 60 62 65 54 57 59 64 69 80 81 82 84 83 74 67 63 68 66 78 75 56 49 46 40 36 35 29 23 17 
---------------
Request id 6
42 49 46 50 52 55 58 60 62 65 45 34 48 53 54 57 59 64 69 80 81 71 74 67 63 68 77 73 72 72 73 77 68 63 67 62 60 58 55 52 50 46 40 37 30 21 26 35 29 23 
42 49 46 50 52 55 58 60 62 67 63 68 77 73 72 72 73 77 68 66 78 75 56 49 46 40 36 35 29 23 
42 49 46 50 52 55 58 60 62 65 54 57 59 64 69 80 81 82 84 83 74 67 63 68 77 73 72 72 75 78 66 68 63 67 62 60 58 55 52 50 46 40 36 35 29 23 
42 49 46 50 52 55 58 60 62 65 45 34 48 53 54 57 59 64 69 80 81 71 74 67 63 68 77 73 72 72 75 56 49 46 40 37 30 21 26 35 29 23 
42 49 56 75 78 66 68 77 73 72 72 75 78 66 68 63 67 62 60 58 55 52 50 46 40 36 35 29 23 
42 49 46 50 52 55 58 60 62 67 63 68 66 78 75 72 72 75 56 49 46 40 36 35 29 23 
42 49 46 50 52 55 58 60 62 65 54 57 59 64 69 80 81 82 84 83 74 67 63 68 77 73 72 72 73 77 68 66 78 75 56 49 46 40 37 30 21 26 35 29 23 
42 49 46 50 52 55 58 60 62 65 54 57 59 64 69 80 81 82 84 83 74 67 63 68 77 73 72 72 73 77 68 66 78 75 56 49 46 40 36 35 29 23 
42 49 46 50 52 55 58 60 62 65 54 57 59 64 69 80 81 82 84 83 74 67 63 68 66 78 75 72 72 75 78 66 68 63 67 74 71 81 80 69 64 59 57 54 65 62 60 58 55 52 50 46 40 36 35 29 23 
42 49 46 50 52 55 58 60 62 65 54 57 59 64 69 80 81 71 74 67 63 68 66 78 75 72 72 75 56 49 46 40 37 30 21 26 35 29 23 
42 49 46 50 52 55 58 60 62 67 63 68 66 78 75 72 72 73 77 68 66 78 75 56 49 46 40 36 35 29 23 
42 49 46 50 52 55 58 60 62 65 54 57 59 64 69 80 81 71 74 67 63 68 77 73 72 72 75 56 49 46 40 36 35 29 23 
42 49 46 50 52 55 58 60 62 65 54 57 59 64 69 80 81 82 84 83 74 67 63 68 77 73 72 72 73 77 68 63 67 74 71 81 80 69 64 59 57 54 65 62 60 58 55 52 50 46 40 36 35 29 23 
42 49 46 50 52 55 58 60 62 67 63 68 66 78 75 72 72 73 77 68 63 67 74 71 81 80 69 64 59 57 54 65 62 60 58 55 52 50 46 40 36 35 29 23 
42 49 56 75 72 72 73 77 68 66 78 75 56 49 46 40 36 35 29 23 
42 49 46 50 52 55 58 60 62 65 45 34 48 53 54 57 59 64 69 80 81 71 74 67 63 68 66 78 75 72 72 75 56 49 46 40 36 35 29 23 
42 49 46 50 52 55 58 60 62 65 45 34 48 53 54 57 59 64 69 80 81 71 74 67 63 68 77 73 72 72 73 77 68 66 78 75 56 49 46 40 36 35 29 23 
42 49 56 75 72 72 75 56 49 46 40 37 30 21 26 35 29 23 
42 49 46 50 52 55 58 60 62 65 54 57 59 64 69 80 81 82 84 83 74 67 63 68 77 73 72 72 75 56 49 46 40 37 30 21 26 35 29 23 
42 49 46 50 52 55 58 60 62 65 54 57 59 64 69 80 81 71 74 67 63 68 77 73 72 72 75 78 66 68 63 67 74 71 81 80 69 64 59 57 54 65 62 60 58 55 52 50 46 40 36 35 29 23 
42 49 46 50 52 55 58 60 62 65 45 34 48 53 54 57 59 64 69 80 81 71 74 67 63 68 77 73 72 72 73 77 68 66 78 75 56 49 46 40 37 30 21 26 35 29 23 
42 49 46 50 52 55 58 60 62 67 63 68 77 73 72 72 75 78 66 68 63 67 62 60 58 55 52 50 46 40 37 30 21 26 35 29 23 
42 49 46 50 52 55 58 60 62 65 54 57 59 64 69 80 81 82 84 83 74 67 63 68 77 73 72 72 75 78 66 68 63 67 74 71 81 80 69 64 59 57 54 65 62 60 58 55 52 50 46 40 36 35 29 23 
42 49 56 75 72 72 73 77 68 63 67 62 60 58 55 52 50 46 40 36 35 29 23 
42 49 46 50 52 55 58 60 62 65 54 57 59 64 69 80 81 71 74 67 63 68 77 73 72 72 73 77 68 66 78 75 56 49 46 40 37 30 21 26 35 29 23 
42 49 56 75 72 72 75 78 66 68 63 67 62 60 58 55 52 50 46 40 36 35 29 23 
42 49 46 50 52 55 58 60 62 65 54 57 59 64 69 80 81 71 74 67 63 68 66 78 75 72 72 75 56 49 46 40 36 35 29 23 
42 49 56 75 72 72 73 77 68 66 78 75 56 49 46 40 37 30 21 26 35 29 23 
42 49 46 50 52 55 58 60 62 65 54 57 59 64 69 80 81 82 84 83 74 67 63 68 66 78 75 72 72 75 78 66 68 63 67 62 60 58 55 52 50 46 40 37 30 21 26 35 29 23 
42 49 46 50 52 55 58 60 62 65 54 57 59 64 69 80 81 71 74 67 63 68 66 78 75 72 72 75 78 66 68 63 67 62 60 58 55 52 50 46 40 36 35 29 23 
42 49 46 50 52 55 58 60 62 65 54 57 59 64 69 80 81 71 74 67 63 68 77 73 72 72 75 56 49 46 40 37 30 21 26 35 29 23 
42 49 46 50 52 55 58 60 62 65 54 57 59 64 69 80 81 71 74 67 63 68 77 73 72 72 75 78 66 68 63 67 62 60 58 55 52 50 46 40 36 35 29 23 
42 49 46 50 52 55 58 60 62 67 63 68 66 78 75 72 72 73 77 68 66 78 75 56 49 46 40 37 30 21 26 35 29 23 
42 49 46 50 52 55 58 60 62 65 45 34 48 53 54 57 59 64 69 80 81 71 74 67 63 68 66 78 75 72 72 75 56 49 46 40 37 30 21 26 35 29 23 
42 49 46 50 52 55 58 60 62 65 54 57 59 64 69 80 81 71 74 67 63 68 77 73 72 72 73 77 68 63 67 62 60 58 55 52 50 46 40 36 35 29 23 
42 49 46 50 52 55 58 60 62 65 45 34 48 53 54 57 59 64 69 80 81 71 74 67 63 68 66 78 75 72 72 73 77 68 63 67 74 71 81 80 69 64 59 57 54 65 62 60 58 55 52 50 46 40 36 35 29 23 
42 49 56 75 72 72 73 77 68 63 67 62 60 58 55 52 50 46 40 37 30 21 26 35 29 23 
42 49 56 75 72 72 75 78 66 68 63 67 62 60 58 55 52 50 46 40 37 30 21 26 35 29 23 
42 49 46 50 52 55 58 60 62 65 54 57 59 64 69 80 81 71 74 67 63 68 77 73 72 72 73 77 68 66 78 75 56 49 46 40 36 35 29 23 
42 49 46 50 52 55 58 60 62 65 54 57 59 64 69 80 81 71 74 67 63 68 66 78 75 72 72 73 77 68 63 67 62 60 58 55 52 50 46 40 37 30 21 26 35 29 23 
---------------
Request id 5
24 25 20 15 5 19 28 40 43 33 41 41 40 36 35 29 23 17 9 13 32 31 22 14 11 6 
24 16 10 15 5 19 28 40 41 41 40 37 30 21 26 35 29 23 17 9 3 0 4 6 
24 25 20 33 41 41 40 36 35 29 23 17 9 13 32 31 22 14 11 6 
24 25 20 33 41 41 40 36 35 29 23 17 12 7 8 1 2 3 0 4 6 
24 16 10 15 5 19 28 40 43 33 41 41 33 43 40 36 35 29 23 17 12 7 8 1 2 3 0 4 6 
24 16 10 15 20 33 43 40 41 41 33 43 40 36 35 29 23 17 12 7 8 1 2 3 0 4 6 
24 25 20 15 5 19 28 40 41 41 40 36 35 29 23 17 12 7 8 1 2 3 0 4 6 
24 16 10 15 5 19 28 40 43 33 41 41 33 20 15 5 19 28 40 36 35 29 23 17 9 3 0 4 6 
24 16 10 15 20 33 41 41 40 36 35 29 23 17 9 3 0 4 6 
24 16 10 15 5 19 28 40 43 33 41 41 40 36 35 29 23 17 12 7 8 1 2 3 0 4 6 
24 16 10 15 20 33 41 41 40 36 35 29 23 17 9 13 32 31 22 14 11 6 
24 25 20 33 41 41 33 43 40 36 35 29 23 17 12 7 8 1 2 3 0 4 6 
24 25 20 15 5 19 28 40 41 41 40 36 35 29 23 17 9 13 32 31 22 14 11 6 
24 25 20 15 5 19 28 40 41 41 33 43 40 36 35 29 23 17 9 3 0 4 6 
24 16 10 15 5 19 28 40 41 41 33 43 40 36 35 29 23 17 9 13 32 31 22 14 11 6 
24 25 20 33 43 40 41 41 33 43 40 36 35 29 23 17 12 7 8 1 2 3 0 4 6 
24 25 20 33 41 41 33 43 40 37 30 21 26 35 29 23 17 9 3 0 4 6 
24 16 10 15 20 33 41 41 33 43 40 36 35 29 23 17 9 13 32 31 22 14 11 6 
24 16 10 15 5 19 28 40 43 33 41 41 33 43 40 37 30 21 26 35 29 23 17 9 3 0 4 6 
24 16 10 15 20 33 41 41 40 37 30 21 26 35 29 23 17 9 3 0 4 6 
24 25 20 15 5 19 28 40 41 41 40 36 35 29 23 17 9 3 0 4 6 
24 25 20 15 5 19 28 40 41 41 33 43 40 36 35 29 23 17 12 7 8 1 2 3 0 4 6 
24 25 20 15 5 19 28 40 41 41 40 37 30 21 26 35 29 23 17 9 3 0 4 6 
24 16 10 15 5 19 28 40 43 33 41 41 40 37 30 21 26 35 29 23 17 9 13 32 31 22 14 11 6 
24 25 20 15 5 19 28 40 43 33 41 41 40 37 30 21 26 35 29 23 17 9 3 0 4 6 
24 25 20 33 41 41 40 36 35 29 23 17 9 3 0 4 6 
24 25 20 15 5 19 28 40 43 33 41 41 33 43 40 36 35 29 23 17 9 3 0 4 6 
24 25 20 33 41 41 33 20 15 5 19 28 40 36 35 29 23 17 9 3 0 4 6 
24 16 10 15 20 33 43 40 41 41 33 43 40 36 35 29 23 17 9 3 0 4 6 
24 16 10 15 5 19 28 40 43 33 41 41 40 36 35 29 23 17 9 3 0 4 6 
24 25 20 15 5 19 28 40 41 41 40 37 30 21 26 35 29 23 17 9 13 32 31 22 14 11 6 
24 16 10 15 20 33 43 40 41 41 33 20 15 5 19 28 40 36 35 29 23 17 9 3 0 4 6 
24 25 20 15 5 19 28 40 43 33 41 41 40 37 30 21 26 35 29 23 17 9 13 32 31 22 14 11 6 
24 25 20 15 5 19 28 40 43 33 41 41 40 36 35 29 23 17 12 7 8 1 2 3 0 4 6 
24 16 10 15 20 33 41 41 40 37 30 21 26 35 29 23 17 9 13 32 31 22 14 11 6 
24 16 10 15 5 19 28 40 43 33 41 41 40 37 30 21 26 35 29 23 17 9 3 0 4 6 
24 25 20 33 43 40 41 41 33 43 40 36 35 29 23 17 9 13 32 31 22 14 11 6 
24 16 10 15 5 19 28 40 43 33 41 41 33 43 40 36 35 29 23 17 9 13 32 31 22 14 11 6 
24 25 20 15 5 19 28 40 43 33 41 41 33 43 40 36 35 29 23 17 12 7 8 1 2 3 0 4 6 
24 25 20 33 43 40 41 41 33 20 15 5 19 28 40 36 35 29 23 17 9 3 0 4 6 
---------------
Request id 7
58 55 52 50 46 49 56 75 72 73 77 68 63 67 62 65 61 65 62 67 63 68 66 78 75 56 49 46 40 43 33 41 40 46 49 56 75 78 66 68 63 67 74 71 81 80 69 64 59 57 54 53 48 34 45 65 62 67 63 68 
58 55 52 50 46 49 56 75 78 66 68 63 67 62 65 61 65 62 67 63 68 77 73 72 75 56 49 46 40 28 19 5 15 20 33 41 33 43 40 46 49 56 75 72 73 77 68 63 67 74 71 81 80 69 64 59 57 54 65 62 60 58 55 52 50 46 49 56 75 78 66 68 
58 60 62 67 74 71 81 80 69 64 59 57 54 53 48 34 45 65 61 65 62 67 63 68 66 78 75 56 49 46 40 43 33 41 33 43 40 46 49 56 75 72 73 77 68 63 67 74 83 84 82 81 80 69 64 59 57 54 53 48 34 45 65 62 67 63 68 
58 55 52 50 46 49 56 75 78 66 68 63 67 74 83 84 82 81 80 69 64 59 57 54 65 61 65 62 60 58 55 52 50 46 40 43 33 41 33 43 40 46 49 56 75 78 66 68 63 67 74 83 84 82 81 80 69 64 59 57 54 65 62 60 58 55 52 50 46 49 56 75 78 66 68 
58 55 52 50 46 49 56 75 72 73 77 68 63 67 74 71 81 80 69 64 59 57 54 65 61 65 54 57 59 64 69 80 81 71 74 67 62 60 58 55 52 50 46 40 41 33 20 15 5 19 28 40 46 49 56 75 78 66 68 63 67 74 83 84 82 81 80 69 64 59 57 54 53 48 34 45 65 62 67 63 68 
58 60 62 67 74 83 84 82 81 80 69 64 59 57 54 65 61 65 62 60 58 55 52 50 46 40 43 33 41 33 20 15 5 19 28 40 46 49 56 75 72 73 77 68 63 67 74 71 81 80 69 64 59 57 54 65 62 67 63 68 
58 55 52 50 46 49 56 75 72 73 77 68 63 67 74 71 81 80 69 64 59 57 54 65 61 65 54 57 59 64 69 80 81 71 74 67 62 60 58 55 52 50 46 40 41 40 46 49 56 75 78 66 68 63 67 74 67 62 60 58 55 52 50 46 49 56 75 72 73 77 68 
58 55 52 50 46 49 56 75 78 66 68 63 67 74 83 84 82 81 80 69 64 59 57 54 65 61 65 62 60 58 55 52 50 46 40 43 33 41 40 46 49 56 75 72 73 77 68 63 67 74 71 81 80 69 64 59 57 54 65 62 60 58 55 52 50 46 49 56 75 72 73 77 68 
58 60 62 67 74 83 84 82 81 80 69 64 59 57 54 65 61 65 62 60 58 55 52 50 46 40 43 33 41 33 43 40 46 49 56 75 78 66 68 63 67 74 71 81 80 69 64 59 57 54 53 48 34 45 65 62 67 63 68 
58 60 62 67 74 71 81 80 69 64 59 57 54 53 48 34 45 65 61 65 62 60 58 55 52 50 46 40 28 19 5 15 20 33 41 33 20 15 5 19 28 40 46 49 56 75 72 73 77 68 63 67 74 67 62 60 58 55 52 50 46 49 56 75 78 66 68 
58 55 52 50 46 49 56 75 72 73 77 68 63 67 74 71 81 80 69 64 59 57 54 65 61 65 62 67 63 68 66 78 75 56 49 46 40 41 40 46 49 56 75 78 66 68 63 67 74 71 81 80 69 64 59 57 54 65 62 67 63 68 
58 55 52 50 46 49 56 75 72 73 77 68 63 67 62 65 61 65 62 60 58 55 52 50 46 40 43 33 41 33 20 15 5 19 28 40 46 49 56 75 72 73 77 68 63 67 74 67 62 60 58 55 52 50 46 49 56 75 78 66 68 
58 60 62 67 74 83 84 82 81 80 69 64 59 57 54 65 61 65 62 67 63 68 77 73 72 75 56 49 46 40 41 33 20 15 5 19 28 40 46 49 56 75 72 73 77 68 63 67 74 83 84 82 81 80 69 64 59 57 54 53 48 34 45 65 62 67 63 68 
58 60 62 67 74 71 81 80 69 64 59 57 54 65 61 65 62 60 58 55 52 50 46 40 43 33 41 40 46 49 56 75 72 73 77 68 63 67 74 83 84 82 81 80 69 64 59 57 54 65 62 67 63 68 
58 55 52 50 46 49 56 75 72 73 77 68 63 67 74 71 81 80 69 64 59 57 54 65 61 65 62 67 63 68 66 78 75 56 49 46 40 43 33 41 33 20 15 5 19 28 40 46 49 56 75 78 66 68 63 67 74 71 81 80 69 64 59 57 54 65 62 60 58 55 52 50 46 49 56 75 78 66 68 
58 55 52 50 46 49 56 75 78 66 68 63 67 62 65 61 65 62 67 63 68 66 78 75 56 49 46 40 41 40 46 49 56 75 72 73 77 68 63 67 74 71 81 80 69 64 59 57 54 65 62 60 58 55 52 50 46 49 56 75 72 73 77 68 
58 55 52 50 46 49 56 75 78 66 68 63 67 62 65 61 65 62 67 63 68 77 73 72 75 56 49 46 40 43 33 41 33 20 15 5 19 28 40 46 49 56 75 72 73 77 68 63 67 74 71 81 80 69 64 59 57 54 65 62 60 58 55 52 50 46 49 56 75 72 73 77 68 
58 55 52 50 46 49 56 75 78 66 68 63 67 62 65 61 65 62 67 63 68 66 78 75 56 49 46 40 28 19 5 15 20 33 41 40 46 49 56 75 72 73 77 68 63 67 74 71 81 80 69 64 59 57 54 65 62 60 58 55 52 50 46 49 56 75 72 73 77 68 
58 55 52 50 46 49 56 75 78 66 68 63 67 62 65 61 65 54 57 59 64 69 80 81 71 74 67 62 60 58 55 52 50 46 40 41 40 46 49 56 75 78 66 68 63 67 74 67 62 60 58 55 52 50 46 49 56 75 72 73 77 68 
58 55 52 50 46 49 56 75 78 66 68 63 67 62 65 61 65 62 67 63 68 77 73 72 75 56 49 46 40 41 33 43 40 46 49 56 75 78 66 68 63 67 74 71 81 80 69 64 59 57 54 65 62 60 58 55 52 50 46 49 56 75 78 66 68 
58 55 52 50 46 49 56 75 78 66 68 63 67 62 65 61 65 54 57 59 64 69 80 81 71 74 67 62 60 58 55 52 50 46 40 41 40 46 50 52 55 58 60 62 65 54 57 59 64 69 80 81 71 74 83 84 82 81 80 69 64 59 57 54 53 48 34 45 65 62 67 63 68 
58 55 52 50 46 49 56 75 72 73 77 68 63 67 62 65 61 65 62 60 58 55 52 50 46 40 28 19 5 15 20 33 41 33 20 15 5 19 28 40 46 49 56 75 72 73 77 68 63 67 74 67 62 60 58 55 52 50 46 49 56 75 78 66 68 
58 55 52 50 46 49 56 75 72 73 77 68 63 67 74 71 81 80 69 64 59 57 54 65 61 65 62 67 63 68 77 73 72 75 56 49 46 40 28 19 5 15 20 33 41 40 46 50 52 55 58 60 62 67 74 67 62 60 58 55 52 50 46 49 56 75 78 66 68 
58 60 62 67 74 83 84 82 81 80 69 64 59 57 54 53 48 34 45 65 61 65 62 67 63 68 77 73 72 75 56 49 46 40 28 19 5 15 20 33 41 33 43 40 46 50 52 55 58 60 62 67 74 71 81 80 69 64 59 57 54 65 62 60 58 55 52 50 46 49 56 75 72 73 77 68 
58 55 52 50 46 49 56 75 72 73 77 68 63 67 74 71 81 80 69 64 59 57 54 65 61 65 62 67 63 68 77 73 72 75 56 49 46 40 43 33 41 33 43 40 46 49 56 75 78 66 68 63 67 74 71 81 80 69 64 59 57 54 65 62 67 63 68 
58 60 62 65 61 65 62 60 58 55 52 50 46 40 28 19 5 15 20 33 41 33 43 40 46 49 56 75 72 73 77 68 63 67 74 83 84 82 81 80 69 64 59 57 54 65 62 60 58 55 52 50 46 49 56 75 78 66 68 
58 55 52 50 46 49 56 75 72 73 77 68 63 67 74 71 81 80 69 64 59 57 54 65 61 65 62 67 63 68 66 78 75 56 49 46 40 41 33 43 40 46 49 56 75 72 73 77 68 63 67 74 71 81 80 69 64 59 57 54 65 62 67 63 68 
58 60 62 67 74 71 81 80 69 64 59 57 54 53 48 34 45 65 61 65 62 67 63 68 66 78 75 56 49 46 40 41 33 20 15 5 19 28 40 46 49 56 75 72 73 77 68 63 67 74 67 62 60 58 55 52 50 46 49 56 75 78 66 68 
58 60 62 67 74 71 81 80 69 64 59 57 54 53 48 34 45 65 61 65 62 67 63 68 66 78 75 56 49 46 40 41 40 46 50 52 55 58 60 62 65 54 57 59 64 69 80 81 71 74 67 63 68 
58 60 62 67 74 71 81 80 69 64 59 57 54 53 48 34 45 65 61 65 62 67 63 68 66 78 75 56 49 46 40 43 33 41 40 46 49 56 75 78 66 68 63 67 74 71 81 80 69 64 59 57 54 65 62 60 58 55 52 50 46 49 56 75 72 73 77 68 
58 60 62 67 74 71 81 80 69 64 59 57 54 65 61 65 62 67 63 68 77 73 72 75 56 49 46 40 41 33 20 15 5 19 28 40 46 49 56 75 72 73 77 68 63 67 74 83 84 82 81 80 69 64 59 57 54 65 62 60 58 55 52 50 46 49 56 75 78 66 68 
58 60 62 67 74 83 84 82 81 80 69 64 59 57 54 65 61 65 62 67 63 68 77 73 72 75 56 49 46 40 43 33 41 40 46 49 56 75 78 66 68 63 67 74 83 84 82 81 80 69 64 59 57 54 53 48 34 45 65 62 67 63 68 
58 55 52 50 46 49 56 75 78 66 68 63 67 74 71 81 80 69 64 59 57 54 65 61 65 62 67 63 68 66 78 75 56 49 46 40 41 33 43 40 46 50 52 55 58 60 62 67 74 67 62 60 58 55 52 50 46 49 56 75 72 73 77 68 
58 60 62 67 74 71 81 80 69 64 59 57 54 65 61 65 62 60 58 55 52 50 46 40 43 33 41 33 43 40 46 49 56 75 78 66 68 63 67 74 71 81 80 69 64 59 57 54 65 62 67 63 68 
58 60 62 65 61 65 62 67 63 68 77 73 72 75 56 49 46 40 28 19 5 15 20 33 41 40 46 50 52 55 58 60 62 65 54 57 59 64 69 80 81 71 74 71 81 80 69 64 59 57 54 53 48 34 45 65 62 67 63 68 
58 60 62 65 61 65 62 67 63 68 66 78 75 56 49 46 40 43 33 41 33 43 40 46 49 56 75 78 66 68 63 67 74 83 84 82 81 80 69 64 59 57 54 65 62 67 63 68 
58 60 62 67 74 83 84 82 81 80 69 64 59 57 54 53 48 34 45 65 61 65 62 67 63 68 77 73 72 75 56 49 46 40 41 33 20 15 5 19 28 40 46 50 52 55 58 60 62 67 74 83 84 82 81 80 69 64 59 57 54 53 48 34 45 65 62 67 63 68 
58 60 62 67 74 83 84 82 81 80 69 64 59 57 54 65 61 65 62 67 63 68 66 78 75 56 49 46 40 41 33 43 40 46 49 56 75 78 66 68 63 67 74 71 81 80 69 64 59 57 54 65 62 60 58 55 52 50 46 49 56 75 78 66 68 
58 60 62 67 74 71 81 80 69 64 59 57 54 53 48 34 45 65 61 65 62 67 63 68 77 73 72 75 56 49 46 40 43 33 41 33 20 15 5 19 28 40 46 49 56 75 78 66 68 63 67 74 71 81 80 69 64 59 57 54 65 62 60 58 55 52 50 46 49 56 75 78 66 68 
58 55 52 50 46 49 56 75 78 66 68 63 67 74 83 84 82 81 80 69 64 59 57 54 65 61 65 62 60 58 55 52 50 46 40 43 33 41 33 20 15 5 19 28 40 46 50 52 55 58 60 62 67 74 67 63 68 
---------------
Request id 4
77 68 66 78 75 72 73 77 68 63 67 74 71 81 80 69 64 59 57 54 53 48 34 45 65 62 60 58 55 52 50 46 
77 68 66 78 75 72 75 78 66 68 63 67 62 60 58 55 52 50 46 
77 68 63 67 74 71 81 80 69 64 59 57 54 53 48 34 45 65 62 60 58 55 52 50 46 49 56 75 72 73 77 68 66 78 75 56 49 46 
77 68 63 67 74 83 84 82 81 80 69 64 59 57 54 53 48 34 45 65 62 60 58 55 52 50 46 49 56 75 72 75 78 66 68 63 67 74 83 84 82 81 80 69 64 59 57 54 65 62 60 58 55 52 50 46 
77 73 72 75 78 66 68 63 67 74 83 84 82 81 80 69 64 59 57 54 65 62 60 58 55 52 50 46 
77 73 72 75 78 66 68 63 67 74 71 81 80 69 64 59 57 54 65 62 60 58 55 52 50 46 
77 68 63 67 74 71 81 80 69 64 59 57 54 53 48 34 45 65 62 60 58 55 52 50 46 49 56 75 72 73 77 68 63 67 74 71 81 80 69 64 59 57 54 65 62 60 58 55 52 50 46 
77 68 63 67 62 60 58 55 52 50 46 49 56 75 72 75 78 66 68 63 67 74 71 81 80 69 64 59 57 54 53 48 34 45 65 62 60 58 55 52 50 46 
77 68 63 67 74 71 81 80 69 64 59 57 54 65 62 60 58 55 52 50 46 49 56 75 72 75 78 66 68 63 67 62 60 58 55 52 50 46 
77 68 63 67 62 60 58 55 52 50 46 49 56 75 72 73 77 68 63 67 74 71 81 80 69 64 59 57 54 65 62 60 58 55 52 50 46 
77 68 63 67 74 83 84 82 81 80 69 64 59 57 54 65 62 60 58 55 52 50 46 49 56 75 72 73 77 68 63 67 74 83 84 82 81 80 69 64 59 57 54 65 62 60 58 55 52 50 46 
77 68 63 67 62 60 58 55 52 50 46 49 56 75 72 73 77 68 63 67 62 60 58 55 52 50 46 
77 68 63 67 74 71 81 80 69 64 59 57 54 65 62 60 58 55 52 50 46 49 56 75 72 75 56 49 46 
77 68 63 67 74 83 84 82 81 80 69 64 59 57 54 53 48 34 45 65 62 60 58 55 52 50 46 49 56 75 72 75 78 66 68 63 67 74 71 81 80 69 64 59 57 54 65 62 60 58 55 52 50 46 
77 68 63 67 74 83 84 82 81 80 69 64 59 57 54 65 62 60 58 55 52 50 46 49 56 75 72 75 78 66 68 63 67 74 83 84 82 81 80 69 64 59 57 54 65 62 60 58 55 52 50 46 
77 68 63 67 62 60 58 55 52 50 46 49 56 75 72 73 77 68 63 67 74 71 81 80 69 64 59 57 54 53 48 34 45 65 62 60 58 55 52 50 46 
77 68 66 78 75 72 75 78 66 68 63 67 74 71 81 80 69 64 59 57 54 65 62 60 58 55 52 50 46 
77 73 72 73 77 68 63 67 74 71 81 80 69 64 59 57 54 53 48 34 45 65 62 60 58 55 52 50 46 
77 68 66 78 75 72 75 56 49 46 
77 68 66 78 75 72 73 77 68 63 67 74 71 81 80 69 64 59 57 54 65 62 60 58 55 52 50 46 
77 73 72 75 56 49 46 
77 68 66 78 75 72 73 77 68 63 67 74 83 84 82 81 80 69 64 59 57 54 65 62 60 58 55 52 50 46 
77 68 63 67 74 71 81 80 69 64 59 57 54 65 62 60 58 55 52 50 46 49 56 75 72 73 77 68 63 67 74 71 81 80 69 64 59 57 54 53 48 34 45 65 62 60 58 55 52 50 46 
77 68 63 67 74 83 84 82 81 80 69 64 59 57 54 53 48 34 45 65 62 60 58 55 52 50 46 49 56 75 72 75 56 49 46 
77 68 63 67 74 71 81 80 69 64 59 57 54 65 62 60 58 55 52 50 46 49 56 75 72 75 78 66 68 63 67 74 83 84 82 81 80 69 64 59 57 54 65 62 60 58 55 52 50 46 
77 68 66 78 75 72 75 78 66 68 63 67 74 71 81 80 69 64 59 57 54 53 48 34 45 65 62 60 58 55 52 50 46 
77 68 63 67 74 83 84 82 81 80 69 64 59 57 54 65 62 60 58 55 52 50 46 49 56 75 72 75 78 66 68 63 67 74 71 81 80 69 64 59 57 54 65 62 60 58 55 52 50 46 
77 73 72 75 78 66 68 63 67 74 71 81 80 69 64 59 57 54 53 48 34 45 65 62 60 58 55 52 50 46 
77 68 63 67 74 71 81 80 69 64 59 57 54 53 48 34 45 65 62 60 58 55 52 50 46 49 56 75 72 73 77 68 63 67 62 60 58 55 52 50 46 
77 68 63 67 74 71 81 80 69 64 59 57 54 53 48 34 45 65 62 60 58 55 52 50 46 49 56 75 72 73 77 68 63 67 74 83 84 82 81 80 69 64 59 57 54 65 62 60 58 55 52 50 46 
77 68 63 67 74 83 84 82 81 80 69 64 59 57 54 65 62 60 58 55 52 50 46 49 56 75 72 75 78 66 68 63 67 62 60 58 55 52 50 46 
77 68 66 78 75 72 75 78 66 68 63 67 74 83 84 82 81 80 69 64 59 57 54 65 62 60 58 55 52 50 46 
77 68 63 67 74 71 81 80 69 64 59 57 54 53 48 34 45 65 62 60 58 55 52 50 46 49 56 75 72 75 78 66 68 63 67 74 71 81 80 69 64 59 57 54 65 62 60 58 55 52 50 46 
77 68 63 67 74 83 84 82 81 80 69 64 59 57 54 53 48 34 45 65 62 60 58 55 52 50 46 49 56 75 72 73 77 68 63 67 74 71 81 80 69 64 59 57 54 53 48 34 45 65 62 60 58 55 52 50 46 
77 68 63 67 74 83 84 82 81 80 69 64 59 57 54 65 62 60 58 55 52 50 46 49 56 75 72 73 77 68 63 67 62 60 58 55 52 50 46 
77 68 63 67 74 71 81 80 69 64 59 57 54 65 62 60 58 55 52 50 46 49 56 75 72 73 77 68 66 78 75 56 49 46 
77 73 72 73 77 68 63 67 74 83 84 82 81 80 69 64 59 57 54 65 62 60 58 55 52 50 46 
77 68 63 67 62 60 58 55 52 50 46 49 56 75 72 75 56 49 46 
77 68 63 67 74 71 81 80 69 64 59 57 54 65 62 60 58 55 52 50 46 49 56 75 72 75 78 66 68 63 67 74 71 81 80 69 64 59 57 54 53 48 34 45 65 62 60 58 55 52 50 46 
77 68 63 67 62 60 58 55 52 50 46 49 56 75 72 73 77 68 66 78 75 56 49 46 
---------------
