Request id 10
3 9 17 23 29 35 36 40 46 40 36 35 29 23 17 9 13 32 31 32 13 9 17 23 29 35 36 40 46 49 
3 9 17 23 29 35 36 40 46 40 36 35 29 23 17 9 13 32 31 32 13 9 17 23 29 35 26 21 30 37 40 46 49 
3 9 17 23 29 35 36 40 46 40 36 35 29 23 17 9 13 32 31 22 14 11 6 4 0 3 9 17 23 29 35 36 40 46 49 
3 9 17 23 29 35 36 40 46 40 36 35 29 23 17 9 13 32 31 32 13 9 3 2 1 8 7 12 17 23 29 35 36 40 46 49 
3 9 17 23 29 35 36 40 46 40 36 35 29 23 17 9 13 32 31 22 14 11 6 4 0 3 9 17 23 29 35 26 21 30 37 40 46 49 
3 9 17 23 29 35 36 40 46 40 36 35 29 23 17 9 13 32 31 22 14 11 6 4 0 3 2 1 8 7 12 17 23 29 35 36 40 46 49 
3 9 17 23 29 35 36 40 46 40 36 35 29 23 17 9 13 32 31 32 13 9 3 2 1 8 7 12 17 23 29 35 26 21 30 37 40 46 49 
3 9 17 23 29 35 36 40 46 40 36 35 29 23 17 9 13 32 31 22 14 11 6 4 0 3 2 1 8 7 12 17 23 29 35 26 21 30 37 40 46 49 
3 9 17 23 29 35 36 40 46 40 36 35 29 23 17 9 13 32 31 32 13 9 17 23 29 35 36 40 46 50 52 55 58 60 62 67 63 68 66 78 75 56 49 
3 9 17 23 29 35 36 40 46 40 36 35 29 23 17 9 13 32 31 32 13 9 17 23 29 35 36 40 46 50 52 55 58 60 62 67 63 68 77 73 72 75 56 49 
---------------
Request id 5
44 33 41 40 46 50 52 50 46 40 36 35 29 23 17 9 13 9 17 23 29 35 36 40 46 49 56 75 91 
44 33 41 40 46 50 52 50 46 40 36 35 29 23 17 9 13 9 17 23 29 35 26 21 30 37 40 46 49 56 75 91 
44 33 41 40 46 50 52 50 46 40 36 35 29 23 17 9 13 9 3 2 1 8 7 12 17 23 29 35 36 40 46 49 56 75 91 
44 33 41 40 46 50 52 50 46 40 36 35 29 23 17 9 13 32 31 22 14 11 6 4 0 3 9 17 23 29 35 36 40 46 49 56 75 91 
44 33 41 40 46 50 52 50 46 40 36 35 29 23 17 9 13 9 3 2 1 8 7 12 17 23 29 35 26 21 30 37 40 46 49 56 75 91 
44 33 41 40 46 50 52 50 46 40 36 35 29 23 17 9 13 9 17 23 29 35 36 40 46 50 52 55 58 60 62 67 63 68 66 78 75 91 
44 33 41 40 46 50 52 50 46 40 36 35 29 23 17 9 13 9 17 23 29 35 36 40 46 50 52 55 58 60 62 67 63 68 77 73 72 75 91 
44 33 41 40 46 50 52 50 46 40 36 35 29 23 17 9 13 9 17 23 29 35 26 21 30 37 40 46 50 52 55 58 60 62 67 63 68 66 78 75 91 
44 33 41 40 46 50 52 50 46 40 36 35 29 23 17 9 13 32 31 22 14 11 6 4 0 3 9 17 23 29 35 26 21 30 37 40 46 49 56 75 91 
44 33 41 40 46 50 52 50 46 40 36 35 29 23 17 9 13 32 31 22 14 11 6 4 0 3 2 1 8 7 12 17 23 29 35 36 40 46 49 56 75 91 
---------------
Request id 4
18 17 9 13 9 17 23 29 35 36 40 46 50 52 55 58 60 62 67 74 83 84 
18 17 9 13 9 17 23 29 35 36 40 46 49 56 75 78 66 68 63 67 74 83 84 
18 17 9 13 9 17 23 29 35 36 40 46 50 52 55 58 60 62 67 74 71 81 82 84 
18 17 9 13 9 17 23 29 35 36 40 46 49 56 75 72 73 77 68 63 67 74 83 84 
18 17 9 13 9 17 23 29 35 26 21 30 37 40 46 50 52 55 58 60 62 67 74 83 84 
18 17 9 13 9 17 23 29 35 36 40 46 49 56 75 78 66 68 63 67 74 71 81 82 84 
18 17 9 13 9 17 23 29 35 36 40 46 49 56 75 72 73 77 68 63 67 74 71 81 82 84 
18 17 9 13 9 17 23 29 35 26 21 30 37 40 46 49 56 75 78 66 68 63 67 74 83 84 
18 17 9 13 9 17 23 29 35 26 21 30 37 40 46 50 52 55 58 60 62 67 74 71 81 82 84 
18 17 9 13 9 17 23 29 35 26 21 30 37 40 46 49 56 75 72 73 77 68 63 67 74 83 84 
---------------
Request id 14
75 56 49 46 50 52 50 46 49 56 49 46 40 41 33 20 15 
75 56 49 46 50 52 50 46 49 56 49 46 40 28 19 5 15 
75 56 49 46 50 52 50 46 49 56 49 46 40 43 33 20 15 
75 56 49 46 50 52 50 46 49 56 49 46 40 41 33 20 25 24 16 10 15 
75 56 49 46 50 52 50 46 49 56 49 46 40 43 33 20 25 24 16 10 15 
75 56 49 46 50 52 50 46 49 56 75 78 66 68 63 67 62 60 58 55 52 50 46 40 28 19 5 15 
75 56 49 46 50 52 50 46 49 56 75 78 66 68 63 67 62 60 58 55 52 50 46 40 43 33 20 15 
75 56 49 46 50 52 50 46 49 56 75 78 66 68 63 67 62 60 58 55 52 50 46 40 41 33 20 15 
75 56 49 46 50 52 50 46 49 56 75 72 73 77 68 63 67 62 60 58 55 52 50 46 40 41 33 20 15 
75 56 49 46 50 52 50 46 49 56 75 72 73 77 68 63 67 62 60 58 55 52 50 46 40 28 19 5 15 
---------------
Request id 29
7 12 17 9 13 9 17 12 17 18 27 
7 12 17 9 13 9 17 12 7 8 1 2 3 9 17 18 27 
7 12 17 9 13 9 17 12 7 8 1 2 3 0 4 6 11 14 22 31 32 13 9 17 18 27 
7 12 17 9 13 9 3 2 1 8 7 12 17 18 27 
7 12 17 9 13 9 3 2 1 8 7 12 7 8 1 2 3 9 17 18 27 
7 12 17 9 13 9 3 2 1 8 7 12 7 8 1 2 3 0 4 6 11 14 22 31 32 13 9 17 18 27 
7 12 17 9 13 32 31 22 14 11 6 4 0 3 9 17 12 17 18 27 
7 12 17 9 13 32 31 22 14 11 6 4 0 3 9 17 12 7 8 1 2 3 9 17 18 27 
7 12 17 9 13 32 31 22 14 11 6 4 0 3 9 17 12 7 8 1 2 3 0 4 6 11 14 22 31 32 13 9 17 18 27 
7 12 17 9 13 32 31 22 14 11 6 4 0 3 2 1 8 7 12 17 18 27 
---------------
Request id 11
42 49 46 40 36 40 43 40 28 40 46 50 52 55 58 60 62 67 74 83 85 87 90 
42 49 46 40 36 40 43 40 28 40 46 49 56 75 78 66 68 63 67 74 83 85 87 90 
42 49 46 40 36 40 43 40 28 40 46 49 56 75 72 73 77 68 63 67 74 83 85 87 90 
42 49 46 40 36 40 43 40 28 40 46 50 52 55 58 60 62 67 74 71 81 82 84 83 85 87 90 
42 49 46 40 36 40 43 40 28 40 46 50 52 55 58 60 62 67 74 83 85 101 102 98 94 87 90 
42 49 46 40 36 40 43 40 28 40 46 49 56 75 78 66 68 63 67 74 83 85 101 102 98 94 87 90 
42 49 46 40 36 40 43 40 28 40 46 49 56 75 78 66 68 63 67 74 71 81 82 84 83 85 87 90 
42 49 46 40 36 40 43 40 28 19 5 15 20 33 43 40 46 50 52 55 58 60 62 67 74 83 85 87 90 
42 49 46 40 36 40 43 40 28 19 5 15 20 33 41 40 46 50 52 55 58 60 62 67 74 83 85 87 90 
42 49 46 40 36 40 43 40 28 40 46 49 56 75 72 73 77 68 63 67 74 71 81 82 84 83 85 87 90 
---------------
Request id 6
74 71 81 80 69 79 76 70 86 79 69 80 81 71 74 67 62 60 58 55 52 50 46 40 36 35 29 23 17 9 13 9 17 23 29 35 36 40 46 50 52 55 58 60 62 67 74 83 
74 71 81 80 69 79 76 70 86 79 69 80 81 71 74 67 62 60 58 55 52 50 46 40 36 35 29 23 17 9 13 9 17 23 29 35 36 40 46 49 56 75 78 66 68 63 67 74 83 
74 71 81 80 69 79 76 70 86 79 69 80 81 71 74 67 62 60 58 55 52 50 46 40 36 35 29 23 17 9 13 9 17 23 29 35 36 40 46 49 56 75 72 73 77 68 63 67 74 83 
74 71 81 80 69 79 76 70 86 79 69 80 81 71 74 67 62 60 58 55 52 50 46 40 36 35 29 23 17 9 13 9 17 23 29 35 26 21 30 37 40 46 50 52 55 58 60 62 67 74 83 
74 71 81 80 69 79 76 70 86 79 69 80 81 71 74 67 62 60 58 55 52 50 46 40 36 35 29 23 17 9 13 9 17 23 29 35 26 21 30 37 40 46 49 56 75 78 66 68 63 67 74 83 
74 71 81 80 69 79 76 70 86 79 69 80 81 71 74 67 62 60 58 55 52 50 46 40 36 35 29 23 17 9 13 9 17 23 29 35 36 40 46 50 52 55 58 60 62 67 74 71 81 82 84 83 
74 71 81 80 69 79 76 70 86 79 69 80 81 71 74 67 62 60 58 55 52 50 46 40 36 35 29 23 17 9 13 9 17 23 29 35 36 40 46 49 56 75 78 66 68 63 67 74 71 81 82 84 83 
74 71 81 80 69 79 76 70 86 79 69 80 81 71 74 67 62 60 58 55 52 50 46 40 36 35 29 23 17 9 13 9 17 23 29 35 26 21 30 37 40 46 49 56 75 72 73 77 68 63 67 74 83 
74 71 81 80 69 79 76 70 86 79 69 80 81 71 74 67 62 60 58 55 52 50 46 40 36 35 29 23 17 9 13 9 3 2 1 8 7 12 17 23 29 35 36 40 46 50 52 55 58 60 62 67 74 83 
74 71 81 80 69 79 76 70 86 79 69 80 81 71 74 67 62 60 58 55 52 50 46 40 36 35 29 23 17 9 13 9 17 23 29 35 36 40 46 49 56 75 72 73 77 68 63 67 74 71 81 82 84 83 
---------------
Request id 18
2 3 9 13 9 17 12 17 23 29 38 29 35 36 40 46 50 52 55 58 60 62 67 74 83 85 87 94 100 
2 3 9 13 9 17 12 17 23 29 38 29 35 36 40 46 49 56 75 78 66 68 63 67 74 83 85 87 94 100 
2 3 9 13 9 17 12 17 23 29 38 29 35 36 40 46 50 52 55 58 60 62 67 74 83 85 101 102 98 94 100 
2 3 9 13 9 17 12 17 23 29 38 29 35 36 40 46 49 56 75 72 73 77 68 63 67 74 83 85 87 94 100 
2 3 9 13 9 17 12 17 23 29 38 29 35 26 21 30 37 40 46 50 52 55 58 60 62 67 74 83 85 87 94 100 
2 3 9 13 9 17 12 17 23 29 38 29 35 36 40 46 49 56 75 78 66 68 63 67 74 83 85 101 102 98 94 100 
2 3 9 13 9 17 12 17 23 29 38 29 35 36 40 46 50 52 55 58 60 62 67 74 71 81 82 84 83 85 87 94 100 
2 3 9 13 9 17 12 17 23 29 38 29 35 26 21 30 37 40 46 49 56 75 78 66 68 63 67 74 83 85 87 94 100 
2 3 9 13 9 17 12 17 23 29 38 29 35 36 40 46 49 56 75 72 73 77 68 63 67 74 83 85 101 102 98 94 100 
2 3 9 13 9 17 12 17 23 29 38 29 35 36 40 46 49 56 75 78 66 68 63 67 74 71 81 82 84 83 85 87 94 100 
---------------
Request id 13
35 29 23 17 12 17 9 13 9 17 23 29 35 36 40 46 49 56 75 91 
35 29 23 17 12 17 9 13 9 17 23 29 35 26 21 30 37 40 46 49 56 75 91 
35 29 23 17 12 17 9 13 9 3 2 1 8 7 12 17 23 29 35 36 40 46 49 56 75 91 
35 29 23 17 12 17 9 13 32 31 22 14 11 6 4 0 3 9 17 23 29 35 36 40 46 49 56 75 91 
35 29 23 17 12 17 9 13 9 3 2 1 8 7 12 17 23 29 35 26 21 30 37 40 46 49 56 75 91 
35 29 23 17 12 17 9 13 9 17 23 29 35 36 40 46 50 52 55 58 60 62 67 63 68 66 78 75 91 
35 29 23 17 12 17 9 13 9 17 23 29 35 36 40 46 50 52 55 58 60 62 67 63 68 77 73 72 75 91 
35 29 23 17 12 17 9 13 9 17 23 29 35 26 21 30 37 40 46 50 52 55 58 60 62 67 63 68 66 78 75 91 
35 29 23 17 12 17 9 13 32 31 22 14 11 6 4 0 3 9 17 23 29 35 26 21 30 37 40 46 49 56 75 91 
35 29 23 17 12 17 9 13 32 31 22 14 11 6 4 0 3 2 1 8 7 12 17 23 29 35 36 40 46 49 56 75 91 
---------------
Request id 28
81 71 74 83 85 101 102 98 102 101 85 83 84 82 81 80 69 64 59 57 54 53 48 34 45 65 62 60 58 55 52 50 46 40 36 35 29 23 17 18 
81 71 74 83 85 101 102 98 102 101 85 83 84 82 81 80 69 64 59 57 54 53 48 34 48 53 54 65 62 60 58 55 52 50 46 40 36 35 29 23 17 18 
81 71 74 83 85 101 102 98 102 101 85 83 84 82 81 80 69 64 59 57 54 53 48 34 45 65 62 60 58 55 52 50 46 40 37 30 21 26 35 29 23 17 18 
81 71 74 83 85 101 102 98 102 101 85 83 84 82 81 80 69 64 59 57 54 53 48 34 45 65 62 67 63 68 66 78 75 56 49 46 40 36 35 29 23 17 18 
81 71 74 83 85 101 102 98 102 101 85 83 84 82 81 80 69 64 59 57 54 53 48 34 45 65 62 67 63 68 77 73 72 75 56 49 46 40 36 35 29 23 17 18 
81 71 74 83 85 101 102 98 102 101 85 83 84 82 81 80 69 64 59 57 54 53 48 34 48 53 54 65 62 67 63 68 66 78 75 56 49 46 40 36 35 29 23 17 18 
81 71 74 83 85 101 102 98 102 101 85 83 84 82 81 80 69 64 59 57 54 53 48 34 48 53 54 65 62 60 58 55 52 50 46 40 37 30 21 26 35 29 23 17 18 
81 71 74 83 85 101 102 98 102 101 85 83 84 82 81 80 69 64 59 57 54 53 48 34 45 65 62 67 63 68 66 78 75 56 49 46 40 37 30 21 26 35 29 23 17 18 
81 71 74 83 85 101 102 98 102 101 85 83 84 82 81 80 69 64 59 57 54 53 48 34 48 53 54 65 62 67 63 68 77 73 72 75 56 49 46 40 36 35 29 23 17 18 
81 71 74 83 85 101 102 98 102 101 85 83 84 82 81 80 69 64 59 57 54 53 48 34 45 65 62 67 63 68 77 73 72 75 56 49 46 40 37 30 21 26 35 29 23 17 18 
---------------
Request id 16
100 94 87 85 83 74 67 62 60 58 55 58 60 62 67 62 60 58 55 52 50 46 40 36 35 29 23 
100 94 87 85 83 74 67 62 60 58 55 58 60 62 67 62 60 58 55 52 50 46 40 37 30 21 26 35 29 23 
100 94 87 85 83 74 67 62 60 58 55 58 60 62 67 62 60 58 55 52 55 58 60 62 67 63 68 66 78 75 56 49 46 40 36 35 29 23 
100 94 87 85 83 74 67 62 60 58 55 58 60 62 67 62 60 58 55 52 55 58 60 62 67 63 68 77 73 72 75 56 49 46 40 36 35 29 23 
100 94 87 85 83 74 67 62 60 58 55 58 60 62 67 62 60 58 55 52 55 58 60 62 67 63 68 66 78 75 56 49 46 40 37 30 21 26 35 29 23 
100 94 87 85 83 74 67 62 60 58 55 58 60 62 67 62 60 58 55 52 55 58 60 62 67 63 68 77 73 72 75 56 49 46 40 37 30 21 26 35 29 23 
100 94 87 85 83 74 67 62 60 58 55 58 60 62 67 62 60 58 55 52 55 58 60 62 65 54 57 59 64 69 80 81 71 74 67 63 68 66 78 75 56 49 46 40 36 35 29 23 
100 94 87 85 83 74 67 62 60 58 55 58 60 62 67 62 60 58 55 52 55 58 60 62 65 54 57 59 64 69 80 81 71 74 67 63 68 77 73 72 75 56 49 46 40 36 35 29 23 
100 94 87 85 83 74 67 62 60 58 55 58 60 62 67 62 60 58 55 52 55 58 60 62 65 54 57 59 64 69 80 81 82 84 83 74 67 63 68 66 78 75 56 49 46 40 36 35 29 23 
100 94 87 85 83 74 67 62 60 58 55 58 60 62 67 62 60 58 55 52 55 58 60 62 65 54 57 59 64 69 80 81 71 74 67 63 68 66 78 75 56 49 46 40 37 30 21 26 35 29 23 
---------------
Request id 30
65 62 60 58 55 52 50 46 49 56 49 46 40 46 50 52 55 58 60 62 65 54 57 59 64 69 79 86 93 92 
65 62 60 58 55 52 50 46 49 56 49 46 40 46 50 52 55 58 60 62 67 74 71 81 80 69 79 86 93 92 
65 62 60 58 55 52 50 46 49 56 49 46 40 46 49 56 75 78 66 68 63 67 74 71 81 80 69 79 86 93 92 
65 62 60 58 55 52 50 46 49 56 49 46 40 46 50 52 55 58 60 62 65 54 57 59 64 69 79 76 70 86 93 92 
65 62 60 58 55 52 50 46 49 56 49 46 40 46 50 52 55 58 60 62 67 74 83 84 82 81 80 69 79 86 93 92 
65 62 60 58 55 52 50 46 49 56 49 46 40 46 49 56 75 72 73 77 68 63 67 74 71 81 80 69 79 86 93 92 
65 62 60 58 55 52 50 46 49 56 49 46 40 46 50 52 55 58 60 62 67 74 71 81 80 69 79 76 70 86 93 92 
65 62 60 58 55 52 50 46 49 56 49 46 40 46 49 56 75 78 66 68 63 67 74 71 81 80 69 79 76 70 86 93 92 
65 62 60 58 55 52 50 46 49 56 49 46 40 46 49 56 75 78 66 68 63 67 74 83 84 82 81 80 69 79 86 93 92 
65 62 60 58 55 52 50 46 49 56 49 46 40 46 49 56 75 78 66 68 63 67 62 65 54 57 59 64 69 79 86 93 92 
---------------
Request id 15
42 49 46 40 36 35 29 23 17 9 13 9 17 23 29 38 29 35 26 
42 49 46 40 36 35 29 23 17 9 13 9 17 23 29 38 29 35 36 40 37 30 21 26 
42 49 46 40 36 35 29 23 17 9 13 9 3 2 1 8 7 12 17 23 29 38 29 35 26 
42 49 46 40 36 35 29 23 17 9 13 9 3 2 1 8 7 12 17 23 29 38 29 35 36 40 37 30 21 26 
42 49 46 40 36 35 29 23 17 9 13 32 31 22 14 11 6 4 0 3 9 17 23 29 38 29 35 26 
42 49 46 40 36 35 29 23 17 9 13 32 31 22 14 11 6 4 0 3 9 17 23 29 38 29 35 36 40 37 30 21 26 
42 49 46 40 36 35 29 23 17 9 13 32 31 22 14 11 6 4 0 3 2 1 8 7 12 17 23 29 38 29 35 26 
42 49 46 40 36 35 29 23 17 9 13 32 31 22 14 11 6 4 0 3 2 1 8 7 12 17 23 29 38 29 35 36 40 37 30 21 26 
42 49 46 40 37 30 21 26 35 29 23 17 9 13 9 17 23 29 38 29 35 26 
42 49 46 40 37 30 21 26 35 29 23 17 9 13 9 17 23 29 38 29 35 36 40 37 30 21 26 
---------------
Request id 9
60 62 65 45 65 54 57 59 64 69 80 81 71 74 67 63 68 
60 62 65 45 65 54 57 59 64 69 64 59 57 54 65 62 67 63 68 
60 62 65 45 65 54 57 59 64 69 80 81 82 84 83 74 67 63 68 
60 62 65 45 65 54 57 59 64 69 64 59 57 54 53 48 34 45 65 62 67 63 68 
60 62 65 45 65 54 57 59 64 69 80 81 71 74 67 62 60 58 55 52 50 46 49 56 75 78 66 68 
60 62 65 45 65 54 57 59 64 69 64 59 57 54 65 62 60 58 55 52 50 46 49 56 75 78 66 68 
60 62 65 45 65 54 57 59 64 69 80 81 71 74 67 62 60 58 55 52 50 46 49 56 75 72 73 77 68 
60 62 65 45 65 54 57 59 64 69 64 59 57 54 65 62 60 58 55 52 50 46 49 56 75 72 73 77 68 
60 62 65 45 65 54 57 59 64 69 80 81 82 84 83 74 67 62 60 58 55 52 50 46 49 56 75 78 66 68 
60 62 65 45 65 54 57 59 64 69 80 81 82 84 83 74 67 62 60 58 55 52 50 46 49 56 75 72 73 77 68 
---------------
Request id 26
16 24 25 20 33 43 40 37 
16 24 25 20 33 41 40 37 
16 24 25 20 15 5 19 28 40 37 
16 24 16 10 15 20 33 43 40 37 
16 24 16 10 15 20 33 41 40 37 
16 24 16 10 15 5 19 28 40 37 
16 24 25 20 33 43 40 36 35 26 21 30 37 
16 24 25 20 33 41 40 36 35 26 21 30 37 
16 24 16 10 15 20 33 43 40 36 35 26 21 30 37 
16 24 25 20 15 5 19 28 40 36 35 26 21 30 37 
---------------
Request id 7
14 22 31 22 14 11 6 4 0 3 9 13 9 3 0 4 6 
14 22 31 22 14 11 6 4 0 3 9 13 32 31 22 14 11 6 
14 22 31 22 14 11 6 4 0 3 9 13 9 17 12 7 8 1 2 3 0 4 6 
14 22 31 22 14 11 6 4 6 11 14 22 31 32 13 9 3 0 4 6 
14 22 31 22 14 11 6 4 6 11 14 22 31 32 13 32 31 22 14 11 6 
14 22 31 22 14 11 6 4 6 11 14 22 31 32 13 9 17 12 7 8 1 2 3 0 4 6 
14 22 31 22 14 11 6 4 0 3 2 1 8 7 12 17 9 13 9 3 0 4 6 
14 22 31 22 14 11 6 4 0 3 2 1 8 7 12 17 9 13 32 31 22 14 11 6 
14 22 31 22 14 11 6 4 0 3 2 1 8 7 12 17 9 13 9 17 12 7 8 1 2 3 0 4 6 
14 22 31 32 13 9 3 0 4 0 3 9 13 9 3 0 4 6 
---------------
Request id 12
72 73 77 68 63 67 74 83 85 101 103 
72 73 77 68 63 67 74 71 81 82 84 83 85 101 103 
72 73 77 68 63 67 74 83 85 87 94 98 102 101 103 
72 73 77 68 63 67 74 71 81 82 84 83 85 87 94 98 102 101 103 
72 73 77 68 63 67 62 65 54 57 59 64 69 80 81 82 84 83 85 101 103 
72 73 77 68 63 67 62 65 54 57 59 64 69 80 81 71 74 83 85 101 103 
72 73 77 68 63 67 62 65 54 57 59 64 69 80 81 71 74 83 85 87 94 98 102 101 103 
72 73 77 68 63 67 62 65 45 34 48 53 54 57 59 64 69 80 81 71 74 83 85 101 103 
72 73 77 68 63 67 62 65 54 57 59 64 69 80 81 82 84 83 85 87 94 98 102 101 103 
72 73 77 68 63 67 62 65 45 34 48 53 54 57 59 64 69 80 81 82 84 83 85 101 103 
---------------
Request id 19
10 15 20 33 43 40 36 35 29 23 17 9 3 0 4 6 11 
10 15 20 33 43 40 36 35 29 23 17 9 13 32 31 22 14 11 
10 15 20 33 43 40 36 35 29 23 17 12 7 8 1 2 3 0 4 6 11 
10 15 20 33 43 40 36 40 37 30 21 26 35 29 23 17 9 3 0 4 6 11 
10 15 20 33 43 40 36 40 37 30 21 26 35 29 23 17 9 13 32 31 22 14 11 
10 15 20 33 43 40 36 35 29 23 17 12 7 8 1 2 3 9 13 32 31 22 14 11 
10 15 20 33 43 40 36 40 37 30 21 26 35 29 23 17 12 7 8 1 2 3 0 4 6 11 
10 15 20 33 43 40 36 40 37 30 21 26 35 29 23 17 12 7 8 1 2 3 9 13 32 31 22 14 11 
10 15 5 19 28 40 36 35 29 23 17 9 3 0 4 6 11 
10 15 5 19 28 40 36 35 29 23 17 9 13 32 31 22 14 11 
---------------
Request id 25
0 3 9 17 12 17 23 29 35 36 40 46 50 52 55 58 60 62 67 74 71 
0 3 9 17 12 17 23 29 35 36 40 46 49 56 75 78 66 68 63 67 74 71 
0 3 9 17 12 17 23 29 35 36 40 46 49 56 75 72 73 77 68 63 67 74 71 
0 3 9 17 12 17 23 29 35 36 40 46 50 52 55 58 60 62 67 74 83 84 82 81 71 
0 3 9 17 12 17 23 29 35 36 40 46 49 56 75 78 66 68 63 67 74 83 84 82 81 71 
0 3 9 17 12 17 23 29 35 36 40 46 50 52 55 58 60 62 65 54 57 59 64 69 80 81 71 
0 3 9 17 12 17 23 29 35 36 40 46 49 56 75 72 73 77 68 63 67 74 83 84 82 81 71 
0 3 9 17 12 17 23 29 35 36 40 46 49 56 75 78 66 68 63 67 62 65 54 57 59 64 69 80 81 71 
0 3 9 17 12 17 23 29 35 36 40 46 50 52 55 58 60 62 65 54 57 59 64 69 80 81 82 84 83 74 71 
0 3 9 17 12 17 23 29 35 36 40 46 49 56 75 72 73 77 68 63 67 62 65 54 57 59 64 69 80 81 71 
---------------
Request id 22
101 85 83 74 67 62 60 58 55 52 50 46 40 43 40 36 35 29 23 17 9 13 32 
101 85 83 74 67 62 60 58 55 52 50 46 40 43 33 41 40 36 35 29 23 17 9 13 32 
101 85 83 74 67 62 60 58 55 52 50 46 40 43 40 37 30 21 26 35 29 23 17 9 13 32 
101 85 83 74 67 62 60 58 55 52 50 46 40 43 33 41 40 37 30 21 26 35 29 23 17 9 13 32 
101 85 83 74 67 62 60 58 55 52 50 46 40 43 33 20 15 5 19 28 40 36 35 29 23 17 9 13 32 
101 85 83 74 67 62 60 58 55 52 50 46 40 43 40 36 35 29 23 17 12 7 8 1 2 3 9 13 32 
101 85 83 74 67 62 60 58 55 52 50 46 40 43 40 36 35 29 23 17 9 3 0 4 6 11 14 22 31 32 
101 85 83 74 67 62 60 58 55 52 50 46 40 43 33 41 40 36 35 29 23 17 12 7 8 1 2 3 9 13 32 
101 85 83 74 67 62 60 58 55 52 50 46 40 43 33 41 40 36 35 29 23 17 9 3 0 4 6 11 14 22 31 32 
101 85 83 74 67 62 60 58 55 52 50 46 40 43 33 20 15 5 19 28 40 37 30 21 26 35 29 23 17 9 13 32 
---------------
Request id 20
50 46 50 52 55 58 60 
50 46 49 56 75 78 66 68 63 67 62 60 
50 46 49 56 75 72 73 77 68 63 67 62 60 
50 46 49 56 75 78 66 68 63 67 74 71 81 80 69 64 59 57 54 65 62 60 
50 46 49 56 75 72 73 77 68 63 67 74 71 81 80 69 64 59 57 54 65 62 60 
50 46 49 56 75 78 66 68 63 67 74 83 84 82 81 80 69 64 59 57 54 65 62 60 
50 46 49 56 75 72 73 77 68 63 67 74 83 84 82 81 80 69 64 59 57 54 65 62 60 
50 46 49 56 75 78 66 68 63 67 74 71 81 80 69 64 59 57 54 53 48 34 45 65 62 60 
50 46 49 56 75 72 73 77 68 63 67 74 71 81 80 69 64 59 57 54 53 48 34 45 65 62 60 
50 46 49 56 75 78 66 68 63 67 74 83 84 82 81 80 69 64 59 57 54 53 48 34 45 65 62 60 
---------------
Request id 1
27 18 17 9 13 9 17 23 29 35 36 40 46 50 52 50 46 40 36 35 29 23 17 9 3 0 4 6 
27 18 17 9 13 9 17 23 29 35 36 40 46 50 52 50 46 40 37 30 21 26 35 29 23 17 9 3 0 4 6 
27 18 17 9 13 9 17 23 29 35 36 40 46 50 52 50 46 40 36 35 29 23 17 9 13 32 31 22 14 11 6 
27 18 17 9 13 9 17 23 29 35 36 40 46 50 52 50 46 40 36 35 29 23 17 12 7 8 1 2 3 0 4 6 
27 18 17 9 13 9 17 23 29 35 36 40 46 50 52 50 46 40 37 30 21 26 35 29 23 17 9 13 32 31 22 14 11 6 
27 18 17 9 13 9 17 23 29 35 36 40 46 50 52 50 46 40 37 30 21 26 35 29 23 17 12 7 8 1 2 3 0 4 6 
27 18 17 9 13 9 17 23 29 35 36 40 46 50 52 50 46 40 36 35 29 23 17 12 7 8 1 2 3 9 13 32 31 22 14 11 6 
27 18 17 9 13 9 17 23 29 35 36 40 46 50 52 55 58 60 62 67 63 68 66 78 75 56 49 46 40 36 35 29 23 17 9 3 0 4 6 
27 18 17 9 13 9 17 23 29 35 36 40 46 50 52 50 46 40 37 30 21 26 35 29 23 17 12 7 8 1 2 3 9 13 32 31 22 14 11 6 
27 18 17 9 13 9 17 23 29 35 36 40 46 50 52 55 58 60 62 67 63 68 77 73 72 75 56 49 46 40 36 35 29 23 17 9 3 0 4 6 
---------------
Request id 17
33 43 40 46 50 52 50 46 40 46 50 52 55 58 60 62 67 74 71 81 80 69 79 86 
33 43 40 46 50 52 50 46 40 46 50 52 55 58 60 62 65 54 57 59 64 69 79 86 
33 43 40 46 50 52 50 46 40 46 49 56 75 78 66 68 63 67 74 71 81 80 69 79 86 
33 43 40 46 50 52 50 46 40 46 50 52 55 58 60 62 65 54 57 59 64 69 79 76 70 86 
33 43 40 46 50 52 50 46 40 46 50 52 55 58 60 62 67 74 71 81 80 69 79 76 70 86 
33 43 40 46 50 52 50 46 40 46 49 56 75 72 73 77 68 63 67 74 71 81 80 69 79 86 
33 43 40 46 50 52 50 46 40 46 50 52 55 58 60 62 67 74 83 84 82 81 80 69 79 86 
33 43 40 46 50 52 50 46 40 46 49 56 75 78 66 68 63 67 74 71 81 80 69 79 76 70 86 
33 43 40 46 50 52 50 46 40 46 49 56 75 78 66 68 63 67 74 83 84 82 81 80 69 79 86 
33 43 40 46 50 52 50 46 40 46 49 56 75 78 66 68 63 67 62 65 54 57 59 64 69 79 86 
---------------
Request id 21
83 84 82 81 80 69 64 59 57 54 65 62 60 58 55 52 50 46 40 36 35 29 23 17 9 3 
83 84 82 81 80 69 80 81 71 74 67 62 60 58 55 52 50 46 40 36 35 29 23 17 9 3 
83 84 82 81 80 69 80 81 71 74 67 63 68 66 78 75 56 49 46 40 36 35 29 23 17 9 3 
83 84 82 81 80 69 80 81 82 84 83 74 67 62 60 58 55 52 50 46 40 36 35 29 23 17 9 3 
83 84 82 81 80 69 80 81 71 74 67 63 68 77 73 72 75 56 49 46 40 36 35 29 23 17 9 3 
83 84 82 81 80 69 80 81 71 74 67 62 60 58 55 52 50 46 40 37 30 21 26 35 29 23 17 9 3 
83 84 82 81 80 69 80 81 82 84 83 74 67 63 68 66 78 75 56 49 46 40 36 35 29 23 17 9 3 
83 84 82 81 80 69 64 59 57 54 65 62 67 63 68 66 78 75 56 49 46 40 36 35 29 23 17 9 3 
83 84 82 81 80 69 64 59 57 54 65 62 60 58 55 52 50 46 40 37 30 21 26 35 29 23 17 9 3 
83 84 82 81 80 69 64 59 57 54 53 48 34 45 65 62 60 58 55 52 50 46 40 36 35 29 23 17 9 3 
---------------
Request id 8
97 99 100 94 87 85 83 74 67 63 68 77 73 72 75 56 75 78 66 68 63 67 62 65 54 57 
97 99 100 94 87 85 83 74 67 63 68 77 73 72 75 56 49 46 50 52 55 58 60 62 65 54 57 
97 99 100 94 87 85 83 74 67 63 68 77 73 72 75 56 75 72 73 77 68 63 67 62 65 54 57 
97 99 100 94 87 85 83 74 67 63 68 77 73 72 75 56 75 78 66 68 63 67 62 65 45 34 48 53 54 57 
97 99 100 94 87 85 83 74 67 63 68 77 73 72 75 56 75 78 66 68 63 67 74 71 81 80 69 64 59 57 
97 99 100 94 87 85 83 74 67 63 68 77 73 72 75 56 49 46 50 52 55 58 60 62 65 45 34 48 53 54 57 
97 99 100 94 87 85 83 74 67 63 68 77 73 72 75 56 75 72 73 77 68 63 67 74 71 81 80 69 64 59 57 
97 99 100 94 87 85 83 74 67 63 68 77 73 72 75 56 75 72 73 77 68 63 67 62 65 45 34 48 53 54 57 
97 99 100 94 87 85 83 74 67 63 68 77 73 72 75 56 75 78 66 68 63 67 74 83 84 82 81 80 69 64 59 57 
97 99 100 94 87 85 83 74 67 63 68 77 73 72 75 56 49 46 50 52 55 58 60 62 67 74 71 81 80 69 64 59 57 
---------------
Request id 27
30 37 40 46 50 52 50 46 40 43 40 46 50 52 55 58 60 62 65 54 57 59 64 69 79 76 
30 37 40 46 50 52 50 46 40 43 40 46 50 52 55 58 60 62 67 74 71 81 80 69 79 76 
30 37 40 46 50 52 50 46 40 43 40 46 49 56 75 78 66 68 63 67 74 71 81 80 69 79 76 
30 37 40 46 50 52 50 46 40 43 33 41 40 46 50 52 55 58 60 62 65 54 57 59 64 69 79 76 
30 37 40 46 50 52 50 46 40 43 40 46 50 52 55 58 60 62 67 74 71 81 80 69 79 86 70 76 
30 37 40 46 50 52 50 46 40 43 40 46 49 56 75 72 73 77 68 63 67 74 71 81 80 69 79 76 
30 37 40 46 50 52 50 46 40 43 33 41 40 46 50 52 55 58 60 62 67 74 71 81 80 69 79 76 
30 37 40 46 50 52 50 46 40 43 40 46 50 52 55 58 60 62 67 74 83 84 82 81 80 69 79 76 
30 37 40 46 50 52 50 46 40 43 40 46 50 52 55 58 60 62 65 54 57 59 64 69 79 86 70 76 
30 37 40 46 50 52 50 46 40 43 40 46 49 56 75 78 66 68 63 67 62 65 54 57 59 64 69 79 76 
---------------
Request id 3
27 18 17 23 29 35 36 40 46 40 43 40 46 50 52 55 58 60 62 67 74 83 85 87 94 100 99 97 
27 18 17 23 29 35 36 40 46 40 43 40 46 49 56 75 78 66 68 63 67 74 83 85 87 94 100 99 97 
27 18 17 23 29 35 36 40 46 40 43 40 46 50 52 55 58 60 62 67 74 83 85 101 102 98 94 100 99 97 
27 18 17 23 29 35 36 40 46 40 43 33 41 40 46 50 52 55 58 60 62 67 74 83 85 87 94 100 99 97 
27 18 17 23 29 35 36 40 46 40 43 40 46 49 56 75 72 73 77 68 63 67 74 83 85 87 94 100 99 97 
27 18 17 23 29 35 36 40 46 40 43 40 46 49 56 75 78 66 68 63 67 74 83 85 101 102 98 94 100 99 97 
27 18 17 23 29 35 36 40 46 40 43 33 41 40 46 49 56 75 78 66 68 63 67 74 83 85 87 94 100 99 97 
27 18 17 23 29 35 36 40 46 40 43 40 46 50 52 55 58 60 62 67 74 71 81 82 84 83 85 87 94 100 99 97 
27 18 17 23 29 35 36 40 46 40 43 33 41 40 46 50 52 55 58 60 62 67 74 83 85 101 102 98 94 100 99 97 
27 18 17 23 29 35 36 40 46 40 43 33 41 40 46 49 56 75 72 73 77 68 63 67 74 83 85 87 94 100 99 97 
---------------
Request id 23
102 101 85 83 74 67 62 60 58 55 52 50 46 50 52 55 58 60 62 67 74 83 85 87 94 100 99 97 96 95 
102 101 85 83 74 67 62 60 58 55 52 50 46 49 56 75 78 66 68 63 67 74 83 85 87 94 100 99 97 96 95 
102 101 85 83 74 67 62 60 58 55 52 50 46 50 52 55 58 60 62 67 74 83 85 101 102 98 94 100 99 97 96 95 
102 101 85 83 74 67 62 60 58 55 52 50 46 49 56 75 72 73 77 68 63 67 74 83 85 87 94 100 99 97 96 95 
102 101 85 83 74 67 62 60 58 55 52 50 46 49 56 75 78 66 68 63 67 74 83 85 101 102 98 94 100 99 97 96 95 
102 101 85 83 74 67 62 60 58 55 52 50 46 50 52 55 58 60 62 67 74 71 81 82 84 83 85 87 94 100 99 97 96 95 
102 101 85 83 74 67 62 60 58 55 52 50 46 49 56 75 72 73 77 68 63 67 74 83 85 101 102 98 94 100 99 97 96 95 
102 101 85 83 74 67 62 60 58 55 52 50 46 49 56 75 78 66 68 63 67 74 71 81 82 84 83 85 87 94 100 99 97 96 95 
102 101 85 83 74 67 62 60 58 55 52 50 46 50 52 55 58 60 62 67 74 71 81 82 84 83 85 101 102 98 94 100 99 97 96 95 
102 101 85 83 74 67 62 60 58 55 52 50 46 49 56 75 72 73 77 68 63 67 74 71 81 82 84 83 85 87 94 100 99 97 96 95 
---------------
Request id 2
35 29 23 17 9 13 9 17 9 13 9 17 23 29 35 36 40 46 50 52 55 58 60 62 65 54 53 
35 29 23 17 9 13 9 17 9 13 9 17 23 29 35 36 40 46 50 52 55 58 60 62 65 45 34 48 53 
35 29 23 17 9 13 9 17 9 13 9 17 23 29 35 36 40 46 49 56 75 78 66 68 63 67 62 65 54 53 
35 29 23 17 9 13 9 17 9 13 9 17 23 29 35 26 21 30 37 40 46 50 52 55 58 60 62 65 54 53 
35 29 23 17 9 13 9 17 9 13 9 17 23 29 35 36 40 46 49 56 75 72 73 77 68 63 67 62 65 54 53 
35 29 23 17 9 13 9 17 9 13 9 17 23 29 35 26 21 30 37 40 46 50 52 55 58 60 62 65 45 34 48 53 
35 29 23 17 9 13 9 17 9 13 9 17 23 29 35 36 40 46 49 56 75 78 66 68 63 67 62 65 45 34 48 53 
35 29 23 17 9 13 9 17 9 13 9 3 2 1 8 7 12 17 23 29 35 36 40 46 50 52 55 58 60 62 65 54 53 
35 29 23 17 9 13 9 17 9 13 9 17 23 29 35 26 21 30 37 40 46 49 56 75 78 66 68 63 67 62 65 54 53 
35 29 23 17 9 13 9 17 9 13 9 17 23 29 35 36 40 46 49 56 75 72 73 77 68 63 67 62 65 45 34 48 53 
---------------
Request id 24
91 75 56 49 46 40 37 30 21 
91 75 56 49 46 40 36 35 26 21 
91 75 78 66 68 63 67 62 60 58 55 52 50 46 40 37 30 21 
91 75 78 66 68 63 67 62 60 58 55 52 50 46 40 36 35 26 21 
91 75 72 73 77 68 63 67 62 60 58 55 52 50 46 40 37 30 21 
91 75 72 73 77 68 63 67 62 60 58 55 52 50 46 40 36 35 26 21 
91 75 78 66 68 63 67 74 71 81 80 69 64 59 57 54 65 62 60 58 55 52 50 46 40 37 30 21 
91 75 78 66 68 63 67 74 71 81 80 69 64 59 57 54 65 62 60 58 55 52 50 46 40 36 35 26 21 
91 75 72 73 77 68 63 67 74 71 81 80 69 64 59 57 54 65 62 60 58 55 52 50 46 40 37 30 21 
91 75 72 73 77 68 63 67 74 71 81 80 69 64 59 57 54 65 62 60 58 55 52 50 46 40 36 35 26 21 
---------------
