Request id 12
8 9 5 2 0 7 6 7 8 11 12 5 4 
8 11 12 5 4 6 7 8 11 10 3 4 
8 11 12 5 4 6 7 0 2 5 4 
8 11 10 3 4 6 7 8 13 12 5 4 
8 11 12 5 4 6 7 8 11 12 5 4 
8 7 0 1 3 4 6 7 0 2 5 4 
8 7 6 7 0 2 1 3 4 
8 7 0 1 3 4 6 7 8 11 10 3 4 
8 13 12 5 4 6 7 8 9 5 4 
8 7 0 2 5 4 6 7 8 11 10 3 4 
8 9 5 2 0 7 6 7 8 11 10 3 4 
8 13 10 11 12 5 4 6 7 0 1 3 4 
8 7 0 2 5 4 6 7 8 13 10 3 4 
8 9 5 2 0 7 6 7 0 1 3 4 
8 11 12 5 4 6 4 
8 9 5 4 6 7 0 1 2 5 4 
8 9 5 2 0 7 6 7 8 13 10 3 4 
8 13 10 11 12 5 4 6 7 0 2 5 4 
8 9 5 2 0 7 6 7 8 9 5 4 
8 7 0 2 5 4 6 7 8 9 5 4 
---------------
Request id 30
9 5 4 6 7 0 2 0 7 8 11 10 13 12 5 2 1 3 10 13 12 11 8 
9 8 7 6 4 5 2 5 12 11 8 13 8 7 6 4 3 10 3 4 5 9 8 
9 5 4 6 7 0 2 5 4 3 10 13 10 13 12 5 9 8 
9 5 4 3 1 0 2 5 4 3 10 13 12 5 9 8 11 10 13 8 
9 5 4 3 1 2 5 12 13 12 11 10 13 8 
9 8 7 6 4 5 2 0 1 3 10 13 12 5 4 3 10 13 12 11 8 
9 8 7 6 4 5 2 5 12 11 10 13 8 11 10 3 1 0 7 8 
9 8 13 12 5 2 5 12 11 10 13 12 5 4 3 10 13 12 11 8 
9 8 7 6 4 5 2 5 12 11 8 13 8 11 10 3 4 6 7 8 
9 8 7 0 1 2 0 1 3 10 13 8 7 0 1 3 10 13 12 11 8 
9 5 4 6 7 0 2 0 1 3 10 13 8 9 5 4 3 10 3 4 6 7 8 
9 8 13 12 5 2 5 12 13 10 3 4 5 9 8 
9 5 4 3 1 2 5 12 11 10 13 8 7 6 4 3 10 3 4 5 12 13 8 
9 5 4 3 1 0 2 5 12 13 8 11 10 3 1 0 7 8 
9 8 7 0 1 2 1 0 7 8 13 8 7 6 4 3 10 11 12 5 9 8 
9 8 13 10 3 1 2 5 12 11 8 13 8 9 5 12 11 10 13 12 11 8 
9 5 4 3 1 2 1 0 7 8 13 8 7 0 1 3 10 13 8 
9 8 7 0 1 2 5 12 11 8 13 8 7 0 1 3 10 11 12 13 8 
9 5 4 6 7 0 2 5 9 8 13 10 11 12 13 8 
9 5 2 1 0 7 8 13 12 11 10 3 1 0 7 8 
---------------
Request id 2
7 0 2 1 3 10 13 10 11 8 9 5 
7 8 11 10 13 8 7 0 2 5 
7 0 2 5 9 8 13 10 11 12 5 
7 0 2 1 3 10 13 10 3 1 2 5 
7 8 13 8 7 6 4 5 
7 8 11 10 13 8 9 5 
7 8 9 5 12 13 10 3 4 5 
7 8 11 12 13 8 7 0 2 5 
7 8 11 10 13 8 11 12 5 
7 8 11 10 13 10 3 4 5 
7 0 2 5 9 8 13 10 11 8 9 5 
7 8 13 10 11 8 9 5 
7 0 2 1 3 10 13 8 7 6 4 5 
7 0 2 5 9 8 13 8 7 6 4 5 
7 8 11 10 13 10 11 12 5 
7 0 2 1 3 10 13 8 11 12 5 
7 8 9 5 12 13 12 5 
7 6 4 5 12 13 10 11 8 9 5 
7 0 2 5 12 13 8 11 12 5 
7 8 11 12 13 10 11 12 5 
---------------
Request id 19
12 13 8 11 10 13 12 11 8 7 6 7 8 13 10 11 12 5 4 3 
12 5 2 0 1 3 10 3 1 2 5 4 6 4 5 9 8 13 8 11 10 3 
12 11 10 11 8 7 6 7 8 11 12 13 8 7 0 1 3 
12 13 8 11 10 11 8 9 5 4 6 4 5 12 11 10 13 8 7 0 1 3 
12 11 8 13 10 11 8 7 6 7 0 1 3 10 13 8 9 5 4 3 
12 5 4 6 7 8 11 10 11 12 5 4 6 7 8 9 5 12 13 8 11 10 3 
12 11 8 13 10 3 1 2 5 4 6 7 8 13 10 11 12 5 4 3 
12 5 4 6 7 8 11 10 11 8 7 6 7 0 1 3 10 13 8 7 0 1 3 
12 13 10 3 1 0 7 6 7 0 1 3 10 13 10 11 12 5 4 3 
12 5 2 0 1 3 10 13 12 5 4 6 4 5 12 13 10 11 12 5 4 3 
12 13 8 11 10 13 12 11 8 7 6 4 5 12 11 10 13 8 7 0 1 3 
12 5 4 6 7 8 11 10 13 8 9 5 4 6 7 8 11 12 13 10 3 
12 11 10 3 1 2 5 4 6 4 5 12 11 10 13 8 11 10 3 
12 11 10 13 12 5 4 6 7 8 13 12 5 2 1 3 
12 11 8 13 10 13 12 5 4 6 7 0 1 3 10 13 12 11 10 3 
12 5 4 6 7 8 11 10 13 8 7 6 4 5 12 11 10 13 10 11 12 5 4 3 
12 11 8 13 10 3 1 0 7 6 4 5 9 8 13 8 7 6 4 3 
12 5 9 8 13 10 13 12 11 8 7 6 7 8 9 5 12 13 12 5 2 1 3 
12 5 2 1 3 10 3 4 6 7 0 1 3 10 13 12 5 4 3 
12 11 10 13 12 11 8 7 6 7 8 11 10 13 10 11 12 5 4 3 
---------------
Request id 4
11 8 7 0 1 2 5 12 13 8 7 6 4 5 2 1 3 
11 8 13 12 5 2 5 9 8 7 6 7 0 2 5 4 3 
11 10 13 12 5 2 5 4 6 7 8 11 10 3 
11 10 13 12 5 2 5 9 8 7 6 7 8 11 10 3 
11 10 3 4 5 2 1 3 4 6 4 5 2 0 1 3 
11 8 13 12 5 2 0 7 8 9 5 4 6 7 0 1 3 
11 8 13 12 5 2 5 4 3 1 0 7 6 7 8 13 10 3 
11 8 9 5 2 1 0 7 6 7 0 2 1 3 
11 10 3 1 0 2 5 12 11 8 7 6 4 5 2 0 1 3 
11 8 7 0 1 2 1 3 4 6 4 5 12 11 10 3 
11 10 13 12 5 2 5 12 11 8 7 6 7 0 2 5 4 3 
11 12 13 8 9 5 2 5 9 8 7 6 7 8 9 5 4 3 
11 10 3 1 0 2 0 7 8 9 5 4 6 7 0 2 1 3 
11 12 5 2 5 12 11 8 7 6 4 3 
11 8 9 5 2 5 4 6 7 8 11 10 3 
11 12 13 8 9 5 2 0 1 3 4 6 7 0 2 5 4 3 
11 10 3 4 5 2 1 0 7 6 7 0 2 1 3 
11 8 13 12 5 2 0 7 8 9 5 4 6 7 8 11 10 3 
11 10 3 1 0 2 0 7 6 7 0 2 5 4 3 
11 12 13 8 9 5 2 1 3 4 6 7 8 9 5 4 3 
---------------
Request id 6
1 0 7 8 13 12 5 2 0 7 8 11 10 3 4 5 2 0 7 
1 3 10 11 8 9 5 2 5 9 8 11 10 11 8 7 
1 3 10 11 12 5 2 5 12 13 10 3 4 5 2 0 7 
1 3 4 6 7 0 2 5 4 3 10 3 4 5 2 0 7 
1 0 7 6 4 5 2 5 9 8 11 10 3 4 5 9 8 7 
1 3 10 11 12 5 2 0 7 8 11 10 13 8 7 
1 3 4 6 7 0 2 5 4 3 10 13 8 7 
1 3 10 11 8 9 5 2 5 9 8 11 10 3 1 0 7 
1 3 10 11 12 5 2 5 4 3 10 3 1 0 7 
1 0 7 8 9 5 2 5 12 13 10 3 1 2 0 7 
1 0 2 5 12 11 10 11 8 7 
1 0 7 6 4 5 2 5 12 11 10 13 8 7 
1 2 5 12 13 10 3 4 6 7 
1 3 10 13 12 5 2 5 9 8 11 10 11 8 7 
1 3 10 11 8 9 5 2 5 12 13 10 3 4 5 9 8 7 
1 0 2 5 12 11 8 13 10 13 8 7 
1 0 7 8 13 12 5 2 0 7 8 11 10 13 12 5 4 6 7 
1 3 4 5 2 5 9 8 11 10 11 12 13 8 7 
1 2 5 12 11 10 3 1 2 0 7 
1 0 7 8 13 12 5 2 5 9 8 13 10 13 12 11 8 7 
---------------
Request id 15
5 4 3 10 13 12 5 9 8 11 10 13 12 
5 12 13 8 9 5 12 11 10 3 4 5 12 
5 9 8 11 10 13 10 3 1 0 2 5 12 
5 9 8 11 10 13 8 7 6 4 3 10 11 12 
5 12 11 10 13 8 11 10 13 8 11 12 
5 2 0 7 8 13 12 11 10 11 8 13 12 
5 4 6 7 8 13 8 11 10 11 12 
5 2 1 3 10 13 12 11 10 13 8 11 12 
5 9 8 11 10 13 12 5 2 1 3 10 3 4 5 12 
5 9 8 11 12 13 8 7 6 4 3 10 3 1 0 2 5 12 
5 12 13 12 5 4 3 10 11 8 9 5 12 
5 12 13 8 7 6 4 3 10 13 12 
5 12 13 12 11 10 13 8 9 5 12 
5 9 8 11 12 13 8 7 0 1 3 10 11 8 9 5 12 
5 4 6 7 8 13 12 5 9 8 11 10 13 12 
5 2 1 3 10 13 12 5 9 8 11 10 3 1 0 2 5 12 
5 9 8 13 12 5 2 1 3 10 11 8 9 5 12 
5 9 8 11 10 13 12 5 9 8 11 10 3 4 5 9 8 11 12 
5 12 11 10 13 12 5 4 3 10 11 8 9 5 12 
5 2 0 7 8 13 12 11 10 3 4 5 9 8 11 12 
---------------
Request id 25
1 3 10 11 8 13 8 9 5 2 1 3 10 3 
1 3 10 11 12 13 12 5 2 5 12 11 10 13 8 7 6 4 3 
1 0 7 8 13 10 3 4 5 2 5 12 13 8 11 10 3 
1 2 0 7 8 13 8 7 0 2 5 9 8 11 10 13 12 5 4 3 
1 3 4 5 12 13 8 11 12 5 2 5 12 13 8 11 10 11 8 9 5 4 3 
1 0 7 8 13 10 3 1 0 2 5 12 11 10 13 8 7 6 4 3 
1 3 10 13 12 5 2 0 7 8 11 10 11 8 7 6 4 3 
1 3 10 11 8 13 8 7 0 2 5 12 13 8 11 10 13 8 7 6 4 3 
1 3 10 11 12 13 8 7 6 4 5 2 5 9 8 11 10 11 8 7 6 4 3 
1 3 10 11 12 13 8 7 0 1 2 5 9 8 13 10 13 12 5 2 1 3 
1 3 10 11 8 13 10 3 1 2 5 9 8 11 10 11 8 7 6 4 3 
1 2 5 12 13 10 11 12 5 2 5 12 13 8 11 10 11 12 5 4 3 
1 3 10 11 8 13 12 5 2 5 12 13 10 13 12 5 2 1 3 
1 3 4 5 12 13 8 7 6 4 5 2 5 4 3 10 3 
1 2 5 12 13 10 11 12 5 2 5 12 13 8 11 10 11 8 7 0 1 3 
1 2 5 12 11 8 13 8 7 6 4 5 2 5 9 8 11 10 3 
1 0 7 8 13 8 7 0 2 0 7 8 11 10 3 
1 3 10 13 10 11 12 5 2 5 12 13 8 11 10 13 8 7 6 4 3 
1 0 2 5 12 13 10 11 12 5 2 0 7 8 11 10 13 8 7 6 4 3 
1 2 5 12 11 8 13 10 3 1 0 2 5 12 11 10 11 8 9 5 4 3 
---------------
Request id 14
3 4 5 12 11 8 13 12 5 2 1 3 10 3 4 5 12 
3 4 5 12 11 8 13 8 9 5 4 3 10 13 8 11 12 
3 4 5 9 8 13 8 7 0 1 3 10 3 1 2 5 12 
3 10 11 8 13 12 11 10 3 1 2 5 12 
3 10 13 8 9 5 4 3 10 13 12 
3 1 2 5 9 8 13 8 9 5 12 11 10 3 1 0 2 5 12 
3 10 11 12 13 8 9 5 12 11 10 11 8 9 5 12 
3 1 2 5 9 8 13 8 9 5 12 11 10 3 1 2 5 12 
3 10 11 8 13 8 7 0 1 3 10 13 8 9 5 12 
3 4 5 12 13 12 5 4 3 10 3 1 0 2 5 12 
3 1 0 7 8 13 12 5 9 8 11 10 3 4 5 9 8 13 12 
3 4 5 12 13 8 9 5 12 11 10 3 4 5 9 8 13 12 
3 10 11 12 13 8 11 10 3 1 2 5 12 
3 4 5 12 13 10 11 8 9 5 12 
3 10 11 8 13 12 5 9 8 11 10 3 1 2 5 12 
3 4 5 9 8 13 12 11 10 3 4 5 9 8 13 12 
3 10 11 12 13 8 9 5 4 3 10 3 1 0 2 5 12 
3 10 13 12 5 9 8 11 10 3 1 0 2 5 12 
3 10 11 8 13 8 7 0 1 3 10 3 1 2 5 12 
3 4 5 12 13 8 9 5 12 11 10 13 12 
---------------
Request id 13
8 11 12 5 4 3 10 11 12 5 4 6 7 0 1 3 10 3 4 5 12 11 
8 7 6 4 3 10 11 8 7 6 7 0 1 3 10 13 8 9 5 12 11 
8 9 5 12 13 10 3 4 6 7 0 1 3 10 3 1 2 5 12 11 
8 7 6 4 3 10 13 8 7 6 7 8 13 10 13 8 11 
8 7 6 4 3 10 13 12 5 4 6 7 0 2 1 3 10 3 1 0 7 8 11 
8 11 10 11 8 7 6 7 8 11 10 13 12 5 9 8 11 
8 7 6 4 3 10 3 1 2 0 7 6 7 8 13 12 11 10 3 4 5 12 11 
8 13 12 11 10 11 8 9 5 4 6 4 5 12 11 10 3 4 6 7 8 11 
8 11 12 13 10 11 12 13 8 7 6 7 8 13 10 11 
8 11 10 11 8 7 6 4 5 12 13 10 13 12 5 9 8 11 
8 7 0 1 3 10 11 12 13 8 7 6 4 3 10 13 12 11 
8 13 12 11 10 11 12 13 8 7 6 4 5 12 13 10 11 
8 11 12 13 10 13 8 9 5 4 6 4 5 2 1 3 10 3 4 5 9 8 11 
8 11 10 3 1 2 0 7 6 7 0 2 1 3 10 3 4 6 7 8 11 
8 7 6 4 3 10 11 12 5 4 6 7 8 11 10 11 
8 9 5 4 3 10 11 12 13 8 7 6 4 5 12 13 10 13 8 11 
8 13 10 3 4 6 7 0 2 1 3 10 11 
8 11 10 11 12 13 8 7 6 4 5 12 11 10 13 8 9 5 12 11 
8 13 12 11 10 13 8 9 5 4 6 4 5 12 11 10 13 12 5 9 8 11 
8 9 5 4 3 10 13 8 7 6 7 0 1 3 10 13 8 11 
---------------
Request id 17
5 4 6 7 0 1 2 0 7 8 13 12 5 9 8 7 
5 9 8 7 0 1 2 5 4 3 10 13 10 3 4 6 7 
5 9 8 7 0 2 1 3 10 11 12 13 12 5 4 6 7 
5 9 8 7 0 1 2 0 1 3 10 13 8 9 5 4 6 7 
5 4 6 7 0 2 5 12 11 10 13 8 7 
5 9 8 7 0 1 2 5 12 11 10 13 12 5 4 6 7 
5 2 1 3 10 13 12 5 2 0 7 
5 4 6 7 0 1 2 5 12 11 8 13 8 7 
5 4 6 7 0 2 5 9 8 13 12 5 9 8 7 
5 12 13 10 3 1 2 1 0 7 8 13 12 5 2 0 7 
5 12 11 8 7 0 2 1 0 7 8 13 12 5 4 6 7 
5 4 3 1 0 2 1 0 7 8 13 12 5 4 6 7 
5 4 6 7 0 1 2 5 9 8 13 12 5 4 6 7 
5 4 6 7 0 2 5 12 13 10 11 8 7 
5 4 6 7 0 1 2 5 12 11 8 13 10 3 1 0 7 
5 12 11 8 7 0 2 5 12 11 10 13 10 3 1 2 0 7 
5 4 6 7 0 1 2 1 3 10 13 10 3 1 2 0 7 
5 4 6 7 0 2 5 4 3 10 13 12 11 8 7 
5 4 3 1 2 5 9 8 13 10 3 1 2 0 7 
5 12 11 8 7 0 2 1 0 7 8 13 10 3 1 0 7 
---------------
Request id 7
5 9 8 11 12 13 13 8 11 10 3 
5 4 3 10 13 13 12 11 10 3 
5 2 1 3 10 13 13 12 11 10 3 
5 12 11 8 13 13 8 7 0 1 3 
5 2 0 7 8 13 13 8 7 6 4 3 
5 9 8 11 12 13 13 10 3 
5 12 13 13 10 3 
5 2 0 7 8 13 13 12 5 2 1 3 
5 9 8 11 10 13 13 8 11 10 3 
5 12 11 10 13 13 12 11 10 3 
5 2 0 7 8 13 13 12 5 4 3 
5 2 1 3 10 13 13 8 7 0 1 3 
5 4 3 10 13 13 10 11 12 5 4 3 
5 9 8 11 10 13 13 10 11 12 5 4 3 
5 9 8 13 13 8 7 6 4 3 
5 2 1 3 10 13 13 8 9 5 4 3 
5 9 8 13 13 8 7 0 1 3 
5 2 1 3 10 13 13 10 3 
5 9 8 11 12 13 13 8 7 0 2 1 3 
5 9 8 11 12 13 13 8 7 0 1 3 
---------------
Request id 22
11 8 9 5 2 5 9 8 7 6 4 5 12 11 8 
11 8 7 0 1 2 0 7 6 4 5 12 11 8 
11 12 5 2 5 4 3 1 0 7 6 4 3 10 13 8 
11 10 13 12 5 2 1 3 4 6 4 5 12 13 8 
11 12 13 8 9 5 2 5 12 13 8 7 6 7 0 2 5 12 11 8 
11 8 7 0 2 5 4 3 1 0 7 6 7 8 
11 12 13 8 9 5 2 1 0 7 6 4 3 1 0 7 8 
11 8 13 12 5 2 5 12 11 8 7 6 4 5 12 11 8 
11 8 9 5 2 1 0 7 6 7 8 
11 10 3 4 5 2 1 0 7 6 4 5 2 0 7 8 
11 10 13 12 5 2 5 4 3 1 0 7 6 4 5 9 8 
11 8 7 0 1 2 1 3 4 6 4 5 2 0 7 8 
11 12 13 8 9 5 2 1 3 4 6 4 3 10 13 8 
11 8 13 12 5 2 1 0 7 6 4 3 10 13 8 
11 10 3 1 2 1 3 4 6 7 0 2 5 12 11 8 
11 10 3 1 2 0 7 8 9 5 4 6 4 3 10 11 8 
11 8 7 0 2 5 4 3 1 0 7 6 7 0 2 5 12 11 8 
11 8 7 0 1 2 5 12 11 8 7 6 4 5 12 11 8 
11 8 9 5 2 0 1 3 4 6 4 3 10 11 8 
11 8 13 12 5 2 5 12 11 8 7 6 4 5 9 8 
---------------
Request id 11
5 9 8 11 10 13 13 8 7 0 2 0 7 8 9 5 4 
5 4 6 7 8 13 13 12 5 2 5 12 13 10 3 4 
5 4 3 10 13 13 8 11 12 5 2 0 7 8 11 10 3 4 
5 2 1 3 10 13 13 8 7 0 2 1 3 4 
5 2 0 7 8 13 13 8 7 0 2 5 9 8 7 6 4 
5 12 11 8 13 13 8 9 5 2 1 0 7 6 4 
5 12 11 8 13 13 10 3 1 0 2 5 4 
5 12 11 8 13 13 12 5 2 0 1 3 4 
5 9 8 11 10 13 13 10 3 4 5 2 1 3 4 
5 2 1 3 10 13 13 8 11 12 5 2 5 12 11 10 3 4 
5 9 8 11 10 13 13 12 5 2 0 1 3 4 
5 4 6 7 8 13 13 10 3 4 5 2 0 7 8 11 10 3 4 
5 9 8 11 10 13 13 10 3 1 2 0 7 6 4 
5 2 1 3 10 13 13 12 5 2 5 4 
5 12 11 8 13 13 12 5 2 5 12 13 10 3 4 
5 12 13 13 12 5 2 5 12 11 10 3 4 
5 9 8 11 10 13 13 10 3 1 0 2 5 12 13 10 3 4 
5 2 0 7 8 13 13 8 7 6 4 5 2 1 3 4 
5 4 6 7 8 13 13 12 5 2 0 1 3 4 
5 2 1 3 10 13 13 8 7 6 4 5 2 5 4 
---------------
Request id 24
3 10 13 12 5 2 5 12 11 10 3 1 
3 1 0 2 5 9 8 7 0 1 
3 4 5 2 1 
3 10 13 12 5 2 0 7 6 4 3 1 
3 10 11 8 9 5 2 1 
3 4 6 7 0 1 2 1 
3 4 6 7 0 1 2 5 12 11 10 3 1 
3 10 11 8 9 5 2 0 7 8 11 10 3 1 
3 4 6 7 0 1 2 0 7 6 4 3 1 
3 1 2 5 4 6 7 0 1 
3 4 5 2 5 12 11 10 3 1 
3 1 0 2 1 
3 1 2 5 12 13 10 3 1 
3 4 5 2 5 12 13 10 3 1 
3 4 6 7 0 1 2 5 12 13 10 3 1 
3 10 11 12 5 2 5 9 8 7 0 1 
3 10 11 8 9 5 2 5 9 8 11 10 3 1 
3 1 0 2 0 7 6 4 3 1 
3 1 2 5 12 11 10 3 1 
3 10 13 8 7 0 2 5 12 13 10 3 1 
---------------
Request id 3
4 5 9 8 7 6 4 5 9 8 13 8 11 10 11 8 
4 5 12 13 8 7 6 4 3 10 13 12 11 10 3 4 5 9 8 
4 5 9 8 7 6 4 3 10 13 8 7 6 4 3 10 13 12 5 9 8 
4 5 12 11 8 7 6 7 8 11 12 13 12 5 4 3 10 3 1 0 7 8 
4 5 12 11 8 7 6 4 5 12 13 8 7 0 1 3 10 3 4 5 12 11 8 
4 5 2 1 0 7 6 7 8 13 8 7 0 1 3 10 3 1 0 7 8 
4 3 10 11 8 7 6 7 8 11 12 13 12 5 9 8 11 10 3 4 5 9 8 
4 5 12 11 8 7 6 7 0 2 5 12 13 12 5 4 3 10 3 1 0 7 8 
4 5 12 13 8 7 6 7 8 11 10 13 12 5 2 1 3 10 13 12 5 9 8 
4 5 12 13 8 7 6 4 5 12 13 8 9 5 4 3 10 11 12 13 8 
4 5 9 8 7 6 7 8 13 8 11 10 13 12 11 8 
4 5 2 0 7 6 7 0 2 5 12 13 12 5 4 3 10 11 8 
4 3 10 11 8 7 6 7 0 2 5 12 13 12 11 10 11 12 13 8 
4 3 1 2 0 7 6 4 5 12 11 8 13 8 9 5 4 3 10 11 8 
4 6 7 8 13 8 9 5 12 11 10 11 8 
4 5 2 0 7 6 4 5 12 13 8 11 10 13 12 5 9 8 
4 6 7 0 1 3 10 13 8 7 0 1 3 10 3 4 5 9 8 
4 5 12 13 8 7 6 7 0 1 3 10 13 8 11 10 3 4 5 9 8 
4 5 12 11 8 7 6 7 0 2 5 12 13 8 9 5 4 3 10 3 4 5 12 11 8 
4 5 2 0 7 6 4 5 12 13 8 9 5 12 11 10 3 1 0 7 8 
---------------
Request id 8
12 5 9 8 11 10 13 10 11 12 5 
12 5 2 1 3 10 13 12 5 
12 5 2 0 1 3 10 13 10 11 8 9 5 
12 5 4 6 7 8 13 10 11 12 5 
12 5 2 0 1 3 10 13 8 9 5 
12 5 9 8 11 10 13 10 3 1 2 5 
12 5 9 8 11 10 13 10 11 8 9 5 
12 5 9 8 11 10 13 12 11 8 9 5 
12 5 2 1 3 10 13 8 11 12 5 
12 11 10 13 12 5 
12 5 2 1 3 10 13 8 7 0 2 5 
12 11 8 13 12 11 8 9 5 
12 5 2 1 3 10 13 12 11 8 9 5 
12 13 8 7 0 2 5 
12 11 8 13 8 9 5 
12 11 10 13 12 11 8 9 5 
12 5 9 8 13 8 7 0 2 5 
12 11 8 13 8 7 0 2 5 
12 5 4 3 10 13 10 11 8 9 5 
12 13 8 9 5 
---------------
Request id 9
1 0 7 8 9 5 2 0 7 6 7 0 
1 2 1 0 7 6 7 0 
1 0 7 8 9 5 2 1 3 4 6 4 3 10 11 8 7 0 
1 3 10 13 12 5 2 0 7 6 4 5 12 11 8 7 0 
1 0 7 8 9 5 2 5 12 11 8 7 6 7 8 9 5 2 0 
1 3 10 11 12 5 2 1 0 7 6 7 0 
1 0 7 8 9 5 2 1 0 7 6 4 5 2 1 0 
1 3 10 13 12 5 2 5 9 8 7 6 4 5 9 8 7 0 
1 3 10 11 12 5 2 5 12 11 8 7 6 4 5 2 1 0 
1 0 2 5 9 8 7 6 4 5 9 8 7 0 
1 3 4 6 7 0 2 1 0 7 6 7 8 9 5 2 0 
1 3 4 6 7 0 2 5 12 13 8 7 6 7 0 
1 3 10 11 12 5 2 5 4 3 1 0 7 6 4 3 1 0 
1 3 4 6 7 0 2 0 7 6 7 8 9 5 2 1 0 
1 2 5 9 8 7 6 4 3 10 11 8 7 0 
1 0 7 8 9 5 2 1 0 7 6 7 0 
1 3 10 13 8 9 5 2 5 4 6 4 5 2 0 
1 3 10 13 8 9 5 2 5 9 8 7 6 4 5 12 11 8 7 0 
1 3 10 13 8 9 5 2 1 3 4 6 4 5 2 0 
1 0 7 8 9 5 2 0 7 8 9 5 4 6 7 0 
---------------
Request id 10
11 10 13 13 8 
11 10 3 4 5 9 8 13 13 10 11 8 
11 10 13 13 10 11 8 
11 12 5 4 3 10 13 13 10 11 12 5 9 8 
11 10 3 4 5 9 8 13 13 10 3 4 5 9 8 
11 12 5 4 3 10 13 13 10 3 4 6 7 8 
11 10 3 4 5 9 8 13 13 8 
11 8 9 5 12 13 13 12 11 8 
11 8 13 13 12 5 4 6 7 8 
11 12 5 4 3 10 13 13 8 
11 12 5 4 6 7 8 13 13 10 3 4 5 9 8 
11 10 3 4 5 12 13 13 10 3 4 5 9 8 
11 12 5 4 6 7 8 13 13 10 3 4 6 7 8 
11 12 5 9 8 13 13 10 3 4 6 7 8 
11 12 13 13 12 5 2 0 7 8 
11 8 9 5 4 3 10 13 13 12 5 4 6 7 8 
11 10 3 4 5 9 8 13 13 12 11 8 
11 10 13 13 12 5 9 8 
11 12 13 13 12 5 4 6 7 8 
11 12 5 4 6 7 8 13 13 12 5 9 8 
---------------
Request id 29
5 12 13 10 3 1 2 5 12 13 10 3 1 
5 4 6 7 0 2 5 4 6 7 0 1 
5 4 6 7 0 2 0 7 8 13 10 3 1 
5 4 3 1 0 2 5 9 8 7 0 1 
5 12 11 10 3 1 2 0 7 8 13 10 3 1 
5 2 5 12 11 10 3 1 
5 4 3 1 0 2 1 
5 12 11 10 3 1 2 5 9 8 7 0 1 
5 12 13 8 7 0 2 5 4 6 7 0 1 
5 4 3 1 0 2 5 4 3 1 
5 12 11 10 3 1 2 5 4 6 7 0 1 
5 4 3 1 2 0 1 
5 12 13 10 3 1 2 5 9 8 7 0 1 
5 4 6 7 0 1 2 5 12 13 8 7 0 1 
5 4 3 1 0 2 5 4 6 7 0 1 
5 9 8 7 0 1 2 5 4 6 7 0 1 
5 12 13 10 3 1 2 0 1 
5 12 13 8 7 0 2 5 12 11 10 3 1 
5 9 8 7 0 2 5 12 11 10 3 1 
5 12 13 10 3 1 2 5 4 3 1 
---------------
Request id 20
3 1 0 7 8 11 10 11 8 13 13 10 3 1 2 5 12 
3 1 2 5 12 13 10 11 12 13 13 10 3 1 2 5 12 
3 4 5 9 8 11 10 3 4 5 12 13 13 10 3 1 0 2 5 12 
3 10 3 1 2 5 12 13 13 10 11 8 9 5 12 
3 1 0 7 8 11 10 11 12 5 9 8 13 13 8 7 6 4 5 12 
3 4 6 7 8 13 10 11 12 5 9 8 13 13 8 11 12 
3 4 6 7 8 13 10 13 13 8 7 0 2 5 12 
3 1 0 7 8 13 10 3 4 5 9 8 13 13 8 11 12 
3 4 5 12 11 10 11 8 13 13 10 3 1 0 2 5 12 
3 1 2 5 12 11 10 3 4 5 9 8 13 13 8 7 6 4 5 12 
3 1 0 7 8 11 10 11 8 9 5 12 13 13 8 11 12 
3 4 6 7 8 11 10 3 1 2 5 12 13 13 10 11 12 
3 1 0 7 8 11 10 3 4 6 7 8 13 13 8 11 12 
3 10 13 13 10 3 1 0 2 5 12 
3 4 5 12 13 10 13 13 10 3 1 2 5 12 
3 4 6 7 8 11 10 11 8 13 13 8 7 0 2 5 12 
3 1 2 5 12 11 10 11 8 9 5 12 13 13 10 11 12 
3 4 5 12 13 10 11 8 9 5 12 13 13 8 9 5 12 
3 4 5 12 11 10 11 12 13 13 8 7 6 4 5 12 
3 1 2 5 12 11 10 3 4 5 12 13 13 8 7 6 4 5 12 
---------------
Request id 28
3 10 11 8 7 0 2 5 9 8 13 8 9 5 12 11 10 11 8 7 0 1 
3 10 11 8 7 0 2 5 9 8 13 8 9 5 12 11 10 3 4 5 2 1 
3 10 11 8 7 0 2 1 3 10 11 8 13 10 3 4 5 2 1 
3 10 11 12 5 2 0 1 3 10 13 8 7 6 4 3 10 11 12 5 2 0 1 
3 10 11 12 5 2 1 0 7 8 13 8 9 5 4 3 10 11 12 5 2 0 1 
3 4 5 2 1 3 10 13 12 5 2 1 3 10 11 8 7 0 1 
3 4 5 2 5 12 11 8 13 12 5 4 3 10 3 4 5 2 1 
3 10 11 8 9 5 2 1 0 7 8 13 8 9 5 12 11 10 13 8 9 5 2 1 
3 1 0 2 0 7 8 13 10 13 8 9 5 2 1 
3 10 11 12 5 2 1 3 10 11 8 13 12 5 9 8 11 10 3 4 5 2 0 1 
3 1 2 5 12 11 10 13 8 7 6 4 3 10 11 8 7 0 1 
3 10 13 8 9 5 2 0 1 3 10 13 8 7 6 4 3 10 13 8 9 5 2 1 
3 10 11 8 7 0 2 5 12 11 8 13 12 11 10 3 1 
3 1 0 2 5 4 3 10 13 8 11 10 13 12 5 2 1 
3 10 11 12 5 2 5 12 11 8 13 8 9 5 4 3 10 13 12 5 2 1 
3 10 11 12 5 2 1 3 10 13 12 11 10 3 1 
3 4 6 7 0 1 2 5 12 11 8 13 8 9 5 4 3 10 11 12 5 2 0 1 
3 1 0 2 1 3 10 11 8 13 12 5 2 1 3 10 13 12 5 2 0 1 
3 10 13 12 5 2 1 3 10 13 8 7 6 4 3 10 13 8 7 0 1 
3 1 2 0 1 3 10 13 8 11 10 13 8 9 5 2 1 
---------------
Request id 1
12 5 9 8 11 10 13 12 11 8 7 6 7 0 2 5 12 13 8 
12 5 9 8 11 10 13 12 11 8 7 6 4 5 2 0 7 8 
12 5 2 0 1 3 10 13 12 5 4 6 4 5 9 8 
12 11 8 13 12 5 2 0 7 6 4 3 10 13 8 
12 5 9 8 11 10 13 10 11 12 5 4 6 4 5 12 13 8 
12 5 2 0 7 8 13 10 3 4 6 4 3 10 11 8 
12 5 9 8 13 12 5 2 0 7 6 4 5 2 0 7 8 
12 5 9 8 11 10 13 10 11 12 5 4 6 4 3 1 0 7 8 
12 5 4 6 7 8 13 10 3 1 0 7 6 4 5 9 8 
12 5 2 1 3 10 13 8 11 12 5 4 6 4 5 9 8 
12 11 8 13 12 11 8 7 6 4 5 12 13 8 
12 5 4 3 10 13 10 3 1 0 7 6 4 5 12 11 8 
12 11 8 13 8 9 5 4 6 7 0 2 5 9 8 
12 11 8 13 8 7 6 4 3 1 0 7 8 
12 5 9 8 11 10 13 12 11 8 7 6 4 5 9 8 
12 5 2 0 7 8 13 8 11 12 5 4 6 4 5 12 13 8 
12 5 2 0 7 8 13 10 11 8 7 6 4 3 10 11 8 
12 13 10 11 12 5 4 6 4 5 12 11 8 
12 5 4 3 10 13 8 9 5 4 6 4 5 9 8 
12 5 9 8 13 8 7 6 4 3 10 11 8 
---------------
Request id 18
4 3 10 13 8 9 5 12 
4 6 7 8 11 10 11 8 9 5 12 
4 3 10 13 12 
4 5 9 8 13 10 13 8 9 5 12 
4 5 12 13 10 3 1 2 5 12 
4 5 2 1 3 10 3 4 5 12 
4 5 9 8 13 10 13 12 
4 5 9 8 11 10 11 12 
4 5 9 8 11 10 11 8 9 5 12 
4 6 7 8 11 10 3 1 0 2 5 12 
4 6 7 0 1 3 10 13 8 9 5 12 
4 5 2 1 3 10 3 4 5 9 8 11 12 
4 5 12 11 10 13 12 
4 6 7 8 13 10 3 4 5 12 
4 5 2 1 3 10 11 12 
4 5 9 8 11 10 3 4 5 9 8 11 12 
4 5 9 8 13 10 11 12 
4 3 10 11 12 
4 5 12 11 10 11 8 9 5 12 
4 6 7 8 11 10 3 4 5 9 8 11 12 
---------------
Request id 16
7 6 4 5 9 8 13 8 7 6 4 3 10 13 12 5 4 
7 6 4 5 9 8 13 8 7 6 4 3 10 13 8 7 6 4 
7 6 4 3 10 13 8 7 0 1 3 10 3 4 
7 0 1 3 10 13 8 9 5 12 11 10 13 8 9 5 4 
7 6 4 5 9 8 13 8 9 5 4 3 10 3 4 
7 8 9 5 12 13 12 5 9 8 11 10 3 4 
7 8 11 12 13 10 13 8 7 6 4 
7 6 4 3 10 13 8 11 10 11 8 13 12 5 4 
7 6 4 5 12 13 12 5 4 3 10 3 4 
7 8 13 12 5 2 1 3 10 11 8 7 6 4 
7 6 4 5 12 13 10 3 1 0 2 5 4 
7 0 2 5 12 13 8 7 0 1 3 10 11 8 7 6 4 
7 8 9 5 12 13 8 11 10 13 8 7 6 4 
7 6 4 3 10 13 12 5 9 8 11 10 11 8 9 5 4 
7 0 1 2 5 12 13 8 7 6 4 3 10 13 8 7 6 4 
7 0 1 2 5 12 13 8 9 5 12 11 10 3 1 2 5 4 
7 8 13 12 5 9 8 11 10 3 4 
7 0 1 3 10 13 12 5 9 8 11 10 11 12 5 4 
7 6 4 5 12 13 8 7 0 1 3 10 3 1 2 5 4 
7 8 9 5 12 13 8 7 6 4 3 10 3 1 2 5 4 
---------------
Request id 26
7 0 1 3 4 6 4 5 2 5 9 8 11 10 3 
7 0 1 2 5 4 6 4 5 2 5 9 8 11 10 3 
7 8 13 12 5 4 6 7 8 13 12 5 2 5 9 8 13 10 3 
7 6 7 8 11 12 5 2 1 3 
7 6 7 0 1 3 4 5 2 5 4 3 
7 8 11 10 3 4 6 4 3 1 2 0 1 3 
7 8 9 5 4 6 7 0 2 1 3 
7 6 7 0 2 1 0 7 6 4 3 
7 8 11 10 3 4 6 4 3 1 2 5 12 13 10 3 
7 0 2 5 4 6 7 0 2 1 3 
7 8 9 5 4 6 7 0 1 2 5 12 13 10 3 
7 0 2 5 4 6 7 0 1 3 4 5 2 5 4 3 
7 8 11 10 3 4 6 4 5 2 1 0 7 6 4 3 
7 0 1 2 5 4 6 4 3 1 2 5 9 8 13 10 3 
7 8 13 12 5 4 6 7 0 1 2 1 0 7 6 4 3 
7 8 13 10 3 4 6 4 3 1 2 1 0 7 6 4 3 
7 8 11 12 5 4 6 4 3 10 13 12 5 2 5 9 8 13 10 3 
7 0 2 5 4 6 4 5 2 1 0 7 6 4 3 
7 0 2 5 4 6 7 8 13 12 5 2 0 7 8 13 10 3 
7 8 13 12 5 4 6 4 3 1 0 2 1 0 7 6 4 3 
---------------
Request id 27
3 10 11 12 5 4 6 7 0 1 3 10 11 8 13 12 5 2 0 7 8 
3 4 6 7 8 13 10 11 8 9 5 12 13 12 5 2 0 7 8 
3 1 0 7 6 4 3 10 3 4 6 7 8 13 12 5 9 8 
3 4 6 4 3 10 3 4 5 9 8 13 10 3 1 0 7 8 
3 10 13 8 7 6 7 8 11 10 3 4 6 7 8 13 10 3 4 6 7 8 
3 10 13 8 7 6 7 0 1 3 10 11 12 13 10 3 1 0 7 8 
3 1 0 7 6 4 5 9 8 13 10 3 1 2 5 12 13 10 3 4 6 7 8 
3 1 2 5 4 6 7 8 11 12 13 10 3 4 5 12 13 8 
3 10 13 8 7 6 7 8 11 12 13 10 3 1 2 5 12 13 12 5 2 0 7 8 
3 10 13 12 5 4 6 4 5 9 8 13 10 11 12 5 9 8 13 10 11 8 
3 1 0 2 5 4 6 4 5 9 8 13 10 11 8 13 12 5 2 0 7 8 
3 4 6 7 0 2 1 3 10 3 1 0 7 8 13 8 
3 10 13 8 7 6 7 8 13 12 11 10 3 1 0 7 8 13 10 3 1 0 7 8 
3 1 0 7 6 4 5 12 13 10 11 8 9 5 12 13 10 11 8 
3 1 2 0 7 6 7 0 2 1 3 10 3 4 5 12 13 10 11 8 
3 1 2 5 4 6 7 8 11 10 11 8 13 12 5 9 8 
3 1 2 0 7 6 7 8 11 10 13 8 
3 10 11 12 5 4 6 7 0 1 3 10 11 8 13 8 
3 10 13 8 7 6 4 3 10 3 4 5 9 8 13 12 5 2 0 7 8 
3 10 11 8 7 6 7 0 2 1 3 10 3 1 2 5 12 13 12 5 9 8 
---------------
Request id 21
11 8 7 6 4 5 2 5 12 11 8 7 
11 8 9 5 2 5 9 8 7 
11 10 3 1 0 2 0 1 3 4 6 7 
11 10 3 4 5 2 5 9 8 7 
11 10 3 1 0 2 1 0 7 
11 8 7 0 2 0 7 
11 10 3 1 2 1 3 10 11 8 7 
11 12 5 2 5 12 11 8 7 
11 8 7 6 4 5 2 1 3 10 11 8 7 
11 10 13 12 5 2 0 7 
11 8 9 5 2 0 7 
11 8 13 12 5 2 1 3 10 11 8 7 
11 8 13 12 5 2 5 12 11 8 7 
11 8 7 0 1 2 1 0 7 
11 8 9 5 2 5 4 3 1 0 7 
11 10 3 1 2 0 7 
11 10 13 12 5 2 5 4 3 1 0 7 
11 10 13 12 5 2 5 12 11 8 7 
11 10 3 4 5 2 5 12 11 8 7 
11 8 9 5 2 1 3 10 11 8 7 
---------------
Request id 23
12 11 10 3 4 6 4 3 1 0 2 1 3 10 13 12 5 4 3 10 11 
12 13 8 9 5 4 6 4 3 10 13 12 5 2 0 7 8 13 8 9 5 12 11 
12 11 8 7 6 4 5 2 5 12 11 10 13 8 9 5 4 3 10 11 
12 5 4 6 7 0 1 2 1 0 7 8 13 10 3 4 5 12 11 
12 5 2 0 7 6 7 8 13 12 5 2 5 4 3 10 13 10 3 4 5 12 11 
12 5 9 8 7 6 4 5 2 0 1 3 10 13 8 9 5 12 11 
12 11 10 3 4 6 7 0 1 3 4 5 2 1 3 10 11 12 13 8 9 5 12 11 
12 5 2 0 7 6 4 5 2 1 3 10 11 12 13 12 11 
12 5 9 8 7 6 7 0 1 2 0 7 8 13 10 3 4 5 9 8 11 
12 5 2 0 7 6 7 0 1 2 1 3 10 11 12 13 10 3 4 5 9 8 11 
12 11 10 3 4 6 7 0 1 3 4 5 2 1 3 10 11 12 13 12 5 9 8 11 
12 13 8 9 5 4 6 7 8 13 12 5 2 5 12 11 8 13 12 5 4 3 10 11 
12 13 8 7 6 7 8 13 12 5 2 1 3 10 13 10 3 4 5 9 8 11 
12 13 10 11 8 7 6 7 8 9 5 2 5 12 11 8 13 10 11 
12 11 8 9 5 4 6 7 8 11 12 5 2 5 12 11 8 13 10 3 4 5 12 11 
12 13 10 3 4 6 7 8 11 12 5 2 1 3 10 11 12 13 10 3 4 5 12 11 
12 11 8 9 5 4 6 7 0 2 5 12 13 10 3 4 5 12 11 
12 13 10 3 4 6 7 0 1 2 5 12 11 10 13 12 5 4 6 7 8 11 
12 5 4 6 7 0 2 1 0 7 8 13 12 11 
12 13 8 9 5 4 6 7 8 11 12 5 2 1 3 10 13 12 5 4 6 7 8 11 
---------------
Request id 5
4 3 10 11 12 5 2 5 4 3 10 13 12 5 2 5 12 13 8 7 0 
4 6 7 0 1 2 0 7 8 11 12 13 8 11 12 5 2 0 
4 5 2 5 12 13 10 3 1 2 5 12 11 8 7 0 
4 6 7 8 13 12 5 2 0 1 3 10 13 8 11 12 5 2 5 4 6 7 0 
4 6 7 0 2 0 7 8 13 12 5 2 5 12 13 10 3 1 0 
4 6 7 8 9 5 2 5 9 8 13 12 5 2 1 3 4 6 7 0 
4 3 10 13 12 5 2 0 1 3 10 13 12 5 2 1 3 4 6 7 0 
4 3 10 11 12 5 2 5 9 8 13 8 9 5 2 5 12 11 8 7 0 
4 6 7 0 1 2 0 7 8 11 12 13 8 11 12 5 2 5 12 13 10 3 1 0 
4 6 7 8 9 5 2 5 12 11 10 13 10 3 1 0 2 5 12 13 8 7 0 
4 6 7 8 13 12 5 2 0 1 3 10 13 8 9 5 2 5 12 11 8 7 0 
4 5 9 8 7 0 2 1 3 10 13 10 3 4 5 2 5 4 3 1 0 
4 6 7 8 13 12 5 2 5 12 11 10 13 8 11 12 5 2 5 12 11 8 7 0 
4 6 7 8 13 12 5 2 0 7 8 13 8 9 5 2 5 12 11 8 7 0 
4 3 10 11 12 5 2 5 12 11 8 13 8 7 0 2 5 4 3 1 0 
4 5 9 8 7 0 2 0 7 8 13 8 7 0 1 2 0 
4 3 10 11 12 5 2 0 7 8 11 12 13 10 3 4 5 2 5 12 11 8 7 0 
4 5 2 5 12 11 8 13 10 11 12 5 2 5 12 13 8 7 0 
4 3 10 11 12 5 2 5 9 8 13 10 3 1 0 2 5 12 11 10 3 1 0 
4 3 10 13 12 5 2 0 7 8 11 12 13 8 7 6 4 5 2 5 12 13 8 7 0 
---------------
