Request id 1
0 2 5 4 3 10 
0 2 5 12 11 10 
0 2 5 12 13 10 
0 2 5 9 8 11 10 
0 2 5 2 1 3 10 
0 2 5 9 8 13 10 
0 2 5 12 11 8 13 10 
0 2 5 2 0 1 3 10 
0 2 5 12 13 8 11 10 
0 2 5 9 8 11 12 13 10 
---------------
Request id 20
10 13 12 5 5 5 2 1 
10 13 12 5 5 5 4 3 1 
10 13 12 5 5 5 2 0 1 
10 13 12 5 5 5 12 13 10 3 1 
10 13 12 5 5 5 9 8 7 0 1 
10 13 12 5 5 5 12 11 10 3 1 
10 13 12 5 5 5 4 6 7 0 1 
10 13 12 5 5 5 9 8 7 0 2 1 
10 13 12 5 5 5 12 11 8 7 0 1 
10 13 12 5 5 5 12 13 8 7 0 1 
---------------
Request id 25
3 4 5 5 12 13 10 
3 4 5 5 4 3 10 
3 4 5 5 12 11 10 
3 4 5 5 9 8 13 10 
3 4 5 5 2 1 3 10 
3 4 5 5 9 8 11 10 
3 4 5 5 12 13 8 11 10 
3 4 5 5 2 0 1 3 10 
3 4 5 5 12 11 8 13 10 
3 4 5 5 4 6 7 8 11 10 
---------------
Request id 12
4 5 5 4 6 
4 5 5 9 8 7 6 
4 5 5 2 0 7 6 
4 5 5 12 13 8 7 6 
4 5 5 2 1 0 7 6 
4 5 5 12 11 8 7 6 
4 5 5 2 1 3 4 6 
4 5 5 12 13 10 3 4 6 
4 5 5 4 3 1 0 7 6 
4 5 5 12 11 10 3 4 6 
---------------
Request id 14
9 5 9 8 
9 5 12 11 8 
9 5 12 13 8 
9 5 2 0 7 8 
9 5 4 6 7 8 
9 5 12 11 10 13 8 
9 5 2 1 0 7 8 
9 5 4 3 10 13 8 
9 5 12 13 10 11 8 
9 5 4 3 10 11 8 
---------------
Request id 15
3 4 5 5 5 4 6 
3 4 5 5 5 9 8 7 6 
3 4 5 5 5 2 0 7 6 
3 4 5 5 5 12 13 8 7 6 
3 4 5 5 5 2 1 3 4 6 
3 4 5 5 5 12 11 8 7 6 
3 4 5 5 5 2 1 0 7 6 
3 4 5 5 5 12 13 10 3 4 6 
3 4 5 5 5 4 3 1 0 7 6 
3 4 5 5 5 12 11 10 3 4 6 
---------------
Request id 30
0 2 5 12 13 
0 2 5 9 8 13 
0 2 5 12 11 10 13 
0 2 5 4 3 10 13 
0 2 5 12 11 8 13 
0 2 5 9 8 11 12 13 
0 2 5 2 0 7 8 13 
0 2 5 4 6 7 8 13 
0 2 5 2 1 3 10 13 
0 2 5 9 8 11 10 13 
---------------
Request id 4
3 4 5 5 5 4 6 
3 4 5 5 5 9 8 7 6 
3 4 5 5 5 2 0 7 6 
3 4 5 5 5 12 11 8 7 6 
3 4 5 5 5 2 1 0 7 6 
3 4 5 5 5 12 13 8 7 6 
3 4 5 5 5 2 1 3 4 6 
3 4 5 5 5 12 11 10 3 4 6 
3 4 5 5 5 4 3 1 0 7 6 
3 4 5 5 5 12 13 10 3 4 6 
---------------
Request id 27
0 2 5 12 13 10 
0 2 5 4 3 10 
0 2 5 12 11 10 
0 2 5 9 8 13 10 
0 2 5 2 1 3 10 
0 2 5 9 8 11 10 
0 2 5 12 13 8 11 10 
0 2 5 2 0 1 3 10 
0 2 5 12 11 8 13 10 
0 2 5 4 6 7 8 11 10 
---------------
Request id 29
1 2 5 9 
1 2 5 12 11 8 9 
1 2 5 12 13 8 9 
1 2 5 4 6 7 8 9 
1 2 5 2 0 7 8 9 
1 2 5 12 11 10 13 8 9 
1 2 5 2 1 0 7 8 9 
1 2 5 4 3 10 11 8 9 
1 2 5 12 13 10 11 8 9 
1 2 5 4 3 10 13 8 9 
---------------
Request id 3
9 5 9 8 
9 5 12 11 8 
9 5 12 13 8 
9 5 4 6 7 8 
9 5 2 0 7 8 
9 5 12 11 10 13 8 
9 5 2 1 0 7 8 
9 5 4 3 10 11 8 
9 5 12 13 10 11 8 
9 5 4 3 10 13 8 
---------------
Request id 5
6 4 5 5 4 
6 4 5 5 2 1 3 4 
6 4 5 5 12 13 10 3 4 
6 4 5 5 2 0 1 3 4 
6 4 5 5 9 8 7 6 4 
6 4 5 5 12 11 10 3 4 
6 4 5 5 2 0 7 6 4 
6 4 5 5 9 8 11 10 3 4 
6 4 5 5 12 11 8 7 6 4 
6 4 5 5 2 1 0 7 6 4 
---------------
Request id 21
11 12 5 5 4 3 
11 12 5 5 2 1 3 
11 12 5 5 12 11 10 3 
11 12 5 5 2 0 1 3 
11 12 5 5 12 13 10 3 
11 12 5 5 9 8 13 10 3 
11 12 5 5 9 8 11 10 3 
11 12 5 5 12 13 8 11 10 3 
11 12 5 5 4 6 7 0 1 3 
11 12 5 5 2 0 7 6 4 3 
---------------
Request id 13
3 4 5 5 5 2 
3 4 5 5 5 4 3 1 2 
3 4 5 5 5 9 8 7 0 2 
3 4 5 5 5 4 3 1 0 2 
3 4 5 5 5 4 6 7 0 2 
3 4 5 5 5 12 13 10 3 1 2 
3 4 5 5 5 4 6 7 0 1 2 
3 4 5 5 5 12 11 10 3 1 2 
3 4 5 5 5 12 13 8 7 0 2 
3 4 5 5 5 9 8 7 0 1 2 
---------------
Request id 7
10 13 12 5 5 2 0 
10 13 12 5 5 2 1 0 
10 13 12 5 5 9 8 7 0 
10 13 12 5 5 4 3 1 0 
10 13 12 5 5 4 6 7 0 
10 13 12 5 5 4 3 1 2 0 
10 13 12 5 5 12 11 8 7 0 
10 13 12 5 5 12 13 8 7 0 
10 13 12 5 5 12 11 10 3 1 0 
10 13 12 5 5 12 13 10 3 1 0 
---------------
Request id 19
12 5 5 9 8 
12 5 5 12 11 8 
12 5 5 12 13 8 
12 5 5 4 6 7 8 
12 5 5 2 0 7 8 
12 5 5 12 11 10 13 8 
12 5 5 2 1 0 7 8 
12 5 5 4 3 10 11 8 
12 5 5 12 13 10 11 8 
12 5 5 4 3 10 13 8 
---------------
Request id 28
10 13 12 5 5 12 
10 13 12 5 5 9 8 11 12 
10 13 12 5 5 9 8 13 12 
10 13 12 5 5 4 3 10 13 12 
10 13 12 5 5 4 3 10 11 12 
10 13 12 5 5 9 8 11 10 13 12 
10 13 12 5 5 2 1 3 10 11 12 
10 13 12 5 5 4 6 7 8 13 12 
10 13 12 5 5 2 0 7 8 13 12 
10 13 12 5 5 2 1 3 10 13 12 
---------------
Request id 8
9 5 5 5 4 
9 5 5 5 2 1 3 4 
9 5 5 5 12 13 10 3 4 
9 5 5 5 2 0 1 3 4 
9 5 5 5 9 8 7 6 4 
9 5 5 5 12 11 10 3 4 
9 5 5 5 2 0 7 6 4 
9 5 5 5 9 8 11 10 3 4 
9 5 5 5 12 11 8 7 6 4 
9 5 5 5 2 1 0 7 6 4 
---------------
Request id 10
2 5 5 4 3 10 
2 5 5 12 13 10 
2 5 5 12 11 10 
2 5 5 9 8 13 10 
2 5 5 2 1 3 10 
2 5 5 9 8 11 10 
2 5 5 12 13 8 11 10 
2 5 5 2 0 1 3 10 
2 5 5 12 11 8 13 10 
2 5 5 9 8 13 12 11 10 
---------------
Request id 11
9 5 2 1 
9 5 4 3 1 
9 5 2 0 1 
9 5 12 13 10 3 1 
9 5 9 8 7 0 1 
9 5 12 11 10 3 1 
9 5 4 6 7 0 1 
9 5 9 8 7 0 2 1 
9 5 12 11 8 7 0 1 
9 5 12 13 8 7 0 1 
---------------
Request id 16
2 5 5 4 3 
2 5 5 2 1 3 
2 5 5 12 13 10 3 
2 5 5 2 0 1 3 
2 5 5 12 11 10 3 
2 5 5 9 8 11 10 3 
2 5 5 9 8 13 10 3 
2 5 5 12 11 8 13 10 3 
2 5 5 4 6 7 0 1 3 
2 5 5 2 0 7 6 4 3 
---------------
Request id 22
1 2 5 12 13 
1 2 5 9 8 13 
1 2 5 12 11 10 13 
1 2 5 4 3 10 13 
1 2 5 12 11 8 13 
1 2 5 9 8 11 12 13 
1 2 5 2 1 3 10 13 
1 2 5 4 6 7 8 13 
1 2 5 2 0 7 8 13 
1 2 5 9 8 11 10 13 
---------------
Request id 2
1 2 5 5 12 13 
1 2 5 5 9 8 13 
1 2 5 5 12 11 8 13 
1 2 5 5 4 3 10 13 
1 2 5 5 12 11 10 13 
1 2 5 5 9 8 11 12 13 
1 2 5 5 2 0 7 8 13 
1 2 5 5 4 6 7 8 13 
1 2 5 5 2 1 3 10 13 
1 2 5 5 9 8 11 10 13 
---------------
Request id 17
4 5 12 13 
4 5 9 8 13 
4 5 12 11 8 13 
4 5 4 3 10 13 
4 5 12 11 10 13 
4 5 9 8 11 10 13 
4 5 2 0 7 8 13 
4 5 4 6 7 8 13 
4 5 2 1 3 10 13 
4 5 9 8 11 12 13 
---------------
Request id 23
4 5 5 9 
4 5 5 12 11 8 9 
4 5 5 12 13 8 9 
4 5 5 2 0 7 8 9 
4 5 5 4 6 7 8 9 
4 5 5 12 11 10 13 8 9 
4 5 5 2 1 0 7 8 9 
4 5 5 4 3 10 11 8 9 
4 5 5 12 13 10 11 8 9 
4 5 5 4 3 10 13 8 9 
---------------
Request id 6
10 3 4 5 5 9 
10 3 4 5 5 12 11 8 9 
10 3 4 5 5 12 13 8 9 
10 3 4 5 5 4 6 7 8 9 
10 3 4 5 5 2 0 7 8 9 
10 3 4 5 5 12 11 10 13 8 9 
10 3 4 5 5 2 1 0 7 8 9 
10 3 4 5 5 4 3 10 11 8 9 
10 3 4 5 5 12 13 10 11 8 9 
10 3 4 5 5 4 3 10 13 8 9 
---------------
Request id 24
11 12 5 9 
11 12 5 12 11 8 9 
11 12 5 12 13 8 9 
11 12 5 2 0 7 8 9 
11 12 5 4 6 7 8 9 
11 12 5 12 11 10 13 8 9 
11 12 5 2 1 0 7 8 9 
11 12 5 4 3 10 11 8 9 
11 12 5 12 13 10 11 8 9 
11 12 5 4 3 10 13 8 9 
---------------
Request id 26
11 12 5 5 5 2 0 
11 12 5 5 5 2 1 0 
11 12 5 5 5 9 8 7 0 
11 12 5 5 5 4 6 7 0 
11 12 5 5 5 4 3 1 0 
11 12 5 5 5 12 13 8 7 0 
11 12 5 5 5 12 11 8 7 0 
11 12 5 5 5 4 3 1 2 0 
11 12 5 5 5 12 13 10 3 1 0 
11 12 5 5 5 12 11 10 3 1 0 
---------------
Request id 9
4 5 5 5 2 
4 5 5 5 4 3 1 2 
4 5 5 5 9 8 7 0 2 
4 5 5 5 4 3 1 0 2 
4 5 5 5 4 6 7 0 2 
4 5 5 5 12 11 10 3 1 2 
4 5 5 5 4 6 7 0 1 2 
4 5 5 5 12 13 8 7 0 2 
4 5 5 5 12 11 8 7 0 2 
4 5 5 5 9 8 7 0 1 2 
---------------
Request id 18
10 13 12 5 5 2 
10 13 12 5 5 4 3 1 2 
10 13 12 5 5 9 8 7 0 2 
10 13 12 5 5 4 3 1 0 2 
10 13 12 5 5 4 6 7 0 2 
10 13 12 5 5 12 13 8 7 0 2 
10 13 12 5 5 4 6 7 0 1 2 
10 13 12 5 5 12 11 10 3 1 2 
10 13 12 5 5 12 13 10 3 1 2 
10 13 12 5 5 9 8 7 0 1 2 
---------------
