Request id 18
25 20 33 33 41 40 46 50 52 55 58 60 62 67 
25 20 33 33 43 40 46 50 52 55 58 60 62 67 
25 20 33 33 41 40 46 49 56 75 78 66 68 63 67 
25 20 33 33 43 40 46 49 56 75 78 66 68 63 67 
25 20 33 33 41 40 46 49 56 75 72 73 77 68 63 67 
25 20 33 33 43 40 46 49 56 75 72 73 77 68 63 67 
25 20 33 33 20 15 5 19 28 40 46 50 52 55 58 60 62 67 
25 20 33 33 20 15 5 19 28 40 46 49 56 75 78 66 68 63 67 
25 20 33 33 20 15 5 19 28 40 46 49 56 75 72 73 77 68 63 67 
25 20 33 33 20 25 24 16 10 15 5 19 28 40 46 50 52 55 58 60 62 67 
---------------
Request id 16
62 65 62 60 58 55 52 50 46 40 36 35 29 23 17 12 7 8 
62 65 62 60 58 55 52 50 46 40 36 35 29 23 17 9 3 2 1 8 
62 65 62 67 63 68 66 78 75 56 49 46 40 36 35 29 23 17 12 7 8 
62 65 62 60 58 55 52 50 46 40 37 30 21 26 35 29 23 17 12 7 8 
62 65 62 67 63 68 77 73 72 75 56 49 46 40 36 35 29 23 17 12 7 8 
62 65 62 60 58 55 52 50 46 40 37 30 21 26 35 29 23 17 9 3 2 1 8 
62 65 62 67 63 68 66 78 75 56 49 46 40 36 35 29 23 17 9 3 2 1 8 
62 65 62 67 63 68 66 78 75 56 49 46 40 37 30 21 26 35 29 23 17 12 7 8 
62 65 62 67 63 68 77 73 72 75 56 49 46 40 36 35 29 23 17 9 3 2 1 8 
62 65 62 67 63 68 77 73 72 75 56 49 46 40 37 30 21 26 35 29 23 17 12 7 8 
---------------
Request id 17
53 54 65 65 65 54 57 59 64 69 79 76 
53 54 65 65 65 62 67 74 71 81 80 69 79 76 
53 54 65 65 65 54 57 59 64 69 79 86 70 76 
53 54 65 65 65 62 67 74 71 81 80 69 79 86 70 76 
53 54 65 65 65 45 34 48 53 54 57 59 64 69 79 76 
53 54 65 65 65 62 67 74 83 84 82 81 80 69 79 76 
53 54 65 65 65 45 34 48 53 54 57 59 64 69 79 86 70 76 
53 54 65 65 65 62 67 74 83 84 82 81 80 69 79 86 70 76 
53 54 65 65 65 62 60 58 55 52 50 46 49 56 75 78 66 68 63 67 74 71 81 80 69 79 76 
53 54 65 65 65 62 60 58 55 52 50 46 49 56 75 72 73 77 68 63 67 74 71 81 80 69 79 76 
---------------
Request id 14
89 88 84 83 74 67 62 65 65 62 60 58 55 52 50 46 40 37 30 21 
89 88 84 83 74 67 62 65 65 62 60 58 55 52 50 46 40 36 35 26 21 
89 88 84 83 74 67 62 65 65 62 67 63 68 66 78 75 56 49 46 40 37 30 21 
89 88 84 83 74 67 62 65 65 62 67 63 68 77 73 72 75 56 49 46 40 37 30 21 
89 88 84 83 74 67 62 65 65 62 67 63 68 66 78 75 56 49 46 40 36 35 26 21 
89 88 84 83 74 67 62 65 65 62 67 63 68 77 73 72 75 56 49 46 40 36 35 26 21 
89 88 84 83 74 67 62 65 65 54 57 59 64 69 80 81 71 74 67 62 60 58 55 52 50 46 40 37 30 21 
89 88 84 83 74 67 62 65 65 54 57 59 64 69 80 81 71 74 67 62 60 58 55 52 50 46 40 36 35 26 21 
89 88 84 83 74 67 62 65 65 54 57 59 64 69 80 81 71 74 67 63 68 66 78 75 56 49 46 40 37 30 21 
89 88 84 83 74 67 62 65 65 54 57 59 64 69 80 81 71 74 67 63 68 66 78 75 56 49 46 40 36 35 26 21 
---------------
Request id 9
97 99 100 94 87 85 83 74 67 62 65 62 67 74 83 85 101 
97 99 100 94 87 85 83 74 67 62 65 62 67 74 71 81 82 84 83 85 101 
97 99 100 94 87 85 83 74 67 62 65 62 67 74 83 85 87 94 98 102 101 
97 99 100 94 87 85 83 74 67 62 65 54 57 59 64 69 80 81 71 74 83 85 101 
97 99 100 94 87 85 83 74 67 62 65 54 57 59 64 69 80 81 82 84 83 85 101 
97 99 100 94 87 85 83 74 67 62 65 62 67 74 71 81 82 84 83 85 87 94 98 102 101 
97 99 100 94 87 85 83 74 67 62 65 54 57 59 64 69 80 81 71 74 83 85 87 94 98 102 101 
97 99 100 94 87 85 83 74 67 62 65 54 57 59 64 69 80 81 82 84 83 85 87 94 98 102 101 
97 99 100 94 87 85 83 74 67 62 65 45 34 48 53 54 57 59 64 69 80 81 71 74 83 85 101 
97 99 100 94 87 85 83 74 67 62 65 45 34 48 53 54 57 59 64 69 80 81 82 84 83 85 101 
---------------
Request id 20
13 9 17 23 29 35 36 40 46 50 52 55 58 60 62 67 74 83 84 88 89 
13 9 17 23 29 35 36 40 46 49 56 75 78 66 68 63 67 74 83 84 88 89 
13 9 17 23 29 35 36 40 46 50 52 55 58 60 62 67 74 71 81 82 84 88 89 
13 9 17 23 29 35 36 40 46 49 56 75 72 73 77 68 63 67 74 83 84 88 89 
13 9 17 23 29 35 36 40 46 49 56 75 78 66 68 63 67 74 71 81 82 84 88 89 
13 9 17 23 29 35 26 21 30 37 40 46 50 52 55 58 60 62 67 74 83 84 88 89 
13 9 17 23 29 35 36 40 46 49 56 75 72 73 77 68 63 67 74 71 81 82 84 88 89 
13 9 17 23 29 35 26 21 30 37 40 46 49 56 75 78 66 68 63 67 74 83 84 88 89 
13 9 17 23 29 35 26 21 30 37 40 46 50 52 55 58 60 62 67 74 71 81 82 84 88 89 
13 9 17 23 29 35 26 21 30 37 40 46 49 56 75 72 73 77 68 63 67 74 83 84 88 89 
---------------
Request id 4
24 16 10 15 15 5 19 28 40 36 
24 16 10 15 15 20 33 41 40 36 
24 16 10 15 15 20 33 43 40 36 
24 16 10 15 15 10 16 24 25 20 33 43 40 36 
24 16 10 15 15 10 16 24 25 20 33 41 40 36 
24 16 10 15 15 5 19 28 40 37 30 21 26 35 36 
24 16 10 15 15 20 33 43 40 37 30 21 26 35 36 
24 16 10 15 15 20 33 41 40 37 30 21 26 35 36 
24 16 10 15 15 10 16 24 25 20 33 41 40 37 30 21 26 35 36 
24 16 10 15 15 10 16 24 25 20 33 43 40 37 30 21 26 35 36 
---------------
Request id 13
4 0 3 0 4 6 
4 0 3 9 13 32 31 22 14 11 6 
4 0 3 2 1 8 7 12 17 9 13 32 31 22 14 11 6 
4 6 11 14 22 31 32 13 9 3 0 4 6 
4 6 11 14 22 31 32 13 9 3 9 13 32 31 22 14 11 6 
4 6 11 14 22 31 32 13 9 3 2 1 8 7 12 17 9 13 32 31 22 14 11 6 
4 6 11 14 22 31 32 13 9 17 12 7 8 1 2 3 0 4 6 
4 6 11 14 22 31 32 13 9 17 12 7 8 1 2 3 9 13 32 31 22 14 11 6 
4 6 11 14 22 31 32 13 9 17 12 7 8 1 2 3 2 1 8 7 12 17 9 13 32 31 22 14 11 6 
---------------
Request id 19
103 101 85 83 74 67 62 65 65 65 62 60 58 55 52 50 46 40 36 35 29 23 17 12 7 8 
103 101 85 83 74 67 62 65 65 65 62 60 58 55 52 50 46 40 36 35 29 23 17 9 3 2 1 8 
103 101 85 83 74 67 62 65 65 65 62 67 63 68 66 78 75 56 49 46 40 36 35 29 23 17 12 7 8 
103 101 85 83 74 67 62 65 65 65 62 60 58 55 52 50 46 40 37 30 21 26 35 29 23 17 12 7 8 
103 101 85 83 74 67 62 65 65 65 62 67 63 68 77 73 72 75 56 49 46 40 36 35 29 23 17 12 7 8 
103 101 85 83 74 67 62 65 65 65 62 60 58 55 52 50 46 40 37 30 21 26 35 29 23 17 9 3 2 1 8 
103 101 85 83 74 67 62 65 65 65 62 67 63 68 66 78 75 56 49 46 40 36 35 29 23 17 9 3 2 1 8 
103 101 85 83 74 67 62 65 65 65 62 67 63 68 66 78 75 56 49 46 40 37 30 21 26 35 29 23 17 12 7 8 
103 101 85 83 74 67 62 65 65 65 62 67 63 68 77 73 72 75 56 49 46 40 36 35 29 23 17 9 3 2 1 8 
103 101 85 83 74 67 62 65 65 65 62 67 63 68 77 73 72 75 56 49 46 40 37 30 21 26 35 29 23 17 12 7 8 
---------------
Request id 8
92 93 86 79 69 64 59 57 54 65 62 60 58 55 52 50 46 40 36 35 29 23 
92 93 86 79 69 64 59 57 54 65 62 67 63 68 66 78 75 56 49 46 40 36 35 29 23 
92 93 86 79 69 64 59 57 54 65 62 60 58 55 52 50 46 40 37 30 21 26 35 29 23 
92 93 86 79 69 64 59 57 54 65 62 67 63 68 77 73 72 75 56 49 46 40 36 35 29 23 
92 93 86 79 69 64 59 57 54 65 62 67 63 68 66 78 75 56 49 46 40 37 30 21 26 35 29 23 
92 93 86 79 69 64 59 57 54 65 62 67 63 68 77 73 72 75 56 49 46 40 37 30 21 26 35 29 23 
92 93 86 79 69 64 59 57 54 65 54 57 59 64 69 80 81 71 74 67 62 60 58 55 52 50 46 40 36 35 29 23 
92 93 86 79 69 64 59 57 54 65 54 57 59 64 69 80 81 71 74 67 63 68 66 78 75 56 49 46 40 36 35 29 23 
92 93 86 79 69 64 59 57 54 65 54 57 59 64 69 80 81 82 84 83 74 67 62 60 58 55 52 50 46 40 36 35 29 23 
92 93 86 79 69 64 59 57 54 65 54 57 59 64 69 80 81 71 74 67 63 68 77 73 72 75 56 49 46 40 36 35 29 23 
---------------
Request id 2
38 29 23 17 23 29 35 36 40 46 50 
38 29 23 17 23 29 35 26 21 30 37 40 46 50 
38 29 23 17 23 29 35 36 40 46 49 56 75 78 66 68 63 67 62 60 58 55 52 50 
38 29 23 17 23 29 35 36 40 46 49 56 75 72 73 77 68 63 67 62 60 58 55 52 50 
38 29 23 17 23 29 35 26 21 30 37 40 46 49 56 75 78 66 68 63 67 62 60 58 55 52 50 
38 29 23 17 23 29 35 26 21 30 37 40 46 49 56 75 72 73 77 68 63 67 62 60 58 55 52 50 
38 29 23 17 23 29 35 36 40 46 49 56 75 78 66 68 63 67 74 71 81 80 69 64 59 57 54 65 62 60 58 55 52 50 
38 29 23 17 23 29 35 36 40 46 49 56 75 72 73 77 68 63 67 74 71 81 80 69 64 59 57 54 65 62 60 58 55 52 50 
38 29 23 17 23 29 35 36 40 46 49 56 75 78 66 68 63 67 74 83 84 82 81 80 69 64 59 57 54 65 62 60 58 55 52 50 
38 29 23 17 23 29 35 36 40 46 49 56 75 72 73 77 68 63 67 74 83 84 82 81 80 69 64 59 57 54 65 62 60 58 55 52 50 
---------------
Request id 12
52 50 46 50 52 55 58 60 62 65 54 57 59 64 
52 50 46 50 52 55 58 60 62 67 74 71 81 80 69 64 
52 50 46 49 56 75 78 66 68 63 67 74 71 81 80 69 64 
52 50 46 49 56 75 78 66 68 63 67 62 65 54 57 59 64 
52 50 46 49 56 75 72 73 77 68 63 67 62 65 54 57 59 64 
52 50 46 50 52 55 58 60 62 65 45 34 48 53 54 57 59 64 
52 50 46 49 56 75 72 73 77 68 63 67 74 71 81 80 69 64 
52 50 46 50 52 55 58 60 62 67 74 83 84 82 81 80 69 64 
52 50 46 49 56 75 78 66 68 63 67 74 83 84 82 81 80 69 64 
52 50 46 49 56 75 72 73 77 68 63 67 74 83 84 82 81 80 69 64 
---------------
Request id 7
82 84 83 74 67 62 65 62 67 63 68 66 78 
82 84 83 74 67 62 65 62 67 63 68 77 73 72 75 78 
82 84 83 74 67 62 65 62 60 58 55 52 50 46 49 56 75 78 
82 84 83 74 67 62 65 54 57 59 64 69 80 81 71 74 67 63 68 66 78 
82 84 83 74 67 62 65 62 60 58 55 52 50 46 49 56 75 72 73 77 68 66 78 
82 84 83 74 67 62 65 54 57 59 64 69 80 81 82 84 83 74 67 63 68 66 78 
82 84 83 74 67 62 65 54 57 59 64 69 80 81 71 74 67 63 68 77 73 72 75 78 
82 84 83 74 67 62 65 45 34 48 53 54 57 59 64 69 80 81 71 74 67 63 68 66 78 
82 84 83 74 67 62 65 54 57 59 64 69 80 81 82 84 83 74 67 63 68 77 73 72 75 78 
82 84 83 74 67 62 65 45 34 48 53 54 57 59 64 69 80 81 82 84 83 74 67 63 68 66 78 
---------------
Request id 1
26 35 36 40 40 46 50 52 55 58 60 62 67 74 83 85 87 94 100 99 97 
26 35 36 40 40 46 49 56 75 78 66 68 63 67 74 83 85 87 94 100 99 97 
26 35 36 40 40 46 50 52 55 58 60 62 67 74 83 85 101 102 98 94 100 99 97 
26 35 36 40 40 46 49 56 75 72 73 77 68 63 67 74 83 85 87 94 100 99 97 
26 35 36 40 40 46 49 56 75 78 66 68 63 67 74 83 85 101 102 98 94 100 99 97 
26 35 36 40 40 46 50 52 55 58 60 62 67 74 71 81 82 84 83 85 87 94 100 99 97 
26 35 36 40 40 46 49 56 75 72 73 77 68 63 67 74 83 85 101 102 98 94 100 99 97 
26 35 36 40 40 46 49 56 75 78 66 68 63 67 74 71 81 82 84 83 85 87 94 100 99 97 
26 35 36 40 40 46 50 52 55 58 60 62 67 74 71 81 82 84 83 85 101 102 98 94 100 99 97 
26 35 36 40 40 46 49 56 75 72 73 77 68 63 67 74 71 81 82 84 83 85 87 94 100 99 97 
---------------
Request id 5
25 20 33 33 41 40 46 49 56 75 91 
25 20 33 33 43 40 46 49 56 75 91 
25 20 33 33 20 15 5 19 28 40 46 49 56 75 91 
25 20 33 33 20 25 24 16 10 15 5 19 28 40 46 49 56 75 91 
25 20 33 33 41 40 46 50 52 55 58 60 62 67 63 68 66 78 75 91 
25 20 33 33 43 40 46 50 52 55 58 60 62 67 63 68 66 78 75 91 
25 20 33 33 41 40 46 50 52 55 58 60 62 67 63 68 77 73 72 75 91 
25 20 33 33 43 40 46 50 52 55 58 60 62 67 63 68 77 73 72 75 91 
25 20 33 33 20 15 5 19 28 40 46 50 52 55 58 60 62 67 63 68 66 78 75 91 
25 20 33 33 20 15 5 19 28 40 46 50 52 55 58 60 62 67 63 68 77 73 72 75 91 
---------------
Request id 6
76 79 69 64 59 57 54 65 65 62 67 74 83 85 87 94 100 
76 79 69 64 59 57 54 65 65 62 67 74 83 85 101 102 98 94 100 
76 79 69 64 59 57 54 65 65 62 67 74 71 81 82 84 83 85 87 94 100 
76 79 69 64 59 57 54 65 65 54 57 59 64 69 80 81 71 74 83 85 87 94 100 
76 79 69 64 59 57 54 65 65 62 67 74 71 81 82 84 83 85 101 102 98 94 100 
76 79 69 64 59 57 54 65 65 54 57 59 64 69 80 81 82 84 83 85 87 94 100 
76 79 69 64 59 57 54 65 65 54 57 59 64 69 80 81 71 74 83 85 101 102 98 94 100 
76 79 69 64 59 57 54 65 65 54 57 59 64 69 80 81 82 84 83 85 101 102 98 94 100 
76 79 69 64 59 57 54 65 65 45 34 48 53 54 57 59 64 69 80 81 71 74 83 85 87 94 100 
76 79 69 64 59 57 54 65 65 45 34 48 53 54 57 59 64 69 80 81 82 84 83 85 87 94 100 
---------------
Request id 3
92 93 86 79 69 64 59 57 54 65 62 67 63 68 66 78 
92 93 86 79 69 64 59 57 54 65 62 67 63 68 77 73 72 75 78 
92 93 86 79 69 64 59 57 54 65 62 60 58 55 52 50 46 49 56 75 78 
92 93 86 79 69 64 59 57 54 65 54 57 59 64 69 80 81 71 74 67 63 68 66 78 
92 93 86 79 69 64 59 57 54 65 62 60 58 55 52 50 46 49 56 75 72 73 77 68 66 78 
92 93 86 79 69 64 59 57 54 65 54 57 59 64 69 80 81 82 84 83 74 67 63 68 66 78 
92 93 86 79 69 64 59 57 54 65 54 57 59 64 69 80 81 71 74 67 63 68 77 73 72 75 78 
92 93 86 79 69 64 59 57 54 65 45 34 48 53 54 57 59 64 69 80 81 71 74 67 63 68 66 78 
92 93 86 79 69 64 59 57 54 65 54 57 59 64 69 80 81 82 84 83 74 67 63 68 77 73 72 75 78 
92 93 86 79 69 64 59 57 54 65 45 34 48 53 54 57 59 64 69 80 81 82 84 83 74 67 63 68 66 78 
---------------
Request id 10
97 99 100 94 87 85 83 74 67 62 65 62 60 58 55 52 50 46 40 36 35 29 23 17 18 
97 99 100 94 87 85 83 74 67 62 65 62 67 63 68 66 78 75 56 49 46 40 36 35 29 23 17 18 
97 99 100 94 87 85 83 74 67 62 65 62 60 58 55 52 50 46 40 37 30 21 26 35 29 23 17 18 
97 99 100 94 87 85 83 74 67 62 65 62 67 63 68 77 73 72 75 56 49 46 40 36 35 29 23 17 18 
97 99 100 94 87 85 83 74 67 62 65 62 67 63 68 66 78 75 56 49 46 40 37 30 21 26 35 29 23 17 18 
97 99 100 94 87 85 83 74 67 62 65 62 67 63 68 77 73 72 75 56 49 46 40 37 30 21 26 35 29 23 17 18 
97 99 100 94 87 85 83 74 67 62 65 54 57 59 64 69 80 81 71 74 67 62 60 58 55 52 50 46 40 36 35 29 23 17 18 
97 99 100 94 87 85 83 74 67 62 65 54 57 59 64 69 80 81 71 74 67 63 68 66 78 75 56 49 46 40 36 35 29 23 17 18 
97 99 100 94 87 85 83 74 67 62 65 54 57 59 64 69 80 81 82 84 83 74 67 62 60 58 55 52 50 46 40 36 35 29 23 17 18 
97 99 100 94 87 85 83 74 67 62 65 54 57 59 64 69 80 81 71 74 67 63 68 77 73 72 75 56 49 46 40 36 35 29 23 17 18 
---------------
Request id 11
28 40 40 46 50 52 55 
28 40 40 46 49 56 75 78 66 68 63 67 62 60 58 55 
28 40 40 46 49 56 75 72 73 77 68 63 67 62 60 58 55 
28 40 40 46 49 56 75 78 66 68 63 67 74 71 81 80 69 64 59 57 54 65 62 60 58 55 
28 40 40 46 49 56 75 72 73 77 68 63 67 74 71 81 80 69 64 59 57 54 65 62 60 58 55 
28 40 40 46 49 56 75 78 66 68 63 67 74 83 84 82 81 80 69 64 59 57 54 65 62 60 58 55 
28 40 40 46 49 56 75 72 73 77 68 63 67 74 83 84 82 81 80 69 64 59 57 54 65 62 60 58 55 
28 40 40 46 49 56 75 78 66 68 63 67 74 71 81 80 69 64 59 57 54 53 48 34 45 65 62 60 58 55 
28 40 40 46 49 56 75 72 73 77 68 63 67 74 71 81 80 69 64 59 57 54 53 48 34 45 65 62 60 58 55 
28 40 40 46 49 56 75 78 66 68 63 67 74 83 84 82 81 80 69 64 59 57 54 53 48 34 45 65 62 60 58 55 
---------------
Request id 15
92 93 86 79 69 64 59 57 54 65 62 67 63 68 66 78 75 56 
92 93 86 79 69 64 59 57 54 65 62 60 58 55 52 50 46 49 56 
92 93 86 79 69 64 59 57 54 65 62 67 63 68 77 73 72 75 56 
92 93 86 79 69 64 59 57 54 65 54 57 59 64 69 80 81 71 74 67 63 68 66 78 75 56 
92 93 86 79 69 64 59 57 54 65 54 57 59 64 69 80 81 71 74 67 63 68 77 73 72 75 56 
92 93 86 79 69 64 59 57 54 65 54 57 59 64 69 80 81 82 84 83 74 67 63 68 66 78 75 56 
92 93 86 79 69 64 59 57 54 65 54 57 59 64 69 80 81 71 74 67 62 60 58 55 52 50 46 49 56 
92 93 86 79 69 64 59 57 54 65 54 57 59 64 69 80 81 82 84 83 74 67 63 68 77 73 72 75 56 
92 93 86 79 69 64 59 57 54 65 45 34 48 53 54 57 59 64 69 80 81 71 74 67 63 68 66 78 75 56 
92 93 86 79 69 64 59 57 54 65 45 34 48 53 54 57 59 64 69 80 81 71 74 67 63 68 77 73 72 75 56 
---------------
