Request id 4
13 8 11 10 3 1 0 7 8 9 5 4 6 4 3 10 11 
13 8 11 10 3 1 2 5 4 6 4 5 12 13 10 11 
13 10 3 1 0 7 8 9 5 4 6 4 5 12 11 
13 8 9 5 2 1 3 10 11 12 5 4 6 4 5 9 8 11 
13 12 5 4 3 1 0 7 8 9 5 4 6 4 5 12 13 10 11 
13 12 5 2 0 1 0 7 8 9 5 4 6 4 3 10 11 
13 8 11 10 3 1 3 10 11 12 5 4 6 4 5 12 11 
13 8 9 5 2 1 3 10 11 12 5 4 6 4 5 12 13 10 11 
13 12 11 10 3 1 0 7 6 7 8 13 12 11 
13 8 9 5 2 1 2 0 7 6 7 8 13 10 11 
13 12 5 2 1 3 10 11 12 5 4 6 7 0 1 3 10 11 
13 8 9 5 2 1 2 5 9 8 7 6 7 8 13 12 11 
13 10 11 12 5 2 1 3 10 11 8 7 6 4 5 12 11 
13 12 5 4 3 1 3 10 11 8 7 6 7 8 9 5 12 11 
13 12 5 2 1 2 0 7 6 4 5 12 13 10 11 
13 12 5 4 3 1 2 5 4 6 7 8 11 
13 10 3 1 2 5 4 6 7 0 1 3 10 11 
13 12 5 2 0 1 3 10 13 8 7 6 4 5 12 11 
13 8 7 0 1 0 2 5 4 6 7 8 11 
13 12 5 2 0 1 3 10 11 8 7 6 7 8 13 10 11 
13 8 11 10 3 1 2 5 9 8 7 6 7 8 13 12 11 
13 8 7 0 1 2 0 7 6 4 5 12 11 
13 10 3 1 3 4 6 7 0 2 5 12 11 
13 8 7 0 1 3 10 11 12 5 4 6 4 5 12 13 10 11 
13 8 9 5 2 1 3 10 11 8 7 6 4 3 10 11 
13 10 3 1 3 4 6 7 0 1 3 10 11 
13 8 9 5 2 1 0 7 8 9 5 4 6 7 8 9 5 12 11 
13 12 11 10 3 1 3 10 11 12 5 4 6 7 8 13 12 11 
13 10 11 12 5 2 1 3 10 11 8 7 6 4 3 10 11 
13 12 5 2 1 0 2 5 4 6 4 5 12 13 10 11 
---------------
Request id 14
13 12 11 10 3 1 2 5 9 8 
13 8 7 0 2 1 3 1 0 7 8 
13 12 5 4 3 10 13 8 
13 8 7 0 2 1 3 4 5 9 8 
13 12 5 4 3 4 5 9 8 
13 10 11 12 5 4 3 4 5 9 8 
13 8 7 6 4 3 10 11 12 13 8 
13 12 5 2 1 3 10 11 8 
13 8 9 5 4 3 1 0 7 8 
13 12 5 4 3 10 11 8 
13 8 7 6 4 3 4 5 12 13 8 
13 10 3 4 5 9 8 
13 8 7 0 1 3 4 5 9 8 
13 10 3 1 2 5 9 8 
13 8 9 5 4 3 4 6 7 8 
13 10 11 12 5 4 3 10 11 8 
13 8 7 0 1 3 1 2 0 7 8 
13 8 7 0 2 1 3 4 6 7 8 
13 12 5 4 3 4 5 12 13 8 
13 12 11 10 3 4 5 12 13 8 
13 8 9 5 4 3 1 2 0 7 8 
13 12 5 2 1 3 10 11 12 13 8 
13 10 3 1 0 7 8 
13 8 7 0 1 3 1 0 7 8 
13 10 11 12 5 4 3 4 5 12 13 8 
13 8 9 5 4 3 4 5 12 13 8 
13 8 7 6 4 3 4 5 12 11 8 
13 8 7 0 2 1 3 10 11 8 
13 12 5 2 1 3 1 2 5 9 8 
13 12 5 4 3 1 0 7 8 
---------------
Request id 11
9 5 12 11 8 7 6 7 0 2 5 12 13 
9 5 12 11 8 7 6 4 5 12 11 8 13 
9 8 7 6 7 0 2 5 12 13 
9 5 2 1 0 7 6 7 0 1 3 10 13 
9 5 2 1 0 7 6 7 0 2 5 12 13 
9 5 2 1 0 7 6 7 8 11 10 13 
9 8 13 12 5 4 6 7 0 1 3 10 13 
9 5 4 6 7 0 2 5 12 13 
9 5 12 13 8 7 6 7 8 11 12 13 
9 5 4 6 7 8 11 10 13 
9 5 12 13 8 7 6 4 3 10 13 
9 8 11 12 5 4 6 7 8 11 10 13 
9 5 4 6 7 0 1 3 10 13 
9 5 12 13 8 7 6 7 0 1 3 10 13 
9 5 12 13 8 7 6 7 8 11 10 13 
9 8 13 10 3 4 6 4 5 9 8 13 
9 8 13 12 5 4 6 4 5 12 13 
9 5 12 13 8 7 6 7 8 13 
9 5 2 1 3 4 6 4 3 10 13 
9 8 13 12 5 4 6 4 5 9 8 13 
9 5 12 11 8 7 6 4 5 12 13 
9 5 2 1 0 7 6 4 5 12 11 8 13 
9 8 13 12 5 4 6 4 3 10 13 
9 8 13 10 3 4 6 7 8 13 
9 5 12 13 8 7 6 4 5 9 8 13 
9 5 4 6 7 8 9 5 12 13 
9 5 2 1 3 4 6 7 8 9 5 12 13 
9 8 13 12 5 4 6 4 5 12 11 8 13 
9 5 12 13 8 7 6 7 0 2 5 12 13 
9 5 2 1 3 4 6 4 5 12 13 
---------------
Request id 7
2 5 4 3 1 3 10 11 8 7 6 7 0 1 3 10 11 
2 0 1 3 10 13 12 5 4 6 7 8 9 5 4 3 1 2 5 12 11 
2 5 12 13 10 3 1 2 5 4 6 4 5 12 11 10 3 4 5 12 11 
2 1 3 10 13 8 7 6 4 5 2 1 3 1 2 5 12 11 
2 5 9 8 7 0 1 3 10 13 12 5 4 6 7 0 1 3 10 11 
2 0 7 8 13 10 3 1 3 10 13 8 7 6 4 5 2 0 1 3 4 5 9 8 11 
2 5 12 13 10 3 1 0 2 5 4 6 4 5 2 0 1 3 10 13 8 11 
2 5 12 13 10 3 1 2 0 7 6 4 3 10 11 
2 1 3 10 11 8 7 6 7 0 2 1 3 10 13 8 11 
2 0 1 3 10 13 12 5 4 6 4 5 2 1 3 1 2 5 9 8 11 
2 5 12 13 10 3 1 2 0 7 6 7 0 2 1 3 4 6 7 8 11 
2 0 7 8 13 10 3 1 3 4 5 9 8 7 6 7 8 11 10 3 4 5 9 8 11 
2 5 12 13 10 3 1 0 7 6 7 0 2 5 4 3 4 5 9 8 11 
2 0 7 6 4 3 1 3 4 6 7 0 2 5 4 3 10 13 8 11 
2 5 12 13 10 3 1 3 4 5 9 8 7 6 7 0 2 5 4 3 4 5 12 13 8 11 
2 0 7 6 4 3 1 2 5 9 8 7 6 7 0 1 3 4 5 12 11 
2 5 9 8 7 0 1 2 5 4 6 7 0 2 1 3 4 5 9 8 11 
2 5 9 8 13 10 3 1 2 5 9 8 7 6 4 5 12 11 10 3 1 0 7 8 11 
2 5 4 6 7 0 1 3 4 5 9 8 7 6 7 8 9 5 4 3 4 6 7 8 11 
2 0 7 8 13 10 3 1 3 10 13 8 7 6 7 8 13 10 3 1 2 5 12 11 
2 5 4 3 1 3 10 11 8 7 6 7 0 2 5 4 3 4 5 12 13 8 11 
2 5 4 3 1 2 5 4 6 4 5 2 0 1 3 10 13 12 11 
2 5 9 8 13 10 3 1 0 2 5 4 6 4 5 2 1 3 1 2 5 9 8 11 
2 5 12 11 10 3 1 3 4 6 4 3 4 5 12 11 
2 5 9 8 13 10 3 1 3 10 13 12 5 4 6 7 0 2 5 4 3 4 5 9 8 11 
2 0 1 3 10 13 12 5 4 6 4 3 4 5 12 13 8 11 
2 5 12 13 10 3 1 3 10 13 8 7 6 4 3 4 5 9 8 11 
2 5 9 8 13 10 3 1 3 4 5 9 8 7 6 7 0 2 1 3 10 11 
2 5 12 11 10 3 1 2 5 4 6 7 8 13 10 3 1 0 7 8 11 
2 5 9 8 13 10 3 1 0 2 5 4 6 7 0 1 3 10 13 12 11 
---------------
Request id 3
2 0 1 2 5 9 8 7 6 4 5 12 11 10 
2 5 4 6 7 0 1 0 7 8 9 5 4 6 7 8 11 10 
2 0 1 0 7 6 4 5 12 11 10 
2 5 9 8 13 10 3 1 2 5 9 8 7 6 7 0 2 1 3 10 
2 5 4 6 7 0 1 0 2 5 4 6 4 5 12 11 10 
2 5 4 6 7 0 1 3 10 13 8 7 6 7 8 11 12 13 10 
2 5 9 8 7 0 1 3 10 11 8 7 6 7 8 13 10 
2 1 2 5 4 6 7 0 2 1 3 10 
2 0 7 8 11 10 3 1 0 7 8 9 5 4 6 7 8 11 12 13 10 
2 5 9 8 7 0 1 3 10 13 8 7 6 7 8 11 10 
2 5 4 6 7 0 1 2 0 7 6 7 8 13 12 11 10 
2 0 7 6 4 3 1 0 7 8 9 5 4 6 7 0 2 1 3 10 
2 0 7 6 4 3 1 2 5 4 6 7 0 2 1 3 10 
2 5 9 8 7 0 1 2 5 9 8 7 6 4 5 12 13 10 
2 5 9 8 7 0 1 2 0 7 6 7 8 11 12 13 10 
2 0 1 2 5 4 6 7 0 2 1 3 10 
2 5 4 3 1 2 5 4 6 4 5 12 13 10 
2 5 12 13 10 3 1 0 7 8 9 5 4 6 7 0 1 3 10 
2 1 0 7 6 4 5 12 11 10 
2 5 4 6 7 0 1 2 0 7 6 7 0 1 3 10 
2 5 4 3 1 3 10 13 12 5 4 6 7 0 1 3 10 
2 5 4 3 1 3 10 13 8 7 6 4 3 10 
2 0 1 3 10 13 12 5 4 6 4 5 2 1 3 10 
2 5 9 8 7 0 1 3 4 6 7 8 13 10 
2 5 12 13 10 3 1 2 5 9 8 7 6 7 8 11 12 13 10 
2 5 12 13 10 3 1 3 4 6 7 0 1 3 10 
2 5 9 8 13 10 3 1 3 10 13 12 5 4 6 4 5 12 11 10 
2 5 12 13 10 3 1 0 7 6 7 8 11 10 
2 5 12 11 10 3 1 2 0 7 6 4 5 2 1 3 10 
2 0 1 3 10 13 8 7 6 4 5 2 1 3 10 
---------------
Request id 13
4 3 10 13 8 7 6 6 7 8 9 5 2 
4 6 6 7 0 2 
4 5 12 11 8 7 6 6 7 0 2 
4 3 1 0 7 6 6 7 0 2 
4 5 2 0 7 6 6 7 8 11 12 5 2 
4 5 12 13 8 7 6 6 7 8 11 12 5 2 
4 5 12 11 8 7 6 6 4 3 1 2 
4 5 2 0 7 6 6 7 0 2 
4 3 1 2 0 7 6 6 4 3 10 13 12 5 2 
4 3 1 0 7 6 6 4 5 2 
4 3 1 2 0 7 6 6 7 8 13 12 5 2 
4 5 2 1 0 7 6 6 7 8 9 5 2 
4 5 12 13 8 7 6 6 7 0 2 
4 5 9 8 7 6 6 7 8 13 12 5 2 
4 5 2 0 7 6 6 4 3 10 13 12 5 2 
4 3 10 13 8 7 6 6 7 0 2 
4 5 2 0 7 6 6 4 5 2 
4 3 1 2 0 7 6 6 4 3 1 2 
4 5 2 1 0 7 6 6 4 3 10 13 12 5 2 
4 3 1 0 7 6 6 7 0 1 3 4 5 2 
4 5 2 1 0 7 6 6 4 3 1 0 2 
4 3 1 0 7 6 6 7 8 13 12 5 2 
4 3 10 11 8 7 6 6 7 8 11 12 5 2 
4 6 6 7 8 9 5 2 
4 5 2 1 0 7 6 6 7 8 11 12 5 2 
4 5 2 0 7 6 6 7 0 1 3 4 5 2 
4 5 9 8 7 6 6 4 3 1 0 2 
4 5 9 8 7 6 6 4 3 1 2 
4 6 6 4 3 1 2 
4 5 9 8 7 6 6 7 8 9 5 2 
---------------
Request id 15
4 5 12 11 8 7 6 7 0 2 5 
4 5 12 11 8 7 6 7 8 13 12 5 
4 5 2 0 7 6 4 3 10 11 12 5 
4 3 1 2 0 7 6 4 5 
4 6 4 3 10 11 12 5 
4 5 2 1 0 7 6 7 8 9 5 
4 3 10 11 8 7 6 7 0 1 2 5 
4 3 1 0 7 6 4 5 
4 5 2 1 0 7 6 4 3 10 13 12 5 
4 3 10 11 8 7 6 4 5 
4 5 9 8 7 6 7 8 9 5 
4 5 9 8 7 6 4 3 10 11 12 5 
4 3 10 13 8 7 6 4 3 10 11 12 5 
4 3 1 0 7 6 7 8 9 5 
4 3 1 0 7 6 4 3 10 11 12 5 
4 5 2 0 7 6 4 3 1 2 5 
4 6 7 0 1 2 5 
4 5 2 1 0 7 6 4 3 1 2 5 
4 3 1 2 0 7 6 4 3 10 13 12 5 
4 3 10 13 8 7 6 7 8 11 12 5 
4 5 12 11 8 7 6 4 3 10 11 12 5 
4 5 12 13 8 7 6 4 3 10 13 12 5 
4 5 12 11 8 7 6 4 3 1 2 5 
4 5 2 0 7 6 7 8 13 12 5 
4 3 10 11 8 7 6 7 8 9 5 
4 3 10 13 8 7 6 7 8 13 12 5 
4 5 2 0 7 6 7 0 1 3 4 5 
4 5 2 0 7 6 4 3 10 13 12 5 
4 5 2 1 0 7 6 7 8 11 12 5 
4 3 1 2 0 7 6 4 3 1 2 5 
---------------
Request id 18
0 7 8 13 12 5 4 6 4 5 12 11 8 
0 2 1 3 4 6 4 5 9 8 
0 2 1 3 4 6 4 5 12 11 8 
0 1 3 4 6 4 5 12 13 8 
0 7 8 9 5 4 6 4 3 10 13 8 
0 2 5 12 13 8 7 6 4 3 1 0 7 8 
0 2 1 3 4 6 7 0 2 5 12 11 8 
0 1 3 10 13 8 7 6 4 3 10 13 8 
0 7 8 9 5 4 6 7 0 2 5 12 11 8 
0 2 5 9 8 7 6 4 5 2 0 7 8 
0 7 8 13 12 5 4 6 4 3 1 0 7 8 
0 1 2 5 4 6 7 0 2 5 12 11 8 
0 7 6 7 8 
0 7 6 4 5 9 8 
0 7 8 13 12 5 4 6 4 5 9 8 
0 2 5 12 13 8 7 6 4 3 10 11 8 
0 1 3 10 13 8 7 6 4 3 1 0 7 8 
0 1 2 5 4 6 4 5 9 8 
0 2 5 4 6 4 5 12 13 8 
0 2 5 4 6 7 8 
0 2 5 9 8 7 6 4 3 1 0 7 8 
0 7 6 4 5 2 0 7 8 
0 2 5 9 8 7 6 7 0 2 5 12 11 8 
0 2 1 3 4 6 7 8 
0 7 6 4 3 10 13 8 
0 2 5 9 8 7 6 4 3 10 13 8 
0 7 8 9 5 4 6 4 5 12 11 8 
0 7 6 4 3 10 11 8 
0 7 6 4 5 12 13 8 
0 1 3 4 6 4 5 12 11 8 
---------------
Request id 10
11 8 13 12 5 4 6 6 7 8 11 12 13 10 
11 10 13 12 5 4 6 6 7 8 13 10 
11 10 13 12 5 4 6 6 7 8 11 10 
11 8 7 6 6 7 8 11 12 13 10 
11 10 3 1 0 7 6 6 4 5 9 8 11 10 
11 10 3 4 6 6 7 8 13 12 11 10 
11 8 9 5 4 6 6 4 5 12 11 10 
11 10 3 4 6 6 7 8 11 12 13 10 
11 12 13 8 7 6 6 7 8 11 10 
11 10 13 8 7 6 6 4 5 9 8 11 10 
11 8 13 12 5 4 6 6 4 5 9 8 11 10 
11 8 7 6 6 7 0 1 3 10 
11 12 5 4 6 6 4 3 10 
11 12 5 9 8 7 6 6 4 5 12 13 10 
11 8 9 5 4 6 6 7 8 11 10 
11 10 13 12 5 4 6 6 4 5 12 13 10 
11 12 5 4 6 6 7 0 2 1 3 10 
11 8 9 5 4 6 6 7 8 13 12 11 10 
11 8 9 5 4 6 6 7 8 11 12 13 10 
11 10 3 1 0 7 6 6 7 0 2 1 3 10 
11 12 5 9 8 7 6 6 7 8 13 12 11 10 
11 10 13 8 7 6 6 4 5 12 13 10 
11 8 7 6 6 7 0 2 1 3 10 
11 12 5 9 8 7 6 6 4 5 9 8 11 10 
11 10 3 4 6 6 4 5 12 11 10 
11 8 7 6 6 7 8 13 10 
11 10 3 1 0 7 6 6 7 8 13 10 
11 8 13 12 5 4 6 6 7 8 11 10 
11 8 9 5 4 6 6 4 5 12 13 10 
11 12 5 4 6 6 7 8 11 12 13 10 
---------------
Request id 16
4 5 12 11 10 3 1 3 4 6 7 8 
4 5 12 13 10 3 1 3 10 11 8 
4 5 9 8 7 0 1 2 5 12 11 8 
4 6 7 0 1 2 5 12 11 8 
4 5 9 8 11 10 3 1 3 4 6 7 8 
4 3 1 3 10 11 8 
4 5 9 8 11 10 3 1 2 5 12 13 8 
4 6 7 0 1 0 2 5 9 8 
4 5 2 1 3 4 5 9 8 
4 5 2 0 1 3 10 11 8 
4 6 7 0 2 1 0 7 8 
4 3 1 0 7 8 
4 3 1 2 0 7 8 
4 5 12 13 10 3 1 2 0 7 8 
4 3 1 3 4 5 9 8 
4 6 7 0 2 1 3 4 6 7 8 
4 5 9 8 11 10 3 1 2 5 12 11 8 
4 5 12 11 10 3 1 2 5 12 13 8 
4 5 2 0 1 3 4 5 9 8 
4 6 7 8 9 5 2 1 2 0 7 8 
4 5 2 1 2 5 12 11 8 
4 5 12 11 10 3 1 3 10 11 8 
4 3 1 0 2 5 9 8 
4 5 2 0 1 3 4 6 7 8 
4 5 9 8 11 10 3 1 3 10 13 8 
4 6 7 0 2 1 0 2 5 9 8 
4 5 9 8 7 0 1 2 5 9 8 
4 6 7 0 2 1 3 10 13 8 
4 5 12 11 10 3 1 2 5 12 11 8 
4 5 12 13 10 3 1 2 5 9 8 
---------------
Request id 20
2 1 3 4 6 4 3 1 2 5 
2 5 4 6 4 3 1 2 5 
2 5 9 8 7 6 7 8 13 12 5 
2 5 9 8 7 6 7 8 9 5 
2 5 4 6 4 3 1 0 2 5 
2 5 9 8 7 6 4 3 1 2 5 
2 0 7 6 4 3 1 2 5 
2 5 12 11 8 7 6 7 0 1 3 4 5 
2 0 7 8 9 5 4 6 7 0 1 2 5 
2 0 7 6 7 8 9 5 
2 5 12 13 8 7 6 7 8 13 12 5 
2 5 4 6 7 0 1 2 5 
2 5 4 6 4 3 10 11 12 5 
2 0 1 3 4 6 7 0 1 2 5 
2 5 12 11 8 7 6 7 0 2 5 
2 0 1 3 4 6 4 5 
2 0 7 8 9 5 4 6 7 0 1 3 4 5 
2 5 12 13 8 7 6 7 0 1 3 4 5 
2 5 9 8 7 6 7 0 1 3 4 5 
2 5 12 11 8 7 6 7 8 11 12 5 
2 1 3 4 6 4 3 1 0 2 5 
2 5 4 3 1 0 7 6 4 3 1 2 5 
2 5 4 3 1 0 7 6 7 0 2 5 
2 5 9 8 7 6 7 8 11 12 5 
2 1 0 7 6 4 3 1 0 2 5 
2 0 1 3 4 6 7 8 13 12 5 
2 5 9 8 7 6 4 5 
2 5 4 3 1 0 7 6 4 5 
2 5 12 13 8 7 6 4 3 10 11 12 5 
2 5 9 8 7 6 4 3 10 11 12 5 
---------------
Request id 9
5 12 13 10 3 4 6 4 3 10 13 8 
5 2 1 3 4 6 7 8 
5 2 0 1 3 4 6 4 5 9 8 
5 2 0 1 3 4 6 4 3 10 11 8 
5 12 11 8 7 6 7 8 
5 12 13 8 7 6 7 0 2 5 12 11 8 
5 2 1 3 4 6 7 0 2 5 12 11 8 
5 4 6 4 3 1 0 7 8 
5 4 3 1 0 7 6 7 0 2 5 9 8 
5 12 13 8 7 6 4 5 9 8 
5 2 1 0 7 6 4 3 10 13 8 
5 2 1 0 7 6 4 3 1 0 7 8 
5 2 0 1 3 4 6 4 5 12 11 8 
5 2 0 7 6 4 3 10 13 8 
5 2 1 0 7 6 4 5 12 13 8 
5 9 8 7 6 4 5 2 0 7 8 
5 4 3 1 0 7 6 7 0 2 5 12 11 8 
5 2 1 0 7 6 4 3 10 11 8 
5 2 0 7 6 7 0 2 5 12 11 8 
5 2 0 7 6 7 8 
5 2 1 3 4 6 4 3 10 13 8 
5 12 11 8 7 6 4 3 10 11 8 
5 12 11 8 7 6 4 5 12 13 8 
5 9 8 7 6 7 0 2 5 12 11 8 
5 12 13 10 3 4 6 4 5 2 0 7 8 
5 12 11 8 7 6 4 3 10 13 8 
5 12 13 8 7 6 7 8 
5 4 6 4 5 12 11 8 
5 2 1 0 7 6 4 5 2 0 7 8 
5 12 13 10 3 4 6 7 8 
---------------
Request id 2
2 5 12 11 8 7 6 6 6 4 5 12 11 8 9 
2 5 12 11 8 7 6 6 6 7 0 2 5 9 
2 5 9 8 7 6 6 6 4 5 12 11 8 9 
2 0 1 3 4 6 6 6 4 3 10 11 8 9 
2 5 9 8 7 6 6 6 4 3 1 2 5 9 
2 5 12 11 8 7 6 6 6 7 8 11 12 5 9 
2 5 12 11 8 7 6 6 6 4 3 10 11 8 9 
2 0 7 6 6 6 4 3 10 11 8 9 
2 5 4 3 1 0 7 6 6 6 7 0 1 2 5 9 
2 0 7 6 6 6 4 3 1 2 5 9 
2 5 9 8 7 6 6 6 7 8 9 
2 5 9 8 7 6 6 6 4 5 9 
2 1 0 7 6 6 6 7 0 2 5 9 
2 5 4 6 6 6 7 8 11 12 5 9 
2 5 12 13 8 7 6 6 6 4 3 1 2 5 9 
2 0 7 6 6 6 7 8 9 
2 1 0 7 6 6 6 4 5 12 11 8 9 
2 1 3 4 6 6 6 7 8 9 
2 5 4 3 1 0 7 6 6 6 7 0 2 5 9 
2 1 3 4 6 6 6 4 3 1 2 5 9 
2 0 7 6 6 6 7 0 1 2 5 9 
2 5 4 6 6 6 4 5 12 13 8 9 
2 5 4 3 1 0 7 6 6 6 4 5 12 13 8 9 
2 0 7 6 6 6 4 5 12 11 8 9 
2 5 9 8 7 6 6 6 4 5 12 13 8 9 
2 0 7 8 9 5 4 6 6 6 7 0 2 5 9 
2 1 0 7 6 6 6 4 3 10 11 8 9 
2 1 0 7 6 6 6 7 0 1 2 5 9 
2 0 1 3 4 6 6 6 7 0 2 5 9 
2 5 12 11 8 7 6 6 6 4 5 9 
---------------
Request id 19
13 8 7 6 6 6 4 5 9 8 7 0 2 
13 10 3 4 6 6 6 4 3 10 13 12 5 2 
13 10 11 8 7 6 6 6 4 3 10 13 12 5 2 
13 12 5 4 6 6 6 4 3 10 13 12 5 2 
13 8 9 5 4 6 6 6 7 0 1 2 
13 12 11 8 7 6 6 6 7 0 2 
13 10 3 4 6 6 6 4 3 1 0 2 
13 10 11 12 5 4 6 6 6 4 3 1 2 
13 10 3 1 0 7 6 6 6 7 8 13 12 5 2 
13 8 11 10 3 4 6 6 6 7 8 9 5 2 
13 10 3 4 6 6 6 7 0 1 2 
13 12 5 4 6 6 6 7 0 1 2 
13 8 7 6 6 6 7 8 9 5 2 
13 10 11 12 5 4 6 6 6 7 0 2 
13 12 5 9 8 7 6 6 6 7 8 13 12 5 2 
13 10 11 12 5 4 6 6 6 4 3 1 0 2 
13 12 5 4 6 6 6 4 3 1 2 
13 12 5 9 8 7 6 6 6 4 5 2 
13 12 5 9 8 7 6 6 6 7 8 9 5 2 
13 12 5 9 8 7 6 6 6 7 0 1 2 
13 10 3 1 0 7 6 6 6 4 3 1 0 2 
13 10 3 1 0 7 6 6 6 7 0 1 2 
13 8 7 6 6 6 7 8 11 12 5 2 
13 12 5 9 8 7 6 6 6 7 0 2 
13 8 11 10 3 4 6 6 6 4 3 1 2 
13 10 3 1 0 7 6 6 6 4 3 10 13 12 5 2 
13 8 9 5 4 6 6 6 4 5 9 8 7 0 2 
13 8 7 6 6 6 7 0 1 2 
13 10 11 12 5 4 6 6 6 7 8 13 12 5 2 
13 12 5 4 6 6 6 4 5 9 8 7 0 2 
---------------
Request id 1
8 13 10 11 12 5 4 6 6 7 0 1 0 2 5 
8 11 12 5 4 6 6 7 8 9 5 2 1 3 10 11 12 5 
8 13 12 5 4 6 6 4 5 2 1 0 7 8 11 12 5 
8 7 0 2 5 4 6 6 4 5 2 0 1 0 7 8 11 12 5 
8 13 10 3 4 6 6 7 0 1 0 7 8 11 12 5 
8 7 6 6 7 8 9 5 2 1 0 7 8 11 12 5 
8 13 10 11 12 5 4 6 6 7 8 9 5 4 3 1 0 2 5 
8 11 12 5 4 6 6 7 0 1 0 7 8 13 12 5 
8 13 12 5 4 6 6 7 8 9 5 4 3 1 0 7 8 9 5 
8 11 10 3 4 6 6 7 0 2 1 2 0 7 6 4 5 
8 11 12 5 4 6 6 7 0 1 0 7 6 4 5 
8 9 5 4 6 6 7 8 9 5 2 1 3 4 5 
8 9 5 2 0 7 6 6 7 8 11 10 3 1 0 7 8 13 12 5 
8 13 10 3 4 6 6 4 5 2 0 1 0 2 5 
8 7 6 6 7 8 13 10 3 1 0 7 8 11 12 5 
8 13 12 5 4 6 6 7 0 2 1 0 7 8 11 12 5 
8 13 12 5 4 6 6 7 8 11 10 3 1 0 2 5 
8 7 0 1 3 4 6 6 7 0 2 5 4 3 1 0 7 8 11 12 5 
8 7 0 1 3 4 6 6 7 8 9 5 4 3 1 0 7 8 9 5 
8 7 0 1 3 4 6 6 7 8 9 5 4 3 1 3 10 13 12 5 
8 11 12 5 4 6 6 7 8 9 5 2 1 0 7 8 11 12 5 
8 13 10 3 4 6 6 7 8 11 10 3 1 0 2 5 
8 9 5 2 0 7 6 6 7 0 2 1 0 7 8 13 12 5 
8 11 12 5 4 6 6 7 0 2 5 4 3 1 0 7 8 13 12 5 
8 11 10 3 4 6 6 7 0 1 2 5 
8 9 5 2 0 7 6 6 7 8 9 5 2 1 0 7 8 9 5 
8 9 5 2 0 7 6 6 7 8 9 5 2 1 2 5 
8 9 5 2 0 7 6 6 7 8 9 5 2 1 2 0 7 6 4 5 
8 11 10 3 4 6 6 4 3 1 2 0 7 6 4 5 
8 9 5 2 0 7 6 6 7 0 2 1 3 10 13 12 5 
---------------
Request id 6
9 5 2 1 3 4 6 4 3 10 11 12 5 
9 5 12 13 8 7 6 7 0 2 5 
9 5 2 1 3 4 6 4 5 
9 5 2 0 7 6 4 5 
9 5 12 13 8 7 6 7 8 9 5 
9 5 2 1 3 4 6 7 0 1 2 5 
9 5 2 0 7 6 7 0 1 2 5 
9 8 7 6 7 8 11 12 5 
9 8 7 6 4 3 10 11 12 5 
9 5 2 1 3 4 6 4 3 1 0 2 5 
9 5 12 11 8 7 6 4 5 
9 5 4 6 7 8 9 5 
9 5 4 6 4 5 
9 5 12 13 8 7 6 7 0 1 2 5 
9 5 4 6 4 3 10 11 12 5 
9 8 11 10 3 4 6 4 3 1 0 2 5 
9 5 12 13 8 7 6 7 8 11 12 5 
9 5 2 1 0 7 6 7 8 11 12 5 
9 8 7 6 7 8 13 12 5 
9 5 2 1 0 7 6 4 5 
9 5 2 1 0 7 6 7 0 2 5 
9 8 13 12 5 4 6 7 8 13 12 5 
9 5 2 1 3 4 6 7 0 1 3 4 5 
9 8 13 12 5 4 6 7 8 11 12 5 
9 5 2 1 0 7 6 7 0 1 3 4 5 
9 8 7 6 4 5 
9 8 7 6 7 0 1 3 4 5 
9 8 11 10 3 4 6 4 3 10 11 12 5 
9 5 12 13 8 7 6 4 3 1 0 2 5 
9 8 11 12 5 4 6 4 5 
---------------
Request id 17
0 7 6 4 5 2 1 2 5 12 13 10 3 4 6 7 0 2 5 4 
0 2 5 12 11 10 3 1 2 5 9 8 13 10 3 10 11 8 7 6 7 0 2 1 3 4 
0 7 8 11 10 3 1 2 5 4 3 4 6 7 8 11 12 5 4 
0 7 8 13 10 3 1 0 7 6 4 3 1 2 0 7 6 7 8 11 12 5 4 
0 7 8 13 10 3 1 0 7 8 13 10 3 1 2 5 4 6 7 0 2 5 4 
0 1 2 5 12 11 10 3 10 13 12 5 4 6 7 8 9 5 4 
0 7 8 9 5 2 1 2 5 12 11 10 3 10 13 12 5 4 6 7 8 11 10 3 4 
0 7 6 4 3 1 2 5 9 8 13 10 3 1 2 5 4 6 7 0 1 2 5 4 
0 2 5 12 11 10 3 1 0 7 6 4 3 1 2 5 4 6 4 
0 7 8 13 10 3 1 2 5 9 8 13 10 3 1 0 7 6 7 8 13 12 5 4 
0 7 8 9 5 2 1 3 1 0 2 5 4 6 7 8 13 12 5 4 
0 7 8 9 5 2 1 3 1 2 0 7 6 7 8 13 12 5 4 
0 1 2 5 12 11 10 3 1 0 2 5 4 6 7 8 11 10 3 4 
0 2 1 2 5 12 13 10 3 1 0 2 5 4 6 7 8 13 10 3 4 
0 7 8 13 12 5 2 1 2 5 12 11 10 3 10 11 8 7 6 4 
0 2 5 4 3 1 0 2 5 4 3 1 0 2 5 4 6 7 8 11 10 3 4 
0 2 1 2 0 7 6 4 3 1 2 5 4 6 7 8 9 5 4 
0 7 8 11 10 3 1 2 0 7 6 4 3 10 11 8 7 6 7 8 9 5 4 
0 7 8 11 10 3 1 2 0 7 6 4 3 1 0 7 6 7 0 1 3 4 
0 1 2 5 12 13 10 3 1 0 7 6 7 8 13 12 5 4 
0 2 1 2 0 7 6 4 3 4 5 2 0 7 6 7 0 2 1 3 4 
0 2 1 0 2 5 4 3 10 13 12 5 4 6 7 0 2 5 4 
0 2 5 4 3 1 0 7 8 13 10 3 10 11 8 7 6 7 0 1 2 5 4 
0 1 0 2 5 4 3 1 0 2 5 4 6 7 0 1 3 4 
0 7 8 13 12 5 2 1 2 5 9 8 13 10 3 1 0 2 5 4 6 7 0 2 5 4 
0 2 1 0 7 6 4 3 10 13 8 7 6 7 0 1 2 5 4 
0 7 8 13 12 5 2 1 2 5 9 8 13 10 3 1 0 2 5 4 6 7 0 2 1 3 4 
0 7 6 4 5 2 1 0 7 8 11 10 3 4 6 7 8 9 5 4 
0 2 1 0 7 8 13 10 3 10 13 12 5 4 6 7 8 9 5 4 
0 7 8 13 10 3 1 2 5 9 8 13 10 3 1 2 0 7 6 7 0 2 5 4 
---------------
Request id 8
0 2 5 4 6 6 7 8 13 10 3 1 3 4 5 12 11 
0 1 3 4 6 6 7 0 2 5 4 3 1 2 5 12 13 10 11 
0 7 8 9 5 4 6 6 7 8 9 5 4 3 1 3 10 13 12 11 
0 1 3 4 6 6 7 0 2 5 4 3 1 2 5 12 11 
0 7 8 9 5 4 6 6 7 8 13 10 3 1 0 7 8 11 
0 2 5 4 6 6 4 5 2 0 1 2 0 7 8 11 
0 1 2 5 4 6 6 7 8 9 5 4 3 1 2 0 7 8 11 
0 2 1 3 4 6 6 7 8 9 5 2 1 3 4 5 12 11 
0 2 5 9 8 7 6 6 4 3 1 2 0 7 8 11 
0 2 1 3 4 6 6 7 8 11 10 3 1 2 5 12 11 
0 1 3 4 6 6 7 0 2 5 4 3 1 0 7 8 11 
0 7 6 6 4 5 2 0 1 3 10 13 8 11 
0 2 5 12 13 8 7 6 6 4 5 2 0 1 2 5 12 11 
0 2 1 3 4 6 6 7 8 11 10 3 1 2 5 9 8 11 
0 1 2 5 9 8 7 6 6 7 0 1 2 5 12 11 
0 2 5 4 6 6 4 5 2 1 0 7 8 11 
0 7 6 6 7 8 13 10 3 1 3 10 13 12 11 
0 1 2 5 4 6 6 4 5 2 1 0 7 8 11 
0 7 8 9 5 4 6 6 4 5 2 0 1 2 5 12 13 10 11 
0 2 5 12 13 8 7 6 6 7 8 11 10 3 1 3 10 13 12 11 
0 1 2 5 9 8 7 6 6 7 0 1 2 5 12 13 10 11 
0 7 8 9 5 4 6 6 7 0 1 3 10 13 12 11 
0 7 8 9 5 4 6 6 7 8 11 10 3 1 0 2 5 12 11 
0 2 5 4 6 6 7 8 13 10 3 1 3 10 13 8 11 
0 2 5 4 6 6 7 8 11 10 3 1 3 10 13 8 11 
0 7 8 9 5 4 6 6 7 0 2 1 3 10 11 
0 7 8 13 12 5 4 6 6 4 5 2 0 1 2 5 12 11 
0 7 6 6 7 8 13 10 3 1 0 7 8 11 
0 1 3 4 6 6 4 5 2 0 1 3 4 5 12 11 
0 7 8 13 12 5 4 6 6 7 8 9 5 4 3 1 3 10 13 12 11 
---------------
Request id 12
7 6 4 5 2 1 3 4 6 7 8 9 
7 8 11 10 3 4 6 4 5 2 0 1 3 10 13 8 9 
7 6 7 8 13 10 3 4 5 9 
7 8 11 10 3 4 6 7 8 11 10 3 1 0 2 5 9 
7 8 13 10 3 4 6 7 0 2 5 4 3 1 2 5 9 
7 8 13 10 3 4 6 4 5 2 1 3 4 6 7 8 9 
7 8 11 12 5 4 6 7 0 2 5 4 3 10 13 8 9 
7 8 11 10 3 4 6 7 8 11 10 3 4 5 9 
7 0 2 1 3 4 6 7 8 9 5 4 3 10 13 8 9 
7 6 4 5 12 13 10 3 10 11 8 9 
7 0 2 5 4 6 7 0 2 5 4 3 10 13 8 9 
7 0 1 3 4 6 4 5 2 1 3 10 11 12 5 9 
7 0 2 5 4 6 4 5 2 1 3 10 13 8 9 
7 8 11 12 5 4 6 7 0 1 3 10 13 12 5 9 
7 8 9 5 4 6 4 3 4 6 7 8 9 
7 0 2 1 3 4 6 4 5 2 0 1 3 1 0 2 5 9 
7 8 13 10 3 4 6 4 5 2 0 1 3 10 11 8 9 
7 6 7 0 1 3 10 11 8 9 
7 8 13 12 5 4 6 4 5 2 1 3 4 6 7 8 9 
7 0 1 2 5 4 6 4 5 2 1 3 10 13 12 11 8 9 
7 8 13 12 5 4 6 7 0 2 1 3 10 13 12 5 9 
7 8 13 10 3 4 6 7 0 1 3 10 13 12 5 9 
7 0 2 5 4 6 7 8 11 10 3 4 5 9 
7 8 13 10 3 4 6 4 5 12 13 10 3 10 11 12 5 9 
7 8 9 5 4 6 4 3 10 11 12 5 9 
7 0 1 2 5 4 6 4 5 2 0 1 3 4 6 7 8 9 
7 0 2 1 3 4 6 7 8 13 10 3 4 6 7 8 9 
7 6 4 5 2 1 3 1 0 7 8 9 
7 6 7 8 9 5 4 3 10 13 12 5 9 
7 0 2 1 3 4 6 4 5 2 1 3 10 11 8 9 
---------------
Request id 5
7 6 4 5 2 1 2 5 9 8 11 10 3 4 5 12 11 8 
7 8 9 5 2 1 2 0 7 6 4 3 4 6 7 8 
7 0 1 0 7 8 13 10 3 10 13 12 11 8 
7 8 11 10 3 1 2 5 12 11 10 3 4 5 12 11 8 
7 8 11 10 3 1 0 7 8 13 10 3 10 13 8 
7 0 1 2 5 9 8 11 10 3 10 11 12 13 8 
7 8 13 10 3 1 0 7 8 13 10 3 10 11 8 
7 8 11 12 5 2 1 0 7 8 13 10 3 10 11 12 13 8 
7 6 4 5 2 0 1 0 2 5 4 3 10 11 12 13 8 
7 8 13 10 3 1 2 5 12 11 10 3 10 11 8 
7 8 11 10 3 1 2 5 9 8 11 10 3 4 6 7 8 
7 6 4 5 2 1 0 7 8 11 10 3 1 0 7 8 
7 8 13 10 3 1 0 7 6 4 3 4 5 12 11 8 
7 6 4 5 2 1 3 10 11 12 13 8 
7 0 1 0 7 8 11 10 3 4 5 12 11 8 
7 8 9 5 2 1 2 5 12 11 10 3 1 0 7 8 
7 8 9 5 2 1 0 7 8 13 10 3 1 0 7 8 
7 8 9 5 2 1 0 2 5 4 3 10 13 8 
7 0 2 1 0 7 8 13 10 3 10 11 8 
7 6 4 5 2 0 1 0 7 8 11 10 3 10 11 8 
7 6 4 5 2 1 2 5 9 8 11 10 3 1 2 0 7 8 
7 6 4 5 2 1 2 0 7 6 4 3 4 6 7 8 
7 8 9 5 2 1 0 7 6 4 3 4 5 9 8 
7 8 11 12 5 2 1 2 5 12 13 10 3 4 5 9 8 
7 8 9 5 2 0 1 0 7 6 4 3 10 11 12 13 8 
7 6 4 3 1 2 5 4 3 1 2 0 7 8 
7 6 4 5 2 1 2 5 9 8 11 10 3 1 2 5 9 8 
7 8 9 5 2 0 1 2 5 12 11 10 3 1 2 5 9 8 
7 8 11 12 5 2 1 2 0 7 6 4 3 10 13 12 11 8 
7 6 4 3 1 2 5 9 8 11 10 3 1 0 7 8 
---------------
