Request id 12
10 11 8 7 0 1 3 10 13 12 5 2 1 3 10 13 12 5 2 
10 13 12 5 2 1 3 4 6 7 0 1 0 2 
10 11 12 5 2 1 3 10 13 12 5 2 1 0 7 8 13 12 5 2 
10 13 12 5 2 1 3 10 13 8 7 0 2 1 3 10 11 8 9 5 2 
10 13 8 9 5 4 3 4 6 7 0 2 1 0 2 
10 11 8 9 5 4 3 4 6 7 0 1 0 7 8 13 12 5 2 
10 11 8 9 5 4 3 4 6 7 0 2 1 0 7 6 4 5 2 
10 11 8 7 0 1 3 10 13 8 7 0 2 1 0 7 6 4 5 2 
10 11 12 5 4 3 10 11 8 7 0 1 3 10 11 12 5 2 
10 13 8 9 5 4 3 4 5 2 0 1 0 2 
10 3 10 11 8 7 0 1 2 
10 11 8 9 5 4 3 4 6 7 0 1 3 10 11 8 9 5 2 
10 13 8 7 0 1 3 4 6 7 0 2 1 0 7 8 9 5 2 
10 13 12 5 2 1 3 4 5 2 0 1 2 
10 3 10 13 8 7 0 1 3 10 11 12 5 2 
10 11 12 5 4 3 10 11 12 5 2 1 3 10 11 8 9 5 2 
10 11 12 5 2 1 3 10 11 12 5 2 1 0 7 8 13 12 5 2 
10 13 12 5 2 1 3 4 5 2 1 3 4 6 7 0 2 
10 13 12 5 4 3 1 3 10 11 12 5 2 
10 11 8 9 5 4 3 4 5 2 1 0 7 8 13 12 5 2 
10 11 8 7 0 1 3 10 11 8 7 0 1 0 7 8 9 5 2 
10 13 8 7 6 4 3 10 11 8 7 0 1 3 10 11 12 5 2 
10 11 8 7 0 1 3 10 13 8 7 0 2 1 3 4 6 7 0 2 
10 13 8 9 5 4 3 10 13 8 7 0 2 1 0 7 8 9 5 2 
10 13 8 7 0 1 3 10 11 12 5 2 1 3 10 11 12 5 2 
10 13 8 7 0 1 3 4 5 2 1 0 7 8 9 5 2 
10 11 8 9 5 4 3 10 11 8 7 0 1 0 7 8 9 5 2 
10 11 12 5 4 3 10 11 8 7 0 1 3 10 13 12 5 2 
10 11 8 7 0 1 3 4 6 7 0 1 3 10 11 8 9 5 2 
10 11 8 9 5 4 3 4 5 2 1 0 7 8 9 5 2 
10 13 8 9 5 4 3 1 3 4 5 2 
10 13 12 5 4 3 1 3 4 5 2 
10 13 12 5 2 1 3 10 11 12 5 2 1 3 10 13 12 5 2 
10 13 8 7 0 1 3 4 5 2 0 1 0 7 8 13 12 5 2 
10 3 4 5 2 0 1 0 2 
10 13 12 5 4 3 4 6 7 0 1 0 7 8 13 12 5 2 
10 13 12 5 2 1 3 10 13 8 7 0 1 3 4 5 2 
10 13 8 7 6 4 3 4 5 2 0 1 0 7 8 9 5 2 
10 11 12 5 4 3 10 13 12 5 2 1 0 2 
10 11 8 9 5 4 3 1 0 2 
---------------
Request id 9
7 0 2 5 4 3 4 5 2 1 0 
7 0 2 1 3 10 13 8 7 0 
7 0 1 3 1 2 0 
7 0 2 1 3 4 5 9 8 7 0 
7 0 1 3 10 13 12 5 2 0 
7 8 9 5 2 1 3 10 13 12 5 2 0 
7 8 13 10 3 10 13 12 5 2 0 
7 8 11 10 3 4 5 9 8 7 0 
7 6 4 5 2 1 3 4 5 9 8 7 0 
7 8 11 10 3 4 5 2 0 
7 8 13 12 11 10 3 4 6 7 0 
7 0 2 1 3 10 13 12 5 2 0 
7 8 9 5 2 1 3 4 5 2 0 
7 8 9 5 2 1 3 1 2 0 
7 0 2 5 4 3 1 2 0 
7 6 4 3 10 13 8 7 0 
7 8 13 12 11 10 3 10 13 8 7 0 
7 6 4 3 1 2 0 
7 8 13 10 3 10 11 8 7 0 
7 0 2 5 4 3 10 11 12 5 2 0 
7 6 4 5 2 1 3 1 2 0 
7 0 2 1 3 4 6 7 0 
7 6 4 5 2 1 3 4 6 7 0 
7 0 2 5 4 3 1 0 
7 8 9 5 4 3 4 5 2 1 0 
7 8 11 10 3 10 11 12 5 2 0 
7 8 9 5 2 1 3 1 0 
7 8 9 5 4 3 1 0 
7 0 1 3 10 13 8 7 0 
7 0 2 1 3 1 0 
7 8 13 12 11 10 3 4 5 2 0 
7 0 1 3 10 11 12 5 2 0 
7 6 4 3 4 6 7 0 
7 0 1 3 1 0 
7 8 13 10 3 4 6 7 0 
7 8 9 5 4 3 4 5 2 0 
7 6 4 3 10 11 12 5 2 0 
7 6 4 5 2 1 3 10 11 12 5 2 0 
7 8 13 10 3 10 11 12 5 2 0 
7 0 1 3 4 5 9 8 7 0 
---------------
Request id 23
11 8 9 5 4 6 6 4 3 10 
11 12 13 8 7 6 6 4 5 9 8 13 10 
11 12 5 2 0 7 6 6 7 0 1 3 10 
11 8 7 6 6 7 0 2 1 3 10 
11 12 5 2 0 7 6 6 4 5 12 11 10 
11 10 13 12 5 4 6 6 7 8 13 12 11 10 
11 10 3 1 0 7 6 6 7 8 11 12 13 10 
11 10 3 1 0 7 6 6 7 8 11 10 
11 10 3 1 0 7 6 6 4 5 9 8 13 10 
11 10 13 12 5 4 6 6 4 5 12 13 10 
11 12 5 2 0 7 6 6 7 0 2 1 3 10 
11 10 3 4 6 6 7 0 1 3 10 
11 8 7 6 6 4 5 12 13 10 
11 12 13 8 7 6 6 7 0 2 1 3 10 
11 8 13 10 3 4 6 6 7 8 11 12 13 10 
11 12 5 4 6 6 7 0 1 3 10 
11 10 13 12 5 4 6 6 4 3 10 
11 10 13 12 5 4 6 6 7 8 11 10 
11 10 3 1 0 7 6 6 7 8 13 10 
11 10 13 8 7 6 6 4 5 12 11 10 
11 12 5 2 0 7 6 6 7 8 11 10 
11 12 5 4 6 6 7 0 2 1 3 10 
11 10 3 1 0 7 6 6 4 5 12 11 10 
11 12 13 8 7 6 6 7 8 11 12 13 10 
11 8 13 10 3 4 6 6 7 8 11 10 
11 10 13 8 7 6 6 7 8 13 12 11 10 
11 10 13 12 5 4 6 6 4 5 9 8 13 10 
11 10 3 4 6 6 7 8 13 10 
11 12 5 4 6 6 7 8 11 10 
11 12 5 4 6 6 7 8 13 12 11 10 
11 8 13 10 3 4 6 6 4 5 12 13 10 
11 10 13 12 5 4 6 6 7 8 11 12 13 10 
11 12 13 8 7 6 6 4 5 12 11 10 
11 10 3 4 6 6 4 3 10 
11 12 13 8 7 6 6 7 8 13 10 
11 10 3 4 6 6 7 8 11 12 13 10 
11 12 5 4 6 6 4 5 12 11 10 
11 10 3 4 6 6 4 5 12 11 10 
11 10 3 4 6 6 7 0 2 1 3 10 
11 10 3 1 0 7 6 6 7 8 13 12 11 10 
---------------
Request id 1
7 0 1 2 5 4 6 4 5 12 11 8 9 
7 6 4 3 10 11 8 9 
7 8 13 10 3 4 6 7 8 9 
7 0 1 3 4 6 4 3 10 11 8 9 
7 8 13 12 5 4 6 7 8 9 
7 8 13 12 5 4 6 4 3 10 13 8 9 
7 0 2 1 3 4 6 7 0 1 2 5 9 
7 0 1 2 5 4 6 4 3 1 2 5 9 
7 8 13 12 5 4 6 7 0 2 5 9 
7 0 2 1 3 4 6 4 3 10 13 8 9 
7 0 2 5 4 6 4 3 10 11 8 9 
7 8 11 10 3 4 6 4 3 1 2 5 9 
7 8 9 5 4 6 7 8 11 12 5 9 
7 8 9 5 4 6 7 8 13 12 5 9 
7 8 13 10 3 4 6 7 8 13 12 5 9 
7 8 11 12 5 4 6 4 5 12 11 8 9 
7 0 1 3 4 6 4 5 9 
7 8 13 10 3 4 6 4 5 12 11 8 9 
7 8 11 12 5 4 6 7 8 13 12 5 9 
7 0 1 2 5 4 6 7 8 9 
7 8 13 12 5 4 6 4 5 12 11 8 9 
7 6 7 8 13 12 5 9 
7 8 11 12 5 4 6 4 3 1 2 5 9 
7 8 11 10 3 4 6 7 8 9 
7 0 1 3 4 6 7 0 1 2 5 9 
7 8 13 10 3 4 6 4 5 9 
7 6 7 8 9 
7 0 1 2 5 4 6 7 0 2 5 9 
7 8 9 5 4 6 4 3 10 11 8 9 
7 8 9 5 4 6 7 0 2 5 9 
7 0 1 3 4 6 4 3 10 13 8 9 
7 8 11 10 3 4 6 7 8 11 12 5 9 
7 8 9 5 4 6 4 5 9 
7 0 2 5 4 6 4 5 9 
7 8 11 10 3 4 6 4 5 12 11 8 9 
7 6 4 3 1 2 5 9 
7 8 13 12 5 4 6 4 3 1 2 5 9 
7 8 11 10 3 4 6 7 8 13 12 5 9 
7 0 1 2 5 4 6 7 0 1 2 5 9 
7 0 1 3 4 6 7 8 11 12 5 9 
---------------
Request id 6
5 4 6 7 0 1 2 5 9 8 7 6 4 3 1 2 
5 2 1 3 4 6 4 5 2 0 1 2 0 7 6 4 5 2 
5 2 0 7 6 7 0 2 5 4 3 1 2 5 4 6 7 8 11 12 5 2 
5 12 13 10 3 4 6 7 8 11 10 3 1 3 4 5 9 8 7 6 4 3 1 2 
5 2 1 3 4 6 4 5 2 1 3 4 6 7 0 2 
5 2 0 7 6 4 5 2 0 1 3 10 11 8 7 6 7 8 11 12 5 2 
5 12 11 8 7 6 7 0 2 1 2 0 7 6 7 8 13 12 5 2 
5 9 8 7 6 4 5 2 1 0 7 6 7 0 1 2 
5 4 6 7 0 2 5 4 3 1 0 2 5 4 6 4 5 2 
5 12 11 8 7 6 4 5 2 0 1 3 10 13 8 7 6 4 3 1 2 
5 12 13 10 3 4 6 7 0 2 1 3 10 13 8 7 6 4 3 10 13 12 5 2 
5 2 0 7 6 7 8 9 5 4 3 1 3 4 5 9 8 7 6 4 3 1 0 2 
5 2 0 7 6 7 0 2 1 3 10 13 12 5 4 6 7 8 13 12 5 2 
5 12 11 10 3 4 6 7 0 2 5 4 3 1 3 10 13 12 5 4 6 7 8 13 12 5 2 
5 9 8 7 6 4 5 2 0 1 3 4 6 7 0 1 3 4 5 2 
5 4 6 4 5 2 1 3 4 6 7 0 2 
5 2 1 0 7 6 7 0 1 3 10 13 8 7 6 7 0 1 2 
5 12 13 8 7 6 7 8 9 5 4 3 1 3 10 13 8 7 6 7 0 2 
5 12 13 8 7 6 7 8 9 5 4 3 1 0 7 6 4 3 1 0 2 
5 12 13 8 7 6 7 8 13 10 3 1 2 0 7 6 4 3 10 13 12 5 2 
5 12 13 10 3 4 6 4 5 2 0 1 3 4 5 9 8 7 6 4 5 2 
5 2 1 3 4 6 7 8 11 10 3 1 2 5 9 8 7 6 4 3 1 0 2 
5 12 13 8 7 6 7 0 2 5 4 3 1 2 5 4 6 7 0 2 
5 2 0 7 6 7 0 2 5 4 3 1 2 5 9 8 7 6 4 3 10 13 12 5 2 
5 2 0 7 6 7 0 2 1 3 10 11 8 7 6 4 3 1 2 
5 12 11 8 7 6 7 8 11 10 3 1 3 4 6 4 5 2 
5 4 3 1 0 7 6 4 5 2 0 1 2 5 9 8 7 6 4 5 2 
5 12 13 8 7 6 7 0 2 1 2 0 7 6 7 0 2 
5 4 6 4 5 2 1 2 5 4 6 4 5 2 
5 9 8 7 6 7 8 13 10 3 1 3 10 13 8 7 6 7 0 1 2 
5 2 0 7 6 7 8 13 10 3 1 3 10 11 8 7 6 7 0 2 
5 2 1 0 7 6 7 8 9 5 2 1 3 10 11 8 7 6 7 0 1 2 
5 2 1 3 4 6 7 0 1 3 4 6 7 8 13 12 5 2 
5 12 11 10 3 4 6 4 5 2 1 0 7 6 7 8 13 12 5 2 
5 4 6 7 0 1 3 10 11 8 7 6 4 3 1 0 2 
5 9 8 7 6 4 5 2 1 2 0 7 6 7 0 1 2 
5 12 13 10 3 4 6 4 3 1 2 0 7 6 4 5 2 
5 4 6 4 5 2 0 1 2 0 7 6 4 3 1 0 2 
5 2 1 3 4 6 7 0 1 3 4 6 4 5 2 
5 12 11 10 3 4 6 7 0 2 5 4 3 1 3 10 11 8 7 6 7 8 11 12 5 2 
---------------
Request id 15
10 11 12 5 4 6 4 5 2 0 
10 13 8 7 6 7 0 
10 13 8 9 5 4 6 4 5 12 13 8 7 0 
10 13 8 9 5 4 6 4 5 2 1 0 
10 11 8 7 6 7 0 
10 13 12 5 4 6 7 8 9 5 2 1 0 
10 3 4 6 7 8 9 5 2 1 0 
10 11 8 9 5 4 6 7 8 9 5 2 0 
10 11 12 5 4 6 4 5 2 1 0 
10 3 1 0 7 6 4 5 2 1 0 
10 11 8 9 5 4 6 7 8 9 5 2 1 0 
10 13 12 5 4 6 4 3 1 0 
10 11 12 5 4 6 7 0 
10 11 12 5 4 6 4 3 1 0 
10 3 1 0 7 6 4 3 1 2 0 
10 13 12 5 4 6 4 3 10 13 8 7 0 
10 3 4 6 4 5 9 8 7 0 
10 3 4 6 7 8 9 5 2 0 
10 3 1 0 7 6 7 8 9 5 2 0 
10 3 1 2 0 7 6 7 8 9 5 2 1 0 
10 13 8 7 6 4 3 1 2 0 
10 3 1 2 0 7 6 4 5 12 13 8 7 0 
10 3 4 6 4 3 10 13 8 7 0 
10 13 8 9 5 4 6 7 8 9 5 2 1 0 
10 13 8 7 6 4 3 10 13 8 7 0 
10 3 1 0 7 6 7 0 
10 13 12 5 4 6 7 8 9 5 2 0 
10 13 8 9 5 4 6 7 0 
10 11 8 7 6 4 3 10 13 8 7 0 
10 13 12 5 4 6 4 5 12 13 8 7 0 
10 13 12 5 4 6 4 5 9 8 7 0 
10 13 12 5 4 6 4 5 2 0 
10 3 4 6 7 0 
10 11 12 5 4 6 7 8 9 5 2 0 
10 13 12 11 8 7 6 4 3 1 2 0 
10 11 8 7 6 4 5 9 8 7 0 
10 13 12 11 8 7 6 7 8 9 5 2 1 0 
10 3 4 6 4 3 1 0 
10 13 8 7 6 4 5 9 8 7 0 
10 11 8 7 6 7 8 9 5 2 0 
---------------
Request id 10
4 5 12 11 10 3 1 2 0 7 6 4 5 2 0 1 3 4 5 2 0 
4 3 1 3 10 13 8 7 6 7 0 2 1 3 10 11 8 7 0 
4 5 2 0 1 0 2 5 4 6 7 8 9 5 2 1 3 10 11 8 7 0 
4 6 7 8 9 5 2 1 0 7 8 9 5 4 6 7 8 11 10 3 1 3 4 6 7 0 
4 5 2 0 1 0 7 8 9 5 4 6 7 8 13 10 3 1 3 10 11 8 7 0 
4 5 9 8 7 0 1 0 7 6 7 8 9 5 2 1 3 4 5 2 0 
4 6 7 0 1 3 10 11 12 5 4 6 4 5 2 0 1 3 4 5 2 0 
4 5 2 0 1 0 7 6 7 0 2 5 4 3 1 3 4 5 2 0 
4 6 7 8 9 5 2 1 3 4 6 4 3 1 3 4 5 2 0 
4 6 7 0 1 2 5 9 8 7 6 7 0 1 3 10 11 8 7 0 
4 3 1 3 4 6 4 3 1 2 5 9 8 7 0 
4 5 9 8 11 10 3 1 2 5 4 6 7 8 9 5 2 1 3 10 13 8 7 0 
4 5 9 8 11 10 3 1 2 5 4 6 7 0 1 2 5 4 6 7 0 
4 5 12 13 10 3 1 0 7 6 7 0 1 3 10 11 12 5 2 0 
4 3 1 2 0 7 6 7 0 2 1 2 5 9 8 7 0 
4 5 9 8 11 10 3 1 2 0 7 6 7 8 9 5 2 1 2 5 9 8 7 0 
4 5 9 8 7 0 1 3 10 11 12 5 4 6 7 8 13 10 3 1 3 10 13 12 5 2 0 
4 3 1 2 5 9 8 7 6 4 3 1 3 10 13 8 7 0 
4 5 9 8 11 10 3 1 2 0 7 6 7 0 2 5 4 3 1 3 10 11 12 5 2 0 
4 5 12 11 10 3 1 3 4 6 7 8 9 5 2 1 3 10 13 12 5 2 0 
4 5 2 0 1 0 7 6 7 8 13 10 3 1 3 10 11 8 7 0 
4 3 1 0 2 5 4 6 7 8 11 10 3 1 3 10 11 8 7 0 
4 5 2 1 2 5 9 8 7 6 7 0 2 5 4 3 1 3 4 6 7 0 
4 3 1 0 7 8 9 5 4 6 7 8 13 10 3 1 3 10 13 8 7 0 
4 5 9 8 7 0 1 3 10 11 8 7 6 7 8 9 5 2 1 3 10 13 12 5 2 0 
4 3 1 2 5 4 6 7 0 1 3 10 13 8 7 0 
4 6 7 0 2 1 0 7 8 9 5 4 6 4 5 2 0 1 0 
4 6 7 8 9 5 2 1 3 4 6 7 8 13 10 3 1 2 5 9 8 7 0 
4 5 2 0 1 2 0 7 6 7 8 11 10 3 1 2 5 9 8 7 0 
4 5 2 1 0 7 6 7 8 13 10 3 1 0 
4 5 12 13 10 3 1 2 5 4 6 7 0 2 1 3 10 13 8 7 0 
4 6 7 0 1 3 10 11 12 5 4 6 7 0 2 5 4 3 1 2 5 9 8 7 0 
4 5 12 13 10 3 1 3 10 11 12 5 4 6 4 5 2 1 2 5 4 6 7 0 
4 6 7 0 2 1 2 5 4 6 7 8 11 10 3 1 2 5 4 6 7 0 
4 5 12 13 10 3 1 3 10 13 8 7 6 4 5 2 0 1 3 10 11 12 5 2 0 
4 5 2 1 0 7 6 7 8 13 10 3 1 3 10 13 8 7 0 
4 6 7 8 9 5 2 1 0 7 8 9 5 4 6 7 0 2 1 3 10 13 8 7 0 
4 5 12 13 10 3 1 3 10 11 12 5 4 6 7 0 2 1 3 4 6 7 0 
4 6 7 0 1 0 7 6 4 3 1 3 10 11 12 5 2 0 
4 6 7 0 1 0 7 8 9 5 4 6 4 5 2 1 3 10 13 12 5 2 0 
---------------
Request id 27
7 6 4 5 2 1 0 7 6 6 4 5 12 11 10 13 
7 8 11 10 3 1 2 0 7 6 6 4 5 12 11 10 13 
7 6 4 5 2 0 1 3 4 6 6 4 3 10 13 
7 8 9 5 2 1 2 0 7 6 6 4 5 12 13 
7 8 13 10 3 1 3 10 11 8 7 6 6 7 0 1 3 10 13 
7 8 13 12 5 2 1 2 5 9 8 7 6 6 7 0 2 5 12 13 
7 8 9 5 2 1 3 4 5 9 8 7 6 6 4 5 12 13 
7 8 13 10 3 1 0 7 6 6 7 0 1 3 10 13 
7 0 1 2 5 4 6 6 7 8 13 
7 0 2 1 3 10 13 8 7 6 6 4 5 12 13 
7 8 11 10 3 1 3 4 6 6 4 5 9 8 13 
7 6 4 5 2 0 1 2 0 7 6 6 7 8 9 5 12 13 
7 0 1 0 7 6 6 7 8 9 5 12 13 
7 0 1 2 0 7 6 6 7 0 2 5 12 13 
7 6 4 5 2 1 3 4 5 9 8 7 6 6 7 8 11 12 13 
7 8 13 10 3 1 2 5 9 8 7 6 6 4 5 9 8 13 
7 8 9 5 2 0 1 3 4 5 9 8 7 6 6 4 5 9 8 13 
7 0 1 3 4 5 9 8 7 6 6 7 8 13 
7 6 4 5 2 1 3 10 13 8 7 6 6 4 3 10 13 
7 8 13 10 3 1 0 2 5 4 6 6 4 3 10 13 
7 8 9 5 2 0 1 3 4 6 6 4 5 12 11 10 13 
7 0 1 0 7 6 6 4 5 12 13 
7 0 1 3 4 6 6 4 5 9 8 13 
7 8 13 12 5 2 1 3 10 13 12 5 4 6 6 7 0 2 5 12 13 
7 0 2 1 2 5 4 6 6 4 5 9 8 13 
7 8 11 10 3 1 0 2 5 4 6 6 7 0 1 3 10 13 
7 8 13 12 5 2 1 3 10 13 8 7 6 6 7 0 2 5 12 13 
7 8 9 5 2 1 0 7 6 6 4 5 9 8 13 
7 0 2 1 2 0 7 6 6 4 3 10 13 
7 6 4 5 2 1 2 0 7 6 6 7 0 1 3 10 13 
7 0 1 3 10 13 8 7 6 6 4 5 12 13 
7 8 9 5 2 1 3 10 11 8 7 6 6 4 5 9 8 13 
7 8 9 5 2 0 1 2 0 7 6 6 7 8 11 10 13 
7 8 13 12 5 2 1 3 10 13 8 7 6 6 4 3 10 13 
7 0 2 1 2 5 9 8 7 6 6 4 3 10 13 
7 8 13 10 3 1 3 10 13 12 5 4 6 6 7 0 1 3 10 13 
7 8 9 5 2 1 0 2 5 4 6 6 4 5 12 13 
7 0 1 3 10 13 12 5 4 6 6 7 0 1 3 10 13 
7 6 4 5 2 0 1 3 4 6 6 4 5 9 8 13 
7 8 13 10 3 1 3 10 13 12 5 4 6 6 7 8 13 
---------------
Request id 14
8 13 10 3 4 6 7 8 13 10 3 10 
8 7 0 2 5 4 6 7 0 1 3 10 
8 7 0 1 3 4 6 7 8 11 10 3 4 5 12 11 10 
8 9 5 4 6 4 5 12 11 10 3 4 5 9 8 11 10 
8 13 10 3 4 6 7 8 9 5 4 3 4 5 9 8 11 10 
8 11 10 3 4 6 7 8 13 10 3 10 
8 11 10 3 4 6 4 3 4 5 12 13 10 
8 7 0 2 5 4 6 7 0 1 3 1 0 7 8 13 10 
8 13 10 3 4 6 4 3 1 2 5 12 13 10 
8 11 12 5 4 6 7 8 9 5 4 3 1 0 7 8 13 10 
8 9 5 4 6 7 0 1 3 4 5 9 8 11 10 
8 9 5 4 6 4 5 2 1 3 4 5 12 11 10 
8 11 12 5 4 6 7 0 1 3 1 2 5 12 13 10 
8 11 10 3 4 6 4 5 2 1 3 4 6 7 8 13 10 
8 7 0 1 3 4 6 7 8 11 10 3 1 2 5 12 13 10 
8 9 5 4 6 7 8 9 5 4 3 1 0 7 8 13 10 
8 9 5 4 6 4 5 2 1 3 10 
8 7 6 4 5 2 0 1 3 10 
8 7 0 1 3 4 6 4 5 12 11 10 3 1 2 5 12 11 10 
8 11 10 13 12 5 4 6 4 3 1 2 5 12 13 10 
8 11 10 13 12 5 4 6 4 3 1 2 5 12 11 10 
8 7 6 4 3 4 5 12 11 10 
8 11 12 5 4 6 7 0 2 5 4 3 1 2 5 12 11 10 
8 7 0 2 5 4 6 4 5 2 0 1 3 4 6 7 8 11 10 
8 7 0 2 5 4 6 7 0 1 3 4 5 12 13 10 
8 13 10 3 4 6 7 8 13 10 3 4 5 9 8 11 10 
8 11 10 3 4 6 7 0 2 1 3 4 5 12 11 10 
8 7 6 7 0 2 5 4 3 10 
8 11 10 13 12 5 4 6 7 0 2 5 4 3 4 5 12 11 10 
8 7 0 2 5 4 6 4 5 2 1 3 1 0 7 8 13 10 
8 7 0 1 3 4 6 4 3 1 2 5 12 13 10 
8 7 0 2 5 4 6 7 8 9 5 4 3 4 5 9 8 11 10 
8 11 10 3 4 6 4 5 12 11 10 3 1 2 5 12 13 10 
8 7 0 1 3 4 6 7 0 1 3 1 0 7 8 13 10 
8 7 0 2 5 4 6 7 8 11 10 3 4 6 7 8 13 10 
8 11 10 3 4 6 7 0 1 3 4 5 12 11 10 
8 13 10 3 4 6 4 5 2 1 3 1 0 7 8 13 10 
8 7 6 4 3 4 5 12 13 10 
8 11 12 5 4 6 7 0 1 3 10 
8 7 0 1 3 4 6 7 8 13 10 3 1 2 5 12 13 10 
---------------
Request id 19
7 6 4 3 10 11 8 9 5 
7 6 4 5 2 1 3 1 2 5 
7 0 2 1 3 10 13 8 11 12 5 
7 8 11 10 3 10 13 8 11 12 5 
7 8 9 5 4 3 1 0 2 5 
7 8 11 12 13 10 3 10 11 12 5 
7 8 9 5 2 1 3 10 11 8 13 12 5 
7 0 2 5 4 3 1 0 2 5 
7 8 11 12 13 10 3 10 13 8 9 5 
7 0 1 3 1 0 2 5 
7 6 4 5 2 1 3 10 13 8 11 12 5 
7 0 1 3 1 2 5 
7 0 2 1 3 1 2 5 
7 8 9 5 4 3 10 13 8 11 12 5 
7 6 4 5 2 1 3 10 13 12 5 
7 6 4 5 2 1 3 10 11 12 5 
7 8 9 5 4 3 10 11 12 5 
7 0 2 5 4 3 4 6 7 0 2 5 
7 6 4 5 2 1 3 1 0 2 5 
7 8 11 10 3 10 13 12 5 
7 0 2 1 3 4 6 7 0 2 5 
7 8 9 5 4 3 10 11 8 13 12 5 
7 0 2 5 4 3 10 11 12 5 
7 0 2 5 4 3 10 11 8 13 12 5 
7 6 4 3 10 13 8 9 5 
7 8 9 5 4 3 4 5 
7 0 2 1 3 10 13 8 9 5 
7 6 4 3 4 5 
7 8 9 5 2 1 3 4 5 
7 6 4 5 2 1 3 10 13 8 9 5 
7 6 4 5 2 1 3 10 11 8 9 5 
7 6 4 3 1 2 5 
7 8 9 5 4 3 10 13 12 5 
7 0 2 1 3 10 11 12 5 
7 8 13 10 3 10 13 8 11 12 5 
7 8 11 10 3 1 2 5 
7 0 1 3 10 11 12 5 
7 0 2 5 4 3 10 13 8 11 12 5 
7 8 11 10 3 10 11 8 9 5 
7 6 4 5 2 1 3 10 11 8 13 12 5 
---------------
Request id 11
0 2 1 3 4 6 4 5 12 13 8 9 
0 7 8 11 10 3 4 6 7 8 11 12 5 9 
0 2 5 4 6 7 8 11 12 5 9 
0 7 8 9 5 4 6 7 0 2 5 9 
0 1 2 5 9 8 7 6 4 5 9 
0 7 8 11 10 3 4 6 7 8 9 
0 1 3 4 6 7 0 1 2 5 9 
0 2 1 3 4 6 7 8 11 12 5 9 
0 1 3 4 6 7 0 2 5 9 
0 1 2 5 4 6 7 0 1 2 5 9 
0 1 2 5 4 6 7 8 11 12 5 9 
0 2 5 12 11 8 7 6 4 5 12 13 8 9 
0 1 3 4 6 4 3 1 2 5 9 
0 1 2 5 9 8 7 6 4 5 12 13 8 9 
0 2 5 9 8 7 6 7 0 2 5 9 
0 7 8 11 10 3 4 6 7 0 2 5 9 
0 7 8 9 5 4 6 7 8 9 
0 1 3 4 6 4 3 10 11 8 9 
0 2 5 12 11 8 7 6 4 3 10 13 8 9 
0 7 8 11 10 3 4 6 4 5 12 13 8 9 
0 2 1 3 4 6 4 3 10 13 8 9 
0 1 2 5 9 8 7 6 7 8 13 12 5 9 
0 2 5 12 11 8 7 6 7 8 13 12 5 9 
0 2 5 12 11 8 7 6 4 3 10 11 8 9 
0 2 1 3 4 6 4 3 10 11 8 9 
0 2 5 4 6 7 8 9 
0 2 1 3 4 6 7 8 9 
0 7 8 9 5 4 6 4 5 12 13 8 9 
0 2 1 3 4 6 4 3 1 2 5 9 
0 7 8 9 5 4 6 4 5 9 
0 2 5 4 6 7 0 2 5 9 
0 2 1 3 4 6 7 0 2 5 9 
0 2 5 9 8 7 6 4 3 10 13 8 9 
0 7 8 11 10 3 4 6 4 3 1 2 5 9 
0 2 5 4 6 4 3 10 11 8 9 
0 1 3 4 6 4 5 12 13 8 9 
0 2 5 12 11 8 7 6 7 8 9 
0 2 5 4 6 7 0 1 2 5 9 
0 2 5 12 11 8 7 6 4 3 1 2 5 9 
0 1 2 5 4 6 7 8 13 12 5 9 
---------------
Request id 25
11 8 9 5 4 6 7 8 9 5 4 3 10 11 12 5 2 0 
11 8 13 12 5 4 6 4 3 1 2 0 
11 8 13 12 5 4 6 7 8 11 10 3 1 0 
11 10 3 4 6 4 5 2 1 3 10 13 8 7 0 
11 12 13 8 7 6 4 3 10 13 12 5 2 0 
11 8 7 6 7 8 13 10 3 10 13 12 5 2 0 
11 10 13 8 7 6 4 3 4 5 9 8 7 0 
11 12 5 2 0 7 6 7 0 1 3 10 11 12 5 2 0 
11 12 5 2 0 7 6 7 8 9 5 4 3 10 11 8 7 0 
11 10 13 8 7 6 7 0 1 3 10 11 12 5 2 0 
11 12 5 2 0 7 6 4 5 2 0 1 3 4 6 7 0 
11 10 3 4 6 7 8 9 5 4 3 10 11 8 7 0 
11 8 9 5 4 6 4 3 10 13 12 5 2 0 
11 8 13 12 5 4 6 4 5 2 0 1 3 1 2 0 
11 8 7 6 4 5 2 0 1 3 10 11 12 5 2 0 
11 12 5 2 0 7 6 4 5 2 0 1 3 10 13 8 7 0 
11 8 13 12 5 4 6 4 5 2 0 1 3 10 11 12 5 2 0 
11 8 13 12 5 4 6 7 0 2 5 4 3 1 2 0 
11 12 5 4 6 4 5 2 1 3 4 5 2 1 0 
11 8 7 6 7 8 13 10 3 1 0 
11 10 13 8 7 6 7 8 11 10 3 1 0 
11 12 5 2 0 7 6 7 0 2 1 3 4 6 7 0 
11 10 13 8 7 6 4 3 10 13 12 5 2 0 
11 10 13 8 7 6 7 0 1 3 10 13 12 5 2 0 
11 10 13 12 5 4 6 7 8 9 5 4 3 10 11 8 7 0 
11 12 13 8 7 6 4 5 12 13 10 3 10 11 12 5 2 0 
11 8 13 12 5 4 6 4 5 12 13 10 3 4 5 9 8 7 0 
11 8 9 5 4 6 4 5 12 13 10 3 10 13 12 5 2 0 
11 12 5 2 0 7 6 7 8 9 5 4 3 4 5 9 8 7 0 
11 8 9 5 4 6 7 8 11 10 3 4 5 2 0 
11 10 13 12 5 4 6 7 0 2 1 3 10 11 8 7 0 
11 10 3 1 0 7 6 7 8 11 10 3 1 2 0 
11 8 13 12 5 4 6 7 8 13 10 3 4 5 9 8 7 0 
11 10 13 8 7 6 7 8 13 10 3 1 2 0 
11 10 3 4 6 7 0 1 3 10 11 12 5 2 0 
11 12 13 8 7 6 7 0 2 1 3 4 5 2 0 
11 12 5 4 6 4 5 2 0 1 3 10 11 12 5 2 0 
11 10 13 12 5 4 6 7 8 9 5 4 3 4 5 2 1 0 
11 12 5 4 6 7 8 9 5 4 3 1 2 0 
11 8 13 12 5 4 6 7 8 9 5 4 3 10 13 8 7 0 
---------------
Request id 8
10 3 1 2 0 7 6 6 6 7 0 1 3 10 11 
10 13 8 9 5 4 6 6 6 7 8 13 12 11 
10 11 8 7 6 6 6 4 5 12 11 
10 11 12 13 8 7 6 6 6 7 8 13 12 11 
10 3 4 6 6 6 4 5 9 8 11 
10 13 12 5 4 6 6 6 4 5 9 8 11 
10 3 1 2 0 7 6 6 6 4 3 10 11 
10 11 12 13 8 7 6 6 6 4 5 12 11 
10 13 8 9 5 4 6 6 6 7 8 11 
10 13 12 5 4 6 6 6 4 5 12 13 8 11 
10 3 1 0 7 6 6 6 7 0 1 3 10 11 
10 13 8 9 5 4 6 6 6 4 5 9 8 11 
10 11 12 13 8 7 6 6 6 4 3 10 11 
10 11 8 9 5 4 6 6 6 7 8 13 12 11 
10 3 1 2 0 7 6 6 6 7 8 9 5 12 11 
10 13 8 9 5 4 6 6 6 4 3 10 11 
10 13 8 9 5 4 6 6 6 7 8 9 5 12 11 
10 11 8 9 5 4 6 6 6 7 0 1 3 10 11 
10 3 1 0 7 6 6 6 4 5 12 11 
10 11 12 13 8 7 6 6 6 4 5 9 8 11 
10 13 8 7 6 6 6 7 0 2 5 12 11 
10 11 8 7 6 6 6 7 0 1 3 10 11 
10 11 12 13 8 7 6 6 6 7 0 1 3 10 11 
10 11 12 5 4 6 6 6 7 8 9 5 12 11 
10 11 8 9 5 4 6 6 6 4 5 9 8 11 
10 3 4 6 6 6 7 0 2 5 12 11 
10 3 4 6 6 6 7 8 9 5 12 11 
10 11 8 7 6 6 6 4 3 10 11 
10 3 1 2 0 7 6 6 6 7 0 2 5 12 11 
10 13 8 7 6 6 6 4 5 12 13 8 11 
10 13 12 5 4 6 6 6 7 0 2 5 12 11 
10 13 8 9 5 4 6 6 6 4 5 12 11 
10 11 8 7 6 6 6 4 5 9 8 11 
10 13 12 5 4 6 6 6 7 8 11 
10 13 8 7 6 6 6 7 0 1 3 10 11 
10 3 4 6 6 6 4 5 12 11 
10 13 8 7 6 6 6 7 8 11 
10 13 8 7 6 6 6 7 8 13 12 11 
10 13 8 7 6 6 6 4 3 10 11 
10 11 8 7 6 6 6 4 5 12 13 8 11 
---------------
Request id 29
11 10 3 4 6 7 
11 10 3 4 6 4 5 12 13 8 7 
11 8 9 5 4 6 4 3 10 13 8 7 
11 8 7 6 4 5 2 1 0 7 
11 12 5 9 8 7 6 7 
11 10 3 4 6 4 3 1 2 0 7 
11 8 9 5 4 6 4 3 1 0 7 
11 10 13 12 5 4 6 4 3 10 11 8 7 
11 10 3 1 0 7 6 4 5 12 11 8 7 
11 10 13 8 7 6 4 5 9 8 7 
11 8 13 12 5 4 6 4 3 1 0 7 
11 10 3 4 6 4 5 2 1 0 7 
11 8 7 6 4 5 12 13 8 7 
11 12 13 8 7 6 4 3 1 0 7 
11 8 7 6 7 
11 12 5 4 6 4 3 1 2 0 7 
11 8 13 12 5 4 6 4 5 2 0 7 
11 10 13 12 5 4 6 4 5 12 11 8 7 
11 12 13 8 7 6 4 5 2 0 7 
11 8 9 5 4 6 4 5 2 1 0 7 
11 12 13 8 7 6 4 3 10 11 8 7 
11 12 13 8 7 6 4 5 12 11 8 7 
11 8 13 12 5 4 6 4 5 2 1 0 7 
11 12 13 8 7 6 4 5 12 13 8 7 
11 12 5 4 6 7 
11 8 7 6 4 3 10 11 8 7 
11 12 5 9 8 7 6 4 5 2 0 7 
11 10 13 8 7 6 4 3 1 2 0 7 
11 8 7 6 4 5 12 11 8 7 
11 12 5 9 8 7 6 4 3 1 0 7 
11 8 9 5 4 6 4 5 9 8 7 
11 12 13 8 7 6 4 3 10 13 8 7 
11 10 3 1 0 7 6 4 5 2 0 7 
11 8 13 12 5 4 6 4 3 10 13 8 7 
11 10 3 1 0 7 6 4 3 10 13 8 7 
11 10 13 8 7 6 4 5 12 11 8 7 
11 12 5 4 6 4 5 12 13 8 7 
11 8 7 6 4 3 1 2 0 7 
11 12 13 8 7 6 4 3 1 2 0 7 
11 12 5 4 6 4 5 9 8 7 
---------------
Request id 2
4 5 12 13 8 7 6 7 8 11 12 5 
4 5 2 0 7 6 7 8 13 12 5 
4 5 9 8 7 6 7 0 2 5 
4 5 12 11 8 7 6 4 3 10 13 12 5 
4 3 1 0 7 6 7 8 11 12 5 
4 5 2 0 7 6 7 0 2 5 
4 6 4 3 10 13 12 5 
4 3 1 0 7 6 4 3 10 13 12 5 
4 6 7 8 13 12 5 
4 3 1 2 0 7 6 4 3 10 13 12 5 
4 5 12 13 8 7 6 7 0 1 3 4 5 
4 5 12 13 8 7 6 4 3 1 2 5 
4 5 2 1 0 7 6 7 0 1 2 5 
4 3 1 2 0 7 6 4 3 10 11 12 5 
4 5 12 13 8 7 6 7 0 2 5 
4 5 2 0 7 6 7 8 11 12 5 
4 3 1 0 7 6 7 8 9 5 
4 5 12 11 8 7 6 7 0 1 3 4 5 
4 6 7 8 9 5 
4 5 12 11 8 7 6 4 5 
4 5 9 8 7 6 4 3 1 2 5 
4 5 9 8 7 6 4 3 10 11 12 5 
4 5 9 8 7 6 7 8 13 12 5 
4 6 4 3 10 11 12 5 
4 5 12 11 8 7 6 4 3 10 11 12 5 
4 6 4 5 
4 5 12 11 8 7 6 7 0 1 2 5 
4 5 12 11 8 7 6 7 8 9 5 
4 5 12 13 8 7 6 4 3 10 11 12 5 
4 3 10 11 8 7 6 7 8 11 12 5 
4 3 1 0 7 6 7 8 13 12 5 
4 5 12 13 8 7 6 4 5 
4 5 9 8 7 6 4 5 
4 5 9 8 7 6 4 3 10 13 12 5 
4 3 10 11 8 7 6 7 8 13 12 5 
4 5 9 8 7 6 7 8 11 12 5 
4 3 10 11 8 7 6 7 0 1 3 4 5 
4 3 1 2 0 7 6 7 0 2 5 
4 5 2 1 0 7 6 7 8 11 12 5 
4 6 7 8 11 12 5 
---------------
Request id 3
0 2 1 0 2 5 4 
0 7 8 9 5 4 3 1 3 10 13 8 9 5 4 
0 7 6 4 3 1 3 10 13 12 5 4 
0 7 8 11 10 3 1 3 10 13 8 9 5 4 
0 7 8 13 10 3 1 0 2 5 4 
0 7 8 9 5 4 3 1 0 7 8 11 12 5 4 
0 7 8 9 5 2 1 3 10 11 12 5 4 
0 2 5 12 13 10 3 1 0 7 8 9 5 4 
0 7 8 9 5 2 1 3 10 13 8 9 5 4 
0 7 6 4 5 2 1 0 2 5 4 
0 1 3 4 
0 7 8 9 5 2 1 2 5 4 
0 2 1 3 10 13 8 9 5 4 
0 2 5 12 13 10 3 1 2 0 7 6 4 
0 2 1 0 7 6 4 
0 2 5 12 13 10 3 1 3 10 11 12 5 4 
0 7 8 13 10 3 1 3 10 13 8 9 5 4 
0 2 1 3 10 11 12 5 4 
0 7 8 9 5 4 3 1 0 7 6 4 
0 7 8 11 10 3 1 3 10 13 12 5 4 
0 7 8 11 10 3 1 0 7 8 9 5 4 
0 2 1 3 10 13 12 5 4 
0 1 0 2 5 4 
0 1 3 10 13 12 5 4 
0 7 6 4 3 1 0 7 8 11 12 5 4 
0 2 5 12 13 10 3 1 0 7 6 4 
0 7 8 9 5 2 1 3 10 13 12 5 4 
0 2 5 4 3 1 3 4 
0 2 5 4 3 1 3 10 11 12 5 4 
0 7 6 4 5 2 1 3 4 
0 7 6 4 3 1 3 4 
0 7 6 4 5 2 1 3 10 13 8 9 5 4 
0 2 1 2 0 7 6 4 
0 1 2 0 7 6 4 
0 2 1 3 4 
0 7 6 4 3 1 0 7 8 9 5 4 
0 2 5 4 3 1 3 10 13 8 9 5 4 
0 7 8 9 5 4 3 1 3 4 
0 2 1 0 7 8 9 5 4 
0 2 5 12 13 10 3 1 3 4 
---------------
Request id 21
10 11 12 5 4 6 4 5 2 0 1 3 4 5 9 8 7 6 4 3 1 0 7 8 
10 11 8 9 5 4 6 7 8 13 10 3 10 11 8 7 6 7 0 2 5 9 8 
10 11 8 9 5 4 6 7 0 1 3 1 0 2 5 4 6 4 3 10 13 8 
10 11 12 5 4 6 7 8 9 5 4 3 10 11 12 5 4 6 4 5 2 0 7 8 
10 3 1 0 7 6 4 5 2 0 1 3 10 13 8 7 6 7 0 2 5 9 8 
10 3 1 2 0 7 6 7 0 2 5 4 3 1 0 7 6 4 3 1 0 7 8 
10 13 8 9 5 4 6 4 5 2 0 1 3 1 2 5 4 6 4 3 10 11 8 
10 13 8 9 5 4 6 7 8 9 5 4 3 4 6 4 5 2 0 7 8 
10 13 8 7 6 4 5 2 0 1 3 10 13 8 7 6 7 0 2 5 9 8 
10 13 8 9 5 4 6 4 3 10 13 12 5 4 6 4 5 9 8 
10 11 12 5 4 6 4 3 1 0 7 6 7 0 2 5 12 11 8 
10 3 4 6 4 3 10 11 12 5 4 6 4 3 10 11 8 
10 3 4 6 7 8 11 10 3 10 11 8 7 6 4 3 1 0 7 8 
10 3 1 2 0 7 6 4 5 12 11 10 3 4 5 9 8 7 6 7 0 2 5 12 11 8 
10 3 4 6 7 0 1 3 1 0 7 6 4 3 10 11 8 
10 13 8 7 6 7 8 11 10 3 1 0 2 5 4 6 7 8 
10 3 1 0 7 6 7 0 2 5 4 3 4 5 9 8 7 6 7 8 
10 11 8 9 5 4 6 4 5 12 11 10 3 1 0 2 5 4 6 7 0 2 5 9 8 
10 11 8 9 5 4 6 4 5 2 0 1 3 1 2 0 7 6 4 3 10 13 8 
10 11 12 5 4 6 7 0 2 1 3 4 5 9 8 7 6 7 8 
10 13 8 9 5 4 6 7 8 9 5 4 3 4 5 9 8 7 6 4 3 1 0 7 8 
10 11 8 7 6 4 5 2 0 1 3 10 11 12 5 4 6 4 3 10 13 8 
10 3 4 6 4 3 4 6 4 5 2 0 7 8 
10 11 12 5 4 6 7 8 11 10 3 4 5 9 8 7 6 4 5 2 0 7 8 
10 11 8 7 6 7 8 9 5 4 3 10 11 12 5 4 6 4 5 12 13 8 
10 11 8 9 5 4 6 7 8 9 5 4 3 10 13 12 5 4 6 7 0 2 5 9 8 
10 3 1 0 7 6 4 3 4 6 4 5 2 0 7 8 
10 3 1 2 0 7 6 7 8 13 10 3 10 13 8 7 6 4 5 9 8 
10 13 12 5 4 6 7 8 9 5 4 3 10 11 12 5 4 6 4 5 12 13 8 
10 13 12 11 8 7 6 4 3 1 2 5 4 6 4 5 12 11 8 
10 3 1 0 7 6 7 8 13 10 3 1 0 7 6 4 3 10 11 8 
10 13 8 7 6 7 0 1 3 4 5 9 8 7 6 7 0 2 5 12 11 8 
10 11 8 7 6 7 8 11 10 3 1 0 7 6 7 0 2 5 12 11 8 
10 3 4 6 7 0 2 1 3 10 11 8 7 6 4 3 1 0 7 8 
10 3 1 0 7 6 7 0 2 1 3 4 6 4 3 1 0 7 8 
10 13 12 5 4 6 4 5 2 1 3 1 2 5 4 6 4 5 12 11 8 
10 13 8 7 6 7 0 2 1 3 10 13 8 7 6 7 0 2 5 9 8 
10 13 12 11 8 7 6 7 0 1 3 4 5 9 8 7 6 4 5 2 0 7 8 
10 13 12 5 4 6 4 5 2 0 1 3 4 5 9 8 7 6 7 0 2 5 9 8 
10 13 8 9 5 4 6 4 5 2 1 3 10 13 12 5 4 6 4 3 10 13 8 
---------------
Request id 30
10 11 12 5 4 6 6 7 8 13 10 3 4 5 9 
10 13 8 9 5 4 6 6 7 0 1 3 4 5 12 13 8 9 
10 3 1 2 0 7 6 6 7 0 2 1 3 1 0 2 5 9 
10 3 1 2 0 7 6 6 7 0 2 5 4 3 4 6 7 8 9 
10 13 8 9 5 4 6 6 7 8 9 5 4 3 4 5 9 
10 13 8 7 6 6 7 8 9 5 4 3 10 13 8 9 
10 11 12 5 4 6 6 7 8 11 10 3 4 5 9 
10 13 12 5 4 6 6 4 3 1 0 7 8 9 
10 3 1 2 0 7 6 6 4 5 2 1 3 4 5 12 13 8 9 
10 11 12 13 8 7 6 6 4 5 12 13 10 3 10 13 8 9 
10 13 8 9 5 4 6 6 4 5 2 1 3 4 5 12 13 8 9 
10 13 12 5 4 6 6 7 0 2 1 3 4 5 12 13 8 9 
10 13 8 7 6 6 4 3 10 11 12 5 9 
10 11 8 7 6 6 7 8 9 5 4 3 1 0 7 8 9 
10 13 8 9 5 4 6 6 4 5 2 0 1 3 10 13 12 5 9 
10 11 8 7 6 6 7 8 13 10 3 4 6 7 8 9 
10 11 8 9 5 4 6 6 7 0 2 1 3 10 13 12 5 9 
10 13 8 7 6 6 4 5 12 13 10 3 1 2 5 9 
10 11 12 5 4 6 6 7 0 2 5 4 3 1 0 2 5 9 
10 11 12 5 4 6 6 7 0 2 1 3 10 11 8 9 
10 3 1 0 7 6 6 7 0 1 3 4 5 12 13 8 9 
10 11 8 7 6 6 7 0 2 5 4 3 10 13 12 5 9 
10 11 8 9 5 4 6 6 4 3 4 6 7 8 9 
10 3 1 0 7 6 6 7 8 11 10 3 1 0 7 8 9 
10 3 4 6 6 4 5 12 13 10 3 1 0 7 8 9 
10 11 8 9 5 4 6 6 7 8 13 10 3 10 13 12 5 9 
10 11 8 7 6 6 4 5 2 1 3 4 5 9 
10 3 4 6 6 7 8 13 10 3 4 5 9 
10 11 8 9 5 4 6 6 7 0 2 1 3 10 11 8 9 
10 13 8 7 6 6 7 8 9 5 4 3 10 11 8 9 
10 3 1 0 7 6 6 7 8 11 10 3 4 5 12 13 8 9 
10 3 4 6 6 7 8 11 10 3 4 6 7 8 9 
10 3 1 2 0 7 6 6 7 0 2 1 3 10 11 8 9 
10 13 12 5 4 6 6 7 0 2 1 3 10 13 12 5 9 
10 11 8 9 5 4 6 6 7 8 13 10 3 4 5 9 
10 3 1 2 0 7 6 6 4 3 4 5 12 13 8 9 
10 3 4 6 6 7 8 11 10 3 1 2 5 9 
10 13 8 9 5 4 6 6 7 0 1 3 1 0 2 5 9 
10 3 1 2 0 7 6 6 7 8 11 10 3 10 13 12 5 9 
10 3 4 6 6 7 8 11 10 3 10 11 8 9 
---------------
Request id 17
2 5 9 8 13 10 3 10 13 8 7 6 7 8 11 10 3 1 2 0 
2 5 12 11 10 3 1 2 0 7 6 7 8 9 5 2 1 3 4 5 2 0 
2 5 12 13 10 3 1 0 7 6 7 8 13 10 3 1 2 0 
2 0 1 3 4 6 7 8 9 5 2 0 1 0 
2 0 7 6 4 3 10 11 8 7 6 7 8 11 10 3 1 3 4 5 2 0 
2 5 9 8 11 10 3 1 2 0 7 6 7 0 2 1 2 5 9 8 7 0 
2 0 1 3 4 5 9 8 7 6 4 3 1 3 10 13 8 7 0 
2 1 3 1 0 7 6 7 8 9 5 4 3 1 3 10 13 12 5 2 0 
2 5 9 8 13 10 3 1 0 7 6 4 5 2 0 1 3 10 13 8 7 0 
2 5 4 3 4 5 9 8 7 6 7 8 9 5 4 3 1 3 4 6 7 0 
2 5 12 13 10 3 10 13 8 7 6 7 8 13 10 3 1 3 10 13 8 7 0 
2 1 0 7 6 4 3 4 6 7 8 11 10 3 1 3 10 13 12 5 2 0 
2 0 7 6 4 3 10 11 12 5 4 6 7 8 9 5 4 3 1 3 10 11 8 7 0 
2 5 12 13 10 3 4 6 4 5 2 1 3 10 11 8 7 0 
2 0 7 8 13 10 3 1 0 2 5 4 6 7 0 2 1 3 10 11 8 7 0 
2 5 9 8 13 10 3 10 13 8 7 6 7 0 2 1 0 
2 5 12 13 10 3 1 2 0 7 6 4 5 2 1 2 5 4 6 7 0 
2 0 1 3 10 11 8 7 6 7 0 1 3 4 5 2 0 
2 5 9 8 11 10 3 1 0 7 6 4 3 1 3 10 13 12 5 2 0 
2 0 7 8 13 10 3 4 6 7 8 9 5 2 0 1 3 10 13 12 5 2 0 
2 1 3 1 2 5 4 6 7 0 2 1 3 10 13 12 5 2 0 
2 5 12 11 10 3 1 0 2 5 4 6 4 5 2 1 2 5 4 6 7 0 
2 5 12 11 10 3 4 5 9 8 7 6 7 8 9 5 2 0 1 2 0 
2 5 4 3 1 0 2 5 4 6 7 0 1 3 4 6 7 0 
2 0 1 3 10 13 12 5 4 6 4 5 2 1 3 4 6 7 0 
2 0 7 6 4 3 10 11 8 7 6 7 8 11 10 3 1 2 5 4 6 7 0 
2 5 9 8 11 10 3 4 6 4 5 2 1 3 10 11 8 7 0 
2 5 12 13 10 3 1 2 5 4 6 4 3 1 2 0 
2 1 3 4 6 7 8 13 10 3 1 3 10 11 12 5 2 0 
2 5 12 13 10 3 1 2 0 7 6 4 5 2 1 3 10 11 8 7 0 
2 1 3 10 11 12 5 4 6 7 8 11 10 3 1 3 4 6 7 0 
2 5 12 11 10 3 10 11 8 7 6 4 3 1 2 5 9 8 7 0 
2 0 1 3 4 6 4 5 2 0 1 3 10 13 12 5 2 0 
2 0 7 6 4 3 10 11 8 7 6 4 5 2 1 2 0 
2 5 9 8 11 10 3 4 5 9 8 7 6 7 8 13 10 3 1 3 4 5 2 0 
2 5 12 11 10 3 10 11 12 5 4 6 4 3 1 2 0 
2 5 12 13 10 3 10 11 12 5 4 6 7 8 9 5 2 1 2 5 9 8 7 0 
2 5 12 13 10 3 10 13 12 5 4 6 7 0 2 1 3 4 5 2 0 
2 1 0 7 6 4 3 4 5 9 8 7 6 4 5 2 1 3 4 6 7 0 
2 0 7 6 4 3 4 5 9 8 7 6 7 8 11 10 3 1 3 10 13 8 7 0 
---------------
Request id 28
0 1 2 5 4 3 4 6 7 0 2 1 3 10 13 12 5 4 
0 2 5 4 3 4 6 7 0 1 0 2 5 4 
0 1 2 5 4 3 10 13 8 7 0 2 1 3 10 11 12 5 4 
0 7 8 13 10 3 4 6 7 0 2 1 3 10 13 12 5 4 
0 7 6 4 3 4 5 2 0 1 2 5 4 
0 7 6 4 3 4 6 7 0 2 1 0 7 6 4 
0 2 1 3 10 13 8 7 0 1 3 10 11 8 9 5 4 
0 7 8 13 10 3 4 5 2 1 0 2 5 4 
0 2 5 4 3 1 0 2 5 4 
0 2 1 3 4 6 7 0 2 1 3 10 11 12 5 4 
0 2 5 12 13 10 3 4 5 2 1 3 10 13 12 5 4 
0 7 8 11 10 3 10 11 8 7 0 1 0 7 8 13 12 5 4 
0 7 6 4 3 10 11 8 7 0 1 0 2 5 4 
0 1 3 10 11 12 5 2 1 0 7 8 13 12 5 4 
0 2 5 12 13 10 3 10 11 8 7 0 1 3 4 
0 2 5 4 3 1 2 0 7 6 4 
0 7 6 4 3 10 13 8 7 0 2 1 2 5 4 
0 1 3 4 6 7 0 1 3 4 
0 7 8 13 10 3 4 6 7 0 1 0 7 8 9 5 4 
0 2 1 3 10 11 12 5 2 1 2 5 4 
0 2 5 4 3 10 11 8 7 0 1 0 7 8 13 12 5 4 
0 2 1 3 10 11 12 5 2 1 2 0 7 6 4 
0 1 2 5 4 3 10 13 12 5 2 1 3 10 11 8 9 5 4 
0 2 5 12 13 10 3 10 13 8 7 0 1 3 10 11 12 5 4 
0 7 6 4 3 1 3 4 
0 7 8 13 10 3 4 6 7 0 1 0 7 6 4 
0 7 8 13 10 3 10 13 8 7 0 1 0 2 5 4 
0 7 8 13 10 3 10 13 8 7 0 1 0 7 6 4 
0 2 5 12 13 10 3 10 13 12 5 2 1 3 10 13 12 5 4 
0 7 6 4 3 4 6 7 0 1 3 4 
0 2 5 12 11 10 3 4 6 7 0 1 0 7 6 4 
0 1 3 10 13 8 7 0 1 3 10 13 12 5 4 
0 2 1 3 4 5 2 1 2 0 7 6 4 
0 2 1 3 10 11 12 5 2 1 3 10 11 12 5 4 
0 7 8 9 5 4 3 4 6 7 0 1 3 4 
0 1 3 1 0 7 8 9 5 4 
0 7 8 11 10 3 10 13 8 7 0 2 1 3 10 11 8 9 5 4 
0 7 6 4 3 10 11 12 5 2 1 0 7 6 4 
0 7 6 4 3 4 5 2 0 1 0 7 8 13 12 5 4 
0 2 5 12 11 10 3 4 6 7 0 1 3 10 11 12 5 4 
---------------
Request id 18
13 10 11 8 7 6 6 6 7 0 
13 12 5 9 8 7 6 6 6 4 3 1 0 
13 8 11 12 5 4 6 6 6 7 8 9 5 2 1 0 
13 12 11 8 7 6 6 6 4 3 1 2 0 
13 10 11 8 7 6 6 6 4 3 10 11 8 7 0 
13 10 3 4 6 6 6 7 8 9 5 2 0 
13 8 9 5 4 6 6 6 4 5 12 11 8 7 0 
13 12 5 9 8 7 6 6 6 7 8 9 5 2 1 0 
13 8 9 5 4 6 6 6 4 3 1 0 
13 8 7 6 6 6 7 0 
13 10 3 1 0 7 6 6 6 4 5 2 0 
13 8 11 12 5 4 6 6 6 4 3 1 0 
13 12 11 8 7 6 6 6 7 8 9 5 2 0 
13 12 5 4 6 6 6 4 3 1 0 
13 12 11 8 7 6 6 6 4 5 12 11 8 7 0 
13 10 3 1 0 7 6 6 6 4 5 9 8 7 0 
13 10 11 8 7 6 6 6 4 5 12 11 8 7 0 
13 10 11 8 7 6 6 6 7 8 9 5 2 1 0 
13 12 5 4 6 6 6 7 8 9 5 2 0 
13 8 7 6 6 6 7 8 9 5 2 1 0 
13 12 5 9 8 7 6 6 6 4 5 12 11 8 7 0 
13 12 5 4 6 6 6 4 5 9 8 7 0 
13 10 3 1 0 7 6 6 6 4 3 10 11 8 7 0 
13 8 7 6 6 6 4 5 2 1 0 
13 8 11 12 5 4 6 6 6 4 3 1 2 0 
13 10 11 8 7 6 6 6 4 5 2 1 0 
13 12 11 10 3 4 6 6 6 4 5 12 11 8 7 0 
13 12 5 9 8 7 6 6 6 4 5 2 0 
13 10 3 4 6 6 6 4 5 9 8 7 0 
13 12 11 8 7 6 6 6 4 5 2 1 0 
13 12 5 9 8 7 6 6 6 7 0 
13 8 9 5 4 6 6 6 7 8 9 5 2 0 
13 10 3 1 0 7 6 6 6 7 0 
13 10 11 8 7 6 6 6 4 3 1 0 
13 8 7 6 6 6 4 3 1 0 
13 10 11 8 7 6 6 6 4 3 1 2 0 
13 10 3 4 6 6 6 4 5 2 0 
13 8 11 12 5 4 6 6 6 4 5 12 11 8 7 0 
13 12 5 9 8 7 6 6 6 4 3 1 2 0 
13 8 7 6 6 6 4 3 10 11 8 7 0 
---------------
Request id 7
13 12 11 8 7 6 4 5 12 11 8 9 
13 10 11 8 7 6 7 8 11 12 5 9 
13 8 7 6 4 5 12 11 8 9 
13 10 3 4 6 4 5 9 
13 12 5 4 6 7 8 9 
13 8 9 5 4 6 4 3 10 11 8 9 
13 12 5 2 0 7 6 4 5 9 
13 12 11 10 3 4 6 7 8 9 
13 10 3 4 6 7 0 2 5 9 
13 8 9 5 4 6 4 3 1 2 5 9 
13 12 11 8 7 6 4 5 9 
13 12 5 4 6 7 0 2 5 9 
13 8 7 6 7 8 13 12 5 9 
13 8 7 6 7 0 1 2 5 9 
13 12 5 4 6 7 8 13 12 5 9 
13 12 11 8 7 6 7 8 9 
13 12 11 8 7 6 7 8 13 12 5 9 
13 12 5 4 6 7 8 11 12 5 9 
13 12 11 8 7 6 4 3 1 2 5 9 
13 8 11 12 5 4 6 4 5 9 
13 10 11 8 7 6 7 0 1 2 5 9 
13 12 11 10 3 4 6 7 8 11 12 5 9 
13 10 11 8 7 6 7 8 9 
13 12 11 10 3 4 6 4 3 10 13 8 9 
13 10 3 4 6 7 8 13 12 5 9 
13 12 11 10 3 4 6 7 8 13 12 5 9 
13 10 3 1 0 7 6 4 3 10 11 8 9 
13 8 11 12 5 4 6 7 0 2 5 9 
13 12 11 10 3 4 6 4 3 10 11 8 9 
13 10 11 8 7 6 7 0 2 5 9 
13 8 7 6 7 0 2 5 9 
13 10 3 1 0 7 6 7 8 13 12 5 9 
13 8 7 6 4 3 1 2 5 9 
13 12 11 10 3 4 6 4 5 12 11 8 9 
13 10 11 8 7 6 4 5 12 11 8 9 
13 8 11 12 5 4 6 4 5 12 11 8 9 
13 12 11 8 7 6 7 8 11 12 5 9 
13 8 9 5 4 6 7 0 2 5 9 
13 12 5 4 6 4 5 9 
13 8 11 12 5 4 6 7 8 9 
---------------
Request id 16
13 12 5 4 3 1 3 10 13 8 7 6 7 0 1 3 4 5 
13 8 7 0 1 2 5 9 8 7 6 7 0 1 3 4 5 
13 10 3 1 3 10 11 12 5 4 6 4 3 1 0 2 5 
13 10 3 1 2 5 9 8 7 6 4 3 1 2 5 
13 12 11 8 7 0 1 3 10 11 12 5 4 6 7 0 1 2 5 
13 12 5 2 0 1 2 0 7 6 4 3 1 0 2 5 
13 12 11 8 7 0 1 0 7 6 7 8 11 12 5 
13 12 11 8 7 0 1 3 10 13 8 7 6 4 3 10 11 12 5 
13 12 11 10 3 1 3 10 11 12 5 4 6 4 3 1 0 2 5 
13 12 11 10 3 1 3 10 11 8 7 6 4 3 10 11 12 5 
13 8 7 0 1 3 10 11 8 7 6 4 3 1 2 5 
13 12 5 2 1 3 10 11 8 7 6 7 8 11 12 5 
13 12 11 10 3 1 3 4 6 7 0 2 5 
13 8 7 0 2 1 3 4 6 7 0 2 5 
13 12 5 2 0 1 3 10 11 8 7 6 7 0 1 3 4 5 
13 8 9 5 2 1 0 2 5 4 6 7 8 9 5 
13 12 5 2 1 3 10 11 12 5 4 6 7 8 11 12 5 
13 8 7 0 1 0 7 6 7 0 2 5 
13 12 11 8 7 0 1 3 10 11 12 5 4 6 7 8 11 12 5 
13 12 5 2 1 2 0 7 6 4 3 10 11 12 5 
13 8 11 10 3 1 0 2 5 4 6 7 0 2 5 
13 8 9 5 2 1 0 2 5 4 6 7 8 13 12 5 
13 8 7 0 2 1 3 10 13 8 7 6 7 0 2 5 
13 8 9 5 2 1 3 4 6 4 3 10 11 12 5 
13 8 7 0 2 1 3 4 5 2 0 7 6 4 5 
13 8 7 0 2 1 3 4 6 4 3 10 11 12 5 
13 8 11 10 3 1 2 5 4 6 4 3 1 2 5 
13 8 7 0 2 1 0 2 5 4 6 7 0 2 5 
13 8 7 0 2 1 2 5 4 6 7 8 9 5 
13 10 3 1 3 10 11 8 7 6 7 8 9 5 
13 8 11 10 3 1 0 2 5 4 6 7 0 1 2 5 
13 12 5 2 0 1 2 5 4 6 4 3 1 2 5 
13 8 11 10 3 1 3 4 6 4 3 1 2 5 
13 12 5 2 1 2 5 9 8 7 6 7 8 11 12 5 
13 8 7 0 1 0 2 5 4 6 7 0 1 2 5 
13 8 9 5 2 1 3 10 13 8 7 6 4 3 1 2 5 
13 8 11 10 3 1 2 5 9 8 7 6 4 3 10 11 12 5 
13 12 5 2 0 1 3 10 11 8 7 6 4 3 1 0 2 5 
13 8 7 0 2 1 2 5 9 8 7 6 4 5 
13 8 9 5 2 1 3 10 11 8 7 6 7 0 1 2 5 
---------------
Request id 22
9 5 12 11 10 3 1 3 10 11 12 5 
9 8 11 10 3 1 2 0 7 6 4 5 
9 5 4 3 1 0 7 8 11 12 5 
9 5 4 3 1 3 10 11 12 5 
9 8 7 0 1 2 0 7 6 4 5 
9 8 11 12 5 2 1 3 10 11 8 9 5 
9 8 11 12 5 2 1 2 0 7 6 4 5 
9 5 4 6 7 0 1 2 0 7 6 4 5 
9 5 4 3 1 2 5 
9 5 2 0 1 3 10 11 8 9 5 
9 8 7 0 1 0 7 6 4 5 
9 5 12 11 10 3 1 2 0 7 6 4 5 
9 5 2 0 1 0 7 6 4 5 
9 8 11 12 5 2 1 0 7 8 11 12 5 
9 5 2 0 1 3 10 11 12 5 
9 5 2 1 0 7 8 11 12 5 
9 8 11 10 3 1 3 10 13 12 5 
9 8 7 0 2 1 0 7 8 9 5 
9 8 7 0 1 3 10 11 8 9 5 
9 5 4 6 7 0 1 3 10 11 12 5 
9 8 13 10 3 1 0 7 8 9 5 
9 8 13 10 3 1 3 10 11 8 9 5 
9 5 12 11 10 3 1 0 7 6 4 5 
9 5 2 0 1 3 4 5 
9 8 7 0 2 1 3 10 11 12 5 
9 5 2 0 1 2 5 
9 8 7 0 2 1 3 10 13 12 5 
9 8 7 0 1 0 2 5 
9 5 4 6 7 0 1 0 7 6 4 5 
9 8 11 10 3 1 0 7 8 11 12 5 
9 8 13 10 3 1 0 2 5 
9 5 4 6 7 0 1 0 2 5 
9 8 7 0 1 3 4 5 
9 5 4 3 1 3 4 5 
9 5 2 1 0 7 6 4 5 
9 8 13 10 3 1 3 10 13 12 5 
9 5 12 11 10 3 1 3 10 13 12 5 
9 8 11 10 3 1 0 7 8 9 5 
9 8 11 12 5 2 1 0 2 5 
9 5 2 1 0 2 5 
---------------
Request id 4
8 9 5 4 3 1 2 5 9 
8 11 10 3 1 0 7 8 9 
8 13 12 5 2 1 0 7 8 9 
8 7 6 4 3 1 2 0 7 8 9 
8 7 0 1 0 2 5 9 
8 9 5 4 3 1 3 4 5 9 
8 13 10 3 1 3 10 13 8 9 
8 9 5 4 3 1 3 4 6 7 8 9 
8 11 10 3 1 3 10 13 12 5 9 
8 9 5 2 1 2 5 12 13 8 9 
8 7 0 2 1 2 5 9 
8 9 5 2 0 1 0 7 8 9 
8 11 12 5 2 1 0 2 5 9 
8 7 6 4 3 1 3 4 5 9 
8 13 12 5 2 1 3 10 13 8 9 
8 13 12 5 2 1 2 5 9 
8 7 0 1 0 7 8 9 
8 13 12 5 2 1 2 0 7 8 9 
8 13 12 5 2 1 3 4 5 9 
8 11 10 3 1 3 4 6 7 8 9 
8 7 6 4 3 1 0 2 5 9 
8 7 0 1 3 10 13 8 9 
8 13 10 3 1 2 5 9 
8 13 10 3 1 3 4 5 9 
8 11 12 5 2 1 3 10 11 8 9 
8 9 5 4 3 1 3 10 13 8 9 
8 9 5 2 1 0 2 5 9 
8 9 5 2 1 3 10 11 8 9 
8 11 12 5 2 1 3 4 6 7 8 9 
8 9 5 2 1 2 0 7 8 9 
8 13 12 5 2 1 3 4 6 7 8 9 
8 9 5 4 3 1 2 0 7 8 9 
8 7 0 1 2 5 9 
8 11 12 5 2 1 0 7 8 9 
8 9 5 2 0 1 2 5 12 13 8 9 
8 9 5 2 0 1 3 10 11 8 9 
8 9 5 2 0 1 3 4 6 7 8 9 
8 11 12 5 2 1 3 4 5 9 
8 9 5 2 0 1 3 4 5 9 
8 7 0 2 1 3 4 6 7 8 9 
---------------
Request id 26
0 1 3 4 6 6 6 7 0 2 5 12 11 8 
0 1 3 10 13 8 7 6 6 6 7 8 
0 7 8 13 10 3 4 6 6 6 4 5 12 13 8 
0 7 6 6 6 7 0 2 5 12 11 8 
0 2 1 3 4 6 6 6 7 0 2 5 9 8 
0 1 3 10 13 8 7 6 6 6 7 0 2 5 12 11 8 
0 1 3 10 13 8 7 6 6 6 4 5 12 11 8 
0 2 1 3 4 6 6 6 4 3 10 11 8 
0 7 8 13 10 3 4 6 6 6 7 8 
0 2 5 9 8 7 6 6 6 4 5 9 8 
0 2 5 9 8 7 6 6 6 4 3 10 11 8 
0 2 5 12 13 8 7 6 6 6 4 5 2 0 7 8 
0 1 2 5 4 6 6 6 4 5 2 0 7 8 
0 2 1 3 4 6 6 6 4 3 1 0 7 8 
0 2 5 9 8 7 6 6 6 4 5 12 13 8 
0 7 8 9 5 4 6 6 6 7 8 
0 2 5 4 6 6 6 7 8 
0 2 5 4 6 6 6 4 5 9 8 
0 2 5 12 13 8 7 6 6 6 4 3 10 13 8 
0 7 8 13 10 3 4 6 6 6 7 0 2 5 9 8 
0 7 8 9 5 4 6 6 6 4 5 12 11 8 
0 1 2 5 4 6 6 6 7 0 2 5 9 8 
0 1 2 5 4 6 6 6 4 5 12 11 8 
0 2 5 12 13 8 7 6 6 6 7 8 
0 1 2 5 4 6 6 6 4 3 1 0 7 8 
0 2 5 4 6 6 6 4 5 12 11 8 
0 2 5 4 6 6 6 4 3 10 13 8 
0 2 5 9 8 7 6 6 6 4 3 10 13 8 
0 7 6 6 6 4 3 10 11 8 
0 7 6 6 6 4 3 10 13 8 
0 1 3 10 13 8 7 6 6 6 4 5 2 0 7 8 
0 1 3 4 6 6 6 7 8 
0 2 5 4 6 6 6 7 0 2 5 12 11 8 
0 1 3 4 6 6 6 4 5 12 11 8 
0 7 8 13 10 3 4 6 6 6 4 5 12 11 8 
0 2 1 3 4 6 6 6 4 5 2 0 7 8 
0 2 5 12 13 8 7 6 6 6 7 0 2 5 9 8 
0 7 6 6 6 7 0 2 5 9 8 
0 1 3 4 6 6 6 7 0 2 5 9 8 
0 7 8 9 5 4 6 6 6 4 5 2 0 7 8 
---------------
Request id 5
10 11 12 5 2 1 3 4 6 7 0 1 3 4 5 12 11 
10 11 12 5 2 1 3 4 5 2 1 0 2 5 12 11 
10 13 12 5 4 3 4 6 7 0 1 0 7 8 11 
10 11 12 5 4 3 4 6 7 0 2 1 2 5 12 11 
10 11 12 5 2 1 3 10 13 8 7 0 2 1 0 7 8 11 
10 13 8 7 0 1 3 4 5 2 0 1 3 10 11 
10 11 12 5 4 3 10 13 12 5 2 1 0 2 5 12 11 
10 11 8 9 5 4 3 4 5 2 1 3 10 13 12 11 
10 13 8 7 0 1 3 10 13 8 7 0 1 2 0 7 8 11 
10 13 12 5 4 3 10 11 12 5 2 1 2 5 12 11 
10 3 10 13 8 7 0 1 0 2 5 12 11 
10 13 8 7 6 4 3 4 6 7 0 1 2 5 12 11 
10 13 8 7 0 1 3 10 13 8 7 0 2 1 2 0 7 8 11 
10 13 12 5 4 3 10 13 12 5 2 1 3 4 5 12 11 
10 11 8 7 0 1 3 1 3 10 13 12 11 
10 13 8 7 0 1 3 10 13 12 5 2 1 2 5 12 11 
10 3 10 13 12 5 2 1 3 10 13 12 11 
10 11 12 5 2 1 3 10 13 12 5 2 1 3 10 11 
10 13 8 9 5 4 3 10 13 12 5 2 1 2 5 9 8 11 
10 13 8 9 5 4 3 10 13 8 7 0 1 3 10 11 
10 13 8 7 0 1 3 10 11 8 7 0 1 2 5 9 8 11 
10 13 8 7 6 4 3 10 13 8 7 0 2 1 3 10 13 8 11 
10 13 8 7 6 4 3 1 3 4 5 12 11 
10 11 8 7 0 1 3 10 13 8 7 0 2 1 2 5 12 11 
10 13 8 7 6 4 3 1 0 2 5 12 11 
10 11 8 9 5 4 3 4 5 2 1 3 4 5 12 11 
10 11 8 7 0 1 3 4 5 2 1 3 10 13 8 11 
10 13 8 7 0 1 3 4 6 7 0 2 1 3 4 5 12 11 
10 3 4 5 2 1 2 5 9 8 11 
10 3 10 13 12 5 2 1 2 5 12 11 
10 3 10 11 8 7 0 1 3 10 13 8 11 
10 11 12 5 2 1 3 1 3 4 5 12 11 
10 11 12 5 2 1 3 4 5 2 0 1 3 10 13 12 11 
10 11 8 7 0 1 3 1 3 10 13 8 11 
10 13 8 9 5 4 3 4 6 7 0 1 3 10 11 
10 11 8 9 5 4 3 1 3 10 11 
10 11 8 9 5 4 3 1 3 10 13 8 11 
10 13 8 7 6 4 3 10 13 12 5 2 1 2 5 12 13 10 11 
10 13 8 7 6 4 3 4 5 2 0 1 2 5 9 8 11 
10 13 8 9 5 4 3 10 11 12 5 2 1 0 2 5 12 11 
---------------
Request id 20
7 6 4 5 2 1 2 5 4 6 7 8 9 5 2 1 0 7 6 4 5 2 
7 8 9 5 2 1 3 4 6 7 0 2 5 4 3 1 0 2 
7 6 4 5 2 1 3 4 6 7 0 2 5 4 3 1 2 
7 0 2 5 4 3 1 3 4 6 7 8 13 10 3 1 2 
7 8 9 5 4 3 1 0 2 5 4 6 7 8 9 5 2 1 3 4 6 7 0 2 
7 8 11 10 3 1 0 7 6 7 8 9 5 2 1 0 7 8 9 5 2 
7 8 9 5 2 1 2 5 4 6 7 8 9 5 2 1 0 7 8 9 5 2 
7 8 13 10 3 1 3 10 11 12 5 4 6 7 8 11 10 3 1 0 7 8 9 5 2 
7 0 2 1 3 10 13 8 7 6 7 8 13 10 3 1 3 10 13 8 9 5 2 
7 8 13 10 3 1 2 0 7 6 7 8 9 5 4 3 1 3 10 13 8 9 5 2 
7 8 11 10 3 1 2 5 4 6 7 0 2 1 3 10 11 12 5 2 
7 0 1 3 10 13 8 7 6 4 5 2 0 1 0 2 
7 0 2 1 3 10 11 12 5 4 6 4 5 2 1 3 10 11 12 5 2 
7 0 2 5 4 3 1 2 5 9 8 7 6 7 8 13 10 3 1 3 4 6 7 0 2 
7 6 4 3 1 2 5 4 6 4 5 2 1 0 2 
7 0 2 1 0 2 5 4 6 4 5 2 0 1 2 
7 8 11 10 3 1 0 7 8 9 5 4 6 4 5 2 0 1 3 10 13 12 5 2 
7 0 2 5 4 3 1 3 10 11 8 7 6 4 3 1 0 7 8 9 5 2 
7 6 4 3 1 2 0 7 6 7 8 9 5 4 3 1 3 10 11 12 5 2 
7 8 13 10 3 1 3 10 13 8 7 6 4 5 2 1 2 
7 8 9 5 4 3 1 3 10 11 12 5 4 6 7 8 11 10 3 1 3 4 6 7 0 2 
7 6 4 5 2 1 2 0 7 6 7 8 13 10 3 1 3 4 6 7 0 2 
7 8 9 5 4 3 1 3 4 6 7 0 1 0 7 6 4 5 2 
7 0 1 3 10 11 12 5 4 6 7 0 2 1 3 10 13 8 9 5 2 
7 0 2 5 4 3 1 3 4 6 7 8 9 5 4 3 1 0 7 8 9 5 2 
7 6 4 3 1 3 10 11 12 5 4 6 7 8 9 5 4 3 1 2 
7 0 1 3 10 11 12 5 4 6 7 8 11 10 3 1 0 7 6 4 5 2 
7 8 13 10 3 1 3 10 11 12 5 4 6 7 0 2 1 0 2 
7 8 13 10 3 1 3 10 13 8 7 6 7 8 13 10 3 1 3 10 13 12 5 2 
7 6 4 5 2 1 3 10 11 12 5 4 6 4 3 1 3 4 6 7 0 2 
7 0 2 1 2 0 7 6 4 5 2 1 0 7 8 9 5 2 
7 6 4 3 1 3 10 13 8 7 6 7 0 2 5 4 3 1 3 10 11 12 5 2 
7 8 13 10 3 1 0 7 6 7 8 9 5 2 1 3 10 11 12 5 2 
7 0 1 3 10 11 8 7 6 7 0 1 3 10 13 8 9 5 2 
7 0 1 0 2 5 4 6 7 8 13 10 3 1 3 10 13 12 5 2 
7 0 2 5 4 3 1 0 7 6 4 5 2 0 1 2 
7 8 13 10 3 1 3 10 13 8 7 6 7 0 2 5 4 3 1 3 4 6 7 0 2 
7 8 9 5 2 1 3 4 6 7 8 13 10 3 1 3 4 5 2 
7 8 9 5 4 3 1 0 2 5 4 6 7 0 2 5 4 3 1 0 2 
7 6 4 5 2 1 3 10 11 12 5 4 6 7 8 13 10 3 1 0 2 
---------------
Request id 13
4 3 1 0 7 6 4 3 1 0 
4 5 9 8 7 6 4 3 10 11 8 7 0 
4 5 2 1 0 7 6 4 5 2 1 0 
4 3 10 13 8 7 6 7 8 9 5 2 0 
4 5 2 0 7 6 4 5 9 8 7 0 
4 5 12 11 8 7 6 7 8 9 5 2 0 
4 3 1 2 0 7 6 4 3 10 11 8 7 0 
4 5 12 13 8 7 6 4 5 2 0 
4 3 1 2 0 7 6 7 0 
4 3 1 2 0 7 6 4 5 9 8 7 0 
4 5 2 1 0 7 6 7 8 9 5 2 0 
4 5 9 8 7 6 4 3 1 0 
4 3 10 13 8 7 6 4 5 9 8 7 0 
4 3 1 0 7 6 4 5 2 0 
4 5 12 11 8 7 6 4 5 2 0 
4 5 2 1 0 7 6 4 5 2 0 
4 6 4 5 9 8 7 0 
4 3 1 2 0 7 6 7 8 9 5 2 1 0 
4 3 10 11 8 7 6 4 3 10 11 8 7 0 
4 5 12 13 8 7 6 7 8 9 5 2 0 
4 5 12 13 8 7 6 4 5 9 8 7 0 
4 3 1 0 7 6 7 0 
4 6 4 3 1 0 
4 3 10 11 8 7 6 4 5 2 1 0 
4 3 1 0 7 6 4 5 9 8 7 0 
4 5 12 11 8 7 6 4 3 1 2 0 
4 5 12 13 8 7 6 4 5 12 11 8 7 0 
4 3 10 13 8 7 6 4 3 1 2 0 
4 3 10 13 8 7 6 7 8 9 5 2 1 0 
4 5 12 13 8 7 6 4 5 2 1 0 
4 3 10 11 8 7 6 4 5 12 11 8 7 0 
4 5 9 8 7 6 4 3 1 2 0 
4 5 2 0 7 6 4 3 1 2 0 
4 5 2 1 0 7 6 4 3 10 11 8 7 0 
4 5 9 8 7 6 7 0 
4 5 9 8 7 6 4 5 12 11 8 7 0 
4 3 10 13 8 7 6 4 5 2 0 
4 5 12 11 8 7 6 4 3 1 0 
4 6 4 5 12 11 8 7 0 
4 3 10 13 8 7 6 4 5 12 11 8 7 0 
---------------
Request id 24
4 3 10 11 8 7 6 4 5 12 11 8 7 
4 3 10 11 8 7 6 4 3 10 13 8 7 
4 6 4 5 2 0 7 
4 5 9 8 7 6 4 3 1 0 7 
4 5 12 13 8 7 6 4 5 9 8 7 
4 5 12 11 8 7 6 4 3 10 11 8 7 
4 3 10 13 8 7 6 4 3 1 2 0 7 
4 5 12 13 8 7 6 4 5 2 1 0 7 
4 3 1 2 0 7 6 4 3 10 13 8 7 
4 3 10 11 8 7 6 4 5 2 0 7 
4 3 1 0 7 6 4 5 2 1 0 7 
4 3 1 0 7 6 4 5 9 8 7 
4 5 12 13 8 7 6 4 5 2 0 7 
4 5 9 8 7 6 4 3 1 2 0 7 
4 5 12 11 8 7 6 4 5 9 8 7 
4 3 1 0 7 6 4 3 1 2 0 7 
4 3 10 13 8 7 6 4 5 2 1 0 7 
4 5 9 8 7 6 4 5 12 11 8 7 
4 6 4 5 2 1 0 7 
4 5 2 0 7 6 4 5 2 0 7 
4 3 1 0 7 6 4 5 12 11 8 7 
4 3 10 11 8 7 6 4 5 2 1 0 7 
4 5 2 1 0 7 6 4 5 2 0 7 
4 5 2 0 7 6 4 5 9 8 7 
4 5 2 0 7 6 4 3 10 11 8 7 
4 5 2 1 0 7 6 7 
4 5 12 13 8 7 6 7 
4 5 12 13 8 7 6 4 3 1 2 0 7 
4 5 2 0 7 6 4 5 12 11 8 7 
4 3 1 0 7 6 4 3 10 13 8 7 
4 3 10 13 8 7 6 4 3 10 13 8 7 
4 6 4 5 12 13 8 7 
4 5 2 0 7 6 4 5 12 13 8 7 
4 3 1 2 0 7 6 4 3 1 2 0 7 
4 3 1 2 0 7 6 4 5 12 11 8 7 
4 3 1 2 0 7 6 4 3 1 0 7 
4 5 12 13 8 7 6 4 5 12 11 8 7 
4 5 2 0 7 6 7 
4 6 4 3 1 2 0 7 
4 5 9 8 7 6 4 3 10 11 8 7 
---------------
