Request id 10
58 56 51 42 38 34 31 27 24 23 26 28 32 40 41 46 54 65 68 
58 55 49 42 38 39 33 30 24 30 33 39 40 56 58 63 66 67 68 
58 56 51 42 38 34 31 27 24 30 33 39 40 41 61 62 54 65 68 
58 56 40 39 33 30 24 30 33 39 40 41 61 62 66 67 69 68 
58 56 59 61 41 40 39 33 30 24 30 33 39 40 56 58 63 66 67 69 68 
---------------
Request id 1
0 5 3 6 11 16 18 13 13 13 18 15 9 
0 5 3 1 4 7 8 6 11 13 13 13 3 6 11 16 18 15 9 
0 2 9 15 19 29 25 18 13 13 13 18 15 9 
0 5 3 13 13 13 11 12 14 17 16 18 15 9 
0 5 3 6 11 16 18 13 13 13 3 5 0 2 9 
---------------
Request id 9
38 42 49 55 58 56 40 39 33 30 24 24 16 11 13 0 2 9 15 
38 39 40 32 28 26 23 24 24 16 18 15 
38 42 51 56 40 32 28 26 23 24 24 16 18 15 
38 42 51 56 40 39 33 30 24 24 16 11 6 3 13 18 15 
38 42 49 55 58 56 40 39 33 30 24 24 27 22 21 17 16 18 15 
---------------
Request id 6
27 31 34 38 39 40 32 28 26 23 24 24 24 27 31 34 38 42 49 50 53 52 
27 22 21 17 14 12 11 16 24 24 24 30 33 39 40 56 51 42 49 50 53 52 
27 22 21 17 20 24 24 24 23 26 28 32 40 39 38 34 43 47 52 
27 31 34 38 39 33 30 24 24 24 27 31 34 38 42 49 50 53 52 
27 22 21 17 14 12 10 8 6 11 16 24 24 24 27 31 34 38 42 49 50 53 52 
---------------
Request id 8
30 33 39 38 34 31 27 24 24 24 23 26 28 32 40 41 46 54 65 64 60 
30 33 39 40 32 28 25 18 16 24 24 24 16 18 25 29 36 37 45 44 48 57 60 
30 33 39 40 56 51 42 38 34 31 27 24 24 24 23 26 28 32 40 41 46 48 57 60 
30 33 39 38 42 51 56 40 32 28 26 23 24 24 24 23 26 28 32 40 41 46 48 57 60 
30 24 24 24 16 18 25 29 36 37 45 44 48 57 60 
---------------
Request id 3
32 40 39 38 34 31 27 24 16 18 18 18 13 11 16 17 20 24 23 26 28 25 
32 28 26 23 24 16 18 18 18 13 0 2 9 15 19 29 25 
32 40 39 33 30 24 20 17 16 18 18 18 16 24 30 33 39 40 32 28 25 
32 35 37 36 29 25 18 18 18 13 11 16 17 20 24 23 26 28 25 
32 28 26 23 24 20 17 16 18 18 18 15 19 29 36 37 35 32 28 25 
---------------
Request id 5
19 15 9 2 0 13 3 6 11 16 18 18 16 24 30 33 39 40 
19 15 9 2 0 5 3 13 18 18 16 17 20 24 30 33 39 40 
19 29 25 18 18 16 24 27 31 34 38 39 40 
19 29 36 37 35 32 28 25 18 18 13 11 16 24 23 26 28 32 40 
19 29 36 37 35 32 28 25 18 18 16 17 20 24 30 33 39 40 
---------------
Request id 7
33 39 40 32 28 25 18 13 11 16 24 24 24 27 31 34 38 42 49 50 53 
33 39 40 32 28 26 23 24 24 24 27 31 34 38 42 49 50 53 
33 39 38 34 31 27 24 24 24 20 17 21 22 27 31 34 43 47 52 53 
33 39 38 42 51 56 40 32 28 26 23 24 24 24 16 17 21 22 27 31 34 43 47 52 53 
33 39 40 32 28 25 18 16 24 24 24 23 26 28 32 40 56 58 55 49 50 53 
---------------
Request id 4
69 68 67 66 63 58 56 40 32 28 25 18 25 28 32 40 39 33 
69 67 66 63 58 56 40 32 28 25 18 13 11 16 24 30 33 
69 67 68 65 54 46 41 40 32 28 25 18 16 17 21 22 27 24 30 33 
69 68 65 54 62 61 41 40 32 28 25 18 13 11 16 24 30 33 
69 68 67 66 62 61 41 40 32 28 25 18 16 17 21 22 27 24 30 33 
---------------
Request id 2
7 8 6 11 13 0 5 3 3 6 11 13 18 25 29 36 
7 8 10 12 11 13 3 3 5 0 13 18 25 29 36 
7 8 6 11 16 18 13 0 5 3 3 5 0 13 18 15 19 29 36 
7 8 10 12 11 6 3 3 5 0 2 9 15 19 29 36 
7 8 6 11 13 3 3 5 0 2 9 15 19 29 36 
---------------
