Request id 9
6 7 8 9 5 2 0 0 0 7 8 11 12 5 2 
6 4 3 1 0 0 0 7 6 4 5 2 
6 4 3 1 0 0 0 7 8 11 12 5 2 
6 4 3 1 2 0 0 0 1 3 10 11 12 5 2 
6 7 8 9 5 2 1 0 0 0 1 2 
6 4 5 9 8 7 0 0 0 7 8 11 12 5 2 
6 4 5 2 1 0 0 0 1 2 
6 4 5 2 0 0 0 1 3 4 5 2 
6 4 5 9 8 7 0 0 0 7 6 4 5 2 
6 7 8 9 5 2 1 0 0 0 7 6 4 3 1 2 
6 4 3 1 2 0 0 0 7 8 9 5 2 
6 4 5 2 1 0 0 0 7 8 9 5 2 
6 7 8 9 5 2 0 0 0 2 
6 4 5 12 11 8 7 0 0 0 7 8 9 5 2 
6 4 5 2 0 0 0 7 6 4 5 2 
6 4 5 2 0 0 0 7 8 9 5 2 
6 4 3 1 0 0 0 7 8 9 5 2 
6 4 3 10 11 8 7 0 0 0 7 8 13 10 3 1 2 
6 4 3 10 11 8 7 0 0 0 7 8 11 12 5 2 
6 4 5 9 8 7 0 0 0 7 8 13 10 3 1 2 
6 4 5 2 1 0 0 0 7 6 4 3 1 2 
6 4 5 2 0 0 0 1 2 
6 4 5 9 8 7 0 0 0 1 3 4 5 2 
6 4 3 10 11 8 7 0 0 0 7 8 9 5 2 
6 7 8 9 5 2 1 0 0 0 1 3 4 5 2 
6 4 5 2 0 0 0 2 
6 4 3 1 2 0 0 0 7 6 4 5 2 
6 4 3 10 11 8 7 0 0 0 7 8 13 12 5 2 
6 4 3 1 0 0 0 7 8 13 10 3 1 2 
6 4 5 9 8 7 0 0 0 7 8 13 12 5 2 
6 7 8 9 5 2 1 0 0 0 7 8 13 12 5 2 
6 4 5 9 8 7 0 0 0 7 6 4 3 1 2 
6 4 5 12 11 8 7 0 0 0 7 8 13 10 3 1 2 
6 4 5 2 1 0 0 0 1 3 10 11 12 5 2 
6 7 0 0 0 1 2 
6 7 0 0 0 7 8 9 5 2 
6 4 5 2 1 0 0 0 7 8 13 12 5 2 
6 4 5 12 11 8 7 0 0 0 1 3 10 11 12 5 2 
6 7 8 9 5 2 1 0 0 0 7 6 4 5 2 
6 4 3 1 2 0 0 0 7 6 4 3 1 2 
---------------
Request id 22
7 8 13 12 5 2 0 7 8 13 12 5 2 1 0 7 8 13 10 11 
7 8 9 5 2 1 0 1 3 10 13 12 5 12 11 8 7 0 2 1 3 10 11 
7 8 9 5 2 1 0 1 3 4 5 2 1 0 7 8 13 10 11 
7 6 4 3 1 2 0 1 2 5 9 8 7 0 1 2 5 9 8 11 
7 8 11 12 5 2 0 7 8 13 12 5 9 8 7 0 1 2 5 9 8 11 
7 8 9 5 2 0 7 6 4 5 2 0 7 8 13 12 11 
7 8 13 10 3 1 0 2 1 3 4 5 2 0 2 5 12 11 
7 8 9 5 2 0 1 2 5 12 11 10 3 1 0 1 3 10 11 
7 8 9 5 2 0 1 3 10 11 12 5 12 13 8 7 0 7 8 13 12 11 
7 8 13 12 5 2 0 1 3 10 11 12 5 9 8 7 0 2 1 3 10 11 
7 8 9 5 2 0 7 6 4 5 4 3 1 0 1 3 10 11 
7 6 4 3 1 0 1 2 5 12 11 10 3 1 0 2 5 12 11 
7 8 11 12 5 2 0 1 3 10 13 12 5 12 13 8 7 0 7 6 4 5 12 11 
7 8 13 10 3 1 0 7 8 9 5 4 3 1 0 2 5 12 11 
7 6 4 3 1 2 0 7 8 11 12 5 2 0 7 8 13 12 11 
7 6 4 3 1 2 0 2 1 3 4 5 12 13 8 7 0 1 2 5 12 11 
7 6 4 3 1 0 1 3 10 13 12 5 12 13 10 3 1 0 2 5 12 11 
7 6 4 3 1 2 0 1 3 10 11 12 5 2 0 1 2 5 9 8 11 
7 6 4 3 1 2 0 1 2 5 4 3 1 2 0 1 3 10 11 
7 6 4 5 2 0 1 3 10 13 12 5 4 3 1 0 1 2 5 12 11 
7 8 13 12 5 2 0 1 2 5 12 11 10 3 1 0 1 2 5 9 8 11 
7 6 4 3 1 0 1 3 4 5 12 11 10 3 1 0 2 5 12 11 
7 8 11 12 5 2 0 7 8 9 5 12 11 10 3 1 0 2 5 9 8 11 
7 8 13 12 5 2 0 7 8 11 12 5 9 8 7 0 1 3 10 11 
7 8 13 10 3 1 0 1 2 5 4 3 1 0 2 5 12 11 
7 6 4 5 2 0 7 8 13 12 5 12 13 8 7 0 2 5 9 8 11 
7 0 1 2 5 2 1 0 1 2 5 12 11 
7 8 13 10 3 1 0 1 3 10 11 12 5 12 11 8 7 0 7 8 13 12 11 
7 8 11 12 5 2 0 2 5 9 8 7 0 2 1 3 10 11 
7 0 1 3 10 11 12 5 12 13 10 3 1 0 7 6 4 5 12 11 
7 6 4 3 1 2 0 1 3 4 5 12 13 8 7 0 7 8 13 10 11 
7 6 4 3 1 0 1 3 4 5 4 3 1 0 1 2 5 9 8 11 
7 0 1 3 10 13 12 5 2 1 0 2 5 12 11 
7 6 4 5 2 0 7 8 13 12 5 2 1 0 2 1 3 10 11 
7 6 4 3 1 2 0 1 3 10 13 12 5 9 8 7 0 7 8 11 
7 6 4 5 2 1 0 7 6 4 5 2 1 0 7 8 13 12 11 
7 6 4 3 1 2 0 1 3 10 13 12 5 12 13 10 3 1 0 1 2 5 12 11 
7 6 4 3 1 2 0 1 3 10 11 12 5 4 6 7 0 2 1 3 10 11 
7 8 9 5 2 0 2 1 3 4 5 12 11 10 3 1 0 7 8 13 12 11 
7 8 9 5 2 1 0 2 1 3 4 5 12 13 8 7 0 7 8 13 10 11 
---------------
Request id 27
4 3 1 2 0 1 2 5 12 11 
4 5 2 0 1 3 10 11 
4 5 9 8 7 0 1 2 5 12 11 
4 5 9 8 7 0 7 8 13 10 11 
4 5 2 1 0 7 8 13 10 11 
4 6 7 0 7 8 13 10 11 
4 5 12 11 8 7 0 7 6 4 5 12 11 
4 5 2 0 7 8 11 
4 5 2 0 1 3 10 13 8 11 
4 5 12 13 8 7 0 7 8 11 
4 5 12 13 8 7 0 2 5 9 8 11 
4 3 10 11 8 7 0 1 2 5 12 11 
4 5 2 1 0 7 8 13 12 11 
4 3 1 0 1 2 5 12 11 
4 3 10 13 8 7 0 2 5 9 8 11 
4 5 2 1 0 1 3 10 11 
4 5 12 11 8 7 0 7 8 13 12 11 
4 3 10 11 8 7 0 7 8 11 
4 5 12 11 8 7 0 1 3 10 13 8 11 
4 5 9 8 7 0 2 1 3 10 11 
4 3 1 0 2 5 9 8 11 
4 3 1 0 1 3 10 11 
4 3 1 2 0 1 3 10 11 
4 5 12 13 8 7 0 2 1 3 10 11 
4 3 10 11 8 7 0 2 5 9 8 11 
4 5 9 8 7 0 1 3 10 11 
4 6 7 0 7 6 4 5 12 11 
4 5 2 1 0 7 6 4 5 12 11 
4 3 10 11 8 7 0 1 3 10 11 
4 5 9 8 7 0 7 8 11 
4 5 2 0 1 2 5 12 11 
4 3 10 11 8 7 0 7 6 4 5 12 11 
4 5 12 13 8 7 0 7 8 13 12 11 
4 5 12 11 8 7 0 2 5 12 11 
4 5 2 0 7 8 13 10 11 
4 5 12 11 8 7 0 2 1 3 10 11 
4 5 2 1 0 2 1 3 10 11 
4 5 2 1 0 1 3 10 13 8 11 
4 3 1 2 0 7 8 11 
4 3 10 13 8 7 0 2 5 12 11 
---------------
Request id 8
4 5 2 1 0 7 8 13 12 5 12 11 10 3 1 0 1 3 
4 3 10 11 8 7 0 7 8 11 12 5 4 3 1 2 0 1 2 5 4 3 
4 6 7 0 7 6 4 5 4 3 1 0 7 8 13 10 3 
4 5 2 1 0 2 5 9 8 7 0 7 8 11 10 3 
4 5 12 11 8 7 0 7 8 9 5 12 13 8 7 0 2 5 12 11 10 3 
4 6 7 0 1 3 10 13 12 5 4 3 1 2 0 7 8 13 10 3 
4 5 2 1 0 7 6 4 5 9 8 7 0 7 6 4 3 
4 5 2 1 0 7 8 11 12 5 12 13 10 3 1 0 1 3 
4 5 12 11 8 7 0 1 3 4 5 2 0 1 3 
4 5 9 8 7 0 1 2 5 4 3 1 0 2 5 12 13 10 3 
4 6 7 0 1 2 5 12 13 10 3 1 0 2 5 12 13 10 3 
4 5 12 13 8 7 0 1 2 5 4 3 1 0 2 5 4 3 
4 3 10 11 8 7 0 7 8 11 12 5 12 11 10 3 1 0 2 5 12 13 10 3 
4 3 1 0 1 3 4 5 2 0 1 3 
4 5 2 0 1 3 10 13 12 5 4 6 7 0 2 5 4 3 
4 3 1 0 1 3 10 13 12 5 12 13 10 3 1 0 7 8 13 10 3 
4 5 9 8 7 0 1 3 10 13 12 5 12 13 8 7 0 2 5 4 3 
4 3 1 0 1 3 10 11 12 5 4 3 1 2 0 7 6 4 3 
4 5 12 11 8 7 0 7 8 13 12 5 9 8 7 0 1 3 
4 5 9 8 7 0 2 5 4 6 7 0 2 5 12 11 10 3 
4 5 2 1 0 2 5 12 11 8 7 0 7 8 13 10 3 
4 3 10 13 8 7 0 1 2 5 2 1 0 1 2 5 4 3 
4 3 10 11 8 7 0 1 3 10 13 12 5 4 6 7 0 2 5 4 3 
4 5 2 1 0 7 8 11 12 5 4 3 1 0 2 1 3 
4 5 2 0 1 3 10 11 12 5 4 3 1 0 7 8 11 10 3 
4 3 1 2 0 1 3 10 11 12 5 4 3 1 2 0 2 5 12 13 10 3 
4 3 10 13 8 7 0 2 5 4 6 7 0 1 2 5 4 3 
4 5 9 8 7 0 1 3 10 13 12 5 12 13 10 3 1 0 2 5 12 13 10 3 
4 6 7 0 1 3 4 5 12 13 8 7 0 1 3 
4 3 1 2 0 1 3 4 5 4 3 1 2 0 2 1 3 
4 3 1 2 0 1 3 10 13 12 5 2 1 0 2 5 4 3 
4 6 7 0 1 3 10 13 12 5 4 3 1 0 2 5 12 13 10 3 
4 5 2 1 0 2 5 4 6 7 0 2 1 3 
4 3 1 0 7 6 4 5 12 11 10 3 1 0 7 6 4 3 
4 5 2 0 2 5 12 11 8 7 0 2 5 12 13 10 3 
4 3 1 0 1 3 10 11 12 5 4 3 1 2 0 2 1 3 
4 5 2 0 7 6 4 5 4 3 1 2 0 7 8 11 10 3 
4 3 1 0 2 1 3 4 5 2 1 0 7 8 13 10 3 
4 5 2 1 0 2 1 3 4 5 12 11 10 3 1 0 2 5 12 13 10 3 
4 5 2 0 1 3 10 11 12 5 12 13 8 7 0 7 8 9 5 4 3 
---------------
Request id 11
6 4 5 2 0 7 8 11 12 13 
6 7 8 9 5 2 1 0 1 2 5 12 13 
6 7 8 9 5 2 1 0 7 8 13 
6 4 5 9 8 7 0 7 8 11 12 13 
6 4 5 12 11 8 7 0 2 1 3 10 13 
6 4 5 9 8 7 0 1 3 10 11 8 13 
6 4 5 2 1 0 1 2 5 12 13 
6 4 5 2 0 7 6 4 5 12 13 
6 4 3 1 0 2 5 9 8 13 
6 4 5 2 0 2 1 3 10 13 
6 7 0 1 2 5 12 13 
6 4 3 1 0 7 6 4 5 12 13 
6 4 5 2 1 0 2 5 9 8 13 
6 7 8 9 5 2 0 7 8 13 
6 4 5 9 8 7 0 1 3 10 13 
6 7 0 2 1 3 10 13 
6 7 8 9 5 2 1 0 1 3 10 13 
6 4 5 9 8 7 0 7 8 11 10 13 
6 7 8 9 5 2 0 1 2 5 12 13 
6 4 5 9 8 7 0 7 6 4 5 12 13 
6 7 8 9 5 2 0 2 5 9 8 13 
6 4 5 2 0 2 5 9 8 13 
6 4 3 10 11 8 7 0 2 5 9 8 13 
6 4 5 2 0 7 8 13 
6 4 3 1 0 2 1 3 10 13 
6 4 5 2 1 0 7 6 4 5 12 13 
6 4 5 2 1 0 1 3 10 11 8 13 
6 7 8 9 5 2 0 7 6 4 5 12 13 
6 4 3 1 2 0 7 8 11 10 13 
6 4 3 1 0 2 5 12 13 
6 7 8 9 5 2 1 0 2 1 3 10 13 
6 4 5 9 8 7 0 2 5 12 13 
6 4 5 12 11 8 7 0 7 8 11 10 13 
6 7 0 2 5 12 13 
6 4 3 10 11 8 7 0 7 8 11 12 13 
6 7 8 9 5 2 1 0 2 5 9 8 13 
6 7 8 9 5 2 1 0 1 3 10 11 8 13 
6 7 8 9 5 2 0 1 3 10 11 8 13 
6 4 5 2 0 1 3 10 11 8 13 
6 7 0 7 6 4 5 12 13 
---------------
Request id 13
11 10 3 1 3 10 11 8 9 
11 12 5 4 3 1 2 5 9 
11 8 13 10 3 1 2 5 12 11 8 9 
11 12 5 2 0 1 0 7 8 9 
11 8 9 5 2 0 1 2 0 7 8 9 
11 8 9 5 2 0 1 3 10 13 12 5 9 
11 8 13 10 3 1 0 2 5 9 
11 8 13 10 3 1 3 4 5 9 
11 10 3 1 2 5 12 11 8 9 
11 8 9 5 2 1 0 2 5 9 
11 12 5 2 0 1 3 10 13 8 9 
11 12 5 2 0 1 3 10 13 12 5 9 
11 12 5 2 0 1 3 4 5 9 
11 8 9 5 2 1 3 10 11 8 9 
11 12 5 2 1 0 2 5 9 
11 8 9 5 2 1 2 0 7 8 9 
11 10 3 1 3 10 13 8 9 
11 12 5 2 1 3 10 11 8 9 
11 12 5 2 1 0 7 8 9 
11 8 7 0 1 0 2 5 9 
11 8 7 0 2 1 0 2 5 9 
11 8 9 5 2 0 1 0 7 6 4 5 9 
11 12 5 2 1 2 5 12 11 8 9 
11 12 5 2 0 1 3 10 11 8 9 
11 12 5 2 0 1 2 5 12 11 8 9 
11 12 5 2 0 1 0 7 6 4 5 9 
11 12 13 10 3 1 0 2 5 9 
11 8 7 0 1 0 7 6 4 5 9 
11 8 9 5 2 1 3 10 13 8 9 
11 8 7 0 1 2 5 12 11 8 9 
11 8 9 5 2 0 1 2 5 9 
11 8 7 0 1 2 0 7 8 9 
11 8 13 10 3 1 0 7 6 4 5 9 
11 12 13 10 3 1 3 10 13 12 5 9 
11 10 3 1 0 7 8 9 
11 8 7 0 2 1 3 10 13 8 9 
11 12 5 2 1 2 0 7 8 9 
11 8 13 10 3 1 2 0 7 8 9 
11 12 13 10 3 1 2 5 9 
11 12 5 2 1 3 4 5 9 
---------------
Request id 14
12 11 10 3 1 0 7 8 13 10 3 4 
12 11 8 7 0 7 8 11 12 5 4 
12 5 4 6 7 0 2 1 3 4 
12 5 4 3 1 0 7 6 4 
12 5 4 3 1 0 7 8 13 10 3 4 
12 11 8 7 0 1 3 4 
12 11 10 3 1 2 0 7 8 13 12 5 4 
12 13 10 3 1 0 7 6 4 
12 11 10 3 1 2 0 2 1 3 4 
12 13 10 3 1 0 2 1 3 4 
12 5 2 0 2 5 4 
12 11 10 3 1 0 7 8 11 10 3 4 
12 5 4 3 1 0 1 3 4 
12 11 10 3 1 2 0 7 8 9 5 4 
12 11 10 3 1 0 7 6 4 
12 5 4 6 7 0 1 2 5 4 
12 11 8 7 0 7 8 9 5 4 
12 5 2 1 0 2 5 4 
12 13 8 7 0 1 3 4 
12 11 10 3 1 0 2 1 3 4 
12 5 2 1 0 7 8 13 10 3 4 
12 5 2 1 0 1 3 4 
12 13 8 7 0 7 8 11 12 5 4 
12 5 2 1 0 7 8 13 12 5 4 
12 5 2 0 7 6 4 
12 5 2 0 7 8 11 12 5 4 
12 5 2 0 1 3 4 
12 13 10 3 1 0 7 8 13 10 3 4 
12 11 10 3 1 0 1 2 5 4 
12 5 2 1 0 7 8 11 12 5 4 
12 5 4 6 7 0 7 8 11 12 5 4 
12 5 9 8 7 0 7 8 11 10 3 4 
12 13 10 3 1 0 1 2 5 4 
12 11 10 3 1 2 0 7 8 11 12 5 4 
12 11 10 3 1 0 7 8 13 12 5 4 
12 5 9 8 7 0 7 8 9 5 4 
12 11 8 7 0 7 6 4 
12 13 10 3 1 0 7 8 11 12 5 4 
12 13 10 3 1 0 2 5 4 
12 11 10 3 1 2 0 2 5 4 
---------------
Request id 17
7 0 1 3 4 5 4 3 1 2 5 12 13 
7 6 4 3 1 2 5 9 8 7 0 1 2 5 12 13 
7 8 9 5 4 3 1 3 10 11 8 13 
7 0 1 2 5 9 8 7 0 1 2 5 12 13 
7 8 13 10 11 12 5 9 8 7 0 2 1 3 4 5 12 13 
7 0 2 5 4 6 7 0 1 3 10 13 
7 8 11 12 5 12 13 10 3 1 2 5 9 8 13 
7 8 11 12 5 12 11 8 7 0 1 3 10 11 8 13 
7 8 11 12 5 2 0 1 0 7 8 13 
7 0 1 3 4 5 2 0 1 3 10 13 
7 0 1 2 5 12 11 8 7 0 1 2 5 12 11 8 13 
7 6 4 3 1 2 5 9 8 7 0 2 1 3 10 11 12 13 
7 6 4 5 12 13 8 7 0 1 3 10 11 12 13 
7 8 9 5 12 11 10 3 1 0 2 5 12 13 
7 0 1 2 5 12 11 8 7 0 1 0 2 5 12 13 
7 0 2 5 12 11 8 7 0 1 3 10 11 12 13 
7 6 4 3 1 2 5 12 13 10 3 1 0 7 8 13 
7 8 11 12 5 12 11 8 7 0 1 2 5 12 13 
7 0 1 3 4 5 12 13 8 7 0 1 3 10 11 12 13 
7 8 13 10 11 12 5 9 8 7 0 1 3 10 11 12 13 
7 0 2 1 3 4 5 9 8 7 0 2 1 2 0 7 8 13 
7 6 4 3 1 2 5 4 3 1 3 10 11 12 13 
7 6 4 3 1 2 5 12 13 10 3 1 2 5 12 11 8 13 
7 0 1 3 4 5 12 11 8 7 0 1 2 5 12 13 
7 6 4 3 1 2 5 4 3 1 2 5 12 13 
7 8 13 10 11 12 5 9 8 7 0 2 1 3 10 11 8 13 
7 6 4 3 1 2 5 12 13 8 7 0 1 3 10 11 12 13 
7 0 1 2 5 9 8 7 0 1 2 5 12 11 8 13 
7 8 13 10 11 12 5 9 8 7 0 2 1 2 5 12 13 
7 0 2 1 3 4 5 12 13 8 7 0 1 2 0 7 8 13 
7 0 1 3 4 5 2 0 1 0 7 8 13 
7 8 13 12 5 12 13 8 7 0 1 3 10 11 12 13 
7 8 13 10 11 12 5 12 13 8 7 0 1 0 7 8 13 
7 8 13 10 11 12 5 9 8 7 0 2 1 2 0 7 8 13 
7 6 4 3 1 2 5 2 1 3 10 11 8 13 
7 8 11 12 5 9 8 7 0 1 3 10 11 8 13 
7 6 4 3 1 2 5 2 1 2 5 12 13 
7 8 13 10 11 12 5 4 6 7 0 1 0 2 5 12 13 
7 0 2 1 3 4 5 12 13 8 7 0 1 3 10 11 8 13 
7 8 9 5 9 8 7 0 2 1 2 5 12 13 
---------------
Request id 1
2 5 4 6 7 0 0 1 2 5 12 13 
2 5 4 6 7 0 0 2 1 3 4 5 9 8 13 
2 1 0 0 7 8 11 12 5 4 3 10 13 
2 5 9 8 7 0 0 2 1 3 4 5 4 6 7 8 13 
2 5 9 8 7 0 0 7 6 4 5 12 11 10 13 
2 5 12 11 8 7 0 0 2 5 12 11 10 13 
2 5 9 8 7 0 0 7 8 11 12 5 9 8 11 12 13 
2 1 3 4 6 7 0 0 2 1 3 4 5 2 1 3 10 13 
2 5 12 11 10 3 1 0 0 7 6 4 5 4 6 7 8 13 
2 5 12 11 8 7 0 0 1 3 10 13 12 5 12 11 10 13 
2 5 4 6 7 0 0 7 8 11 12 5 9 8 11 12 13 
2 5 4 6 7 0 0 1 2 5 2 1 3 10 13 
2 5 4 6 7 0 0 1 3 4 5 2 1 3 10 13 
2 5 12 11 8 7 0 0 2 5 4 6 7 8 13 
2 1 3 4 6 7 0 0 7 8 11 12 5 2 1 3 10 13 
2 5 12 13 8 7 0 0 1 3 10 13 12 5 12 11 10 13 
2 5 12 11 10 3 1 0 0 7 6 4 5 9 8 13 
2 5 12 11 8 7 0 0 7 8 11 12 5 12 13 
2 5 4 3 1 0 0 2 5 4 6 7 8 13 
2 5 12 11 8 7 0 0 1 2 5 12 13 
2 1 3 4 6 7 0 0 2 1 3 4 5 12 11 8 13 
2 5 4 3 1 0 0 2 1 3 4 5 4 6 7 8 13 
2 5 9 8 7 0 0 2 1 3 4 5 9 8 11 12 13 
2 5 12 13 8 7 0 0 7 8 11 12 5 2 0 7 8 13 
2 5 12 13 10 3 1 0 0 7 8 9 5 12 11 8 13 
2 5 12 11 8 7 0 0 2 1 3 4 5 4 3 10 13 
2 5 4 6 7 0 0 7 8 13 12 5 9 8 11 12 13 
2 0 0 1 3 10 11 12 5 12 13 
2 1 3 4 6 7 0 0 1 3 4 5 9 8 13 
2 5 4 6 7 0 0 1 2 5 12 11 8 13 
2 5 12 13 10 3 1 0 0 2 5 2 1 3 10 13 
2 5 12 11 8 7 0 0 7 6 4 5 4 3 10 13 
2 5 12 13 10 3 1 0 0 7 8 9 5 2 1 3 10 13 
2 5 12 13 10 3 1 0 0 1 3 10 13 12 5 12 13 
2 1 3 4 6 7 0 0 1 3 10 11 12 5 4 3 10 13 
2 5 12 13 10 3 1 0 0 2 1 3 4 5 12 11 8 13 
2 5 12 13 10 3 1 0 0 2 1 3 4 5 4 6 7 8 13 
2 5 12 11 10 3 1 0 0 2 5 4 3 10 13 
2 5 12 13 8 7 0 0 7 6 4 5 9 8 11 10 13 
2 5 12 13 8 7 0 0 1 3 10 13 12 5 2 1 3 10 13 
---------------
Request id 4
7 8 9 5 2 0 7 8 11 10 
7 6 4 5 2 1 0 7 8 13 12 11 10 
7 6 4 3 1 0 7 8 13 10 
7 8 9 5 2 0 7 8 13 10 
7 8 11 10 3 1 0 7 6 4 3 10 
7 8 11 12 5 2 0 7 8 13 10 
7 8 13 10 3 1 0 2 5 4 3 10 
7 8 9 5 2 0 2 1 3 10 
7 8 9 5 2 0 2 5 12 11 10 
7 8 11 12 5 2 0 2 5 12 13 10 
7 8 11 12 5 2 0 2 5 4 3 10 
7 8 9 5 2 0 7 8 13 12 11 10 
7 0 7 8 13 10 
7 6 4 3 1 0 7 8 13 12 11 10 
7 8 9 5 2 1 0 2 1 3 10 
7 6 4 5 2 1 0 7 8 11 12 13 10 
7 8 11 10 3 1 0 7 8 11 12 13 10 
7 6 4 3 1 2 0 7 8 13 12 11 10 
7 6 4 3 1 2 0 7 8 11 10 
7 8 9 5 2 1 0 7 6 4 3 10 
7 6 4 5 2 0 2 5 12 11 10 
7 8 9 5 2 1 0 7 8 11 12 13 10 
7 8 11 12 5 2 0 7 8 11 10 
7 0 2 5 12 11 10 
7 8 11 10 3 1 0 2 5 12 11 10 
7 6 4 3 1 0 7 8 11 12 13 10 
7 0 7 8 11 10 
7 6 4 3 1 2 0 2 1 3 10 
7 6 4 3 1 2 0 7 8 11 12 13 10 
7 6 4 3 1 2 0 7 6 4 3 10 
7 6 4 5 2 0 7 8 13 12 11 10 
7 8 13 10 3 1 0 7 8 11 12 13 10 
7 0 2 5 4 3 10 
7 6 4 5 2 0 1 3 10 
7 6 4 3 1 0 2 5 12 11 10 
7 0 1 3 10 
7 6 4 5 2 0 7 6 4 3 10 
7 6 4 5 2 0 2 5 4 3 10 
7 6 4 5 2 1 0 2 5 4 3 10 
7 0 7 8 13 12 11 10 
---------------
Request id 18
10 3 4 6 7 0 7 8 13 12 5 5 9 8 13 12 
10 11 12 5 2 0 2 1 3 4 5 5 2 1 3 10 11 12 
10 3 4 6 7 0 1 3 10 11 12 5 5 2 1 3 10 11 12 
10 13 8 7 0 1 2 5 5 2 1 3 10 11 12 
10 11 12 5 2 0 2 1 3 4 5 5 4 3 10 13 12 
10 13 12 5 2 0 1 3 10 11 12 5 5 4 6 7 8 11 12 
10 3 4 5 2 1 0 7 6 4 5 5 2 0 7 8 13 12 
10 3 4 5 2 0 1 3 10 13 12 5 5 4 3 10 11 12 
10 11 8 7 0 1 3 10 11 12 5 5 2 0 7 8 11 12 
10 3 1 0 7 6 4 5 5 12 
10 11 12 5 2 0 7 6 4 5 5 4 3 10 11 12 
10 11 8 9 5 2 0 2 5 5 2 0 7 8 13 12 
10 3 4 5 2 1 0 7 8 13 12 5 5 4 3 10 13 12 
10 11 12 5 2 0 7 8 11 12 5 5 9 8 13 12 
10 3 1 2 0 7 8 11 12 5 5 9 8 13 12 
10 3 4 6 7 0 1 3 10 13 12 5 5 9 8 11 10 13 12 
10 3 4 5 2 0 7 8 9 5 5 12 
10 11 8 7 0 1 3 10 11 12 5 5 12 
10 13 12 5 2 0 7 8 11 12 5 5 2 0 7 8 13 12 
10 11 12 5 2 0 7 6 4 5 5 12 
10 13 12 5 2 0 1 3 10 11 12 5 5 2 0 7 8 11 12 
10 3 4 5 2 0 7 6 4 5 5 4 3 10 13 12 
10 13 12 5 2 0 1 3 4 5 5 2 1 3 10 11 12 
10 3 1 0 7 8 9 5 5 2 1 3 10 11 12 
10 13 8 7 0 1 3 10 13 12 5 5 2 0 7 8 11 12 
10 3 1 0 7 8 13 12 5 5 9 8 13 12 
10 13 12 5 2 0 1 3 10 11 12 5 5 2 1 3 10 11 12 
10 13 8 7 0 1 3 4 5 5 9 8 11 10 13 12 
10 13 8 7 0 1 3 10 13 12 5 5 9 8 11 12 
10 3 4 5 2 0 7 6 4 5 5 2 1 3 10 11 12 
10 11 12 5 2 0 7 8 13 12 5 5 4 3 10 13 12 
10 3 4 5 2 1 0 2 1 3 4 5 5 4 6 7 8 11 12 
10 13 12 5 2 0 2 1 3 4 5 5 4 3 10 13 12 
10 3 1 0 2 1 3 4 5 5 4 6 7 8 11 12 
10 13 8 7 0 7 8 9 5 5 4 3 10 13 12 
10 13 8 7 0 7 8 11 12 5 5 4 3 10 11 12 
10 11 12 5 2 0 7 8 9 5 5 2 0 7 8 11 12 
10 3 1 2 0 2 5 5 9 8 11 10 13 12 
10 3 4 6 7 0 7 6 4 5 5 2 0 7 8 11 12 
10 3 4 5 2 1 0 7 6 4 5 5 4 3 10 13 12 
---------------
Request id 23
3 10 13 12 5 4 6 7 0 2 1 3 10 11 
3 10 11 8 13 12 5 12 13 10 3 1 0 7 8 13 10 11 
3 10 13 8 11 12 5 4 3 1 0 2 1 3 10 11 
3 4 5 2 1 0 7 6 4 3 10 11 
3 1 2 5 4 3 1 0 7 6 4 3 10 11 
3 4 5 12 11 8 7 0 2 1 3 10 11 
3 1 0 2 5 9 8 7 0 2 5 12 11 
3 10 11 8 13 12 5 2 1 0 7 8 11 
3 1 0 2 5 4 3 1 0 2 5 9 8 11 
3 10 11 12 5 4 6 7 0 7 8 11 
3 10 11 12 5 4 3 1 0 2 1 3 10 11 
3 10 13 8 9 5 4 3 1 2 0 1 3 10 11 
3 1 0 2 5 2 0 7 8 13 12 11 
3 10 11 8 13 12 5 12 13 10 3 1 0 1 3 10 11 
3 10 13 12 5 4 3 1 0 1 2 5 9 8 11 
3 10 11 12 5 4 3 1 0 1 2 5 12 11 
3 10 11 12 5 2 1 0 7 8 13 10 11 
3 10 13 12 5 12 13 10 3 1 0 1 2 5 12 11 
3 10 13 8 11 12 5 9 8 7 0 2 5 9 8 11 
3 10 11 8 9 5 4 3 1 0 7 8 13 10 11 
3 10 13 8 9 5 4 3 1 2 0 7 8 13 12 11 
3 10 11 8 9 5 4 3 1 0 7 6 4 3 10 11 
3 1 0 2 5 4 3 1 0 1 2 5 12 11 
3 10 13 12 5 4 6 7 0 1 3 10 11 
3 10 11 8 9 5 12 13 10 3 1 0 1 2 5 12 11 
3 10 13 8 9 5 2 1 0 2 1 3 10 11 
3 10 13 8 11 12 5 4 3 1 0 1 2 5 12 11 
3 10 11 8 9 5 2 1 0 1 2 5 12 11 
3 10 13 12 5 4 3 1 2 0 7 6 4 3 10 11 
3 4 6 7 0 2 5 4 3 1 2 0 2 5 9 8 11 
3 10 13 8 11 12 5 2 0 1 2 5 9 8 11 
3 10 11 12 5 12 11 10 3 1 0 2 5 9 8 11 
3 10 13 12 5 4 3 1 2 0 7 8 13 12 11 
3 10 13 8 11 12 5 2 1 0 7 8 13 10 11 
3 10 11 12 5 2 1 0 1 3 10 11 
3 1 2 5 4 3 1 0 1 2 5 12 11 
3 4 5 12 13 8 7 0 7 8 13 12 11 
3 10 13 8 9 5 4 3 1 2 0 7 8 13 10 11 
3 10 11 8 13 12 5 2 1 0 1 3 10 11 
3 4 5 12 11 10 3 1 0 1 2 5 9 8 11 
---------------
Request id 16
12 13 10 11 8 9 5 5 12 13 10 3 1 0 7 8 11 12 5 9 
12 5 5 9 8 7 0 2 5 12 11 8 9 
12 11 8 9 5 5 4 3 1 2 0 7 8 9 
12 13 8 7 6 4 5 5 12 11 10 3 1 0 2 1 3 4 5 9 
12 13 8 7 6 4 5 5 12 11 8 7 0 7 8 9 
12 11 10 3 4 5 5 12 11 10 3 1 0 1 3 4 5 9 
12 13 8 7 6 4 5 5 4 3 1 0 1 3 10 13 8 9 
12 13 10 3 4 5 5 2 0 2 1 3 4 5 9 
12 13 10 3 4 5 5 4 3 1 0 2 5 12 11 8 9 
12 13 10 11 8 9 5 5 4 3 1 2 0 7 8 13 12 5 9 
12 11 10 3 4 5 5 2 1 0 1 2 5 9 
12 13 10 3 1 2 5 5 2 0 7 8 11 12 5 9 
12 11 8 7 6 4 5 5 4 3 1 2 0 7 8 11 12 5 9 
12 11 10 3 4 5 5 12 11 10 3 1 0 7 8 9 
12 13 8 9 5 5 9 8 7 0 7 8 9 
12 13 10 3 1 2 5 5 12 11 8 7 0 2 5 9 
12 13 10 3 4 5 5 4 3 1 2 0 2 5 9 
12 13 10 3 4 5 5 4 3 1 0 1 3 4 5 9 
12 13 10 11 8 9 5 5 12 13 8 7 0 1 3 4 5 9 
12 5 5 4 6 7 0 7 8 11 12 5 9 
12 13 10 11 8 9 5 5 9 8 7 0 7 8 13 12 5 9 
12 13 10 11 8 9 5 5 4 6 7 0 7 8 13 12 5 9 
12 13 10 3 4 5 5 12 11 10 3 1 0 2 1 3 4 5 9 
12 11 8 9 5 5 12 11 8 7 0 7 8 13 12 5 9 
12 13 8 7 0 2 5 5 4 6 7 0 7 8 11 12 5 9 
12 13 10 11 8 9 5 5 12 13 8 7 0 7 8 11 12 5 9 
12 13 10 3 1 2 5 5 2 1 0 1 3 10 13 8 9 
12 11 10 3 4 5 5 12 13 8 7 0 7 6 4 5 9 
12 13 10 11 8 9 5 5 12 11 10 3 1 0 7 8 9 
12 11 8 9 5 5 12 11 10 3 1 0 1 3 4 5 9 
12 13 8 7 6 4 5 5 12 11 10 3 1 0 7 8 11 12 5 9 
12 13 10 3 1 2 5 5 9 8 7 0 2 1 3 4 5 9 
12 11 10 3 4 5 5 12 11 10 3 1 0 1 3 10 13 8 9 
12 13 8 7 0 2 5 5 12 11 10 3 1 0 7 8 9 
12 13 10 3 4 5 5 12 11 10 3 1 0 2 5 12 11 8 9 
12 11 10 3 4 5 5 2 1 0 2 1 3 4 5 9 
12 13 8 7 0 2 5 5 12 11 8 7 0 1 2 5 9 
12 5 5 12 11 10 3 1 0 7 8 13 12 5 9 
12 13 10 3 4 5 5 12 11 10 3 1 0 7 8 11 12 5 9 
12 13 10 11 8 9 5 5 12 11 10 3 1 0 1 3 4 5 9 
---------------
Request id 28
6 4 5 2 1 0 1 2 5 12 11 
6 4 5 9 8 7 0 1 2 5 12 11 
6 4 5 12 11 8 7 0 2 5 9 8 11 
6 4 3 10 11 8 7 0 2 5 9 8 11 
6 4 5 9 8 7 0 1 3 10 11 
6 4 5 9 8 7 0 7 6 4 3 10 11 
6 4 5 2 1 0 1 2 5 9 8 11 
6 7 8 9 5 2 0 1 3 10 11 
6 7 0 1 3 10 11 
6 7 0 2 5 12 11 
6 4 3 1 2 0 1 2 5 9 8 11 
6 7 8 9 5 2 1 0 2 1 3 10 11 
6 7 8 9 5 2 1 0 7 8 11 
6 4 5 2 0 2 1 3 10 11 
6 4 3 10 11 8 7 0 1 3 10 11 
6 4 3 1 2 0 7 8 13 10 11 
6 7 8 9 5 2 0 2 5 9 8 11 
6 4 3 10 11 8 7 0 7 6 4 3 10 11 
6 7 8 9 5 2 0 7 8 13 12 11 
6 4 3 1 0 1 2 5 9 8 11 
6 7 8 9 5 2 0 7 8 13 10 11 
6 7 8 9 5 2 1 0 7 8 13 12 11 
6 4 5 12 11 8 7 0 7 6 4 3 10 11 
6 4 3 10 11 8 7 0 1 2 5 9 8 11 
6 4 5 12 11 8 7 0 1 2 5 9 8 11 
6 4 5 2 1 0 7 6 4 3 10 11 
6 4 5 2 0 7 8 13 12 11 
6 4 5 2 1 0 2 5 9 8 11 
6 4 5 2 0 1 2 5 9 8 11 
6 4 5 2 1 0 7 8 13 12 11 
6 4 3 1 0 2 1 3 10 11 
6 7 0 2 1 3 10 11 
6 4 3 1 2 0 7 8 11 
6 7 0 2 5 9 8 11 
6 4 3 1 0 2 5 9 8 11 
6 7 0 1 2 5 12 11 
6 4 3 10 11 8 7 0 1 2 5 12 11 
6 4 5 9 8 7 0 1 2 5 9 8 11 
6 4 5 2 1 0 7 8 13 10 11 
6 4 3 1 2 0 1 2 5 12 11 
---------------
Request id 25
13 10 3 4 6 7 0 7 8 11 10 
13 10 3 1 2 0 2 1 3 10 
13 10 3 1 0 7 8 11 12 13 10 
13 8 7 0 7 8 11 10 
13 12 5 2 1 0 7 8 13 12 11 10 
13 10 3 1 2 0 2 5 12 13 10 
13 8 7 0 2 5 4 3 10 
13 10 3 1 0 1 3 10 
13 12 11 8 7 0 7 6 4 3 10 
13 12 5 2 0 2 5 12 13 10 
13 12 5 2 0 7 8 13 10 
13 8 9 5 2 0 2 5 12 11 10 
13 12 5 2 0 2 5 4 3 10 
13 12 11 8 7 0 2 5 12 11 10 
13 8 11 12 5 2 0 7 8 11 10 
13 8 11 12 5 2 0 2 1 3 10 
13 12 5 2 1 0 2 1 3 10 
13 12 5 2 0 7 6 4 3 10 
13 10 3 1 2 0 7 6 4 3 10 
13 8 9 5 2 0 7 8 11 10 
13 12 5 2 1 0 7 8 11 10 
13 8 11 12 5 2 0 1 3 10 
13 10 3 4 6 7 0 7 8 11 12 13 10 
13 10 3 1 0 2 5 12 13 10 
13 10 3 1 0 7 8 13 12 11 10 
13 12 11 8 7 0 7 8 13 10 
13 10 11 8 7 0 2 5 12 13 10 
13 10 3 4 6 7 0 7 8 13 10 
13 8 9 5 2 0 1 3 10 
13 12 5 2 0 7 8 13 12 11 10 
13 8 7 0 7 8 13 12 11 10 
13 12 5 2 0 1 3 10 
13 8 7 0 2 1 3 10 
13 8 11 12 5 2 0 2 5 4 3 10 
13 8 9 5 2 0 7 6 4 3 10 
13 10 3 4 6 7 0 1 3 10 
13 8 7 0 7 8 11 12 13 10 
13 12 5 2 0 2 1 3 10 
13 8 9 5 2 0 7 8 11 12 13 10 
13 10 3 1 2 0 7 8 11 12 13 10 
---------------
Request id 26
11 10 13 8 7 0 7 8 11 12 5 4 3 1 0 2 
11 8 13 10 3 1 0 1 3 10 13 12 5 9 8 7 0 1 2 
11 8 9 5 2 0 7 8 9 5 12 11 10 3 1 2 
11 10 3 1 2 0 7 8 11 12 5 12 11 10 3 1 2 
11 10 3 1 2 0 1 3 10 13 12 5 9 8 7 0 1 2 
11 12 13 8 7 0 7 6 4 5 4 3 1 2 
11 10 13 8 7 0 7 8 11 12 5 4 3 1 2 
11 10 13 8 7 0 7 8 13 12 5 4 6 7 0 2 
11 10 3 1 2 0 1 3 10 11 12 5 12 11 10 3 1 2 
11 12 5 2 1 0 7 6 4 5 12 13 8 7 0 2 
11 10 3 1 2 0 7 8 11 12 5 4 3 1 2 
11 12 5 2 1 0 2 1 3 4 5 12 13 8 7 0 2 
11 10 3 1 0 1 3 10 13 12 5 12 11 10 3 1 2 
11 12 5 2 0 1 3 10 13 12 5 4 3 1 0 2 
11 10 3 1 2 0 7 8 11 12 5 9 8 7 0 2 
11 12 5 2 1 0 2 1 3 4 5 4 3 1 2 
11 10 3 1 0 7 8 11 12 5 4 6 7 0 2 
11 8 9 5 2 0 1 3 10 11 12 5 9 8 7 0 2 
11 8 7 0 1 3 10 11 12 5 12 11 8 7 0 2 
11 12 5 9 8 7 0 1 3 4 5 12 11 8 7 0 2 
11 12 5 2 0 1 2 5 12 11 10 3 1 2 
11 8 13 10 3 1 0 1 3 10 11 12 5 12 13 8 7 0 2 
11 10 3 1 2 0 1 3 10 11 12 5 12 11 8 7 0 2 
11 12 5 9 8 7 0 2 1 3 4 5 4 3 1 2 
11 8 7 0 1 2 5 12 11 8 7 0 2 
11 12 5 2 1 0 2 5 4 6 7 0 1 2 
11 12 5 9 8 7 0 1 3 10 13 12 5 12 13 8 7 0 2 
11 10 3 1 2 0 1 3 4 5 9 8 7 0 1 2 
11 8 9 5 2 0 1 3 10 11 12 5 4 6 7 0 1 2 
11 12 5 2 0 7 8 9 5 12 13 8 7 0 2 
11 10 13 8 7 0 7 8 9 5 2 
11 8 13 10 3 1 0 1 3 10 11 12 5 4 3 1 0 2 
11 10 3 1 2 0 2 5 4 6 7 0 1 2 
11 10 3 1 2 0 1 3 4 5 4 6 7 0 1 2 
11 12 5 2 0 2 1 3 4 5 4 6 7 0 1 2 
11 8 9 5 2 0 1 2 5 9 8 7 0 2 
11 12 13 8 7 0 1 3 10 11 12 5 4 6 7 0 1 2 
11 8 13 10 3 1 0 1 3 10 11 12 5 9 8 7 0 1 2 
11 10 3 1 0 7 6 4 5 9 8 7 0 1 2 
11 8 7 0 1 3 4 5 12 11 10 3 1 2 
---------------
Request id 10
7 0 2 1 3 10 13 8 11 
7 8 9 5 2 0 1 3 10 13 12 11 
7 0 2 1 3 10 13 12 11 
7 8 13 10 3 1 3 10 13 12 11 
7 6 4 5 2 0 1 0 2 5 12 11 
7 8 13 10 3 1 0 7 8 13 12 11 
7 8 9 5 2 1 3 10 11 
7 6 4 5 2 1 2 0 7 8 11 
7 6 4 5 2 0 1 0 7 8 13 12 11 
7 6 4 5 2 0 1 2 5 12 11 
7 8 9 5 2 0 1 2 5 12 11 
7 8 9 5 2 0 1 0 2 5 12 11 
7 6 4 3 1 3 10 13 12 11 
7 6 4 3 1 2 5 9 8 11 
7 6 4 3 1 0 7 8 13 12 11 
7 8 11 10 3 1 0 7 8 11 
7 0 2 1 3 10 11 
7 8 13 10 3 1 3 10 13 8 11 
7 8 9 5 2 1 3 10 13 12 11 
7 6 4 3 1 0 2 5 12 11 
7 6 4 5 2 1 0 2 5 12 11 
7 8 11 10 3 1 0 7 8 13 12 11 
7 8 13 10 3 1 3 4 5 12 11 
7 8 11 10 3 1 3 4 5 12 11 
7 6 4 3 1 3 10 13 8 11 
7 0 1 0 2 5 12 11 
7 8 11 12 5 2 1 2 0 7 8 11 
7 8 9 5 2 0 1 3 10 11 
7 6 4 5 2 0 1 3 4 5 12 11 
7 6 4 5 2 0 1 3 10 13 8 11 
7 0 2 1 2 5 12 11 
7 6 4 5 2 1 2 5 12 11 
7 0 1 3 10 11 
7 8 13 10 3 1 2 5 12 11 
7 8 9 5 2 0 1 2 0 7 8 11 
7 8 11 12 5 2 1 0 2 5 12 11 
7 8 9 5 2 0 1 3 4 5 12 11 
7 8 11 10 3 1 2 5 9 8 11 
7 0 2 1 0 7 8 11 
7 6 4 3 1 3 4 5 12 11 
---------------
Request id 12
10 11 8 9 5 4 3 
10 3 1 2 5 12 11 8 13 10 3 
10 13 8 11 12 5 12 13 10 3 
10 3 4 5 9 8 11 10 3 
10 3 1 0 2 5 2 0 1 3 
10 11 8 13 12 5 2 0 7 6 4 3 
10 13 8 9 5 12 11 8 13 10 3 
10 13 8 9 5 9 8 13 10 3 
10 11 8 13 12 5 4 6 7 0 1 3 
10 3 1 0 2 5 12 11 10 3 
10 11 12 5 2 1 3 
10 11 8 13 12 5 12 11 10 3 
10 11 8 9 5 12 11 10 3 
10 11 12 5 2 0 7 6 4 3 
10 11 8 13 12 5 4 3 
10 11 12 5 9 8 13 10 3 
10 13 12 5 2 0 1 3 
10 13 8 7 6 4 5 4 3 
10 13 8 11 12 5 4 3 
10 13 12 5 4 6 7 0 1 3 
10 13 8 9 5 4 3 
10 3 1 2 5 9 8 13 10 3 
10 13 12 5 2 0 7 6 4 3 
10 3 1 2 5 12 11 10 3 
10 11 12 5 12 11 10 3 
10 3 1 0 2 5 2 1 3 
10 11 12 5 4 6 7 0 1 3 
10 13 12 5 9 8 13 10 3 
10 11 12 5 12 13 10 3 
10 13 8 7 6 4 5 2 1 3 
10 11 8 9 5 12 11 8 13 10 3 
10 11 8 13 12 5 9 8 13 10 3 
10 13 8 11 12 5 12 11 10 3 
10 13 12 5 12 11 10 3 
10 13 8 9 5 12 11 10 3 
10 11 8 9 5 2 1 3 
10 13 12 5 12 13 10 3 
10 11 8 9 5 12 13 10 3 
10 3 1 0 2 5 4 3 
10 13 8 9 5 9 8 11 10 3 
---------------
Request id 15
11 10 13 8 7 0 1 3 10 11 8 7 
11 10 13 8 7 0 2 1 3 10 11 8 7 
11 10 13 8 7 0 2 5 12 11 10 3 1 3 4 5 2 0 7 
11 12 13 8 7 0 1 3 4 6 7 
11 10 3 1 2 0 7 6 4 5 2 1 2 5 4 6 7 
11 10 13 8 7 0 7 8 9 5 2 1 2 5 4 6 7 
11 10 3 1 2 0 7 6 4 5 2 1 2 0 7 
11 10 3 1 0 7 6 4 3 1 0 2 5 9 8 7 
11 8 7 0 2 1 0 2 5 4 6 7 
11 12 5 4 3 1 0 7 6 4 3 1 3 10 11 8 7 
11 12 5 2 1 0 1 3 10 13 8 7 
11 12 5 2 1 0 7 8 11 12 5 2 1 2 5 4 6 7 
11 12 5 2 0 1 2 0 7 
11 12 5 4 3 1 0 7 6 4 3 1 3 10 13 8 7 
11 12 5 2 0 2 5 4 3 1 0 7 
11 8 13 12 5 2 0 7 6 4 5 2 1 0 7 
11 10 3 1 0 7 8 11 12 5 2 1 2 5 9 8 7 
11 12 13 8 7 0 7 8 9 5 2 1 3 4 6 7 
11 8 7 0 2 1 0 7 
11 12 5 2 1 0 7 8 13 10 3 1 3 4 5 2 0 7 
11 10 13 8 7 0 7 8 11 10 3 1 3 4 6 7 
11 10 13 8 7 0 7 8 11 12 5 2 1 2 5 4 6 7 
11 10 13 8 7 0 7 8 13 10 3 1 0 2 5 4 6 7 
11 10 3 1 2 0 7 8 11 10 3 1 2 5 4 6 7 
11 10 3 1 2 0 7 8 13 10 3 1 2 5 4 6 7 
11 10 3 1 0 2 5 4 3 1 0 7 
11 10 3 1 0 7 6 4 3 1 0 7 
11 12 5 2 0 7 8 11 10 3 1 3 4 5 2 0 7 
11 12 13 8 7 0 7 6 4 3 1 3 10 13 8 7 
11 12 5 2 0 2 5 4 3 1 0 2 5 9 8 7 
11 10 3 1 0 2 5 4 3 1 3 10 13 8 7 
11 10 3 1 2 0 2 5 4 3 1 2 0 7 
11 12 5 2 1 0 2 5 12 11 10 3 1 0 2 5 9 8 7 
11 12 5 2 1 0 2 5 4 3 1 0 7 
11 8 7 0 7 8 13 10 3 1 3 4 5 2 0 7 
11 12 5 2 1 0 2 1 0 7 
11 12 5 2 1 0 2 5 4 3 1 3 10 11 8 7 
11 8 9 5 2 0 2 5 12 11 10 3 1 3 10 11 8 7 
11 12 5 2 0 1 2 5 9 8 7 
11 12 5 2 0 7 8 11 10 3 1 0 7 
---------------
Request id 20
3 10 13 8 7 0 2 5 9 8 13 
3 4 5 9 8 7 0 2 1 3 10 13 
3 4 6 7 0 1 2 5 12 13 
3 1 0 2 5 9 8 13 
3 4 6 7 0 1 3 10 13 
3 1 2 0 2 5 9 8 13 
3 4 5 2 0 1 2 5 12 13 
3 10 11 8 7 0 7 8 13 
3 1 0 2 5 12 13 
3 4 5 2 1 0 1 2 5 9 8 13 
3 4 5 9 8 7 0 1 2 5 12 13 
3 10 13 12 5 2 0 7 8 11 10 13 
3 10 11 8 7 0 2 1 3 10 13 
3 4 5 9 8 7 0 1 2 5 9 8 13 
3 4 5 2 0 2 5 12 13 
3 4 5 2 0 7 8 11 10 13 
3 4 6 7 0 7 8 11 12 13 
3 4 5 2 1 0 2 5 9 8 13 
3 4 5 9 8 7 0 7 6 4 3 10 13 
3 10 11 12 5 2 0 2 1 3 10 13 
3 10 11 12 5 2 0 7 6 4 3 10 13 
3 4 5 9 8 7 0 7 8 13 
3 4 6 7 0 7 8 13 
3 10 11 8 7 0 7 6 4 3 10 13 
3 1 2 0 1 2 5 9 8 13 
3 4 5 2 0 2 5 9 8 13 
3 4 6 7 0 1 2 5 9 8 13 
3 4 5 2 1 0 1 3 10 13 
3 1 2 0 2 1 3 10 13 
3 10 11 8 7 0 1 2 5 9 8 13 
3 1 0 7 8 13 
3 10 11 8 7 0 1 3 10 13 
3 4 6 7 0 7 6 4 3 10 13 
3 10 11 12 5 2 0 2 5 12 13 
3 4 5 2 0 7 6 4 3 10 13 
3 4 5 9 8 7 0 7 8 11 10 13 
3 4 5 2 1 0 7 6 4 3 10 13 
3 1 0 1 2 5 9 8 13 
3 4 5 2 0 2 1 3 10 13 
3 4 6 7 0 2 1 3 10 13 
---------------
Request id 21
9 8 11 12 5 5 9 8 7 0 7 8 13 10 3 
9 8 7 6 4 5 5 2 1 0 2 5 12 13 10 3 
9 8 11 12 5 5 2 0 2 1 3 
9 8 7 6 4 5 5 12 13 10 3 1 0 7 8 11 10 3 
9 8 11 10 3 4 5 5 4 6 7 0 2 5 12 11 10 3 
9 8 13 10 11 12 5 5 2 0 2 5 4 3 
9 8 7 0 1 2 5 5 9 8 7 0 2 1 3 
9 8 11 12 5 5 4 6 7 0 7 8 13 10 3 
9 8 13 10 11 12 5 5 4 3 1 2 0 2 5 12 11 10 3 
9 8 7 0 1 2 5 5 4 6 7 0 7 8 9 5 4 3 
9 8 7 0 2 5 5 12 11 10 3 1 0 7 6 4 3 
9 8 11 10 13 12 5 5 4 3 1 0 1 2 5 4 3 
9 8 13 10 3 4 5 5 9 8 7 0 7 8 13 10 3 
9 8 13 10 11 12 5 5 4 3 1 2 0 7 8 11 10 3 
9 8 13 10 3 4 5 5 2 0 7 8 11 10 3 
9 8 13 10 3 4 5 5 9 8 7 0 7 6 4 3 
9 8 7 6 4 5 5 2 1 0 2 5 4 3 
9 8 7 0 1 2 5 5 12 11 8 7 0 2 1 3 
9 8 11 12 5 5 12 11 10 3 1 0 1 2 5 4 3 
9 8 13 10 11 12 5 5 12 13 10 3 1 0 1 3 
9 8 7 0 1 2 5 5 4 6 7 0 2 5 12 11 10 3 
9 8 11 10 13 12 5 5 4 3 1 2 0 1 3 
9 8 11 12 5 5 12 11 8 7 0 1 3 
9 8 11 10 13 12 5 5 12 11 10 3 1 0 7 6 4 3 
9 8 13 10 11 12 5 5 4 6 7 0 7 8 9 5 4 3 
9 8 11 10 13 12 5 5 4 3 1 2 0 7 6 4 3 
9 8 7 0 1 2 5 5 4 3 1 0 7 8 13 10 3 
9 5 5 4 3 1 0 7 8 13 10 3 
9 5 5 12 11 10 3 1 0 7 8 11 10 3 
9 8 7 0 2 5 5 12 11 8 7 0 7 8 9 5 4 3 
9 8 13 10 11 12 5 5 4 3 1 0 7 8 11 10 3 
9 8 7 0 2 5 5 4 3 1 2 0 7 8 13 10 3 
9 8 7 0 1 2 5 5 12 11 10 3 1 0 2 1 3 
9 8 13 10 3 4 5 5 12 13 8 7 0 2 1 3 
9 8 11 12 5 5 2 0 2 5 12 13 10 3 
9 8 11 10 13 12 5 5 4 3 1 0 2 5 12 11 10 3 
9 8 13 12 5 5 4 6 7 0 2 5 12 11 10 3 
9 8 7 0 1 2 5 5 12 11 10 3 1 0 2 5 12 11 10 3 
9 8 13 12 5 5 12 13 8 7 0 7 6 4 3 
9 8 13 10 11 12 5 5 12 11 10 3 1 0 2 5 4 3 
---------------
Request id 2
10 11 8 7 0 7 8 11 12 5 12 11 10 3 1 2 
10 13 8 7 0 7 6 4 5 4 3 1 2 
10 13 8 7 0 1 3 10 11 12 5 12 11 10 3 1 2 
10 3 4 5 2 1 0 7 8 13 12 5 9 8 7 0 1 2 
10 3 4 5 2 1 0 7 8 11 12 5 12 13 8 7 0 2 
10 3 1 2 0 1 3 10 13 12 5 4 6 7 0 2 
10 11 8 7 0 7 8 13 12 5 9 8 7 0 2 
10 3 4 5 2 1 0 1 3 10 11 12 5 4 3 1 2 
10 3 4 5 2 0 2 1 3 4 5 12 11 8 7 0 2 
10 13 8 7 0 7 8 9 5 9 8 7 0 1 2 
10 3 4 5 2 0 7 8 9 5 4 3 1 0 2 
10 11 8 7 0 1 2 5 12 13 8 7 0 2 
10 11 12 5 2 0 7 6 4 5 9 8 7 0 2 
10 13 8 7 0 2 1 3 4 5 9 8 7 0 2 
10 13 8 9 5 2 0 1 3 10 13 12 5 2 
10 13 8 7 0 7 8 13 12 5 12 13 8 7 0 2 
10 11 12 5 2 0 2 1 3 4 5 2 
10 11 12 5 2 0 1 3 10 13 12 5 12 11 8 7 0 2 
10 3 4 6 7 0 7 8 11 12 5 9 8 7 0 2 
10 3 1 2 0 7 8 9 5 2 
10 3 4 5 2 1 0 7 8 9 5 9 8 7 0 1 2 
10 13 8 9 5 2 0 7 8 9 5 12 11 10 3 1 2 
10 13 12 5 2 0 1 2 5 12 13 8 7 0 2 
10 3 1 2 0 7 8 11 12 5 12 11 8 7 0 2 
10 3 4 5 2 0 2 5 12 11 8 7 0 2 
10 11 8 7 0 1 2 5 4 6 7 0 2 
10 13 8 9 5 2 0 7 8 13 12 5 4 6 7 0 2 
10 13 8 9 5 2 0 1 3 4 5 12 11 8 7 0 2 
10 3 4 6 7 0 1 3 10 13 12 5 9 8 7 0 1 2 
10 3 4 5 2 1 0 7 6 4 5 12 13 8 7 0 2 
10 13 12 5 2 0 7 8 11 12 5 12 11 8 7 0 2 
10 3 4 5 2 1 0 1 2 5 12 11 8 7 0 2 
10 13 12 5 2 0 2 1 3 4 5 9 8 7 0 2 
10 3 1 2 0 1 3 10 11 12 5 9 8 7 0 2 
10 3 1 0 2 5 9 8 7 0 2 
10 3 4 5 2 1 0 1 2 5 12 13 8 7 0 2 
10 3 1 0 1 3 4 5 4 6 7 0 2 
10 13 8 7 0 7 8 9 5 4 6 7 0 2 
10 13 8 9 5 2 0 1 3 10 13 12 5 4 6 7 0 2 
10 3 4 5 2 1 0 7 8 13 12 5 12 11 8 7 0 2 
---------------
Request id 5
11 12 5 2 0 1 3 10 11 8 13 12 
11 8 7 0 2 1 0 2 5 12 
11 10 3 1 0 7 8 13 12 
11 12 5 2 1 3 10 11 8 13 12 
11 12 5 4 3 1 2 0 7 8 11 12 
11 8 13 10 3 1 0 7 6 4 5 12 
11 8 7 0 1 2 0 7 8 11 12 
11 8 9 5 2 0 1 0 7 8 11 12 
11 12 5 2 0 1 3 10 13 12 
11 8 13 10 3 1 2 0 7 8 11 12 
11 8 7 0 1 0 2 5 12 
11 12 5 2 0 1 3 10 11 12 
11 8 13 10 3 1 3 4 5 12 
11 12 5 2 1 0 2 5 12 
11 12 5 2 1 2 0 7 8 11 12 
11 10 3 1 2 5 12 
11 12 5 4 3 1 3 10 11 12 
11 12 5 4 3 1 0 7 8 11 12 
11 12 5 2 1 0 7 8 13 12 
11 8 9 5 2 0 1 3 4 5 12 
11 8 9 5 2 0 1 2 5 12 
11 8 9 5 2 0 1 2 0 7 8 11 12 
11 8 7 0 2 1 3 4 5 12 
11 12 5 4 3 1 3 10 13 12 
11 12 13 10 3 1 0 7 6 4 5 12 
11 8 9 5 2 1 3 10 11 8 13 12 
11 12 13 10 3 1 0 7 8 11 12 
11 12 5 2 0 1 0 7 8 13 12 
11 8 9 5 2 1 0 2 5 12 
11 8 9 5 2 0 1 3 10 13 12 
11 8 7 0 2 1 0 7 6 4 5 12 
11 8 13 10 3 1 3 10 11 8 13 12 
11 8 9 5 2 1 3 10 11 12 
11 10 3 1 0 7 6 4 5 12 
11 12 5 4 3 1 3 10 11 8 13 12 
11 8 7 0 2 1 3 10 11 8 13 12 
11 12 5 2 1 3 10 13 12 
11 10 3 1 2 0 7 8 11 12 
11 12 5 2 0 1 0 7 6 4 5 12 
11 8 7 0 1 2 5 12 
---------------
Request id 3
7 8 9 5 5 4 6 7 0 7 6 4 3 
7 0 2 5 5 12 13 8 7 0 2 5 4 3 
7 0 1 3 4 5 5 12 11 10 3 1 0 2 5 12 13 10 3 
7 6 4 5 5 2 0 2 5 12 13 10 3 
7 8 11 12 5 5 2 1 0 7 8 13 10 3 
7 6 4 3 1 2 5 5 4 3 1 0 2 1 3 
7 8 9 5 5 9 8 7 0 7 8 9 5 4 3 
7 8 13 12 5 5 4 3 1 0 2 1 3 
7 0 1 2 5 5 12 11 8 7 0 7 6 4 3 
7 0 1 3 4 5 5 2 1 0 1 2 5 4 3 
7 8 9 5 5 12 13 8 7 0 2 5 12 11 10 3 
7 6 4 5 5 12 11 10 3 1 0 2 5 4 3 
7 8 13 12 5 5 2 0 2 5 12 11 10 3 
7 0 2 1 3 4 5 5 12 11 8 7 0 1 2 5 4 3 
7 8 9 5 5 12 11 10 3 1 0 7 8 11 10 3 
7 8 13 10 11 12 5 5 2 1 0 2 5 12 11 10 3 
7 0 1 3 4 5 5 4 3 1 2 0 7 6 4 3 
7 8 9 5 5 2 1 0 1 3 
7 8 11 12 5 5 12 13 8 7 0 2 1 3 
7 8 13 12 5 5 12 13 8 7 0 7 8 9 5 4 3 
7 0 1 2 5 5 4 3 1 2 0 2 5 4 3 
7 6 4 5 5 12 11 8 7 0 1 3 
7 6 4 3 1 2 5 5 9 8 7 0 2 1 3 
7 0 1 3 4 5 5 2 0 1 2 5 4 3 
7 8 9 5 5 9 8 7 0 7 6 4 3 
7 8 13 12 5 5 4 3 1 0 2 5 4 3 
7 0 2 5 5 2 1 0 2 5 12 13 10 3 
7 0 1 3 4 5 5 9 8 7 0 2 1 3 
7 0 2 5 5 2 1 0 7 8 11 10 3 
7 0 1 3 4 5 5 2 0 7 6 4 3 
7 0 1 3 4 5 5 12 11 10 3 1 0 2 5 4 3 
7 8 13 12 5 5 2 1 0 1 2 5 4 3 
7 0 2 5 5 4 6 7 0 2 5 12 11 10 3 
7 6 4 3 1 2 5 5 4 6 7 0 2 5 12 11 10 3 
7 0 2 1 3 4 5 5 4 3 1 2 0 2 1 3 
7 0 2 1 3 4 5 5 4 6 7 0 7 8 13 10 3 
7 8 11 12 5 5 4 3 1 0 7 8 11 10 3 
7 8 13 10 11 12 5 5 12 13 8 7 0 2 5 4 3 
7 6 4 5 5 2 1 0 2 1 3 
7 0 2 5 5 9 8 7 0 2 5 12 11 10 3 
---------------
Request id 6
9 8 13 10 3 1 0 7 8 9 5 2 1 3 10 11 8 9 5 2 
9 5 4 3 1 2 0 1 0 7 6 4 5 2 
9 5 4 6 7 0 7 8 11 10 3 1 3 4 6 7 0 2 
9 5 12 13 8 7 0 7 6 4 3 1 3 10 13 12 5 2 
9 5 12 13 8 7 0 2 1 3 4 6 7 0 2 
9 8 7 0 7 6 4 5 2 1 3 4 6 7 0 2 
9 5 12 11 8 7 0 7 8 9 5 2 1 0 2 
9 5 2 0 2 1 0 7 8 13 12 5 2 
9 8 7 0 7 8 11 10 3 1 3 10 11 8 9 5 2 
9 8 7 0 7 8 11 12 5 2 1 0 2 
9 5 12 11 8 7 0 2 1 3 10 11 8 9 5 2 
9 5 4 6 7 0 7 8 11 10 3 1 3 10 11 8 9 5 2 
9 5 4 3 1 0 7 8 11 12 5 2 1 0 7 6 4 5 2 
9 5 12 11 8 7 0 7 8 9 5 2 1 3 10 11 8 9 5 2 
9 8 13 10 3 1 0 2 5 4 3 1 3 4 5 2 
9 5 12 11 8 7 0 7 8 9 5 2 1 2 
9 5 4 6 7 0 1 2 
9 8 13 10 3 1 0 7 6 4 5 2 1 3 10 11 8 9 5 2 
9 8 13 10 3 1 0 2 5 12 11 10 3 1 0 7 6 4 5 2 
9 5 4 6 7 0 7 8 9 5 2 1 0 2 
9 5 12 11 8 7 0 2 5 12 11 10 3 1 0 2 
9 8 7 0 7 8 13 10 3 1 0 7 6 4 5 2 
9 5 4 6 7 0 7 6 4 3 1 3 10 11 12 5 2 
9 5 4 3 1 0 2 5 12 11 10 3 1 0 7 6 4 5 2 
9 5 12 13 8 7 0 7 6 4 3 1 3 10 11 12 5 2 
9 5 4 3 1 0 7 6 4 3 1 0 7 8 9 5 2 
9 8 7 0 7 8 11 12 5 2 1 3 10 13 12 5 2 
9 5 4 3 1 0 7 6 4 5 2 1 3 10 13 12 5 2 
9 8 11 12 5 2 0 7 8 11 12 5 2 1 0 7 6 4 5 2 
9 8 7 0 1 0 7 8 9 5 2 
9 5 4 6 7 0 2 5 4 3 1 0 2 
9 5 2 1 0 7 8 13 10 3 1 3 10 13 12 5 2 
9 5 4 6 7 0 2 5 4 3 1 3 4 6 7 0 2 
9 5 4 3 1 2 0 7 8 11 12 5 2 1 3 4 6 7 0 2 
9 5 4 6 7 0 2 5 4 3 1 2 
9 5 12 11 8 7 0 2 1 0 2 
9 5 2 0 7 8 9 5 2 1 0 7 6 4 5 2 
9 5 2 1 0 1 0 7 8 13 12 5 2 
9 8 13 10 3 1 0 7 6 4 3 1 0 7 8 13 12 5 2 
9 8 11 12 5 2 0 7 6 4 5 2 1 0 7 8 13 12 5 2 
---------------
Request id 29
10 11 8 9 5 12 11 10 3 4 6 
10 3 1 0 2 5 4 6 
10 11 8 9 5 2 0 7 6 
10 3 1 2 5 12 11 8 7 6 
10 3 1 2 5 12 11 10 3 4 6 
10 13 12 5 2 1 0 7 6 
10 11 8 13 12 5 4 3 1 0 7 6 
10 11 8 9 5 12 11 8 7 6 
10 3 1 2 5 4 3 1 0 7 6 
10 13 12 5 9 8 7 6 
10 3 1 2 5 2 1 0 7 6 
10 13 8 9 5 12 13 8 7 6 
10 13 8 9 5 12 11 10 3 4 6 
10 11 8 7 6 4 5 12 13 10 3 4 6 
10 13 8 9 5 2 0 7 6 
10 11 8 9 5 2 1 3 4 6 
10 13 8 9 5 12 11 8 7 6 
10 11 8 7 6 4 5 12 11 8 7 6 
10 3 1 0 2 5 12 13 10 3 4 6 
10 3 1 0 2 5 12 13 8 7 6 
10 3 4 5 12 11 8 7 6 
10 13 8 11 12 5 12 11 8 7 6 
10 11 8 13 12 5 4 6 
10 11 8 7 6 4 5 2 0 7 6 
10 11 8 13 12 5 9 8 7 6 
10 13 8 11 12 5 2 1 3 4 6 
10 11 8 9 5 12 13 10 3 4 6 
10 11 8 7 6 4 5 2 1 0 7 6 
10 11 8 13 12 5 2 1 3 4 6 
10 13 8 9 5 4 6 
10 3 1 2 5 12 13 10 3 4 6 
10 3 1 0 2 5 4 3 1 0 7 6 
10 11 12 5 4 6 
10 13 8 9 5 4 3 1 0 7 6 
10 3 4 5 2 1 3 4 6 
10 11 8 9 5 2 1 0 7 6 
10 13 8 11 12 5 9 8 7 6 
10 11 8 13 12 5 12 13 10 3 4 6 
10 13 12 5 2 0 7 6 
10 13 8 11 12 5 12 11 10 3 4 6 
---------------
Request id 7
11 8 13 10 3 1 2 5 4 3 
11 8 9 5 2 1 0 7 8 11 10 3 
11 12 5 2 0 1 0 7 8 13 10 3 
11 12 13 10 3 1 0 7 6 4 3 
11 8 9 5 2 0 1 2 0 7 6 4 3 
11 12 5 2 0 1 2 5 12 13 10 3 
11 8 9 5 2 1 2 5 9 8 11 10 3 
11 8 7 0 2 1 0 7 6 4 3 
11 12 13 10 3 1 0 7 8 11 10 3 
11 8 9 5 2 1 2 0 7 6 4 3 
11 12 13 10 3 1 2 5 12 13 10 3 
11 12 5 2 1 0 7 6 4 3 
11 8 9 5 2 1 2 5 4 3 
11 8 9 5 2 0 1 0 7 8 11 10 3 
11 10 3 1 2 5 12 11 10 3 
11 8 13 10 3 1 0 2 5 4 3 
11 12 5 2 0 1 0 7 6 4 3 
11 8 9 5 2 1 0 7 6 4 3 
11 8 9 5 2 0 1 0 7 8 13 10 3 
11 10 3 1 2 5 9 8 11 10 3 
11 8 13 10 3 1 2 5 12 13 10 3 
11 12 5 4 3 1 3 
11 8 7 0 2 1 0 7 8 11 10 3 
11 8 9 5 2 0 1 2 5 4 3 
11 8 7 0 2 1 0 7 8 13 10 3 
11 12 5 4 3 1 0 7 6 4 3 
11 12 5 4 3 1 0 2 5 4 3 
11 12 5 2 0 1 0 7 8 11 10 3 
11 12 5 2 1 0 7 8 11 10 3 
11 10 3 1 0 7 8 13 10 3 
11 8 7 0 1 2 5 4 3 
11 8 9 5 2 0 1 0 7 6 4 3 
11 12 5 2 1 0 2 5 4 3 
11 8 7 0 1 0 2 5 4 3 
11 12 5 4 3 1 0 7 8 13 10 3 
11 8 13 10 3 1 2 0 7 6 4 3 
11 12 5 4 3 1 2 5 9 8 11 10 3 
11 8 7 0 1 0 7 6 4 3 
11 12 13 10 3 1 2 0 7 6 4 3 
11 12 5 2 1 2 5 9 8 11 10 3 
---------------
Request id 19
6 7 8 9 5 2 1 0 7 8 13 10 3 1 0 7 8 13 10 11 
6 4 5 9 8 7 0 7 8 11 10 3 1 3 4 6 7 0 7 8 13 10 11 
6 4 5 2 1 0 7 8 9 5 2 1 3 4 6 7 0 1 2 5 12 11 
6 4 3 1 0 2 5 12 11 10 3 1 3 10 13 12 5 2 0 1 2 5 12 11 
6 4 5 2 0 7 8 9 5 2 1 3 10 11 12 5 2 0 1 2 5 12 11 
6 7 8 9 5 2 1 0 2 1 3 10 13 12 5 2 0 1 3 10 13 8 11 
6 4 3 1 2 0 7 8 11 10 3 1 2 0 1 2 5 12 11 
6 7 0 2 1 3 4 6 7 0 7 8 13 10 11 
6 4 5 2 1 0 7 8 11 10 3 1 3 10 13 8 7 0 1 3 10 13 8 11 
6 4 5 2 0 7 8 9 5 2 1 3 10 13 12 5 2 0 1 2 5 12 11 
6 4 5 2 1 0 7 6 4 3 1 2 0 7 8 13 10 11 
6 4 5 9 8 7 0 7 6 4 5 2 1 3 4 5 2 0 7 8 13 10 11 
6 4 5 9 8 7 0 2 1 0 7 8 13 10 11 
6 4 5 2 1 0 1 3 10 11 12 5 2 0 2 1 3 10 11 
6 4 5 2 1 0 7 8 13 10 3 1 3 4 5 2 0 7 8 13 10 11 
6 7 8 9 5 2 1 0 2 1 3 4 5 2 0 7 8 13 12 11 
6 4 3 1 2 0 2 5 4 3 1 0 7 8 11 
6 7 8 9 5 2 0 7 8 13 10 3 1 2 5 4 6 7 0 2 1 3 10 11 
6 7 8 9 5 2 0 7 6 4 5 2 1 3 4 6 7 0 7 8 11 
6 7 8 9 5 2 1 0 2 5 12 11 10 3 1 3 10 11 12 5 2 0 2 5 9 8 11 
6 4 3 1 2 0 2 5 4 3 1 0 2 5 12 11 
6 4 3 1 0 7 8 9 5 2 1 3 10 13 8 7 0 7 8 13 10 11 
6 4 5 12 13 8 7 0 2 5 4 3 1 3 10 13 12 5 2 0 2 1 3 10 11 
6 4 5 12 13 8 7 0 7 8 11 12 5 2 1 0 1 3 10 11 
6 4 3 10 13 8 7 0 7 6 4 3 1 3 10 13 8 7 0 7 8 11 
6 4 3 1 2 0 7 8 11 12 5 2 1 3 10 13 12 5 2 0 7 6 4 3 10 11 
6 7 8 9 5 2 0 7 8 9 5 2 1 3 10 11 12 5 2 0 7 8 13 10 11 
6 4 5 9 8 7 0 7 8 13 10 3 1 2 0 1 3 10 13 8 11 
6 4 3 1 0 7 6 4 5 2 1 3 10 13 8 7 0 7 6 4 3 10 11 
6 4 3 1 0 7 6 4 5 2 1 3 10 11 12 5 2 0 2 5 9 8 11 
6 4 5 2 1 0 2 5 12 11 10 3 1 3 10 13 12 5 2 0 1 3 10 13 8 11 
6 4 3 1 0 2 5 4 3 1 3 10 11 12 5 2 0 7 8 11 
6 4 3 10 13 8 7 0 2 5 4 3 1 3 4 6 7 0 2 1 3 10 11 
6 7 0 7 6 4 3 1 3 10 11 12 5 2 0 1 2 5 12 11 
6 4 5 9 8 7 0 1 3 10 13 12 5 2 0 7 6 4 3 10 11 
6 7 0 1 3 10 11 12 5 2 0 1 3 10 13 8 11 
6 4 5 2 1 0 2 1 0 2 5 9 8 11 
6 4 5 12 13 8 7 0 2 1 2 5 9 8 7 0 7 8 13 10 11 
6 4 5 2 1 0 7 8 9 5 2 1 2 0 2 5 9 8 11 
6 4 5 2 0 2 5 4 3 1 3 4 5 2 0 7 6 4 3 10 11 
---------------
Request id 24
10 13 8 7 0 0 2 1 3 4 5 9 
10 3 1 2 0 0 2 1 3 4 5 9 
10 3 1 0 0 7 8 9 
10 11 8 9 5 2 0 0 7 6 4 5 9 
10 3 4 5 2 1 0 0 7 8 9 
10 11 12 5 2 0 0 1 3 4 5 9 
10 3 4 6 7 0 0 7 6 4 5 9 
10 3 4 5 2 0 0 1 3 4 5 9 
10 11 12 5 2 0 0 7 8 9 
10 3 4 5 2 1 0 0 2 5 9 
10 13 8 7 0 0 2 5 9 
10 11 8 9 5 2 0 0 7 8 11 12 5 9 
10 13 8 7 0 0 7 8 13 12 5 9 
10 3 4 5 2 0 0 7 8 9 
10 11 8 7 0 0 2 5 9 
10 3 1 2 0 0 2 5 9 
10 3 1 0 0 2 1 3 4 5 9 
10 3 4 5 2 1 0 0 2 1 3 4 5 9 
10 11 8 7 0 0 2 5 12 11 8 9 
10 3 1 0 0 2 5 9 
10 11 12 5 2 0 0 2 5 12 11 8 9 
10 11 12 5 2 0 0 2 5 9 
10 11 12 5 2 0 0 7 8 13 12 5 9 
10 11 8 9 5 2 0 0 7 8 13 12 5 9 
10 3 4 5 2 1 0 0 7 8 11 12 5 9 
10 3 1 0 0 7 6 4 5 9 
10 3 4 5 2 0 0 7 8 13 12 5 9 
10 3 1 2 0 0 1 3 4 5 9 
10 3 4 5 2 0 0 2 5 9 
10 13 12 5 2 0 0 1 2 5 9 
10 13 12 5 2 0 0 2 1 3 4 5 9 
10 3 4 5 2 0 0 1 2 5 9 
10 3 1 0 0 7 8 11 12 5 9 
10 3 4 6 7 0 0 1 3 10 13 8 9 
10 11 8 9 5 2 0 0 7 8 9 
10 11 8 9 5 2 0 0 2 5 9 
10 3 4 6 7 0 0 1 2 5 9 
10 11 12 5 2 0 0 1 2 5 9 
10 3 4 6 7 0 0 7 8 13 12 5 9 
10 3 4 5 2 1 0 0 7 6 4 5 9 
---------------
Request id 30
7 8 9 5 2 1 0 1 3 4 5 2 0 2 5 12 
7 8 13 10 3 1 0 7 8 13 12 5 2 0 1 2 5 12 
7 8 11 10 3 1 0 2 5 2 0 7 8 13 12 
7 8 13 10 3 1 0 1 3 4 5 4 3 1 2 0 7 8 13 10 11 12 
7 6 4 3 1 2 0 1 2 5 12 13 8 7 0 2 5 12 
7 8 9 5 2 0 2 1 3 4 5 12 13 8 7 0 1 2 5 12 
7 6 4 5 2 0 1 3 4 5 4 6 7 0 7 6 4 5 12 
7 6 4 3 1 0 7 8 13 12 5 12 13 8 7 0 1 3 4 5 12 
7 6 4 5 2 0 1 3 4 5 12 11 8 7 0 7 8 13 12 
7 0 7 8 13 12 5 4 6 7 0 7 8 13 12 
7 6 4 3 1 0 1 3 10 13 12 5 4 3 1 2 0 1 3 10 11 12 
7 8 11 10 3 1 0 7 8 11 12 5 4 3 1 2 0 1 3 10 13 12 
7 6 4 3 1 2 0 7 8 9 5 12 13 8 7 0 7 8 9 5 12 
7 6 4 5 2 0 1 3 10 13 12 5 12 11 10 3 1 0 7 8 13 12 
7 6 4 3 1 2 0 1 2 5 12 13 10 3 1 0 7 8 11 12 
7 6 4 5 2 0 7 8 9 5 9 8 7 0 1 3 4 5 12 
7 8 9 5 2 0 7 8 13 12 5 12 13 8 7 0 7 6 4 5 12 
7 6 4 5 2 0 7 8 11 12 5 12 13 10 3 1 0 7 8 9 5 12 
7 6 4 5 2 1 0 1 2 5 2 0 7 8 13 10 11 12 
7 6 4 5 2 0 7 8 13 12 5 2 0 7 8 13 10 11 12 
7 6 4 3 1 2 0 7 6 4 5 4 3 1 0 1 3 4 5 12 
7 6 4 3 1 0 1 3 10 13 12 5 4 3 1 0 1 3 10 11 12 
7 6 4 5 2 1 0 1 3 10 13 12 5 12 13 10 3 1 0 1 3 4 5 12 
7 6 4 5 2 0 7 8 9 5 4 3 1 2 0 1 3 10 13 12 
7 6 4 3 1 0 7 8 9 5 12 11 10 3 1 0 7 8 11 12 
7 6 4 5 2 1 0 7 8 13 12 5 4 3 1 2 0 1 3 10 13 12 
7 8 9 5 2 1 0 1 3 10 11 12 5 2 0 7 6 4 5 12 
7 8 13 10 3 1 0 7 8 13 12 5 4 3 1 2 0 7 8 13 12 
7 6 4 5 2 0 1 3 4 5 4 6 7 0 7 8 13 10 11 12 
7 6 4 5 2 0 1 3 10 11 12 5 12 11 8 7 0 7 6 4 5 12 
7 8 13 10 3 1 0 7 8 9 5 2 0 7 8 11 12 
7 6 4 3 1 2 0 1 3 10 13 12 5 4 3 1 2 0 7 8 13 10 11 12 
7 8 11 10 3 1 0 7 8 13 12 5 12 13 8 7 0 2 5 12 
7 6 4 3 1 0 7 6 4 5 4 3 1 2 0 7 8 13 12 
7 8 13 10 3 1 0 2 5 12 11 10 3 1 0 7 8 9 5 12 
7 8 13 12 5 2 0 1 3 4 5 4 3 1 2 0 7 8 9 5 12 
7 8 11 10 3 1 0 2 1 3 4 5 12 11 10 3 1 0 7 8 13 12 
7 8 9 5 2 0 7 6 4 5 12 13 8 7 0 7 6 4 5 12 
7 8 9 5 2 0 7 8 9 5 12 11 10 3 1 0 1 3 10 11 12 
7 6 4 5 2 1 0 7 8 13 12 5 12 13 8 7 0 1 3 10 11 12 
---------------
