Request id 1
83 74 67 62 60 58 55 52 50 46 40 37 40 46 50 52 55 58 60 58 55 52 50 46 40 36 35 29 23 17 18 27 
83 74 67 62 60 58 55 52 50 46 40 37 40 46 50 52 55 58 60 58 55 52 50 46 40 37 30 21 26 35 29 23 17 18 27 
83 74 67 62 60 58 55 52 50 46 40 37 40 46 50 52 55 58 60 62 67 63 68 66 78 75 56 49 46 40 36 35 29 23 17 18 27 
83 74 67 62 60 58 55 52 50 46 40 37 40 46 50 52 55 58 60 62 67 63 68 77 73 72 75 56 49 46 40 36 35 29 23 17 18 27 
83 74 67 62 60 58 55 52 50 46 40 37 40 46 50 52 55 58 60 62 67 63 68 66 78 75 56 49 46 40 37 30 21 26 35 29 23 17 18 27 
83 74 67 62 60 58 55 52 50 46 40 37 40 46 50 52 55 58 60 62 67 63 68 77 73 72 75 56 49 46 40 37 30 21 26 35 29 23 17 18 27 
83 74 67 62 60 58 55 52 50 46 40 37 40 46 50 52 55 58 60 62 65 54 57 59 64 69 80 81 71 74 67 63 68 66 78 75 56 49 46 40 36 35 29 23 17 18 27 
83 74 67 62 60 58 55 52 50 46 40 37 40 46 50 52 55 58 60 62 65 54 57 59 64 69 80 81 71 74 67 63 68 77 73 72 75 56 49 46 40 36 35 29 23 17 18 27 
83 74 67 62 60 58 55 52 50 46 40 37 40 46 50 52 55 58 60 62 65 54 57 59 64 69 80 81 82 84 83 74 67 63 68 66 78 75 56 49 46 40 36 35 29 23 17 18 27 
83 74 67 62 60 58 55 52 50 46 40 37 40 46 50 52 55 58 60 62 65 54 57 59 64 69 80 81 71 74 67 63 68 66 78 75 56 49 46 40 37 30 21 26 35 29 23 17 18 27 
---------------
Request id 18
44 33 20 15 5 19 28 40 46 49 56 75 72 73 77 
44 33 20 15 5 19 28 40 46 49 56 75 78 66 68 77 
44 33 20 15 5 15 20 33 41 40 46 49 56 75 72 73 77 
44 33 20 15 5 15 20 33 43 40 46 49 56 75 72 73 77 
44 33 20 15 5 15 20 33 41 40 46 49 56 75 78 66 68 77 
44 33 20 15 5 15 20 33 43 40 46 49 56 75 78 66 68 77 
44 33 20 15 5 19 28 40 46 50 52 55 58 60 62 67 63 68 77 
44 33 20 15 5 15 20 33 43 40 46 50 52 55 58 60 62 67 63 68 77 
44 33 20 15 5 15 20 33 41 40 46 50 52 55 58 60 62 67 63 68 77 
44 33 20 15 5 15 10 16 24 25 20 33 41 40 46 49 56 75 72 73 77 
---------------
Request id 20
68 63 67 74 67 63 68 66 78 75 56 49 56 75 78 66 68 63 67 74 67 62 60 58 55 52 50 46 40 36 35 29 23 17 9 13 32 31 22 
68 63 67 74 67 63 68 66 78 75 56 49 56 75 78 66 68 63 67 74 67 63 68 66 78 75 56 49 46 40 36 35 29 23 17 9 13 32 31 22 
68 63 67 74 67 63 68 66 78 75 56 49 56 75 78 66 68 63 67 74 67 63 68 77 73 72 75 56 49 46 40 36 35 29 23 17 9 13 32 31 22 
68 63 67 74 67 63 68 66 78 75 56 49 56 75 78 66 68 63 67 74 67 62 60 58 55 52 50 46 40 36 35 29 23 17 9 3 0 4 6 11 14 22 
68 63 67 74 67 63 68 66 78 75 56 49 56 75 78 66 68 63 67 74 67 62 60 58 55 52 50 46 40 37 30 21 26 35 29 23 17 9 13 32 31 22 
68 63 67 74 67 63 68 66 78 75 56 49 56 75 78 66 68 63 67 74 67 63 68 66 78 75 56 49 46 40 36 35 29 23 17 9 3 0 4 6 11 14 22 
68 63 67 74 67 63 68 66 78 75 56 49 56 75 78 66 68 63 67 74 67 63 68 66 78 75 56 49 46 40 37 30 21 26 35 29 23 17 9 13 32 31 22 
68 63 67 74 67 63 68 66 78 75 56 49 56 75 78 66 68 63 67 74 67 63 68 77 73 72 75 56 49 46 40 37 30 21 26 35 29 23 17 9 13 32 31 22 
68 63 67 74 67 63 68 66 78 75 56 49 56 75 78 66 68 63 67 74 67 63 68 77 73 72 75 56 49 46 40 36 35 29 23 17 9 3 0 4 6 11 14 22 
68 63 67 74 67 63 68 66 78 75 56 49 56 75 78 66 68 63 67 74 67 62 60 58 55 52 50 46 40 37 30 21 26 35 29 23 17 9 3 0 4 6 11 14 22 
---------------
Request id 14
4 0 3 9 17 23 29 23 17 12 7 8 1 2 3 
4 0 3 9 17 23 29 23 17 12 7 8 1 8 7 12 17 9 3 
4 0 3 9 17 23 29 23 17 12 7 8 1 8 7 12 17 9 13 32 31 22 14 11 6 4 0 3 
4 0 3 9 17 23 29 23 17 12 7 12 17 9 3 2 1 2 3 
4 0 3 9 17 23 29 23 17 12 7 12 17 9 3 2 1 8 7 12 17 9 3 
4 0 3 9 17 23 29 23 17 12 7 12 17 9 3 2 1 8 7 12 17 9 13 32 31 22 14 11 6 4 0 3 
4 0 3 9 17 23 29 23 17 12 7 12 17 9 13 32 31 22 14 11 6 4 0 3 2 1 2 3 
4 0 3 9 17 23 29 23 17 12 7 12 17 9 13 32 31 22 14 11 6 4 0 3 2 1 8 7 12 17 9 3 
4 0 3 9 17 23 29 23 17 12 7 12 17 9 13 32 31 22 14 11 6 4 0 3 2 1 8 7 12 17 9 13 32 31 22 14 11 6 4 0 3 
4 0 3 9 17 23 29 23 17 9 3 2 1 8 7 8 1 2 3 
---------------
Request id 6
64 69 79 86 93 86 79 69 80 81 71 74 83 85 87 94 100 99 
64 69 79 86 93 86 79 69 80 81 82 84 83 85 87 94 100 99 
64 69 79 86 93 86 79 69 80 81 71 74 83 85 101 102 98 94 100 99 
64 69 79 86 93 86 79 69 80 81 82 84 83 85 101 102 98 94 100 99 
64 69 79 86 93 86 70 76 79 69 80 81 71 74 83 85 87 94 100 99 
64 69 79 86 93 86 70 76 79 69 80 81 82 84 83 85 87 94 100 99 
64 69 79 86 93 86 70 76 79 69 80 81 71 74 83 85 101 102 98 94 100 99 
64 69 79 86 93 86 79 69 64 59 57 54 65 62 67 74 83 85 87 94 100 99 
64 69 79 86 93 86 70 76 79 69 80 81 82 84 83 85 101 102 98 94 100 99 
64 69 79 86 93 86 79 69 64 59 57 54 65 62 67 74 83 85 101 102 98 94 100 99 
---------------
Request id 17
24 16 10 15 5 19 28 40 46 50 52 55 58 60 62 67 74 83 85 83 74 67 62 60 58 55 52 50 46 40 36 35 29 23 
24 16 10 15 5 19 28 40 46 50 52 55 58 60 62 67 74 83 85 83 74 67 63 68 66 78 75 56 49 46 40 36 35 29 23 
24 16 10 15 5 19 28 40 46 50 52 55 58 60 62 67 74 83 85 83 74 67 63 68 77 73 72 75 56 49 46 40 36 35 29 23 
24 16 10 15 5 19 28 40 46 50 52 55 58 60 62 67 74 83 85 83 74 67 62 60 58 55 52 50 46 40 37 30 21 26 35 29 23 
24 16 10 15 5 19 28 40 46 50 52 55 58 60 62 67 74 83 85 83 84 82 81 71 74 67 62 60 58 55 52 50 46 40 36 35 29 23 
24 16 10 15 5 19 28 40 46 50 52 55 58 60 62 67 74 83 85 83 74 67 63 68 66 78 75 56 49 46 40 37 30 21 26 35 29 23 
24 16 10 15 5 19 28 40 46 50 52 55 58 60 62 67 74 83 85 83 74 67 63 68 77 73 72 75 56 49 46 40 37 30 21 26 35 29 23 
24 16 10 15 5 19 28 40 46 50 52 55 58 60 62 67 74 83 85 83 84 82 81 71 74 67 63 68 66 78 75 56 49 46 40 36 35 29 23 
24 16 10 15 5 19 28 40 46 50 52 55 58 60 62 67 74 83 85 83 84 82 81 71 74 67 63 68 77 73 72 75 56 49 46 40 36 35 29 23 
24 16 10 15 5 19 28 40 46 50 52 55 58 60 62 67 74 83 85 83 84 82 81 71 74 67 62 60 58 55 52 50 46 40 37 30 21 26 35 29 23 
---------------
Request id 7
90 87 94 98 102 101 85 83 84 82 
90 87 94 98 102 98 94 87 85 83 84 82 
90 87 94 98 102 101 85 83 74 71 81 82 
90 87 94 98 102 98 94 87 85 83 74 71 81 82 
90 87 94 98 102 101 85 83 74 67 62 65 54 57 59 64 69 80 81 82 
90 87 94 98 102 98 94 87 85 83 74 67 62 65 54 57 59 64 69 80 81 82 
90 87 94 98 102 101 85 83 74 67 62 65 45 34 48 53 54 57 59 64 69 80 81 82 
90 87 94 98 102 98 94 87 85 83 74 67 62 65 45 34 48 53 54 57 59 64 69 80 81 82 
90 87 94 98 102 101 85 83 74 67 63 68 66 78 75 56 49 46 50 52 55 58 60 62 65 54 57 59 64 69 80 81 82 
90 87 94 98 102 101 85 83 74 67 63 68 77 73 72 75 56 49 46 50 52 55 58 60 62 65 54 57 59 64 69 80 81 82 
---------------
Request id 4
22 31 32 13 9 17 23 29 38 29 35 36 40 46 50 52 55 58 60 62 67 74 71 
22 31 32 13 9 17 23 29 38 29 35 36 40 46 49 56 75 78 66 68 63 67 74 71 
22 31 32 13 9 17 23 29 38 29 35 36 40 46 49 56 75 72 73 77 68 63 67 74 71 
22 31 32 13 9 17 23 29 38 29 35 26 21 30 37 40 46 50 52 55 58 60 62 67 74 71 
22 31 32 13 9 17 23 29 38 29 35 36 40 46 50 52 55 58 60 62 67 74 83 84 82 81 71 
22 31 32 13 9 17 23 29 38 29 35 26 21 30 37 40 46 49 56 75 78 66 68 63 67 74 71 
22 31 32 13 9 17 23 29 38 29 35 26 21 30 37 40 46 49 56 75 72 73 77 68 63 67 74 71 
22 31 32 13 9 17 23 29 38 29 35 36 40 46 49 56 75 78 66 68 63 67 74 83 84 82 81 71 
22 31 32 13 9 17 23 29 38 29 35 36 40 46 49 56 75 72 73 77 68 63 67 74 83 84 82 81 71 
22 31 32 13 9 17 23 29 38 29 35 36 40 46 50 52 55 58 60 62 65 54 57 59 64 69 80 81 71 
---------------
Request id 15
35 36 40 41 40 37 37 40 46 50 52 55 58 60 62 67 74 83 85 101 
35 36 40 41 40 37 37 40 46 49 56 75 78 66 68 63 67 74 83 85 101 
35 36 40 41 40 37 37 40 46 49 56 75 72 73 77 68 63 67 74 83 85 101 
35 36 40 41 40 37 37 40 46 50 52 55 58 60 62 67 74 71 81 82 84 83 85 101 
35 36 40 41 40 37 37 40 46 50 52 55 58 60 62 67 74 83 85 87 94 98 102 101 
35 36 40 41 40 37 37 40 46 49 56 75 78 66 68 63 67 74 83 85 87 94 98 102 101 
35 36 40 41 40 37 37 30 21 26 35 36 40 46 50 52 55 58 60 62 67 74 83 85 101 
35 36 40 41 40 37 37 40 46 49 56 75 78 66 68 63 67 74 71 81 82 84 83 85 101 
35 36 40 41 40 37 37 30 21 26 35 36 40 46 49 56 75 78 66 68 63 67 74 83 85 101 
35 36 40 41 40 37 37 40 46 49 56 75 72 73 77 68 63 67 74 71 81 82 84 83 85 101 
---------------
Request id 19
68 63 67 74 67 62 65 54 57 54 65 62 60 58 55 52 50 46 40 37 40 46 49 56 75 78 66 68 63 
68 63 67 74 67 62 65 54 57 54 65 62 60 58 55 52 50 46 40 37 40 46 50 52 55 58 60 62 67 63 
68 63 67 74 67 62 65 54 57 54 65 62 60 58 55 52 50 46 40 37 40 46 49 56 75 72 73 77 68 63 
68 63 67 74 67 62 65 54 57 54 65 62 60 58 55 52 50 46 40 37 30 21 26 35 36 40 46 49 56 75 78 66 68 63 
68 63 67 74 67 62 65 54 57 54 65 62 60 58 55 52 50 46 40 37 30 21 26 35 36 40 46 49 56 75 72 73 77 68 63 
68 63 67 74 67 62 65 54 57 54 65 62 60 58 55 52 50 46 40 37 30 21 26 35 36 40 46 50 52 55 58 60 62 67 63 
68 63 67 74 67 62 65 54 57 54 65 62 60 58 55 52 50 46 40 37 40 46 50 52 55 58 60 62 65 54 57 59 64 69 80 81 71 74 67 63 
68 63 67 74 67 62 65 54 57 54 65 62 60 58 55 52 50 46 40 37 40 46 50 52 55 58 60 62 65 54 57 59 64 69 80 81 82 84 83 74 67 63 
68 63 67 74 67 62 65 54 57 54 65 62 60 58 55 52 50 46 40 37 40 46 50 52 55 58 60 62 65 45 34 48 53 54 57 59 64 69 80 81 71 74 67 63 
68 63 67 74 67 62 65 54 57 54 65 62 60 58 55 52 50 46 40 37 30 21 26 35 36 40 46 50 52 55 58 60 62 65 54 57 59 64 69 80 81 71 74 67 63 
---------------
Request id 12
103 101 85 83 84 83 74 67 63 68 66 78 75 56 49 46 40 36 35 29 23 17 12 
103 101 85 83 84 83 74 67 63 68 66 78 75 56 49 46 40 37 30 21 26 35 29 23 17 12 
103 101 85 83 84 83 74 67 63 68 66 78 75 56 49 46 40 36 35 29 23 17 9 3 2 1 8 7 12 
103 101 85 83 84 83 74 67 63 68 66 78 75 56 49 46 40 37 30 21 26 35 29 23 17 9 3 2 1 8 7 12 
103 101 85 83 84 83 74 67 63 68 66 78 75 56 49 56 75 78 66 68 63 67 62 60 58 55 52 50 46 40 36 35 29 23 17 12 
103 101 85 83 84 83 74 67 63 68 66 78 75 56 49 56 75 72 73 77 68 63 67 62 60 58 55 52 50 46 40 36 35 29 23 17 12 
103 101 85 83 84 83 74 67 63 68 66 78 75 56 49 46 40 36 35 29 23 17 9 13 32 31 22 14 11 6 4 0 3 2 1 8 7 12 
103 101 85 83 84 83 74 67 63 68 66 78 75 56 49 56 75 78 66 68 63 67 62 60 58 55 52 50 46 40 37 30 21 26 35 29 23 17 12 
103 101 85 83 84 83 74 67 63 68 66 78 75 56 49 56 75 72 73 77 68 63 67 62 60 58 55 52 50 46 40 37 30 21 26 35 29 23 17 12 
103 101 85 83 84 83 74 67 63 68 66 78 75 56 49 46 40 37 30 21 26 35 29 23 17 9 13 32 31 22 14 11 6 4 0 3 2 1 8 7 12 
---------------
Request id 13
63 67 62 65 54 57 59 64 69 64 59 57 54 65 62 60 58 55 52 50 46 40 37 30 
63 67 62 65 54 57 59 64 69 80 81 71 74 67 62 60 58 55 52 50 46 40 37 30 
63 67 62 65 54 57 59 64 69 80 81 71 74 67 63 68 66 78 75 56 49 46 40 37 30 
63 67 62 65 54 57 59 64 69 80 81 82 84 83 74 67 62 60 58 55 52 50 46 40 37 30 
63 67 62 65 54 57 59 64 69 80 81 71 74 67 63 68 77 73 72 75 56 49 46 40 37 30 
63 67 62 65 54 57 59 64 69 80 81 71 74 67 62 60 58 55 52 50 46 40 36 35 26 21 30 
63 67 62 65 54 57 59 64 69 80 81 82 84 83 74 67 63 68 66 78 75 56 49 46 40 37 30 
63 67 62 65 54 57 59 64 69 64 59 57 54 65 62 60 58 55 52 50 46 40 36 35 26 21 30 
63 67 62 65 54 57 59 64 69 64 59 57 54 65 62 67 63 68 66 78 75 56 49 46 40 37 30 
63 67 62 65 54 57 59 64 69 64 59 57 54 53 48 34 45 65 62 60 58 55 52 50 46 40 37 30 
---------------
Request id 5
68 66 78 75 56 49 46 40 37 40 46 50 52 55 58 60 62 67 74 71 81 80 69 79 86 
68 66 78 75 56 49 46 40 37 40 46 50 52 55 58 60 62 65 54 57 59 64 69 79 86 
68 66 78 75 56 49 46 40 37 40 46 49 56 75 78 66 68 63 67 74 71 81 80 69 79 86 
68 66 78 75 56 49 46 40 37 40 46 50 52 55 58 60 62 67 74 83 84 82 81 80 69 79 86 
68 66 78 75 56 49 46 40 37 40 46 50 52 55 58 60 62 65 54 57 59 64 69 79 76 70 86 
68 66 78 75 56 49 46 40 37 40 46 49 56 75 72 73 77 68 63 67 74 71 81 80 69 79 86 
68 66 78 75 56 49 46 40 37 40 46 50 52 55 58 60 62 67 74 71 81 80 69 79 76 70 86 
68 66 78 75 56 49 46 40 37 40 46 49 56 75 78 66 68 63 67 74 71 81 80 69 79 76 70 86 
68 66 78 75 56 49 46 40 37 40 46 49 56 75 78 66 68 63 67 62 65 54 57 59 64 69 79 86 
68 66 78 75 56 49 46 40 37 40 46 49 56 75 78 66 68 63 67 74 83 84 82 81 80 69 79 86 
---------------
Request id 16
4 6 11 6 4 0 3 9 17 23 29 35 36 40 41 40 46 49 56 75 72 75 56 49 46 40 36 35 26 
4 6 11 6 4 0 3 9 17 23 29 35 36 40 41 40 46 49 56 75 72 75 56 49 46 40 37 30 21 26 
4 6 11 6 4 0 3 9 17 23 29 35 36 40 41 40 46 49 56 75 72 73 77 68 66 78 75 56 49 46 40 36 35 26 
4 6 11 6 4 0 3 9 17 23 29 35 36 40 41 40 46 49 56 75 72 73 77 68 66 78 75 56 49 46 40 37 30 21 26 
4 6 11 6 4 0 3 9 17 23 29 35 36 40 41 40 46 49 56 75 72 73 77 68 63 67 62 60 58 55 52 50 46 40 36 35 26 
4 6 11 6 4 0 3 9 17 23 29 35 36 40 41 40 46 49 56 75 72 73 77 68 63 67 62 60 58 55 52 50 46 40 37 30 21 26 
4 6 11 6 4 0 3 9 17 23 29 35 36 40 41 40 46 49 56 75 72 75 78 66 68 63 67 62 60 58 55 52 50 46 40 36 35 26 
4 6 11 6 4 0 3 9 17 23 29 35 36 40 41 40 46 49 56 75 72 75 78 66 68 63 67 62 60 58 55 52 50 46 40 37 30 21 26 
4 6 11 6 4 0 3 9 17 23 29 35 36 40 41 40 46 49 56 75 72 73 77 68 63 67 74 71 81 80 69 64 59 57 54 65 62 60 58 55 52 50 46 40 36 35 26 
4 6 11 6 4 0 3 9 17 23 29 35 36 40 41 40 46 49 56 75 72 73 77 68 63 67 74 71 81 80 69 64 59 57 54 65 62 60 58 55 52 50 46 40 37 30 21 26 
---------------
Request id 3
100 94 87 85 83 74 67 62 60 62 65 54 57 54 65 62 67 74 83 85 87 90 
100 94 87 85 83 74 67 62 60 62 65 54 57 59 64 69 80 81 71 74 83 85 87 90 
100 94 87 85 83 74 67 62 60 62 65 54 57 59 64 69 80 81 82 84 83 85 87 90 
100 94 87 85 83 74 67 62 60 62 65 54 57 54 65 62 67 74 83 85 101 102 98 94 87 90 
100 94 87 85 83 74 67 62 60 62 65 54 57 54 65 62 67 74 71 81 82 84 83 85 87 90 
100 94 87 85 83 74 67 62 60 62 65 54 57 54 53 48 34 45 65 62 67 74 83 85 87 90 
100 94 87 85 83 74 67 62 60 62 65 54 57 59 64 69 80 81 82 84 83 85 101 102 98 94 87 90 
100 94 87 85 83 74 67 62 60 62 65 54 57 59 64 69 80 81 71 74 83 85 101 102 98 94 87 90 
100 94 87 85 83 74 67 62 60 62 65 54 57 54 53 48 34 45 65 62 67 74 83 85 101 102 98 94 87 90 
100 94 87 85 83 74 67 62 60 62 65 54 57 54 65 62 67 74 71 81 82 84 83 85 101 102 98 94 87 90 
---------------
Request id 2
15 5 19 28 40 46 50 52 55 58 60 60 58 55 52 50 46 40 43 33 
15 5 19 28 40 46 50 52 55 58 60 60 58 55 52 50 46 40 41 33 
15 5 19 28 40 46 50 52 55 58 60 60 58 55 52 50 46 40 28 19 5 15 20 33 
15 5 19 28 40 46 50 52 55 58 60 60 62 67 63 68 66 78 75 56 49 46 40 41 33 
15 5 19 28 40 46 50 52 55 58 60 60 62 67 63 68 66 78 75 56 49 46 40 43 33 
15 5 19 28 40 46 50 52 55 58 60 60 62 67 63 68 77 73 72 75 56 49 46 40 43 33 
15 5 19 28 40 46 50 52 55 58 60 60 62 67 63 68 77 73 72 75 56 49 46 40 41 33 
15 5 19 28 40 46 50 52 55 58 60 60 58 55 52 50 46 40 28 19 5 15 10 16 24 25 20 33 
15 5 19 28 40 46 50 52 55 58 60 60 62 67 63 68 66 78 75 56 49 46 40 28 19 5 15 20 33 
15 5 19 28 40 46 50 52 55 58 60 60 62 67 63 68 77 73 72 75 56 49 46 40 28 19 5 15 20 33 
---------------
Request id 8
24 25 20 33 41 40 46 49 56 75 72 75 56 49 46 50 52 55 
24 25 20 33 41 40 46 49 56 75 72 73 77 68 63 67 62 60 58 55 
24 25 20 33 41 40 46 49 56 75 72 75 78 66 68 63 67 62 60 58 55 
24 25 20 33 41 40 46 49 56 75 72 73 77 68 66 78 75 56 49 46 50 52 55 
24 25 20 33 41 40 46 49 56 75 72 73 77 68 63 67 74 71 81 80 69 64 59 57 54 65 62 60 58 55 
24 25 20 33 41 40 46 49 56 75 72 75 78 66 68 63 67 74 71 81 80 69 64 59 57 54 65 62 60 58 55 
24 25 20 33 41 40 46 49 56 75 72 73 77 68 63 67 74 83 84 82 81 80 69 64 59 57 54 65 62 60 58 55 
24 25 20 33 41 40 46 49 56 75 72 75 78 66 68 63 67 74 83 84 82 81 80 69 64 59 57 54 65 62 60 58 55 
24 25 20 33 41 40 46 49 56 75 72 73 77 68 63 67 74 71 81 80 69 64 59 57 54 53 48 34 45 65 62 60 58 55 
24 25 20 33 41 40 46 49 56 75 72 75 78 66 68 63 67 74 71 81 80 69 64 59 57 54 53 48 34 45 65 62 60 58 55 
---------------
Request id 10
82 84 83 74 67 62 60 62 67 74 67 62 60 58 55 52 50 46 40 36 35 29 23 17 9 
82 84 83 74 67 62 60 62 67 74 67 63 68 66 78 75 56 49 46 40 36 35 29 23 17 9 
82 84 83 74 67 62 60 62 67 74 67 63 68 77 73 72 75 56 49 46 40 36 35 29 23 17 9 
82 84 83 74 67 62 60 62 67 74 67 62 60 58 55 52 50 46 40 37 30 21 26 35 29 23 17 9 
82 84 83 74 67 62 60 62 67 74 67 63 68 66 78 75 56 49 46 40 37 30 21 26 35 29 23 17 9 
82 84 83 74 67 62 60 62 67 74 67 63 68 77 73 72 75 56 49 46 40 37 30 21 26 35 29 23 17 9 
82 84 83 74 67 62 60 62 67 74 67 62 60 58 55 52 50 46 40 36 35 29 23 17 12 7 8 1 2 3 9 
82 84 83 74 67 62 60 62 67 74 67 63 68 66 78 75 56 49 46 40 36 35 29 23 17 12 7 8 1 2 3 9 
82 84 83 74 67 62 60 62 67 74 71 81 80 69 64 59 57 54 65 62 60 58 55 52 50 46 40 36 35 29 23 17 9 
82 84 83 74 67 62 60 62 67 74 67 63 68 77 73 72 75 56 49 46 40 36 35 29 23 17 12 7 8 1 2 3 9 
---------------
Request id 9
81 71 74 67 62 60 58 55 52 50 46 40 36 35 29 23 17 9 13 32 
81 71 74 67 63 68 66 78 75 56 49 46 40 36 35 29 23 17 9 13 32 
81 71 74 67 63 68 77 73 72 75 56 49 46 40 36 35 29 23 17 9 13 32 
81 71 74 67 62 60 58 55 52 50 46 40 37 30 21 26 35 29 23 17 9 13 32 
81 71 74 67 63 68 66 78 75 56 49 46 40 37 30 21 26 35 29 23 17 9 13 32 
81 71 74 67 63 68 77 73 72 75 56 49 46 40 37 30 21 26 35 29 23 17 9 13 32 
81 71 74 67 62 60 58 55 52 50 46 40 36 35 29 23 17 12 7 8 1 2 3 9 13 32 
81 71 74 67 63 68 66 78 75 56 49 46 40 36 35 29 23 17 12 7 8 1 2 3 9 13 32 
81 71 74 67 62 60 58 55 52 50 46 40 36 35 29 23 17 9 3 0 4 6 11 14 22 31 32 
81 71 74 71 81 80 69 64 59 57 54 65 62 60 58 55 52 50 46 40 36 35 29 23 17 9 13 32 
---------------
Request id 11
23 29 38 29 35 36 40 46 50 52 55 58 60 62 65 54 57 59 64 69 79 86 93 92 
23 29 38 29 35 36 40 46 50 52 55 58 60 62 67 74 71 81 80 69 79 86 93 92 
23 29 38 29 35 36 40 46 49 56 75 78 66 68 63 67 74 71 81 80 69 79 86 93 92 
23 29 38 29 35 36 40 46 50 52 55 58 60 62 65 54 57 59 64 69 79 76 70 86 93 92 
23 29 38 29 35 36 40 46 50 52 55 58 60 62 67 74 71 81 80 69 79 76 70 86 93 92 
23 29 38 29 35 36 40 46 49 56 75 72 73 77 68 63 67 74 71 81 80 69 79 86 93 92 
23 29 38 29 35 36 40 46 50 52 55 58 60 62 67 74 83 84 82 81 80 69 79 86 93 92 
23 29 38 29 35 36 40 46 49 56 75 78 66 68 63 67 74 71 81 80 69 79 76 70 86 93 92 
23 29 38 29 35 26 21 30 37 40 46 50 52 55 58 60 62 65 54 57 59 64 69 79 86 93 92 
23 29 38 29 35 36 40 46 49 56 75 78 66 68 63 67 74 83 84 82 81 80 69 79 86 93 92 
---------------
