Request id 23
0 1 2 5 9 8 11 8 13 10 3 1 
0 7 8 11 12 5 2 1 
0 7 8 13 10 11 12 5 2 0 1 
0 7 6 4 3 10 11 8 13 10 3 1 
0 7 8 11 12 13 10 3 1 
0 2 5 12 11 12 13 8 7 0 1 
0 1 2 5 9 8 11 8 7 0 2 1 
0 1 2 5 12 11 12 5 4 3 1 
0 7 6 4 3 10 11 10 3 1 
0 2 5 12 11 12 5 2 0 1 
0 7 8 11 8 7 0 2 1 
0 7 6 4 3 10 11 8 9 5 2 1 
0 2 5 12 11 8 9 5 2 1 
0 2 5 12 11 12 5 2 1 
0 1 2 5 12 11 8 7 0 1 
0 1 2 5 12 11 12 13 8 7 0 1 
0 2 1 3 10 11 8 7 0 1 
0 7 8 13 12 11 10 3 1 
0 1 3 10 11 12 5 2 0 1 
0 7 8 11 12 5 4 3 1 
0 2 5 9 8 11 12 13 8 7 0 1 
0 7 8 13 12 11 12 5 2 0 1 
0 7 8 13 10 11 10 3 1 
0 2 1 3 10 11 12 13 10 3 1 
0 1 2 5 9 8 11 12 5 4 3 1 
0 2 1 3 10 11 8 13 10 3 1 
0 1 3 10 11 12 5 4 3 1 
0 2 5 9 8 11 8 7 0 1 
0 1 2 5 9 8 11 12 13 10 3 1 
0 2 5 9 8 11 8 13 10 3 1 
0 2 5 9 8 11 8 9 5 2 1 
0 7 8 13 12 11 12 13 10 3 1 
0 7 8 13 10 11 8 13 10 3 1 
0 2 1 3 10 11 10 3 1 
0 7 8 11 8 9 5 2 1 
0 1 2 5 12 11 8 9 5 2 1 
0 2 5 12 11 8 7 0 2 1 
0 7 8 13 12 11 8 7 0 1 
0 7 8 13 10 11 8 7 0 1 
0 7 8 13 10 11 12 13 8 7 0 1 
---------------
Request id 16
10 13 12 5 9 8 11 8 13 8 9 5 12 13 8 9 5 2 1 
10 3 4 5 12 11 12 5 9 8 13 10 3 1 2 5 12 11 10 3 1 
10 3 1 2 5 12 11 12 5 9 8 13 10 11 12 13 8 9 5 2 1 
10 3 4 5 12 11 10 3 4 5 12 13 8 7 0 2 5 12 5 2 1 
10 13 8 11 10 3 4 5 12 13 10 3 4 5 12 11 8 7 0 1 
10 13 8 11 10 3 4 5 9 8 13 8 11 12 13 10 3 1 
10 13 12 11 10 13 10 3 1 0 2 5 12 11 8 7 0 1 
10 3 1 2 5 12 11 10 13 10 11 12 13 8 9 5 2 1 
10 3 4 5 12 11 12 13 10 3 1 2 5 12 13 10 3 1 
10 13 12 11 10 3 4 5 9 8 13 8 9 5 12 5 4 6 7 0 1 
10 13 12 5 9 8 11 8 9 5 12 13 10 3 1 2 5 12 5 2 0 1 
10 3 4 5 9 8 11 10 3 4 5 12 13 8 9 5 12 13 8 9 5 2 1 
10 3 4 5 12 11 8 13 8 9 5 12 5 9 8 7 0 1 
10 3 1 2 5 12 11 8 7 0 1 3 10 13 12 5 4 6 7 0 1 
10 13 8 9 5 12 11 12 13 8 7 6 4 5 12 5 2 1 
10 3 1 0 7 8 11 12 13 8 9 5 12 13 8 7 0 1 
10 11 12 13 8 11 12 5 2 1 
10 3 4 6 7 8 11 8 7 0 1 3 10 13 8 9 5 12 11 8 7 0 1 
10 11 8 13 10 11 8 9 5 12 5 9 8 7 0 1 
10 13 12 11 8 9 5 12 13 12 11 8 7 0 1 
10 13 12 5 9 8 11 8 13 8 9 5 12 5 2 0 1 
10 13 8 9 5 12 11 10 3 4 5 12 13 12 11 10 3 1 
10 13 8 11 10 3 4 5 9 8 13 8 7 6 4 5 12 13 8 7 0 1 
10 3 1 0 7 8 11 12 5 9 8 13 10 3 4 5 12 5 4 6 7 0 1 
10 11 8 9 5 12 13 10 3 4 5 12 5 2 1 
10 11 12 5 9 8 13 10 11 12 5 4 6 7 0 1 
10 11 8 9 5 12 13 10 11 12 5 4 3 1 
10 3 4 6 7 8 11 8 7 0 1 3 10 13 12 5 2 0 1 
10 13 12 5 9 8 11 8 7 0 1 3 10 13 10 3 4 5 12 13 8 9 5 2 1 
10 13 12 11 12 13 8 7 0 2 5 12 5 4 6 7 0 1 
10 13 12 11 8 13 8 7 0 2 5 12 13 8 9 5 2 1 
10 13 8 9 5 12 11 12 5 9 8 13 10 3 4 5 12 5 4 6 7 0 1 
10 3 4 6 7 8 11 12 5 9 8 13 10 3 1 0 2 5 12 11 10 3 1 
10 13 12 5 9 8 11 8 13 10 11 12 11 8 7 0 1 
10 3 4 5 9 8 11 8 7 0 1 3 10 13 8 7 6 4 5 12 5 4 6 7 0 1 
10 3 4 5 9 8 11 12 5 4 6 7 8 13 10 11 8 9 5 12 11 8 7 0 1 
10 13 12 5 9 8 11 10 3 4 5 12 13 8 11 12 5 2 0 1 
10 13 12 11 8 9 5 12 13 8 7 0 2 5 12 13 8 7 0 1 
10 13 12 5 9 8 11 12 13 10 3 1 2 5 12 13 8 9 5 2 1 
10 3 4 6 7 8 11 10 13 10 3 1 0 2 5 12 5 2 0 1 
---------------
Request id 9
3 1 0 2 5 9 8 11 12 5 
3 1 0 7 8 9 5 
3 10 11 8 9 8 7 0 2 5 
3 1 0 7 8 9 8 13 10 3 4 5 
3 4 5 9 8 7 6 4 5 
3 4 5 9 8 13 10 11 12 5 
3 4 5 12 11 8 9 5 
3 10 13 12 5 9 8 7 0 1 2 5 
3 10 11 8 9 8 13 10 11 12 5 
3 10 11 12 5 9 8 11 12 5 
3 1 0 2 5 9 8 7 0 1 2 5 
3 4 5 12 11 8 9 8 7 0 2 5 
3 1 2 5 9 8 11 12 5 
3 10 13 12 5 9 8 13 12 5 
3 1 0 2 5 9 8 13 10 3 4 5 
3 1 0 7 8 9 8 11 10 3 4 5 
3 4 6 7 8 9 8 11 10 3 4 5 
3 1 0 7 8 9 8 7 0 1 2 5 
3 1 0 2 5 9 8 11 10 3 4 5 
3 4 6 7 8 9 8 7 0 1 2 5 
3 10 11 8 9 8 11 10 13 12 5 
3 1 2 5 9 8 11 10 3 4 5 
3 4 5 12 11 8 9 8 11 10 13 12 5 
3 10 13 12 5 9 8 11 10 13 12 5 
3 4 6 7 8 9 8 13 10 11 12 5 
3 4 6 7 8 9 8 13 10 3 4 5 
3 1 0 2 5 9 8 7 0 2 5 
3 4 6 7 8 9 5 
3 10 13 8 9 8 7 0 2 5 
3 10 13 8 9 8 7 6 4 5 
3 10 11 8 9 8 7 6 4 5 
3 4 6 7 8 9 8 7 6 4 5 
3 1 0 7 8 9 8 11 12 5 
3 4 5 12 11 8 9 8 11 12 5 
3 4 5 12 11 8 9 8 13 10 3 4 5 
3 4 5 9 8 11 12 5 
3 1 0 7 8 9 8 7 6 4 5 
3 10 13 8 9 5 
3 1 0 2 5 9 5 
3 10 13 8 9 8 13 10 3 4 5 
---------------
Request id 30
1 3 10 13 8 11 10 13 12 5 2 
1 2 5 12 11 8 7 0 1 2 
1 2 5 12 11 10 13 12 5 2 
1 0 2 5 12 11 8 7 0 2 
1 2 5 9 8 11 8 7 6 4 5 2 
1 2 5 9 8 11 10 3 4 5 2 
1 3 10 11 10 13 12 5 2 
1 0 2 5 12 11 10 3 4 5 2 
1 2 5 12 13 8 11 10 3 1 0 2 
1 2 0 7 8 11 8 7 0 2 
1 2 5 12 11 8 7 0 2 
1 2 0 7 8 11 10 3 1 2 
1 2 5 9 8 11 12 5 2 
1 2 5 12 13 8 11 8 7 0 2 
1 2 5 9 8 11 8 7 0 2 
1 2 5 12 11 12 5 2 
1 3 4 5 12 11 8 9 5 2 
1 3 10 11 8 9 5 2 
1 0 2 5 12 11 8 7 0 1 2 
1 3 10 13 12 11 8 13 12 5 2 
1 3 10 13 12 11 10 3 4 5 2 
1 2 5 12 11 8 7 6 4 5 2 
1 2 5 9 8 11 10 3 1 0 2 
1 0 7 8 11 10 13 12 5 2 
1 0 7 8 11 8 7 6 4 5 2 
1 3 10 13 8 11 8 13 12 5 2 
1 3 10 13 12 11 10 3 1 0 2 
1 3 10 13 8 11 8 9 5 2 
1 2 0 7 8 11 8 7 6 4 5 2 
1 2 5 12 13 8 11 8 7 6 4 5 2 
1 3 10 13 8 11 8 7 0 1 2 
1 0 7 8 11 8 7 0 2 
1 0 7 8 11 8 7 0 1 2 
1 2 5 12 13 8 11 8 13 12 5 2 
1 3 10 11 12 5 2 
1 2 5 12 13 8 11 10 3 1 2 
1 2 5 9 8 11 8 7 0 1 2 
1 2 0 7 8 11 10 3 4 5 2 
1 3 10 13 12 11 8 7 0 1 2 
1 2 5 12 11 10 3 1 0 2 
---------------
Request id 7
0 2 1 3 4 6 7 8 11 12 5 
0 2 1 3 4 6 4 3 10 13 12 5 
0 1 3 4 6 7 0 1 3 4 5 
0 1 3 10 13 8 7 6 4 3 1 2 5 
0 2 5 4 6 4 3 10 11 12 5 
0 1 3 10 13 8 7 6 4 3 10 13 12 5 
0 1 3 10 13 8 7 6 4 3 10 11 12 5 
0 2 5 12 13 8 7 6 4 5 
0 7 6 7 0 2 5 
0 2 5 4 6 7 0 2 5 
0 2 1 3 4 6 7 8 13 12 5 
0 7 8 13 12 5 4 6 4 3 1 2 5 
0 2 5 4 6 4 3 10 13 12 5 
0 2 5 4 6 4 3 1 2 5 
0 2 1 3 4 6 7 0 1 3 4 5 
0 1 2 5 4 6 7 0 1 3 4 5 
0 7 8 13 12 5 4 6 4 3 10 13 12 5 
0 7 8 9 5 4 6 7 8 9 5 
0 7 6 7 8 13 12 5 
0 7 6 7 8 9 5 
0 2 1 3 4 6 4 5 
0 7 8 13 12 5 4 6 7 0 1 3 4 5 
0 2 5 9 8 7 6 4 3 10 13 12 5 
0 7 8 13 12 5 4 6 7 8 11 12 5 
0 1 2 5 4 6 4 3 1 2 5 
0 2 5 4 6 7 8 11 12 5 
0 2 5 4 6 7 0 1 3 4 5 
0 7 6 7 0 1 2 5 
0 2 5 9 8 7 6 7 0 1 2 5 
0 2 5 9 8 7 6 7 0 1 3 4 5 
0 7 8 9 5 4 6 7 0 1 2 5 
0 1 3 10 13 8 7 6 4 5 
0 2 5 9 8 7 6 7 8 9 5 
0 1 2 5 4 6 7 8 9 5 
0 1 3 10 13 8 7 6 7 8 13 12 5 
0 7 6 4 3 10 13 12 5 
0 1 3 4 6 4 5 
0 1 3 4 6 7 8 13 12 5 
0 7 6 7 0 1 3 4 5 
0 7 8 9 5 4 6 7 8 11 12 5 
---------------
Request id 11
0 2 1 3 10 13 8 11 12 5 
0 2 5 9 8 13 12 11 8 9 5 
0 1 3 10 13 8 9 5 
0 2 5 9 8 13 10 3 4 5 
0 1 3 10 13 12 5 
0 1 2 5 12 13 12 5 
0 7 6 4 3 10 13 10 3 4 5 
0 2 5 9 8 13 8 9 5 
0 7 8 13 8 7 6 4 5 
0 2 5 9 8 13 10 3 1 2 5 
0 1 3 10 13 10 3 4 5 
0 2 5 12 13 8 7 6 4 5 
0 7 8 11 12 13 8 7 0 2 5 
0 7 8 13 12 5 
0 7 6 4 3 10 13 10 11 12 5 
0 1 3 10 11 8 13 10 11 8 9 5 
0 1 3 10 11 8 13 8 7 6 4 5 
0 1 3 10 11 8 13 12 5 
0 1 3 10 11 8 13 10 3 4 5 
0 7 6 4 3 10 13 8 7 0 2 5 
0 7 8 13 10 3 4 5 
0 7 8 13 10 3 1 2 5 
0 7 8 13 10 11 8 9 5 
0 7 6 4 3 10 13 12 5 
0 7 8 13 8 11 12 5 
0 7 8 11 10 13 8 11 12 5 
0 7 8 11 12 13 10 3 4 5 
0 2 1 3 10 13 12 11 8 9 5 
0 1 2 5 12 13 8 7 6 4 5 
0 1 3 10 11 8 13 8 7 0 2 5 
0 1 2 5 12 13 10 11 12 5 
0 7 8 11 10 13 10 3 1 2 5 
0 1 3 10 11 8 13 8 11 12 5 
0 7 6 4 3 10 13 8 7 6 4 5 
0 2 1 3 10 13 8 7 6 4 5 
0 2 5 12 13 8 9 5 
0 1 2 5 12 13 8 11 12 5 
0 2 5 12 13 10 11 8 9 5 
0 1 3 10 13 12 11 8 9 5 
0 7 8 11 12 13 8 11 12 5 
---------------
Request id 28
10 11 8 9 5 4 6 4 5 9 8 11 8 9 5 
10 3 1 0 7 6 4 5 12 11 10 3 4 5 
10 13 8 9 5 4 6 4 3 10 11 10 3 1 2 5 
10 3 1 0 7 6 7 0 2 5 12 11 10 13 8 9 5 
10 11 8 7 6 4 5 9 8 11 8 7 6 4 5 
10 11 12 5 4 6 7 8 13 12 11 10 3 1 2 5 
10 3 1 2 0 7 6 4 3 10 11 10 3 1 2 5 
10 11 8 9 5 4 6 7 8 13 12 11 10 13 12 5 
10 3 1 0 7 6 4 5 12 13 8 11 8 9 5 
10 13 12 5 4 6 7 0 2 5 12 11 12 13 8 9 5 
10 13 8 9 5 4 6 4 5 12 11 10 3 4 5 
10 3 1 2 0 7 6 7 0 1 3 10 11 10 13 12 5 
10 11 8 9 5 4 6 4 5 9 8 11 12 5 
10 11 8 7 6 7 0 2 5 12 11 8 7 6 4 5 
10 13 12 5 4 6 7 0 1 3 10 11 8 7 0 2 5 
10 11 12 5 4 6 4 5 9 8 11 10 13 12 5 
10 13 12 11 8 7 6 4 5 12 11 10 3 1 2 5 
10 3 1 2 0 7 6 4 3 10 11 12 13 8 9 5 
10 13 12 11 8 7 6 4 3 10 11 8 13 12 5 
10 11 8 7 6 7 8 11 8 13 12 5 
10 13 12 5 4 6 7 8 11 12 13 8 9 5 
10 13 12 11 8 7 6 4 5 9 8 11 10 13 8 9 5 
10 3 1 2 0 7 6 7 8 13 10 11 10 13 12 5 
10 13 12 11 8 7 6 7 8 9 5 12 11 12 13 8 9 5 
10 11 12 5 4 6 4 5 12 11 10 13 12 5 
10 11 8 7 6 7 0 2 5 12 11 8 13 12 5 
10 11 8 9 5 4 6 4 5 12 11 8 7 0 2 5 
10 13 12 11 8 7 6 4 5 12 13 8 11 10 13 12 5 
10 11 8 7 6 4 5 12 13 8 11 8 9 5 
10 11 8 7 6 7 8 11 8 9 5 
10 11 8 9 5 4 6 7 8 9 5 12 11 8 13 12 5 
10 11 12 5 4 6 7 8 13 10 11 10 3 4 5 
10 13 12 5 4 6 7 8 11 10 3 1 2 5 
10 13 12 5 4 6 7 8 13 10 11 12 5 
10 11 8 9 5 4 6 7 8 13 12 11 10 3 4 5 
10 3 1 0 7 6 7 8 11 10 13 12 5 
10 3 1 2 0 7 6 7 0 2 5 12 11 8 7 0 2 5 
10 3 1 0 7 6 7 8 13 10 11 10 3 1 2 5 
10 3 1 2 0 7 6 4 5 9 8 11 8 9 5 
10 13 12 11 8 7 6 4 5 12 13 8 11 8 7 0 2 5 
---------------
Request id 1
3 1 2 0 7 6 4 5 12 13 10 
3 10 11 8 7 6 4 5 9 8 11 10 
3 4 6 4 5 9 8 11 10 
3 1 0 2 5 4 6 4 5 12 13 10 
3 10 11 8 7 6 4 3 10 
3 1 2 0 7 6 4 5 9 8 11 10 
3 10 13 12 5 4 6 7 0 1 3 10 
3 1 2 5 4 6 4 5 12 13 10 
3 10 11 12 5 4 6 7 0 1 3 10 
3 1 2 0 7 6 7 8 11 10 
3 4 6 7 0 1 3 10 
3 10 11 12 5 4 6 4 5 12 13 10 
3 1 0 7 6 7 0 1 3 10 
3 1 2 5 4 6 7 8 11 10 
3 1 2 5 4 6 4 3 10 
3 1 2 5 4 6 7 0 1 3 10 
3 4 6 7 8 13 10 
3 4 6 4 5 12 13 10 
3 4 5 9 8 7 6 4 5 12 13 10 
3 10 11 12 5 4 6 7 8 11 12 13 10 
3 1 2 0 7 6 7 8 13 10 
3 1 2 5 4 6 7 8 13 10 
3 1 0 7 6 7 8 11 10 
3 10 13 12 5 4 6 7 0 2 1 3 10 
3 4 5 9 8 7 6 7 0 1 3 10 
3 1 0 2 5 4 6 7 8 11 10 
3 10 13 8 7 6 7 8 11 10 
3 10 13 12 5 4 6 7 8 13 12 11 10 
3 10 11 12 5 4 6 4 3 10 
3 1 0 7 6 7 8 11 12 13 10 
3 10 13 8 7 6 4 5 12 11 10 
3 10 11 12 5 4 6 7 8 13 10 
3 1 2 0 7 6 4 5 12 11 10 
3 4 6 7 8 11 12 13 10 
3 10 11 8 7 6 4 5 12 13 10 
3 1 0 7 6 7 0 2 1 3 10 
3 10 13 8 7 6 7 0 2 1 3 10 
3 10 13 12 5 4 6 7 8 13 10 
3 1 0 7 6 4 5 12 13 10 
3 1 0 7 6 4 5 9 8 11 10 
---------------
Request id 3
2 0 7 8 13 12 5 4 6 7 8 9 8 
2 1 3 4 5 12 11 10 3 4 5 9 8 
2 0 7 6 4 5 12 11 8 9 8 
2 1 3 4 5 12 13 8 9 8 
2 0 1 3 4 5 12 5 2 0 7 8 9 5 4 3 10 13 8 
2 5 12 11 8 9 5 12 13 8 
2 1 3 10 11 12 13 10 3 4 5 9 5 2 0 7 8 
2 5 9 8 13 12 13 10 3 4 5 9 5 4 3 10 13 8 
2 5 9 8 13 12 13 10 11 8 9 5 12 13 8 
2 1 3 10 13 12 13 8 9 5 12 13 10 11 8 
2 1 3 4 5 12 11 10 3 4 5 9 5 2 1 0 7 8 
2 1 3 4 5 12 13 10 3 4 5 9 5 4 3 10 13 8 
2 0 1 3 4 5 12 13 8 9 5 2 0 7 8 
2 1 3 4 5 12 5 2 0 7 8 9 5 4 6 7 8 
2 0 7 8 11 12 13 10 3 4 5 9 5 4 6 7 8 
2 5 12 5 2 0 7 8 9 5 4 3 10 11 8 
2 0 1 3 4 5 12 13 10 3 4 5 9 5 4 3 10 13 8 
2 5 12 13 8 9 5 2 1 0 7 8 
2 0 7 8 11 12 5 9 5 4 6 7 8 
2 1 3 10 11 12 11 10 3 4 5 9 5 2 1 0 7 8 
2 0 7 6 4 5 12 13 8 9 5 2 1 0 7 8 
2 0 7 8 13 12 11 8 7 6 4 5 9 5 2 1 0 7 8 
2 5 9 8 11 12 13 10 3 4 5 9 5 2 0 7 8 
2 1 3 10 11 12 5 9 5 12 13 8 
2 1 3 10 11 12 11 10 3 4 5 9 5 4 6 7 8 
2 0 7 8 11 12 13 10 11 8 9 5 4 6 7 8 
2 5 9 8 13 12 5 9 5 12 11 8 
2 1 3 10 11 12 5 2 0 7 8 9 5 2 0 7 8 
2 0 7 8 13 12 5 9 5 4 3 10 11 8 
2 5 12 13 10 11 8 9 5 2 1 0 7 8 
2 1 3 10 11 12 11 8 7 6 4 5 9 5 12 11 10 13 8 
2 0 1 3 4 5 12 11 8 7 6 4 5 9 5 4 6 7 8 
2 5 9 8 11 12 5 2 0 7 8 9 5 12 11 8 
2 1 3 4 5 12 5 9 8 
2 0 7 8 13 12 5 2 0 7 8 9 5 4 3 10 11 8 
2 1 3 10 13 12 13 8 9 5 12 13 8 
2 1 3 4 5 12 13 8 9 5 2 0 7 8 
2 5 9 8 11 12 11 8 9 5 12 13 8 
2 1 3 10 13 12 5 9 5 4 3 10 13 8 
2 5 12 11 10 13 8 9 5 2 0 7 8 
---------------
Request id 15
2 1 3 10 11 12 11 8 9 5 4 6 7 8 13 12 5 9 5 12 13 8 7 0 
2 1 3 4 5 12 11 10 3 4 6 7 8 11 12 5 9 5 4 6 7 0 
2 1 3 4 5 12 5 9 8 7 6 4 5 12 13 8 9 8 13 10 3 1 0 
2 0 7 8 13 12 13 8 9 5 4 6 7 8 11 12 5 9 5 2 1 0 
2 1 3 4 5 12 13 8 9 5 4 6 7 0 1 2 5 9 5 2 0 
2 0 7 6 4 5 12 5 9 8 7 6 4 3 10 13 8 9 5 2 0 
2 1 3 10 11 12 11 8 9 5 4 6 7 8 9 8 11 10 3 1 0 
2 1 3 10 13 12 13 10 3 4 6 4 5 9 8 11 10 3 1 0 
2 1 3 4 5 12 13 10 11 8 7 6 7 0 1 2 5 9 5 4 3 1 2 0 
2 1 0 7 8 11 12 13 8 9 5 4 6 7 8 13 12 5 9 5 2 0 
2 1 3 10 13 12 13 8 7 6 7 8 13 12 5 9 5 4 3 1 0 
2 0 7 6 4 5 12 13 8 7 6 4 5 12 13 8 9 5 12 11 8 7 0 
2 5 9 8 13 12 5 2 0 7 6 4 3 10 11 8 9 5 4 3 1 2 0 
2 0 7 8 11 12 11 10 3 4 6 7 8 9 8 11 10 3 1 0 
2 1 0 7 8 11 12 13 8 7 6 4 3 10 11 8 9 5 12 13 8 7 0 
2 1 3 10 13 12 13 8 7 6 4 3 10 13 8 9 5 4 3 1 0 
2 1 3 10 13 12 11 10 3 4 6 4 5 12 13 8 9 8 7 0 
2 1 3 10 13 12 5 4 6 7 8 9 5 2 0 
2 1 3 10 11 12 13 8 7 6 7 8 13 12 5 9 8 7 0 
2 0 7 8 11 12 11 8 7 6 7 8 13 12 5 9 5 12 11 8 7 0 
2 5 9 8 13 12 5 4 6 4 5 12 11 8 9 5 12 11 8 7 0 
2 0 7 8 13 12 11 8 7 6 7 0 2 5 9 8 13 10 3 1 0 
2 5 9 8 13 12 5 4 6 7 0 2 5 9 5 4 3 1 0 
2 5 9 8 11 12 5 2 0 7 6 7 8 9 5 4 6 7 0 
2 0 7 8 11 12 13 10 3 4 6 7 8 9 5 4 3 1 0 
2 1 3 10 13 12 5 4 6 4 5 12 11 8 9 5 4 6 7 0 
2 1 3 10 13 12 13 10 11 8 7 6 7 8 11 12 5 9 5 2 1 0 
2 0 7 6 4 5 12 13 10 11 8 7 6 7 0 2 5 9 5 4 3 1 0 
2 1 3 4 5 12 13 8 7 6 4 5 9 5 12 11 8 7 0 
2 0 7 8 13 12 11 8 7 6 4 5 12 11 8 9 5 4 3 1 2 0 
2 1 0 7 8 11 12 13 10 11 8 7 6 7 8 11 12 5 9 5 4 3 1 2 0 
2 5 9 8 13 12 11 8 9 5 4 6 7 0 1 2 5 9 5 4 3 1 2 0 
2 5 12 5 2 0 7 6 7 8 11 12 5 9 5 12 13 8 7 0 
2 5 12 13 8 9 5 4 6 7 8 9 8 13 10 3 1 0 
2 0 7 8 13 12 11 10 3 4 6 4 5 9 5 12 13 8 7 0 
2 0 7 6 4 5 12 13 10 3 4 6 7 8 13 12 5 9 5 2 1 0 
2 5 9 8 11 12 5 2 0 7 6 7 0 1 2 5 9 5 12 11 8 7 0 
2 0 7 6 4 5 12 5 4 6 7 8 13 12 5 9 5 4 3 1 2 0 
2 1 0 7 8 11 12 11 10 3 4 6 4 3 10 11 8 9 8 11 10 3 1 0 
2 0 7 8 13 12 11 8 7 6 7 8 11 12 5 9 5 4 3 1 2 0 
---------------
Request id 27
7 8 13 12 5 9 5 4 
7 8 13 12 5 9 8 13 10 3 4 
7 0 2 1 3 4 5 9 8 11 10 3 4 
7 8 9 8 7 6 4 
7 0 2 5 9 5 2 0 1 3 4 
7 0 1 2 5 9 5 2 1 3 4 
7 0 1 3 4 5 9 8 11 12 5 4 
7 0 1 2 5 9 8 7 6 4 
7 6 4 5 9 8 7 0 1 3 4 
7 0 1 2 5 9 8 13 12 5 4 
7 0 2 1 3 4 5 9 8 7 6 4 
7 0 2 1 3 4 5 9 8 7 0 1 3 4 
7 6 4 5 9 8 13 10 3 4 
7 0 1 3 4 5 9 8 13 12 5 4 
7 8 11 10 3 4 5 9 8 11 10 3 4 
7 0 1 3 4 5 9 5 12 13 10 3 4 
7 0 2 5 12 11 8 9 8 11 10 3 4 
7 8 11 12 5 9 8 11 10 3 4 
7 0 2 5 12 11 8 9 8 13 10 3 4 
7 8 13 12 5 9 5 2 0 1 3 4 
7 8 9 5 2 0 1 3 4 
7 6 4 5 9 8 11 10 3 4 
7 8 11 12 5 9 8 7 0 1 3 4 
7 0 2 5 12 11 8 9 5 4 
7 0 2 1 3 4 5 9 5 2 0 1 3 4 
7 8 11 12 5 9 5 4 
7 0 1 2 5 9 8 11 12 5 4 
7 0 2 5 9 8 13 12 5 4 
7 0 2 5 9 8 11 12 5 4 
7 8 11 10 3 4 5 9 8 13 12 5 4 
7 6 4 5 9 8 11 12 5 4 
7 0 2 5 9 8 7 0 1 3 4 
7 0 2 1 3 4 5 9 8 11 12 5 4 
7 8 13 12 5 9 8 11 12 5 4 
7 8 11 12 5 9 5 12 13 10 3 4 
7 8 9 8 7 0 1 3 4 
7 8 13 12 5 9 8 11 10 3 4 
7 0 1 2 5 9 8 13 10 3 4 
7 6 4 5 9 5 12 13 10 3 4 
7 8 11 12 5 9 8 13 10 3 4 
---------------
Request id 6
0 2 5 12 11 8 9 8 13 12 11 8 9 5 12 13 8 7 
0 1 3 4 5 9 5 12 13 8 11 8 7 0 2 5 12 5 9 8 7 
0 7 6 4 5 9 5 12 13 10 11 10 13 12 5 2 0 7 
0 1 3 4 5 9 5 12 11 8 7 0 2 5 12 5 4 3 1 0 7 
0 1 3 10 13 8 9 5 4 3 10 11 8 9 5 12 5 4 6 7 
0 2 1 3 4 5 9 5 2 0 7 8 11 8 7 0 2 5 12 11 10 3 1 0 7 
0 1 3 4 5 9 5 4 3 10 11 8 7 0 2 5 12 5 9 8 7 
0 2 5 9 5 12 13 8 11 10 3 1 2 5 12 5 4 6 7 
0 1 3 10 13 8 9 8 11 8 7 0 2 5 12 5 2 0 7 
0 1 3 4 5 9 8 13 10 11 10 13 8 9 5 12 11 10 13 8 7 
0 1 3 10 13 8 9 5 12 13 10 11 8 9 5 12 13 10 11 8 7 
0 7 6 4 5 9 5 2 0 7 8 11 8 7 6 4 5 12 13 10 11 8 7 
0 1 3 4 5 9 5 2 0 7 8 11 8 7 6 4 5 12 11 8 7 
0 1 3 10 13 8 9 8 11 8 7 6 4 5 12 13 10 11 8 7 
0 2 5 12 11 8 9 8 11 8 13 12 5 2 0 7 
0 7 6 4 5 9 8 13 10 11 10 13 8 9 5 12 13 10 11 8 7 
0 2 5 9 5 2 1 3 10 11 10 3 1 2 5 12 5 4 6 7 
0 2 5 9 5 12 13 10 11 8 7 0 2 5 12 11 8 7 
0 7 8 9 8 13 12 11 8 9 5 12 11 10 13 8 7 
0 7 8 13 12 5 9 8 13 10 11 8 13 12 5 4 3 1 0 7 
0 1 2 5 9 8 13 10 11 10 13 8 9 5 12 5 2 1 0 7 
0 7 8 9 5 12 13 8 11 10 3 1 2 5 12 11 10 13 8 7 
0 2 5 9 5 4 6 7 8 11 10 3 1 0 2 5 12 11 8 7 
0 1 3 10 13 8 9 8 13 10 11 8 7 0 2 5 12 5 9 8 7 
0 2 1 3 4 5 9 8 11 12 13 8 7 
0 1 2 5 9 8 13 12 11 10 3 4 5 12 5 2 1 0 7 
0 2 5 12 11 8 9 5 2 1 3 10 11 8 7 6 4 5 12 5 4 6 7 
0 1 2 5 9 8 13 10 11 10 3 1 2 5 12 5 2 1 0 7 
0 1 3 10 13 8 9 8 11 12 11 10 3 1 0 7 
0 2 1 3 4 5 9 5 4 6 7 8 11 10 13 12 11 10 3 1 0 7 
0 1 3 10 13 8 9 5 4 3 10 11 10 13 8 9 5 12 11 10 13 8 7 
0 7 8 9 8 13 12 11 10 3 1 0 2 5 12 5 2 1 0 7 
0 1 2 5 9 5 2 1 3 10 11 8 7 6 4 5 12 11 10 13 8 7 
0 7 8 13 12 5 9 5 2 1 3 10 11 10 3 1 0 2 5 12 5 4 6 7 
0 2 1 3 4 5 9 5 4 3 10 11 10 13 12 5 2 0 7 
0 1 2 5 9 5 12 11 8 9 5 12 5 2 1 0 7 
0 7 8 11 12 5 9 5 4 3 10 11 10 3 4 5 12 5 4 3 1 0 7 
0 1 3 4 5 9 5 4 6 7 8 11 10 3 1 0 2 5 12 11 10 3 1 0 7 
0 7 8 11 12 5 9 5 2 1 3 10 11 8 7 0 2 5 12 13 10 11 8 7 
0 1 2 5 9 5 4 6 7 8 11 10 3 1 0 2 5 12 5 9 8 7 
---------------
Request id 12
2 5 12 11 8 13 10 3 1 2 5 12 5 9 8 7 0 1 
2 5 9 8 13 10 11 12 5 2 1 
2 0 7 8 13 10 3 1 2 5 12 5 9 8 7 0 1 
2 5 4 3 10 13 8 7 0 2 5 12 13 8 7 0 1 
2 1 0 7 8 13 10 3 4 5 12 5 9 8 7 0 1 
2 5 9 8 13 8 9 5 12 11 10 3 1 
2 0 7 8 13 8 11 12 5 2 1 
2 0 7 8 13 8 11 12 13 10 3 1 
2 5 9 8 13 8 7 0 1 2 5 12 11 8 9 5 2 1 
2 1 3 10 13 10 11 8 9 5 12 11 8 7 0 1 
2 5 12 13 12 11 8 7 0 1 
2 5 4 3 10 13 8 11 12 11 8 9 5 2 1 
2 5 12 11 8 13 8 9 5 12 11 10 3 1 
2 0 7 8 11 10 13 8 7 6 4 5 12 13 8 7 0 1 
2 0 7 8 13 10 3 1 2 5 12 5 2 0 1 
2 5 12 11 10 13 8 11 12 5 2 1 
2 5 12 11 8 13 10 3 4 5 12 13 10 3 1 
2 0 7 8 11 10 13 8 7 0 2 5 12 13 10 3 1 
2 5 4 3 10 13 8 7 0 2 5 12 13 10 3 1 
2 5 12 13 10 11 8 9 5 12 5 2 0 1 
2 1 0 7 8 13 12 5 2 0 1 
2 1 0 7 8 13 8 11 12 11 10 3 1 
2 1 3 10 13 10 3 1 2 5 12 13 8 7 0 1 
2 1 0 7 8 13 8 7 6 4 5 12 13 8 7 0 1 
2 1 3 10 13 10 3 4 5 12 5 4 6 7 0 1 
2 1 0 7 8 13 10 11 8 9 5 12 5 9 8 7 0 1 
2 5 9 8 13 8 11 12 11 8 9 5 2 1 
2 5 12 11 10 13 8 7 0 1 2 5 12 5 2 1 
2 0 1 3 10 13 10 11 8 9 5 12 5 4 3 1 
2 5 9 8 13 8 7 6 4 5 12 5 4 3 1 
2 5 12 11 10 13 10 11 12 5 9 8 7 0 1 
2 5 12 11 8 13 8 7 6 4 5 12 5 4 6 7 0 1 
2 1 3 10 13 10 11 8 9 5 12 5 9 8 7 0 1 
2 1 3 10 13 10 3 4 5 12 5 9 8 7 0 1 
2 5 9 8 13 8 7 0 1 2 5 12 5 4 6 7 0 1 
2 5 12 11 8 13 10 3 4 5 12 5 9 8 7 0 1 
2 5 12 13 8 9 5 12 5 2 1 
2 0 1 3 10 13 10 3 1 2 5 12 5 9 8 7 0 1 
2 1 3 10 13 8 11 12 5 4 6 7 0 1 
2 5 12 11 10 13 10 3 4 5 12 13 10 3 1 
---------------
Request id 22
7 0 1 2 5 12 11 12 5 2 1 3 10 
7 0 1 2 5 12 11 8 9 5 4 3 10 
7 0 1 2 5 12 11 8 13 10 
7 0 1 2 5 12 11 12 13 10 
7 0 2 5 12 11 12 5 2 1 3 10 
7 8 13 10 11 12 5 9 8 13 10 
7 6 4 5 12 11 8 13 10 
7 8 13 10 11 8 9 5 12 13 10 
7 8 13 12 11 8 7 6 4 3 10 
7 8 11 8 13 10 
7 0 1 3 10 11 12 13 10 
7 6 4 3 10 11 12 5 2 1 3 10 
7 8 13 10 11 12 5 4 3 10 
7 0 2 5 12 11 8 9 5 12 13 10 
7 0 2 5 9 8 11 10 
7 6 4 3 10 11 8 9 5 4 3 10 
7 8 11 8 7 6 4 3 10 
7 8 13 12 11 12 5 4 3 10 
7 8 13 10 11 8 7 0 1 3 10 
7 8 13 10 11 10 
7 0 1 3 10 11 12 5 4 3 10 
7 6 4 3 10 11 8 13 10 
7 0 1 3 10 11 8 9 5 12 13 10 
7 0 2 5 12 11 8 7 6 4 3 10 
7 0 2 5 9 8 11 12 5 9 8 13 10 
7 6 4 5 12 11 12 5 9 8 13 10 
7 0 2 5 9 8 11 8 9 5 12 13 10 
7 0 2 5 12 11 12 5 4 3 10 
7 0 2 5 9 8 11 8 7 0 1 3 10 
7 0 1 2 5 12 11 8 9 5 12 13 10 
7 8 11 10 
7 8 13 10 11 8 13 10 
7 0 1 2 5 12 11 10 
7 6 4 5 12 11 10 
7 8 9 5 12 11 8 13 10 
7 6 4 3 10 11 8 9 5 12 13 10 
7 6 4 5 12 11 12 5 4 3 10 
7 8 11 8 9 5 12 13 10 
7 8 13 10 11 12 13 10 
7 8 9 5 12 11 12 5 4 3 10 
---------------
Request id 5
8 7 0 1 2 5 9 5 2 1 3 10 11 8 13 12 5 9 5 12 11 8 13 10 
8 13 10 3 4 5 9 5 2 1 3 10 11 12 13 8 9 8 13 10 
8 9 5 12 13 8 11 12 5 9 8 13 12 11 10 
8 7 0 1 2 5 9 5 4 3 10 11 12 13 8 9 8 13 10 
8 7 0 2 5 9 5 12 13 10 11 8 7 6 4 5 9 8 7 6 4 3 10 
8 7 0 2 5 9 5 4 3 10 11 8 9 5 12 11 8 13 10 
8 7 0 1 2 5 9 5 12 13 8 11 12 13 8 9 5 12 13 10 
8 13 10 11 12 5 9 5 12 11 8 9 5 2 1 3 10 
8 7 0 1 2 5 9 8 13 12 11 12 13 8 9 5 2 1 3 10 
8 13 10 11 12 5 9 5 4 3 10 11 10 3 1 2 5 9 5 4 3 10 
8 13 10 3 4 5 9 5 12 13 10 11 10 3 4 5 9 5 2 1 3 10 
8 13 10 11 12 5 9 5 4 3 10 11 10 13 12 5 9 5 12 13 10 
8 13 10 11 12 5 9 5 12 13 8 11 10 3 4 5 9 5 2 1 3 10 
8 9 5 12 11 12 5 9 5 12 11 10 
8 9 5 2 1 3 10 11 10 13 8 9 8 13 12 11 10 
8 9 8 13 10 11 10 3 1 2 5 9 8 7 6 4 3 10 
8 7 6 4 5 9 5 12 13 8 11 10 13 8 9 8 11 10 
8 7 0 1 2 5 9 8 11 10 13 8 9 8 13 10 
8 7 6 4 5 9 5 4 6 7 8 11 8 13 12 5 9 8 7 6 4 3 10 
8 7 6 4 5 9 5 4 3 10 11 12 13 8 9 8 13 10 
8 11 10 13 12 5 9 8 13 10 11 10 3 4 5 9 8 13 12 11 10 
8 7 0 2 5 9 8 13 10 11 8 9 5 2 1 3 10 
8 11 12 5 9 8 13 10 11 8 9 8 7 6 4 3 10 
8 11 10 3 4 5 9 5 4 6 7 8 11 8 13 12 5 9 5 4 3 10 
8 7 0 2 5 9 5 12 13 8 11 8 9 8 13 10 
8 13 10 11 12 5 9 5 2 1 3 10 11 8 7 0 2 5 9 5 2 1 3 10 
8 7 0 1 2 5 9 5 12 11 10 3 1 2 5 9 8 13 12 11 10 
8 13 10 11 12 5 9 5 12 11 12 13 8 9 5 12 11 10 
8 13 10 11 12 5 9 5 2 0 7 8 11 10 3 4 5 9 8 11 12 13 10 
8 9 5 4 3 10 11 8 7 0 2 5 9 5 4 3 10 
8 7 0 2 5 9 8 13 12 11 10 3 4 5 9 5 2 1 3 10 
8 13 10 3 4 5 9 5 2 1 3 10 11 8 7 6 4 5 9 5 4 3 10 
8 7 6 4 5 9 8 13 12 11 8 9 8 13 10 
8 13 10 11 12 5 9 5 12 13 10 11 12 5 9 5 12 11 8 13 10 
8 13 10 3 4 5 9 5 12 13 10 11 10 13 12 5 9 8 13 12 11 10 
8 7 0 1 2 5 9 8 11 10 3 1 2 5 9 5 4 3 10 
8 11 10 3 4 5 9 8 11 10 13 12 5 9 5 12 13 10 
8 7 6 4 5 9 8 11 10 13 8 9 8 11 12 13 10 
8 13 10 3 4 5 9 5 12 13 10 11 12 13 8 9 5 12 13 10 
8 11 12 5 9 8 11 10 13 8 9 5 4 3 10 
---------------
Request id 17
10 3 4 5 9 8 11 10 13 8 11 10 3 4 
10 13 12 11 12 13 8 11 10 3 4 
10 13 12 11 10 13 8 7 6 4 
10 3 1 0 7 8 11 12 5 4 3 10 13 8 9 5 4 
10 3 4 5 9 8 11 12 13 10 3 1 2 5 4 
10 3 1 0 7 8 11 10 3 4 5 12 13 10 11 12 5 4 
10 3 4 5 12 11 8 9 5 4 3 10 13 12 11 10 3 4 
10 13 8 11 8 13 8 11 10 3 4 
10 3 1 0 7 8 11 10 3 4 5 12 13 8 7 6 4 
10 3 1 2 5 12 11 12 5 9 8 13 8 7 6 4 
10 11 8 9 5 4 3 10 13 8 11 12 5 4 
10 3 1 2 5 12 11 12 13 12 5 4 
10 13 12 5 9 8 11 8 13 8 9 5 4 
10 13 8 9 5 12 11 12 5 4 6 7 8 13 10 11 8 9 5 4 
10 13 12 11 12 5 9 8 13 12 11 10 3 4 
10 3 4 6 7 8 11 12 5 4 3 10 13 12 5 4 
10 3 4 5 12 11 10 3 4 5 12 13 10 11 12 5 4 
10 3 4 5 9 8 11 10 3 4 5 12 13 10 3 4 
10 3 1 0 7 8 11 8 9 5 12 13 10 11 8 9 5 4 
10 13 8 9 5 12 11 8 9 5 12 13 10 3 4 
10 3 4 5 12 11 12 5 9 8 13 12 11 10 3 4 
10 3 4 5 9 8 11 8 9 5 4 3 10 13 12 11 10 3 4 
10 13 8 11 8 13 8 9 5 4 
10 13 12 11 8 9 5 4 3 10 13 8 11 10 3 4 
10 3 1 2 5 12 11 10 3 4 5 9 8 13 10 11 12 5 4 
10 13 8 9 5 12 11 8 13 12 11 10 3 4 
10 13 8 9 5 12 11 8 9 5 4 3 10 13 10 3 4 
10 3 1 2 5 12 11 12 5 9 8 13 12 5 4 
10 3 1 0 7 8 11 12 13 12 11 10 3 4 
10 3 4 5 12 11 8 9 5 12 13 10 3 1 2 5 4 
10 13 8 9 5 12 11 8 13 10 3 1 2 5 4 
10 3 1 2 5 12 11 8 13 8 11 10 3 4 
10 3 4 5 12 11 10 3 4 5 12 13 8 7 6 4 
10 3 4 6 7 8 11 12 5 4 3 10 13 8 11 12 5 4 
10 11 8 9 5 4 3 10 13 10 3 1 2 5 4 
10 13 8 9 5 12 11 10 3 4 5 9 8 13 8 11 12 5 4 
10 11 10 3 4 5 9 8 13 8 11 10 3 4 
10 13 8 11 12 13 10 3 4 
10 3 1 0 7 8 11 10 13 8 11 12 5 4 
10 3 1 0 7 8 11 12 5 9 8 13 10 11 8 9 5 4 
---------------
Request id 24
2 5 4 3 1 0 7 6 7 8 11 12 13 12 5 2 0 
2 5 4 3 1 0 7 6 7 0 1 3 10 13 8 9 5 2 0 
2 5 4 3 1 0 7 6 4 5 12 11 10 13 10 3 4 6 7 0 
2 5 12 13 8 7 6 4 5 9 8 13 8 9 5 2 0 
2 5 12 11 8 7 6 7 8 11 10 13 12 5 2 1 0 
2 5 9 8 7 6 7 8 11 12 13 12 11 8 7 0 
2 5 4 3 1 0 7 6 4 3 10 13 8 7 0 
2 1 3 4 6 4 5 12 11 10 13 12 5 2 1 0 
2 5 12 13 8 7 6 7 8 13 8 11 10 3 1 0 
2 5 12 11 8 7 6 7 0 1 3 10 13 10 3 1 0 
2 1 3 4 6 4 3 10 13 8 9 5 2 0 
2 5 4 6 7 0 2 5 12 13 8 7 0 
2 5 4 6 7 8 13 10 3 1 2 0 
2 5 12 13 8 7 6 7 8 11 10 13 10 3 1 2 0 
2 0 7 6 4 3 10 13 10 3 1 2 0 
2 5 4 3 1 0 7 6 4 5 9 8 13 8 7 0 
2 5 4 6 4 5 12 11 10 13 8 7 0 
2 5 4 6 7 0 1 3 10 13 10 3 1 0 
2 5 12 11 8 7 6 4 5 9 8 13 12 5 2 0 
2 0 7 6 4 5 12 11 10 13 8 11 10 3 1 0 
2 1 3 4 6 4 5 12 13 8 9 5 2 0 
2 0 7 6 7 0 2 5 12 13 8 7 0 
2 1 3 4 6 7 8 11 12 13 12 5 2 1 0 
2 5 9 8 7 6 7 0 2 5 12 13 10 11 8 7 0 
2 5 12 13 8 7 6 4 5 12 13 10 3 4 6 7 0 
2 1 3 4 6 4 5 12 11 10 13 8 7 0 
2 5 4 6 7 8 11 12 13 10 3 4 6 7 0 
2 5 12 11 8 7 6 7 0 1 3 10 13 12 5 2 0 
2 5 4 6 7 8 9 5 12 13 12 5 2 0 
2 0 1 3 4 6 7 8 9 5 12 13 8 9 5 2 0 
2 5 12 13 8 7 6 7 8 9 5 12 13 10 3 4 6 7 0 
2 1 0 7 6 4 5 9 8 13 10 3 1 2 0 
2 5 12 11 8 7 6 4 5 12 11 10 13 8 11 10 3 1 0 
2 5 4 6 4 5 12 11 10 13 10 3 1 0 
2 0 7 6 7 8 11 12 13 10 3 1 2 0 
2 1 3 4 6 7 0 2 5 12 13 10 3 1 2 0 
2 5 4 6 7 8 11 10 13 10 11 8 7 0 
2 5 9 8 7 6 7 0 2 5 12 13 10 3 1 0 
2 5 12 13 8 7 6 7 8 9 5 12 13 10 11 8 7 0 
2 5 12 13 8 7 6 7 8 13 8 7 0 
---------------
Request id 13
1 3 10 13 8 11 12 5 2 1 3 10 11 12 11 10 3 4 6 7 
1 3 10 13 12 5 2 1 3 10 11 8 7 6 4 5 12 13 10 3 4 6 7 
1 0 7 6 4 5 12 11 10 13 12 5 2 1 0 7 
1 0 7 8 13 12 13 10 11 8 7 0 2 5 12 13 8 7 
1 3 10 13 8 11 12 13 10 11 10 3 1 2 5 12 13 10 3 4 6 7 
1 3 10 13 12 11 8 7 0 2 5 12 11 10 13 8 7 
1 2 5 12 5 9 8 13 10 11 10 13 8 9 5 12 11 10 3 4 6 7 
1 3 4 5 12 5 2 0 7 8 11 10 3 4 5 12 11 10 3 4 6 7 
1 0 7 8 11 12 5 9 8 13 10 11 10 13 12 5 9 8 7 
1 0 2 5 12 5 9 8 11 10 3 4 5 12 5 2 1 0 7 
1 2 5 12 5 9 8 13 10 11 8 9 5 12 13 10 3 4 6 7 
1 0 7 6 4 5 12 13 10 11 8 13 12 13 10 11 8 7 
1 0 2 5 12 5 2 1 3 10 11 8 9 5 12 5 2 0 7 
1 3 10 13 12 5 2 0 7 8 11 10 3 1 2 5 12 13 8 7 
1 0 7 8 11 12 5 2 0 7 8 11 8 7 6 4 5 12 13 10 11 8 7 
1 2 0 7 8 11 12 11 10 3 1 2 5 12 5 9 8 7 
1 0 7 8 11 12 5 2 1 3 10 11 10 3 1 0 2 5 12 13 10 11 8 7 
1 0 2 5 12 13 8 11 12 5 2 1 0 7 
1 2 0 7 8 11 12 5 2 1 3 10 11 8 13 12 11 8 7 
1 3 10 13 12 5 9 8 13 10 11 10 3 1 2 5 12 13 10 3 4 6 7 
1 2 5 12 13 10 11 10 3 1 0 2 5 12 11 8 7 
1 3 10 13 12 13 8 11 10 3 1 2 5 12 5 9 8 7 
1 2 5 12 5 2 0 7 8 11 12 11 10 3 4 6 7 
1 3 10 13 8 11 12 5 9 8 13 10 11 8 7 0 2 5 12 13 10 3 4 6 7 
1 3 10 13 12 13 10 11 12 5 2 0 7 
1 3 10 13 12 13 10 11 8 9 5 12 11 8 7 
1 0 7 8 11 12 5 2 0 1 3 10 11 10 13 8 9 5 12 5 2 1 0 7 
1 2 5 12 5 4 3 10 11 8 13 12 5 4 6 7 
1 2 0 7 8 11 12 5 9 8 13 10 11 12 5 4 6 7 
1 3 10 11 12 5 2 0 1 3 10 11 12 5 2 0 7 
1 0 7 6 4 5 12 5 4 6 7 8 11 12 5 4 6 7 
1 0 7 6 4 5 12 5 2 1 3 10 11 10 3 1 2 5 12 11 10 13 8 7 
1 0 7 8 13 12 13 10 11 10 3 4 5 12 5 4 6 7 
1 3 10 11 12 5 9 8 13 10 11 10 13 8 9 5 12 11 8 7 
1 0 7 6 4 5 12 13 10 11 12 11 10 3 4 6 7 
1 2 0 7 8 11 12 5 4 6 7 8 11 8 7 6 4 5 12 11 8 7 
1 2 5 12 5 9 8 11 8 9 5 12 13 8 7 
1 0 7 6 4 5 12 11 12 11 10 13 8 7 
1 0 7 6 4 5 12 5 2 0 7 8 11 8 9 5 12 5 4 6 7 
1 3 10 13 12 5 2 1 3 10 11 8 7 0 2 5 12 13 10 11 8 7 
---------------
Request id 18
5 4 6 7 8 9 8 13 10 3 1 0 7 
5 4 3 10 11 8 9 8 7 
5 4 3 10 13 8 9 5 12 11 8 7 
5 9 5 12 13 10 11 8 7 
5 2 0 7 8 9 8 13 10 3 1 0 7 
5 4 3 10 13 8 9 5 2 1 0 7 
5 2 1 0 7 8 9 8 13 10 3 1 0 7 
5 2 1 0 7 8 9 5 12 13 8 7 
5 4 3 10 11 8 9 5 12 11 8 7 
5 2 0 7 8 9 5 4 3 1 0 7 
5 12 13 10 11 8 9 8 7 
5 2 0 7 8 9 5 4 6 7 
5 4 3 10 13 8 9 5 2 0 7 
5 9 5 12 11 8 7 
5 2 0 7 8 9 5 12 11 8 7 
5 4 3 10 11 8 9 5 12 13 8 7 
5 12 13 10 11 8 9 5 4 6 7 
5 4 3 10 11 8 9 5 4 3 1 2 0 7 
5 12 13 8 9 5 12 13 8 7 
5 2 1 0 7 8 9 5 2 0 7 
5 4 6 7 8 9 5 2 1 0 7 
5 2 0 7 8 9 8 7 
5 12 11 8 9 5 4 6 7 
5 9 5 4 3 1 0 7 
5 4 3 10 13 8 9 5 12 13 8 7 
5 12 13 10 11 8 9 5 12 13 8 7 
5 9 8 13 10 3 1 0 7 
5 12 11 10 13 8 9 5 12 13 10 11 8 7 
5 4 3 10 11 8 9 5 2 1 0 7 
5 12 13 8 9 5 4 3 1 2 0 7 
5 4 6 7 8 9 5 4 3 1 2 0 7 
5 12 11 10 13 8 9 5 2 1 0 7 
5 12 13 10 11 8 9 5 4 3 1 0 7 
5 12 11 8 9 5 2 1 0 7 
5 4 3 10 11 8 9 5 2 0 7 
5 9 5 4 3 1 2 0 7 
5 12 13 10 11 8 9 5 12 13 10 11 8 7 
5 4 3 10 11 8 9 8 13 10 3 1 0 7 
5 4 6 7 8 9 8 7 
5 12 13 8 9 5 12 13 10 11 8 7 
---------------
Request id 20
10 13 8 9 5 12 11 8 7 6 4 5 12 5 9 8 11 10 13 8 11 12 5 
10 3 4 5 12 11 8 9 5 12 13 12 11 8 9 5 
10 3 1 2 5 12 11 8 7 0 1 2 5 12 11 8 13 8 7 0 2 5 
10 13 8 9 5 12 11 8 13 12 5 2 1 3 10 13 8 9 5 
10 3 4 5 9 8 11 8 9 5 12 5 9 8 11 10 13 8 9 5 
10 3 4 5 9 8 11 12 11 10 13 10 3 1 2 5 
10 13 8 11 8 7 6 4 5 12 5 2 0 7 8 13 10 3 4 5 
10 3 4 5 12 11 10 13 12 5 9 8 11 10 13 8 7 6 4 5 
10 3 1 0 7 8 11 8 9 5 12 5 2 0 7 8 13 10 3 4 5 
10 13 12 5 9 8 11 10 13 8 9 5 12 13 8 7 0 2 5 
10 3 4 5 9 8 11 10 3 1 2 5 12 11 8 13 12 5 
10 13 12 5 9 8 11 12 5 4 3 10 13 10 3 1 2 5 
10 13 12 11 8 7 6 4 5 12 13 8 7 6 4 5 
10 13 12 5 9 8 11 10 13 12 13 10 3 4 5 
10 3 4 6 7 8 11 8 7 6 4 5 12 5 9 8 13 12 5 
10 3 4 5 9 8 11 8 7 0 1 2 5 12 5 2 0 7 8 13 10 11 12 5 
10 3 4 5 9 8 11 8 13 12 11 10 13 12 5 
10 13 12 5 9 8 11 10 13 8 9 5 12 11 10 13 8 9 5 
10 3 4 5 12 11 10 3 4 5 12 5 4 6 7 8 13 10 11 8 9 5 
10 3 4 5 12 11 10 13 12 11 8 13 10 3 1 2 5 
10 13 8 9 5 12 11 8 9 5 12 5 2 0 7 8 13 12 5 
10 3 4 6 7 8 11 10 13 12 5 2 1 0 7 8 13 8 9 5 
10 3 4 6 7 8 11 10 13 12 11 10 13 10 11 8 9 5 
10 3 4 5 9 8 11 12 5 9 8 13 12 11 8 9 5 
10 3 1 0 7 8 11 10 3 1 2 5 12 5 2 0 7 8 13 8 7 0 2 5 
10 3 1 0 7 8 11 10 13 8 9 5 12 11 8 13 12 11 8 9 5 
10 3 1 2 5 12 11 12 5 9 8 11 10 13 10 11 12 5 
10 11 8 7 6 4 5 12 5 4 6 7 8 13 10 3 1 2 5 
10 11 10 13 8 9 5 12 13 8 9 5 
10 3 1 2 5 12 11 10 3 1 2 5 12 11 10 13 8 9 5 
10 3 4 5 12 11 8 7 6 4 5 12 13 8 11 12 5 
10 3 1 2 5 12 11 8 7 0 1 2 5 12 5 4 3 10 13 8 7 0 2 5 
10 3 4 5 12 11 8 13 12 5 9 8 13 12 11 8 9 5 
10 11 8 13 12 5 2 1 3 10 13 8 11 12 5 
10 13 12 5 9 8 11 8 13 12 5 9 8 11 10 13 8 9 5 
10 3 4 5 12 11 8 9 5 12 5 2 1 3 10 13 12 5 
10 11 12 5 2 1 0 7 8 13 8 7 0 2 5 
10 3 1 2 5 12 11 12 5 2 1 3 10 13 8 7 6 4 5 
10 3 1 0 7 8 11 8 9 5 12 5 9 8 13 8 11 12 5 
10 3 4 5 9 8 11 8 7 0 2 5 12 5 4 6 7 8 13 8 7 6 4 5 
---------------
Request id 19
0 2 5 9 9 5 12 13 10 
0 7 8 9 9 8 11 10 
0 2 5 9 9 8 13 10 
0 7 8 9 9 5 2 1 3 10 
0 7 8 11 12 5 9 9 8 11 12 13 10 
0 1 3 10 11 8 9 9 8 11 12 13 10 
0 7 8 9 9 5 4 3 10 
0 1 2 5 9 9 8 13 10 
0 2 5 9 9 5 2 1 3 10 
0 2 1 3 4 5 9 9 5 2 1 3 10 
0 2 1 3 4 5 9 9 5 12 11 8 13 10 
0 7 8 11 12 5 9 9 5 12 13 10 
0 7 8 13 12 5 9 9 8 13 12 11 10 
0 2 5 9 9 8 11 12 13 10 
0 2 1 3 4 5 9 9 8 11 12 13 10 
0 7 8 9 9 8 13 12 11 10 
0 7 8 13 12 5 9 9 8 7 0 1 3 10 
0 1 3 10 11 8 9 9 5 12 11 10 
0 7 8 9 9 8 11 12 13 10 
0 1 3 10 11 8 9 9 5 2 1 3 10 
0 1 3 10 11 8 9 9 5 12 13 10 
0 1 3 4 5 9 9 8 13 10 
0 2 5 12 13 8 9 9 5 2 1 3 10 
0 1 2 5 9 9 5 12 11 10 
0 2 1 3 4 5 9 9 5 4 3 10 
0 1 3 4 5 9 9 5 12 11 8 13 10 
0 2 5 12 13 8 9 9 8 7 0 1 3 10 
0 1 2 5 9 9 8 11 10 
0 7 6 4 5 9 9 5 12 11 8 13 10 
0 7 8 9 9 5 12 11 10 
0 7 6 4 5 9 9 5 4 3 10 
0 1 3 10 11 8 9 9 8 7 0 1 3 10 
0 7 8 9 9 5 12 13 10 
0 2 1 3 4 5 9 9 8 13 10 
0 2 5 12 13 8 9 9 8 11 12 13 10 
0 2 5 12 13 8 9 9 8 11 10 
0 2 5 9 9 8 13 12 11 10 
0 7 8 11 12 5 9 9 8 7 0 1 3 10 
0 7 6 4 5 9 9 5 12 13 10 
0 1 3 4 5 9 9 5 12 13 10 
---------------
Request id 25
4 3 10 11 12 5 9 5 4 3 10 13 8 7 6 4 5 12 5 4 6 7 
4 5 9 8 11 12 13 8 7 0 1 2 5 12 11 10 13 8 7 
4 3 10 11 12 5 9 5 2 0 7 8 13 8 7 0 1 2 5 12 13 10 3 4 6 7 
4 3 10 13 12 5 9 8 13 8 7 6 4 5 12 13 8 7 
4 5 2 0 7 8 9 5 4 3 10 13 12 11 8 7 
4 3 1 2 5 9 8 11 10 13 10 11 8 9 5 12 13 10 11 8 7 
4 3 1 2 5 9 5 12 11 8 13 10 3 4 5 12 5 2 1 0 7 
4 3 10 11 8 9 5 12 13 8 7 0 2 5 12 11 10 13 8 7 
4 5 2 0 7 8 9 5 4 6 7 8 13 10 3 4 5 12 11 8 7 
4 3 10 13 12 5 9 5 12 11 8 13 8 9 5 12 5 2 0 7 
4 5 2 0 7 8 9 5 12 11 8 13 8 9 5 12 11 8 7 
4 3 10 11 8 9 8 11 10 13 8 7 0 2 5 12 11 10 13 8 7 
4 3 10 11 8 9 5 2 1 3 10 13 8 7 0 2 5 12 5 9 8 7 
4 3 10 11 12 5 9 8 11 12 13 8 7 0 1 2 5 12 5 2 0 7 
4 5 12 13 8 9 5 4 6 7 8 13 12 5 4 3 1 0 7 
4 5 2 0 7 8 9 8 13 10 3 4 5 12 5 4 3 1 0 7 
4 3 10 11 12 5 9 5 4 6 7 8 13 8 7 0 1 2 5 12 5 2 1 0 7 
4 3 10 11 12 5 9 8 11 10 13 8 7 6 4 5 12 5 4 3 1 0 7 
4 3 10 11 8 9 5 2 0 7 8 13 8 7 0 2 5 12 5 2 0 7 
4 3 10 11 8 9 5 2 1 3 10 13 12 13 10 3 4 6 7 
4 3 10 11 8 9 8 11 10 13 8 9 5 12 5 4 6 7 
4 3 10 13 8 9 5 12 11 10 13 8 11 12 5 2 1 0 7 
4 5 12 13 8 9 8 13 8 11 12 5 4 3 1 0 7 
4 5 2 0 7 8 9 5 2 1 3 10 13 10 11 8 9 5 12 13 8 7 
4 6 7 8 9 5 12 11 10 13 10 3 4 5 12 13 10 3 4 6 7 
4 3 10 11 8 9 5 4 3 10 13 8 7 0 2 5 12 11 8 7 
4 5 12 11 8 9 8 13 8 7 0 2 5 12 11 8 7 
4 3 10 13 12 5 9 5 12 11 8 13 8 7 6 4 5 12 5 9 8 7 
4 6 7 8 9 8 11 12 13 10 3 1 2 5 12 5 4 6 7 
4 3 10 13 12 5 9 8 11 10 13 10 3 4 5 12 11 10 13 8 7 
4 3 10 13 8 9 5 2 1 3 10 13 12 5 9 8 7 
4 5 12 11 8 9 5 12 11 8 13 12 13 10 3 4 6 7 
4 3 10 13 12 5 9 8 11 10 13 8 7 0 2 5 12 11 8 7 
4 3 10 11 12 5 9 5 12 13 8 11 12 5 4 6 7 
4 3 10 13 8 9 5 2 1 3 10 13 10 11 8 9 5 12 5 2 0 7 
4 5 9 5 2 0 7 8 13 10 11 8 9 5 12 5 9 8 7 
4 5 9 8 13 12 5 4 6 7 
4 5 12 13 8 9 5 4 3 10 13 8 7 0 2 5 12 11 10 13 8 7 
4 3 10 11 8 9 8 13 8 11 12 5 2 1 0 7 
4 5 2 0 7 8 9 8 11 10 13 8 7 0 2 5 12 5 4 6 7 
---------------
Request id 10
0 7 8 13 12 5 4 6 4 5 9 8 11 12 13 10 11 12 5 4 3 
0 7 8 9 5 4 6 7 8 13 12 5 9 5 12 11 8 13 10 3 
0 1 2 5 4 6 7 0 1 2 5 9 5 12 13 10 3 
0 7 6 7 8 13 12 5 9 5 12 11 10 13 10 3 
0 7 6 4 3 10 11 8 9 5 2 0 7 8 13 8 7 6 4 3 
0 2 1 3 4 6 7 0 1 2 5 9 8 11 10 13 12 5 2 1 3 
0 7 8 13 12 5 4 6 4 3 10 11 8 9 8 11 12 13 8 9 5 4 3 
0 1 3 10 13 8 7 6 7 0 2 5 9 5 4 3 10 13 8 7 0 2 1 3 
0 7 8 9 5 4 6 7 0 2 5 9 5 2 0 7 8 13 12 5 2 1 3 
0 2 5 12 13 8 7 6 7 8 11 12 5 9 5 4 6 7 8 13 12 5 4 3 
0 1 3 10 13 8 7 6 7 0 2 5 9 5 12 11 8 13 8 9 5 4 3 
0 2 1 3 4 6 7 0 1 2 5 9 5 2 0 7 8 13 10 11 12 5 4 3 
0 7 6 4 3 10 11 8 9 5 12 13 10 3 
0 7 8 13 12 5 4 6 7 8 11 12 5 9 5 4 6 7 8 13 8 9 5 4 3 
0 1 2 5 4 6 7 0 1 2 5 9 5 4 6 7 8 13 12 5 2 1 3 
0 7 6 4 3 1 2 5 9 5 4 3 10 13 8 7 0 2 1 3 
0 2 5 12 13 8 7 6 7 0 1 2 5 9 5 2 0 7 8 13 8 7 0 1 3 
0 1 2 5 4 6 7 8 11 12 5 9 8 13 8 7 6 4 3 
0 1 2 5 4 6 7 0 2 5 9 8 11 12 13 8 7 0 2 1 3 
0 2 1 3 4 6 4 3 10 13 8 9 5 12 11 10 13 8 9 5 4 3 
0 1 3 4 6 4 5 12 11 8 9 5 12 11 8 13 8 7 0 2 1 3 
0 1 2 5 4 6 7 0 1 2 5 9 5 4 6 7 8 13 10 11 12 5 4 3 
0 7 8 13 12 5 4 6 7 0 2 5 9 8 11 12 13 12 5 2 1 3 
0 2 5 12 13 8 7 6 4 3 10 13 8 9 5 2 1 3 10 13 12 5 2 1 3 
0 7 8 9 5 4 6 4 3 1 2 5 9 5 12 11 8 13 8 7 0 2 1 3 
0 7 8 13 12 5 4 6 7 8 11 12 5 9 5 12 11 8 13 8 9 5 4 3 
0 2 1 3 4 6 4 5 9 5 12 11 10 13 12 11 10 3 
0 1 3 10 13 8 7 6 4 5 9 5 12 13 8 7 6 4 3 
0 2 1 3 4 6 4 3 1 2 5 9 5 12 13 10 3 
0 2 5 4 6 4 5 12 11 8 9 8 11 10 13 8 7 6 4 3 
0 7 8 9 5 4 6 7 8 9 5 12 11 10 13 8 9 5 4 3 
0 1 3 4 6 7 8 13 12 5 9 5 12 13 12 11 10 3 
0 1 2 5 4 6 7 0 1 2 5 9 8 11 12 13 10 11 12 5 4 3 
0 1 3 10 13 8 7 6 4 3 10 11 8 9 5 4 3 10 13 12 5 2 1 3 
0 7 8 13 12 5 4 6 4 3 10 13 8 9 5 2 1 3 10 13 12 5 4 3 
0 7 6 4 3 10 11 8 9 8 11 10 13 12 11 10 3 
0 2 5 4 6 4 3 10 13 8 9 8 13 8 7 6 4 3 
0 2 5 9 8 7 6 7 8 13 12 5 9 8 13 12 5 4 3 
0 2 5 4 6 4 3 10 13 8 9 8 11 10 13 10 11 12 5 4 3 
0 2 5 9 8 7 6 4 3 10 13 8 9 5 2 0 7 8 13 12 5 2 1 3 
---------------
Request id 2
5 12 11 12 5 4 6 7 8 13 12 11 10 3 
5 12 13 10 11 10 3 4 5 9 8 13 8 7 0 2 1 3 
5 4 6 7 8 11 8 9 5 12 13 12 5 2 1 3 
5 12 11 8 7 6 4 5 12 13 12 5 4 3 
5 9 8 11 10 3 4 5 12 13 10 3 
5 9 8 11 12 5 4 3 10 13 12 5 4 3 
5 4 3 10 11 10 13 10 3 
5 4 3 10 11 10 3 4 5 12 13 8 11 10 3 
5 12 13 8 11 8 9 5 12 13 8 11 10 3 
5 12 11 12 5 4 6 7 8 13 12 5 2 1 3 
5 9 8 13 12 11 12 13 10 3 
5 2 0 7 8 11 10 3 4 5 12 13 12 11 10 3 
5 9 8 13 10 11 12 13 8 7 0 1 3 
5 2 0 7 8 11 10 3 4 5 12 13 10 11 12 5 4 3 
5 9 8 13 10 11 8 9 5 12 13 12 5 4 3 
5 2 0 7 8 11 12 5 4 3 10 13 8 7 0 1 3 
5 4 6 7 8 11 8 13 8 7 0 2 1 3 
5 9 8 11 8 7 6 4 5 12 13 12 5 2 1 3 
5 9 8 11 8 7 6 4 5 12 13 8 9 5 4 3 
5 4 6 7 8 11 12 5 4 3 10 13 12 5 4 3 
5 9 8 13 12 11 8 9 5 12 13 10 11 12 5 4 3 
5 4 3 10 11 10 3 4 5 9 8 13 8 7 6 4 3 
5 4 3 10 11 10 13 8 9 5 4 3 
5 9 8 13 12 11 12 5 4 6 7 8 13 8 7 0 1 3 
5 4 3 10 11 12 5 4 3 10 13 10 11 12 5 4 3 
5 9 8 13 12 11 12 13 8 9 5 4 3 
5 4 3 10 11 10 3 4 5 12 13 12 5 4 3 
5 9 8 13 12 11 8 7 6 4 5 12 13 8 11 10 3 
5 9 8 11 8 9 5 12 13 8 7 0 1 3 
5 4 3 10 11 8 9 5 12 13 12 5 4 3 
5 9 8 13 12 11 8 7 6 4 5 12 13 10 3 
5 9 8 13 10 11 12 13 12 5 2 1 3 
5 4 3 10 11 10 13 12 5 2 1 3 
5 9 8 13 12 11 10 3 4 5 9 8 13 8 7 6 4 3 
5 2 1 3 10 11 12 5 4 3 10 13 10 3 
5 2 0 7 8 11 10 3 4 5 9 8 13 10 11 12 5 4 3 
5 4 6 7 8 11 8 9 5 12 13 10 3 
5 4 6 7 8 11 10 3 4 5 12 13 8 9 5 4 3 
5 4 3 10 11 12 5 4 6 7 8 13 8 7 0 1 3 
5 4 3 10 11 10 3 4 5 9 8 13 12 5 4 3 
---------------
Request id 4
10 3 1 2 0 7 6 7 8 13 10 3 4 
10 3 1 0 7 6 7 0 2 5 4 
10 3 1 0 7 6 7 0 1 3 4 
10 13 8 7 6 7 8 11 10 3 4 
10 3 4 6 7 8 11 10 3 4 
10 3 4 6 7 8 13 10 3 4 
10 3 4 6 7 8 13 12 5 4 
10 3 4 6 7 0 2 5 4 
10 13 8 7 6 7 0 1 2 5 4 
10 3 1 0 7 6 7 0 2 1 3 4 
10 3 1 2 0 7 6 7 0 2 1 3 4 
10 13 12 11 8 7 6 7 8 9 5 4 
10 13 8 7 6 7 0 1 3 4 
10 11 8 9 5 4 6 7 0 2 1 3 4 
10 13 12 11 8 7 6 7 8 13 10 3 4 
10 11 8 7 6 7 0 2 5 4 
10 11 8 7 6 7 0 2 1 3 4 
10 3 1 0 7 6 7 8 13 10 3 4 
10 11 12 5 4 6 7 8 11 10 3 4 
10 13 12 5 4 6 7 0 2 5 4 
10 11 8 9 5 4 6 7 8 11 12 5 4 
10 13 12 11 8 7 6 4 
10 11 8 7 6 7 0 1 3 4 
10 3 1 2 0 7 6 7 0 1 3 4 
10 11 8 7 6 4 
10 13 12 5 4 6 7 0 1 2 5 4 
10 11 12 5 4 6 7 0 2 1 3 4 
10 3 4 6 7 0 1 2 5 4 
10 13 8 9 5 4 6 7 8 9 5 4 
10 11 8 9 5 4 6 7 8 13 12 5 4 
10 11 12 5 4 6 7 0 1 3 4 
10 11 8 7 6 7 0 1 2 5 4 
10 13 12 11 8 7 6 7 8 11 12 5 4 
10 3 1 0 7 6 7 8 11 10 3 4 
10 3 1 2 0 7 6 7 8 11 12 5 4 
10 13 12 11 8 7 6 7 8 13 12 5 4 
10 13 8 9 5 4 6 7 0 2 5 4 
10 11 8 9 5 4 6 7 8 13 10 3 4 
10 3 4 6 7 0 2 1 3 4 
10 11 8 9 5 4 6 7 8 9 5 4 
---------------
Request id 8
1 2 5 12 11 8 7 0 2 5 9 5 2 0 1 3 4 
1 2 5 9 8 11 10 13 8 9 5 2 1 3 4 
1 3 10 13 12 11 12 13 8 9 8 7 0 1 3 4 
1 0 7 8 13 12 11 10 13 8 9 8 11 12 5 4 
1 3 10 13 8 11 12 5 9 8 11 12 5 4 
1 2 5 9 8 11 8 7 6 4 5 9 8 11 12 5 4 
1 2 5 12 11 10 13 8 9 8 11 12 5 4 
1 0 7 8 13 12 11 10 13 8 9 5 2 1 3 4 
1 3 10 13 12 11 10 13 8 9 5 4 
1 0 7 8 13 12 11 10 3 1 2 5 9 8 13 10 3 4 
1 0 2 5 12 11 8 13 12 5 9 5 2 1 3 4 
1 0 2 5 12 11 10 13 8 9 8 11 10 3 4 
1 3 10 13 8 11 12 5 9 8 11 10 3 4 
1 0 2 5 12 11 8 7 6 4 5 9 5 4 
1 3 10 11 12 13 8 9 8 11 12 5 4 
1 3 10 13 8 11 12 5 9 5 4 
1 3 10 11 8 9 8 13 12 5 4 
1 3 4 5 12 11 10 13 8 9 5 12 13 10 3 4 
1 0 7 8 11 12 5 9 8 13 10 3 4 
1 0 7 8 13 12 11 12 13 8 9 8 7 0 1 3 4 
1 2 0 7 8 11 10 13 12 5 9 8 7 6 4 
1 2 5 12 11 8 13 12 5 9 5 2 0 1 3 4 
1 3 10 11 12 13 8 9 8 7 6 4 
1 0 2 5 12 11 8 7 6 4 5 9 8 11 12 5 4 
1 2 5 9 8 11 10 3 4 5 9 8 11 12 5 4 
1 0 2 5 12 11 10 3 4 5 9 5 4 
1 3 10 13 12 11 10 13 12 5 9 8 7 6 4 
1 2 0 7 8 11 10 13 8 9 5 4 
1 3 10 13 12 11 8 9 5 4 
1 0 7 8 13 12 11 12 5 9 8 11 12 5 4 
1 3 4 5 12 11 12 5 9 8 11 10 3 4 
1 0 2 5 12 11 12 13 8 9 8 7 0 1 3 4 
1 3 4 5 12 11 8 13 12 5 9 5 2 0 1 3 4 
1 0 7 8 13 12 11 8 13 12 5 9 8 7 0 1 3 4 
1 2 5 9 8 11 8 7 6 4 5 9 5 2 1 3 4 
1 3 10 11 10 13 8 9 8 7 6 4 
1 0 7 8 11 10 13 12 5 9 5 4 
1 2 5 9 8 11 8 13 12 5 9 5 4 
1 3 10 13 12 11 8 7 0 2 5 9 5 12 13 10 3 4 
1 3 10 13 8 11 8 7 6 4 5 9 5 2 0 1 3 4 
---------------
Request id 14
10 13 8 7 6 7 8 13 12 11 12 5 
10 11 8 7 6 4 5 12 13 8 11 8 7 0 2 5 
10 13 8 9 5 4 6 7 8 11 10 3 4 5 
10 11 8 9 5 4 6 7 8 11 8 9 5 
10 3 1 2 0 7 6 7 8 13 12 11 10 13 12 5 
10 3 4 6 7 0 1 3 10 11 10 13 8 9 5 
10 3 1 2 0 7 6 7 8 13 10 11 10 3 4 5 
10 11 8 7 6 7 0 1 3 10 11 10 13 8 9 5 
10 13 8 9 5 4 6 4 5 12 13 8 11 8 13 12 5 
10 11 12 5 4 6 4 5 12 11 8 7 0 2 5 
10 13 8 9 5 4 6 7 8 13 10 11 12 5 
10 11 8 7 6 7 8 9 5 12 11 8 13 12 5 
10 13 8 9 5 4 6 7 0 1 3 10 11 8 7 6 4 5 
10 3 1 0 7 6 7 8 9 5 12 11 12 13 8 9 5 
10 13 8 7 6 7 8 9 5 12 11 10 3 1 2 5 
10 11 12 13 8 7 6 4 5 12 11 12 13 8 9 5 
10 3 4 6 7 0 2 5 12 11 12 13 8 9 5 
10 3 1 0 7 6 4 5 12 11 8 13 12 5 
10 13 8 7 6 7 8 13 12 11 10 3 4 5 
10 11 12 13 8 7 6 7 8 13 12 11 8 9 5 
10 13 8 7 6 7 0 1 3 10 11 10 13 8 9 5 
10 3 4 6 7 8 13 10 11 10 3 4 5 
10 3 4 6 4 5 9 8 11 8 13 12 5 
10 11 8 9 5 4 6 7 0 2 5 12 11 10 3 1 2 5 
10 3 1 2 0 7 6 7 0 2 5 12 11 12 5 
10 11 12 13 8 7 6 7 8 9 5 12 11 12 13 8 9 5 
10 13 12 5 4 6 7 0 2 5 12 11 10 3 4 5 
10 13 8 7 6 7 8 13 12 11 12 13 8 9 5 
10 11 12 5 4 6 7 8 13 10 11 8 9 5 
10 3 1 0 7 6 4 5 12 11 8 7 0 2 5 
10 13 8 7 6 7 8 11 10 13 8 9 5 
10 13 12 5 4 6 4 5 12 13 8 11 10 3 4 5 
10 3 4 6 4 5 12 13 8 11 10 3 4 5 
10 11 8 9 5 4 6 7 8 13 10 11 8 9 5 
10 13 12 5 4 6 4 5 12 13 8 11 8 9 5 
10 3 4 6 7 8 9 5 12 11 8 13 12 5 
10 13 8 7 6 7 8 11 12 13 8 9 5 
10 13 12 5 4 6 4 5 12 13 8 11 8 13 12 5 
10 13 8 9 5 4 6 7 8 13 10 11 8 7 6 4 5 
10 3 1 0 7 6 4 3 10 11 10 13 8 9 5 
---------------
Request id 29
10 11 8 13 12 11 10 3 1 2 0 
10 11 8 9 5 12 5 2 0 
10 13 8 9 5 12 11 10 3 1 0 
10 3 1 2 5 12 11 10 3 1 0 
10 13 12 11 8 7 0 
10 3 4 5 9 8 13 12 13 8 7 0 
10 11 8 9 5 12 11 8 7 0 
10 13 12 5 2 1 0 
10 13 8 11 12 11 8 7 0 
10 3 1 0 2 5 12 11 8 7 0 
10 11 8 9 5 12 5 9 8 7 0 
10 11 12 11 8 7 0 
10 3 4 5 9 8 13 12 5 2 0 
10 11 8 9 5 12 13 8 7 0 
10 3 4 5 12 13 8 7 0 
10 3 1 2 5 12 11 8 7 0 
10 13 12 11 10 3 1 2 0 
10 11 8 9 5 12 5 4 3 1 0 
10 13 8 11 12 5 4 6 7 0 
10 13 8 11 12 5 4 3 1 0 
10 3 1 2 5 12 5 4 6 7 0 
10 11 8 13 12 11 8 7 0 
10 3 4 5 9 8 13 12 13 10 3 1 0 
10 3 1 0 2 5 12 5 2 1 0 
10 11 8 13 12 13 8 7 0 
10 3 4 5 12 13 10 3 1 0 
10 3 1 0 2 5 12 11 10 3 1 0 
10 13 8 11 12 13 8 7 0 
10 13 8 11 12 5 2 0 
10 3 4 5 12 11 10 3 1 0 
10 11 12 5 9 8 7 0 
10 3 4 5 12 11 10 3 1 2 0 
10 13 12 5 9 8 7 0 
10 3 1 0 2 5 12 5 4 3 1 0 
10 3 1 2 5 12 5 9 8 7 0 
10 3 1 0 2 5 12 11 10 3 1 2 0 
10 3 1 0 2 5 12 5 9 8 7 0 
10 3 1 2 5 12 5 2 0 
10 13 8 9 5 12 13 10 3 1 0 
10 13 12 13 8 7 0 
---------------
Request id 21
5 2 1 3 10 13 10 11 8 9 5 12 5 4 6 7 8 11 8 9 5 4 
5 12 13 10 3 1 0 2 5 12 5 4 3 10 11 8 9 5 4 
5 9 8 11 10 13 8 9 5 12 5 4 3 10 11 8 13 10 3 4 
5 12 13 10 11 8 9 5 12 5 9 8 13 10 11 8 13 10 3 4 
5 2 1 3 10 13 8 7 0 2 5 12 5 9 8 13 10 11 10 13 8 9 5 4 
5 2 1 3 10 13 10 3 1 2 5 12 5 2 1 3 10 11 8 13 12 5 4 
5 9 8 13 10 11 12 5 2 1 0 7 8 11 8 9 5 4 
5 4 6 7 8 13 12 5 2 1 0 7 8 11 8 7 6 4 
5 2 1 3 10 13 8 9 5 12 5 2 1 3 10 11 12 5 4 
5 4 6 7 8 13 8 7 0 2 5 12 5 4 6 7 8 11 8 13 10 3 4 
5 9 8 13 8 7 6 4 5 12 13 10 11 12 13 10 3 4 
5 12 13 10 3 1 2 5 12 11 10 3 4 
5 12 13 10 3 4 5 12 5 2 0 7 8 11 10 3 1 2 5 4 
5 9 8 13 8 11 12 13 8 11 12 13 10 3 4 
5 12 13 12 5 4 6 7 8 11 10 13 8 9 5 4 
5 9 8 13 8 9 5 12 5 2 1 3 10 11 8 9 5 4 
5 9 8 11 12 13 10 3 4 5 12 11 8 9 5 4 
5 2 1 3 10 13 10 3 1 0 2 5 12 5 9 8 13 10 11 8 13 12 5 4 
5 12 11 8 13 10 3 1 0 2 5 12 5 4 3 10 11 10 3 4 
5 4 6 7 8 13 10 11 8 9 5 12 5 4 6 7 8 11 10 13 8 9 5 4 
5 4 3 10 13 10 3 1 2 5 12 5 2 1 3 10 11 10 13 8 9 5 4 
5 12 13 8 7 0 2 5 12 5 2 1 0 7 8 11 10 3 4 
5 2 1 3 10 13 8 7 0 2 5 12 5 4 6 7 8 11 10 3 1 2 5 4 
5 12 11 10 13 8 7 0 2 5 12 5 9 8 13 10 11 12 13 10 3 4 
5 4 3 10 13 10 11 8 9 5 12 5 2 1 0 7 8 11 8 9 5 4 
5 2 1 3 10 13 10 3 1 0 2 5 12 5 4 3 10 11 10 3 4 
5 2 0 7 8 13 10 3 1 2 5 12 11 10 13 12 5 4 
5 9 8 11 10 13 8 7 0 2 5 12 13 8 11 8 13 10 3 4 
5 9 8 13 8 11 12 5 2 1 3 10 11 8 13 10 3 4 
5 4 3 10 13 10 3 4 5 12 5 2 1 0 7 8 11 8 13 10 3 4 
5 9 8 11 10 13 10 3 4 5 12 5 2 1 0 7 8 11 8 7 6 4 
5 4 6 7 8 13 8 7 6 4 5 12 5 2 1 3 10 11 10 3 4 
5 9 8 11 12 13 10 3 4 5 12 5 9 8 11 12 13 10 3 4 
5 2 1 3 10 13 12 5 9 8 11 8 13 10 3 4 
5 4 6 7 8 13 10 3 1 0 2 5 12 5 2 1 0 7 8 11 10 3 1 2 5 4 
5 12 11 10 13 8 7 6 4 5 12 5 4 3 10 11 8 13 12 5 4 
5 2 1 3 10 13 8 7 6 4 5 12 13 8 11 10 3 1 2 5 4 
5 2 0 7 8 13 8 7 6 4 5 12 13 10 11 10 3 1 2 5 4 
5 12 11 8 13 10 11 8 9 5 12 5 4 6 7 8 11 8 7 6 4 
5 9 8 11 10 13 10 11 12 5 9 8 13 10 11 10 3 1 2 5 4 
---------------
Request id 26
1 0 2 5 9 8 11 12 13 10 3 
1 3 4 5 9 5 2 1 3 
1 2 0 7 8 9 8 7 0 1 3 
1 3 10 13 8 9 8 7 0 1 3 
1 3 10 13 12 5 9 8 11 10 3 
1 0 2 5 9 5 12 13 10 3 
1 3 10 13 8 9 5 2 1 3 
1 0 7 6 4 5 9 5 2 1 3 
1 0 7 8 9 5 12 11 10 3 
1 2 5 12 11 8 9 5 12 11 10 3 
1 0 2 5 9 5 4 3 
1 2 5 12 11 8 9 5 2 0 1 3 
1 3 10 13 8 9 8 11 12 13 10 3 
1 3 10 13 8 9 5 2 0 1 3 
1 3 10 13 12 5 9 8 11 12 13 10 3 
1 2 0 7 8 9 8 7 6 4 3 
1 3 10 11 8 9 5 12 13 10 3 
1 3 10 11 8 9 8 13 10 3 
1 2 5 9 8 11 12 13 10 3 
1 3 10 13 12 5 9 8 13 10 3 
1 2 5 12 11 8 9 8 11 10 3 
1 0 7 6 4 5 9 5 12 11 10 3 
1 3 10 13 12 5 9 8 7 6 4 3 
1 0 2 5 9 8 11 10 3 
1 2 5 9 5 12 13 10 3 
1 0 2 5 9 5 12 11 10 3 
1 2 5 9 5 2 0 1 3 
1 0 7 6 4 5 9 5 12 13 10 3 
1 3 10 13 12 5 9 5 2 1 3 
1 0 7 8 9 5 2 0 1 3 
1 2 5 12 11 8 9 8 7 6 4 3 
1 0 7 6 4 5 9 8 13 10 3 
1 3 4 5 9 5 4 3 
1 3 10 11 8 9 5 2 0 1 3 
1 3 4 5 9 8 7 0 1 3 
1 2 5 12 11 8 9 8 11 12 13 10 3 
1 2 5 9 5 2 1 3 
1 3 10 13 8 9 5 4 3 
1 0 7 8 9 5 12 13 10 3 
1 0 2 5 9 8 13 10 3 
---------------
