Request id 8
12 13 8 13 10 3 1 1 2 5 12 11 
12 11 10 13 8 11 10 3 1 1 0 7 8 11 
12 11 10 13 8 13 12 5 2 1 1 0 2 5 12 11 
12 11 8 7 6 4 3 1 1 0 7 8 11 
12 5 9 8 7 6 4 3 1 1 0 7 8 11 
12 5 9 8 9 5 2 1 1 0 2 5 12 11 
12 5 4 3 10 11 8 13 10 3 1 1 3 10 13 8 11 
12 5 4 6 7 8 9 5 2 0 1 1 2 5 12 11 
12 5 4 3 10 11 8 7 6 4 3 1 1 3 10 13 8 11 
12 11 10 13 8 9 5 2 1 1 2 0 7 8 11 
12 11 8 13 12 5 2 1 1 2 5 12 13 8 11 
12 13 8 13 12 5 2 1 1 3 10 13 12 11 
12 5 2 0 7 8 7 0 1 1 0 7 8 11 
12 5 4 3 10 13 8 9 5 2 1 1 2 5 9 8 11 
12 5 9 8 7 0 2 1 1 3 10 13 8 11 
12 5 4 3 10 13 8 11 12 5 2 1 1 0 7 8 11 
12 5 4 6 7 8 13 12 5 2 1 1 0 7 8 11 
12 13 8 13 12 5 2 1 1 0 2 5 12 11 
12 5 2 0 7 8 9 5 2 0 1 1 2 5 12 11 
12 5 4 3 10 13 8 7 0 2 1 1 0 7 8 11 
12 11 10 13 8 11 10 3 1 1 2 5 12 11 
12 11 10 13 8 9 5 2 0 1 1 3 10 11 
12 5 4 3 10 13 8 9 5 4 3 1 1 0 2 5 12 11 
12 5 4 3 10 11 8 7 0 1 1 2 5 9 8 11 
12 5 4 6 7 8 11 10 3 1 1 0 7 8 11 
12 11 8 9 5 4 3 1 1 2 5 12 13 8 11 
12 5 2 0 7 8 9 5 2 0 1 1 3 10 13 8 11 
12 5 4 3 10 13 8 13 10 3 1 1 3 10 13 12 11 
12 5 4 3 10 11 8 9 5 2 1 1 2 5 12 11 
12 13 8 9 5 2 0 1 1 3 4 5 12 11 
12 5 2 0 7 8 13 10 3 1 1 3 10 11 
12 11 8 11 12 5 2 1 1 2 5 9 8 11 
12 5 4 3 10 13 8 9 5 4 3 1 1 2 5 12 11 
12 5 2 0 7 8 9 5 2 0 1 1 2 0 7 8 11 
12 5 4 6 7 8 7 6 4 3 1 1 2 0 7 8 11 
12 5 4 6 7 8 9 5 4 3 1 1 0 2 5 12 11 
12 13 8 11 12 5 2 1 1 3 10 13 8 11 
12 5 2 0 7 8 9 5 4 3 1 1 2 5 12 13 8 11 
12 5 2 1 0 7 8 9 5 4 3 1 1 3 4 5 12 11 
12 5 9 8 7 0 2 1 1 2 5 12 13 8 11 
---------------
Request id 20
4 6 7 0 1 3 4 5 12 11 
4 5 2 1 0 7 8 11 
4 5 12 13 8 7 0 1 2 0 7 8 11 
4 5 12 13 8 7 0 1 2 5 12 13 10 11 
4 5 12 13 8 7 0 1 0 2 5 12 11 
4 5 2 0 1 2 5 9 8 11 
4 6 7 0 1 2 5 9 8 11 
4 5 12 11 10 3 1 2 5 12 13 10 11 
4 5 12 11 10 3 1 3 10 13 8 11 
4 6 7 0 2 1 0 2 5 12 11 
4 3 1 2 5 12 13 10 11 
4 6 7 0 1 0 7 8 11 
4 6 7 0 1 3 10 13 8 11 
4 5 2 0 1 3 10 13 8 11 
4 5 12 13 8 7 0 1 3 10 13 12 11 
4 5 2 0 1 3 10 13 12 11 
4 6 7 0 2 1 2 5 12 13 10 11 
4 6 7 0 2 1 2 5 12 11 
4 5 12 11 10 3 1 0 7 8 11 
4 6 7 0 2 1 0 7 8 11 
4 5 12 13 10 3 1 3 10 11 
4 5 2 0 1 3 10 11 
4 5 9 8 7 0 2 1 3 10 13 8 11 
4 5 2 1 3 10 13 8 11 
4 6 7 0 1 0 2 5 12 11 
4 3 1 0 7 8 11 
4 5 9 8 7 0 2 1 3 10 11 
4 5 2 1 2 5 12 11 
4 5 9 8 7 0 1 2 5 12 13 10 11 
4 5 12 11 10 3 1 3 4 5 12 11 
4 5 9 8 7 0 2 1 3 4 5 12 11 
4 5 9 8 7 0 2 1 0 7 8 11 
4 5 12 13 8 7 0 1 2 5 12 11 
4 5 12 13 10 3 1 0 7 8 11 
4 5 12 13 8 7 0 1 2 5 9 8 11 
4 5 12 13 10 3 1 2 5 12 11 
4 6 7 0 2 1 2 5 9 8 11 
4 5 9 8 7 0 1 3 10 13 8 11 
4 5 2 1 3 10 13 12 11 
4 5 12 13 8 7 0 1 0 7 8 11 
---------------
Request id 12
9 5 4 6 7 0 1 0 7 8 13 10 3 
9 8 13 10 3 1 3 
9 8 7 0 1 0 7 8 11 10 3 
9 5 2 0 1 2 5 4 3 
9 8 11 10 3 1 0 7 8 11 10 3 
9 5 2 1 2 0 7 6 4 3 
9 5 2 1 0 7 8 11 10 3 
9 5 2 1 0 7 8 13 10 3 
9 5 2 1 0 2 5 4 3 
9 8 7 0 1 0 7 8 13 10 3 
9 8 11 12 5 2 1 0 2 5 4 3 
9 5 12 11 10 3 1 2 0 7 6 4 3 
9 8 7 0 2 1 0 7 8 11 10 3 
9 8 7 0 2 1 2 5 9 8 11 10 3 
9 8 11 10 3 1 3 
9 5 4 6 7 0 1 2 5 4 3 
9 8 13 10 3 1 2 5 4 3 
9 5 2 1 3 
9 5 2 0 1 2 0 7 6 4 3 
9 5 2 0 1 0 7 8 13 10 3 
9 5 4 3 1 0 7 8 11 10 3 
9 8 11 12 5 2 1 0 7 6 4 3 
9 5 4 3 1 2 5 12 13 10 3 
9 8 13 10 3 1 2 0 7 6 4 3 
9 5 4 3 1 2 5 12 11 10 3 
9 5 2 0 1 2 5 9 8 11 10 3 
9 5 12 11 10 3 1 2 5 9 8 11 10 3 
9 5 4 6 7 0 1 2 5 9 8 11 10 3 
9 5 2 0 1 0 7 6 4 3 
9 5 4 3 1 0 2 5 4 3 
9 5 12 11 10 3 1 2 5 12 11 10 3 
9 5 12 11 10 3 1 0 7 8 11 10 3 
9 5 4 6 7 0 1 0 7 8 11 10 3 
9 5 12 11 10 3 1 2 5 12 13 10 3 
9 5 2 0 1 2 5 12 13 10 3 
9 5 4 6 7 0 1 2 5 12 11 10 3 
9 5 4 6 7 0 1 0 7 6 4 3 
9 8 11 12 5 2 1 2 5 9 8 11 10 3 
9 8 11 10 3 1 2 5 12 13 10 3 
9 8 7 0 1 2 0 7 6 4 3 
---------------
Request id 18
9 5 2 0 7 8 13 12 5 4 
9 5 2 0 7 8 7 0 2 5 4 
9 5 4 6 7 8 7 0 1 3 4 
9 5 4 3 10 13 8 11 10 3 4 
9 5 12 11 8 7 0 1 3 4 
9 5 12 11 8 9 5 2 1 3 4 
9 5 12 11 8 7 0 2 5 4 
9 5 12 11 10 13 8 7 0 2 5 4 
9 5 2 0 7 8 11 12 5 4 
9 5 2 1 0 7 8 7 0 1 3 4 
9 5 12 11 10 13 8 7 0 1 3 4 
9 5 12 13 10 11 8 7 0 2 5 4 
9 5 12 11 10 13 8 13 10 3 4 
9 5 12 13 10 11 8 11 10 3 4 
9 5 2 0 7 8 11 12 13 10 3 4 
9 5 12 13 8 11 10 3 4 
9 5 12 13 8 11 12 13 10 3 4 
9 8 9 5 2 1 3 4 
9 5 2 0 7 8 11 10 3 4 
9 5 4 3 10 11 8 13 10 3 4 
9 5 4 3 10 11 8 7 6 4 
9 5 4 3 10 11 8 7 0 1 3 4 
9 5 12 11 8 11 10 3 4 
9 5 2 1 0 7 8 11 12 5 4 
9 5 2 0 7 8 13 10 3 4 
9 5 12 11 10 13 8 9 5 2 1 3 4 
9 5 4 3 10 11 8 11 12 5 4 
9 5 4 3 10 13 8 7 6 4 
9 5 12 11 10 13 8 7 6 4 
9 5 12 13 10 11 8 7 0 1 3 4 
9 5 2 1 0 7 8 9 5 2 1 3 4 
9 5 2 0 7 8 9 5 2 1 3 4 
9 5 4 3 10 11 8 9 5 4 
9 5 12 11 10 13 8 9 5 4 
9 5 4 6 7 8 11 12 13 10 3 4 
9 5 12 11 8 9 5 4 
9 5 2 1 0 7 8 13 10 3 4 
9 8 11 10 3 4 
9 8 13 10 3 4 
9 5 4 3 10 13 8 7 0 2 5 4 
---------------
Request id 19
9 5 12 11 10 13 8 13 10 3 1 0 2 5 4 6 7 
9 5 12 11 8 11 10 3 1 3 4 6 7 
9 5 2 0 7 8 11 10 3 1 3 4 5 9 8 7 
9 5 12 11 10 13 8 11 12 5 2 1 0 2 5 9 8 7 
9 5 2 1 0 7 8 13 12 5 2 1 3 10 11 8 7 
9 5 2 0 7 8 11 10 3 1 0 2 5 9 8 7 
9 5 4 6 7 8 13 10 3 1 2 0 7 
9 5 2 1 0 7 8 7 6 4 3 1 0 7 
9 5 12 13 8 9 5 2 1 3 10 11 8 7 
9 5 2 1 0 7 8 13 10 3 1 3 10 11 8 7 
9 5 12 13 8 7 6 4 3 1 0 7 
9 5 4 3 10 11 8 7 0 2 1 3 10 13 8 7 
9 5 12 13 8 9 5 2 1 0 7 
9 5 4 6 7 8 11 12 5 2 1 0 2 5 9 8 7 
9 5 4 3 10 13 8 13 12 5 2 1 3 10 11 8 7 
9 5 2 1 0 7 8 11 10 3 1 3 10 11 8 7 
9 5 4 6 7 8 7 0 1 0 2 5 9 8 7 
9 5 12 13 10 11 8 13 12 5 2 1 0 2 5 9 8 7 
9 5 12 11 10 13 8 11 12 5 2 1 2 0 7 
9 5 12 11 8 13 10 3 1 0 2 5 9 8 7 
9 5 2 0 7 8 9 5 4 3 1 0 2 5 9 8 7 
9 5 2 0 7 8 7 0 2 1 0 2 5 9 8 7 
9 8 7 0 2 1 3 10 13 8 7 
9 5 4 3 10 11 8 11 12 5 2 1 0 2 5 4 6 7 
9 5 4 6 7 8 9 5 2 0 1 3 4 6 7 
9 8 7 0 2 1 0 2 5 4 6 7 
9 8 9 5 4 3 1 3 10 11 8 7 
9 8 7 0 2 1 3 4 5 9 8 7 
9 8 9 5 4 3 1 3 4 5 9 8 7 
9 5 4 3 10 13 8 13 12 5 2 1 2 0 7 
9 8 9 5 2 0 1 3 10 13 8 7 
9 5 12 13 10 11 8 7 0 2 1 0 2 5 9 8 7 
9 5 12 13 8 13 12 5 2 1 0 2 5 4 6 7 
9 5 4 3 10 13 8 7 0 1 2 5 4 6 7 
9 5 12 11 8 13 10 3 1 0 2 5 4 6 7 
9 5 12 11 8 13 12 5 2 1 0 2 5 9 8 7 
9 5 12 11 10 13 8 11 10 3 1 2 0 7 
9 5 12 13 8 7 6 4 3 1 3 10 13 8 7 
9 5 2 0 7 8 7 0 2 1 2 0 7 
9 5 2 1 0 7 8 7 0 2 1 3 10 13 8 7 
---------------
Request id 2
12 5 2 1 1 0 2 5 9 8 7 
12 11 10 3 1 1 3 4 5 2 0 7 
12 5 2 1 1 3 10 13 8 7 
12 13 8 7 0 1 1 3 10 13 8 7 
12 5 9 8 7 0 1 1 3 4 6 7 
12 11 10 3 1 1 0 2 5 4 6 7 
12 13 10 3 1 1 3 10 11 8 7 
12 5 4 3 1 1 3 10 11 8 7 
12 11 10 3 1 1 3 10 11 8 7 
12 5 2 0 1 1 3 10 13 8 7 
12 5 2 0 1 1 3 4 6 7 
12 11 8 7 0 1 1 3 10 11 8 7 
12 11 8 9 5 2 1 1 3 10 11 8 7 
12 5 2 0 1 1 0 2 5 4 6 7 
12 13 10 3 1 1 2 0 7 
12 5 4 3 1 1 0 7 
12 5 2 0 1 1 0 7 
12 13 10 3 1 1 3 4 6 7 
12 5 2 0 1 1 3 10 11 8 7 
12 5 4 3 1 1 2 5 4 6 7 
12 5 9 8 7 0 1 1 3 4 5 2 0 7 
12 11 10 3 1 1 3 10 13 8 7 
12 13 8 7 0 1 1 2 5 9 8 7 
12 11 10 3 1 1 3 4 6 7 
12 5 4 6 7 0 1 1 2 0 7 
12 11 8 9 5 2 1 1 2 0 7 
12 5 4 3 1 1 3 10 13 8 7 
12 13 8 7 0 1 1 3 10 11 8 7 
12 5 4 3 1 1 2 0 7 
12 5 2 1 1 3 10 11 8 7 
12 13 8 7 0 1 1 2 5 4 6 7 
12 5 2 0 1 1 2 5 4 6 7 
12 5 4 6 7 0 1 1 0 2 5 4 6 7 
12 11 8 9 5 2 1 1 3 4 6 7 
12 5 9 8 7 0 1 1 0 2 5 4 6 7 
12 11 8 7 0 1 1 2 5 9 8 7 
12 11 10 3 1 1 0 2 5 9 8 7 
12 5 2 1 1 0 2 5 4 6 7 
12 5 9 8 7 0 1 1 0 2 5 9 8 7 
12 5 2 1 1 2 5 9 8 7 
---------------
Request id 15
9 5 4 3 1 2 5 9 8 11 
9 5 2 0 1 3 10 13 12 11 
9 8 7 0 1 3 10 13 12 11 
9 8 7 0 2 1 2 5 12 13 8 11 
9 5 4 6 7 0 1 2 5 12 11 
9 8 13 10 3 1 3 10 13 8 11 
9 5 4 3 1 3 10 13 12 11 
9 8 7 0 2 1 3 10 13 12 11 
9 8 13 12 5 2 1 0 2 5 12 11 
9 5 2 0 1 3 10 11 
9 5 12 13 10 3 1 3 10 13 12 11 
9 5 2 0 1 2 5 12 11 
9 5 12 13 10 3 1 2 5 12 13 8 11 
9 5 2 1 0 2 5 12 11 
9 5 2 0 1 0 2 5 12 11 
9 5 2 0 1 3 10 13 8 11 
9 8 13 10 3 1 3 10 11 
9 5 4 6 7 0 1 0 7 8 11 
9 8 7 0 2 1 3 10 13 8 11 
9 8 7 0 1 2 5 12 11 
9 5 2 1 0 7 8 11 
9 8 11 10 3 1 3 10 11 
9 5 2 1 3 10 13 8 11 
9 8 11 10 3 1 3 10 13 12 11 
9 8 7 0 1 2 0 7 8 11 
9 8 7 0 1 3 10 13 8 11 
9 8 11 10 3 1 0 7 8 11 
9 5 2 1 2 0 7 8 11 
9 8 7 0 1 0 2 5 12 11 
9 5 12 13 10 3 1 3 4 5 12 11 
9 5 2 1 2 5 9 8 11 
9 8 7 0 1 2 5 12 13 8 11 
9 8 7 0 1 3 10 11 
9 8 13 12 5 2 1 2 0 7 8 11 
9 5 4 3 1 3 10 13 8 11 
9 5 4 3 1 0 2 5 12 11 
9 8 11 10 3 1 2 5 12 13 8 11 
9 8 7 0 2 1 0 7 8 11 
9 8 13 12 5 2 1 3 10 13 12 11 
9 5 12 13 10 3 1 3 10 11 
---------------
Request id 17
6 4 5 2 0 1 3 4 5 9 8 13 12 5 2 1 0 2 5 12 13 
6 7 8 9 5 2 0 1 0 2 5 9 8 13 10 3 1 2 5 12 11 10 13 
6 7 0 2 1 2 5 12 11 8 13 10 3 1 2 5 12 11 10 13 
6 4 5 2 1 0 7 8 11 12 5 2 1 2 5 9 8 13 
6 7 8 9 5 2 1 2 5 9 8 11 10 3 1 0 2 5 12 13 
6 4 5 2 1 3 4 5 9 8 11 12 5 2 1 2 5 9 8 13 
6 7 8 13 10 3 1 3 4 5 9 8 7 0 2 1 3 10 11 8 13 
6 7 8 9 5 4 3 1 3 10 11 8 9 5 2 0 1 0 2 5 12 13 
6 4 5 2 1 3 4 6 7 8 7 0 2 1 2 0 7 8 13 
6 7 8 9 5 2 1 2 0 7 8 13 10 3 1 2 0 7 8 13 
6 7 0 2 1 3 4 5 9 8 11 10 3 1 3 10 13 
6 7 8 9 5 4 3 1 2 5 12 11 8 13 12 5 2 1 3 10 13 
6 7 8 11 10 3 1 0 2 5 9 8 9 5 4 3 1 3 10 11 8 13 
6 7 8 9 5 4 3 1 2 0 7 8 7 0 2 1 3 4 5 12 13 
6 7 8 9 5 2 0 1 0 7 8 13 12 5 2 1 2 0 7 8 13 
6 7 8 11 10 3 1 0 7 8 9 5 4 3 1 2 5 12 11 10 13 
6 7 0 1 3 4 6 7 8 9 5 4 3 1 2 5 12 13 
6 4 3 1 3 4 6 7 8 7 0 1 0 7 8 13 
6 4 5 2 1 2 0 7 8 7 0 1 2 5 12 13 
6 4 5 2 1 3 4 5 9 8 7 0 2 1 3 10 11 8 13 
6 4 5 2 1 2 5 12 13 8 9 5 4 3 1 3 10 11 12 13 
6 4 5 2 1 2 5 12 11 8 9 5 2 1 3 10 11 12 13 
6 7 0 1 3 10 13 8 7 0 2 1 3 10 11 12 13 
6 7 8 9 5 4 3 1 3 10 11 8 13 10 3 1 0 2 5 12 13 
6 7 8 13 10 3 1 3 4 6 7 8 13 12 5 2 1 0 2 5 12 13 
6 7 8 9 5 2 0 1 0 7 8 7 0 1 3 10 11 8 13 
6 7 8 13 10 3 1 2 5 12 13 8 9 5 2 0 1 3 4 5 12 13 
6 4 5 2 0 1 3 10 11 8 13 10 3 1 3 10 11 8 13 
6 7 8 11 10 3 1 0 7 8 11 10 3 1 2 0 7 8 13 
6 7 8 9 5 4 3 1 3 10 11 8 11 10 3 1 2 5 12 11 10 13 
6 4 3 1 2 5 9 8 11 12 5 2 1 3 4 5 12 13 
6 7 8 9 5 2 0 1 0 7 8 11 12 5 2 1 2 5 12 11 10 13 
6 7 8 13 10 3 1 2 0 7 8 13 12 5 2 1 3 10 11 8 13 
6 4 5 2 0 1 2 0 7 8 13 12 5 2 1 2 5 12 11 10 13 
6 7 0 1 0 2 5 9 8 7 6 4 3 1 0 2 5 12 13 
6 7 8 13 10 3 1 0 2 5 9 8 9 5 2 1 2 5 12 11 10 13 
6 7 8 11 10 3 1 2 0 7 8 7 0 1 3 10 11 8 13 
6 4 3 1 2 5 9 8 11 10 3 1 3 10 13 
6 4 5 2 1 0 7 8 7 0 2 1 2 0 7 8 13 
6 4 3 1 0 2 5 9 8 7 6 4 3 1 2 0 7 8 13 
---------------
Request id 21
3 4 5 12 11 8 9 5 12 13 10 
3 1 0 7 8 9 5 4 3 10 
3 4 5 9 8 9 5 4 3 10 
3 4 6 7 8 9 5 4 3 10 
3 1 0 7 8 13 10 
3 4 5 12 13 8 13 10 
3 10 13 8 7 0 1 3 10 
3 10 13 8 9 5 12 11 10 
3 4 5 12 11 8 11 10 
3 1 2 5 9 8 7 0 1 3 10 
3 1 0 7 8 11 10 
3 10 13 12 11 8 9 5 12 11 10 
3 4 6 7 8 7 6 4 3 10 
3 4 5 12 11 8 13 10 
3 1 0 7 8 11 12 13 10 
3 10 13 12 11 8 11 10 
3 4 6 7 8 13 12 5 4 3 10 
3 1 2 0 7 8 9 5 4 3 10 
3 1 2 0 7 8 13 10 
3 10 13 8 11 12 13 10 
3 1 2 5 9 8 9 5 12 11 10 
3 10 11 8 13 12 11 10 
3 4 6 7 8 11 10 
3 1 2 0 7 8 11 10 
3 1 2 0 7 8 9 5 12 11 10 
3 10 11 8 11 12 13 10 
3 1 2 0 7 8 13 12 11 10 
3 4 5 12 13 8 11 10 
3 10 11 8 9 5 4 3 10 
3 4 5 12 13 8 7 6 4 3 10 
3 4 5 9 8 13 12 5 4 3 10 
3 1 2 5 9 8 13 12 11 10 
3 10 11 8 9 5 12 13 10 
3 4 6 7 8 9 5 12 11 10 
3 1 2 0 7 8 11 12 13 10 
3 4 5 12 13 8 9 5 12 13 10 
3 1 2 5 9 8 11 10 
3 1 2 0 7 8 13 12 5 4 3 10 
3 10 13 12 11 8 13 12 5 4 3 10 
3 10 11 8 13 12 5 4 3 10 
---------------
Request id 3
3 1 2 5 9 8 7 0 1 3 4 5 9 8 11 10 3 4 
3 4 5 9 8 7 0 1 3 4 5 9 8 11 10 3 4 
3 1 2 5 9 8 11 10 3 1 2 0 7 8 13 10 11 12 5 4 
3 10 13 8 9 5 2 0 1 3 4 5 9 8 7 0 1 3 4 
3 4 6 7 8 7 0 2 1 2 0 7 8 9 5 2 1 3 4 
3 4 5 12 11 8 9 5 2 0 1 3 10 11 8 11 12 5 4 
3 1 2 5 9 8 9 5 2 0 1 0 7 8 7 0 1 3 4 
3 4 5 12 11 8 13 12 5 2 1 3 4 5 9 8 9 5 2 1 3 4 
3 4 5 9 8 7 0 2 1 0 2 5 9 8 7 0 2 5 4 
3 10 13 8 9 5 4 3 1 3 10 11 8 13 10 11 12 5 4 
3 4 5 12 13 8 9 5 2 1 2 5 12 11 8 7 0 1 3 4 
3 10 13 8 7 0 2 1 0 7 8 9 5 2 1 3 4 
3 10 13 8 7 6 4 3 1 0 2 5 9 8 13 12 5 4 
3 10 13 8 9 5 2 0 1 3 4 5 9 8 11 10 3 4 
3 10 11 8 7 0 1 2 0 7 8 13 10 3 4 
3 1 0 7 8 9 5 4 3 1 2 5 12 11 8 7 6 4 
3 10 13 12 11 8 11 12 5 2 1 3 10 11 8 13 10 11 12 5 4 
3 1 2 0 7 8 13 12 5 2 1 2 5 9 8 13 10 3 4 
3 1 2 0 7 8 9 5 2 0 1 2 5 12 11 8 7 0 2 5 4 
3 1 0 7 8 13 10 3 1 2 0 7 8 7 0 2 5 4 
3 1 2 0 7 8 7 0 1 2 0 7 8 13 10 3 4 
3 4 6 7 8 7 0 1 0 2 5 9 8 13 10 11 12 5 4 
3 10 11 8 13 10 3 1 3 10 13 8 11 10 3 4 
3 1 0 7 8 9 5 4 3 1 2 5 9 8 13 10 3 4 
3 1 2 0 7 8 13 12 5 2 1 3 4 6 7 8 9 5 4 
3 4 5 9 8 11 10 3 1 0 7 8 11 10 3 4 
3 4 6 7 8 7 0 2 1 0 2 5 9 8 7 6 4 
3 4 5 9 8 11 12 5 2 1 2 5 12 11 8 13 10 11 12 5 4 
3 4 5 12 13 8 13 12 5 2 1 3 4 6 7 8 11 10 3 4 
3 4 5 12 13 8 9 5 2 0 1 0 7 8 9 5 2 1 3 4 
3 1 2 5 9 8 9 5 4 3 1 0 2 5 9 8 7 6 4 
3 4 5 9 8 7 0 1 0 2 5 9 8 13 10 3 4 
3 4 5 12 13 8 13 10 3 1 2 5 12 13 8 11 12 5 4 
3 4 6 7 8 13 12 5 2 1 3 4 5 9 8 13 10 11 12 5 4 
3 4 5 12 13 8 11 12 5 2 1 0 7 8 11 12 5 4 
3 4 5 12 11 8 7 6 4 3 1 2 5 12 11 8 13 10 3 4 
3 1 2 0 7 8 13 12 5 2 1 3 4 5 9 8 7 6 4 
3 1 2 5 9 8 13 10 3 1 3 10 11 8 7 6 4 
3 1 2 5 9 8 13 12 5 2 1 2 5 12 13 8 7 6 4 
3 4 5 12 11 8 13 10 3 1 3 10 11 8 9 5 4 
---------------
Request id 22
11 10 13 8 11 10 13 12 
11 10 3 1 0 7 8 7 6 4 5 12 
11 12 5 9 8 13 10 11 12 
11 10 13 12 5 9 8 11 10 3 4 5 12 
11 12 5 2 0 7 8 13 10 11 12 
11 10 13 8 13 10 3 4 5 12 
11 10 3 4 5 9 8 13 10 11 12 
11 10 3 4 6 7 8 11 10 3 4 5 12 
11 8 13 10 3 4 5 12 
11 10 3 1 0 7 8 7 0 1 2 5 12 
11 10 3 4 6 7 8 7 0 1 2 5 12 
11 10 3 4 5 9 8 11 12 
11 10 13 12 5 9 8 9 5 12 
11 8 7 6 4 5 12 
11 10 13 12 5 9 8 13 12 
11 12 13 8 9 5 12 
11 10 13 8 7 0 1 2 5 12 
11 12 5 4 6 7 8 11 10 3 4 5 12 
11 10 3 4 6 7 8 11 12 
11 12 13 8 7 0 1 2 5 12 
11 12 5 9 8 7 6 4 5 12 
11 10 3 4 5 9 8 11 10 13 12 
11 10 13 8 9 5 12 
11 10 3 4 6 7 8 7 0 2 5 12 
11 10 3 4 6 7 8 9 5 12 
11 10 13 8 7 0 2 5 12 
11 12 5 2 0 7 8 7 6 4 5 12 
11 10 3 1 0 7 8 11 10 13 12 
11 12 5 2 0 7 8 13 12 
11 12 5 9 8 7 0 1 2 5 12 
11 10 3 1 0 7 8 7 0 2 5 12 
11 12 5 2 0 7 8 11 10 3 4 5 12 
11 12 5 9 8 13 10 3 4 5 12 
11 10 3 4 6 7 8 13 12 
11 8 7 0 1 2 5 12 
11 10 13 12 5 9 8 7 0 1 2 5 12 
11 10 3 4 5 9 8 7 0 1 2 5 12 
11 10 13 8 13 12 
11 10 3 4 5 9 8 13 10 3 4 5 12 
11 12 5 4 6 7 8 7 6 4 5 12 
---------------
Request id 23
10 3 4 5 2 1 1 2 5 12 11 8 7 0 1 2 
10 11 12 5 2 0 1 1 3 10 13 8 13 10 3 1 2 
10 11 8 7 0 2 1 1 2 5 12 11 8 13 10 11 12 5 2 
10 11 12 5 2 0 1 1 0 7 8 9 5 2 
10 11 12 5 2 0 1 1 3 4 5 9 8 7 6 4 5 2 
10 11 8 7 0 1 1 3 4 5 9 8 13 12 5 2 
10 11 12 5 2 1 1 0 2 5 9 8 11 10 3 1 2 
10 3 4 5 2 1 1 2 5 12 11 8 11 12 5 2 
10 3 1 1 2 5 12 13 8 11 10 3 1 2 
10 11 8 7 0 1 1 3 4 6 7 8 11 10 3 1 2 
10 3 1 1 2 5 12 13 8 7 0 1 2 
10 11 8 7 0 1 1 2 5 12 11 8 11 10 3 1 2 
10 11 8 9 5 2 1 1 3 10 13 8 7 0 2 
10 13 12 5 2 1 1 2 5 9 8 7 6 4 5 2 
10 11 8 7 0 2 1 1 2 0 7 8 9 5 2 
10 13 8 7 0 1 1 2 5 12 11 8 7 6 4 5 2 
10 11 12 5 2 1 1 2 5 12 11 8 13 12 5 2 
10 11 12 5 2 0 1 1 0 7 8 7 0 1 2 
10 11 8 7 0 2 1 1 3 4 5 9 8 7 6 4 5 2 
10 13 12 5 2 1 1 3 10 11 8 13 10 11 12 5 2 
10 13 12 5 2 1 1 0 7 8 9 5 2 
10 11 8 7 0 1 1 0 7 8 11 10 3 1 2 
10 11 8 9 5 2 1 1 3 10 13 8 13 12 5 2 
10 11 12 5 2 1 1 2 0 7 8 7 6 4 5 2 
10 3 4 5 2 1 1 3 4 5 9 8 9 5 2 
10 11 8 7 0 2 1 1 3 10 13 8 13 12 5 2 
10 11 12 5 2 1 1 3 10 13 8 13 10 3 1 2 
10 3 4 5 2 1 1 3 10 11 8 7 6 4 3 1 2 
10 11 8 7 0 2 1 1 3 10 11 8 11 10 3 1 2 
10 11 8 7 0 1 1 2 0 7 8 11 12 5 2 
10 13 8 7 0 2 1 1 0 7 8 7 0 2 
10 13 12 5 2 1 1 2 5 12 13 8 7 6 4 5 2 
10 3 1 1 3 10 13 8 7 0 1 2 
10 13 8 7 0 1 1 3 10 11 8 9 5 2 
10 13 12 5 2 1 1 0 7 8 7 6 4 3 1 2 
10 11 12 5 2 0 1 1 3 10 11 8 11 10 3 1 2 
10 11 12 5 2 0 1 1 3 10 13 8 11 12 5 2 
10 11 8 7 0 2 1 1 2 5 9 8 11 12 5 2 
10 13 8 7 0 2 1 1 2 5 9 8 7 0 1 2 
10 3 1 1 2 5 12 13 8 11 12 5 2 
---------------
Request id 24
13 10 3 1 0 7 8 7 0 2 1 1 0 7 6 
13 12 5 4 6 7 8 7 0 2 1 1 3 10 13 8 7 6 
13 10 3 4 6 7 8 11 12 5 2 1 1 0 2 5 4 6 
13 10 3 1 0 7 8 7 6 4 3 1 1 2 5 9 8 7 6 
13 12 5 2 0 7 8 9 5 4 3 1 1 0 7 6 
13 10 3 4 6 7 8 7 0 1 1 2 0 7 6 
13 12 5 4 6 7 8 7 6 4 3 1 1 2 5 9 8 7 6 
13 12 5 9 8 9 5 4 3 1 1 2 5 9 8 7 6 
13 10 11 8 7 6 4 3 1 1 2 5 4 6 
13 10 3 4 6 7 8 13 10 3 1 1 2 0 7 6 
13 12 11 8 11 10 3 1 1 0 7 8 9 5 4 6 
13 12 11 8 13 10 3 1 1 3 10 11 8 7 6 
13 12 5 2 0 7 8 11 12 5 2 1 1 2 0 7 6 
13 12 5 4 6 7 8 7 6 4 3 1 1 2 5 4 6 
13 12 5 2 0 7 8 9 5 4 3 1 1 2 5 9 8 7 6 
13 10 11 8 7 0 2 1 1 2 0 7 6 
13 10 3 4 6 7 8 7 0 2 1 1 3 10 11 8 7 6 
13 12 5 4 6 7 8 9 5 2 0 1 1 2 5 9 8 7 6 
13 10 11 12 5 9 8 7 0 1 1 3 10 11 12 5 4 6 
13 12 5 4 6 7 8 9 5 2 1 1 3 10 11 8 7 6 
13 10 3 4 6 7 8 11 12 5 2 1 1 2 5 9 8 7 6 
13 12 5 2 0 7 8 11 10 3 1 1 0 7 8 9 5 4 6 
13 12 11 8 7 0 2 1 1 3 10 11 12 5 4 6 
13 10 11 8 13 10 3 1 1 3 10 13 8 7 6 
13 10 11 8 9 5 4 3 1 1 3 10 11 12 5 4 6 
13 10 3 4 5 9 8 9 5 2 0 1 1 3 10 11 12 5 4 6 
13 10 11 8 7 6 4 3 1 1 0 7 8 9 5 4 6 
13 12 11 8 7 6 4 3 1 1 2 5 4 6 
13 12 5 4 6 7 8 11 10 3 1 1 3 10 11 12 5 4 6 
13 12 11 8 13 12 5 2 1 1 2 5 4 6 
13 10 11 8 7 6 4 3 1 1 0 7 6 
13 10 3 4 6 7 8 11 10 3 1 1 3 4 6 
13 8 9 5 2 1 1 0 2 5 4 6 
13 10 11 8 7 0 1 1 3 10 11 8 7 6 
13 10 3 4 5 9 8 7 0 2 1 1 0 2 5 4 6 
13 12 5 4 6 7 8 7 0 1 1 3 10 11 8 7 6 
13 12 11 8 9 5 2 1 1 3 10 13 8 7 6 
13 12 11 8 11 10 3 1 1 2 5 9 8 7 6 
13 10 3 1 0 7 8 9 5 4 3 1 1 0 2 5 4 6 
13 10 11 12 5 9 8 9 5 4 3 1 1 2 0 7 6 
---------------
Request id 29
3 10 13 12 5 2 1 2 0 7 8 11 
3 4 6 7 0 1 3 10 11 
3 10 13 8 7 0 2 1 0 7 8 11 
3 1 0 7 8 11 
3 10 11 8 7 0 1 3 4 5 12 11 
3 4 6 7 0 2 1 3 10 11 
3 1 2 5 12 11 
3 10 13 12 5 2 1 2 5 12 11 
3 4 6 7 0 2 1 3 10 13 8 11 
3 4 5 2 0 1 2 5 12 11 
3 1 2 5 12 13 8 11 
3 10 11 8 7 0 1 2 5 12 13 8 11 
3 10 11 12 5 2 1 2 5 12 13 8 11 
3 4 5 2 1 3 10 11 
3 10 13 8 7 0 1 0 7 8 11 
3 4 5 2 0 1 0 7 8 11 
3 4 6 7 0 2 1 2 5 9 8 11 
3 10 11 12 5 2 1 3 4 5 12 11 
3 10 13 8 7 0 1 2 5 9 8 11 
3 10 13 12 5 2 1 0 7 8 11 
3 10 13 8 7 0 2 1 2 5 12 11 
3 4 5 2 1 0 2 5 12 11 
3 4 5 2 1 2 5 12 11 
3 1 2 0 7 8 11 
3 10 13 8 7 0 1 3 10 13 12 11 
3 10 13 8 7 0 1 0 2 5 12 11 
3 10 13 12 5 2 1 2 5 12 13 8 11 
3 10 11 8 7 0 1 0 7 8 11 
3 10 11 12 5 2 1 0 2 5 12 11 
3 4 5 2 1 3 4 5 12 11 
3 10 13 12 5 2 1 2 5 9 8 11 
3 4 5 2 1 2 0 7 8 11 
3 10 13 8 7 0 1 2 0 7 8 11 
3 10 11 8 7 0 1 2 5 9 8 11 
3 4 5 2 0 1 2 5 9 8 11 
3 4 6 7 0 1 2 5 12 11 
3 4 5 2 0 1 2 0 7 8 11 
3 4 6 7 0 1 3 10 13 8 11 
3 10 13 8 7 0 1 3 10 11 
3 1 2 5 9 8 11 
---------------
Request id 11
3 4 5 9 8 9 5 4 3 1 0 7 8 7 0 2 5 9 
3 10 11 8 7 6 4 3 1 2 5 12 11 8 11 12 5 9 
3 10 11 8 7 0 2 1 2 5 12 13 8 7 6 4 5 9 
3 10 11 8 11 12 5 2 1 0 2 5 9 8 7 6 4 5 9 
3 4 6 7 8 9 5 4 3 1 3 10 11 8 11 10 13 12 5 9 
3 10 11 8 13 10 3 1 3 10 13 8 11 10 3 4 5 9 
3 1 2 5 9 8 7 6 4 3 1 0 7 8 7 0 1 2 5 9 
3 4 6 7 8 7 6 4 3 1 0 7 8 13 10 3 4 5 9 
3 10 11 8 11 12 5 2 1 2 5 9 8 11 10 3 4 5 9 
3 4 5 12 13 8 9 5 4 3 1 3 4 5 9 8 7 6 4 5 9 
3 1 0 7 8 9 5 4 3 1 3 10 11 8 9 
3 10 13 12 11 8 13 10 3 1 3 10 13 8 11 10 13 12 5 9 
3 4 5 9 8 11 10 3 1 3 4 6 7 8 11 10 13 12 5 9 
3 10 11 12 13 8 7 0 2 1 3 10 13 8 9 
3 10 11 12 13 8 9 5 2 0 1 2 5 12 13 8 11 10 3 4 5 9 
3 4 6 7 8 11 12 5 2 1 0 7 8 11 10 3 4 5 9 
3 1 2 0 7 8 7 6 4 3 1 2 0 7 8 7 0 1 2 5 9 
3 1 2 5 9 8 13 12 5 2 1 0 2 5 9 8 7 0 1 2 5 9 
3 4 6 7 8 9 5 4 3 1 3 10 13 8 7 6 4 5 9 
3 1 2 5 9 8 7 0 2 1 2 5 12 11 8 13 10 3 4 5 9 
3 4 5 9 8 9 5 2 1 3 4 5 9 8 13 10 11 12 5 9 
3 4 5 9 8 9 5 4 3 1 0 7 8 13 10 11 12 5 9 
3 10 11 12 13 8 9 5 2 1 2 5 9 8 13 10 3 4 5 9 
3 1 0 7 8 9 5 2 1 2 5 12 13 8 11 12 5 9 
3 10 13 8 11 10 3 1 2 5 12 13 8 11 10 13 12 5 9 
3 4 5 12 13 8 7 0 1 0 7 8 13 12 5 9 
3 1 2 0 7 8 11 10 3 1 3 10 11 8 13 10 3 4 5 9 
3 10 11 8 9 5 2 0 1 3 10 11 8 11 10 13 12 5 9 
3 4 5 12 13 8 7 0 1 2 5 12 13 8 13 10 3 4 5 9 
3 10 11 8 9 5 2 0 1 3 4 6 7 8 7 6 4 5 9 
3 4 5 12 13 8 9 5 2 0 1 3 10 13 8 13 10 11 12 5 9 
3 10 11 8 13 10 3 1 2 0 7 8 7 0 2 5 9 
3 10 13 12 11 8 7 0 1 3 10 13 8 7 6 4 5 9 
3 4 5 9 8 13 12 5 2 1 2 0 7 8 13 10 11 12 5 9 
3 1 2 5 9 8 13 10 3 1 3 4 6 7 8 13 10 11 12 5 9 
3 4 6 7 8 9 5 2 0 1 2 5 9 8 11 12 5 9 
3 10 13 8 7 0 2 1 3 10 13 8 7 0 1 2 5 9 
3 1 2 0 7 8 13 12 5 2 1 2 5 12 11 8 7 0 2 5 9 
3 1 2 5 9 8 7 6 4 3 1 0 2 5 9 8 13 10 11 12 5 9 
3 10 13 8 9 5 4 3 1 2 5 9 8 11 10 13 12 5 9 
---------------
Request id 16
6 4 5 12 11 8 13 10 3 1 1 3 10 11 8 9 
6 4 3 10 13 8 11 10 3 1 1 3 10 13 12 5 9 
6 7 0 2 5 12 11 8 7 0 1 1 2 0 7 8 9 
6 4 5 12 13 8 13 12 5 2 1 1 3 10 13 8 9 
6 7 0 2 5 9 8 9 5 4 3 1 1 3 10 13 12 5 9 
6 4 3 1 0 7 8 11 10 3 1 1 0 7 8 9 
6 4 3 10 13 8 13 12 5 2 1 1 3 10 13 12 5 9 
6 4 5 2 0 7 8 9 5 2 0 1 1 3 10 13 12 5 9 
6 4 5 12 13 8 9 5 4 3 1 1 2 0 7 8 9 
6 4 5 9 8 9 5 2 1 1 3 4 5 9 
6 4 3 1 0 7 8 9 5 2 0 1 1 2 0 7 8 9 
6 4 5 2 0 7 8 11 12 5 2 1 1 3 10 11 8 9 
6 4 5 9 8 7 0 2 1 1 3 10 13 8 9 
6 4 5 9 8 9 5 2 0 1 1 2 0 7 8 9 
6 4 3 1 0 7 8 13 12 5 2 1 1 3 10 13 12 5 9 
6 4 3 10 11 8 11 12 5 2 1 1 3 10 11 8 9 
6 4 5 2 0 7 8 9 5 2 0 1 1 3 10 13 8 9 
6 4 5 2 0 7 8 9 5 2 1 1 2 0 7 8 9 
6 7 0 2 5 9 8 13 12 5 2 1 1 3 10 11 12 5 9 
6 7 8 11 12 5 2 1 1 3 10 13 8 9 
6 4 5 12 11 8 9 5 2 1 1 2 5 12 11 8 9 
6 4 5 2 0 7 8 7 0 2 1 1 3 10 11 8 9 
6 4 5 12 13 8 9 5 2 0 1 1 3 10 13 8 9 
6 7 8 7 0 2 1 1 3 10 13 12 5 9 
6 4 3 10 13 8 7 0 2 1 1 3 10 13 8 9 
6 4 5 2 0 7 8 13 10 3 1 1 2 5 12 11 8 9 
6 7 0 2 5 12 11 8 13 12 5 2 1 1 2 5 12 11 8 9 
6 7 8 9 5 2 0 1 1 2 5 12 11 8 9 
6 4 5 9 8 7 0 2 1 1 0 7 8 9 
6 4 5 12 11 8 9 5 2 1 1 3 10 13 8 9 
6 7 0 2 5 9 8 9 5 2 0 1 1 3 10 13 8 9 
6 4 3 1 0 7 8 13 12 5 2 1 1 2 0 7 8 9 
6 4 5 12 13 8 11 10 3 1 1 3 10 13 12 5 9 
6 7 8 7 0 2 1 1 3 10 11 8 9 
6 4 5 12 11 8 11 12 5 2 1 1 2 5 12 11 8 9 
6 4 3 10 13 8 13 10 3 1 1 2 5 9 
6 4 3 1 0 7 8 13 12 5 2 1 1 3 10 11 12 5 9 
6 4 5 12 11 8 7 6 4 3 1 1 3 4 5 9 
6 7 8 9 5 4 3 1 1 3 4 5 9 
6 4 5 12 11 8 7 6 4 3 1 1 2 5 12 11 8 9 
---------------
Request id 30
9 5 12 13 10 3 1 1 2 0 7 
9 8 7 0 1 1 0 2 5 9 8 7 
9 8 13 10 3 1 1 2 0 7 
9 8 7 0 2 1 1 3 4 5 9 8 7 
9 8 13 12 5 2 1 1 3 10 13 8 7 
9 5 2 0 1 1 3 10 11 8 7 
9 8 7 0 2 1 1 3 10 11 8 7 
9 5 4 3 1 1 3 4 6 7 
9 5 4 6 7 0 1 1 3 10 11 8 7 
9 5 4 6 7 0 1 1 2 0 7 
9 8 7 0 2 1 1 3 4 6 7 
9 5 4 3 1 1 3 10 13 8 7 
9 5 12 13 10 3 1 1 0 2 5 9 8 7 
9 8 13 10 3 1 1 0 2 5 4 6 7 
9 5 12 13 10 3 1 1 3 10 13 8 7 
9 5 2 1 1 0 2 5 9 8 7 
9 5 2 0 1 1 0 2 5 9 8 7 
9 8 13 10 3 1 1 3 4 5 9 8 7 
9 5 12 13 10 3 1 1 3 4 6 7 
9 8 13 10 3 1 1 2 5 4 6 7 
9 5 2 0 1 1 3 4 5 9 8 7 
9 5 4 3 1 1 0 7 
9 8 7 0 1 1 2 0 7 
9 5 2 0 1 1 2 5 9 8 7 
9 5 2 0 1 1 0 2 5 4 6 7 
9 8 11 10 3 1 1 0 7 
9 5 2 0 1 1 2 0 7 
9 5 4 3 1 1 3 4 5 9 8 7 
9 8 11 10 3 1 1 2 5 4 6 7 
9 8 13 10 3 1 1 3 10 13 8 7 
9 8 13 12 5 2 1 1 2 5 4 6 7 
9 5 2 1 1 3 10 11 8 7 
9 5 12 13 10 3 1 1 0 2 5 4 6 7 
9 5 2 0 1 1 0 7 
9 8 11 10 3 1 1 3 10 11 8 7 
9 8 7 0 1 1 3 10 11 8 7 
9 8 13 12 5 2 1 1 3 10 11 8 7 
9 8 11 10 3 1 1 3 10 13 8 7 
9 8 13 12 5 2 1 1 0 2 5 9 8 7 
9 5 2 1 1 2 5 4 6 7 
---------------
Request id 25
13 8 11 10 3 1 0 7 6 
13 8 11 10 3 1 3 10 13 8 7 6 
13 12 5 4 3 1 0 7 8 9 5 4 6 
13 8 11 10 3 1 2 5 9 8 7 6 
13 10 3 1 3 10 11 8 7 6 
13 12 11 10 3 1 2 5 9 8 7 6 
13 8 7 0 2 1 0 2 5 4 6 
13 12 11 10 3 1 3 10 13 8 7 6 
13 10 3 1 2 5 9 8 7 6 
13 8 7 0 1 3 4 6 
13 12 5 2 1 3 10 11 8 7 6 
13 8 11 10 3 1 0 7 8 9 5 4 6 
13 12 11 10 3 1 3 10 11 8 7 6 
13 8 7 0 2 1 3 10 11 12 5 4 6 
13 12 5 2 0 1 2 5 4 6 
13 8 7 0 1 0 7 6 
13 12 11 10 3 1 0 2 5 4 6 
13 10 3 1 3 10 13 8 7 6 
13 12 5 2 1 2 0 7 6 
13 10 3 1 0 7 8 9 5 4 6 
13 12 5 2 1 3 4 6 
13 12 5 4 3 1 2 0 7 6 
13 12 5 2 1 0 7 8 9 5 4 6 
13 10 3 1 2 0 7 6 
13 8 7 0 2 1 0 7 8 9 5 4 6 
13 8 7 0 2 1 2 5 4 6 
13 8 11 10 3 1 2 5 4 6 
13 12 11 10 3 1 3 10 11 12 5 4 6 
13 8 9 5 2 1 0 7 6 
13 12 5 2 1 2 5 4 6 
13 12 5 2 0 1 2 5 9 8 7 6 
13 8 11 10 3 1 0 2 5 4 6 
13 8 7 0 1 3 10 11 8 7 6 
13 12 5 2 0 1 0 2 5 4 6 
13 12 5 4 3 1 2 5 9 8 7 6 
13 12 11 10 3 1 2 0 7 6 
13 8 7 0 1 2 5 9 8 7 6 
13 12 5 2 0 1 2 0 7 6 
13 10 11 8 7 0 1 2 5 9 8 7 6 
13 12 5 2 1 2 5 9 8 7 6 
---------------
Request id 14
9 5 12 13 10 3 1 2 5 4 3 
9 8 7 0 1 0 7 6 4 3 
9 5 2 0 1 0 7 8 13 10 3 
9 5 2 0 1 0 7 8 11 10 3 
9 5 2 0 1 2 5 12 11 10 3 
9 5 2 1 0 7 8 13 10 3 
9 8 7 0 1 2 0 7 6 4 3 
9 8 7 0 1 2 5 9 8 13 10 3 
9 5 12 13 10 3 1 3 
9 8 11 10 3 1 3 
9 8 11 10 3 1 2 0 7 6 4 3 
9 8 13 12 5 2 1 3 
9 5 2 1 2 5 4 3 
9 5 4 6 7 0 1 0 7 8 11 10 3 
9 5 12 13 10 3 1 0 7 8 13 10 3 
9 8 13 10 3 1 2 5 4 3 
9 5 12 13 10 3 1 2 5 9 8 13 10 3 
9 8 7 0 2 1 0 7 8 11 10 3 
9 5 12 13 10 3 1 0 7 8 11 10 3 
9 8 7 0 1 3 
9 8 13 12 5 2 1 0 7 6 4 3 
9 8 13 12 5 2 1 2 5 4 3 
9 5 4 3 1 0 7 8 11 10 3 
9 8 13 12 5 2 1 2 5 12 11 10 3 
9 8 13 12 5 2 1 0 7 8 13 10 3 
9 5 2 1 0 2 5 4 3 
9 5 4 3 1 2 5 9 8 13 10 3 
9 8 13 10 3 1 2 5 9 8 13 10 3 
9 5 12 13 10 3 1 0 2 5 4 3 
9 5 4 3 1 2 0 7 6 4 3 
9 5 4 6 7 0 1 2 5 9 8 13 10 3 
9 5 2 1 0 7 6 4 3 
9 5 4 3 1 2 5 12 13 10 3 
9 5 2 0 1 3 
9 5 4 6 7 0 1 0 7 8 13 10 3 
9 5 4 6 7 0 1 0 2 5 4 3 
9 5 12 13 10 3 1 2 0 7 6 4 3 
9 8 11 10 3 1 0 7 6 4 3 
9 5 4 6 7 0 1 3 
9 8 13 12 5 2 1 2 5 9 8 13 10 3 
---------------
Request id 26
6 4 3 1 0 7 8 9 5 2 1 3 4 6 7 0 2 
6 7 8 9 5 2 1 3 10 13 12 5 2 
6 4 5 2 0 7 8 9 5 2 0 1 3 10 11 12 5 2 
6 4 5 2 0 7 8 13 12 5 2 1 3 4 6 7 0 2 
6 4 3 1 0 7 8 9 5 4 3 1 0 7 8 9 5 2 
6 4 3 1 0 7 8 9 5 2 1 3 10 13 12 5 2 
6 4 3 10 11 8 9 5 2 0 1 3 4 6 7 0 2 
6 4 5 12 11 8 13 10 3 1 3 4 6 7 0 2 
6 4 5 12 13 8 11 10 3 1 0 2 
6 4 3 10 13 8 13 12 5 2 1 3 10 11 12 5 2 
6 4 3 10 13 8 7 0 1 3 4 5 2 
6 7 0 2 5 9 8 11 12 5 2 1 0 7 8 9 5 2 
6 4 3 1 0 7 8 9 5 4 3 1 0 7 6 4 5 2 
6 7 0 2 5 12 11 8 7 0 2 1 3 4 5 2 
6 4 5 2 0 7 8 7 0 1 3 10 11 8 9 5 2 
6 7 0 2 5 9 8 7 6 4 3 1 3 10 11 8 9 5 2 
6 4 5 12 13 8 7 0 1 3 10 13 12 5 2 
6 4 5 12 11 8 9 5 4 3 1 3 10 11 12 5 2 
6 7 0 2 5 9 8 13 10 3 1 0 7 8 13 12 5 2 
6 4 5 9 8 9 5 2 1 3 10 13 12 5 2 
6 4 5 9 8 9 5 4 3 1 3 4 6 7 0 2 
6 7 0 2 5 12 11 8 7 0 1 3 10 13 12 5 2 
6 7 8 13 12 5 2 1 3 4 5 2 
6 4 3 10 11 8 7 0 2 1 3 10 13 12 5 2 
6 4 5 12 13 8 11 10 3 1 2 
6 4 5 12 13 8 7 0 2 1 3 4 5 2 
6 4 3 1 0 7 8 11 10 3 1 3 4 6 7 0 2 
6 7 0 2 5 9 8 7 6 4 3 1 3 10 13 12 5 2 
6 4 3 1 0 7 8 7 6 4 3 1 2 
6 4 5 2 0 7 8 11 12 5 2 1 3 10 11 12 5 2 
6 4 3 10 13 8 9 5 2 1 3 4 5 2 
6 4 5 12 13 8 11 12 5 2 1 0 7 6 4 5 2 
6 4 5 2 0 7 8 11 10 3 1 3 4 6 7 0 2 
6 4 3 10 11 8 9 5 4 3 1 2 
6 4 5 9 8 9 5 2 0 1 0 7 8 9 5 2 
6 4 5 12 13 8 7 6 4 3 1 3 10 11 12 5 2 
6 7 8 9 5 2 1 3 4 6 7 0 2 
6 4 3 10 13 8 13 12 5 2 1 0 7 8 9 5 2 
6 7 0 2 5 9 8 13 12 5 2 1 3 10 11 12 5 2 
6 4 5 9 8 9 5 4 3 1 0 7 6 4 5 2 
---------------
Request id 27
2 5 12 13 8 8 13 10 11 12 
2 5 12 11 8 8 9 5 12 
2 5 9 8 8 9 5 12 
2 5 12 13 8 8 11 10 13 12 
2 5 9 8 8 7 0 2 5 12 
2 5 9 8 8 11 10 3 4 5 12 
2 0 7 8 8 11 12 
2 1 3 10 13 8 8 7 6 4 5 12 
2 5 12 13 10 11 8 8 7 0 2 5 12 
2 5 4 3 10 11 8 8 11 10 3 4 5 12 
2 5 4 6 7 8 8 13 10 3 4 5 12 
2 1 0 7 8 8 7 6 4 5 12 
2 1 3 10 13 8 8 13 10 11 12 
2 0 7 8 8 13 10 11 12 
2 5 4 3 10 11 8 8 13 12 
2 1 3 10 13 8 8 9 5 12 
2 5 4 3 10 11 8 8 13 10 3 4 5 12 
2 5 4 6 7 8 8 7 0 1 2 5 12 
2 1 3 10 11 8 8 13 12 
2 5 12 13 8 8 13 12 
2 0 7 8 8 7 0 2 5 12 
2 5 4 6 7 8 8 13 10 11 12 
2 0 7 8 8 7 6 4 5 12 
2 5 12 13 10 11 8 8 13 10 3 4 5 12 
2 1 3 10 11 8 8 9 5 12 
2 1 3 10 11 8 8 11 10 3 4 5 12 
2 5 9 8 8 13 12 
2 1 3 10 13 8 8 11 10 13 12 
2 5 12 13 10 11 8 8 11 12 
2 0 7 8 8 11 10 3 4 5 12 
2 5 12 13 10 11 8 8 7 6 4 5 12 
2 5 9 8 8 11 12 
2 5 12 13 10 11 8 8 13 12 
2 1 0 7 8 8 13 12 
2 5 12 11 8 8 11 12 
2 1 0 7 8 8 9 5 12 
2 5 12 11 8 8 7 6 4 5 12 
2 1 3 10 13 8 8 13 12 
2 5 4 3 10 11 8 8 7 0 1 2 5 12 
2 1 0 7 8 8 13 10 3 4 5 12 
---------------
Request id 10
11 8 7 0 1 1 2 5 9 8 13 12 5 4 6 
11 12 5 2 1 1 3 4 6 7 8 13 10 11 12 5 4 6 
11 8 7 0 1 1 3 4 6 7 8 13 10 11 12 5 4 6 
11 8 13 10 3 1 1 3 10 11 8 9 5 4 6 
11 12 5 2 1 1 2 5 12 11 8 7 6 
11 8 9 5 2 1 1 2 0 7 8 7 0 1 3 4 6 
11 12 13 10 3 1 1 3 10 13 8 13 10 3 4 6 
11 8 7 0 1 1 3 4 6 7 8 7 0 2 5 4 6 
11 10 13 12 5 2 1 1 2 0 7 8 9 5 4 6 
11 12 5 4 3 1 1 0 2 5 9 8 7 0 2 5 4 6 
11 10 13 12 5 2 1 1 3 4 6 7 8 7 6 
11 12 13 10 3 1 1 2 5 12 11 8 13 10 11 12 5 4 6 
11 12 5 4 3 1 1 2 5 12 13 8 13 12 5 4 6 
11 12 5 4 3 1 1 3 4 5 9 8 11 10 3 4 6 
11 12 13 10 3 1 1 2 0 7 8 13 12 5 4 6 
11 8 13 10 3 1 1 2 5 9 8 13 12 5 4 6 
11 8 9 5 2 1 1 2 0 7 8 13 12 5 4 6 
11 10 3 1 1 3 10 11 8 9 5 4 6 
11 8 9 5 2 1 1 3 10 11 8 7 0 1 3 4 6 
11 12 5 2 0 1 1 2 5 9 8 9 5 4 6 
11 8 7 0 2 1 1 0 7 8 9 5 4 6 
11 8 13 10 3 1 1 2 5 9 8 11 12 5 4 6 
11 12 5 2 1 1 2 5 9 8 9 5 2 0 7 6 
11 10 3 1 1 2 5 9 8 11 10 3 4 6 
11 8 13 10 3 1 1 3 4 5 9 8 13 12 5 4 6 
11 12 5 2 0 1 1 2 5 9 8 9 5 2 0 7 6 
11 8 9 5 2 1 1 0 7 8 13 12 5 4 6 
11 8 7 0 1 1 3 10 11 8 9 5 4 6 
11 12 5 4 3 1 1 3 10 13 8 11 10 3 4 6 
11 8 13 10 3 1 1 2 0 7 8 11 10 3 4 6 
11 12 5 4 3 1 1 3 4 6 7 8 11 12 5 4 6 
11 8 13 10 3 1 1 3 10 11 8 13 12 5 4 6 
11 10 13 12 5 2 1 1 2 5 12 11 8 11 12 5 4 6 
11 8 7 0 1 1 3 4 6 7 8 7 6 
11 12 5 4 3 1 1 3 10 13 8 7 0 1 3 4 6 
11 8 13 10 3 1 1 2 5 12 11 8 7 0 2 5 4 6 
11 10 3 1 1 0 7 8 13 10 11 12 5 4 6 
11 12 13 10 3 1 1 3 10 13 8 9 5 4 6 
11 8 9 5 2 1 1 3 4 5 9 8 9 5 4 6 
11 8 13 10 3 1 1 0 2 5 9 8 9 5 4 6 
---------------
Request id 4
6 7 8 11 10 3 1 2 5 12 11 
6 7 0 2 1 3 10 13 8 11 
6 7 8 9 5 4 3 1 0 2 5 12 11 
6 4 5 2 0 1 0 7 8 11 
6 4 5 2 1 0 7 8 13 10 11 
6 7 8 9 5 2 1 3 10 13 12 11 
6 7 8 9 5 4 3 1 2 5 12 11 
6 7 8 13 10 3 1 3 4 5 12 11 
6 7 0 2 1 2 5 12 11 
6 4 3 1 3 10 13 8 11 
6 7 8 9 5 4 3 1 3 10 11 
6 7 8 13 10 3 1 2 5 9 8 11 
6 7 0 2 1 0 2 5 12 11 
6 4 3 1 2 5 9 8 11 
6 7 0 1 0 7 8 11 
6 7 0 2 1 2 0 7 8 11 
6 7 0 2 1 3 4 5 12 11 
6 7 0 1 0 7 8 13 10 11 
6 4 5 2 0 1 0 7 8 13 10 11 
6 7 0 1 0 2 5 12 11 
6 4 5 2 1 3 10 13 8 11 
6 7 0 1 3 10 13 8 11 
6 7 8 9 5 2 1 2 0 7 8 11 
6 7 8 11 10 3 1 3 4 5 12 11 
6 7 0 2 1 2 5 9 8 11 
6 7 0 2 1 0 7 8 11 
6 7 8 9 5 2 0 1 2 5 12 11 
6 7 8 9 5 2 1 3 4 5 12 11 
6 7 8 9 5 2 0 1 3 10 11 
6 7 8 11 10 3 1 3 10 13 12 11 
6 4 5 2 0 1 2 5 12 11 
6 4 5 2 0 1 2 0 7 8 11 
6 4 3 1 3 10 13 12 11 
6 4 5 2 1 3 4 5 12 11 
6 7 8 9 5 4 3 1 3 4 5 12 11 
6 4 5 2 1 2 5 12 11 
6 7 8 11 10 3 1 0 7 8 11 
6 4 3 1 0 2 5 12 11 
6 7 0 1 3 4 5 12 11 
6 4 5 2 0 1 3 10 13 8 11 
---------------
Request id 5
6 7 8 11 10 3 1 1 3 10 11 8 13 12 
6 7 8 9 5 4 3 1 1 3 10 11 8 13 12 
6 7 0 1 1 2 5 12 
6 7 0 1 1 2 0 7 8 13 12 
6 7 8 9 5 2 1 1 0 7 8 13 12 
6 7 8 13 12 5 2 1 1 0 2 5 12 
6 7 8 11 10 3 1 1 3 4 5 12 
6 7 8 11 10 3 1 1 0 7 8 13 12 
6 7 0 2 1 1 2 0 7 8 13 12 
6 4 3 1 1 2 5 12 
6 7 8 13 10 3 1 1 2 5 12 
6 7 0 2 1 1 0 7 8 11 12 
6 7 8 13 12 5 2 1 1 3 4 5 12 
6 4 3 1 1 2 0 7 8 13 12 
6 7 8 13 10 3 1 1 0 7 8 13 12 
6 4 3 1 1 0 7 6 4 5 12 
6 4 5 2 1 1 0 7 8 13 12 
6 7 8 11 10 3 1 1 2 0 7 8 13 12 
6 4 3 1 1 3 4 5 12 
6 7 8 11 10 3 1 1 2 5 12 
6 7 0 1 1 0 2 5 12 
6 4 3 1 1 0 2 5 12 
6 7 0 2 1 1 3 4 5 12 
6 7 8 13 10 3 1 1 3 4 5 12 
6 7 0 2 1 1 3 10 11 8 13 12 
6 7 8 9 5 4 3 1 1 0 7 8 13 12 
6 7 8 13 12 5 2 1 1 0 7 8 11 12 
6 7 8 11 10 3 1 1 0 7 8 11 12 
6 7 8 13 10 3 1 1 3 10 11 8 13 12 
6 4 3 1 1 3 10 13 12 
6 7 0 2 1 1 0 7 6 4 5 12 
6 7 8 9 5 4 3 1 1 0 7 6 4 5 12 
6 7 8 9 5 4 3 1 1 0 2 5 12 
6 7 0 1 1 0 7 8 13 12 
6 4 3 1 1 0 7 8 11 12 
6 7 8 11 10 3 1 1 0 7 6 4 5 12 
6 7 0 1 1 0 7 8 11 12 
6 7 8 9 5 4 3 1 1 2 0 7 8 13 12 
6 7 8 13 10 3 1 1 0 7 6 4 5 12 
6 7 8 13 12 5 2 1 1 0 7 6 4 5 12 
---------------
Request id 9
2 5 12 13 10 3 1 0 2 5 9 8 8 7 6 4 5 12 13 
2 0 7 8 13 10 3 1 0 2 5 9 8 8 13 
2 0 7 8 13 10 3 1 3 10 11 8 8 7 6 4 3 10 13 
2 5 4 6 7 0 1 2 0 7 8 8 7 0 2 5 12 13 
2 0 7 6 4 3 1 2 5 9 8 8 7 6 4 3 10 13 
2 1 3 4 6 7 8 8 9 5 12 13 
2 0 7 8 13 10 3 1 3 10 13 8 8 9 5 12 13 
2 5 4 3 1 0 7 8 8 11 10 13 
2 1 2 5 9 8 8 9 5 12 11 10 13 
2 5 12 11 10 3 1 0 2 5 9 8 8 7 6 4 5 12 13 
2 5 9 8 13 10 3 1 2 5 9 8 8 9 5 12 11 10 13 
2 5 9 8 13 10 3 1 2 5 9 8 8 13 
2 5 12 11 10 3 1 3 10 11 8 8 13 
2 5 12 13 10 3 1 3 10 13 8 8 11 10 13 
2 5 9 8 7 0 1 2 0 7 8 8 7 6 4 3 10 13 
2 5 12 13 10 3 1 2 5 12 11 8 8 9 5 12 13 
2 0 7 8 13 10 3 1 3 4 6 7 8 8 9 5 4 3 10 13 
2 5 12 11 10 3 1 3 4 5 9 8 8 7 6 4 3 10 13 
2 5 4 6 7 0 1 3 10 13 8 8 13 
2 5 9 8 13 10 3 1 2 5 12 13 8 8 11 10 13 
2 5 4 3 1 0 2 5 9 8 8 9 5 4 3 10 13 
2 0 7 8 13 10 3 1 3 4 6 7 8 8 7 0 1 3 10 13 
2 5 4 6 7 0 1 3 10 11 8 8 13 
2 5 9 8 7 0 1 3 10 11 8 8 9 5 4 3 10 13 
2 5 12 11 10 3 1 3 10 13 8 8 7 0 1 3 10 13 
2 5 9 8 7 0 1 3 10 11 8 8 7 6 4 5 12 13 
2 0 7 6 4 3 1 2 0 7 8 8 13 
2 5 12 13 10 3 1 2 5 12 13 8 8 11 10 13 
2 5 9 8 13 10 3 1 0 7 8 8 7 6 4 5 12 13 
2 5 9 8 7 0 1 2 5 12 11 8 8 9 5 12 11 10 13 
2 5 12 13 10 3 1 3 10 13 8 8 7 0 2 5 12 13 
2 5 9 8 7 0 1 2 5 12 11 8 8 13 
2 0 7 6 4 3 1 2 0 7 8 8 7 6 4 3 10 13 
2 0 7 8 13 10 3 1 3 10 11 8 8 7 0 2 5 12 13 
2 1 3 10 11 8 8 7 6 4 5 12 13 
2 5 9 8 13 10 3 1 0 2 5 9 8 8 13 
2 1 2 0 7 8 8 9 5 12 11 10 13 
2 5 4 6 7 0 1 2 5 12 11 8 8 7 0 2 5 12 13 
2 5 4 6 7 0 1 0 2 5 9 8 8 9 5 12 13 
2 5 4 6 7 0 1 0 7 8 8 7 6 4 5 12 13 
---------------
Request id 6
4 3 10 13 8 7 0 2 
4 5 12 13 10 11 8 13 10 11 12 5 2 
4 3 10 13 8 11 10 3 1 2 
4 5 2 0 7 8 7 6 4 3 1 2 
4 5 12 13 8 9 5 2 
4 5 12 13 10 11 8 13 10 3 1 2 
4 5 9 8 7 6 4 3 1 2 
4 3 1 0 7 8 9 5 2 
4 3 1 0 7 8 7 0 2 
4 5 9 8 7 0 2 
4 5 12 13 8 7 6 4 3 1 2 
4 5 2 0 7 8 7 0 2 
4 3 10 11 8 13 10 11 12 5 2 
4 5 12 13 10 11 8 7 6 4 5 2 
4 3 10 13 8 13 12 5 2 
4 3 10 11 8 11 10 3 1 2 
4 5 12 13 10 11 8 11 12 5 2 
4 5 2 0 7 8 11 10 3 1 2 
4 3 1 0 7 8 7 6 4 3 1 2 
4 5 9 8 9 5 2 
4 3 10 13 8 7 6 4 5 2 
4 6 7 8 11 12 5 2 
4 5 12 11 8 7 6 4 3 1 2 
4 3 10 13 12 11 8 11 12 5 2 
4 5 12 13 8 11 12 5 2 
4 3 10 11 8 9 5 2 
4 5 12 11 8 7 0 1 2 
4 5 9 8 11 12 5 2 
4 6 7 8 13 10 11 12 5 2 
4 5 12 13 8 7 0 2 
4 3 10 13 12 11 8 7 6 4 5 2 
4 5 12 13 10 11 8 9 5 2 
4 6 7 8 13 10 3 1 2 
4 6 7 8 13 12 5 2 
4 5 12 11 8 9 5 2 
4 5 12 11 8 13 10 11 12 5 2 
4 5 12 13 10 11 8 13 12 5 2 
4 3 10 11 8 7 6 4 3 1 2 
4 5 2 0 7 8 13 10 3 1 2 
4 3 10 13 12 11 8 9 5 2 
---------------
Request id 28
12 11 10 13 8 8 11 10 3 1 2 5 9 
12 5 2 1 0 7 8 8 9 5 2 1 3 4 5 9 
12 5 4 3 10 13 8 8 13 10 3 1 3 10 13 8 9 
12 13 10 11 8 8 13 10 3 1 3 10 13 8 9 
12 5 4 3 10 13 8 8 7 0 1 3 10 11 8 9 
12 5 4 3 10 13 8 8 9 5 2 1 0 7 6 4 5 9 
12 11 8 8 9 5 2 1 2 5 9 
12 11 8 8 11 10 3 1 2 5 9 
12 5 2 1 0 7 8 8 11 10 3 1 0 2 5 9 
12 5 4 3 10 11 8 8 13 12 5 2 1 0 7 8 9 
12 5 4 6 7 8 8 7 6 4 3 1 0 7 6 4 5 9 
12 11 8 8 9 5 4 3 1 0 7 6 4 5 9 
12 13 10 11 8 8 7 6 4 3 1 0 2 5 9 
12 5 4 3 10 13 8 8 9 5 2 0 1 3 4 5 9 
12 5 4 6 7 8 8 13 10 3 1 0 7 6 4 5 9 
12 5 2 0 7 8 8 7 0 1 3 10 11 8 9 
12 5 9 8 8 9 5 2 0 1 0 2 5 9 
12 13 8 8 9 5 2 0 1 3 10 13 8 9 
12 13 8 8 13 12 5 2 1 3 10 11 8 9 
12 11 10 13 8 8 11 12 5 2 1 0 2 5 9 
12 5 2 0 7 8 8 11 12 5 2 1 3 10 13 8 9 
12 5 4 3 10 11 8 8 7 0 2 1 0 7 6 4 5 9 
12 5 4 3 10 11 8 8 13 10 3 1 2 0 7 8 9 
12 13 8 8 9 5 2 1 2 5 12 13 8 9 
12 5 4 3 10 13 8 8 7 0 2 1 0 7 6 4 5 9 
12 13 8 8 7 0 1 3 10 11 8 9 
12 5 4 6 7 8 8 7 0 1 2 5 12 13 8 9 
12 5 2 0 7 8 8 9 5 4 3 1 3 4 5 9 
12 5 4 3 10 13 8 8 9 5 4 3 1 0 7 8 9 
12 11 8 8 13 10 3 1 2 0 7 8 9 
12 5 2 0 7 8 8 13 12 5 2 1 0 7 6 4 5 9 
12 13 10 11 8 8 7 0 1 0 7 8 9 
12 11 8 8 9 5 2 0 1 0 7 8 9 
12 13 10 11 8 8 7 6 4 3 1 3 4 5 9 
12 5 4 6 7 8 8 11 10 3 1 2 5 12 13 8 9 
12 13 10 11 8 8 7 0 2 1 2 5 12 13 8 9 
12 5 2 1 0 7 8 8 11 10 3 1 0 7 6 4 5 9 
12 11 10 13 8 8 7 6 4 3 1 2 5 9 
12 11 8 8 7 6 4 3 1 0 7 8 9 
12 13 10 11 8 8 9 5 4 3 1 2 5 12 13 8 9 
---------------
Request id 1
13 10 3 4 6 7 8 7 0 2 1 1 0 7 8 11 12 5 2 
13 12 5 4 6 7 8 11 10 3 1 1 3 4 6 7 0 2 
13 10 3 4 5 9 8 13 10 3 1 1 2 
13 10 3 4 6 7 8 9 5 2 0 1 1 2 
13 10 3 4 6 7 8 9 5 2 0 1 1 3 10 13 8 9 5 2 
13 12 5 9 8 7 0 2 1 1 0 7 8 11 12 5 2 
13 12 5 2 0 7 8 7 0 1 1 0 7 8 9 5 2 
13 10 3 4 5 9 8 11 10 3 1 1 0 7 8 11 12 5 2 
13 10 11 8 13 12 5 2 1 1 2 
13 12 5 2 0 7 8 13 10 3 1 1 0 7 8 11 12 5 2 
13 12 11 8 9 5 4 3 1 1 3 4 6 7 0 2 
13 12 5 9 8 11 12 5 2 1 1 3 10 11 12 5 2 
13 10 11 8 9 5 4 3 1 1 2 
13 10 3 1 0 7 8 7 0 1 1 0 7 6 4 5 2 
13 10 11 12 5 9 8 9 5 2 0 1 1 0 2 
13 12 5 9 8 9 5 2 1 1 0 7 8 9 5 2 
13 10 3 1 0 7 8 7 0 1 1 3 4 5 2 
13 12 5 4 6 7 8 13 10 3 1 1 0 2 
13 12 5 4 6 7 8 7 6 4 3 1 1 0 7 6 4 5 2 
13 12 5 9 8 7 6 4 3 1 1 3 10 13 12 5 2 
13 12 5 4 6 7 8 13 10 3 1 1 3 4 5 2 
13 12 11 8 13 12 5 2 1 1 2 
13 12 5 9 8 11 12 5 2 1 1 0 7 8 11 12 5 2 
13 10 3 4 5 9 8 13 10 3 1 1 3 10 11 12 5 2 
13 12 5 4 6 7 8 13 10 3 1 1 0 7 8 9 5 2 
13 12 5 9 8 9 5 2 1 1 0 7 6 4 5 2 
13 12 5 2 0 7 8 7 6 4 3 1 1 0 2 
13 12 5 4 6 7 8 9 5 4 3 1 1 0 2 
13 12 5 4 6 7 8 7 0 1 1 3 10 11 12 5 2 
13 10 11 8 9 5 4 3 1 1 0 7 6 4 5 2 
13 10 11 8 9 5 2 1 1 3 4 6 7 0 2 
13 12 5 9 8 13 10 3 1 1 0 7 8 11 12 5 2 
13 12 11 8 13 12 5 2 1 1 0 7 6 4 5 2 
13 10 3 4 5 9 8 11 10 3 1 1 0 2 
13 10 11 12 5 9 8 13 12 5 2 1 1 3 4 6 7 0 2 
13 12 5 9 8 9 5 2 1 1 3 10 13 12 5 2 
13 12 11 8 9 5 4 3 1 1 3 10 11 12 5 2 
13 8 13 10 3 1 1 3 4 6 7 0 2 
13 10 3 4 6 7 8 13 10 3 1 1 3 10 13 12 5 2 
13 10 3 4 6 7 8 11 12 5 2 1 1 3 4 5 2 
---------------
Request id 13
4 3 1 0 7 8 13 10 3 
4 5 9 8 7 0 2 1 2 5 4 3 
4 3 1 2 5 9 8 13 10 3 
4 5 12 13 10 3 1 2 0 7 6 4 3 
4 5 12 11 8 7 0 1 0 2 5 4 3 
4 6 7 0 2 1 0 7 8 13 10 3 
4 6 7 0 1 0 7 8 11 10 3 
4 6 7 0 1 2 5 12 11 10 3 
4 6 7 0 1 2 5 9 8 13 10 3 
4 3 1 2 5 12 11 10 3 
4 5 2 1 0 2 5 4 3 
4 3 1 2 5 4 3 
4 5 9 8 7 0 2 1 3 
4 5 12 13 10 3 1 3 
4 5 9 8 7 0 2 1 2 0 7 6 4 3 
4 6 7 0 2 1 2 5 4 3 
4 5 12 13 10 3 1 2 5 12 11 10 3 
4 6 7 0 2 1 3 
4 5 9 8 7 0 2 1 2 5 9 8 13 10 3 
4 5 9 8 7 0 2 1 0 2 5 4 3 
4 5 12 13 10 3 1 2 5 9 8 13 10 3 
4 6 7 0 2 1 2 5 9 8 13 10 3 
4 6 7 0 1 2 5 4 3 
4 3 1 0 7 6 4 3 
4 5 2 0 1 0 2 5 4 3 
4 5 12 11 8 7 0 1 2 5 12 11 10 3 
4 5 12 13 10 3 1 0 2 5 4 3 
4 5 12 13 10 3 1 0 7 8 11 10 3 
4 5 9 8 7 0 2 1 2 5 12 11 10 3 
4 5 12 13 10 3 1 2 5 12 13 10 3 
4 5 2 1 2 5 4 3 
4 5 12 13 10 3 1 0 7 6 4 3 
4 5 2 0 1 0 7 6 4 3 
4 5 12 11 8 7 0 1 0 7 8 13 10 3 
4 5 2 1 0 7 8 13 10 3 
4 5 9 8 7 0 1 2 5 9 8 13 10 3 
4 5 9 8 7 0 1 0 7 6 4 3 
4 5 9 8 7 0 1 2 5 4 3 
4 6 7 0 2 1 0 7 8 11 10 3 
4 6 7 0 2 1 0 7 6 4 3 
---------------
Request id 7
6 4 5 2 1 2 5 12 13 10 
6 7 0 1 0 7 8 11 10 
6 7 0 2 5 4 3 1 2 5 4 3 10 
6 7 8 9 5 2 1 2 5 12 13 10 
6 4 5 2 1 0 7 8 13 10 
6 7 8 9 5 4 3 1 2 5 12 11 10 
6 7 8 11 10 3 1 2 0 7 8 13 10 
6 7 8 11 10 3 1 3 4 5 12 13 10 
6 7 0 1 3 4 5 12 13 10 
6 4 5 2 0 1 0 7 8 13 10 
6 7 8 9 5 4 3 1 2 5 9 8 11 10 
6 7 8 11 10 3 1 0 7 8 13 10 
6 7 8 11 10 3 1 3 10 
6 7 0 2 1 0 7 8 13 10 
6 4 3 1 2 5 12 13 10 
6 7 0 2 5 4 3 1 3 4 5 12 11 10 
6 7 0 1 3 4 5 12 11 10 
6 7 0 2 5 4 3 1 3 10 
6 7 0 1 0 7 8 13 10 
6 7 0 2 1 3 4 5 12 11 10 
6 7 0 2 1 2 5 12 13 10 
6 4 5 2 1 0 7 8 11 10 
6 4 5 2 1 2 5 9 8 11 10 
6 4 3 1 2 5 12 11 10 
6 7 8 9 5 4 3 1 2 5 4 3 10 
6 7 0 2 5 4 3 1 0 7 8 13 10 
6 7 8 9 5 4 3 1 3 4 5 12 13 10 
6 7 0 1 2 0 7 8 13 10 
6 7 8 13 10 3 1 2 0 7 8 13 10 
6 4 3 1 0 7 8 11 10 
6 4 5 2 0 1 2 5 9 8 11 10 
6 7 0 2 1 3 4 5 12 13 10 
6 4 3 1 3 4 5 12 11 10 
6 4 5 2 0 1 2 5 4 3 10 
6 7 8 13 10 3 1 2 5 12 13 10 
6 7 8 13 10 3 1 3 10 
6 4 5 2 1 3 10 
6 7 8 9 5 2 1 3 10 
6 7 0 2 1 2 0 7 8 13 10 
6 4 5 2 0 1 2 5 12 13 10 
---------------
