Request id 4
10 3 4 5 9 8 13 10 11 12 13 8 7 6 4 3 10 13 8 
10 11 8 9 5 12 13 8 7 6 4 3 10 11 12 13 8 7 6 4 3 10 11 8 
10 13 12 5 4 6 7 8 11 10 13 12 5 4 6 4 5 9 8 
10 3 4 5 9 8 13 12 5 4 3 10 11 12 13 8 7 6 4 5 9 8 
10 11 8 9 5 12 13 12 11 12 5 4 6 4 5 9 8 
10 11 12 13 12 5 4 6 7 8 11 10 3 4 6 4 3 10 11 8 
10 11 8 13 10 3 4 5 12 11 10 3 4 6 7 8 
10 11 8 13 10 3 4 5 9 8 11 12 5 4 6 4 5 12 13 8 
10 11 12 13 12 11 8 13 12 5 4 6 4 3 10 13 8 
10 11 12 13 12 5 4 6 7 8 11 8 7 6 7 0 2 5 12 13 8 
10 3 4 5 12 13 12 5 4 3 10 11 10 13 12 5 4 6 4 5 9 8 
10 11 12 5 9 8 13 10 3 4 5 12 11 8 7 6 4 5 12 13 8 
10 11 8 9 5 12 13 12 11 12 13 8 7 6 7 8 
10 11 12 5 9 8 13 12 11 10 3 4 6 4 3 1 0 7 8 
10 3 4 5 9 8 13 12 5 4 6 7 8 11 12 13 8 7 6 4 3 10 13 8 
10 3 4 6 7 8 13 10 11 12 5 2 0 7 6 4 5 2 0 7 8 
10 11 12 5 9 8 13 12 5 4 3 10 11 8 7 6 4 3 10 11 8 
10 13 8 7 6 4 3 10 11 12 5 4 6 4 3 10 13 8 
10 3 4 6 7 8 13 8 9 5 12 11 10 13 8 7 6 4 3 10 13 8 
10 3 1 2 5 12 13 10 3 4 5 12 11 8 7 6 4 5 12 13 8 
10 13 10 3 4 5 12 11 10 13 12 5 4 6 4 3 1 0 7 8 
10 3 1 2 5 12 13 8 7 6 4 3 10 11 12 13 8 7 6 4 5 9 8 
10 3 1 0 7 8 13 10 3 4 5 9 8 11 10 3 1 0 7 6 7 0 2 5 12 13 8 
10 3 1 0 7 8 13 10 3 4 5 12 11 8 9 5 4 6 7 0 2 5 12 13 8 
10 11 12 13 10 3 4 5 9 8 11 12 5 2 0 7 6 4 5 9 8 
10 3 1 0 7 8 13 8 11 8 7 6 7 0 2 5 9 8 
10 3 4 5 12 13 10 3 4 5 9 8 11 12 5 4 6 7 0 2 5 12 13 8 
10 13 12 5 4 3 10 11 10 13 12 5 4 6 4 3 10 11 8 
10 11 8 13 8 7 6 4 3 10 11 10 13 12 5 4 6 4 5 9 8 
10 11 8 9 5 12 13 8 7 6 4 3 10 11 10 13 12 5 4 6 4 3 10 11 8 
10 11 8 13 12 5 9 8 11 10 13 12 5 4 6 4 3 10 13 8 
10 3 4 5 9 8 13 12 11 10 13 12 5 4 6 7 0 2 5 12 13 8 
10 3 4 6 7 8 13 8 9 5 12 11 10 3 4 6 4 5 9 8 
10 3 4 6 7 8 13 12 5 9 8 11 8 9 5 4 6 4 5 9 8 
10 13 8 9 5 12 11 10 13 12 5 4 6 7 8 
10 3 1 0 7 8 13 10 3 4 5 12 11 12 13 8 7 6 4 3 10 13 8 
10 3 4 5 9 8 13 8 9 5 12 11 10 13 12 5 4 6 4 5 12 11 8 
10 11 8 13 10 3 4 5 12 11 12 13 8 7 6 7 8 
10 3 1 2 5 12 13 12 5 9 8 11 12 5 2 0 7 6 4 5 12 11 8 
10 11 12 13 8 11 8 9 5 4 6 4 5 12 11 8 
---------------
Request id 15
1 0 2 5 12 13 8 11 8 9 5 4 3 10 13 10 11 8 
1 2 0 7 8 13 12 5 9 8 11 10 13 12 5 4 6 7 8 
1 3 10 11 8 13 12 5 4 6 7 8 11 10 3 4 5 12 13 12 5 9 8 
1 0 2 5 12 13 8 11 10 3 4 5 9 8 13 12 5 4 6 7 8 
1 2 5 9 8 13 10 3 4 5 12 11 10 3 4 5 12 13 10 3 4 5 9 8 
1 0 2 5 12 13 12 5 4 6 7 8 11 10 13 12 11 8 
1 2 5 12 11 10 13 10 3 4 5 12 11 12 5 9 8 13 10 11 12 5 9 8 
1 3 10 13 12 5 9 8 11 10 13 12 5 2 0 7 8 
1 3 10 13 8 9 5 4 3 10 11 10 13 12 5 4 6 7 8 
1 2 5 9 8 13 10 11 10 3 4 5 9 8 13 12 11 8 
1 3 10 11 12 13 12 5 4 6 7 8 11 12 5 9 8 13 10 3 4 6 7 8 
1 0 2 5 12 13 12 5 9 8 11 12 5 9 8 13 12 5 2 0 7 8 
1 3 10 13 12 5 4 6 7 8 11 8 9 5 4 3 10 13 12 5 4 6 7 8 
1 2 5 12 11 10 13 12 5 4 3 10 11 8 9 5 12 13 8 
1 2 5 12 13 12 5 4 3 10 11 8 13 12 5 2 0 7 8 
1 3 10 13 12 11 10 3 4 5 9 8 13 10 3 4 5 9 8 
1 3 4 5 12 13 8 9 5 12 11 12 5 4 3 10 13 12 5 2 0 7 8 
1 3 10 13 12 5 4 6 7 8 11 12 5 9 8 13 12 5 9 8 
1 3 4 5 12 13 12 11 10 3 4 5 9 8 13 10 3 1 0 7 8 
1 3 10 11 8 13 12 11 8 9 5 12 13 10 3 1 0 7 8 
1 3 10 11 12 13 10 3 4 5 12 11 8 9 5 4 3 10 13 12 5 4 6 7 8 
1 2 5 12 13 12 5 4 6 7 8 11 10 3 4 5 12 13 8 
1 0 2 5 12 13 10 11 10 3 4 5 12 13 12 5 4 6 7 8 
1 3 10 13 8 9 5 4 3 10 11 10 3 4 5 12 13 10 11 8 
1 3 10 11 12 13 10 11 12 5 4 3 10 13 10 3 4 5 9 8 
1 2 0 7 8 13 12 11 8 9 5 4 3 10 13 10 11 8 
1 2 0 7 8 13 8 9 5 4 3 10 11 12 5 4 3 10 13 12 5 9 8 
1 2 0 7 8 13 8 9 5 4 3 10 11 8 13 12 5 4 6 7 8 
1 2 5 12 11 10 13 12 5 4 6 7 8 11 12 5 4 6 7 8 13 8 
1 3 10 11 8 13 12 11 12 5 9 8 13 10 3 4 6 7 8 
1 2 5 9 8 13 10 11 8 13 12 5 2 0 7 8 
1 2 0 7 8 13 8 11 10 13 12 5 2 0 7 8 
1 2 0 7 8 13 8 9 5 4 3 10 11 12 13 12 11 8 
1 0 2 5 12 13 12 5 4 3 10 11 12 5 4 6 7 8 13 12 5 4 6 7 8 
1 0 7 8 13 12 5 9 8 11 10 13 12 5 4 6 7 8 
1 3 10 13 12 11 12 5 4 6 7 8 13 8 
1 0 2 5 12 13 10 3 4 5 12 11 10 3 4 5 9 8 13 8 
1 3 10 11 8 13 12 5 9 8 11 10 13 10 3 4 5 9 8 
1 3 10 11 12 13 10 11 10 3 4 5 12 13 10 3 4 6 7 8 
1 3 10 11 12 13 8 11 8 9 5 4 3 10 13 10 3 4 6 7 8 
---------------
Request id 17
10 3 1 2 5 12 11 10 3 4 6 7 8 
10 3 4 5 12 11 12 5 9 8 
10 3 1 0 7 8 11 12 5 9 8 
10 3 4 5 9 8 11 8 
10 13 12 11 10 13 8 
10 11 12 5 4 6 7 8 
10 13 12 5 9 8 11 12 5 2 0 7 8 
10 3 4 5 12 11 12 5 4 6 7 8 
10 13 12 5 9 8 11 12 5 4 6 7 8 
10 13 8 11 8 
10 13 8 11 10 13 12 5 9 8 
10 13 12 11 12 13 8 
10 3 1 0 7 8 11 12 13 8 
10 13 12 5 9 8 11 10 3 4 5 9 8 
10 13 8 11 12 13 8 
10 13 8 9 5 12 11 12 5 9 8 
10 11 10 3 4 5 9 8 
10 13 12 5 9 8 11 12 13 8 
10 3 4 6 7 8 11 10 13 8 
10 13 12 11 12 5 2 0 7 8 
10 3 4 6 7 8 11 10 13 12 5 9 8 
10 13 8 9 5 12 11 10 13 8 
10 3 1 0 7 8 11 12 5 4 6 7 8 
10 3 1 0 7 8 11 12 5 2 0 7 8 
10 3 4 5 9 8 11 10 3 4 5 9 8 
10 3 4 5 12 11 12 5 2 0 7 8 
10 3 1 2 5 12 11 10 13 12 5 9 8 
10 3 4 5 12 11 10 3 4 5 9 8 
10 11 10 13 8 
10 3 4 5 9 8 11 12 13 8 
10 3 1 2 5 12 11 12 5 2 0 7 8 
10 11 10 3 1 0 7 8 
10 3 4 6 7 8 11 12 5 9 8 
10 13 8 11 12 5 2 0 7 8 
10 11 12 5 2 0 7 8 
10 13 12 5 9 8 11 10 13 8 
10 13 12 11 10 3 1 0 7 8 
10 13 8 11 12 5 4 6 7 8 
10 3 1 2 5 12 11 12 5 4 6 7 8 
10 13 12 5 9 8 11 10 3 4 6 7 8 
---------------
Request id 7
2 5 9 8 11 12 13 8 7 6 7 8 13 10 
2 1 3 10 11 8 9 8 13 12 13 8 9 5 4 6 7 8 13 10 
2 1 3 4 5 9 8 13 10 11 12 13 8 9 5 4 6 7 0 2 1 3 10 
2 0 1 3 4 5 9 5 12 11 10 3 4 6 4 5 12 11 10 
2 5 12 13 8 9 8 13 12 5 9 8 7 6 4 5 2 1 3 10 
2 0 7 8 9 8 7 0 2 5 12 13 10 3 4 6 4 3 10 
2 5 9 8 11 10 3 4 5 12 11 8 9 5 4 6 7 8 13 12 11 10 
2 5 4 6 7 8 9 5 12 13 10 3 4 6 7 8 13 10 
2 5 9 5 4 3 10 13 12 5 2 0 7 6 7 0 1 3 10 
2 5 9 8 11 10 3 4 5 12 11 8 9 5 4 6 4 5 2 1 3 10 
2 5 12 13 8 9 8 7 0 2 5 12 5 2 0 7 6 4 5 2 1 3 10 
2 0 7 6 4 5 9 5 4 3 10 13 12 5 2 0 7 6 7 8 11 12 13 10 
2 5 9 8 13 12 13 8 7 6 7 8 11 10 
2 5 4 6 7 8 9 8 11 10 13 12 13 10 3 4 6 7 8 13 10 
2 0 7 6 4 5 9 8 7 6 4 5 12 13 10 3 4 6 4 3 10 
2 5 9 5 12 11 10 3 4 6 7 8 13 10 
2 1 0 7 8 9 8 13 10 11 12 11 10 3 4 6 7 0 2 1 3 10 
2 1 3 4 5 9 8 7 6 4 5 12 13 8 9 5 4 6 7 8 13 10 
2 0 7 8 9 8 11 10 3 4 5 12 5 2 0 7 6 4 5 2 1 3 10 
2 0 7 8 9 8 7 6 4 5 12 11 8 7 6 4 5 12 13 10 
2 5 4 6 7 8 9 8 13 10 11 12 11 10 3 4 6 4 5 12 13 10 
2 5 9 8 7 6 4 5 12 13 8 7 6 4 5 12 11 10 
2 0 7 6 4 5 9 5 4 3 10 13 12 13 8 7 6 4 5 12 11 10 
2 1 3 10 11 8 9 8 13 10 11 12 13 8 7 6 7 8 13 10 
2 0 7 6 4 5 9 8 11 10 13 12 13 8 7 6 7 0 2 1 3 10 
2 1 3 4 5 9 8 7 6 4 5 12 5 4 6 7 8 11 10 
2 5 9 8 11 10 13 12 11 10 3 4 6 7 8 13 12 11 10 
2 5 12 11 8 9 5 4 3 10 11 12 11 10 3 4 6 4 3 10 
2 5 12 13 8 9 8 11 12 13 10 3 4 6 7 8 13 12 11 10 
2 0 7 6 4 5 9 8 13 12 11 10 13 8 7 6 7 0 1 3 10 
2 1 3 10 11 8 9 8 7 6 4 5 12 11 10 13 8 7 6 4 5 2 1 3 10 
2 0 1 3 4 5 9 5 4 3 10 13 12 11 10 3 4 6 7 0 2 1 3 10 
2 0 1 3 4 5 9 8 7 0 2 5 12 13 8 9 5 4 6 4 3 10 
2 1 0 7 8 9 5 12 5 9 8 7 6 7 8 13 12 11 10 
2 0 7 6 4 5 9 8 7 0 2 5 12 11 8 9 5 4 6 4 5 2 1 3 10 
2 1 3 4 5 9 8 7 6 4 5 12 11 8 9 5 4 6 4 3 10 
2 5 12 13 8 9 5 4 3 10 11 12 13 10 3 4 6 7 8 11 10 
2 5 9 8 11 12 5 9 8 7 6 4 5 12 13 10 
2 0 1 3 4 5 9 8 11 10 3 4 5 12 11 10 13 8 7 6 7 0 2 1 3 10 
2 1 3 10 11 8 9 8 13 12 11 10 13 8 7 6 7 0 1 3 10 
---------------
Request id 5
0 2 5 12 11 8 7 6 7 0 2 5 12 13 8 
0 7 6 4 3 10 13 8 
0 7 8 11 10 3 4 6 4 5 9 8 
0 7 8 9 5 4 6 7 0 2 5 12 13 8 
0 1 3 4 6 4 5 12 11 8 
0 2 5 9 8 7 6 4 3 10 11 8 
0 1 3 10 11 8 7 6 4 5 2 0 7 8 
0 1 3 4 6 4 5 12 13 8 
0 2 5 4 6 7 0 2 5 12 13 8 
0 1 2 5 4 6 4 5 12 13 8 
0 2 1 3 4 6 4 5 12 11 8 
0 1 3 4 6 4 3 10 13 8 
0 2 5 9 8 7 6 4 3 10 13 8 
0 2 5 12 11 8 7 6 4 3 1 0 7 8 
0 1 3 10 11 8 7 6 7 8 
0 2 5 4 6 4 3 10 13 8 
0 7 6 4 5 2 0 7 8 
0 7 8 9 5 4 6 4 5 12 11 8 
0 7 8 9 5 4 6 4 3 10 11 8 
0 2 1 3 4 6 4 5 2 0 7 8 
0 1 3 10 11 8 7 6 7 0 2 5 9 8 
0 7 6 7 0 2 5 12 13 8 
0 7 8 11 10 3 4 6 4 3 1 0 7 8 
0 2 5 12 11 8 7 6 7 8 
0 2 5 4 6 4 5 2 0 7 8 
0 7 8 9 5 4 6 4 3 10 13 8 
0 2 5 12 11 8 7 6 4 3 10 11 8 
0 7 8 11 10 3 4 6 7 0 2 5 9 8 
0 7 6 7 0 2 5 9 8 
0 1 2 5 4 6 7 8 
0 1 2 5 4 6 4 3 10 11 8 
0 2 1 3 4 6 4 5 12 13 8 
0 1 3 4 6 4 3 1 0 7 8 
0 1 3 4 6 7 8 
0 7 8 11 10 3 4 6 7 8 
0 2 1 3 4 6 4 3 10 11 8 
0 7 8 9 5 4 6 7 8 
0 7 8 9 5 4 6 4 3 1 0 7 8 
0 2 1 3 4 6 4 3 10 13 8 
0 1 3 10 11 8 7 6 4 3 1 0 7 8 
---------------
Request id 18
3 10 11 8 13 8 7 0 2 5 12 11 10 3 1 2 
3 10 11 12 13 10 11 8 9 5 12 13 10 3 1 2 
3 1 2 5 12 13 8 9 5 12 11 8 7 0 2 
3 4 5 12 13 8 7 0 1 2 5 12 13 8 7 0 2 
3 1 0 7 8 13 8 11 12 11 8 7 0 2 
3 1 2 5 12 13 10 3 4 5 12 13 10 3 4 5 2 
3 4 5 12 13 8 7 6 4 5 12 11 8 9 5 2 
3 4 5 12 11 8 13 8 7 0 2 5 12 13 8 9 5 2 
3 4 6 7 8 13 10 11 8 9 5 12 11 10 3 1 2 
3 4 6 7 8 13 12 11 10 3 1 2 
3 10 11 12 13 8 7 0 1 2 5 12 13 10 3 4 5 2 
3 1 2 5 12 13 8 7 6 4 5 12 11 8 9 5 2 
3 4 5 12 13 8 9 5 12 5 4 3 1 2 
3 10 13 10 11 12 5 2 
3 10 11 12 13 10 3 1 2 5 12 5 4 3 1 2 
3 1 2 5 12 13 8 7 0 1 2 5 12 5 2 
3 10 11 12 13 8 9 5 12 5 4 3 1 0 2 
3 10 11 8 13 10 11 8 9 5 12 11 8 7 0 2 
3 4 5 12 11 8 13 8 11 12 13 8 9 5 2 
3 10 13 10 11 12 13 8 9 5 2 
3 10 13 8 7 0 1 2 5 12 11 8 9 5 2 
3 4 5 12 13 10 11 12 5 2 
3 4 5 12 13 8 9 5 12 13 10 3 4 5 2 
3 1 2 5 9 8 13 10 3 4 5 12 5 4 3 1 2 
3 4 5 9 8 13 8 9 5 12 11 8 7 0 2 
3 10 11 8 13 8 11 12 13 8 9 5 2 
3 10 11 8 13 10 3 1 2 5 12 13 10 3 1 2 
3 10 11 8 13 8 7 0 1 2 5 12 13 10 3 1 2 
3 10 11 12 13 8 7 0 2 5 12 5 4 3 1 2 
3 1 2 5 12 13 8 7 0 2 5 12 11 8 7 0 2 
3 4 5 12 13 8 11 12 13 10 3 1 2 
3 4 6 7 8 13 8 7 0 1 2 5 12 13 8 9 5 2 
3 1 0 7 8 13 12 5 4 3 1 0 2 
3 4 5 12 13 10 11 8 9 5 12 13 8 7 0 2 
3 10 13 8 11 12 5 4 3 1 0 2 
3 10 11 8 13 8 7 0 1 2 5 12 13 10 3 4 5 2 
3 10 13 8 9 5 12 13 10 3 1 2 
3 4 5 12 11 8 13 10 11 8 9 5 12 5 4 3 1 2 
3 1 2 5 12 13 8 7 6 4 5 12 11 8 7 0 2 
3 4 6 7 8 13 10 11 12 11 8 9 5 2 
---------------
Request id 8
1 2 5 12 11 12 5 9 8 11 8 7 0 2 1 3 
1 3 10 11 8 13 12 5 2 0 7 8 11 8 7 6 4 3 
1 3 10 13 12 11 8 7 0 2 5 12 5 9 8 13 10 11 8 7 0 1 3 
1 2 5 9 8 11 10 13 12 13 8 11 10 3 
1 0 7 8 13 10 11 8 9 5 12 5 2 0 7 8 11 10 13 12 5 4 3 
1 3 10 11 10 13 12 5 4 3 10 11 8 7 6 4 3 
1 2 5 9 8 11 10 3 1 2 5 12 13 8 11 8 7 6 4 3 
1 0 7 8 11 12 5 2 1 3 10 11 12 5 4 3 
1 2 0 7 8 11 8 7 0 2 5 12 5 4 3 10 11 8 13 10 3 
1 0 7 8 11 10 13 8 9 5 12 13 10 11 8 7 0 2 1 3 
1 0 2 5 12 11 12 5 4 3 10 11 8 13 10 3 
1 3 10 13 8 11 10 13 8 9 5 12 5 9 8 11 8 7 0 1 3 
1 0 7 8 13 10 11 12 5 2 0 7 8 11 12 5 4 3 
1 0 7 8 13 10 11 8 13 12 5 2 0 7 8 11 8 7 0 1 3 
1 0 2 5 12 11 8 7 0 2 5 12 5 9 8 11 10 3 
1 0 7 8 13 10 11 8 7 0 2 5 12 5 9 8 11 8 13 10 3 
1 0 2 5 12 11 10 3 1 0 2 5 12 5 2 0 7 8 11 8 13 10 3 
1 3 10 11 8 13 12 5 9 8 11 12 13 10 3 
1 0 2 5 12 11 10 13 8 9 5 12 5 4 3 10 11 8 9 5 4 3 
1 2 5 12 11 8 13 12 5 9 8 11 12 13 10 3 
1 0 7 8 13 10 11 8 7 6 4 5 12 5 2 0 1 3 10 11 8 7 0 1 3 
1 3 10 13 12 11 12 5 2 1 3 10 11 12 5 4 3 
1 0 2 5 12 11 8 9 5 12 5 2 0 7 8 11 12 5 4 3 
1 3 10 13 12 11 10 13 12 13 10 11 8 7 0 2 1 3 
1 3 10 13 8 11 12 5 2 1 3 10 11 8 7 0 2 1 3 
1 0 7 8 13 10 11 8 9 5 12 5 4 3 10 11 8 9 5 4 3 
1 3 10 11 12 13 10 11 8 9 5 4 3 
1 0 2 5 12 11 10 13 12 13 8 11 8 7 0 1 3 
1 3 10 11 12 5 4 3 10 11 8 7 6 4 3 
1 0 2 5 12 11 8 13 12 5 9 8 13 10 11 10 3 
1 0 7 8 13 10 11 8 9 5 12 5 9 8 13 10 11 12 5 4 3 
1 3 10 13 12 11 10 3 1 2 5 12 5 9 8 11 12 13 10 3 
1 3 10 13 8 11 8 13 12 5 9 8 11 12 5 4 3 
1 2 5 12 11 10 3 4 5 12 11 8 13 10 3 
1 2 5 12 11 12 5 9 8 13 10 11 8 7 0 2 1 3 
1 3 10 13 8 11 10 13 8 9 5 12 5 9 8 13 10 11 8 7 6 4 3 
1 0 7 8 11 8 7 6 4 5 12 5 4 6 7 8 11 10 3 
1 2 5 9 8 11 8 9 5 12 5 2 0 1 3 10 11 8 7 0 2 1 3 
1 3 10 13 12 11 10 13 12 5 2 1 3 10 11 8 7 0 1 3 
1 3 10 13 8 11 10 3 1 0 2 5 12 5 4 6 7 8 11 8 7 0 2 1 3 
---------------
Request id 3
2 5 12 13 10 11 8 7 6 7 8 9 5 2 0 
2 5 12 13 10 3 1 0 7 6 4 3 1 0 
2 1 0 7 8 13 12 11 8 7 6 7 8 9 5 2 1 0 
2 5 12 11 10 13 8 11 12 5 4 6 4 3 1 0 
2 5 4 3 10 13 12 11 8 7 6 7 0 
2 5 9 8 13 12 5 4 6 4 5 12 11 8 7 0 
2 1 0 7 8 13 10 3 4 6 4 3 1 0 
2 0 7 8 11 10 13 8 7 6 4 3 10 11 8 7 0 
2 5 12 11 10 13 12 11 10 3 4 6 7 8 9 5 2 1 0 
2 5 12 11 10 13 12 11 8 7 6 4 5 9 8 7 0 
2 0 7 8 13 10 11 8 7 6 7 8 9 5 2 0 
2 5 9 8 13 8 9 5 4 6 4 3 1 2 0 
2 5 4 3 10 13 8 7 6 4 5 12 11 8 7 0 
2 1 0 7 8 13 8 7 6 7 8 9 5 2 0 
2 5 12 13 8 11 12 5 4 6 4 3 1 0 
2 1 0 7 8 13 12 11 10 3 4 6 4 5 2 0 
2 0 7 8 11 10 13 12 5 9 8 7 6 7 8 9 5 2 0 
2 1 3 10 13 10 3 4 6 4 3 1 0 
2 5 12 13 8 11 12 5 4 6 4 5 2 1 0 
2 5 12 11 10 13 10 3 1 0 7 6 7 0 
2 0 1 3 10 13 12 11 10 3 4 6 7 8 9 5 2 0 
2 0 1 3 10 13 12 5 9 8 7 6 7 0 
2 1 0 7 8 13 8 11 12 5 4 6 4 3 1 0 
2 0 7 8 13 10 3 4 6 4 5 2 1 0 
2 0 1 3 10 13 12 11 8 7 6 4 3 1 0 
2 0 7 8 11 10 13 8 7 6 4 3 1 0 
2 5 12 11 8 13 10 3 4 6 4 5 12 11 8 7 0 
2 5 12 11 8 13 12 11 8 7 6 7 0 
2 5 9 8 13 8 11 12 5 4 6 7 0 
2 1 0 7 8 13 10 3 4 6 4 5 2 0 
2 0 7 8 13 12 5 4 6 7 8 9 5 2 1 0 
2 5 12 11 10 13 8 7 6 4 3 10 11 8 7 0 
2 1 0 7 8 13 10 3 1 0 7 6 4 5 12 11 8 7 0 
2 5 9 8 13 10 11 8 7 6 4 3 1 2 0 
2 5 12 11 8 13 12 11 10 3 4 6 4 5 2 0 
2 1 0 7 8 13 8 7 6 4 5 2 1 0 
2 0 1 3 10 13 12 5 9 8 7 6 4 5 12 11 8 7 0 
2 5 12 11 8 13 8 11 12 5 4 6 4 3 1 2 0 
2 5 9 8 13 10 11 8 7 6 4 5 9 8 7 0 
2 1 3 10 13 12 11 10 3 4 6 4 5 12 11 8 7 0 
---------------
Request id 6
0 2 1 3 4 6 7 8 13 12 5 9 5 12 13 10 
0 2 1 3 4 6 7 0 1 2 5 9 8 7 0 1 3 10 
0 7 6 7 8 11 12 5 9 5 2 1 3 10 
0 1 2 5 9 8 7 6 4 5 12 11 8 9 8 13 12 11 10 
0 7 6 7 8 11 12 5 9 5 12 11 10 
0 7 6 7 8 13 12 5 9 5 12 11 10 
0 2 5 4 6 7 0 2 5 9 5 12 11 10 
0 7 8 9 5 4 6 4 3 10 11 8 9 5 12 11 10 
0 2 5 12 13 8 7 6 7 0 2 5 9 8 11 10 
0 2 1 3 4 6 4 3 10 13 8 9 8 11 10 
0 7 6 4 3 10 11 8 9 5 12 11 10 
0 2 5 9 8 7 6 7 0 1 2 5 9 8 13 12 11 10 
0 1 3 4 6 4 5 12 11 8 9 5 12 13 8 11 10 
0 2 5 4 6 4 5 9 8 13 12 11 10 
0 1 3 4 6 7 0 2 5 9 5 4 3 10 
0 2 5 9 8 7 6 7 8 9 5 12 11 10 
0 2 5 4 6 4 3 10 11 8 9 8 13 12 11 10 
0 7 8 13 10 3 4 6 7 8 13 12 5 9 8 7 0 1 3 10 
0 1 2 5 4 6 7 0 1 2 5 9 8 11 10 
0 1 2 5 4 6 4 5 12 13 8 9 5 2 1 3 10 
0 2 5 12 13 8 7 6 7 8 13 12 5 9 5 12 13 8 11 10 
0 7 8 13 10 3 4 6 4 3 10 13 8 9 8 7 0 1 3 10 
0 7 8 9 5 4 6 4 5 12 13 8 9 8 7 0 1 3 10 
0 2 5 9 8 7 6 4 5 12 11 8 9 5 12 11 10 
0 2 5 4 6 7 0 2 5 9 5 12 13 8 11 10 
0 2 5 12 13 8 7 6 4 5 12 13 8 9 5 12 13 8 11 10 
0 2 5 12 13 8 7 6 4 5 12 11 8 9 5 4 3 10 
0 2 1 3 4 6 4 5 12 11 8 9 8 13 12 11 10 
0 1 3 4 6 4 5 12 13 8 9 8 11 12 13 10 
0 7 8 13 10 3 4 6 7 0 1 2 5 9 5 12 13 10 
0 2 5 9 8 7 6 7 0 2 5 9 8 13 12 11 10 
0 7 8 13 10 3 4 6 7 0 1 2 5 9 5 4 3 10 
0 2 1 3 4 6 4 3 10 11 8 9 8 11 10 
0 2 1 3 4 6 4 3 10 13 8 9 8 11 12 13 10 
0 2 5 12 13 8 7 6 4 5 12 13 8 9 5 12 13 10 
0 7 8 9 5 4 6 4 5 12 13 8 9 5 12 13 10 
0 7 6 7 8 9 5 12 13 8 11 10 
0 2 5 12 13 8 7 6 7 8 13 12 5 9 5 2 1 3 10 
0 2 5 9 8 7 6 7 8 9 8 7 0 1 3 10 
0 7 8 13 10 3 4 6 7 8 9 5 12 11 10 
---------------
Request id 14
0 7 8 9 5 12 5 4 6 7 0 1 
0 1 3 10 13 12 5 2 1 
0 1 2 5 12 5 9 8 7 0 1 
0 1 3 10 13 12 5 2 0 1 
0 7 8 13 12 11 8 13 10 3 1 
0 7 8 11 12 11 10 3 1 
0 1 3 10 11 12 5 4 6 7 0 1 
0 1 3 10 11 12 11 8 7 0 1 
0 1 3 10 11 12 13 8 7 0 1 
0 1 3 10 13 12 11 10 3 1 
0 1 3 4 5 12 5 2 0 1 
0 1 2 5 12 5 2 0 1 
0 2 5 12 5 4 6 7 0 1 
0 1 3 4 5 12 5 4 6 7 0 1 
0 7 8 11 12 11 8 7 0 1 
0 7 8 13 12 13 10 3 1 
0 2 1 3 10 13 12 11 8 13 10 3 1 
0 2 5 12 11 8 13 10 3 1 
0 1 3 10 13 12 11 8 7 0 1 
0 1 3 10 13 12 13 8 7 0 1 
0 7 8 9 5 12 13 8 7 0 1 
0 1 3 10 11 12 5 2 1 
0 1 3 4 5 12 13 10 3 1 
0 2 5 12 11 10 3 1 
0 7 8 13 12 11 10 3 1 
0 1 2 5 12 11 8 7 0 1 
0 7 6 4 5 12 13 8 7 0 1 
0 7 8 11 12 13 8 7 0 1 
0 2 1 3 10 13 12 5 2 1 
0 7 8 9 5 12 11 8 7 0 1 
0 2 1 3 10 13 12 13 8 7 0 1 
0 7 6 4 5 12 5 2 1 
0 7 8 13 12 5 4 3 1 
0 1 3 4 5 12 5 9 8 7 0 1 
0 7 8 13 12 11 8 7 0 1 
0 1 2 5 12 11 8 13 10 3 1 
0 7 6 4 5 12 5 9 8 7 0 1 
0 7 8 13 12 5 2 1 
0 2 5 12 13 8 7 0 1 
0 2 5 12 5 4 3 1 
---------------
Request id 10
2 5 12 5 9 8 13 10 11 12 5 9 8 
2 1 0 7 8 11 12 5 9 8 11 8 
2 1 0 7 8 11 12 5 4 3 10 11 12 5 4 6 7 8 
2 0 7 8 13 12 13 10 11 10 3 4 5 9 8 
2 0 7 8 13 12 13 8 11 10 13 12 5 9 8 
2 5 9 8 11 12 5 9 8 13 10 11 10 3 4 5 9 8 
2 1 3 10 11 12 13 10 11 12 5 9 8 
2 1 3 10 13 12 13 10 11 10 13 12 5 9 8 
2 1 3 10 11 12 5 4 3 10 11 10 3 4 5 9 8 
2 5 12 5 4 3 10 11 12 5 9 8 
2 0 7 6 4 5 12 5 9 8 11 10 3 1 0 7 8 
2 0 7 8 13 12 5 2 1 3 10 11 12 5 4 6 7 8 
2 1 3 10 13 12 5 9 8 13 10 11 12 5 2 0 7 8 
2 5 9 8 13 12 13 8 11 12 13 8 
2 1 0 7 8 11 12 5 4 3 10 11 10 13 8 
2 5 12 5 2 0 7 8 11 8 
2 1 3 4 5 12 5 2 0 1 3 10 11 12 5 4 6 7 8 
2 5 9 8 11 12 5 2 0 1 3 10 11 10 13 8 
2 0 7 6 4 5 12 5 4 3 10 11 12 5 2 0 7 8 
2 5 9 8 11 12 5 2 0 7 8 11 10 13 8 
2 1 3 4 5 12 5 9 8 11 8 
2 1 3 10 11 12 5 9 8 13 10 11 12 13 8 
2 0 7 6 4 5 12 5 2 1 3 10 11 10 3 4 6 7 8 
2 0 7 8 11 12 5 4 3 10 11 10 3 4 5 9 8 
2 1 0 7 8 11 12 5 9 8 11 10 3 4 5 9 8 
2 1 3 4 5 12 13 10 11 12 13 8 
2 1 3 10 11 12 11 10 13 12 5 9 8 
2 1 3 10 13 12 5 2 1 3 10 11 12 5 4 6 7 8 
2 1 0 7 8 11 12 5 2 0 1 3 10 11 10 3 4 6 7 8 
2 1 3 10 13 12 5 9 8 11 12 13 8 
2 0 7 8 13 12 5 2 0 1 3 10 11 12 5 4 6 7 8 
2 0 7 6 4 5 12 5 2 0 7 8 11 10 3 1 0 7 8 
2 1 3 10 11 12 13 8 11 8 
2 1 3 10 11 12 13 10 11 10 3 4 5 9 8 
2 0 7 8 11 12 11 8 
2 5 9 8 11 12 5 9 8 11 8 
2 5 9 8 11 12 5 2 1 3 10 11 12 5 4 6 7 8 
2 5 12 5 4 6 7 8 11 12 5 9 8 
2 5 12 5 2 1 3 10 11 12 5 9 8 
2 5 12 5 2 0 1 3 10 11 10 3 4 6 7 8 
---------------
Request id 16
10 3 1 0 7 8 11 12 5 2 0 
10 3 1 0 7 8 11 10 3 1 2 0 
10 13 8 9 5 12 11 8 7 0 
10 13 12 11 12 13 8 7 0 
10 13 12 11 8 7 0 
10 3 4 5 9 8 11 12 5 2 0 
10 3 4 6 7 8 11 10 3 4 6 7 0 
10 13 12 5 9 8 11 12 5 2 1 0 
10 3 4 5 12 11 8 13 10 3 1 0 
10 13 8 11 12 5 2 0 
10 11 10 3 4 6 7 0 
10 13 8 11 12 13 8 7 0 
10 3 1 2 5 12 11 10 3 4 6 7 0 
10 13 12 11 10 3 1 0 
10 13 12 11 10 13 8 7 0 
10 3 1 2 5 12 11 12 5 2 0 
10 3 1 2 5 12 11 8 9 5 2 0 
10 3 1 0 7 8 11 12 13 8 7 0 
10 13 12 5 9 8 11 10 3 4 6 7 0 
10 3 1 0 7 8 11 10 3 4 6 7 0 
10 3 1 2 5 12 11 12 5 2 1 0 
10 13 12 11 8 13 10 3 1 0 
10 3 4 5 12 11 10 3 1 2 0 
10 13 12 5 9 8 11 8 13 10 3 1 0 
10 13 8 9 5 12 11 8 13 10 3 1 0 
10 11 10 3 1 0 
10 13 12 5 9 8 11 12 5 2 0 
10 13 8 9 5 12 11 12 13 8 7 0 
10 13 12 11 12 5 2 0 
10 13 12 11 8 9 5 2 0 
10 13 8 9 5 12 11 10 3 1 2 0 
10 3 4 5 12 11 8 7 0 
10 3 4 6 7 8 11 8 7 0 
10 3 4 5 12 11 10 3 4 6 7 0 
10 3 1 0 7 8 11 8 9 5 2 0 
10 13 8 11 10 3 4 6 7 0 
10 3 4 6 7 8 11 12 5 2 0 
10 13 12 11 12 5 2 1 0 
10 13 8 11 10 3 1 0 
10 3 4 6 7 8 11 8 13 10 3 1 0 
---------------
Request id 19
10 3 1 0 7 8 13 10 11 11 8 7 0 
10 11 8 13 12 5 4 6 7 8 11 11 12 13 8 7 0 
10 3 4 5 12 13 8 7 6 4 3 10 11 11 10 3 1 2 0 
10 11 8 9 5 12 13 10 3 4 5 12 11 11 10 3 1 2 0 
10 11 8 13 10 3 4 5 9 8 11 11 12 5 2 0 
10 3 1 0 7 8 13 10 3 4 5 12 11 11 12 13 8 7 0 
10 13 12 5 4 3 10 11 11 10 3 1 2 0 
10 3 4 5 12 13 10 3 4 5 12 11 11 8 13 10 3 1 0 
10 11 8 9 5 12 13 8 9 5 12 11 11 10 3 1 0 
10 13 10 3 4 5 12 11 11 12 5 2 1 0 
10 11 12 5 9 8 13 10 3 4 5 9 8 11 11 12 13 8 7 0 
10 11 12 5 9 8 13 10 11 11 10 3 1 0 
10 3 4 5 12 13 12 5 4 6 7 8 11 11 10 3 1 0 
10 3 4 5 12 13 12 5 9 8 11 11 12 5 2 1 0 
10 11 8 9 5 12 13 12 5 4 6 7 8 11 11 10 3 4 6 7 0 
10 3 4 5 9 8 13 8 11 11 10 13 8 7 0 
10 11 12 13 10 3 4 5 12 11 11 12 5 2 1 0 
10 11 12 5 9 8 13 10 3 4 5 9 8 11 11 8 7 0 
10 3 1 2 5 12 13 10 11 11 8 9 5 2 0 
10 3 1 2 5 12 13 8 9 5 12 11 11 10 3 1 0 
10 3 1 2 5 12 13 8 7 6 4 3 10 11 11 10 3 4 6 7 0 
10 11 8 9 5 12 13 12 11 11 8 13 10 3 1 0 
10 3 4 5 9 8 13 8 7 6 4 3 10 11 11 8 13 10 3 1 0 
10 11 8 13 12 11 11 10 3 1 2 0 
10 3 4 5 12 13 8 9 5 12 11 11 8 13 10 3 1 0 
10 11 8 9 5 12 13 12 5 9 8 11 11 8 13 10 3 1 0 
10 3 1 0 7 8 13 10 11 11 10 13 8 7 0 
10 3 4 5 12 13 12 5 4 3 10 11 11 8 13 10 3 1 0 
10 3 1 2 5 12 13 8 9 5 12 11 11 10 3 1 2 0 
10 3 4 5 9 8 13 12 11 11 12 13 8 7 0 
10 11 8 13 10 3 4 5 9 8 11 11 12 5 2 1 0 
10 3 1 0 7 8 13 12 11 11 12 13 8 7 0 
10 11 12 13 12 11 11 10 3 1 2 0 
10 11 8 13 8 9 5 12 11 11 12 5 2 1 0 
10 13 10 11 11 12 5 2 0 
10 3 1 2 5 12 13 8 7 6 4 3 10 11 11 12 13 8 7 0 
10 13 8 9 5 12 11 11 12 5 2 0 
10 11 12 13 12 5 4 6 7 8 11 11 10 3 4 6 7 0 
10 3 1 2 5 12 13 10 3 4 5 9 8 11 11 8 7 0 
10 11 8 13 10 3 4 5 12 11 11 8 7 0 
---------------
Request id 9
2 5 12 11 8 13 12 5 4 6 4 5 12 11 8 13 10 11 12 5 
2 0 1 3 10 13 8 7 6 7 8 9 5 12 13 12 11 8 9 5 
2 5 12 11 8 13 10 3 1 0 7 6 7 0 2 5 12 13 8 7 6 4 5 
2 1 3 10 13 10 11 8 7 6 7 8 13 10 11 12 5 
2 0 7 8 13 12 5 9 8 7 6 7 8 11 12 13 10 11 12 5 
2 5 9 8 13 10 11 12 5 4 6 7 8 13 10 3 4 5 
2 1 3 10 13 8 7 6 7 8 11 10 13 12 5 
2 5 12 11 10 13 10 3 4 6 4 5 12 13 8 7 6 4 5 
2 0 1 3 10 13 12 5 4 6 7 0 1 3 10 13 10 11 12 5 
2 1 3 10 13 10 11 8 7 6 7 8 11 12 13 8 11 12 5 
2 5 9 8 13 8 7 6 4 5 12 13 10 3 4 5 
2 1 0 7 8 13 8 9 5 4 6 7 8 9 5 12 13 8 9 5 
2 1 0 7 8 13 12 5 4 6 4 5 12 13 10 3 4 5 
2 5 4 3 10 13 8 9 5 4 6 7 8 9 5 12 13 10 3 4 5 
2 0 7 8 11 10 13 12 5 9 8 7 6 4 5 12 13 8 7 0 2 5 
2 0 7 8 11 10 13 12 11 8 7 6 4 5 9 8 13 8 9 5 
2 1 3 10 13 10 11 12 5 4 6 7 8 13 10 3 1 2 5 
2 5 4 3 10 13 12 11 8 7 6 4 5 12 11 8 13 8 7 0 2 5 
2 0 7 8 13 8 7 6 7 8 13 8 7 6 4 5 
2 0 1 3 10 13 10 11 8 7 6 4 5 12 11 8 13 8 11 12 5 
2 0 7 8 11 10 13 8 7 6 7 8 13 10 3 4 5 
2 5 12 13 10 3 4 6 7 8 11 10 13 10 3 4 5 
2 5 12 11 8 13 10 11 8 7 6 4 5 12 13 8 9 5 
2 0 1 3 10 13 8 11 12 5 4 6 4 3 10 13 12 11 8 9 5 
2 5 12 13 12 5 9 8 7 6 7 8 13 10 3 4 5 
2 5 4 3 10 13 12 11 8 7 6 7 0 2 5 12 13 8 9 5 
2 5 12 13 8 11 12 5 4 6 7 8 11 10 13 10 11 8 9 5 
2 0 7 8 11 10 13 10 11 12 5 4 6 4 5 12 11 8 13 8 11 12 5 
2 0 7 8 13 10 11 12 5 4 6 7 0 2 5 12 13 10 3 1 2 5 
2 5 12 13 10 3 1 0 7 6 4 5 9 8 13 10 11 8 9 5 
2 1 3 10 13 12 11 8 7 6 4 5 12 11 8 13 10 3 1 2 5 
2 5 12 11 10 13 10 11 12 5 4 6 7 8 11 10 13 8 11 12 5 
2 0 7 8 13 12 5 9 8 7 6 7 8 13 10 3 4 5 
2 1 0 7 8 13 8 11 12 5 4 6 7 8 11 10 13 8 9 5 
2 5 12 13 8 11 12 5 4 6 4 3 10 13 12 5 
2 5 4 3 10 13 8 11 12 5 4 6 4 5 9 8 13 8 7 6 4 5 
2 5 4 3 10 13 12 5 9 8 7 6 7 8 9 5 12 13 8 11 12 5 
2 5 12 11 10 13 10 11 8 7 6 7 0 2 5 12 13 8 9 5 
2 0 7 8 13 10 11 12 5 4 6 4 5 9 8 13 12 11 8 9 5 
2 1 0 7 8 13 8 11 12 5 4 6 7 8 9 5 12 13 8 9 5 
---------------
Request id 20
5 2 0 7 8 13 10 11 12 5 2 1 3 
5 12 11 10 13 10 3 1 0 2 5 12 13 10 3 
5 4 3 10 13 8 9 5 12 11 8 7 0 1 3 
5 9 8 13 8 7 0 2 5 12 11 10 3 
5 4 6 7 8 13 8 11 12 5 2 1 3 
5 4 3 10 13 8 9 5 12 13 8 11 10 3 
5 12 13 8 7 6 4 5 12 13 8 11 10 3 
5 4 6 7 8 13 10 11 12 13 8 11 10 3 
5 2 1 3 10 13 8 11 12 11 8 7 0 1 3 
5 12 11 8 13 8 7 0 2 5 12 5 9 8 11 10 3 
5 12 11 10 13 10 3 1 2 5 12 5 2 0 1 3 
5 12 11 8 13 8 11 12 13 8 11 10 3 
5 2 1 3 10 13 8 11 12 11 8 13 10 3 
5 4 3 10 13 8 7 0 2 5 12 11 10 3 
5 9 8 11 12 13 10 11 12 13 10 3 
5 9 8 11 10 13 10 11 8 9 5 12 5 4 3 
5 4 6 7 8 13 8 11 12 11 10 3 
5 2 0 7 8 13 10 3 1 2 5 12 11 8 13 10 3 
5 4 6 7 8 13 8 9 5 12 5 2 1 3 
5 9 8 13 8 7 0 2 5 12 13 8 7 0 1 3 
5 4 3 10 13 10 3 1 0 2 5 12 13 8 11 10 3 
5 2 1 3 10 13 10 3 1 2 5 12 5 2 0 1 3 
5 9 8 13 10 11 12 11 10 3 
5 12 13 8 7 6 4 5 12 13 10 3 
5 9 8 13 8 11 12 5 9 8 11 10 3 
5 12 13 12 5 2 1 3 
5 2 0 7 8 13 10 11 8 9 5 12 11 8 13 10 3 
5 4 3 10 13 10 3 4 5 12 11 10 3 
5 12 11 10 13 10 3 1 2 5 12 13 8 7 0 1 3 
5 9 8 11 12 13 10 3 4 5 12 13 8 7 0 1 3 
5 12 11 10 13 8 7 6 4 5 12 13 8 11 10 3 
5 4 6 7 8 13 8 11 12 13 8 7 0 1 3 
5 4 6 7 8 13 8 7 0 2 5 12 11 8 13 10 3 
5 9 8 13 8 7 0 2 5 12 11 8 13 10 3 
5 12 13 10 3 1 2 5 12 5 2 1 3 
5 12 13 8 11 12 13 8 11 10 3 
5 2 0 7 8 13 10 3 4 5 12 13 8 7 0 1 3 
5 4 6 7 8 13 10 3 1 0 2 5 12 13 8 7 0 1 3 
5 12 11 10 13 10 3 1 0 2 5 12 5 2 1 3 
5 2 0 7 8 13 10 3 1 0 2 5 12 11 8 7 0 1 3 
---------------
Request id 11
8 11 8 13 10 11 8 7 0 
8 9 5 12 13 10 11 12 5 9 8 13 10 11 8 7 0 
8 7 0 2 5 12 11 8 7 6 4 3 10 13 12 11 8 7 0 
8 13 10 11 10 13 10 3 1 0 
8 13 12 11 12 5 4 3 10 13 10 11 8 7 0 
8 9 5 4 3 10 11 10 13 10 3 1 0 
8 11 8 13 8 7 0 
8 7 0 1 3 10 11 8 13 10 11 8 7 0 
8 11 12 13 8 7 0 
8 9 5 12 11 12 5 9 8 13 12 5 9 8 7 0 
8 11 12 5 9 8 13 10 3 1 2 0 
8 11 8 7 6 4 3 10 13 10 3 1 0 
8 7 6 4 5 12 11 10 3 4 5 9 8 13 8 7 0 
8 13 12 11 12 13 12 5 2 0 
8 9 5 12 11 10 3 4 5 12 13 10 3 1 0 
8 7 0 2 5 12 11 12 13 10 11 8 7 0 
8 7 6 4 5 12 11 10 3 4 5 12 13 10 3 1 0 
8 9 5 12 11 12 5 4 6 7 8 13 8 7 0 
8 9 5 12 11 12 5 4 6 7 8 13 12 5 9 8 7 0 
8 7 0 2 5 12 11 12 5 9 8 13 8 9 5 2 0 
8 7 6 4 5 12 11 10 13 10 3 1 2 0 
8 13 10 11 12 5 4 3 10 13 8 9 5 2 0 
8 9 5 12 13 10 11 12 5 9 8 13 12 5 2 0 
8 13 12 11 8 9 5 12 13 12 5 2 0 
8 7 6 4 5 12 11 12 5 9 8 13 12 11 8 7 0 
8 9 5 12 11 8 9 5 12 13 12 5 2 1 0 
8 7 6 4 3 10 11 10 3 4 5 9 8 13 8 11 10 3 1 0 
8 7 0 2 5 12 11 8 9 5 12 13 12 5 9 8 7 0 
8 11 8 9 5 12 13 12 11 8 7 0 
8 7 6 4 3 10 11 8 7 6 4 3 10 13 12 5 9 8 7 0 
8 7 0 1 3 10 11 10 3 4 5 12 13 10 11 8 7 0 
8 9 5 12 13 10 11 8 7 6 4 3 10 13 8 9 5 2 0 
8 9 5 12 11 12 5 4 3 10 13 8 7 0 
8 9 5 12 11 8 13 10 11 8 7 0 
8 7 6 4 3 10 11 12 5 9 8 13 12 11 8 7 0 
8 9 5 4 3 10 11 8 7 6 4 3 10 13 10 3 1 2 0 
8 7 0 1 3 10 11 8 13 8 9 5 2 0 
8 11 8 13 12 5 9 8 7 0 
8 9 5 4 3 10 11 12 5 9 8 13 10 3 1 0 
8 7 6 4 5 12 11 12 5 4 3 10 13 12 5 2 0 
---------------
Request id 13
2 1 3 4 6 4 5 9 8 7 
2 5 4 6 4 5 12 11 8 9 5 12 13 8 7 
2 0 7 6 7 0 2 5 9 5 4 3 10 13 8 7 
2 5 12 11 8 7 6 4 3 10 13 8 9 5 4 3 10 13 8 7 
2 1 0 7 6 4 5 12 11 8 9 5 2 1 0 7 
2 0 7 6 4 5 9 8 7 
2 5 12 13 8 7 6 4 5 12 11 8 9 5 4 3 1 0 7 
2 5 12 13 8 7 6 7 8 13 12 5 9 5 12 11 8 7 
2 5 12 11 8 7 6 7 8 11 12 5 9 5 12 11 8 7 
2 1 3 4 6 4 5 12 11 8 9 8 7 
2 0 7 6 7 0 1 2 5 9 5 4 3 1 2 0 7 
2 5 12 11 8 7 6 7 8 11 12 5 9 5 4 3 1 2 0 7 
2 5 12 13 8 7 6 4 3 1 2 5 9 5 2 1 0 7 
2 0 7 6 7 8 13 12 5 9 5 4 3 1 2 0 7 
2 5 12 11 8 7 6 4 5 12 13 8 9 5 12 11 8 7 
2 5 4 6 7 8 13 12 5 9 8 13 12 5 2 0 7 
2 0 7 8 9 5 4 6 7 8 13 12 5 9 5 2 0 7 
2 0 7 8 9 5 4 6 4 5 12 13 8 9 8 13 12 5 2 0 7 
2 0 7 6 4 5 12 11 8 9 5 12 13 8 7 
2 1 3 4 6 7 0 1 2 5 9 8 13 12 5 2 0 7 
2 0 7 6 7 8 13 12 5 9 5 12 11 8 7 
2 1 3 4 6 4 5 12 11 8 9 5 4 6 7 
2 5 12 11 8 7 6 7 0 2 5 9 8 7 
2 0 7 8 9 5 4 6 7 0 1 2 5 9 5 12 13 8 7 
2 5 12 13 8 7 6 4 3 1 2 5 9 5 2 0 7 
2 0 7 6 7 0 2 5 9 5 2 1 0 7 
2 0 7 8 9 5 4 6 7 8 13 12 5 9 5 4 3 10 13 8 7 
2 5 4 3 1 0 7 6 4 5 12 11 8 9 5 12 11 8 7 
2 0 1 3 4 6 7 8 13 12 5 9 5 12 13 8 7 
2 1 3 4 6 4 3 1 2 5 9 5 2 1 0 7 
2 0 1 3 4 6 4 5 12 13 8 9 5 4 3 10 13 8 7 
2 5 4 3 1 0 7 6 4 3 1 2 5 9 5 4 3 10 13 8 7 
2 0 7 6 4 5 12 11 8 9 8 7 
2 0 7 8 9 5 4 6 7 8 11 12 5 9 5 4 3 10 13 8 7 
2 5 9 8 7 6 4 5 9 5 12 13 8 7 
2 5 9 8 7 6 4 3 10 13 8 9 5 4 3 10 13 8 7 
2 0 7 6 7 8 9 5 4 3 1 0 7 
2 5 12 11 8 7 6 4 5 9 5 12 11 8 7 
2 0 7 8 9 5 4 6 7 8 13 12 5 9 5 12 11 8 7 
2 5 12 11 8 7 6 4 5 12 11 8 9 5 12 13 8 7 
---------------
Request id 1
0 2 5 12 13 8 7 6 4 5 9 8 11 8 13 12 11 10 3 
0 2 5 9 8 7 6 7 8 11 10 3 1 2 5 12 13 8 7 0 1 3 
0 2 5 12 13 8 7 6 4 5 9 8 11 8 13 12 11 8 7 0 1 3 
0 1 2 5 4 6 7 8 9 5 12 11 8 7 6 4 5 12 13 8 7 0 1 3 
0 2 5 4 6 7 8 13 10 11 10 13 12 13 8 11 10 3 
0 1 2 5 9 8 7 6 7 8 11 10 3 1 2 5 12 11 8 13 10 3 
0 1 2 5 4 6 7 8 13 10 11 8 7 6 4 5 12 11 8 13 10 3 
0 7 8 9 5 4 6 4 5 12 13 8 11 10 3 1 0 2 5 12 11 10 3 
0 1 2 5 9 8 7 6 7 8 13 10 11 8 13 12 11 10 3 
0 2 1 3 4 6 7 8 9 5 12 11 10 13 8 9 5 12 13 8 11 10 3 
0 2 5 9 8 7 6 4 5 9 8 11 8 7 0 2 5 12 5 4 3 
0 7 6 7 8 9 5 12 11 10 3 4 5 12 11 8 7 0 1 3 
0 1 3 4 6 4 5 12 13 8 11 12 5 2 1 3 
0 7 6 4 5 12 11 12 13 8 7 0 1 3 
0 2 5 4 6 4 5 12 11 8 7 6 4 5 12 5 2 0 1 3 
0 1 3 4 6 7 8 13 10 11 10 3 1 2 5 12 13 8 11 10 3 
0 2 1 3 4 6 7 0 2 5 12 11 10 13 12 11 8 13 10 3 
0 7 8 9 5 4 6 7 0 1 3 10 11 10 13 12 5 4 3 
0 1 3 4 6 4 3 10 11 10 3 1 2 5 12 5 2 1 3 
0 7 8 9 5 4 6 4 5 12 13 8 11 12 11 8 13 10 3 
0 2 5 9 8 7 6 4 3 10 11 10 13 8 9 5 12 11 8 7 0 1 3 
0 2 5 12 13 8 7 6 4 5 12 13 8 11 10 13 12 13 8 7 0 1 3 
0 2 1 3 4 6 7 8 13 12 11 10 13 8 9 5 12 13 10 3 
0 7 8 13 10 3 4 6 7 8 9 5 12 11 10 3 1 0 2 5 12 11 10 3 
0 7 8 13 10 3 4 6 7 8 11 10 3 4 5 12 11 10 3 
0 2 5 9 8 7 6 4 3 10 11 10 13 8 9 5 12 5 9 8 13 10 3 
0 1 3 4 6 4 5 9 8 11 10 3 1 0 2 5 12 11 10 3 
0 1 3 4 6 7 0 2 5 12 11 8 13 12 5 9 8 13 10 3 
0 7 6 4 5 12 11 10 13 8 9 5 12 5 2 1 3 
0 7 8 13 10 3 4 6 7 8 13 12 11 8 7 0 2 5 12 5 9 8 13 10 3 
0 2 5 9 8 7 6 7 8 11 8 13 12 11 8 13 10 3 
0 1 3 4 6 4 5 12 13 8 11 8 9 5 12 5 2 0 1 3 
0 2 1 3 4 6 4 5 9 8 11 8 7 6 4 5 12 11 10 3 
0 1 3 4 6 7 8 13 10 11 12 5 2 0 1 3 
0 2 1 3 4 6 7 8 13 10 11 8 7 6 4 5 12 13 8 11 10 3 
0 1 2 5 4 6 7 0 1 3 10 11 8 9 5 12 5 9 8 13 10 3 
0 7 8 13 10 3 4 6 7 0 1 3 10 11 10 13 12 5 2 0 1 3 
0 2 5 4 6 7 8 13 12 11 10 3 1 2 5 12 5 9 8 13 10 3 
0 2 5 12 13 8 7 6 7 8 13 10 11 10 3 4 5 12 13 8 11 10 3 
0 7 6 4 5 9 8 11 10 13 12 5 9 8 13 10 3 
---------------
Request id 2
7 8 11 12 5 4 6 7 0 2 1 
7 8 13 10 3 4 6 4 5 2 0 1 
7 8 13 12 5 4 6 4 5 2 1 
7 8 11 12 5 4 6 7 0 1 
7 8 13 12 5 4 6 7 8 9 5 2 1 
7 8 9 5 4 6 4 5 2 1 
7 8 13 12 5 4 6 7 8 9 5 4 3 1 
7 8 13 12 5 4 6 7 0 2 1 
7 6 4 3 1 
7 0 1 2 5 4 6 7 8 9 5 4 3 1 
7 0 2 5 4 6 7 8 9 5 2 0 1 
7 0 1 3 4 6 4 5 2 1 
7 8 11 12 5 4 6 7 8 13 10 3 1 
7 0 1 3 4 6 7 8 9 5 2 1 
7 8 13 10 3 4 6 7 0 1 
7 8 9 5 4 6 7 8 9 5 2 0 1 
7 8 11 10 3 4 6 7 0 1 
7 8 11 12 5 4 6 4 5 2 0 1 
7 8 11 12 5 4 6 4 5 2 1 
7 0 1 3 4 6 7 0 1 
7 0 2 5 4 6 7 0 2 1 
7 8 13 10 3 4 6 7 8 9 5 2 0 1 
7 0 2 1 3 4 6 7 8 11 10 3 1 
7 6 7 8 11 10 3 1 
7 8 11 10 3 4 6 4 3 1 
7 8 11 12 5 4 6 7 8 9 5 2 0 1 
7 8 13 10 3 4 6 7 8 13 10 3 1 
7 8 9 5 4 6 7 0 1 
7 8 13 12 5 4 6 7 8 9 5 2 0 1 
7 0 1 2 5 4 6 7 0 2 1 
7 0 2 1 3 4 6 7 0 1 
7 0 2 5 4 6 7 8 11 10 3 1 
7 0 1 2 5 4 6 4 3 1 
7 0 1 2 5 4 6 7 8 9 5 2 0 1 
7 6 7 8 9 5 4 3 1 
7 8 11 10 3 4 6 7 8 13 10 3 1 
7 0 1 3 4 6 7 0 2 1 
7 8 11 12 5 4 6 4 3 1 
7 0 2 5 4 6 7 8 13 10 3 1 
7 8 11 10 3 4 6 7 8 9 5 4 3 1 
---------------
Request id 12
2 1 3 10 11 12 11 8 7 6 7 0 1 2 5 
2 5 9 8 13 12 5 2 1 0 7 6 4 3 10 11 12 5 
2 1 3 10 11 12 5 9 8 7 6 7 8 11 12 5 
2 1 3 10 11 12 5 2 1 0 7 6 7 8 11 12 5 
2 0 1 3 4 5 12 11 8 7 6 7 0 1 2 5 
2 5 9 8 11 12 5 9 8 7 6 7 8 11 12 5 
2 1 3 10 11 12 13 10 3 4 6 7 0 1 3 4 5 
2 5 9 8 13 12 13 8 7 6 4 5 
2 1 3 10 11 12 5 4 6 7 0 1 2 5 
2 5 9 8 11 12 13 8 9 5 4 6 4 3 1 2 5 
2 0 7 8 13 12 5 4 6 7 0 1 2 5 
2 5 9 8 13 12 11 8 7 6 7 8 11 12 5 
2 5 9 8 11 12 5 4 6 7 0 1 3 4 5 
2 1 3 10 11 12 13 10 11 8 7 6 7 8 11 12 5 
2 0 7 8 13 12 13 10 3 4 6 7 0 1 2 5 
2 1 3 10 11 12 13 8 7 6 4 3 10 11 12 5 
2 0 1 3 4 5 12 11 8 7 6 7 8 9 5 
2 0 7 6 4 5 12 13 8 7 6 7 0 1 3 4 5 
2 5 9 8 11 12 5 2 0 7 6 4 3 1 2 5 
2 1 3 10 11 12 5 4 6 7 8 13 12 5 
2 0 7 8 13 12 13 10 3 4 6 7 0 2 5 
2 1 3 4 5 12 13 10 3 4 6 4 5 
2 5 9 8 11 12 5 9 8 7 6 7 0 1 3 4 5 
2 1 3 10 11 12 13 10 3 4 6 4 3 1 2 5 
2 5 9 8 11 12 13 8 9 5 4 6 7 0 1 3 4 5 
2 0 7 8 13 12 11 8 7 6 7 0 2 5 
2 0 7 8 11 12 13 10 11 8 7 6 7 0 1 2 5 
2 1 3 10 13 12 13 10 11 8 7 6 7 8 13 12 5 
2 0 7 8 11 12 5 2 0 7 6 4 3 10 11 12 5 
2 0 7 8 11 12 11 8 7 6 4 3 1 2 5 
2 5 9 8 11 12 13 8 9 5 4 6 4 5 
2 0 7 6 4 5 12 11 10 3 4 6 7 8 11 12 5 
2 0 7 8 13 12 13 8 9 5 4 6 7 0 1 2 5 
2 0 7 8 13 12 5 4 6 7 8 11 12 5 
2 1 3 10 11 12 5 2 1 0 7 6 4 3 10 13 12 5 
2 0 7 6 4 5 12 5 4 6 7 0 2 5 
2 1 3 10 13 12 11 10 3 4 6 7 0 1 3 4 5 
2 1 3 10 11 12 5 2 1 0 7 6 7 0 2 5 
2 5 9 8 11 12 5 2 0 7 6 7 8 13 12 5 
2 1 3 4 5 12 13 10 11 8 7 6 7 0 2 5 
---------------
