Request id 8
1 2 5 9 8 13 8 11 10 3 4 5 
1 2 5 12 13 12 5 4 6 7 8 13 12 5 
1 2 0 7 8 13 10 3 4 3 10 11 12 5 
1 0 2 5 12 13 10 3 4 3 10 11 12 5 
1 0 7 8 13 8 7 0 1 3 4 3 10 11 12 5 
---------------
Request id 6
3 4 5 2 1 0 7 0 1 3 10 13 12 5 2 1 3 4 3 10 11 12 13 8 
3 4 5 2 0 7 8 11 12 13 12 5 2 1 3 4 6 7 8 
3 4 5 9 8 7 0 2 5 9 8 13 12 5 4 3 1 0 7 8 
3 1 0 7 8 13 8 7 0 1 3 4 5 12 13 8 
3 10 11 8 7 6 4 5 12 13 10 11 12 5 4 5 12 11 8 
---------------
Request id 1
9 5 12 11 8 13 8 9 5 4 3 10 11 
9 5 4 3 10 13 8 11 
9 5 12 13 10 3 4 5 12 11 
9 5 4 3 10 13 8 9 5 4 3 10 11 
9 5 4 6 7 8 13 12 11 
---------------
Request id 7
2 5 4 3 10 13 10 11 12 5 4 6 7 0 1 3 
2 0 7 8 13 12 5 4 5 2 1 3 
2 5 12 11 10 13 12 11 10 3 4 6 7 0 1 3 
2 5 12 11 8 13 12 5 4 5 2 1 3 
2 1 3 10 13 10 3 4 6 7 8 13 10 3 
---------------
Request id 10
8 13 8 9 5 4 3 10 11 
8 11 10 13 12 5 4 6 7 8 11 
8 9 5 12 11 10 13 10 3 4 5 9 8 11 
8 7 6 4 5 12 13 8 9 5 12 11 
8 7 6 4 3 10 13 10 3 4 5 12 11 
---------------
Request id 3
5 4 6 7 0 1 3 10 13 8 7 0 2 5 12 
5 4 6 7 0 1 2 5 12 13 8 7 0 2 5 12 
5 2 0 7 6 4 5 12 13 10 3 4 5 12 
5 12 13 8 7 0 2 5 12 13 8 11 12 
5 9 8 7 6 4 5 9 8 13 8 11 12 
---------------
Request id 2
5 12 11 10 13 8 9 5 4 6 7 8 13 10 3 4 6 
5 4 3 10 13 10 11 8 7 8 11 12 5 4 6 
5 9 8 11 12 13 10 3 4 6 7 8 11 10 3 4 6 
5 12 13 8 7 8 11 10 3 4 6 
5 9 8 11 12 13 12 5 4 6 7 0 2 5 4 6 
---------------
Request id 4
6 7 0 1 3 10 13 12 11 
6 4 5 9 8 13 8 9 5 4 3 10 11 
6 4 3 10 13 12 5 4 6 7 8 11 
6 7 0 2 5 12 13 12 11 
6 7 8 13 10 11 
---------------
Request id 5
3 10 11 12 5 4 5 2 0 7 0 1 3 4 6 7 8 9 5 
3 10 13 12 5 4 3 1 2 0 7 8 13 10 3 4 3 10 13 12 5 
3 10 11 8 9 5 4 5 2 0 7 0 1 3 4 3 1 2 5 
3 10 13 8 7 6 4 3 10 13 8 7 0 2 1 3 4 6 7 8 9 5 
3 10 11 12 5 4 5 9 8 7 0 1 3 4 6 7 8 13 12 5 
---------------
Request id 9
9 8 7 0 2 5 4 5 12 13 10 11 12 5 9 8 
9 8 7 6 4 6 7 8 11 10 13 10 3 1 0 7 8 
9 5 2 1 3 4 3 10 13 10 3 1 0 7 8 
9 8 11 12 5 4 5 12 13 10 3 4 6 7 8 
9 8 13 12 5 4 5 12 11 8 13 10 11 8 
---------------
