Request id 3
1 0 7 6 7 0 
1 0 7 6 4 3 1 0 
1 0 7 6 4 5 2 0 
1 0 7 6 4 3 1 2 0 
1 0 7 6 4 5 2 1 0 
1 0 7 6 7 8 9 5 2 0 
1 0 7 6 4 5 9 8 7 0 
1 0 7 6 4 3 10 11 8 7 0 
1 0 7 6 7 8 9 5 2 1 0 
1 0 7 6 4 5 12 11 8 7 0 
---------------
Request id 12
7 8 9 8 11 10 3 
7 8 9 8 11 12 13 10 3 
7 8 9 8 11 8 13 10 3 
7 8 9 8 11 12 5 4 3 
7 8 9 8 11 8 9 5 4 3 
7 8 9 8 11 12 5 2 1 3 
7 8 9 8 11 8 7 6 4 3 
7 8 9 8 11 8 7 0 1 3 
7 8 9 8 11 10 13 12 5 4 3 
7 8 9 8 11 12 5 2 0 1 3 
---------------
Request id 4
3 10 11 8 9 8 13 12 5 
3 10 11 8 9 8 13 8 9 5 
3 10 11 8 9 8 13 10 11 12 5 
3 10 11 8 9 8 13 8 11 12 5 
3 10 11 8 9 8 13 10 3 4 5 
3 10 11 8 9 8 13 12 11 8 9 5 
3 10 11 8 9 8 13 8 7 6 4 5 
3 10 11 8 9 8 13 10 3 1 2 5 
3 10 11 8 9 8 13 10 11 8 9 5 
3 10 11 8 9 8 13 8 7 0 2 5 
---------------
Request id 20
8 9 9 5 2 
8 9 9 8 7 0 2 
8 9 9 5 4 3 1 2 
8 9 9 8 7 0 1 2 
8 9 9 8 11 12 5 2 
8 9 9 8 13 12 5 2 
8 9 9 5 4 3 1 0 2 
8 9 9 8 7 6 4 5 2 
8 9 9 8 13 10 3 1 2 
8 9 9 5 4 6 7 0 2 
---------------
Request id 13
2 5 9 5 12 5 9 5 4 3 
2 5 9 5 12 5 9 8 13 10 3 
2 5 9 5 12 5 9 5 2 1 3 
2 5 9 5 12 5 9 8 11 10 3 
2 5 9 5 12 5 9 5 12 13 10 3 
2 5 9 5 12 5 9 5 2 0 1 3 
2 5 9 5 12 5 9 5 12 11 10 3 
2 5 9 5 12 5 9 8 7 0 1 3 
2 5 9 5 12 5 9 8 7 6 4 3 
2 5 9 5 12 5 9 8 11 12 13 10 3 
---------------
Request id 14
5 9 9 5 2 0 
5 9 9 8 7 0 
5 9 9 5 2 1 0 
5 9 9 5 4 3 1 0 
5 9 9 5 4 6 7 0 
5 9 9 5 12 11 8 7 0 
5 9 9 5 4 3 1 2 0 
5 9 9 5 12 13 8 7 0 
5 9 9 8 11 12 5 2 0 
5 9 9 8 13 12 5 2 0 
---------------
Request id 15
7 8 9 8 11 10 
7 8 9 8 13 10 
7 8 9 5 12 11 10 
7 8 9 5 4 3 10 
7 8 9 5 12 13 10 
7 8 9 8 11 12 13 10 
7 8 9 5 2 1 3 10 
7 8 9 8 13 12 11 10 
7 8 9 5 12 13 8 11 10 
7 8 9 8 7 6 4 3 10 
---------------
Request id 1
5 9 5 4 
5 9 8 7 6 4 
5 9 5 2 1 3 4 
5 9 8 11 10 3 4 
5 9 8 13 12 5 4 
5 9 8 11 12 5 4 
5 9 8 13 10 3 4 
5 9 5 2 0 1 3 4 
5 9 5 12 13 10 3 4 
5 9 8 7 0 2 5 4 
---------------
Request id 7
0 7 8 11 8 9 5 4 
0 7 8 11 8 9 8 7 6 4 
0 7 8 11 8 9 5 2 1 3 4 
0 7 8 11 8 9 8 13 10 3 4 
0 7 8 11 8 9 8 11 12 5 4 
0 7 8 11 8 9 8 13 12 5 4 
0 7 8 11 8 9 8 11 10 3 4 
0 7 8 11 8 9 5 2 0 7 6 4 
0 7 8 11 8 9 5 12 13 10 3 4 
0 7 8 11 8 9 8 7 0 2 5 4 
---------------
Request id 17
1 3 10 13 8 7 6 7 8 9 5 4 3 
1 3 10 13 8 7 6 7 8 9 8 11 10 3 
1 3 10 13 8 7 6 7 8 9 5 2 1 3 
1 3 10 13 8 7 6 7 8 9 8 13 10 3 
1 3 10 13 8 7 6 7 8 9 5 12 13 10 3 
1 3 10 13 8 7 6 7 8 9 5 2 0 1 3 
1 3 10 13 8 7 6 7 8 9 5 12 11 10 3 
1 3 10 13 8 7 6 7 8 9 8 7 6 4 3 
1 3 10 13 8 7 6 7 8 9 8 7 0 1 3 
1 3 10 13 8 7 6 7 8 9 8 13 12 5 4 3 
---------------
Request id 5
5 9 8 13 8 9 5 4 
5 9 8 13 8 9 8 7 6 4 
5 9 8 13 8 9 5 2 1 3 4 
5 9 8 13 8 9 8 13 10 3 4 
5 9 8 13 8 9 8 11 12 5 4 
5 9 8 13 8 9 8 13 12 5 4 
5 9 8 13 8 9 8 11 10 3 4 
5 9 8 13 8 9 5 2 0 1 3 4 
5 9 8 13 8 9 5 12 13 10 3 4 
5 9 8 13 8 9 8 7 0 1 3 4 
---------------
Request id 18
2 5 12 5 4 
2 5 12 11 10 3 4 
2 5 12 13 10 3 4 
2 5 12 5 2 1 3 4 
2 5 12 13 8 9 5 4 
2 5 12 11 8 9 5 4 
2 5 12 13 8 7 6 4 
2 5 12 11 8 7 6 4 
2 5 12 5 2 0 1 3 4 
2 5 12 5 9 8 7 6 4 
---------------
Request id 6
8 7 6 7 0 2 
8 7 6 4 5 2 
8 7 6 7 0 1 2 
8 7 6 4 3 1 2 
8 7 6 7 8 9 5 2 
8 7 6 4 3 1 0 2 
8 7 6 7 8 11 12 5 2 
8 7 6 7 8 13 12 5 2 
8 7 6 4 5 9 8 7 0 2 
8 7 6 4 3 10 11 12 5 2 
---------------
Request id 8
3 4 5 9 5 4 6 7 8 9 5 4 
3 4 5 9 5 4 6 7 8 9 8 7 6 4 
3 4 5 9 5 4 6 7 8 9 5 2 1 3 4 
3 4 5 9 5 4 6 7 8 9 8 11 12 5 4 
3 4 5 9 5 4 6 7 8 9 8 13 10 3 4 
3 4 5 9 5 4 6 7 8 9 8 11 10 3 4 
3 4 5 9 5 4 6 7 8 9 8 13 12 5 4 
3 4 5 9 5 4 6 7 8 9 5 2 0 1 3 4 
3 4 5 9 5 4 6 7 8 9 5 12 11 10 3 4 
3 4 5 9 5 4 6 7 8 9 8 7 0 2 5 4 
---------------
Request id 9
10 11 8 9 9 8 13 8 7 0 
10 11 8 9 9 8 13 12 5 2 0 
10 11 8 9 9 8 13 10 3 1 0 
10 11 8 9 9 8 13 12 5 2 1 0 
10 11 8 9 9 8 13 12 11 8 7 0 
10 11 8 9 9 8 13 10 3 1 2 0 
10 11 8 9 9 8 13 8 9 5 2 0 
10 11 8 9 9 8 13 10 11 8 7 0 
10 11 8 9 9 8 13 12 5 4 3 1 0 
10 11 8 9 9 8 13 8 11 12 5 2 0 
---------------
Request id 16
2 5 9 8 11 8 9 5 2 1 
2 5 9 8 11 8 9 8 7 0 1 
2 5 9 8 11 8 9 5 2 0 1 
2 5 9 8 11 8 9 5 4 3 1 
2 5 9 8 11 8 9 8 7 0 2 1 
2 5 9 8 11 8 9 8 11 10 3 1 
2 5 9 8 11 8 9 8 13 10 3 1 
2 5 9 8 11 8 9 5 12 11 10 3 1 
2 5 9 8 11 8 9 5 4 6 7 0 1 
2 5 9 8 11 8 9 8 11 12 5 2 1 
---------------
Request id 19
3 10 11 8 9 5 12 11 10 
3 10 11 8 9 5 12 13 10 
3 10 11 8 9 5 12 11 8 13 10 
3 10 11 8 9 5 12 13 8 11 10 
3 10 11 8 9 5 12 5 4 3 10 
3 10 11 8 9 5 12 5 9 8 13 10 
3 10 11 8 9 5 12 5 2 1 3 10 
3 10 11 8 9 5 12 5 9 8 11 10 
3 10 11 8 9 5 12 5 2 0 1 3 10 
3 10 11 8 9 5 12 5 4 6 7 8 13 10 
---------------
Request id 11
4 5 12 13 10 
4 5 12 11 10 
4 5 12 13 8 11 10 
4 5 12 11 8 13 10 
4 5 12 5 4 3 10 
4 5 12 5 9 8 11 10 
4 5 12 5 2 1 3 10 
4 5 12 5 9 8 13 10 
4 5 12 5 2 0 1 3 10 
4 5 12 5 4 6 7 8 13 10 
---------------
Request id 2
1 3 10 11 10 3 4 
1 3 10 11 12 5 4 
1 3 10 11 8 7 6 4 
1 3 10 11 8 9 5 4 
1 3 10 11 12 13 10 3 4 
1 3 10 11 10 13 12 5 4 
1 3 10 11 8 13 12 5 4 
1 3 10 11 8 13 10 3 4 
1 3 10 11 8 7 0 2 5 4 
1 3 10 11 10 3 1 2 5 4 
---------------
Request id 10
4 3 10 13 8 9 8 11 12 5 
4 3 10 13 8 9 8 11 8 9 5 
4 3 10 13 8 9 8 11 10 3 4 5 
4 3 10 13 8 9 8 11 8 13 12 5 
4 3 10 13 8 9 8 11 10 13 12 5 
4 3 10 13 8 9 8 11 12 13 8 9 5 
4 3 10 13 8 9 8 11 10 3 1 2 5 
4 3 10 13 8 9 8 11 8 7 6 4 5 
4 3 10 13 8 9 8 11 10 13 8 9 5 
4 3 10 13 8 9 8 11 8 7 0 2 5 
---------------
