Request id 4
13 12 5 4 6 7 8 8 13 10 3 4 6 7 
13 8 8 13 12 5 2 0 7 
13 12 11 8 8 7 
13 10 3 4 5 9 8 8 9 5 2 1 0 7 
13 10 3 1 0 7 8 8 11 12 5 2 0 7 
---------------
Request id 17
2 5 12 11 8 7 0 2 5 12 
2 5 12 13 8 7 0 1 2 5 12 
2 1 3 10 11 8 11 10 13 12 
2 0 7 8 7 0 2 5 12 
2 1 3 10 11 8 7 6 4 5 12 
---------------
Request id 20
12 5 4 3 10 11 8 13 10 3 1 2 0 1 2 5 9 8 13 10 11 
12 5 2 0 7 8 9 5 4 3 1 0 7 6 4 5 9 8 7 0 1 3 10 11 
12 5 4 6 7 8 11 10 3 1 0 1 3 4 6 7 8 13 12 11 
12 13 10 11 8 13 10 3 1 0 1 2 5 9 8 7 0 2 5 12 11 
12 5 9 8 11 12 5 2 0 1 3 10 13 8 11 
---------------
Request id 1
10 11 8 8 11 12 5 2 0 7 8 11 10 3 
10 3 4 6 7 8 8 13 12 5 2 0 1 2 5 4 3 
10 13 12 5 9 8 8 9 5 2 1 0 7 6 4 3 
10 3 1 0 7 8 8 7 6 4 3 1 0 2 5 12 11 10 3 
10 11 8 8 9 5 2 0 7 8 13 10 3 
---------------
Request id 15
4 5 12 13 10 11 8 7 0 2 5 12 13 10 
4 5 2 0 7 8 7 6 4 5 2 0 2 5 4 3 10 
4 6 7 8 9 5 4 3 1 0 2 5 4 3 10 
4 5 12 13 8 11 10 3 1 0 7 8 11 10 
4 3 10 13 12 11 8 9 5 4 3 1 0 2 1 3 10 
---------------
Request id 19
7 8 13 12 5 2 0 1 3 4 6 7 8 9 
7 8 13 10 3 1 0 1 2 5 12 13 8 9 
7 8 13 10 3 1 0 7 8 13 10 3 1 3 4 5 9 
7 8 9 5 2 1 0 7 8 11 12 5 2 1 3 4 6 7 8 9 
7 6 4 5 2 1 0 2 5 4 3 1 3 10 13 12 5 9 
---------------
Request id 2
12 5 2 1 0 7 8 13 12 5 9 
12 13 10 3 1 2 0 7 6 4 5 9 
12 5 4 6 7 0 7 8 11 12 5 9 
12 5 4 6 7 0 7 8 13 12 5 9 
12 5 9 8 7 0 7 6 4 5 9 
---------------
Request id 7
10 3 4 5 2 0 7 8 9 
10 13 8 7 0 1 2 5 9 
10 3 4 5 2 1 0 1 3 4 5 9 
10 3 4 5 2 0 2 1 3 4 5 9 
10 3 1 2 0 7 8 11 12 5 9 
---------------
Request id 6
6 4 3 10 11 8 8 11 12 5 2 0 2 5 9 8 11 
6 4 3 10 11 8 8 7 6 4 3 1 0 7 8 13 12 11 
6 4 5 12 13 8 8 11 12 5 2 0 1 3 10 13 12 11 
6 4 3 1 0 7 8 8 13 10 3 1 0 1 3 10 11 
6 4 3 10 11 8 8 11 12 5 2 0 7 8 13 12 11 
---------------
Request id 9
3 4 6 7 0 2 5 12 11 8 13 10 3 1 0 7 6 4 
3 1 2 0 7 8 11 12 5 2 0 7 8 11 10 3 4 
3 1 2 0 1 2 5 9 8 7 6 4 5 2 0 7 8 11 10 3 4 
3 10 13 12 5 2 0 2 5 12 13 8 7 6 4 5 2 0 1 3 4 
3 4 5 2 1 0 2 5 12 13 8 11 10 3 1 0 7 6 4 
---------------
Request id 14
12 11 8 7 0 1 2 5 12 13 8 8 13 12 11 
12 11 8 7 0 1 2 5 12 13 8 8 13 10 11 
12 13 8 7 0 1 2 5 9 8 8 13 12 11 
12 5 9 8 7 0 1 3 10 11 8 8 9 5 12 13 10 11 
12 11 10 3 1 3 10 13 8 8 9 5 12 13 10 11 
---------------
Request id 13
3 1 2 0 1 3 10 13 12 
3 1 0 7 8 11 12 
3 1 2 0 7 6 4 5 12 
3 10 13 12 5 2 0 1 3 10 13 12 
3 1 2 0 7 8 9 5 12 
---------------
Request id 3
13 12 5 2 0 7 8 11 
13 10 3 1 0 7 8 7 0 1 3 10 11 
13 12 5 9 8 11 
13 12 5 2 0 7 8 13 10 11 
13 8 7 6 4 3 10 11 
---------------
Request id 8
11 12 5 2 1 2 5 9 8 7 0 2 5 4 6 
11 8 9 5 2 1 2 5 9 8 7 0 7 6 
11 10 13 8 7 0 1 2 0 1 3 4 6 
11 8 13 10 3 1 3 10 13 8 7 0 2 5 12 11 8 7 6 
11 8 7 0 2 1 3 10 11 12 5 2 0 7 6 
---------------
Request id 16
13 10 11 12 5 9 8 11 12 5 2 0 0 7 8 11 10 
13 12 11 8 9 5 2 1 0 0 7 8 13 12 11 10 
13 8 11 12 5 2 0 0 2 1 3 10 
13 12 11 8 7 0 0 7 6 4 3 10 
13 12 5 2 0 7 8 11 10 3 1 0 0 2 5 12 11 10 
---------------
Request id 12
11 12 13 8 7 0 0 2 5 9 8 11 12 
11 10 3 1 0 0 1 3 4 6 7 8 7 0 1 2 5 12 
11 12 5 2 1 0 0 1 2 5 9 8 11 10 13 12 
11 12 5 2 1 0 0 1 3 10 11 8 13 12 
11 8 9 5 2 0 0 2 5 12 13 8 9 5 12 
---------------
Request id 18
9 5 12 11 8 7 0 2 5 4 6 
9 5 2 1 0 7 8 7 0 2 5 4 6 
9 5 12 13 10 11 8 7 6 
9 5 4 6 7 8 13 10 3 4 6 
9 5 2 0 7 8 13 10 3 4 6 
---------------
Request id 5
12 13 10 3 1 3 10 13 8 9 5 2 0 1 3 10 13 
12 5 4 6 7 0 1 2 5 9 8 9 5 2 0 7 8 11 12 13 
12 5 2 1 2 5 12 11 8 13 10 3 1 0 2 5 12 13 
12 11 8 13 10 3 1 0 7 8 13 12 5 2 0 2 1 3 10 13 
12 11 8 7 0 1 3 4 6 7 8 7 0 1 2 5 9 8 13 
---------------
Request id 11
10 13 8 9 5 2 0 2 5 12 13 10 3 1 0 7 8 9 5 2 1 0 7 
10 3 1 2 0 1 2 5 12 11 8 13 10 3 4 6 7 
10 13 8 9 5 2 0 7 8 9 5 4 3 1 2 5 9 8 13 10 3 4 6 7 
10 13 8 7 0 7 6 4 3 1 0 2 5 9 8 11 12 5 2 0 7 
10 11 8 7 0 7 8 11 10 3 1 3 10 11 8 7 
---------------
Request id 10
10 13 12 5 2 0 2 5 9 8 7 6 4 5 12 
10 11 12 5 2 0 7 8 9 5 12 
10 11 12 5 2 0 1 2 5 9 8 7 0 2 5 12 
10 13 8 7 0 1 3 10 13 8 7 0 1 2 5 12 
10 3 4 6 7 0 2 5 4 6 7 8 9 5 12 
---------------
