Request id 15
61 41 46 48 44 45 37 36 29 25 18 18 25 28 32 40 41 46 54 65 68 67 69 71 
61 41 40 32 35 37 36 29 25 18 18 25 28 32 40 56 58 63 66 67 69 71 
61 41 40 32 28 26 23 24 16 18 18 25 28 32 40 41 46 54 62 66 67 69 71 
61 41 40 39 33 30 24 16 18 18 16 24 30 33 39 40 41 46 54 65 68 69 71 
61 41 40 32 28 25 18 18 25 28 32 40 41 61 62 66 67 68 69 71 
61 41 40 32 28 25 18 18 25 28 32 40 41 46 54 62 66 67 69 71 
61 59 56 40 32 28 25 29 19 15 18 18 25 28 32 40 56 59 61 62 66 67 69 71 
61 41 40 32 28 26 23 24 16 18 18 25 28 32 40 56 58 63 66 67 68 69 71 
61 41 40 32 28 26 23 24 16 18 18 25 28 32 40 41 61 62 54 65 68 69 71 
61 41 46 48 44 45 37 36 29 25 18 18 25 28 32 40 56 58 63 66 67 68 69 71 
61 41 40 39 33 30 24 16 18 18 25 28 32 40 41 46 54 65 68 67 69 71 
61 59 56 40 32 28 25 18 18 25 28 32 40 41 61 62 66 67 68 69 71 
61 41 40 32 28 25 29 19 15 18 18 25 28 32 40 41 61 62 66 67 68 69 71 
61 41 40 32 28 25 29 19 15 18 18 25 28 32 40 56 59 61 62 66 67 69 71 
61 41 46 48 44 45 37 36 29 25 18 18 25 28 32 40 56 59 61 62 66 67 69 71 
61 62 54 46 41 40 32 28 25 18 18 25 28 32 40 56 58 63 66 67 69 71 
61 59 56 40 39 33 30 24 16 18 18 25 28 32 40 41 61 62 66 67 69 71 
61 41 40 39 33 30 24 16 18 18 25 28 32 40 56 58 63 66 67 69 71 
61 59 56 40 32 28 25 29 19 15 18 18 25 28 32 40 41 46 54 65 68 69 71 
61 59 56 40 39 33 30 24 16 18 18 25 28 32 40 41 61 62 66 67 68 69 71 
61 62 54 46 41 40 32 28 25 18 18 25 28 32 40 56 58 63 66 67 68 69 71 
61 59 56 40 39 33 30 24 16 18 18 25 28 32 40 56 58 63 66 67 69 71 
61 41 46 48 44 45 37 36 29 25 18 18 25 28 32 40 41 61 62 66 67 69 71 
61 41 40 32 28 25 18 18 25 28 32 40 56 58 63 66 67 69 71 
61 41 40 39 33 30 24 16 18 18 25 28 32 40 41 61 62 66 67 68 69 71 
61 41 40 32 28 26 23 24 16 18 18 25 28 32 40 56 58 63 66 67 69 71 
61 59 56 40 39 33 30 24 16 18 18 25 28 32 40 41 46 54 62 66 67 69 71 
61 62 54 46 41 40 32 28 25 18 18 25 28 32 40 41 61 62 66 67 68 69 71 
61 41 40 32 35 37 36 29 25 18 18 25 28 32 40 41 46 54 62 66 67 69 71 
61 41 40 32 28 25 18 18 25 28 32 40 41 46 54 65 68 67 69 71 
61 41 40 32 28 25 29 19 15 18 18 25 28 32 40 41 46 54 62 66 67 69 71 
61 59 56 40 32 28 25 18 18 25 28 32 40 41 61 62 54 65 68 69 71 
61 41 40 32 28 25 29 19 15 18 18 25 28 32 40 56 58 63 66 67 68 69 71 
61 59 56 40 32 28 25 29 19 15 18 18 25 28 32 40 56 58 63 66 67 69 71 
61 41 40 32 28 26 23 24 16 18 18 25 28 32 40 41 61 62 66 67 69 71 
61 59 56 40 32 28 25 29 19 15 18 18 25 28 32 40 41 61 62 66 67 68 69 71 
61 59 56 40 32 28 25 18 18 25 28 32 40 56 58 63 66 67 68 69 71 
61 41 40 39 33 30 24 16 18 18 25 28 32 40 41 61 62 54 65 68 69 71 
61 41 40 32 35 37 36 29 25 18 18 25 28 32 40 41 46 54 65 68 67 69 71 
61 59 56 40 32 28 25 29 19 15 18 18 25 28 32 40 41 46 54 62 66 67 69 71 
---------------
Request id 19
30 33 39 40 32 28 25 18 16 17 20 24 24 24 30 33 39 40 41 61 62 54 65 64 70 74 
30 24 24 24 30 33 39 40 56 59 61 62 54 65 64 70 74 
30 33 39 38 42 51 56 40 32 28 26 23 24 24 24 27 31 34 38 39 40 41 46 54 65 64 70 74 
30 33 39 38 34 31 27 22 21 17 20 24 24 24 30 33 39 40 41 46 48 57 60 64 70 74 
30 33 39 38 34 31 27 22 21 17 16 24 24 24 30 33 39 40 56 59 61 62 54 65 64 70 74 
30 24 24 24 30 33 39 40 41 46 54 65 64 70 74 
30 33 39 38 34 31 27 22 21 17 16 24 24 24 23 26 28 32 40 41 46 48 57 60 64 70 74 
30 33 39 40 32 28 25 18 16 17 20 24 24 24 23 26 28 32 40 41 61 62 54 65 64 70 74 
30 33 39 38 42 51 56 40 32 28 26 23 24 24 24 16 18 25 28 32 40 41 46 54 65 64 70 74 
30 24 24 24 23 26 28 32 40 41 46 54 65 64 70 74 
30 33 39 38 34 31 27 24 24 24 30 33 39 40 41 46 54 65 64 70 74 
30 33 39 40 32 28 25 18 16 24 24 24 30 33 39 40 41 46 54 65 64 70 74 
30 33 39 38 34 31 27 22 21 17 16 24 24 24 23 26 28 32 40 41 46 54 65 64 70 74 
30 33 39 40 32 28 25 18 13 11 16 24 24 24 30 33 39 40 41 61 62 54 65 64 70 74 
30 33 39 38 34 31 27 22 21 17 16 24 24 24 23 26 28 32 40 41 61 62 54 65 64 70 74 
30 33 39 38 34 31 27 24 24 24 30 33 39 40 41 46 48 57 60 64 70 74 
30 33 39 40 32 28 25 18 16 24 24 24 23 26 28 32 40 41 46 54 65 64 70 74 
30 33 39 38 34 31 27 24 24 24 16 18 25 28 32 40 41 46 54 65 64 70 74 
30 33 39 38 34 31 27 22 21 17 20 24 24 24 30 33 39 40 41 61 62 54 65 64 70 74 
30 33 39 38 34 31 27 22 21 17 20 24 24 24 23 26 28 32 40 41 61 62 54 65 64 70 74 
30 33 39 40 56 51 42 38 34 31 27 24 24 24 30 33 39 40 56 59 61 62 54 65 64 70 74 
30 24 24 24 30 33 39 40 41 46 48 57 60 64 70 74 
30 33 39 40 56 51 42 38 34 31 27 24 24 24 27 31 34 38 39 40 41 46 54 65 64 70 74 
30 33 39 38 34 31 27 22 21 17 20 24 24 24 23 26 28 32 40 41 46 48 57 60 64 70 74 
30 33 39 38 42 51 56 40 32 28 26 23 24 24 24 23 26 28 32 40 41 46 54 65 64 70 74 
30 24 24 24 27 31 34 38 39 40 41 46 54 65 64 70 74 
30 33 39 40 32 28 25 18 13 11 16 24 24 24 30 33 39 40 41 46 54 65 64 70 74 
30 33 39 40 32 28 26 23 24 24 24 30 33 39 40 41 61 62 54 65 64 70 74 
30 33 39 38 34 31 27 24 24 24 23 26 28 32 40 41 46 48 57 60 64 70 74 
30 33 39 40 32 28 25 18 13 11 16 24 24 24 23 26 28 32 40 41 61 62 54 65 64 70 74 
30 33 39 40 32 28 25 18 16 17 20 24 24 24 30 33 39 40 41 46 54 65 64 70 74 
30 33 39 40 56 51 42 38 34 31 27 24 24 24 30 33 39 40 41 46 48 57 60 64 70 74 
30 33 39 38 34 31 27 22 21 17 20 24 24 24 30 33 39 40 56 59 61 62 54 65 64 70 74 
30 33 39 38 42 51 56 40 32 28 26 23 24 24 24 23 26 28 32 40 41 46 48 57 60 64 70 74 
30 24 24 24 16 18 25 28 32 40 41 46 54 65 64 70 74 
30 33 39 38 34 31 27 24 24 24 23 26 28 32 40 41 61 62 54 65 64 70 74 
30 33 39 40 32 28 25 18 13 11 16 24 24 24 23 26 28 32 40 41 46 48 57 60 64 70 74 
30 33 39 40 32 28 26 23 24 24 24 30 33 39 40 41 46 48 57 60 64 70 74 
30 33 39 38 34 31 27 24 24 24 30 33 39 40 41 61 62 54 65 64 70 74 
30 24 24 24 23 26 28 32 40 41 61 62 54 65 64 70 74 
---------------
Request id 26
45 37 36 29 25 28 26 23 24 16 18 13 11 16 17 20 24 23 26 28 25 
45 37 36 29 25 28 26 23 24 16 18 15 19 29 36 37 35 32 28 25 
45 37 35 32 28 25 29 19 15 18 15 19 29 25 
45 37 35 32 28 25 18 16 17 20 24 23 26 28 25 
45 37 35 32 28 26 23 24 16 18 15 19 29 36 37 35 32 28 25 
45 44 48 46 41 40 32 28 25 18 13 11 16 17 20 24 23 26 28 25 
45 37 35 32 28 26 23 24 16 18 15 19 29 25 
45 37 35 32 28 25 29 19 15 18 16 24 23 26 28 25 
45 37 36 29 19 15 18 13 11 16 17 20 24 23 26 28 25 
45 37 36 29 25 18 16 24 30 33 39 40 32 28 25 
45 37 35 32 28 25 29 19 15 18 13 11 16 17 20 24 23 26 28 25 
45 37 36 29 19 15 18 15 19 29 25 
45 44 48 46 41 40 32 28 25 18 13 11 16 24 23 26 28 25 
45 37 35 32 28 25 18 16 11 13 0 2 9 15 19 29 25 
45 37 36 29 25 28 26 23 24 16 18 16 17 20 24 23 26 28 25 
45 37 35 32 28 25 18 25 
45 37 35 32 28 26 23 24 20 17 16 18 15 19 29 25 
45 37 35 32 28 26 23 24 20 17 16 18 25 
45 37 35 32 28 25 29 19 15 18 16 11 13 0 2 9 15 19 29 25 
45 37 35 32 40 39 33 30 24 16 18 15 19 29 36 37 35 32 28 25 
45 37 36 29 19 15 9 2 0 13 18 16 24 30 33 39 40 32 28 25 
45 37 36 29 19 15 9 2 0 13 18 25 
45 37 35 32 40 39 33 30 24 16 18 13 0 2 9 15 19 29 25 
45 37 35 32 40 39 33 30 24 16 18 25 
45 37 35 32 40 39 33 30 24 16 18 13 11 16 24 23 26 28 25 
45 37 35 32 28 25 18 13 0 2 9 15 19 29 25 
45 37 36 29 25 28 26 23 24 16 18 25 
45 37 35 32 28 26 23 24 20 17 16 18 16 24 30 33 39 40 32 28 25 
45 37 35 32 28 25 29 19 15 18 16 24 30 33 39 40 32 28 25 
45 37 36 29 19 15 9 2 0 13 18 13 0 2 9 15 19 29 25 
45 44 48 46 41 40 32 28 25 18 25 
45 37 35 32 28 25 29 19 15 18 15 19 29 36 37 35 32 28 25 
45 37 36 29 19 15 18 16 24 30 33 39 40 32 28 25 
45 37 35 32 28 26 23 24 20 17 16 18 13 11 16 24 23 26 28 25 
45 37 35 32 28 25 29 19 15 18 25 
45 37 35 32 28 26 23 24 16 18 16 24 30 33 39 40 32 28 25 
45 37 36 29 25 18 13 11 16 17 20 24 23 26 28 25 
45 37 35 32 28 25 18 16 24 30 33 39 40 32 28 25 
45 37 36 29 19 15 9 2 0 13 18 13 11 16 17 20 24 23 26 28 25 
45 37 35 32 28 26 23 24 20 17 16 18 13 0 2 9 15 19 29 25 
---------------
Request id 8
31 27 22 21 17 16 24 30 33 39 38 42 51 56 59 61 
31 34 38 39 40 32 28 26 23 24 30 33 39 40 56 59 61 
31 27 22 21 17 20 24 23 26 28 32 40 41 61 
31 27 22 21 17 16 24 23 26 28 32 40 56 59 61 
31 34 38 39 33 30 24 30 33 39 38 42 51 56 59 61 
31 27 22 21 17 14 12 11 16 24 16 18 25 28 32 40 41 61 
31 34 38 39 40 32 28 25 18 16 24 27 31 34 38 39 40 41 61 
31 27 22 21 17 20 24 30 33 39 40 41 61 
31 27 22 21 17 16 24 27 31 34 38 42 51 56 59 61 
31 34 38 39 40 32 28 25 18 16 24 30 33 39 38 42 51 56 59 61 
31 34 38 42 51 56 40 39 33 30 24 23 26 28 32 40 41 61 
31 27 22 21 17 14 12 11 13 18 16 24 30 33 39 40 56 59 61 
31 34 38 39 40 32 28 26 23 24 16 18 25 28 32 40 41 61 
31 27 22 21 17 14 12 11 13 18 16 24 16 18 25 28 32 40 41 61 
31 34 38 39 33 30 24 30 33 39 40 41 61 
31 27 22 21 17 16 24 27 31 34 38 39 40 56 59 61 
31 34 38 39 40 32 28 25 18 16 24 16 18 25 28 32 40 41 61 
31 27 24 23 26 28 32 40 41 61 
31 27 22 21 17 20 24 30 33 39 40 56 59 61 
31 27 22 21 17 14 12 11 13 18 16 24 30 33 39 38 42 51 56 59 61 
31 27 22 21 17 20 24 16 18 25 28 32 40 41 61 
31 34 38 39 33 30 24 27 31 34 38 39 40 41 61 
31 34 38 39 33 30 24 27 31 34 38 39 40 56 59 61 
31 27 22 21 17 20 24 27 31 34 38 39 40 41 61 
31 27 22 21 17 16 18 25 28 26 23 24 27 31 34 38 42 51 56 59 61 
31 27 22 21 17 16 18 25 28 26 23 24 23 26 28 32 40 56 59 61 
31 27 22 21 17 20 24 30 33 39 38 42 51 56 59 61 
31 34 38 42 51 56 40 39 33 30 24 27 31 34 38 39 40 56 59 61 
31 34 38 39 40 32 28 26 23 24 23 26 28 32 40 41 61 
31 34 38 42 51 56 40 39 33 30 24 30 33 39 38 42 51 56 59 61 
31 34 38 42 51 56 40 39 33 30 24 27 31 34 38 42 51 56 59 61 
31 27 22 21 17 14 12 11 16 24 16 18 25 28 32 40 56 59 61 
31 34 38 39 40 32 28 26 23 24 27 31 34 38 39 40 41 61 
31 27 22 21 17 16 18 25 28 26 23 24 27 31 34 38 39 40 41 61 
31 27 22 21 17 14 12 11 16 24 23 26 28 32 40 41 61 
31 34 38 39 40 32 28 25 18 16 24 27 31 34 38 42 51 56 59 61 
31 34 38 39 40 32 28 26 23 24 27 31 34 38 39 40 56 59 61 
31 27 24 27 31 34 38 39 40 41 61 
31 27 22 21 17 14 12 11 16 24 30 33 39 40 41 61 
31 27 22 21 17 14 12 11 13 18 16 24 27 31 34 38 39 40 56 59 61 
---------------
Request id 29
67 66 63 58 56 40 32 28 26 23 24 24 24 16 18 15 9 
67 66 63 58 56 40 39 33 30 24 24 24 16 11 13 3 5 0 2 9 
67 66 62 61 41 40 39 33 30 24 24 24 20 17 16 18 15 9 
67 66 63 58 56 40 39 33 30 24 24 24 16 11 6 3 5 0 2 9 
67 66 62 61 41 40 32 28 26 23 24 24 24 23 26 28 25 18 15 9 
67 66 63 58 56 40 32 28 26 23 24 24 24 16 11 13 3 5 0 2 9 
67 66 62 61 41 40 39 33 30 24 24 24 16 18 15 9 
67 66 63 58 56 40 39 33 30 24 24 24 16 11 13 18 15 9 
67 66 63 58 56 40 32 28 26 23 24 24 24 16 18 13 0 2 9 
67 66 63 58 56 40 32 28 25 18 16 24 24 24 27 22 21 17 16 18 15 9 
67 66 63 58 56 40 32 28 25 18 16 24 24 24 16 11 13 3 5 0 2 9 
67 66 63 58 56 40 32 28 26 23 24 24 24 16 11 6 3 5 0 2 9 
67 66 62 61 41 40 39 38 34 31 27 24 24 24 20 17 16 18 15 9 
67 66 62 54 46 41 40 39 33 30 24 24 24 16 11 13 3 5 0 2 9 
67 66 62 61 41 40 32 28 26 23 24 24 24 16 18 25 29 19 15 9 
67 66 62 61 41 40 39 38 34 31 27 24 24 24 16 11 13 0 2 9 
67 66 63 58 56 51 42 38 34 31 27 24 24 24 16 11 13 18 15 9 
67 66 62 61 41 40 39 38 34 31 27 24 24 24 16 18 13 0 2 9 
67 66 62 61 59 56 40 39 33 30 24 24 24 16 11 6 3 5 0 2 9 
67 66 63 58 56 51 42 38 34 31 27 24 24 24 20 17 16 18 15 9 
67 66 63 58 56 40 32 28 25 18 16 24 24 24 16 18 15 9 
67 66 63 58 56 40 32 28 25 18 16 24 24 24 16 18 13 0 2 9 
67 66 62 54 46 41 40 39 33 30 24 24 24 16 11 13 18 15 9 
67 66 62 54 46 41 40 39 33 30 24 24 24 16 11 13 0 2 9 
67 66 62 61 41 40 32 28 26 23 24 24 24 16 11 13 0 2 9 
67 68 65 54 46 41 40 39 33 30 24 24 24 27 22 21 17 16 18 15 9 
67 66 63 58 56 51 42 38 34 31 27 24 24 24 16 11 13 3 5 0 2 9 
67 66 63 58 56 40 39 33 30 24 24 24 27 22 21 17 16 18 15 9 
67 66 62 61 41 40 39 38 34 31 27 24 24 24 16 18 15 9 
67 66 62 61 59 56 40 39 33 30 24 24 24 16 11 13 3 5 0 2 9 
67 66 63 58 56 40 32 28 26 23 24 24 24 16 11 13 0 2 9 
67 66 62 61 41 40 39 38 34 31 27 24 24 24 16 11 13 3 5 0 2 9 
67 66 62 54 46 41 40 39 33 30 24 24 24 16 18 13 0 2 9 
67 66 62 61 59 56 40 39 33 30 24 24 24 16 18 25 29 19 15 9 
67 66 62 61 59 56 40 39 33 30 24 24 24 23 26 28 25 18 15 9 
67 66 62 54 46 41 40 39 33 30 24 24 24 23 26 28 25 18 15 9 
67 66 62 61 41 40 39 33 30 24 24 24 16 11 13 3 5 0 2 9 
67 66 63 58 56 51 42 38 34 31 27 24 24 24 23 26 28 25 18 15 9 
67 68 65 54 46 41 40 39 33 30 24 24 24 16 18 25 29 19 15 9 
67 66 62 61 41 40 39 33 30 24 24 24 16 18 25 29 19 15 9 
---------------
Request id 24
49 55 58 56 40 32 28 26 23 24 27 22 21 17 20 
49 55 58 56 40 32 28 25 18 16 24 27 22 21 17 20 
49 55 58 56 40 32 28 25 18 16 24 23 26 28 25 29 19 15 18 16 17 20 
49 42 51 56 40 39 38 34 31 27 24 23 26 28 25 18 16 17 20 
49 42 38 39 33 30 24 16 18 13 3 6 11 12 14 17 20 
49 42 38 34 31 27 24 27 22 21 17 20 
49 42 38 39 33 30 24 16 11 6 8 10 12 14 17 20 
49 42 38 39 40 32 28 26 23 24 27 22 21 17 20 
49 50 53 52 47 43 34 31 27 24 16 11 12 14 17 20 
49 42 38 34 31 27 24 23 26 28 25 29 19 15 18 16 17 20 
49 42 51 56 40 39 38 34 31 27 24 16 18 13 3 6 11 12 14 17 20 
49 55 58 56 40 32 28 25 18 16 24 16 11 12 14 17 20 
49 55 58 56 40 32 28 26 23 24 16 18 13 11 12 14 17 20 
49 55 58 56 40 32 28 26 23 24 16 11 6 8 10 12 14 17 20 
49 42 38 39 40 32 28 26 23 24 23 26 28 25 29 19 15 18 16 17 20 
49 50 53 52 47 43 34 31 27 24 16 18 13 3 6 11 12 14 17 20 
49 42 38 34 31 27 24 16 11 6 8 10 12 14 17 20 
49 42 38 34 31 27 24 23 26 28 25 18 16 17 20 
49 50 53 52 47 43 34 31 27 24 27 22 21 17 20 
49 42 51 56 40 39 38 34 31 27 24 23 26 28 25 18 13 11 16 17 20 
49 42 38 39 33 30 24 27 22 21 17 20 
49 55 58 56 40 39 33 30 24 23 26 28 25 18 16 17 20 
49 42 51 56 40 32 28 26 23 24 23 26 28 25 29 19 15 18 16 17 20 
49 42 38 34 31 27 24 16 18 13 11 12 14 17 20 
49 42 51 56 40 39 33 30 24 16 11 6 8 10 12 14 17 20 
49 55 58 56 40 32 28 26 23 24 20 
49 55 58 56 40 39 33 30 24 16 17 20 
49 42 51 56 40 32 28 26 23 24 23 26 28 25 18 16 17 20 
49 42 38 39 33 30 24 16 18 13 11 12 14 17 20 
49 50 53 52 47 43 34 31 27 24 16 18 13 11 12 14 17 20 
49 42 38 34 31 27 24 20 
49 42 38 34 31 27 24 16 18 13 3 6 11 12 14 17 20 
49 50 53 52 47 43 34 31 27 24 23 26 28 25 18 13 11 16 17 20 
49 42 38 39 40 32 28 26 23 24 16 11 12 14 17 20 
49 55 58 56 40 32 28 25 18 16 24 16 18 13 11 12 14 17 20 
49 42 51 56 40 39 33 30 24 16 17 20 
49 55 58 56 40 39 33 30 24 16 18 13 3 6 11 12 14 17 20 
49 50 53 52 47 43 34 31 27 24 16 11 6 8 10 12 14 17 20 
49 42 38 39 40 32 28 26 23 24 23 26 28 25 18 13 11 16 17 20 
49 42 51 56 40 39 38 34 31 27 24 16 17 20 
---------------
Request id 9
47 52 53 50 49 55 58 56 40 39 33 30 24 24 16 18 13 11 6 
47 43 34 38 39 33 30 24 24 27 22 21 17 16 11 6 
47 52 53 50 49 42 38 34 31 27 24 24 20 17 16 11 13 3 6 
47 52 53 50 49 42 38 39 33 30 24 24 20 17 16 11 6 
47 43 34 31 27 24 24 16 17 14 12 11 6 
47 43 34 38 39 40 32 28 26 23 24 24 20 17 16 11 6 
47 52 53 50 49 42 38 34 31 27 24 24 20 17 14 12 11 6 
47 52 53 50 49 55 58 56 40 39 33 30 24 24 16 11 13 3 6 
47 43 34 31 27 22 21 17 16 24 24 16 17 14 12 11 6 
47 52 53 50 49 42 38 39 33 30 24 24 16 11 6 
47 43 34 38 39 40 32 28 26 23 24 24 16 11 13 3 6 
47 43 34 38 42 51 56 40 39 33 30 24 24 16 18 13 11 6 
47 43 34 38 42 51 56 40 39 33 30 24 24 20 17 16 11 13 3 6 
47 43 34 38 39 33 30 24 24 16 11 12 10 8 6 
47 52 53 50 49 42 38 34 31 27 24 24 16 11 13 3 6 
47 43 34 31 27 22 21 17 20 24 24 16 11 6 
47 43 34 38 39 40 32 28 26 23 24 24 27 22 21 17 16 11 6 
47 43 34 38 39 33 30 24 24 20 17 16 11 6 
47 43 34 31 27 22 21 17 20 24 24 16 11 13 3 6 
47 43 34 38 39 33 30 24 24 16 18 13 3 6 
47 43 34 38 42 51 56 40 39 33 30 24 24 16 18 13 3 6 
47 52 53 50 49 55 58 56 40 39 33 30 24 24 20 17 16 11 6 
47 43 34 31 27 22 21 17 20 24 24 16 17 14 12 11 6 
47 43 34 31 27 22 21 17 20 24 24 16 18 13 3 6 
47 43 34 31 27 24 24 16 11 6 
47 43 34 38 39 33 30 24 24 16 18 13 11 6 
47 43 34 31 27 22 21 17 20 24 24 20 17 16 11 13 3 6 
47 43 34 38 39 33 30 24 24 16 11 13 3 6 
47 43 34 31 27 22 21 17 20 24 24 27 22 21 17 16 11 6 
47 52 53 50 49 55 58 56 40 39 33 30 24 24 20 17 14 12 11 6 
47 52 53 50 49 42 38 34 31 27 24 24 16 11 12 10 8 6 
47 43 34 38 39 40 32 28 26 23 24 24 16 18 13 3 6 
47 43 34 38 39 33 30 24 24 16 17 14 12 11 6 
47 52 53 50 49 42 38 39 33 30 24 24 27 22 21 17 16 11 6 
47 52 53 50 49 42 38 34 31 27 24 24 16 17 14 12 11 6 
47 43 34 31 27 22 21 17 16 24 24 27 22 21 17 16 11 6 
47 52 53 50 49 42 38 39 33 30 24 24 20 17 14 12 11 6 
47 52 53 50 49 55 58 56 40 39 33 30 24 24 20 17 16 11 13 3 6 
47 43 34 31 27 22 21 17 16 24 24 20 17 16 11 13 3 6 
47 43 34 38 39 40 32 28 25 18 16 24 24 16 11 6 
---------------
Request id 28
8 10 12 11 16 18 13 3 3 3 6 11 16 18 25 28 32 40 56 58 63 
8 6 11 16 18 13 3 3 3 13 18 25 28 32 40 56 59 61 62 66 63 
8 10 12 11 6 3 3 3 13 11 16 18 25 28 32 40 56 58 63 
8 7 4 1 3 3 3 13 11 16 18 25 28 32 40 56 58 63 
8 6 11 13 0 5 3 3 3 5 0 13 18 25 28 32 40 56 58 63 
8 7 4 1 3 3 3 13 18 25 28 32 40 41 61 62 66 63 
8 10 12 11 13 0 5 3 3 3 6 11 16 18 25 28 32 40 56 58 63 
8 10 12 11 16 18 13 3 3 3 13 18 25 28 32 40 56 58 63 
8 10 12 11 6 3 3 3 6 11 16 24 30 33 39 40 56 58 63 
8 6 11 13 3 3 3 6 11 16 18 25 28 32 40 56 58 63 
8 6 11 16 18 13 0 5 3 3 3 6 11 16 18 25 28 32 40 56 58 63 
8 6 11 16 18 13 3 3 3 6 11 16 24 30 33 39 40 56 58 63 
8 6 3 3 3 6 11 16 18 25 28 32 40 56 58 63 
8 6 11 13 0 5 3 3 3 6 11 16 18 25 28 32 40 56 58 63 
8 10 12 11 13 0 5 3 3 3 13 18 16 24 30 33 39 40 56 58 63 
8 6 11 16 18 13 0 5 3 3 3 13 11 16 24 30 33 39 40 56 58 63 
8 10 12 11 13 3 3 3 6 11 13 18 25 28 32 40 56 58 63 
8 10 12 11 16 18 13 3 3 3 13 18 16 24 30 33 39 40 56 58 63 
8 10 12 11 13 3 3 3 5 0 13 18 25 28 32 40 56 58 63 
8 6 3 3 3 13 11 16 24 30 33 39 40 56 58 63 
8 6 11 16 18 13 3 3 3 13 18 16 24 30 33 39 40 56 58 63 
8 6 11 13 0 5 3 3 3 13 18 16 24 30 33 39 40 56 58 63 
8 10 12 11 16 18 13 3 3 3 13 11 16 18 25 28 32 40 56 58 63 
8 10 12 11 6 3 3 3 5 0 13 18 25 28 32 40 56 58 63 
8 10 12 11 13 0 5 3 3 3 5 0 13 18 25 28 32 40 56 58 63 
8 10 12 11 6 3 3 3 13 18 25 28 32 40 41 61 62 66 63 
8 6 3 3 3 13 18 16 24 30 33 39 40 56 58 63 
8 6 11 16 18 13 0 5 3 3 3 13 18 16 24 30 33 39 40 56 58 63 
8 10 12 11 13 0 5 3 3 3 13 18 25 28 32 40 56 59 61 62 66 63 
8 7 4 1 3 3 3 6 11 16 18 25 28 32 40 56 58 63 
8 6 11 13 3 3 3 6 11 16 24 30 33 39 40 56 58 63 
8 6 11 16 18 13 0 5 3 3 3 13 11 16 18 25 28 32 40 56 58 63 
8 10 12 11 13 0 5 3 3 3 13 11 16 18 25 28 32 40 56 58 63 
8 10 12 11 16 18 13 3 3 3 13 18 25 28 32 40 41 61 62 66 63 
8 6 11 13 0 5 3 3 3 13 11 16 24 30 33 39 40 56 58 63 
8 7 4 1 3 3 3 13 18 16 24 30 33 39 40 56 58 63 
8 6 3 3 3 5 0 13 18 25 28 32 40 56 58 63 
8 10 12 11 6 3 3 3 13 18 25 28 32 40 56 59 61 62 66 63 
8 7 4 1 3 3 3 13 18 25 28 32 40 56 58 63 
8 6 3 3 3 6 11 16 24 30 33 39 40 56 58 63 
---------------
Request id 7
45 44 48 46 41 40 32 28 25 18 18 18 25 28 32 40 41 46 54 65 68 69 
45 44 48 46 41 40 32 28 25 18 18 18 25 28 32 40 56 58 63 66 67 68 69 
45 37 35 32 28 26 23 24 16 18 18 18 25 28 32 40 41 61 62 66 67 69 
45 37 35 32 28 25 29 19 15 18 18 18 25 28 32 40 56 59 61 62 66 67 69 
45 37 35 32 28 26 23 24 20 17 16 18 18 18 16 24 30 33 39 40 41 46 54 65 68 69 
45 44 48 46 41 40 32 28 25 18 18 18 25 28 32 40 41 46 54 62 66 67 69 
45 37 35 32 28 26 23 24 20 17 16 18 18 18 25 28 32 40 56 58 63 66 67 68 69 
45 37 35 32 28 26 23 24 16 18 18 18 25 28 32 40 56 58 63 66 67 68 69 
45 37 36 29 25 28 26 23 24 16 18 18 18 25 28 32 40 41 61 62 66 67 68 69 
45 37 36 29 19 15 9 2 0 13 18 18 18 25 28 32 40 56 59 61 62 66 67 69 
45 37 35 32 28 25 29 19 15 18 18 18 25 28 32 40 41 61 62 66 67 69 
45 37 36 29 19 15 18 18 18 16 24 30 33 39 40 41 46 54 65 68 69 
45 37 35 32 40 39 33 30 24 16 18 18 18 25 28 32 40 56 58 63 66 67 68 69 
45 37 36 29 25 18 18 18 25 28 32 40 41 61 62 66 67 68 69 
45 37 36 29 25 18 18 18 25 28 32 40 41 46 54 65 68 67 69 
45 37 35 32 28 26 23 24 16 18 18 18 25 28 32 40 56 58 63 66 67 69 
45 37 36 29 19 15 9 2 0 13 18 18 18 25 28 32 40 41 46 54 62 66 67 69 
45 37 35 32 28 25 18 18 18 25 28 32 40 41 46 54 65 68 67 69 
45 37 36 29 19 15 9 2 0 13 18 18 18 25 28 32 40 41 61 62 54 65 68 69 
45 37 35 32 28 26 23 24 20 17 16 18 18 18 25 28 32 40 56 58 63 66 67 69 
45 37 36 29 19 15 18 18 18 25 28 32 40 56 58 63 66 67 69 
45 37 36 29 19 15 18 18 18 25 28 32 40 41 46 54 65 68 67 69 
45 37 36 29 25 18 18 18 25 28 32 40 56 58 63 66 67 69 
45 37 35 32 28 26 23 24 16 18 18 18 25 28 32 40 41 61 62 54 65 68 69 
45 37 35 32 28 25 18 18 18 25 28 32 40 41 61 62 66 67 68 69 
45 37 35 32 28 26 23 24 16 18 18 18 25 28 32 40 56 59 61 62 66 67 69 
45 37 36 29 25 28 26 23 24 16 18 18 18 25 28 32 40 41 61 62 54 65 68 69 
45 37 36 29 25 28 26 23 24 16 18 18 18 25 28 32 40 41 46 54 65 68 69 
45 37 35 32 28 25 29 19 15 18 18 18 25 28 32 40 56 58 63 66 67 68 69 
45 37 36 29 25 18 18 18 25 28 32 40 41 61 62 54 65 68 69 
45 37 36 29 19 15 9 2 0 13 18 18 18 25 28 32 40 56 58 63 66 67 68 69 
45 37 35 32 28 25 29 19 15 18 18 18 25 28 32 40 41 46 54 62 66 67 69 
45 37 35 32 40 39 33 30 24 16 18 18 18 25 28 32 40 41 61 62 66 67 69 
45 37 36 29 19 15 9 2 0 13 18 18 18 25 28 32 40 56 58 63 66 67 69 
45 37 35 32 28 26 23 24 20 17 16 18 18 18 25 28 32 40 41 46 54 62 66 67 69 
45 37 36 29 19 15 9 2 0 13 18 18 18 16 24 30 33 39 40 41 46 54 65 68 69 
45 37 36 29 25 28 26 23 24 16 18 18 18 25 28 32 40 56 58 63 66 67 68 69 
45 37 35 32 40 39 33 30 24 16 18 18 18 16 24 30 33 39 40 41 46 54 65 68 69 
45 37 36 29 19 15 18 18 18 25 28 32 40 56 59 61 62 66 67 69 
45 37 35 32 40 39 33 30 24 16 18 18 18 25 28 32 40 41 61 62 66 67 68 69 
---------------
Request id 13
48 44 45 37 36 29 19 15 18 18 16 17 20 24 30 33 39 40 41 61 
48 44 45 37 36 29 25 18 18 25 28 32 40 56 59 61 
48 46 41 40 32 28 26 23 24 16 18 18 13 11 16 24 30 33 39 40 41 61 
48 46 41 40 32 28 25 29 19 15 18 18 25 28 32 40 56 59 61 
48 44 45 37 36 29 19 15 18 18 25 28 32 40 41 46 54 62 61 
48 44 45 37 36 29 19 15 18 18 15 19 29 25 28 32 40 41 61 
48 44 45 37 36 29 19 15 18 18 25 28 32 40 41 61 
48 46 41 61 59 56 40 32 28 25 18 18 16 17 20 24 30 33 39 40 41 61 
48 44 45 37 36 29 25 18 18 16 17 20 24 30 33 39 40 41 61 
48 46 41 40 32 35 37 36 29 25 18 18 16 17 20 24 30 33 39 40 41 61 
48 46 41 40 39 33 30 24 16 18 18 16 17 20 24 30 33 39 40 41 61 
48 46 41 40 32 28 25 18 18 15 19 29 25 28 32 40 41 61 
48 46 54 62 61 41 40 32 28 25 18 18 16 24 23 26 28 32 40 41 61 
48 44 45 37 36 29 19 15 18 18 25 29 36 37 35 32 40 41 61 
48 44 45 37 36 29 25 18 18 25 28 32 40 41 61 
48 44 45 37 36 29 25 18 18 16 24 30 33 39 40 56 59 61 
48 44 45 37 36 29 25 18 18 25 29 36 37 35 32 40 41 61 
48 46 41 40 32 35 37 36 29 25 18 18 16 24 30 33 39 40 56 59 61 
48 46 41 40 32 28 25 29 19 15 18 18 25 28 32 40 41 46 54 62 61 
48 46 41 40 32 28 26 23 24 16 18 18 15 19 29 25 28 32 40 41 61 
48 46 41 40 39 33 30 24 16 18 18 15 19 29 25 28 32 40 41 61 
48 46 41 61 59 56 40 32 28 25 18 18 15 19 29 25 28 32 40 41 61 
48 44 45 37 36 29 19 15 18 18 16 24 23 26 28 32 40 41 61 
48 46 41 40 32 28 25 29 19 15 18 18 25 28 32 40 41 61 
48 44 45 37 35 32 28 25 18 18 16 24 30 33 39 40 56 59 61 
48 46 41 40 32 28 26 23 24 16 18 18 16 24 30 33 39 40 56 59 61 
48 46 41 40 39 33 30 24 16 18 18 16 24 30 33 39 40 56 59 61 
48 46 41 40 32 35 37 36 29 25 18 18 16 24 23 26 28 32 40 41 61 
48 46 41 40 32 28 26 23 24 16 18 18 16 17 20 24 30 33 39 40 41 61 
48 46 41 40 32 28 25 18 18 16 24 30 33 39 40 56 59 61 
48 46 41 40 39 33 30 24 16 18 18 25 28 32 40 41 61 
48 44 45 37 35 32 28 25 18 18 25 28 32 40 41 46 54 62 61 
48 44 45 37 36 29 19 15 18 18 25 28 32 40 56 59 61 
48 44 45 37 35 32 28 25 18 18 16 17 20 24 30 33 39 40 41 61 
48 44 45 37 35 32 28 25 18 18 25 28 32 40 41 61 
48 46 41 40 39 33 30 24 16 18 18 16 24 23 26 28 32 40 41 61 
48 46 41 40 32 28 25 29 19 15 18 18 16 24 30 33 39 40 56 59 61 
48 44 45 37 35 32 28 25 18 18 16 24 30 33 39 40 41 61 
48 46 41 40 32 28 25 18 18 16 24 23 26 28 32 40 41 61 
48 46 41 40 32 35 37 36 29 25 18 18 25 28 32 40 56 59 61 
---------------
Request id 21
26 28 25 18 13 3 6 11 16 24 20 17 16 11 12 
26 28 25 18 16 24 16 11 12 
26 28 25 29 19 15 18 16 24 16 11 12 
26 28 25 18 13 11 16 17 20 24 27 22 21 17 16 11 12 
26 28 25 18 16 17 21 22 27 24 16 18 13 3 6 11 12 
26 23 24 16 11 12 
26 28 25 18 13 11 16 17 20 24 20 17 16 11 12 
26 28 25 18 13 11 16 17 20 24 16 11 6 8 10 12 
26 28 25 18 16 24 20 17 16 11 12 
26 28 25 18 13 11 16 17 20 24 16 17 14 12 
26 28 25 18 13 3 6 11 16 24 27 22 21 17 16 11 12 
26 28 25 18 13 11 16 24 16 11 12 
26 28 25 18 13 3 6 11 16 24 16 11 6 8 10 12 
26 28 25 18 16 17 20 24 20 17 16 11 12 
26 28 25 18 13 11 16 17 20 24 16 18 13 3 6 11 12 
26 28 25 18 13 3 6 11 16 24 16 17 14 12 
26 28 25 18 16 17 20 24 16 18 13 3 6 11 12 
26 28 25 18 16 17 20 24 16 11 6 8 10 12 
26 28 25 29 19 15 18 16 24 20 17 16 18 13 11 12 
26 28 32 40 39 33 30 24 27 22 21 17 14 12 
26 28 32 40 39 33 30 24 27 22 21 17 16 11 12 
26 28 25 18 13 3 6 11 16 24 16 18 13 11 12 
26 28 32 40 39 33 30 24 20 17 16 11 12 
26 23 24 27 22 21 17 14 12 
26 23 24 16 11 6 8 10 12 
26 28 32 40 39 38 34 31 27 24 27 22 21 17 16 11 12 
26 28 32 40 39 38 34 31 27 24 20 17 16 18 13 11 12 
26 28 25 18 16 17 21 22 27 24 20 17 16 11 12 
26 28 25 18 16 17 20 24 27 22 21 17 14 12 
26 28 32 40 39 33 30 24 20 17 16 18 13 11 12 
26 28 25 18 16 17 20 24 16 18 13 11 12 
26 23 24 16 18 13 11 12 
26 28 25 18 16 24 16 18 13 3 6 11 12 
26 28 25 18 13 3 6 11 16 24 16 18 13 3 6 11 12 
26 28 25 18 13 3 6 11 16 24 27 22 21 17 14 12 
26 28 25 18 13 11 16 24 27 22 21 17 14 12 
26 28 32 40 39 38 34 31 27 24 20 17 16 11 12 
26 28 25 18 16 17 21 22 27 24 16 17 14 12 
26 23 24 20 17 14 12 
26 28 25 29 19 15 18 16 24 16 11 6 8 10 12 
---------------
Request id 4
33 39 40 32 28 26 23 24 24 23 26 28 32 40 41 46 48 57 60 64 
33 39 40 32 28 25 18 16 24 24 27 31 34 38 39 40 41 46 54 65 64 
33 39 40 32 28 25 18 16 24 24 30 33 39 40 41 46 54 65 64 
33 39 40 32 28 25 18 13 11 16 24 24 27 31 34 38 39 40 41 46 54 65 64 
33 39 40 32 28 26 23 24 24 30 33 39 40 41 46 54 65 64 
33 39 40 56 51 42 38 34 31 27 24 24 30 33 39 40 56 58 63 66 67 68 65 64 
33 39 38 34 31 27 22 21 17 20 24 24 16 18 25 28 32 40 41 46 54 65 64 
33 30 24 24 30 33 39 40 41 61 62 54 65 64 
33 39 40 32 28 26 23 24 24 16 18 25 28 32 40 41 46 54 65 64 
33 39 40 32 28 25 18 16 24 24 30 33 39 40 41 46 48 57 60 64 
33 39 40 32 28 25 18 16 24 24 30 33 39 40 56 58 63 66 67 68 65 64 
33 39 38 42 51 56 40 32 28 26 23 24 24 30 33 39 40 41 61 62 54 65 64 
33 39 40 32 28 25 18 16 24 24 23 26 28 32 40 41 46 54 65 64 
33 39 38 42 51 56 40 32 28 26 23 24 24 23 26 28 32 40 41 46 54 65 64 
33 39 40 32 28 26 23 24 24 30 33 39 40 41 61 62 54 65 64 
33 39 40 32 28 25 18 16 17 20 24 24 23 26 28 32 40 41 46 48 57 60 64 
33 39 40 32 28 25 18 16 24 24 23 26 28 32 40 41 46 48 57 60 64 
33 30 24 24 23 26 28 32 40 41 46 48 57 60 64 
33 39 40 56 51 42 38 34 31 27 24 24 23 26 28 32 40 41 46 48 57 60 64 
33 39 38 34 31 27 24 24 16 18 25 28 32 40 41 46 54 65 64 
33 39 40 32 28 26 23 24 24 30 33 39 40 56 59 61 62 54 65 64 
33 39 38 34 31 27 22 21 17 16 24 24 30 33 39 40 41 61 62 54 65 64 
33 39 40 56 51 42 38 34 31 27 24 24 30 33 39 40 56 59 61 62 54 65 64 
33 39 38 34 31 27 22 21 17 20 24 24 30 33 39 40 56 58 63 66 67 68 65 64 
33 39 40 32 28 26 23 24 24 30 33 39 40 56 58 63 66 67 68 65 64 
33 39 38 34 31 27 22 21 17 20 24 24 30 33 39 40 41 61 62 54 65 64 
33 39 38 34 31 27 24 24 23 26 28 32 40 41 46 54 65 64 
33 39 38 34 31 27 22 21 17 20 24 24 23 26 28 32 40 41 46 48 57 60 64 
33 39 40 32 28 25 18 16 24 24 16 18 25 28 32 40 41 46 54 65 64 
33 39 40 32 28 25 18 13 11 16 24 24 30 33 39 40 41 46 54 65 64 
33 39 40 32 28 25 18 13 11 16 24 24 30 33 39 40 56 59 61 62 54 65 64 
33 39 38 34 31 27 24 24 30 33 39 40 56 59 61 62 54 65 64 
33 39 40 56 51 42 38 34 31 27 24 24 23 26 28 32 40 41 61 62 54 65 64 
33 39 40 32 28 26 23 24 24 23 26 28 32 40 41 46 54 65 64 
33 39 40 32 28 26 23 24 24 27 31 34 38 39 40 41 46 54 65 64 
33 39 38 34 31 27 22 21 17 16 24 24 30 33 39 40 56 59 61 62 54 65 64 
33 39 38 42 51 56 40 32 28 26 23 24 24 30 33 39 40 56 58 63 66 67 68 65 64 
33 39 40 32 28 25 18 16 17 20 24 24 16 18 25 28 32 40 41 46 54 65 64 
33 39 38 34 31 27 22 21 17 16 24 24 30 33 39 40 56 58 63 66 67 68 65 64 
33 39 38 42 51 56 40 32 28 26 23 24 24 23 26 28 32 40 41 61 62 54 65 64 
---------------
Request id 16
1 4 7 8 6 3 3 13 18 16 24 27 31 34 
1 4 7 8 6 11 13 0 5 3 3 13 11 16 24 30 33 39 38 34 
1 4 7 8 6 11 13 0 5 3 3 13 11 16 24 27 31 34 
1 4 7 8 6 11 16 18 13 3 3 6 11 16 24 30 33 39 38 34 
1 4 7 8 10 12 11 13 0 5 3 3 13 11 16 24 27 31 34 
1 4 7 8 6 11 16 18 13 0 5 3 3 13 11 16 24 30 33 39 38 34 
1 4 7 8 10 12 11 16 18 13 3 3 13 11 16 24 30 33 39 38 34 
1 3 3 6 11 16 17 20 24 27 31 34 
1 4 7 8 10 12 11 16 18 13 3 3 6 11 16 24 27 31 34 
1 4 7 8 10 12 11 6 3 3 6 11 16 24 27 31 34 
1 4 7 8 10 12 11 16 18 13 3 3 13 18 16 17 20 24 27 31 34 
1 3 3 6 11 16 24 27 31 34 
1 4 7 8 10 12 11 6 3 3 6 11 16 24 30 33 39 38 34 
1 4 7 8 10 12 11 13 0 5 3 3 6 11 16 24 30 33 39 38 34 
1 4 7 8 6 11 16 18 13 3 3 6 11 16 17 20 24 27 31 34 
1 4 7 8 10 12 11 16 18 13 3 3 6 11 16 24 30 33 39 38 34 
1 4 7 8 6 11 13 3 3 13 18 16 24 30 33 39 38 34 
1 4 7 8 6 11 13 0 5 3 3 6 11 16 24 30 33 39 38 34 
1 3 3 13 11 16 24 30 33 39 38 34 
1 4 7 8 10 12 11 13 3 3 6 11 16 24 27 31 34 
1 4 7 8 10 12 11 16 18 13 3 3 13 18 25 28 32 40 39 38 34 
1 3 3 13 18 16 24 27 31 34 
1 4 7 8 6 11 16 18 13 0 5 3 3 6 11 16 24 27 31 34 
1 4 7 8 10 12 11 6 3 3 13 18 16 24 27 31 34 
1 4 7 8 6 11 13 3 3 6 11 16 24 30 33 39 38 34 
1 4 7 8 10 12 11 13 0 5 3 3 13 18 16 24 30 33 39 38 34 
1 3 3 13 18 16 24 30 33 39 38 34 
1 4 7 8 10 12 11 13 3 3 5 0 13 11 16 24 27 31 34 
1 3 3 13 11 16 24 27 31 34 
1 4 7 8 6 11 16 18 13 0 5 3 3 6 11 16 17 20 24 27 31 34 
1 4 7 8 6 11 16 18 13 3 3 13 18 25 28 32 40 39 38 34 
1 4 7 8 6 3 3 5 0 13 11 16 24 27 31 34 
1 3 3 5 0 13 11 16 24 27 31 34 
1 4 7 8 10 12 11 6 3 3 13 18 16 17 20 24 27 31 34 
1 3 3 13 18 25 28 32 40 39 38 34 
1 4 7 8 6 3 3 6 11 16 24 30 33 39 38 34 
1 4 7 8 10 12 11 16 18 13 3 3 6 11 16 17 20 24 27 31 34 
1 4 7 8 10 12 11 13 0 5 3 3 13 18 16 24 27 31 34 
1 4 7 8 10 12 11 6 3 3 13 18 25 28 32 40 39 38 34 
1 4 7 8 6 3 3 13 18 16 24 30 33 39 38 34 
---------------
Request id 20
73 74 70 64 60 57 48 46 41 40 32 28 25 18 13 11 16 17 21 22 27 
73 74 70 64 65 54 46 48 44 45 37 36 29 25 18 16 24 20 17 21 22 27 
73 72 71 69 68 65 54 62 61 41 40 32 28 25 18 16 11 12 14 17 20 24 27 
73 72 71 69 67 66 63 58 56 40 32 28 25 18 13 3 6 11 16 24 27 
73 72 71 69 68 65 54 62 61 41 40 32 28 25 18 13 11 16 24 27 
73 74 70 64 65 54 46 41 40 32 28 25 18 13 11 16 17 21 22 27 
73 72 71 69 67 66 62 61 41 40 32 28 25 18 16 11 12 14 17 20 24 27 
73 74 70 64 65 54 46 48 44 45 37 36 29 25 18 16 24 27 
73 72 71 69 67 66 62 61 41 40 32 28 25 18 13 11 16 24 27 
73 72 71 69 68 65 54 46 41 40 32 28 25 18 13 11 16 17 20 24 27 
73 74 70 64 60 57 48 46 41 40 32 28 25 18 16 11 12 14 17 20 24 27 
73 72 71 69 68 65 54 46 41 40 32 28 25 18 16 17 20 24 27 
73 74 70 64 60 57 48 44 45 37 36 29 25 18 16 17 21 22 27 
73 74 70 64 60 57 48 44 45 37 35 32 28 25 18 16 24 27 
73 72 71 69 68 65 54 62 61 41 40 32 28 25 18 25 28 26 23 24 27 
73 72 71 69 68 65 54 62 61 41 40 32 28 25 18 16 17 21 22 27 
73 74 70 64 65 54 46 41 40 32 28 25 18 13 3 6 11 16 24 27 
73 74 70 64 65 54 46 41 40 32 28 25 18 16 24 20 17 21 22 27 
73 72 71 69 67 66 63 58 56 40 32 28 25 18 13 11 16 17 20 24 27 
73 74 70 64 60 57 48 46 41 40 32 28 25 18 16 17 21 22 27 
73 74 70 64 60 57 48 46 41 40 32 28 25 18 13 3 6 11 16 24 27 
73 74 70 64 65 54 62 61 41 40 32 28 25 18 25 28 26 23 24 27 
73 74 70 64 65 54 46 41 40 32 28 25 18 13 11 16 24 27 
73 72 71 69 68 65 54 62 61 41 40 32 28 25 18 16 17 20 24 27 
73 72 71 69 67 66 62 61 41 40 32 28 25 18 13 11 16 17 21 22 27 
73 72 71 69 68 65 54 46 41 40 32 28 25 18 25 28 26 23 24 27 
73 74 70 64 65 54 46 48 44 45 37 36 29 25 18 25 28 26 23 24 27 
73 74 70 64 60 57 48 44 45 37 35 32 28 25 18 13 3 6 11 16 24 27 
73 74 70 64 60 57 48 44 45 37 36 29 25 18 16 17 20 24 27 
73 74 70 64 60 57 48 46 41 40 32 28 25 18 16 17 20 24 27 
73 74 70 64 60 57 48 44 45 37 36 29 25 18 16 24 20 17 21 22 27 
73 72 71 69 67 66 62 61 41 40 32 28 25 18 16 24 20 17 21 22 27 
73 74 70 64 60 57 48 44 45 37 35 32 28 25 18 16 11 12 14 17 20 24 27 
73 74 70 64 65 54 62 61 41 40 32 28 25 18 13 11 16 17 21 22 27 
73 74 70 64 65 54 62 61 41 40 32 28 25 18 13 11 16 24 27 
73 74 70 64 65 54 46 41 40 32 28 25 18 16 17 21 22 27 
73 72 71 69 67 66 62 61 41 40 32 28 25 18 16 24 27 
73 74 70 64 60 57 48 44 45 37 36 29 25 18 16 11 12 14 17 20 24 27 
73 72 71 69 68 65 54 46 41 40 32 28 25 18 13 3 6 11 16 24 27 
73 72 71 69 68 65 54 46 41 40 32 28 25 18 16 24 20 17 21 22 27 
---------------
Request id 1
20 24 16 11 12 14 17 17 17 21 22 27 24 30 33 39 38 42 
20 17 17 17 21 22 27 31 34 38 42 
20 24 23 26 28 25 18 16 17 17 17 21 22 27 24 30 33 39 38 42 
20 24 23 26 28 25 18 13 11 16 17 17 17 16 24 27 31 34 38 42 
20 24 16 18 13 3 6 11 12 14 17 17 17 16 18 25 28 32 40 56 51 42 
20 17 17 17 16 24 27 31 34 38 42 
20 24 16 11 12 14 17 17 17 16 24 30 33 39 38 42 
20 24 23 26 28 25 18 16 17 17 17 16 24 30 33 39 40 56 51 42 
20 24 23 26 28 25 29 19 15 18 16 17 17 17 20 24 27 31 34 38 42 
20 24 16 17 17 17 21 22 27 24 30 33 39 38 42 
20 24 23 26 28 25 29 19 15 18 16 17 17 17 16 24 30 33 39 40 56 51 42 
20 24 16 11 12 14 17 17 17 16 24 27 31 34 38 42 
20 24 27 22 21 17 17 17 16 18 25 28 32 40 39 38 42 
20 24 16 18 13 11 12 14 17 17 17 21 22 27 24 30 33 39 38 42 
20 24 16 11 12 14 17 17 17 16 18 25 28 32 40 56 51 42 
20 24 27 22 21 17 17 17 16 18 25 28 32 40 56 51 42 
20 24 16 11 6 8 10 12 14 17 17 17 16 24 30 33 39 38 42 
20 24 23 26 28 25 18 16 17 17 17 16 18 25 28 32 40 56 51 42 
20 24 23 26 28 25 29 19 15 18 16 17 17 17 16 18 25 28 32 40 56 51 42 
20 24 23 26 28 25 18 13 11 16 17 17 17 16 24 30 33 39 40 56 51 42 
20 24 27 22 21 17 17 17 20 24 27 31 34 38 42 
20 24 16 18 13 3 6 11 12 14 17 17 17 21 22 27 31 34 38 42 
20 24 27 22 21 17 17 17 21 22 27 31 34 38 42 
20 24 16 17 17 17 16 18 25 28 32 40 56 51 42 
20 24 16 17 17 17 16 18 25 28 32 40 39 38 42 
20 24 23 26 28 25 18 13 11 16 17 17 17 21 22 27 31 34 38 42 
20 24 16 11 12 14 17 17 17 16 24 30 33 39 40 56 51 42 
20 17 17 17 16 18 25 28 32 40 39 38 42 
20 24 16 18 13 11 12 14 17 17 17 16 24 27 31 34 38 42 
20 24 23 26 28 25 18 13 11 16 17 17 17 20 24 30 33 39 38 42 
20 17 17 17 20 24 30 33 39 38 42 
20 24 16 18 13 11 12 14 17 17 17 16 18 25 28 32 40 39 38 42 
20 24 23 26 28 25 18 16 17 17 17 21 22 27 31 34 38 42 
20 24 16 11 6 8 10 12 14 17 17 17 21 22 27 24 30 33 39 38 42 
20 24 16 18 13 3 6 11 12 14 17 17 17 20 24 27 31 34 38 42 
20 24 23 26 28 25 29 19 15 18 16 17 17 17 20 24 30 33 39 38 42 
20 24 23 26 28 25 18 16 17 17 17 16 24 27 31 34 38 42 
20 24 23 26 28 25 29 19 15 18 16 17 17 17 20 24 30 33 39 40 56 51 42 
20 24 23 26 28 25 18 16 17 17 17 20 24 27 31 34 38 42 
20 24 16 11 6 8 10 12 14 17 17 17 20 24 30 33 39 38 42 
---------------
Request id 6
44 48 46 41 40 32 28 25 29 19 15 18 18 13 3 1 4 7 8 
44 48 46 41 61 59 56 40 32 28 25 18 18 16 17 14 12 11 6 8 
44 45 37 35 32 28 26 23 24 16 18 18 16 11 13 3 6 8 
44 45 37 35 32 28 25 18 18 16 17 14 12 11 6 8 
44 48 46 41 61 59 56 40 32 28 25 18 18 16 17 14 12 10 8 
44 48 46 41 40 39 33 30 24 16 18 18 16 11 13 3 6 8 
44 48 46 41 40 32 28 25 18 18 16 17 14 12 11 6 8 
44 45 37 36 29 19 15 9 2 0 13 18 18 13 0 5 3 6 8 
44 48 46 41 40 39 33 30 24 16 18 18 16 17 14 12 11 6 8 
44 48 46 41 61 59 56 40 32 28 25 18 18 13 0 5 3 6 8 
44 48 46 41 40 32 28 25 29 19 15 18 18 13 3 6 8 
44 48 46 41 40 32 28 25 29 19 15 18 18 16 17 14 12 11 6 8 
44 45 37 36 29 19 15 9 2 0 13 18 18 13 3 6 8 
44 45 37 36 29 19 15 9 2 0 13 18 18 13 11 12 10 8 
44 45 37 36 29 19 15 18 18 13 11 12 10 8 
44 45 37 36 29 25 18 18 16 11 6 8 
44 45 37 36 29 25 18 18 16 17 14 12 11 6 8 
44 48 46 41 40 32 28 25 29 19 15 18 18 16 11 12 10 8 
44 45 37 35 32 28 25 18 18 13 3 6 8 
44 45 37 36 29 19 15 18 18 16 11 6 8 
44 45 37 35 32 28 25 18 18 13 0 5 3 6 8 
44 45 37 36 29 25 18 18 16 11 12 10 8 
44 45 37 35 32 28 25 18 18 16 11 6 8 
44 45 37 36 29 19 15 18 18 16 17 14 12 10 8 
44 48 46 41 40 39 33 30 24 16 18 18 13 3 1 4 7 8 
44 48 46 41 40 32 28 25 29 19 15 18 18 16 11 13 3 6 8 
44 45 37 35 32 28 26 23 24 16 18 18 13 3 6 8 
44 48 46 41 61 59 56 40 32 28 25 18 18 13 3 1 4 7 8 
44 48 46 41 40 32 28 25 18 18 13 3 6 8 
44 48 46 41 40 32 28 25 18 18 13 0 5 3 6 8 
44 45 37 35 32 28 26 23 24 16 18 18 16 11 12 10 8 
44 48 46 41 40 32 28 25 29 19 15 18 18 13 11 6 8 
44 45 37 36 29 25 18 18 13 11 12 10 8 
44 45 37 35 32 28 25 29 19 15 18 18 16 11 6 8 
44 48 46 41 40 32 28 25 29 19 15 18 18 16 17 14 12 10 8 
44 48 46 41 40 32 28 25 18 18 16 11 12 10 8 
44 45 37 36 29 19 15 18 18 13 0 5 3 6 8 
44 45 37 35 32 28 25 29 19 15 18 18 13 11 12 10 8 
44 45 37 35 32 28 26 23 24 16 18 18 13 11 12 10 8 
44 45 37 35 32 28 25 29 19 15 18 18 13 0 5 3 6 8 
---------------
Request id 17
32 40 39 33 30 24 20 17 16 18 18 18 16 24 30 33 39 38 42 49 50 53 
32 28 25 29 19 15 18 18 18 25 28 32 40 56 51 42 49 50 53 
32 28 26 23 24 16 18 18 18 25 28 32 40 39 38 34 43 47 52 53 
32 40 39 33 30 24 20 17 16 18 18 18 13 11 16 24 27 31 34 43 47 52 53 
32 28 26 23 24 16 18 18 18 16 24 30 33 39 38 34 43 47 52 53 
32 28 26 23 24 16 18 18 18 25 28 32 40 56 58 55 49 50 53 
32 28 25 18 18 18 16 24 27 31 34 38 42 49 50 53 
32 35 37 36 29 19 15 18 18 18 25 28 32 40 39 38 42 49 50 53 
32 35 37 36 29 25 18 18 18 16 24 27 31 34 43 47 52 53 
32 40 39 33 30 24 16 18 18 18 16 24 30 33 39 38 42 49 50 53 
32 28 26 23 24 16 18 18 18 16 24 30 33 39 38 42 49 50 53 
32 28 25 29 19 15 18 18 18 13 11 16 24 27 31 34 43 47 52 53 
32 28 25 18 18 18 25 28 32 40 39 38 34 43 47 52 53 
32 28 26 23 24 20 17 16 18 18 18 16 24 27 31 34 38 42 49 50 53 
32 40 39 38 34 31 27 24 16 18 18 18 16 24 27 31 34 43 47 52 53 
32 28 26 23 24 20 17 16 18 18 18 25 28 32 40 56 58 55 49 50 53 
32 28 26 23 24 16 18 18 18 25 28 32 40 39 38 42 49 50 53 
32 28 26 23 24 16 18 18 18 13 11 16 24 27 31 34 43 47 52 53 
32 35 37 36 29 25 18 18 18 25 28 32 40 56 51 42 49 50 53 
32 28 25 18 18 18 16 24 30 33 39 38 42 49 50 53 
32 40 39 33 30 24 16 18 18 18 25 28 32 40 39 38 34 43 47 52 53 
32 35 37 36 29 19 15 18 18 18 25 28 32 40 56 58 55 49 50 53 
32 35 37 36 29 19 15 18 18 18 16 24 30 33 39 38 42 49 50 53 
32 28 26 23 24 16 18 18 18 16 17 21 22 27 31 34 43 47 52 53 
32 28 25 29 19 15 18 18 18 25 28 32 40 56 58 55 49 50 53 
32 28 26 23 24 16 11 13 18 18 18 16 24 30 33 39 38 42 49 50 53 
32 35 37 36 29 25 18 18 18 13 11 16 24 27 31 34 43 47 52 53 
32 35 37 36 29 19 15 18 18 18 16 24 27 31 34 38 42 49 50 53 
32 28 26 23 24 20 17 16 18 18 18 25 28 32 40 39 38 42 49 50 53 
32 40 39 33 30 24 16 18 18 18 13 11 16 24 27 31 34 43 47 52 53 
32 40 39 33 30 24 16 18 18 18 16 24 27 31 34 38 42 49 50 53 
32 40 39 38 34 31 27 24 16 18 18 18 25 28 32 40 39 38 34 43 47 52 53 
32 28 26 23 24 16 11 13 18 18 18 16 24 27 31 34 43 47 52 53 
32 40 39 33 30 24 20 17 16 18 18 18 25 28 32 40 56 58 55 49 50 53 
32 28 26 23 24 16 18 18 18 16 24 27 31 34 38 42 49 50 53 
32 40 39 33 30 24 20 17 16 18 18 18 25 28 32 40 39 38 34 43 47 52 53 
32 35 37 36 29 25 18 18 18 16 17 21 22 27 31 34 43 47 52 53 
32 35 37 36 29 25 18 18 18 25 28 32 40 39 38 42 49 50 53 
32 28 26 23 24 16 18 18 18 25 28 32 40 56 51 42 49 50 53 
32 28 25 18 18 18 25 28 32 40 39 38 42 49 50 53 
---------------
Request id 22
4 7 8 10 12 11 13 0 5 3 5 0 
4 1 3 6 11 13 18 15 9 2 0 
4 7 8 6 11 13 0 5 3 13 18 15 9 2 0 
4 1 3 5 0 
4 7 8 6 11 13 0 5 3 6 11 16 18 15 9 2 0 
4 7 8 6 11 16 18 13 3 1 4 7 8 6 11 13 0 
4 7 8 6 11 16 18 13 0 5 3 6 11 13 18 15 9 2 0 
4 7 8 10 12 11 16 18 13 3 13 0 
4 7 8 10 12 11 6 3 6 11 13 0 
4 7 8 6 11 13 0 5 3 6 11 13 0 
4 7 8 10 12 11 13 0 5 3 1 4 7 8 6 11 13 0 
4 7 8 6 11 16 18 13 0 5 3 13 0 
4 7 8 6 11 13 3 6 11 13 0 
4 7 8 10 12 11 13 0 5 3 13 11 16 18 15 9 2 0 
4 7 8 6 3 6 11 16 18 13 0 
4 7 8 6 11 16 18 13 0 5 3 6 11 16 18 13 0 
4 7 8 10 12 11 6 3 6 8 10 12 11 13 0 
4 7 8 10 12 11 13 3 5 0 
4 7 8 6 11 16 18 13 0 5 3 1 4 7 8 6 11 13 0 
4 7 8 10 12 11 13 0 5 3 6 11 16 18 15 9 2 0 
4 1 3 13 18 15 9 2 0 
4 7 8 6 11 13 3 5 0 
4 7 8 10 12 11 16 18 13 3 1 4 7 8 6 11 13 0 
4 1 3 13 11 16 18 15 9 2 0 
4 7 8 10 12 11 13 3 13 18 15 9 2 0 
4 7 8 6 3 5 0 
4 7 8 10 12 11 6 3 5 0 
4 7 8 10 12 11 13 0 5 3 6 8 10 12 11 13 0 
4 7 8 10 12 11 13 3 13 11 16 18 15 9 2 0 
4 7 8 6 11 16 18 13 3 13 11 16 18 15 9 2 0 
4 7 8 6 11 16 18 13 3 6 11 13 18 15 9 2 0 
4 7 8 6 11 16 18 13 0 5 3 5 0 
4 7 8 10 12 11 13 3 6 11 13 0 
4 7 8 6 11 16 18 13 0 5 3 6 8 10 12 11 13 0 
4 7 8 6 3 13 18 15 9 2 0 
4 7 8 6 3 6 11 13 18 15 9 2 0 
4 7 8 6 11 16 18 13 3 13 0 
4 7 8 6 3 13 0 
4 1 3 6 8 10 12 11 13 0 
4 7 8 6 11 16 18 13 3 6 11 16 18 15 9 2 0 
---------------
Request id 30
71 69 68 65 54 46 41 40 39 33 30 24 24 16 18 25 29 36 37 45 
71 69 67 68 65 54 46 41 40 39 33 30 24 24 16 11 13 18 25 29 36 37 45 
71 69 67 68 65 54 46 41 40 39 33 30 24 24 30 33 39 40 41 46 48 44 45 
71 69 68 65 54 62 61 41 40 39 33 30 24 24 16 11 13 18 25 29 36 37 45 
71 69 68 65 54 62 61 41 40 39 33 30 24 24 30 33 39 40 32 35 37 45 
71 69 67 68 65 54 46 41 40 39 33 30 24 24 16 18 15 19 29 36 37 45 
71 69 67 66 62 54 46 41 40 39 33 30 24 24 30 33 39 40 32 35 37 45 
71 69 67 66 62 54 46 41 40 39 33 30 24 24 16 11 13 18 25 29 36 37 45 
71 69 68 67 66 63 58 56 40 39 33 30 24 24 23 26 28 32 35 37 45 
71 69 67 66 62 61 41 40 39 33 30 24 24 16 18 25 29 36 37 45 
71 69 67 66 63 58 56 40 39 33 30 24 24 20 17 16 18 25 29 36 37 45 
71 69 68 67 66 63 58 56 40 39 33 30 24 24 16 11 13 18 25 29 36 37 45 
71 69 68 67 66 62 61 41 40 39 33 30 24 24 16 18 25 28 32 35 37 45 
71 69 67 68 65 54 46 41 40 39 33 30 24 24 23 26 28 32 35 37 45 
71 69 67 66 62 61 59 56 40 39 33 30 24 24 23 26 28 32 35 37 45 
71 69 68 67 66 62 61 41 40 39 33 30 24 24 16 18 25 29 36 37 45 
71 69 67 68 65 54 46 41 40 39 33 30 24 24 23 26 28 32 40 41 46 48 44 45 
71 69 67 66 63 58 56 40 39 33 30 24 24 16 11 13 18 25 29 36 37 45 
71 69 68 65 54 62 61 41 40 39 33 30 24 24 30 33 39 40 41 46 48 44 45 
71 69 67 66 62 61 41 40 39 33 30 24 24 30 33 39 40 32 35 37 45 
71 69 67 66 63 58 56 40 39 33 30 24 24 16 18 25 28 32 35 37 45 
71 69 68 67 66 63 58 56 40 39 33 30 24 24 23 26 28 25 29 36 37 45 
71 69 67 66 63 58 56 40 39 33 30 24 24 30 33 39 40 32 35 37 45 
71 69 68 67 66 62 61 41 40 39 33 30 24 24 30 33 39 40 32 35 37 45 
71 69 67 66 63 58 56 40 39 33 30 24 24 16 18 25 29 36 37 45 
71 69 67 66 62 61 41 40 32 28 26 23 24 24 16 18 25 28 32 35 37 45 
71 69 67 66 62 54 46 41 40 39 33 30 24 24 23 26 28 25 29 36 37 45 
71 69 67 66 62 54 46 41 40 39 33 30 24 24 20 17 16 18 25 29 36 37 45 
71 69 68 67 66 62 61 41 40 39 33 30 24 24 23 26 28 32 40 41 46 48 44 45 
71 69 68 65 54 46 41 40 39 33 30 24 24 23 26 28 32 40 41 46 48 44 45 
71 69 67 66 62 54 46 41 40 39 33 30 24 24 23 26 28 32 35 37 45 
71 69 68 65 54 62 61 41 40 39 33 30 24 24 16 18 15 19 29 36 37 45 
71 69 68 65 54 62 61 41 40 39 33 30 24 24 20 17 16 18 25 29 36 37 45 
71 69 67 68 65 54 46 41 40 39 33 30 24 24 16 18 25 29 36 37 45 
71 69 67 66 62 61 59 56 40 39 33 30 24 24 16 18 25 29 36 37 45 
71 69 67 66 62 61 59 56 40 39 33 30 24 24 16 18 15 19 29 36 37 45 
71 69 67 66 62 61 59 56 40 39 33 30 24 24 16 18 25 28 32 35 37 45 
71 69 67 66 62 61 41 40 39 33 30 24 24 23 26 28 25 29 36 37 45 
71 69 67 66 62 61 41 40 32 28 26 23 24 24 16 18 15 19 29 36 37 45 
71 69 68 67 66 62 61 41 40 39 33 30 24 24 30 33 39 40 41 46 48 44 45 
---------------
Request id 14
22 27 24 20 17 17 17 20 24 16 11 12 14 
22 27 24 16 17 17 17 16 18 13 11 6 8 10 12 14 
22 27 24 16 11 12 14 17 17 17 16 18 13 11 6 8 10 12 14 
22 27 31 34 38 39 33 30 24 20 17 17 17 21 22 27 24 16 11 12 14 
22 27 24 23 26 28 25 18 16 17 17 17 20 24 16 18 13 11 12 14 
22 21 17 17 17 20 24 16 11 6 8 10 12 14 
22 21 17 17 17 16 18 13 11 12 14 
22 27 24 16 11 6 8 10 12 14 17 17 17 16 18 13 11 12 14 
22 27 31 34 38 39 33 30 24 20 17 17 17 16 18 13 3 6 11 12 14 
22 27 24 16 11 6 8 10 12 14 17 17 17 16 11 6 8 10 12 14 
22 27 31 34 38 39 33 30 24 16 17 17 17 20 24 16 18 13 11 12 14 
22 27 24 16 18 13 11 12 14 17 17 17 16 18 13 11 12 14 
22 27 24 23 26 28 25 18 13 11 16 17 17 17 14 
22 27 24 23 26 28 25 18 16 17 17 17 16 18 13 3 6 11 12 14 
22 27 31 34 38 39 33 30 24 16 17 17 17 21 22 27 24 16 11 12 14 
22 27 24 20 17 17 17 21 22 27 24 16 11 12 14 
22 21 17 17 17 20 24 16 11 12 14 
22 27 24 16 11 6 8 10 12 14 17 17 17 16 11 12 14 
22 27 31 34 38 39 33 30 24 16 17 17 17 16 18 13 11 12 14 
22 27 24 16 11 12 14 17 17 17 20 24 16 18 13 11 12 14 
22 27 24 23 26 28 25 18 13 11 16 17 17 17 20 24 16 11 12 14 
22 27 31 34 38 39 33 30 24 20 17 17 17 20 24 16 18 13 11 12 14 
22 27 24 16 11 6 8 10 12 14 17 17 17 20 24 16 11 6 8 10 12 14 
22 27 31 34 38 39 33 30 24 16 17 17 17 16 18 13 3 6 11 12 14 
22 27 31 34 38 39 33 30 24 20 17 17 17 16 11 6 8 10 12 14 
22 27 31 34 38 39 33 30 24 16 17 17 17 20 24 16 11 6 8 10 12 14 
22 27 24 16 18 13 11 12 14 17 17 17 16 11 6 8 10 12 14 
22 27 24 20 17 17 17 16 18 13 3 6 11 12 14 
22 27 24 23 26 28 25 18 16 17 17 17 16 11 6 8 10 12 14 
22 27 24 16 11 12 14 17 17 17 21 22 27 24 16 11 12 14 
22 27 31 34 38 39 33 30 24 16 17 17 17 16 18 13 11 6 8 10 12 14 
22 27 24 23 26 28 25 18 13 11 16 17 17 17 16 11 12 14 
22 27 31 34 38 39 33 30 24 16 17 17 17 14 
22 27 24 20 17 17 17 20 24 16 18 13 11 12 14 
22 21 17 17 17 21 22 27 24 16 11 12 14 
22 27 24 16 11 6 8 10 12 14 17 17 17 20 24 16 11 12 14 
22 27 24 16 17 17 17 16 11 12 14 
22 27 24 16 11 12 14 17 17 17 16 11 12 14 
22 27 24 23 26 28 25 18 16 17 17 17 16 18 13 11 12 14 
22 27 24 16 18 13 11 12 14 17 17 17 20 24 16 11 6 8 10 12 14 
---------------
Request id 23
54 46 41 40 32 28 26 23 24 24 16 11 13 18 25 28 32 40 41 
54 46 41 40 32 28 25 18 16 24 24 30 33 39 38 42 51 56 40 41 
54 46 41 61 59 56 40 39 33 30 24 24 16 11 13 18 25 28 32 40 41 
54 46 41 40 39 38 34 31 27 24 24 30 33 39 40 41 
54 62 61 59 56 40 32 28 26 23 24 24 16 11 13 18 25 28 32 40 41 
54 62 61 59 56 40 39 33 30 24 24 27 31 34 38 42 51 56 40 41 
54 46 41 61 59 56 40 39 33 30 24 24 30 33 39 40 41 
54 46 41 40 32 28 26 23 24 24 30 33 39 40 56 59 61 41 
54 46 41 40 39 38 34 31 27 24 24 23 26 28 32 40 41 
54 62 61 59 56 40 32 28 26 23 24 24 23 26 28 32 40 56 59 61 41 
54 46 41 40 32 28 26 23 24 24 30 33 39 38 42 51 56 40 41 
54 62 61 41 40 39 33 30 24 24 30 33 39 40 41 
54 62 61 41 40 39 33 30 24 24 16 11 13 18 25 28 32 40 41 
54 46 41 40 32 28 25 18 16 24 24 27 31 34 38 42 51 56 40 41 
54 46 41 40 32 28 26 23 24 24 30 33 39 40 41 
54 62 61 41 40 39 33 30 24 24 23 26 28 32 40 41 
54 62 61 59 56 40 32 28 26 23 24 24 20 17 16 18 25 28 32 40 41 
54 62 61 59 56 40 39 33 30 24 24 23 26 28 32 40 41 
54 46 41 40 39 38 34 31 27 24 24 20 17 16 18 25 28 32 40 41 
54 62 61 41 40 32 28 26 23 24 24 23 26 28 32 40 56 59 61 41 
54 46 41 40 39 33 30 24 24 30 33 39 38 42 51 56 40 41 
54 46 41 40 32 28 25 18 16 24 24 30 33 39 40 56 59 61 41 
54 46 41 61 59 56 40 39 33 30 24 24 27 31 34 38 42 51 56 40 41 
54 46 41 40 39 33 30 24 24 30 33 39 40 56 59 61 41 
54 62 66 63 58 56 40 39 33 30 24 24 27 31 34 38 39 40 41 
54 62 61 41 40 32 28 26 23 24 24 27 31 34 38 42 51 56 40 41 
54 46 41 40 32 28 25 18 16 24 24 16 11 13 18 25 28 32 40 41 
54 62 61 41 40 32 28 26 23 24 24 16 18 25 28 32 40 41 
54 46 41 40 39 38 34 31 27 24 24 16 11 13 18 25 28 32 40 41 
54 62 61 41 40 32 28 26 23 24 24 30 33 39 40 41 
54 46 41 40 32 28 26 23 24 24 20 17 16 18 25 28 32 40 41 
54 62 61 59 56 40 39 33 30 24 24 30 33 39 38 42 51 56 40 41 
54 62 61 41 40 32 28 26 23 24 24 30 33 39 38 42 51 56 40 41 
54 46 41 61 59 56 40 39 33 30 24 24 30 33 39 40 56 59 61 41 
54 62 61 59 56 40 32 28 26 23 24 24 30 33 39 40 56 59 61 41 
54 46 41 40 32 28 26 23 24 24 23 26 28 32 40 56 59 61 41 
54 62 61 41 40 32 28 26 23 24 24 30 33 39 40 56 59 61 41 
54 62 61 41 40 39 33 30 24 24 27 31 34 38 42 51 56 40 41 
54 62 66 63 58 56 40 39 33 30 24 24 30 33 39 38 42 51 56 40 41 
54 46 41 40 39 38 34 31 27 24 24 27 31 34 38 39 40 41 
---------------
Request id 2
23 26 28 25 18 13 11 16 24 24 24 20 17 21 22 27 31 34 43 47 52 53 
23 26 28 32 40 39 33 30 24 24 24 20 17 21 22 27 31 34 43 47 52 53 
23 26 28 25 29 19 15 18 16 24 24 24 23 26 28 32 40 56 51 42 49 50 53 
23 26 28 25 18 16 24 24 24 30 33 39 40 56 51 42 49 50 53 
23 26 28 32 40 39 38 34 31 27 24 24 24 23 26 28 32 40 39 38 42 49 50 53 
23 26 28 25 18 16 17 20 24 24 24 23 26 28 32 40 39 38 42 49 50 53 
23 26 28 25 18 13 3 6 11 16 24 24 24 30 33 39 40 56 58 55 49 50 53 
23 26 28 25 18 13 11 16 17 20 24 24 24 27 31 34 38 42 49 50 53 
23 26 28 32 40 39 38 34 31 27 24 24 24 27 31 34 43 47 52 53 
23 26 28 25 18 13 11 16 24 24 24 23 26 28 32 40 39 38 42 49 50 53 
23 26 28 25 29 19 15 18 16 24 24 24 23 26 28 32 40 39 38 42 49 50 53 
23 26 28 25 18 13 11 16 17 20 24 24 24 23 26 28 32 40 39 38 42 49 50 53 
23 26 28 25 18 16 17 20 24 24 24 23 26 28 32 40 56 51 42 49 50 53 
23 24 24 24 23 26 28 32 40 39 38 42 49 50 53 
23 24 24 24 30 33 39 38 42 49 50 53 
23 26 28 25 18 16 17 21 22 27 24 24 24 23 26 28 32 40 56 58 55 49 50 53 
23 26 28 25 18 16 17 20 24 24 24 30 33 39 38 34 43 47 52 53 
23 26 28 25 18 13 11 16 17 20 24 24 24 23 26 28 32 40 56 58 55 49 50 53 
23 24 24 24 27 31 34 38 42 49 50 53 
23 26 28 25 18 16 17 20 24 24 24 27 31 34 43 47 52 53 
23 26 28 32 40 39 38 34 31 27 24 24 24 30 33 39 40 56 51 42 49 50 53 
23 26 28 25 18 13 11 16 17 20 24 24 24 30 33 39 40 56 58 55 49 50 53 
23 26 28 25 29 19 15 18 16 24 24 24 27 31 34 43 47 52 53 
23 26 28 25 18 13 11 16 24 24 24 30 33 39 40 56 58 55 49 50 53 
23 26 28 32 40 39 33 30 24 24 24 23 26 28 32 40 39 38 42 49 50 53 
23 26 28 32 40 39 38 34 31 27 24 24 24 20 17 21 22 27 31 34 43 47 52 53 
23 26 28 25 18 13 11 16 17 20 24 24 24 23 26 28 32 40 56 51 42 49 50 53 
23 26 28 25 18 16 24 24 24 20 17 21 22 27 31 34 43 47 52 53 
23 26 28 25 18 13 3 6 11 16 24 24 24 27 31 34 38 42 49 50 53 
23 26 28 25 18 13 11 16 24 24 24 27 31 34 38 42 49 50 53 
23 26 28 25 18 13 11 16 24 24 24 30 33 39 38 42 49 50 53 
23 26 28 32 40 39 33 30 24 24 24 27 31 34 43 47 52 53 
23 24 24 24 30 33 39 40 56 51 42 49 50 53 
23 26 28 25 18 16 17 21 22 27 24 24 24 30 33 39 40 56 51 42 49 50 53 
23 26 28 25 18 13 11 16 17 20 24 24 24 27 31 34 43 47 52 53 
23 26 28 32 40 39 33 30 24 24 24 30 33 39 40 56 58 55 49 50 53 
23 26 28 25 18 13 3 6 11 16 24 24 24 20 17 21 22 27 31 34 43 47 52 53 
23 26 28 25 18 16 17 21 22 27 24 24 24 20 17 21 22 27 31 34 43 47 52 53 
23 26 28 25 18 13 11 16 24 24 24 23 26 28 32 40 56 51 42 49 50 53 
23 26 28 25 18 16 17 20 24 24 24 23 26 28 32 40 56 58 55 49 50 53 
---------------
Request id 5
72 71 69 67 66 62 54 46 41 40 39 33 30 24 24 24 16 18 13 3 6 8 
72 71 69 67 66 63 58 56 40 39 33 30 24 24 24 16 17 14 12 10 8 
72 71 69 68 67 66 63 58 56 40 39 33 30 24 24 24 16 11 12 10 8 
72 73 74 70 64 65 54 46 41 40 39 33 30 24 24 24 20 17 16 11 6 8 
72 73 74 70 64 65 54 46 41 40 39 33 30 24 24 24 16 18 13 11 6 8 
72 71 69 67 66 62 61 59 56 40 39 33 30 24 24 24 16 18 13 3 6 8 
72 71 69 67 66 62 61 59 56 40 39 33 30 24 24 24 16 11 6 8 
72 71 69 67 68 65 54 46 41 40 39 33 30 24 24 24 16 11 6 8 
72 71 69 68 65 54 62 61 41 40 39 33 30 24 24 24 20 17 14 12 10 8 
72 71 69 67 66 62 61 59 56 40 39 33 30 24 24 24 16 11 13 3 6 8 
72 71 69 68 67 66 62 61 41 40 39 33 30 24 24 24 16 18 13 11 12 10 8 
72 71 69 67 66 63 58 56 40 39 33 30 24 24 24 20 17 14 12 10 8 
72 73 74 70 64 65 54 46 41 40 39 33 30 24 24 24 16 17 14 12 10 8 
72 71 69 68 67 66 62 61 41 40 39 33 30 24 24 24 16 11 6 8 
72 73 74 70 64 65 54 46 41 40 39 33 30 24 24 24 16 11 6 8 
72 71 69 68 65 54 46 41 40 39 33 30 24 24 24 16 18 13 11 6 8 
72 71 69 67 66 62 61 59 56 40 39 33 30 24 24 24 16 11 12 10 8 
72 71 69 67 66 63 58 56 40 39 33 30 24 24 24 20 17 16 11 6 8 
72 71 69 68 67 66 62 61 41 40 39 33 30 24 24 24 20 17 14 12 10 8 
72 71 69 67 66 62 54 46 41 40 39 33 30 24 24 24 16 11 13 3 6 8 
72 71 69 67 66 62 61 41 40 39 33 30 24 24 24 20 17 14 12 10 8 
72 71 69 68 65 54 62 61 41 40 39 33 30 24 24 24 16 11 13 3 6 8 
72 71 69 67 68 65 54 46 41 40 39 33 30 24 24 24 16 18 13 11 12 10 8 
72 71 69 68 67 66 62 61 41 40 39 33 30 24 24 24 16 11 13 3 6 8 
72 71 69 67 66 63 58 56 40 39 33 30 24 24 24 16 18 13 3 6 8 
72 73 74 70 64 65 54 46 41 40 39 33 30 24 24 24 20 17 14 12 10 8 
72 71 69 68 65 54 62 61 41 40 39 33 30 24 24 24 16 17 14 12 11 6 8 
72 71 69 68 67 66 63 58 56 40 39 33 30 24 24 24 16 11 6 8 
72 71 69 68 65 54 62 61 41 40 39 33 30 24 24 24 16 18 13 3 6 8 
72 71 69 67 66 63 58 56 40 39 33 30 24 24 24 16 18 13 11 12 10 8 
72 71 69 67 66 63 58 56 40 39 33 30 24 24 24 16 11 13 3 6 8 
72 71 69 67 66 63 58 56 40 39 33 30 24 24 24 16 18 13 11 6 8 
72 71 69 67 68 65 54 46 41 40 39 33 30 24 24 24 20 17 16 11 6 8 
72 71 69 67 66 62 54 46 41 40 39 33 30 24 24 24 20 17 14 12 10 8 
72 71 69 67 66 62 61 41 40 39 33 30 24 24 24 16 18 13 3 6 8 
72 71 69 68 65 54 46 41 40 39 33 30 24 24 24 20 17 16 11 6 8 
72 71 69 67 68 65 54 46 41 40 39 33 30 24 24 24 16 18 13 3 6 8 
72 71 69 68 65 54 46 41 40 39 33 30 24 24 24 20 17 14 12 10 8 
72 71 69 68 67 66 62 61 41 40 39 33 30 24 24 24 20 17 16 11 6 8 
72 71 69 67 66 62 54 46 41 40 39 33 30 24 24 24 16 17 14 12 11 6 8 
---------------
Request id 27
38 42 51 56 40 32 28 26 23 24 24 24 16 18 13 3 6 11 12 14 
38 39 40 32 28 26 23 24 24 24 16 18 13 11 12 14 
38 34 31 27 22 21 17 16 24 24 24 27 22 21 17 14 
38 39 40 32 28 25 18 16 24 24 24 20 17 14 
38 42 51 56 40 32 28 26 23 24 24 24 16 18 13 11 12 14 
38 39 40 32 28 26 23 24 24 24 20 17 16 11 12 14 
38 34 31 27 22 21 17 16 24 24 24 16 11 12 14 
38 34 31 27 22 21 17 16 24 24 24 23 26 28 25 18 16 17 14 
38 42 49 55 58 56 40 39 33 30 24 24 24 27 22 21 17 16 11 12 14 
38 39 40 32 28 25 18 16 24 24 24 16 18 13 11 12 14 
38 34 31 27 22 21 17 16 24 24 24 16 18 13 3 6 11 12 14 
38 34 31 27 22 21 17 20 24 24 24 27 22 21 17 14 
38 34 31 27 24 24 24 16 11 12 14 
38 39 40 32 28 25 18 16 24 24 24 16 18 13 3 6 11 12 14 
38 42 51 56 40 32 28 26 23 24 24 24 27 22 21 17 14 
38 42 51 56 40 39 33 30 24 24 24 16 17 14 
38 39 40 32 28 25 18 16 17 20 24 24 24 23 26 28 25 18 16 17 14 
38 39 40 32 28 25 18 16 24 24 24 16 11 6 8 10 12 14 
38 34 31 27 22 21 17 20 24 24 24 20 17 16 11 12 14 
38 39 40 32 28 25 18 16 17 20 24 24 24 16 18 13 11 12 14 
38 42 51 56 40 39 33 30 24 24 24 23 26 28 25 18 16 17 14 
38 39 40 32 28 26 23 24 24 24 16 11 6 8 10 12 14 
38 42 51 56 40 32 28 26 23 24 24 24 16 17 14 
38 34 31 27 22 21 17 16 24 24 24 16 18 13 11 12 14 
38 39 40 32 28 25 18 16 17 20 24 24 24 20 17 14 
38 39 33 30 24 24 24 16 18 13 11 12 14 
38 39 40 32 28 25 18 16 24 24 24 27 22 21 17 14 
38 39 33 30 24 24 24 16 11 12 14 
38 34 31 27 24 24 24 27 22 21 17 16 11 12 14 
38 39 40 32 28 26 23 24 24 24 27 22 21 17 16 11 12 14 
38 39 33 30 24 24 24 16 17 14 
38 39 40 32 28 25 18 16 17 20 24 24 24 16 11 12 14 
38 42 51 56 40 32 28 26 23 24 24 24 23 26 28 25 18 16 17 14 
38 39 33 30 24 24 24 23 26 28 25 18 16 17 14 
38 42 51 56 40 39 33 30 24 24 24 20 17 14 
38 34 31 27 22 21 17 20 24 24 24 23 26 28 25 18 16 17 14 
38 39 40 32 28 26 23 24 24 24 16 18 13 3 6 11 12 14 
38 42 51 56 40 39 33 30 24 24 24 16 11 6 8 10 12 14 
38 39 40 32 28 25 18 16 24 24 24 16 17 14 
38 34 31 27 22 21 17 16 24 24 24 16 17 14 
---------------
Request id 3
2 0 5 3 6 11 16 18 13 13 13 11 16 24 23 26 28 32 40 41 61 
2 9 15 19 29 25 18 16 11 13 13 13 11 16 24 30 33 39 40 41 61 
2 9 15 19 29 25 18 13 13 13 11 16 18 25 28 32 40 56 59 61 
2 0 13 13 13 18 16 24 23 26 28 32 40 41 61 
2 9 15 18 16 11 13 13 13 18 25 29 36 37 35 32 40 41 61 
2 9 15 18 16 17 14 12 11 13 13 13 11 16 24 30 33 39 40 56 59 61 
2 9 15 19 29 25 18 16 11 13 13 13 11 16 18 25 28 32 40 56 59 61 
2 9 15 18 13 13 13 11 16 18 25 28 32 40 41 61 
2 0 5 3 6 11 16 18 13 13 13 18 25 28 32 40 56 59 61 
2 0 5 3 6 11 13 13 13 11 16 24 30 33 39 40 56 59 61 
2 9 15 18 13 13 13 18 16 24 30 33 39 40 41 61 
2 9 15 18 13 13 13 11 16 24 30 33 39 40 41 61 
2 0 13 13 13 11 16 18 25 28 32 40 56 59 61 
2 0 5 3 6 11 16 18 13 13 13 18 16 24 30 33 39 40 41 61 
2 9 15 19 29 25 18 16 11 13 13 13 18 16 24 23 26 28 32 40 41 61 
2 9 15 19 29 25 18 13 13 13 11 16 24 30 33 39 40 41 61 
2 9 15 18 13 13 13 18 25 28 32 40 56 59 61 
2 0 5 3 6 11 13 13 13 11 16 18 25 28 32 40 56 59 61 
2 0 5 3 6 11 13 13 13 11 16 24 23 26 28 32 40 41 61 
2 9 15 18 16 11 6 3 13 13 13 11 16 24 30 33 39 40 56 59 61 
2 9 15 18 16 17 14 12 11 13 13 13 18 16 24 30 33 39 40 41 61 
2 0 5 3 13 13 13 18 25 28 32 40 41 61 
2 0 13 13 13 11 16 24 23 26 28 32 40 41 61 
2 9 15 18 16 11 13 13 13 18 16 24 30 33 39 40 41 61 
2 9 15 19 29 25 18 13 13 13 18 16 24 23 26 28 32 40 41 61 
2 0 5 3 6 11 13 13 13 18 16 24 30 33 39 40 41 61 
2 9 15 19 29 25 18 13 13 13 18 16 24 30 33 39 40 41 61 
2 9 15 18 16 17 14 12 11 13 13 13 18 16 24 23 26 28 32 40 41 61 
2 0 5 3 13 13 13 11 16 18 25 28 32 40 41 61 
2 0 13 13 13 18 25 28 32 40 41 61 
2 9 15 18 13 13 13 18 25 29 36 37 35 32 40 41 61 
2 0 5 3 6 11 13 13 13 18 25 28 32 40 41 61 
2 0 5 3 6 11 13 13 13 18 16 24 23 26 28 32 40 41 61 
2 0 5 3 13 13 13 18 25 29 36 37 35 32 40 41 61 
2 9 15 18 13 13 13 11 16 24 23 26 28 32 40 41 61 
2 9 15 18 16 17 14 12 11 13 13 13 11 16 24 23 26 28 32 40 41 61 
2 9 15 19 29 25 18 13 13 13 11 16 18 25 28 32 40 41 61 
2 9 15 18 16 11 6 3 13 13 13 18 25 28 32 40 41 61 
2 9 15 18 16 11 6 3 13 13 13 11 16 24 30 33 39 40 41 61 
2 0 13 13 13 11 16 24 30 33 39 40 56 59 61 
---------------
Request id 25
30 33 39 38 34 31 27 22 21 17 16 24 24 16 18 13 3 5 0 
30 33 39 40 32 28 25 18 16 24 24 16 18 13 0 
30 33 39 40 56 51 42 38 34 31 27 24 24 20 17 16 11 13 0 
30 24 24 16 11 13 0 
30 33 39 40 32 28 26 23 24 24 16 18 13 0 
30 33 39 40 32 28 26 23 24 24 16 11 13 0 
30 33 39 38 42 51 56 40 32 28 26 23 24 24 16 11 13 3 5 0 
30 24 24 20 17 16 11 13 0 
30 33 39 38 42 51 56 40 32 28 26 23 24 24 16 11 6 3 13 0 
30 33 39 40 32 28 26 23 24 24 20 17 16 11 13 0 
30 24 24 23 26 28 25 18 13 0 
30 33 39 40 32 28 25 18 16 17 20 24 24 16 11 13 0 
30 33 39 38 34 31 27 22 21 17 20 24 24 20 17 16 18 13 0 
30 33 39 40 56 51 42 38 34 31 27 24 24 16 11 6 3 13 0 
30 33 39 38 42 51 56 40 32 28 26 23 24 24 16 18 15 9 2 0 
30 33 39 40 32 28 26 23 24 24 16 11 13 3 5 0 
30 33 39 38 34 31 27 24 24 20 17 16 11 13 0 
30 33 39 40 32 28 25 18 16 17 20 24 24 16 11 6 3 13 0 
30 33 39 40 32 28 25 18 13 11 16 24 24 16 18 13 0 
30 33 39 38 42 51 56 40 32 28 26 23 24 24 20 17 16 11 13 0 
30 33 39 38 34 31 27 24 24 16 11 6 3 13 0 
30 33 39 38 34 31 27 22 21 17 20 24 24 16 11 13 0 
30 33 39 38 34 31 27 22 21 17 16 24 24 16 11 13 3 5 0 
30 33 39 38 34 31 27 24 24 16 11 13 0 
30 33 39 38 34 31 27 22 21 17 20 24 24 16 18 13 3 5 0 
30 24 24 20 17 16 18 13 0 
30 33 39 38 42 51 56 40 32 28 26 23 24 24 16 11 6 3 5 0 
30 33 39 38 34 31 27 24 24 23 26 28 25 18 13 0 
30 33 39 40 32 28 25 18 13 11 16 24 24 16 11 6 3 5 0 
30 33 39 40 32 28 25 18 16 24 24 16 18 13 3 5 0 
30 33 39 38 34 31 27 22 21 17 16 24 24 16 18 13 0 
30 33 39 38 34 31 27 22 21 17 16 24 24 16 11 6 3 5 0 
30 33 39 40 32 28 25 18 13 11 16 24 24 20 17 16 11 13 0 
30 33 39 40 32 28 25 18 16 17 20 24 24 16 18 13 0 
30 33 39 40 32 28 25 18 16 17 20 24 24 16 11 13 3 5 0 
30 33 39 38 34 31 27 22 21 17 20 24 24 16 11 13 3 5 0 
30 33 39 38 34 31 27 22 21 17 16 24 24 16 18 15 9 2 0 
30 33 39 40 32 28 26 23 24 24 20 17 16 18 13 0 
30 33 39 40 32 28 25 18 16 24 24 16 11 13 3 5 0 
30 33 39 40 32 28 25 18 16 17 20 24 24 16 18 13 3 5 0 
---------------
Request id 12
34 31 27 22 21 17 16 24 30 33 39 38 42 51 56 58 55 
34 31 27 22 21 17 20 24 16 18 25 28 32 40 56 58 55 
34 38 39 40 32 28 26 23 24 30 33 39 38 42 51 56 58 55 
34 38 42 51 56 40 32 28 26 23 24 30 33 39 38 42 49 55 
34 38 39 40 32 28 25 18 13 11 16 24 23 26 28 32 40 56 51 42 49 55 
34 31 27 22 21 17 16 24 27 31 34 38 39 40 56 58 55 
34 38 39 40 32 28 26 23 24 23 26 28 32 40 56 51 42 49 55 
34 38 39 40 32 28 25 18 16 24 27 31 34 38 39 40 56 58 55 
34 38 42 51 56 40 32 28 26 23 24 27 31 34 38 42 51 56 58 55 
34 31 27 22 21 17 14 12 11 16 24 30 33 39 38 42 51 56 58 55 
34 38 42 51 56 40 32 28 26 23 24 30 33 39 40 56 51 42 49 55 
34 38 39 40 32 28 25 18 13 11 16 24 27 31 34 38 42 49 55 
34 38 39 33 30 24 30 33 39 40 56 58 55 
34 31 27 22 21 17 16 24 30 33 39 38 42 49 55 
34 38 42 51 56 40 32 28 26 23 24 30 33 39 40 56 58 55 
34 31 27 22 21 17 14 12 11 16 24 16 18 25 28 32 40 56 58 55 
34 31 27 22 21 17 20 24 30 33 39 38 42 49 55 
34 38 42 51 56 40 32 28 26 23 24 27 31 34 38 39 40 56 58 55 
34 38 39 33 30 24 23 26 28 32 40 56 51 42 49 55 
34 38 42 51 56 40 32 28 26 23 24 27 31 34 38 42 49 55 
34 38 42 51 56 40 39 33 30 24 30 33 39 40 56 51 42 49 55 
34 38 42 51 56 40 39 33 30 24 27 31 34 38 42 49 55 
34 38 39 33 30 24 30 33 39 38 42 49 55 
34 38 42 51 56 40 32 28 26 23 24 16 18 25 28 32 40 56 58 55 
34 38 39 40 32 28 25 18 13 11 16 24 23 26 28 32 40 56 58 55 
34 31 27 24 30 33 39 40 56 51 42 49 55 
34 31 27 22 21 17 20 24 27 31 34 38 42 49 55 
34 31 27 22 21 17 16 24 16 18 25 28 32 40 56 58 55 
34 38 39 33 30 24 23 26 28 32 40 56 58 55 
34 38 39 40 32 28 25 18 13 11 16 24 30 33 39 38 42 49 55 
34 38 39 40 32 28 26 23 24 27 31 34 38 42 51 56 58 55 
34 38 39 33 30 24 30 33 39 40 56 51 42 49 55 
34 31 27 24 27 31 34 38 42 49 55 
34 31 27 22 21 17 16 24 30 33 39 40 56 51 42 49 55 
34 38 39 33 30 24 27 31 34 38 42 49 55 
34 38 42 51 56 40 39 33 30 24 30 33 39 40 56 58 55 
34 38 39 33 30 24 30 33 39 38 42 51 56 58 55 
34 38 39 40 32 28 26 23 24 30 33 39 40 56 58 55 
34 38 39 40 32 28 26 23 24 16 18 25 28 32 40 56 58 55 
34 38 39 40 32 28 25 18 13 11 16 24 27 31 34 38 42 51 56 58 55 
---------------
Request id 10
53 50 49 42 38 39 33 30 24 30 33 39 40 32 
53 50 49 42 38 39 40 32 28 26 23 24 16 18 15 19 29 25 28 32 
53 52 47 43 34 38 39 33 30 24 16 18 15 19 29 25 28 32 
53 50 49 55 58 56 40 39 33 30 24 20 17 16 18 25 28 32 
53 50 49 55 58 56 40 32 28 26 23 24 16 18 25 28 32 
53 50 49 42 38 34 31 27 24 16 18 25 29 36 37 35 32 
53 50 49 55 58 56 40 32 28 26 23 24 23 26 28 25 29 36 37 35 32 
53 52 47 43 34 38 39 33 30 24 16 11 13 18 25 28 32 
53 52 47 43 34 38 39 33 30 24 20 17 16 18 25 28 32 
53 50 49 42 51 56 40 39 33 30 24 30 33 39 40 32 
53 52 47 43 34 31 27 22 21 17 16 24 23 26 28 25 29 36 37 35 32 
53 50 49 55 58 56 40 39 33 30 24 16 18 25 29 36 37 35 32 
53 52 47 43 34 38 39 33 30 24 30 33 39 40 32 
53 50 49 42 38 39 33 30 24 16 18 15 19 29 25 28 32 
53 50 49 55 58 56 40 39 33 30 24 16 11 6 3 13 18 25 28 32 
53 52 47 43 34 31 27 22 21 17 16 24 16 18 15 19 29 25 28 32 
53 50 49 42 38 34 31 27 24 20 17 16 18 25 28 32 
53 50 49 42 51 56 40 32 28 26 23 24 23 26 28 32 
53 50 49 55 58 56 40 32 28 26 23 24 16 18 15 19 29 25 28 32 
53 52 47 43 34 31 27 22 21 17 16 24 16 18 25 28 32 
53 50 49 42 38 39 33 30 24 16 18 25 29 36 37 35 32 
53 50 49 42 51 56 40 39 33 30 24 16 18 25 28 32 
53 50 49 42 51 56 40 39 33 30 24 16 11 6 3 13 18 25 28 32 
53 52 47 43 34 31 27 24 16 18 25 28 32 
53 50 49 55 58 56 40 32 28 26 23 24 16 18 25 29 36 37 35 32 
53 50 49 42 38 39 33 30 24 27 31 34 38 39 40 32 
53 50 49 55 58 56 40 39 33 30 24 30 33 39 40 32 
53 50 49 55 58 56 40 39 33 30 24 16 11 13 18 25 28 32 
53 52 47 43 34 31 27 22 21 17 16 24 23 26 28 32 
53 50 49 42 38 39 33 30 24 23 26 28 32 
53 50 49 42 38 39 33 30 24 16 11 13 18 25 28 32 
53 50 49 42 38 39 40 32 28 26 23 24 23 26 28 32 
53 52 47 43 34 31 27 24 16 11 13 18 25 28 32 
53 50 49 42 38 39 40 32 28 26 23 24 16 11 6 3 13 18 25 28 32 
53 52 47 43 34 38 39 33 30 24 23 26 28 32 
53 50 49 42 38 39 40 32 28 26 23 24 16 18 25 29 36 37 35 32 
53 50 49 42 38 39 33 30 24 20 17 16 18 25 28 32 
53 50 49 42 51 56 40 39 33 30 24 27 31 34 38 39 40 32 
53 50 49 42 51 56 40 32 28 26 23 24 16 11 13 18 25 28 32 
53 50 49 55 58 56 40 32 28 26 23 24 27 31 34 38 39 40 32 
---------------
Request id 18
63 58 56 51 42 38 34 31 27 24 16 18 25 29 
63 66 62 61 41 40 39 33 30 24 23 26 28 32 35 37 36 29 
63 58 56 40 32 28 26 23 24 20 17 16 18 15 19 29 
63 58 56 59 61 41 40 39 33 30 24 16 18 25 29 
63 58 56 40 39 33 30 24 20 17 16 18 25 29 
63 58 55 49 42 38 34 31 27 24 27 22 21 17 16 18 25 29 
63 58 55 49 42 38 34 31 27 24 23 26 28 25 29 
63 58 56 51 42 38 39 33 30 24 20 17 16 18 25 29 
63 58 56 40 32 28 26 23 24 23 26 28 25 29 
63 58 56 40 32 28 25 18 16 24 16 11 13 18 15 19 29 
63 58 56 40 39 33 30 24 16 18 15 19 29 
63 58 56 40 39 38 34 31 27 24 23 26 28 32 35 37 36 29 
63 58 56 51 42 38 34 31 27 24 16 11 13 18 25 29 
63 58 56 40 39 33 30 24 20 17 16 18 15 19 29 
63 58 56 40 39 38 34 31 27 24 16 11 13 18 15 19 29 
63 58 55 49 42 38 34 31 27 24 20 17 16 18 15 19 29 
63 58 56 51 42 38 34 31 27 24 16 18 15 19 29 
63 58 56 40 32 28 26 23 24 16 18 15 19 29 
63 58 56 40 32 28 26 23 24 16 18 25 29 
63 58 55 49 42 38 39 33 30 24 16 11 13 18 15 19 29 
63 66 62 61 41 40 39 33 30 24 20 17 16 18 15 19 29 
63 58 56 40 39 38 34 31 27 24 20 17 16 11 13 18 25 29 
63 58 56 51 42 38 39 33 30 24 27 22 21 17 16 18 25 29 
63 58 55 49 42 38 34 31 27 24 20 17 16 11 13 18 25 29 
63 66 62 61 41 40 39 33 30 24 16 18 15 19 29 
63 58 55 49 42 38 34 31 27 24 23 26 28 32 35 37 36 29 
63 58 55 49 42 38 39 33 30 24 20 17 16 18 25 29 
63 58 56 51 42 38 39 33 30 24 16 11 13 18 15 19 29 
63 58 56 51 42 38 34 31 27 24 16 11 13 18 15 19 29 
63 58 55 49 42 38 39 33 30 24 20 17 16 18 15 19 29 
63 58 56 40 32 28 26 23 24 20 17 16 18 25 29 
63 58 56 51 42 38 39 33 30 24 16 18 15 19 29 
63 58 56 51 42 38 39 33 30 24 20 17 16 18 15 19 29 
63 58 56 51 42 38 39 33 30 24 16 18 25 29 
63 58 56 51 42 38 39 33 30 24 23 26 28 32 35 37 36 29 
63 58 56 59 61 41 40 39 33 30 24 23 26 28 25 29 
63 58 56 40 32 28 25 18 16 24 23 26 28 32 35 37 36 29 
63 58 56 40 39 33 30 24 16 11 13 18 25 29 
63 58 55 49 42 38 39 33 30 24 16 18 15 19 29 
63 58 55 49 42 38 39 33 30 24 27 22 21 17 16 18 25 29 
---------------
Request id 11
4 7 8 6 11 16 18 13 3 13 0 2 9 15 
4 7 8 6 11 16 18 13 3 6 11 13 18 15 
4 7 8 10 12 11 13 3 5 0 13 11 16 18 15 
4 7 8 6 11 16 18 13 3 13 11 16 18 15 
4 7 8 6 3 13 0 2 9 15 
4 7 8 10 12 14 17 16 11 6 3 5 0 13 11 16 18 15 
4 7 8 10 12 11 6 3 6 11 16 18 15 
4 7 8 10 12 11 13 0 5 3 6 11 16 18 15 
4 7 8 6 11 16 18 13 3 13 18 25 29 19 15 
4 7 8 10 12 11 6 3 6 11 13 18 15 
4 7 8 6 11 13 0 5 3 5 0 2 9 15 
4 7 8 10 12 11 13 3 13 0 2 9 15 
4 7 8 10 12 11 13 0 5 3 13 18 25 29 19 15 
4 7 8 6 11 16 18 13 3 13 18 15 
4 7 8 6 11 16 18 13 3 5 0 13 11 16 18 15 
4 7 8 10 12 11 6 3 13 18 15 
4 7 8 6 11 13 0 5 3 6 11 13 18 15 
4 7 8 6 11 13 3 13 0 2 9 15 
4 1 3 5 0 13 11 16 18 15 
4 7 8 10 12 11 13 0 5 3 5 0 13 11 16 18 15 
4 7 8 6 3 5 0 13 18 15 
4 7 8 6 11 16 18 13 3 5 0 13 18 15 
4 7 8 6 11 13 0 5 3 13 18 25 29 19 15 
4 7 8 6 11 13 3 13 11 16 18 15 
4 7 8 10 12 11 13 3 13 18 15 
4 7 8 10 12 11 6 3 6 11 13 0 2 9 15 
4 7 8 10 12 11 16 18 13 3 5 0 13 18 15 
4 7 8 6 11 13 3 5 0 2 9 15 
4 7 8 6 11 13 0 5 3 5 0 13 18 15 
4 7 8 10 12 14 17 16 11 6 3 13 18 15 
4 1 3 13 18 25 29 19 15 
4 7 8 10 12 11 13 0 5 3 13 11 16 18 15 
4 7 8 10 12 14 17 16 11 6 3 5 0 2 9 15 
4 7 8 6 11 13 0 5 3 13 0 2 9 15 
4 7 8 10 12 11 6 3 13 11 16 18 15 
4 7 8 10 12 11 13 3 13 11 16 18 15 
4 1 3 13 18 15 
4 1 3 13 0 2 9 15 
4 7 8 10 12 11 13 3 6 11 16 18 15 
4 7 8 10 12 11 13 0 5 3 13 0 2 9 15 
---------------
