Request id 10
1 0 7 6 7 0 2 5 12 13 8 11 12 5 4 6 7 0 1 3 4 5 
1 2 5 4 6 7 0 2 5 12 13 8 7 6 4 5 
1 2 5 9 8 7 6 7 0 1 3 10 13 10 3 4 6 7 0 1 2 5 
1 3 10 13 12 5 4 6 4 3 10 13 12 11 10 3 4 6 4 3 1 2 5 
1 3 10 11 8 7 6 4 3 10 13 12 11 10 3 4 6 4 5 
1 0 2 5 4 6 4 5 9 8 13 12 5 2 0 7 6 4 3 10 11 12 5 
1 0 7 8 9 5 4 6 7 8 11 12 13 12 5 4 6 7 0 1 3 4 5 
1 3 10 13 8 7 6 7 8 13 10 3 4 6 7 8 9 5 
1 2 5 9 8 7 6 4 5 12 13 12 11 8 7 6 7 8 11 12 5 
1 0 7 6 4 3 10 13 10 3 4 6 7 0 1 2 5 
---------------
Request id 23
10 11 8 7 6 4 5 12 5 9 5 2 1 3 4 
10 3 1 0 7 6 7 8 13 12 13 8 7 0 2 5 9 8 13 12 5 4 
10 13 8 9 5 4 6 4 5 9 8 13 12 11 8 9 5 2 1 3 4 
10 11 8 7 6 7 0 2 5 12 13 10 3 4 5 9 8 13 12 5 4 
10 11 12 13 8 7 6 7 0 1 2 5 12 11 10 13 8 9 8 11 10 3 4 
10 13 8 9 5 4 6 7 8 11 10 13 12 13 10 11 8 9 5 2 0 1 3 4 
10 13 8 7 6 4 3 10 11 12 13 8 9 8 13 12 5 4 
10 13 12 5 4 6 4 3 10 13 12 13 8 9 8 11 12 5 4 
10 11 8 7 6 4 3 10 11 12 11 8 9 8 11 12 5 4 
10 3 4 6 7 8 11 10 13 12 13 10 3 4 5 9 8 11 12 5 4 
---------------
Request id 1
3 10 13 12 5 9 8 11 10 
3 1 2 5 12 13 8 11 10 
3 1 0 2 5 12 5 9 8 11 10 
3 10 13 8 11 12 13 8 11 10 
3 10 13 8 11 12 5 4 6 7 8 13 10 
3 10 13 8 9 5 12 5 2 0 1 3 10 
3 10 11 8 13 12 5 9 8 11 10 
3 4 6 7 8 11 12 5 4 6 7 8 13 10 
3 10 13 8 11 12 13 10 
3 1 2 5 12 5 9 8 13 10 
---------------
Request id 24
4 5 9 8 13 12 5 9 5 2 1 
4 3 10 13 8 11 12 13 10 11 8 9 8 7 0 2 1 
4 6 7 0 2 5 12 13 8 7 6 4 5 9 8 11 10 3 1 
4 5 9 8 11 12 5 4 6 7 8 9 5 4 3 1 
4 5 9 8 11 12 11 8 9 8 7 0 1 
4 5 12 5 4 6 7 8 9 8 7 0 1 
4 6 7 0 2 5 12 5 9 5 4 3 1 
4 5 9 8 13 12 13 10 11 8 9 8 11 10 3 1 
4 3 1 2 5 12 5 4 6 7 8 9 5 2 1 
4 3 1 2 5 12 11 10 3 4 5 9 8 11 12 5 2 1 
---------------
Request id 30
8 11 10 3 4 5 9 5 4 3 10 11 12 13 10 3 4 6 7 
8 11 12 5 9 5 4 3 10 13 12 11 10 13 8 7 
8 11 10 3 4 5 9 5 4 3 10 13 12 13 8 7 
8 7 0 2 5 9 5 4 3 10 13 12 13 10 3 4 6 7 
8 7 0 2 5 9 5 12 5 4 6 7 
8 7 0 1 2 5 9 5 4 3 10 13 12 11 10 13 8 7 
8 9 5 4 3 10 11 12 11 8 7 
8 9 8 11 12 13 8 7 
8 11 10 13 12 5 9 5 4 3 10 11 12 11 10 3 4 6 7 
8 13 10 3 4 5 9 8 7 0 2 5 12 13 10 3 4 6 7 
---------------
Request id 12
5 2 1 3 10 13 12 13 8 9 5 4 6 4 5 2 0 
5 9 8 13 12 5 9 8 7 6 7 8 9 5 2 1 0 
5 9 8 11 12 5 2 0 7 6 4 5 12 13 8 7 0 
5 2 1 3 10 11 12 5 9 8 7 6 4 3 10 13 8 7 0 
5 9 8 13 12 13 10 11 8 7 6 4 5 12 13 8 7 0 
5 9 8 13 10 11 12 11 8 7 6 4 5 9 8 7 0 
5 9 8 11 12 13 10 11 8 7 6 7 0 
5 2 1 3 10 13 12 11 8 9 5 4 6 7 8 9 5 2 1 0 
5 2 1 3 10 13 12 11 8 9 5 4 6 4 5 2 0 
5 9 8 13 10 11 12 11 8 7 6 4 3 1 0 
---------------
Request id 18
3 10 13 12 11 8 9 8 13 12 11 12 13 8 
3 4 6 7 8 11 8 13 12 5 9 8 11 10 13 8 
3 4 6 7 8 11 10 13 8 9 8 13 12 11 10 3 4 5 9 8 
3 4 6 7 8 11 12 13 8 9 8 11 12 5 2 0 7 8 
3 4 5 12 11 8 7 6 4 5 9 5 12 13 10 11 10 13 12 5 9 8 
3 10 13 12 11 8 13 12 5 9 5 2 0 7 8 11 12 5 9 8 
3 4 5 12 11 8 13 12 5 9 5 4 6 7 8 11 10 3 4 5 9 8 
3 1 2 0 7 8 11 8 7 6 4 5 9 8 11 10 13 8 
3 1 0 7 8 11 8 13 12 5 9 8 11 10 3 4 5 9 8 
3 4 6 7 8 11 10 13 8 9 5 12 13 10 11 10 3 4 6 7 8 
---------------
Request id 21
3 1 2 5 12 13 8 7 6 7 8 13 8 9 5 2 0 1 
3 10 13 8 11 12 13 10 11 8 7 6 7 8 11 12 13 12 5 2 0 1 
3 10 13 8 9 5 12 13 8 9 5 4 6 4 5 9 8 13 8 11 10 3 1 
3 10 13 8 9 5 12 13 8 7 6 4 5 12 11 10 13 12 5 2 0 1 
3 4 5 12 13 10 3 4 6 4 5 9 8 13 10 3 1 
3 10 11 8 13 12 11 10 3 4 6 7 0 1 3 10 13 8 9 5 2 1 
3 4 5 12 11 10 3 4 6 7 0 1 3 10 13 12 11 10 3 1 
3 1 0 2 5 12 11 8 7 6 7 8 11 10 13 8 7 0 1 
3 1 0 2 5 12 13 10 3 4 6 7 8 9 5 12 13 12 5 2 1 
3 10 11 8 13 12 5 4 6 7 0 2 5 12 13 12 11 10 3 1 
---------------
Request id 2
4 5 12 11 8 7 6 4 5 12 11 10 13 10 11 8 9 5 12 11 10 3 1 2 5 
4 5 2 0 7 6 4 5 12 13 8 7 0 2 5 12 11 10 3 4 5 
4 3 10 11 8 7 6 7 8 9 5 12 13 12 5 
4 5 2 1 0 7 6 7 8 11 10 13 10 3 1 0 2 5 12 5 
4 6 4 5 12 13 8 9 5 12 11 10 3 4 5 
4 5 2 1 0 7 6 7 8 11 10 13 8 7 6 4 5 12 5 
4 3 10 11 8 7 6 7 8 11 10 13 10 3 4 5 12 11 8 7 0 2 5 
4 3 1 0 7 6 7 0 2 5 12 13 8 9 5 12 13 8 7 6 4 5 
4 5 2 1 0 7 6 7 8 11 10 13 8 9 5 12 13 10 3 4 5 
4 6 4 5 9 8 13 8 9 5 12 13 8 9 5 
---------------
Request id 29
1 3 10 11 8 13 10 11 12 5 4 6 7 8 9 5 4 3 1 0 
1 3 4 5 12 13 8 9 5 12 5 9 8 11 12 5 2 0 
1 3 10 13 8 7 6 4 5 12 13 10 11 8 9 8 13 10 3 1 0 
1 0 2 5 12 13 12 5 2 0 7 8 9 5 12 11 8 7 0 
1 0 2 5 12 13 8 7 6 4 5 12 5 4 6 7 8 9 8 7 0 
1 2 5 12 13 8 9 5 12 11 8 9 5 4 3 1 0 
1 3 10 13 12 5 2 0 7 8 9 8 13 10 3 1 0 
1 3 10 11 8 13 12 13 10 3 4 5 9 8 11 12 5 2 0 
1 3 10 13 10 3 4 5 12 13 8 9 8 7 0 
1 0 2 5 12 13 8 7 6 4 5 12 5 4 6 7 8 9 5 2 0 
---------------
Request id 27
0 2 1 3 4 5 9 8 11 10 3 4 6 7 8 13 10 11 8 7 0 2 1 3 
0 2 1 3 4 5 9 8 11 10 3 4 6 7 8 13 10 11 12 5 4 3 
0 1 3 10 11 8 9 5 2 1 0 7 6 4 5 12 13 8 11 12 5 4 3 
0 2 5 9 5 12 11 8 7 6 4 5 9 8 11 12 5 2 1 3 
0 7 8 13 12 5 9 5 2 1 3 4 6 4 3 10 11 10 3 
0 2 5 9 8 7 6 7 8 11 12 5 2 1 3 
0 7 8 13 12 5 9 5 4 6 4 5 9 8 11 12 5 2 1 3 
0 7 6 4 5 9 8 7 6 7 8 9 5 12 11 8 7 0 2 1 3 
0 2 1 3 4 5 9 8 11 12 5 4 6 7 8 9 5 12 11 8 7 0 1 3 
0 7 8 11 12 5 9 5 2 1 3 4 6 7 8 13 12 11 8 7 0 2 1 3 
---------------
Request id 25
2 0 7 8 11 12 5 2 1 0 7 8 
2 1 3 4 5 12 5 4 3 10 13 8 
2 5 12 5 4 3 10 13 8 
2 5 9 8 11 12 5 9 8 
2 1 3 10 11 12 13 10 11 8 
2 5 12 11 10 13 8 
2 1 3 4 5 12 5 2 0 7 8 
2 0 7 8 13 12 5 4 3 10 13 8 
2 0 7 6 4 5 12 13 8 
2 0 7 8 13 12 13 8 
---------------
Request id 28
7 8 9 5 12 13 10 3 1 0 7 8 
7 6 4 3 10 13 10 11 8 
7 6 4 3 10 13 12 11 8 
7 8 9 5 12 13 10 3 4 5 9 8 
7 0 1 2 5 12 13 12 5 9 8 
7 0 2 5 12 13 8 
7 6 4 5 12 13 12 5 4 6 7 8 
7 8 11 10 13 12 5 4 6 7 8 
7 6 4 5 9 8 13 12 5 4 6 7 8 
7 6 4 5 9 8 13 12 5 2 0 7 8 
---------------
Request id 14
7 8 13 10 11 12 5 4 3 10 11 8 
7 6 4 3 10 13 12 13 8 
7 8 13 10 11 12 5 2 0 7 8 
7 6 4 3 10 13 12 5 4 6 7 8 
7 0 2 5 12 5 4 3 10 11 8 
7 6 4 3 10 11 12 5 2 0 7 8 
7 8 13 10 11 12 5 4 3 10 13 8 
7 6 4 5 12 5 2 1 0 7 8 
7 8 9 5 12 5 4 3 10 13 8 
7 8 11 10 13 12 5 2 0 7 8 
---------------
Request id 16
5 2 0 7 8 13 12 13 8 9 5 4 6 4 5 12 11 10 13 12 11 8 9 5 2 
5 9 8 13 10 11 12 13 8 9 5 4 6 7 8 11 12 13 8 7 0 1 2 
5 9 8 11 12 13 8 7 6 4 5 12 13 10 11 12 5 2 
5 4 3 10 11 12 5 4 6 4 3 10 13 10 3 1 2 
5 4 3 10 13 12 5 9 8 7 6 7 8 13 8 7 0 1 2 
5 9 8 13 12 11 10 3 4 6 7 8 13 8 11 12 5 2 
5 4 3 10 13 12 13 10 3 4 6 7 8 11 10 13 8 9 5 2 
5 9 8 11 12 11 8 9 5 4 6 7 0 1 3 10 13 10 3 1 2 
5 4 6 7 8 11 12 11 8 9 5 4 6 7 8 9 5 12 13 8 9 5 2 
5 2 0 7 8 13 12 13 8 7 6 7 8 11 12 13 8 7 0 1 2 
---------------
Request id 3
5 12 11 10 3 4 6 4 5 12 11 10 3 
5 12 13 8 11 10 13 8 7 6 4 5 2 1 3 
5 2 0 7 8 11 8 7 6 7 0 2 5 4 3 
5 12 13 10 11 12 5 4 6 7 8 13 10 3 
5 12 11 8 7 6 7 0 2 1 3 
5 2 0 7 8 11 12 5 9 8 7 6 4 3 
5 2 0 7 8 11 12 13 8 7 6 4 5 12 11 10 3 
5 12 13 10 11 10 13 8 7 6 4 5 2 1 3 
5 2 1 3 10 11 8 9 5 4 6 4 5 12 11 10 3 
5 2 1 3 10 11 8 9 5 4 6 7 0 2 1 3 
---------------
Request id 4
4 5 2 0 7 6 7 0 1 2 5 12 11 8 9 5 4 3 1 0 7 
4 5 12 13 8 7 6 7 8 11 10 13 12 5 9 5 2 0 7 
4 3 10 13 8 7 6 4 5 12 13 10 3 4 5 9 5 12 13 8 7 
4 3 10 13 8 7 6 7 8 9 5 12 11 10 3 4 5 9 5 2 0 7 
4 5 12 13 8 7 6 7 0 2 5 12 5 4 6 7 8 9 5 2 1 0 7 
4 5 12 11 8 7 6 4 5 12 11 10 3 4 5 9 5 2 0 7 
4 3 1 2 0 7 6 7 0 2 5 12 5 4 6 7 8 9 5 12 13 8 7 
4 5 2 1 0 7 6 7 8 11 10 13 12 5 9 5 4 3 1 2 0 7 
4 3 10 13 8 7 6 7 0 1 2 5 12 13 8 7 6 4 5 9 8 7 
4 5 12 13 8 7 6 7 8 11 10 13 12 13 8 7 6 4 5 9 5 4 3 1 0 7 
---------------
Request id 7
1 3 4 6 7 8 13 10 
1 3 10 13 8 7 6 4 3 10 
1 3 4 6 7 8 13 12 11 10 
1 2 5 9 8 7 6 4 5 2 1 3 10 
1 2 5 4 6 7 8 11 12 13 10 
1 3 10 13 12 5 4 6 7 0 2 1 3 10 
1 0 7 8 9 5 4 6 7 8 13 10 
1 2 5 9 8 7 6 7 8 13 12 11 10 
1 3 10 13 12 5 4 6 4 3 10 
1 0 7 6 4 5 2 1 3 10 
---------------
Request id 13
3 10 11 8 9 5 12 11 10 3 4 5 9 5 2 1 3 10 13 10 11 8 7 0 
3 10 11 8 13 12 11 10 3 4 5 9 5 2 1 3 10 13 8 11 10 3 1 0 
3 1 2 5 12 13 10 11 8 9 5 12 11 10 13 8 7 0 
3 1 0 2 5 12 11 8 9 8 11 10 13 12 5 2 0 
3 1 2 5 12 11 10 13 8 9 5 12 11 8 13 12 5 2 1 0 
3 4 5 9 8 13 12 11 10 13 8 9 5 12 11 10 13 8 11 10 3 1 0 
3 10 11 12 13 8 7 6 4 5 9 8 11 10 13 10 11 8 7 0 
3 10 11 8 9 5 12 11 10 13 8 9 5 12 11 8 13 8 9 5 2 0 
3 1 2 5 12 5 2 0 7 8 9 5 12 11 8 13 10 3 1 0 
3 10 11 12 13 10 11 8 9 5 2 1 3 10 13 8 9 5 2 0 
---------------
Request id 17
0 2 1 3 10 11 12 11 10 13 8 9 8 13 10 3 4 
0 1 3 10 11 10 3 1 2 5 12 13 10 3 4 5 9 5 4 
0 7 6 4 3 10 11 8 13 12 11 8 9 8 13 12 5 4 
0 2 5 12 11 8 7 6 4 5 12 5 9 5 12 13 10 3 4 
0 2 1 3 10 11 8 7 0 1 2 5 12 11 8 7 6 4 5 9 8 11 10 3 4 
0 7 8 13 10 11 12 13 8 9 8 13 10 3 4 
0 1 2 5 12 11 12 11 8 7 6 4 5 9 8 7 0 1 3 4 
0 7 8 11 10 13 8 9 5 12 11 8 9 8 11 10 3 4 
0 2 5 9 8 11 8 7 0 2 5 12 5 9 8 13 10 3 4 
0 2 5 9 8 11 10 3 1 2 5 12 13 8 9 8 7 0 1 3 4 
---------------
Request id 22
10 11 12 5 9 5 4 6 7 
10 3 1 2 5 9 5 12 13 8 7 
10 11 12 13 8 9 8 7 
10 3 1 2 5 9 5 12 11 8 7 
10 13 12 11 8 9 5 12 11 8 7 
10 3 1 0 2 5 9 5 4 3 1 0 7 
10 3 1 0 2 5 9 5 4 3 1 2 0 7 
10 13 8 11 12 5 9 5 2 0 7 
10 11 12 13 8 9 5 2 1 0 7 
10 11 8 9 5 4 6 7 
---------------
Request id 8
3 1 2 5 12 13 10 3 4 
3 1 2 5 12 5 9 8 7 6 4 
3 10 13 12 11 10 3 4 
3 10 11 12 11 10 3 4 
3 4 5 9 8 13 12 13 8 9 5 4 
3 4 6 7 8 11 12 5 9 8 7 6 4 
3 4 5 9 8 13 12 5 4 
3 10 11 12 5 4 
3 4 5 12 5 9 8 7 6 4 
3 1 0 2 5 12 11 10 3 4 
---------------
Request id 26
7 8 13 10 11 12 5 2 1 0 7 8 13 8 7 6 4 5 12 5 2 1 0 7 8 
7 8 13 10 11 12 5 2 0 7 8 13 8 7 6 4 5 12 11 8 
7 8 9 5 12 5 2 1 0 7 8 13 8 7 6 4 5 12 5 9 8 
7 6 4 5 12 5 9 8 11 10 13 8 7 6 4 5 12 5 2 1 0 7 8 
7 8 13 10 11 12 11 10 13 8 11 12 5 2 1 0 7 8 
7 6 4 3 10 13 12 5 4 3 10 13 8 11 12 13 10 11 8 
7 0 1 2 5 12 5 4 6 7 8 13 8 7 6 4 5 12 5 4 6 7 8 
7 6 4 3 10 11 12 11 8 13 10 3 1 0 2 5 12 5 4 6 7 8 
7 8 11 12 5 2 1 3 10 13 12 5 4 3 10 13 8 
7 6 4 3 10 11 12 5 9 8 11 10 13 10 3 1 2 5 12 13 10 11 8 
---------------
Request id 19
3 1 2 0 7 8 13 10 3 4 5 12 5 9 8 11 10 13 8 7 0 1 
3 4 5 9 8 13 8 11 12 13 12 5 4 3 1 
3 4 6 7 8 13 10 11 8 9 5 12 5 4 6 7 8 13 8 7 0 1 
3 10 11 12 13 10 3 1 0 2 5 12 11 10 13 8 9 5 2 1 
3 10 11 8 13 8 9 5 12 5 2 1 0 7 8 13 8 7 0 2 1 
3 4 5 12 13 8 7 0 2 5 12 13 10 3 1 
3 1 2 0 7 8 13 10 11 8 9 5 12 5 2 0 7 8 13 12 5 4 3 1 
3 10 11 12 13 8 7 6 4 5 12 5 4 6 7 8 13 12 11 10 3 1 
3 10 13 12 5 9 8 13 8 7 0 2 1 
3 10 13 8 11 12 5 2 1 3 10 13 10 3 1 
---------------
Request id 9
3 4 5 12 11 8 13 10 11 8 7 0 1 
3 4 6 7 8 13 12 5 2 1 
3 1 0 7 8 13 12 5 2 1 
3 1 0 7 8 13 12 5 2 0 1 
3 4 5 12 11 8 13 12 11 10 3 1 
3 4 5 12 13 10 3 1 
3 1 0 7 8 13 8 9 5 2 1 
3 4 5 12 11 8 13 8 9 5 2 1 
3 4 6 7 8 13 12 5 2 0 1 
3 10 11 12 13 10 11 8 7 0 1 
---------------
Request id 11
3 10 11 8 7 6 7 8 11 10 13 10 11 12 5 9 5 4 6 7 0 2 
3 4 6 4 5 9 8 13 10 11 8 9 8 7 6 4 5 2 
3 10 13 12 5 4 6 7 8 9 5 12 13 12 5 9 5 2 
3 1 0 7 6 4 3 10 13 8 11 12 5 9 5 4 3 1 0 2 
3 1 2 0 7 6 7 0 1 3 10 13 8 11 12 5 9 8 11 12 5 2 
3 1 2 0 7 6 4 5 12 13 8 7 6 4 5 9 8 7 6 4 5 2 
3 10 11 8 7 6 4 5 12 13 10 3 4 5 9 5 4 6 7 0 2 
3 10 11 12 5 4 6 4 5 12 13 12 11 8 9 5 4 3 1 2 
3 4 5 2 0 7 6 7 8 11 12 13 10 11 12 5 9 5 4 3 1 2 
3 1 2 0 7 6 7 8 13 10 11 8 9 8 7 6 4 5 2 
---------------
Request id 5
1 2 0 7 8 11 12 5 4 6 7 8 13 8 7 6 4 5 
1 3 4 5 12 5 9 8 11 10 13 8 9 5 
1 2 0 7 8 11 12 5 4 3 10 13 10 3 1 2 5 
1 0 2 5 12 5 2 1 3 10 13 8 9 5 
1 3 10 13 8 11 12 5 4 6 7 8 13 10 11 8 9 5 
1 2 5 12 5 4 3 10 13 10 3 4 5 
1 0 7 8 13 12 5 2 1 0 7 8 13 10 11 8 9 5 
1 3 10 13 8 11 12 5 9 8 13 12 11 8 9 5 
1 2 5 12 11 8 13 8 7 0 2 5 
1 3 10 13 12 11 10 13 12 11 8 9 5 
---------------
Request id 20
7 6 4 5 12 13 8 
7 0 2 5 4 6 4 5 12 13 8 
7 0 2 1 3 4 6 4 5 12 11 8 
7 8 13 12 5 4 6 4 3 10 13 8 
7 0 1 3 4 6 4 5 12 11 8 
7 8 13 12 5 4 6 4 5 12 13 8 
7 8 11 12 5 4 6 4 5 9 8 
7 8 11 12 5 4 6 4 3 1 0 7 8 
7 0 1 2 5 4 6 4 5 12 13 8 
7 0 2 1 3 4 6 4 5 12 13 8 
---------------
Request id 6
7 0 2 5 12 11 12 5 2 
7 8 13 12 11 8 9 5 2 
7 0 1 2 5 12 11 8 13 12 5 2 
7 8 13 12 11 8 7 6 4 5 2 
7 8 13 10 11 8 7 6 4 5 2 
7 8 11 8 7 6 4 5 2 
7 0 1 3 10 11 10 3 4 5 2 
7 8 9 5 12 11 10 3 1 0 2 
7 0 2 5 12 11 8 7 6 4 5 2 
7 6 4 3 10 11 8 7 6 4 5 2 
---------------
Request id 15
3 10 13 12 5 4 6 7 0 2 5 
3 1 2 0 7 6 7 8 13 12 5 
3 10 13 12 5 4 6 4 3 10 11 12 5 
3 10 13 12 5 4 6 7 8 9 5 
3 10 13 8 7 6 7 8 9 5 
3 4 6 7 0 2 5 
3 4 5 9 8 7 6 4 3 10 11 12 5 
3 4 5 9 8 7 6 7 0 1 2 5 
3 10 11 12 5 4 6 7 8 13 12 5 
3 10 13 12 5 4 6 4 3 1 0 2 5 
---------------
