Request id 14
7 12 17 23 29 35 36 40 46 47 46 50 52 55 58 60 62 65 45 
7 12 17 23 29 35 36 40 46 47 46 49 56 75 78 66 68 63 67 62 65 45 
7 12 17 23 29 35 36 40 46 47 46 50 52 55 58 60 62 65 54 53 48 34 45 
7 12 17 23 29 35 36 40 46 47 46 49 56 75 72 73 77 68 63 67 62 65 45 
7 12 17 23 29 35 36 40 46 47 46 49 56 75 78 66 68 63 67 62 65 54 53 48 34 45 
7 12 17 23 29 35 36 40 46 47 46 49 56 75 72 73 77 68 63 67 62 65 54 53 48 34 45 
7 12 17 23 29 35 36 40 46 47 46 50 52 55 58 60 62 67 74 71 81 80 69 64 59 57 54 65 45 
7 12 17 23 29 35 36 40 46 47 46 49 56 75 78 66 68 63 67 74 71 81 80 69 64 59 57 54 65 45 
7 12 17 23 29 35 36 40 46 47 46 50 52 55 58 60 62 67 74 71 81 80 69 64 59 57 54 53 48 34 45 
7 12 17 23 29 35 36 40 46 47 46 49 56 75 72 73 77 68 63 67 74 71 81 80 69 64 59 57 54 65 45 
7 12 17 23 29 35 26 21 30 37 40 46 47 46 50 52 55 58 60 62 65 45 
7 12 17 23 29 35 26 21 30 37 40 46 47 46 49 56 75 78 66 68 63 67 62 65 45 
7 12 17 23 29 35 26 21 30 37 40 46 47 46 50 52 55 58 60 62 65 54 53 48 34 45 
7 12 17 23 29 35 26 21 30 37 40 46 47 46 49 56 75 72 73 77 68 63 67 62 65 45 
7 12 17 23 29 35 26 21 30 37 40 46 47 46 49 56 75 78 66 68 63 67 62 65 54 53 48 34 45 
7 12 17 23 29 35 26 21 30 37 40 46 47 46 49 56 75 72 73 77 68 63 67 62 65 54 53 48 34 45 
7 12 17 23 29 35 26 21 30 37 40 46 47 46 50 52 55 58 60 62 67 74 71 81 80 69 64 59 57 54 65 45 
7 12 17 23 29 35 26 21 30 37 40 46 47 46 49 56 75 78 66 68 63 67 74 71 81 80 69 64 59 57 54 65 45 
7 12 17 23 29 35 26 21 30 37 40 46 47 46 50 52 55 58 60 62 67 74 71 81 80 69 64 59 57 54 53 48 34 45 
7 12 17 23 29 35 26 21 30 37 40 46 47 46 49 56 75 72 73 77 68 63 67 74 71 81 80 69 64 59 57 54 65 45 
7 8 1 2 3 9 17 23 29 35 36 40 46 47 46 50 52 55 58 60 62 65 45 
7 8 1 2 3 9 17 23 29 35 36 40 46 47 46 49 56 75 78 66 68 63 67 62 65 45 
7 8 1 2 3 9 17 23 29 35 36 40 46 47 46 50 52 55 58 60 62 65 54 53 48 34 45 
7 8 1 2 3 9 17 23 29 35 36 40 46 47 46 49 56 75 72 73 77 68 63 67 62 65 45 
7 8 1 2 3 9 17 23 29 35 36 40 46 47 46 49 56 75 78 66 68 63 67 62 65 54 53 48 34 45 
7 8 1 2 3 9 17 23 29 35 36 40 46 47 46 49 56 75 72 73 77 68 63 67 62 65 54 53 48 34 45 
7 8 1 2 3 9 17 23 29 35 36 40 46 47 46 50 52 55 58 60 62 67 74 71 81 80 69 64 59 57 54 65 45 
7 8 1 2 3 9 17 23 29 35 36 40 46 47 46 49 56 75 78 66 68 63 67 74 71 81 80 69 64 59 57 54 65 45 
7 8 1 2 3 9 17 23 29 35 36 40 46 47 46 50 52 55 58 60 62 67 74 71 81 80 69 64 59 57 54 53 48 34 45 
7 8 1 2 3 9 17 23 29 35 36 40 46 47 46 49 56 75 72 73 77 68 63 67 74 71 81 80 69 64 59 57 54 65 45 
7 8 1 2 3 9 17 23 29 35 26 21 30 37 40 46 47 46 50 52 55 58 60 62 65 45 
7 8 1 2 3 9 17 23 29 35 26 21 30 37 40 46 47 46 49 56 75 78 66 68 63 67 62 65 45 
7 8 1 2 3 9 17 23 29 35 26 21 30 37 40 46 47 46 50 52 55 58 60 62 65 54 53 48 34 45 
7 8 1 2 3 9 17 23 29 35 26 21 30 37 40 46 47 46 49 56 75 72 73 77 68 63 67 62 65 45 
7 8 1 2 3 9 17 23 29 35 26 21 30 37 40 46 47 46 49 56 75 78 66 68 63 67 62 65 54 53 48 34 45 
7 8 1 2 3 9 17 23 29 35 26 21 30 37 40 46 47 46 49 56 75 72 73 77 68 63 67 62 65 54 53 48 34 45 
7 8 1 2 3 9 17 23 29 35 26 21 30 37 40 46 47 46 50 52 55 58 60 62 67 74 71 81 80 69 64 59 57 54 65 45 
7 8 1 2 3 9 17 23 29 35 26 21 30 37 40 46 47 46 49 56 75 78 66 68 63 67 74 71 81 80 69 64 59 57 54 65 45 
7 8 1 2 3 9 17 23 29 35 26 21 30 37 40 46 47 46 50 52 55 58 60 62 67 74 71 81 80 69 64 59 57 54 53 48 34 45 
7 8 1 2 3 9 17 23 29 35 26 21 30 37 40 46 47 46 49 56 75 72 73 77 68 63 67 74 71 81 80 69 64 59 57 54 65 45 
---------------
Request id 15
59 64 69 80 81 71 81 80 69 64 59 57 54 65 61 51 61 65 62 60 58 55 52 50 46 40 36 35 29 23 
59 64 69 80 81 71 81 80 69 64 59 57 54 65 61 51 61 65 62 67 63 68 66 78 75 56 49 46 40 36 35 29 23 
59 64 69 80 81 71 81 80 69 64 59 57 54 65 61 51 61 65 62 60 58 55 52 50 46 40 37 30 21 26 35 29 23 
59 64 69 80 81 71 81 80 69 64 59 57 54 65 61 51 61 65 62 67 63 68 77 73 72 75 56 49 46 40 36 35 29 23 
59 64 69 80 81 71 81 80 69 64 59 57 54 65 61 51 61 65 62 67 63 68 66 78 75 56 49 46 40 37 30 21 26 35 29 23 
59 64 69 80 81 71 81 80 69 64 59 57 54 65 61 51 61 65 62 67 63 68 77 73 72 75 56 49 46 40 37 30 21 26 35 29 23 
59 64 69 80 81 71 81 80 69 64 59 57 54 65 61 51 61 65 54 57 59 64 69 80 81 71 74 67 62 60 58 55 52 50 46 40 36 35 29 23 
59 64 69 80 81 71 81 80 69 64 59 57 54 65 61 51 61 65 54 57 59 64 69 80 81 71 74 67 63 68 66 78 75 56 49 46 40 36 35 29 23 
59 64 69 80 81 71 81 80 69 64 59 57 54 65 61 51 61 65 54 57 59 64 69 80 81 82 84 83 74 67 62 60 58 55 52 50 46 40 36 35 29 23 
59 64 69 80 81 71 81 80 69 64 59 57 54 65 61 51 61 65 54 57 59 64 69 80 81 71 74 67 63 68 77 73 72 75 56 49 46 40 36 35 29 23 
59 64 69 80 81 71 81 80 81 71 74 67 62 65 61 51 61 65 62 60 58 55 52 50 46 40 36 35 29 23 
59 64 69 80 81 71 81 80 81 71 74 67 62 65 61 51 61 65 62 67 63 68 66 78 75 56 49 46 40 36 35 29 23 
59 64 69 80 81 71 81 80 81 71 74 67 62 65 61 51 61 65 62 60 58 55 52 50 46 40 37 30 21 26 35 29 23 
59 64 69 80 81 71 81 80 81 71 74 67 62 65 61 51 61 65 62 67 63 68 77 73 72 75 56 49 46 40 36 35 29 23 
59 64 69 80 81 71 81 80 81 71 74 67 62 65 61 51 61 65 62 67 63 68 66 78 75 56 49 46 40 37 30 21 26 35 29 23 
59 64 69 80 81 71 81 80 81 71 74 67 62 65 61 51 61 65 62 67 63 68 77 73 72 75 56 49 46 40 37 30 21 26 35 29 23 
59 64 69 80 81 71 81 80 81 71 74 67 62 65 61 51 61 65 54 57 59 64 69 80 81 71 74 67 62 60 58 55 52 50 46 40 36 35 29 23 
59 64 69 80 81 71 81 80 81 71 74 67 62 65 61 51 61 65 54 57 59 64 69 80 81 71 74 67 63 68 66 78 75 56 49 46 40 36 35 29 23 
59 64 69 80 81 71 81 80 81 71 74 67 62 65 61 51 61 65 54 57 59 64 69 80 81 82 84 83 74 67 62 60 58 55 52 50 46 40 36 35 29 23 
59 64 69 80 81 71 81 80 81 71 74 67 62 65 61 51 61 65 54 57 59 64 69 80 81 71 74 67 63 68 77 73 72 75 56 49 46 40 36 35 29 23 
59 64 69 80 81 71 81 80 81 82 84 83 74 67 62 65 61 51 61 65 62 60 58 55 52 50 46 40 36 35 29 23 
59 64 69 80 81 71 81 80 81 82 84 83 74 67 62 65 61 51 61 65 62 67 63 68 66 78 75 56 49 46 40 36 35 29 23 
59 64 69 80 81 71 81 80 81 82 84 83 74 67 62 65 61 51 61 65 62 60 58 55 52 50 46 40 37 30 21 26 35 29 23 
59 64 69 80 81 71 81 80 81 82 84 83 74 67 62 65 61 51 61 65 62 67 63 68 77 73 72 75 56 49 46 40 36 35 29 23 
59 64 69 80 81 71 81 80 81 82 84 83 74 67 62 65 61 51 61 65 62 67 63 68 66 78 75 56 49 46 40 37 30 21 26 35 29 23 
59 64 69 80 81 71 81 80 81 82 84 83 74 67 62 65 61 51 61 65 62 67 63 68 77 73 72 75 56 49 46 40 37 30 21 26 35 29 23 
59 64 69 80 81 71 81 80 81 82 84 83 74 67 62 65 61 51 61 65 54 57 59 64 69 80 81 71 74 67 62 60 58 55 52 50 46 40 36 35 29 23 
59 64 69 80 81 71 81 80 81 82 84 83 74 67 62 65 61 51 61 65 54 57 59 64 69 80 81 71 74 67 63 68 66 78 75 56 49 46 40 36 35 29 23 
59 64 69 80 81 71 81 80 81 82 84 83 74 67 62 65 61 51 61 65 54 57 59 64 69 80 81 82 84 83 74 67 62 60 58 55 52 50 46 40 36 35 29 23 
59 64 69 80 81 71 81 80 81 82 84 83 74 67 62 65 61 51 61 65 54 57 59 64 69 80 81 71 74 67 63 68 77 73 72 75 56 49 46 40 36 35 29 23 
59 64 69 80 81 71 81 80 69 64 59 57 54 53 48 34 45 65 61 51 61 65 62 60 58 55 52 50 46 40 36 35 29 23 
59 64 69 80 81 71 81 80 69 64 59 57 54 53 48 34 45 65 61 51 61 65 62 67 63 68 66 78 75 56 49 46 40 36 35 29 23 
59 64 69 80 81 71 81 80 69 64 59 57 54 53 48 34 45 65 61 51 61 65 62 60 58 55 52 50 46 40 37 30 21 26 35 29 23 
59 64 69 80 81 71 81 80 69 64 59 57 54 53 48 34 45 65 61 51 61 65 62 67 63 68 77 73 72 75 56 49 46 40 36 35 29 23 
59 64 69 80 81 71 81 80 69 64 59 57 54 53 48 34 45 65 61 51 61 65 62 67 63 68 66 78 75 56 49 46 40 37 30 21 26 35 29 23 
59 64 69 80 81 71 81 80 69 64 59 57 54 53 48 34 45 65 61 51 61 65 62 67 63 68 77 73 72 75 56 49 46 40 37 30 21 26 35 29 23 
59 64 69 80 81 71 81 80 69 64 59 57 54 53 48 34 45 65 61 51 61 65 54 57 59 64 69 80 81 71 74 67 62 60 58 55 52 50 46 40 36 35 29 23 
59 64 69 80 81 71 81 80 69 64 59 57 54 53 48 34 45 65 61 51 61 65 54 57 59 64 69 80 81 71 74 67 63 68 66 78 75 56 49 46 40 36 35 29 23 
59 64 69 80 81 71 81 80 69 64 59 57 54 53 48 34 45 65 61 51 61 65 54 57 59 64 69 80 81 82 84 83 74 67 62 60 58 55 52 50 46 40 36 35 29 23 
59 64 69 80 81 71 81 80 69 64 59 57 54 53 48 34 45 65 61 51 61 65 54 57 59 64 69 80 81 71 74 67 63 68 77 73 72 75 56 49 46 40 36 35 29 23 
---------------
Request id 20
18 17 23 29 35 36 40 46 47 46 49 56 75 78 75 72 75 56 49 46 40 36 35 29 23 17 9 13 32 31 22 
18 17 23 29 35 36 40 46 47 46 49 56 75 78 75 72 75 56 49 46 40 37 30 21 26 35 29 23 17 9 13 32 31 22 
18 17 23 29 35 36 40 46 47 46 49 56 75 78 75 72 75 56 49 46 40 36 35 29 23 17 9 3 0 4 6 11 14 22 
18 17 23 29 35 36 40 46 47 46 49 56 75 78 75 72 73 77 68 66 78 75 56 49 46 40 36 35 29 23 17 9 13 32 31 22 
18 17 23 29 35 36 40 46 47 46 49 56 75 78 75 72 75 56 49 46 40 36 35 29 23 17 12 7 8 1 2 3 9 13 32 31 22 
18 17 23 29 35 36 40 46 47 46 49 56 75 78 75 72 75 56 49 46 40 37 30 21 26 35 29 23 17 9 3 0 4 6 11 14 22 
18 17 23 29 35 36 40 46 47 46 49 56 75 78 75 72 75 56 49 46 40 36 35 29 23 17 12 7 8 1 2 3 0 4 6 11 14 22 
18 17 23 29 35 36 40 46 47 46 49 56 75 78 75 72 73 77 68 66 78 75 56 49 46 40 37 30 21 26 35 29 23 17 9 13 32 31 22 
18 17 23 29 35 36 40 46 47 46 49 56 75 78 75 72 73 77 68 63 67 62 60 58 55 52 50 46 40 36 35 29 23 17 9 13 32 31 22 
18 17 23 29 35 36 40 46 47 46 49 56 75 78 75 72 73 77 68 66 78 75 56 49 46 40 36 35 29 23 17 9 3 0 4 6 11 14 22 
18 17 23 29 35 36 40 46 47 46 49 56 75 78 66 68 77 73 72 75 56 49 46 40 36 35 29 23 17 9 13 32 31 22 
18 17 23 29 35 36 40 46 47 46 49 56 75 78 66 68 77 73 72 75 56 49 46 40 37 30 21 26 35 29 23 17 9 13 32 31 22 
18 17 23 29 35 36 40 46 47 46 49 56 75 78 66 68 77 73 72 75 56 49 46 40 36 35 29 23 17 9 3 0 4 6 11 14 22 
18 17 23 29 35 36 40 46 47 46 49 56 75 78 66 68 77 73 72 73 77 68 66 78 75 56 49 46 40 36 35 29 23 17 9 13 32 31 22 
18 17 23 29 35 36 40 46 47 46 49 56 75 78 66 68 77 73 72 75 56 49 46 40 36 35 29 23 17 12 7 8 1 2 3 9 13 32 31 22 
18 17 23 29 35 36 40 46 47 46 49 56 75 78 66 68 77 73 72 75 56 49 46 40 37 30 21 26 35 29 23 17 9 3 0 4 6 11 14 22 
18 17 23 29 35 36 40 46 47 46 49 56 75 78 66 68 77 73 72 75 56 49 46 40 36 35 29 23 17 12 7 8 1 2 3 0 4 6 11 14 22 
18 17 23 29 35 36 40 46 47 46 49 56 75 78 66 68 77 73 72 73 77 68 66 78 75 56 49 46 40 37 30 21 26 35 29 23 17 9 13 32 31 22 
18 17 23 29 35 36 40 46 47 46 49 56 75 78 66 68 77 73 72 73 77 68 63 67 62 60 58 55 52 50 46 40 36 35 29 23 17 9 13 32 31 22 
18 17 23 29 35 36 40 46 47 46 49 56 75 78 66 68 77 73 72 73 77 68 66 78 75 56 49 46 40 36 35 29 23 17 9 3 0 4 6 11 14 22 
18 17 23 29 35 36 40 46 47 46 49 56 75 78 66 68 63 67 62 60 58 55 52 50 46 49 56 75 72 75 56 49 46 40 36 35 29 23 17 9 13 32 31 22 
18 17 23 29 35 36 40 46 47 46 49 56 75 78 66 68 63 67 62 60 58 55 52 50 46 49 56 75 72 75 56 49 46 40 37 30 21 26 35 29 23 17 9 13 32 31 22 
18 17 23 29 35 36 40 46 47 46 49 56 75 78 66 68 63 67 62 60 58 55 52 50 46 49 56 75 72 75 56 49 46 40 36 35 29 23 17 9 3 0 4 6 11 14 22 
18 17 23 29 35 36 40 46 47 46 49 56 75 78 66 68 63 67 62 60 58 55 52 50 46 49 56 75 72 73 77 68 66 78 75 56 49 46 40 36 35 29 23 17 9 13 32 31 22 
18 17 23 29 35 36 40 46 47 46 49 56 75 78 66 68 63 67 62 60 58 55 52 50 46 49 56 75 72 75 56 49 46 40 36 35 29 23 17 12 7 8 1 2 3 9 13 32 31 22 
18 17 23 29 35 36 40 46 47 46 49 56 75 78 66 68 63 67 62 60 58 55 52 50 46 49 56 75 72 75 56 49 46 40 37 30 21 26 35 29 23 17 9 3 0 4 6 11 14 22 
18 17 23 29 35 36 40 46 47 46 49 56 75 78 66 68 63 67 62 60 58 55 52 50 46 49 56 75 72 75 56 49 46 40 36 35 29 23 17 12 7 8 1 2 3 0 4 6 11 14 22 
18 17 23 29 35 36 40 46 47 46 49 56 75 78 66 68 63 67 62 60 58 55 52 50 46 49 56 75 72 73 77 68 66 78 75 56 49 46 40 37 30 21 26 35 29 23 17 9 13 32 31 22 
18 17 23 29 35 36 40 46 47 46 49 56 75 78 66 68 63 67 62 60 58 55 52 50 46 49 56 75 72 73 77 68 63 67 62 60 58 55 52 50 46 40 36 35 29 23 17 9 13 32 31 22 
18 17 23 29 35 36 40 46 47 46 49 56 75 78 66 68 63 67 62 60 58 55 52 50 46 49 56 75 72 73 77 68 66 78 75 56 49 46 40 36 35 29 23 17 9 3 0 4 6 11 14 22 
18 17 23 29 35 36 40 46 47 46 49 56 75 78 75 56 49 46 50 52 55 58 60 62 67 63 68 77 73 72 75 56 49 46 40 36 35 29 23 17 9 13 32 31 22 
18 17 23 29 35 36 40 46 47 46 49 56 75 78 75 56 49 46 50 52 55 58 60 62 67 63 68 77 73 72 75 56 49 46 40 37 30 21 26 35 29 23 17 9 13 32 31 22 
18 17 23 29 35 36 40 46 47 46 49 56 75 78 75 56 49 46 50 52 55 58 60 62 67 63 68 77 73 72 75 56 49 46 40 36 35 29 23 17 9 3 0 4 6 11 14 22 
18 17 23 29 35 36 40 46 47 46 49 56 75 78 75 56 49 46 50 52 55 58 60 62 67 63 68 77 73 72 73 77 68 66 78 75 56 49 46 40 36 35 29 23 17 9 13 32 31 22 
18 17 23 29 35 36 40 46 47 46 49 56 75 78 75 56 49 46 50 52 55 58 60 62 67 63 68 77 73 72 75 56 49 46 40 36 35 29 23 17 12 7 8 1 2 3 9 13 32 31 22 
18 17 23 29 35 36 40 46 47 46 49 56 75 78 75 56 49 46 50 52 55 58 60 62 67 63 68 77 73 72 75 56 49 46 40 37 30 21 26 35 29 23 17 9 3 0 4 6 11 14 22 
18 17 23 29 35 36 40 46 47 46 49 56 75 78 75 56 49 46 50 52 55 58 60 62 67 63 68 77 73 72 75 56 49 46 40 36 35 29 23 17 12 7 8 1 2 3 0 4 6 11 14 22 
18 17 23 29 35 36 40 46 47 46 49 56 75 78 75 56 49 46 50 52 55 58 60 62 67 63 68 77 73 72 73 77 68 66 78 75 56 49 46 40 37 30 21 26 35 29 23 17 9 13 32 31 22 
18 17 23 29 35 36 40 46 47 46 49 56 75 78 75 56 49 46 50 52 55 58 60 62 67 63 68 77 73 72 73 77 68 63 67 62 60 58 55 52 50 46 40 36 35 29 23 17 9 13 32 31 22 
18 17 23 29 35 36 40 46 47 46 49 56 75 78 75 56 49 46 50 52 55 58 60 62 67 63 68 77 73 72 73 77 68 66 78 75 56 49 46 40 36 35 29 23 17 9 3 0 4 6 11 14 22 
---------------
Request id 1
84 88 89 88 84 83 74 67 62 60 58 55 52 50 46 40 36 35 29 23 17 9 3 0 4 
84 88 89 88 84 83 74 67 63 68 66 78 75 56 49 46 40 36 35 29 23 17 9 3 0 4 
84 88 89 88 84 82 81 71 74 67 62 60 58 55 52 50 46 40 36 35 29 23 17 9 3 0 4 
84 88 89 88 84 83 74 67 63 68 77 73 72 75 56 49 46 40 36 35 29 23 17 9 3 0 4 
84 88 89 88 84 83 74 67 62 60 58 55 52 50 46 40 37 30 21 26 35 29 23 17 9 3 0 4 
84 88 89 88 84 82 81 71 74 67 63 68 66 78 75 56 49 46 40 36 35 29 23 17 9 3 0 4 
84 88 89 88 84 83 74 67 63 68 66 78 75 56 49 46 40 37 30 21 26 35 29 23 17 9 3 0 4 
84 88 89 88 84 83 74 67 62 60 58 55 52 50 46 40 36 35 29 23 17 12 7 8 1 2 3 0 4 
84 88 89 88 84 82 81 71 74 67 63 68 77 73 72 75 56 49 46 40 36 35 29 23 17 9 3 0 4 
84 88 89 88 84 83 74 67 63 68 77 73 72 75 56 49 46 40 37 30 21 26 35 29 23 17 9 3 0 4 
---------------
Request id 3
9 17 23 29 35 36 40 46 47 46 40 37 30 21 
9 17 23 29 35 36 40 46 47 46 40 36 35 26 21 
9 17 23 29 35 26 21 30 37 40 46 47 46 40 37 30 21 
9 17 23 29 35 26 21 30 37 40 46 47 46 40 36 35 26 21 
9 3 2 1 8 7 12 17 23 29 35 36 40 46 47 46 40 37 30 21 
9 3 2 1 8 7 12 17 23 29 35 36 40 46 47 46 40 36 35 26 21 
9 3 2 1 8 7 12 17 23 29 35 26 21 30 37 40 46 47 46 40 37 30 21 
9 3 2 1 8 7 12 17 23 29 35 26 21 30 37 40 46 47 46 40 36 35 26 21 
9 13 32 31 22 14 11 6 4 0 3 2 1 8 7 12 17 23 29 35 36 40 46 47 46 40 37 30 21 
9 13 32 31 22 14 11 6 4 0 3 2 1 8 7 12 17 23 29 35 36 40 46 47 46 40 36 35 26 21 
9 13 32 31 22 14 11 6 4 0 3 2 1 8 7 12 17 23 29 35 26 21 30 37 40 46 47 46 40 37 30 21 
9 13 32 31 22 14 11 6 4 0 3 2 1 8 7 12 17 23 29 35 26 21 30 37 40 46 47 46 40 36 35 26 21 
---------------
Request id 9
74 83 85 87 94 100 99 100 94 87 90 87 94 100 99 100 94 87 85 83 74 67 62 
74 83 85 87 94 100 99 100 94 87 90 87 94 100 99 100 94 98 102 101 85 83 74 67 62 
74 83 85 87 94 100 99 100 94 87 90 87 94 100 99 100 94 87 85 83 84 82 81 71 74 67 62 
74 83 85 87 94 100 99 100 94 87 90 87 94 100 99 100 94 98 102 101 85 83 84 82 81 71 74 67 62 
74 83 85 87 94 100 99 100 94 87 90 87 94 100 99 100 94 87 85 83 74 71 81 80 69 64 59 57 54 65 62 
74 83 85 87 94 100 99 100 94 87 90 87 94 100 99 100 94 87 85 83 84 82 81 80 69 64 59 57 54 65 62 
74 83 85 87 94 100 99 100 94 87 90 87 94 100 99 100 94 98 102 101 85 83 74 71 81 80 69 64 59 57 54 65 62 
74 83 85 87 94 100 99 100 94 87 90 87 94 100 99 100 94 98 102 101 85 83 84 82 81 80 69 64 59 57 54 65 62 
74 83 85 87 94 100 99 100 94 87 90 87 94 100 99 100 94 87 85 83 74 71 81 80 69 64 59 57 54 53 48 34 45 65 62 
74 83 85 87 94 100 99 100 94 87 90 87 94 100 99 100 94 87 85 83 84 82 81 80 69 64 59 57 54 53 48 34 45 65 62 
74 83 85 87 94 100 99 100 94 87 90 87 85 101 102 98 94 100 99 100 94 87 85 83 74 67 62 
74 83 85 87 94 100 99 100 94 87 90 87 85 101 102 98 94 100 99 100 94 98 102 101 85 83 74 67 62 
74 83 85 87 94 100 99 100 94 87 90 87 85 101 102 98 94 100 99 100 94 87 85 83 84 82 81 71 74 67 62 
74 83 85 87 94 100 99 100 94 87 90 87 85 101 102 98 94 100 99 100 94 98 102 101 85 83 84 82 81 71 74 67 62 
74 83 85 87 94 100 99 100 94 87 90 87 85 101 102 98 94 100 99 100 94 87 85 83 74 71 81 80 69 64 59 57 54 65 62 
74 83 85 87 94 100 99 100 94 87 90 87 85 101 102 98 94 100 99 100 94 87 85 83 84 82 81 80 69 64 59 57 54 65 62 
74 83 85 87 94 100 99 100 94 87 90 87 85 101 102 98 94 100 99 100 94 98 102 101 85 83 74 71 81 80 69 64 59 57 54 65 62 
74 83 85 87 94 100 99 100 94 87 90 87 85 101 102 98 94 100 99 100 94 98 102 101 85 83 84 82 81 80 69 64 59 57 54 65 62 
74 83 85 87 94 100 99 100 94 87 90 87 85 101 102 98 94 100 99 100 94 87 85 83 74 71 81 80 69 64 59 57 54 53 48 34 45 65 62 
74 83 85 87 94 100 99 100 94 87 90 87 85 101 102 98 94 100 99 100 94 87 85 83 84 82 81 80 69 64 59 57 54 53 48 34 45 65 62 
74 83 85 87 94 100 99 100 94 98 102 101 85 87 90 87 94 100 99 100 94 87 85 83 74 67 62 
74 83 85 87 94 100 99 100 94 98 102 101 85 87 90 87 94 100 99 100 94 98 102 101 85 83 74 67 62 
74 83 85 87 94 100 99 100 94 98 102 101 85 87 90 87 94 100 99 100 94 87 85 83 84 82 81 71 74 67 62 
74 83 85 87 94 100 99 100 94 98 102 101 85 87 90 87 94 100 99 100 94 98 102 101 85 83 84 82 81 71 74 67 62 
74 83 85 87 94 100 99 100 94 98 102 101 85 87 90 87 94 100 99 100 94 87 85 83 74 71 81 80 69 64 59 57 54 65 62 
74 83 85 87 94 100 99 100 94 98 102 101 85 87 90 87 94 100 99 100 94 87 85 83 84 82 81 80 69 64 59 57 54 65 62 
74 83 85 87 94 100 99 100 94 98 102 101 85 87 90 87 94 100 99 100 94 98 102 101 85 83 74 71 81 80 69 64 59 57 54 65 62 
74 83 85 87 94 100 99 100 94 98 102 101 85 87 90 87 94 100 99 100 94 98 102 101 85 83 84 82 81 80 69 64 59 57 54 65 62 
74 83 85 87 94 100 99 100 94 98 102 101 85 87 90 87 94 100 99 100 94 87 85 83 74 71 81 80 69 64 59 57 54 53 48 34 45 65 62 
74 83 85 87 94 100 99 100 94 98 102 101 85 87 90 87 94 100 99 100 94 87 85 83 84 82 81 80 69 64 59 57 54 53 48 34 45 65 62 
74 83 85 87 94 100 99 100 94 98 102 101 85 87 90 87 85 101 102 98 94 100 99 100 94 87 85 83 74 67 62 
74 83 85 87 94 100 99 100 94 98 102 101 85 87 90 87 85 101 102 98 94 100 99 100 94 98 102 101 85 83 74 67 62 
74 83 85 87 94 100 99 100 94 98 102 101 85 87 90 87 85 101 102 98 94 100 99 100 94 87 85 83 84 82 81 71 74 67 62 
74 83 85 87 94 100 99 100 94 98 102 101 85 87 90 87 85 101 102 98 94 100 99 100 94 98 102 101 85 83 84 82 81 71 74 67 62 
74 83 85 87 94 100 99 100 94 98 102 101 85 87 90 87 85 101 102 98 94 100 99 100 94 87 85 83 74 71 81 80 69 64 59 57 54 65 62 
74 83 85 87 94 100 99 100 94 98 102 101 85 87 90 87 85 101 102 98 94 100 99 100 94 87 85 83 84 82 81 80 69 64 59 57 54 65 62 
74 83 85 87 94 100 99 100 94 98 102 101 85 87 90 87 85 101 102 98 94 100 99 100 94 98 102 101 85 83 74 71 81 80 69 64 59 57 54 65 62 
74 83 85 87 94 100 99 100 94 98 102 101 85 87 90 87 85 101 102 98 94 100 99 100 94 98 102 101 85 83 84 82 81 80 69 64 59 57 54 65 62 
74 83 85 87 94 100 99 100 94 98 102 101 85 87 90 87 85 101 102 98 94 100 99 100 94 87 85 83 74 71 81 80 69 64 59 57 54 53 48 34 45 65 62 
74 83 85 87 94 100 99 100 94 98 102 101 85 87 90 87 85 101 102 98 94 100 99 100 94 87 85 83 84 82 81 80 69 64 59 57 54 53 48 34 45 65 62 
---------------
Request id 7
12 17 23 29 35 36 40 46 49 56 75 91 75 72 73 77 68 63 67 62 65 61 51 61 65 62 60 58 55 52 50 46 40 36 35 29 23 17 9 3 0 4 6 11 
12 17 23 29 35 36 40 46 49 56 75 91 75 72 73 77 68 63 67 62 65 61 51 61 65 62 60 58 55 52 50 46 40 36 35 29 23 17 9 13 32 31 22 14 11 
12 17 23 29 35 36 40 46 49 56 75 91 75 72 73 77 68 63 67 62 65 61 51 61 65 62 67 63 68 66 78 75 56 49 46 40 36 35 29 23 17 9 3 0 4 6 11 
12 17 23 29 35 36 40 46 49 56 75 91 75 72 73 77 68 63 67 62 65 61 51 61 65 62 60 58 55 52 50 46 40 37 30 21 26 35 29 23 17 9 3 0 4 6 11 
12 17 23 29 35 36 40 46 49 56 75 91 75 72 73 77 68 63 67 62 65 61 51 61 65 62 67 63 68 66 78 75 56 49 46 40 36 35 29 23 17 9 13 32 31 22 14 11 
12 17 23 29 35 36 40 46 49 56 75 91 75 72 73 77 68 63 67 62 65 61 51 61 65 62 60 58 55 52 50 46 40 36 35 29 23 17 12 7 8 1 2 3 0 4 6 11 
12 17 23 29 35 36 40 46 49 56 75 91 75 72 73 77 68 63 67 62 65 61 51 61 65 62 67 63 68 77 73 72 75 56 49 46 40 36 35 29 23 17 9 3 0 4 6 11 
12 17 23 29 35 36 40 46 49 56 75 91 75 72 73 77 68 63 67 62 65 61 51 61 65 62 60 58 55 52 50 46 40 37 30 21 26 35 29 23 17 9 13 32 31 22 14 11 
12 17 23 29 35 36 40 46 49 56 75 91 75 72 73 77 68 63 67 62 65 61 51 61 65 62 67 63 68 77 73 72 75 56 49 46 40 36 35 29 23 17 9 13 32 31 22 14 11 
12 17 23 29 35 36 40 46 49 56 75 91 75 72 73 77 68 63 67 62 65 61 51 61 65 62 67 63 68 66 78 75 56 49 46 40 37 30 21 26 35 29 23 17 9 3 0 4 6 11 
12 17 23 29 35 36 40 46 49 56 75 91 75 72 73 77 73 72 75 78 66 68 63 67 62 65 61 51 61 65 62 60 58 55 52 50 46 40 36 35 29 23 17 9 3 0 4 6 11 
12 17 23 29 35 36 40 46 49 56 75 91 75 72 73 77 73 72 75 78 66 68 63 67 62 65 61 51 61 65 62 60 58 55 52 50 46 40 36 35 29 23 17 9 13 32 31 22 14 11 
12 17 23 29 35 36 40 46 49 56 75 91 75 72 73 77 73 72 75 78 66 68 63 67 62 65 61 51 61 65 62 67 63 68 66 78 75 56 49 46 40 36 35 29 23 17 9 3 0 4 6 11 
12 17 23 29 35 36 40 46 49 56 75 91 75 72 73 77 73 72 75 78 66 68 63 67 62 65 61 51 61 65 62 60 58 55 52 50 46 40 37 30 21 26 35 29 23 17 9 3 0 4 6 11 
12 17 23 29 35 36 40 46 49 56 75 91 75 72 73 77 73 72 75 78 66 68 63 67 62 65 61 51 61 65 62 67 63 68 66 78 75 56 49 46 40 36 35 29 23 17 9 13 32 31 22 14 11 
12 17 23 29 35 36 40 46 49 56 75 91 75 72 73 77 73 72 75 78 66 68 63 67 62 65 61 51 61 65 62 60 58 55 52 50 46 40 36 35 29 23 17 12 7 8 1 2 3 0 4 6 11 
12 17 23 29 35 36 40 46 49 56 75 91 75 72 73 77 73 72 75 78 66 68 63 67 62 65 61 51 61 65 62 67 63 68 77 73 72 75 56 49 46 40 36 35 29 23 17 9 3 0 4 6 11 
12 17 23 29 35 36 40 46 49 56 75 91 75 72 73 77 73 72 75 78 66 68 63 67 62 65 61 51 61 65 62 60 58 55 52 50 46 40 37 30 21 26 35 29 23 17 9 13 32 31 22 14 11 
12 17 23 29 35 36 40 46 49 56 75 91 75 72 73 77 73 72 75 78 66 68 63 67 62 65 61 51 61 65 62 67 63 68 77 73 72 75 56 49 46 40 36 35 29 23 17 9 13 32 31 22 14 11 
12 17 23 29 35 36 40 46 49 56 75 91 75 72 73 77 73 72 75 78 66 68 63 67 62 65 61 51 61 65 62 67 63 68 66 78 75 56 49 46 40 37 30 21 26 35 29 23 17 9 3 0 4 6 11 
12 17 23 29 35 36 40 46 49 56 75 91 75 72 73 77 68 63 67 74 71 81 80 69 64 59 57 54 65 61 51 61 65 62 60 58 55 52 50 46 40 36 35 29 23 17 9 3 0 4 6 11 
12 17 23 29 35 36 40 46 49 56 75 91 75 72 73 77 68 63 67 74 71 81 80 69 64 59 57 54 65 61 51 61 65 62 60 58 55 52 50 46 40 36 35 29 23 17 9 13 32 31 22 14 11 
12 17 23 29 35 36 40 46 49 56 75 91 75 72 73 77 68 63 67 74 71 81 80 69 64 59 57 54 65 61 51 61 65 62 67 63 68 66 78 75 56 49 46 40 36 35 29 23 17 9 3 0 4 6 11 
12 17 23 29 35 36 40 46 49 56 75 91 75 72 73 77 68 63 67 74 71 81 80 69 64 59 57 54 65 61 51 61 65 62 60 58 55 52 50 46 40 37 30 21 26 35 29 23 17 9 3 0 4 6 11 
12 17 23 29 35 36 40 46 49 56 75 91 75 72 73 77 68 63 67 74 71 81 80 69 64 59 57 54 65 61 51 61 65 62 67 63 68 66 78 75 56 49 46 40 36 35 29 23 17 9 13 32 31 22 14 11 
12 17 23 29 35 36 40 46 49 56 75 91 75 72 73 77 68 63 67 74 71 81 80 69 64 59 57 54 65 61 51 61 65 62 60 58 55 52 50 46 40 36 35 29 23 17 12 7 8 1 2 3 0 4 6 11 
12 17 23 29 35 36 40 46 49 56 75 91 75 72 73 77 68 63 67 74 71 81 80 69 64 59 57 54 65 61 51 61 65 62 67 63 68 77 73 72 75 56 49 46 40 36 35 29 23 17 9 3 0 4 6 11 
12 17 23 29 35 36 40 46 49 56 75 91 75 72 73 77 68 63 67 74 71 81 80 69 64 59 57 54 65 61 51 61 65 62 60 58 55 52 50 46 40 37 30 21 26 35 29 23 17 9 13 32 31 22 14 11 
12 17 23 29 35 36 40 46 49 56 75 91 75 72 73 77 68 63 67 74 71 81 80 69 64 59 57 54 65 61 51 61 65 62 67 63 68 77 73 72 75 56 49 46 40 36 35 29 23 17 9 13 32 31 22 14 11 
12 17 23 29 35 36 40 46 49 56 75 91 75 72 73 77 68 63 67 74 71 81 80 69 64 59 57 54 65 61 51 61 65 62 67 63 68 66 78 75 56 49 46 40 37 30 21 26 35 29 23 17 9 3 0 4 6 11 
12 17 23 29 35 36 40 46 49 56 75 91 75 72 73 77 73 72 75 56 49 46 50 52 55 58 60 62 65 61 51 61 65 62 60 58 55 52 50 46 40 36 35 29 23 17 9 3 0 4 6 11 
12 17 23 29 35 36 40 46 49 56 75 91 75 72 73 77 73 72 75 56 49 46 50 52 55 58 60 62 65 61 51 61 65 62 60 58 55 52 50 46 40 36 35 29 23 17 9 13 32 31 22 14 11 
12 17 23 29 35 36 40 46 49 56 75 91 75 72 73 77 73 72 75 56 49 46 50 52 55 58 60 62 65 61 51 61 65 62 67 63 68 66 78 75 56 49 46 40 36 35 29 23 17 9 3 0 4 6 11 
12 17 23 29 35 36 40 46 49 56 75 91 75 72 73 77 73 72 75 56 49 46 50 52 55 58 60 62 65 61 51 61 65 62 60 58 55 52 50 46 40 37 30 21 26 35 29 23 17 9 3 0 4 6 11 
12 17 23 29 35 36 40 46 49 56 75 91 75 72 73 77 73 72 75 56 49 46 50 52 55 58 60 62 65 61 51 61 65 62 67 63 68 66 78 75 56 49 46 40 36 35 29 23 17 9 13 32 31 22 14 11 
12 17 23 29 35 36 40 46 49 56 75 91 75 72 73 77 73 72 75 56 49 46 50 52 55 58 60 62 65 61 51 61 65 62 60 58 55 52 50 46 40 36 35 29 23 17 12 7 8 1 2 3 0 4 6 11 
12 17 23 29 35 36 40 46 49 56 75 91 75 72 73 77 73 72 75 56 49 46 50 52 55 58 60 62 65 61 51 61 65 62 67 63 68 77 73 72 75 56 49 46 40 36 35 29 23 17 9 3 0 4 6 11 
12 17 23 29 35 36 40 46 49 56 75 91 75 72 73 77 73 72 75 56 49 46 50 52 55 58 60 62 65 61 51 61 65 62 60 58 55 52 50 46 40 37 30 21 26 35 29 23 17 9 13 32 31 22 14 11 
12 17 23 29 35 36 40 46 49 56 75 91 75 72 73 77 73 72 75 56 49 46 50 52 55 58 60 62 65 61 51 61 65 62 67 63 68 77 73 72 75 56 49 46 40 36 35 29 23 17 9 13 32 31 22 14 11 
12 17 23 29 35 36 40 46 49 56 75 91 75 72 73 77 73 72 75 56 49 46 50 52 55 58 60 62 65 61 51 61 65 62 67 63 68 66 78 75 56 49 46 40 37 30 21 26 35 29 23 17 9 3 0 4 6 11 
---------------
Request id 5
59 57 54 65 62 60 58 55 52 50 46 47 46 49 56 75 78 66 68 63 67 62 65 61 51 61 65 62 60 58 55 52 50 46 40 36 35 29 23 17 9 13 32 31 
59 57 54 65 62 60 58 55 52 50 46 47 46 49 56 75 78 66 68 63 67 62 65 61 51 61 65 62 67 63 68 66 78 75 56 49 46 40 36 35 29 23 17 9 13 32 31 
59 57 54 65 62 60 58 55 52 50 46 47 46 49 56 75 78 66 68 63 67 62 65 61 51 61 65 62 60 58 55 52 50 46 40 37 30 21 26 35 29 23 17 9 13 32 31 
59 57 54 65 62 60 58 55 52 50 46 47 46 49 56 75 78 66 68 63 67 62 65 61 51 61 65 62 67 63 68 77 73 72 75 56 49 46 40 36 35 29 23 17 9 13 32 31 
59 57 54 65 62 60 58 55 52 50 46 47 46 49 56 75 78 66 68 63 67 62 65 61 51 61 65 62 60 58 55 52 50 46 40 36 35 29 23 17 9 3 0 4 6 11 14 22 31 
59 57 54 65 62 60 58 55 52 50 46 47 46 49 56 75 78 66 68 63 67 62 65 61 51 61 65 62 60 58 55 52 50 46 40 36 35 29 23 17 12 7 8 1 2 3 9 13 32 31 
59 57 54 65 62 60 58 55 52 50 46 47 46 49 56 75 78 66 68 63 67 62 65 61 51 61 65 62 67 63 68 66 78 75 56 49 46 40 37 30 21 26 35 29 23 17 9 13 32 31 
59 57 54 65 62 60 58 55 52 50 46 47 46 49 56 75 78 66 68 63 67 62 65 61 51 61 65 62 67 63 68 77 73 72 75 56 49 46 40 37 30 21 26 35 29 23 17 9 13 32 31 
59 57 54 65 62 60 58 55 52 50 46 47 46 49 56 75 78 66 68 63 67 62 65 61 51 61 65 62 67 63 68 66 78 75 56 49 46 40 36 35 29 23 17 9 3 0 4 6 11 14 22 31 
59 57 54 65 62 60 58 55 52 50 46 47 46 49 56 75 78 66 68 63 67 62 65 61 51 61 65 62 60 58 55 52 50 46 40 37 30 21 26 35 29 23 17 9 3 0 4 6 11 14 22 31 
59 57 54 65 62 60 58 55 52 50 46 47 46 49 56 75 78 75 72 73 77 68 63 67 62 65 61 51 61 65 62 60 58 55 52 50 46 40 36 35 29 23 17 9 13 32 31 
59 57 54 65 62 60 58 55 52 50 46 47 46 49 56 75 78 75 72 73 77 68 63 67 62 65 61 51 61 65 62 67 63 68 66 78 75 56 49 46 40 36 35 29 23 17 9 13 32 31 
59 57 54 65 62 60 58 55 52 50 46 47 46 49 56 75 78 75 72 73 77 68 63 67 62 65 61 51 61 65 62 60 58 55 52 50 46 40 37 30 21 26 35 29 23 17 9 13 32 31 
59 57 54 65 62 60 58 55 52 50 46 47 46 49 56 75 78 75 72 73 77 68 63 67 62 65 61 51 61 65 62 67 63 68 77 73 72 75 56 49 46 40 36 35 29 23 17 9 13 32 31 
59 57 54 65 62 60 58 55 52 50 46 47 46 49 56 75 78 75 72 73 77 68 63 67 62 65 61 51 61 65 62 60 58 55 52 50 46 40 36 35 29 23 17 9 3 0 4 6 11 14 22 31 
59 57 54 65 62 60 58 55 52 50 46 47 46 49 56 75 78 75 72 73 77 68 63 67 62 65 61 51 61 65 62 60 58 55 52 50 46 40 36 35 29 23 17 12 7 8 1 2 3 9 13 32 31 
59 57 54 65 62 60 58 55 52 50 46 47 46 49 56 75 78 75 72 73 77 68 63 67 62 65 61 51 61 65 62 67 63 68 66 78 75 56 49 46 40 37 30 21 26 35 29 23 17 9 13 32 31 
59 57 54 65 62 60 58 55 52 50 46 47 46 49 56 75 78 75 72 73 77 68 63 67 62 65 61 51 61 65 62 67 63 68 77 73 72 75 56 49 46 40 37 30 21 26 35 29 23 17 9 13 32 31 
59 57 54 65 62 60 58 55 52 50 46 47 46 49 56 75 78 75 72 73 77 68 63 67 62 65 61 51 61 65 62 67 63 68 66 78 75 56 49 46 40 36 35 29 23 17 9 3 0 4 6 11 14 22 31 
59 57 54 65 62 60 58 55 52 50 46 47 46 49 56 75 78 75 72 73 77 68 63 67 62 65 61 51 61 65 62 60 58 55 52 50 46 40 37 30 21 26 35 29 23 17 9 3 0 4 6 11 14 22 31 
59 57 54 65 62 60 58 55 52 50 46 47 46 49 56 75 78 75 56 49 46 50 52 55 58 60 62 65 61 51 61 65 62 60 58 55 52 50 46 40 36 35 29 23 17 9 13 32 31 
59 57 54 65 62 60 58 55 52 50 46 47 46 49 56 75 78 75 56 49 46 50 52 55 58 60 62 65 61 51 61 65 62 67 63 68 66 78 75 56 49 46 40 36 35 29 23 17 9 13 32 31 
59 57 54 65 62 60 58 55 52 50 46 47 46 49 56 75 78 75 56 49 46 50 52 55 58 60 62 65 61 51 61 65 62 60 58 55 52 50 46 40 37 30 21 26 35 29 23 17 9 13 32 31 
59 57 54 65 62 60 58 55 52 50 46 47 46 49 56 75 78 75 56 49 46 50 52 55 58 60 62 65 61 51 61 65 62 67 63 68 77 73 72 75 56 49 46 40 36 35 29 23 17 9 13 32 31 
59 57 54 65 62 60 58 55 52 50 46 47 46 49 56 75 78 75 56 49 46 50 52 55 58 60 62 65 61 51 61 65 62 60 58 55 52 50 46 40 36 35 29 23 17 9 3 0 4 6 11 14 22 31 
59 57 54 65 62 60 58 55 52 50 46 47 46 49 56 75 78 75 56 49 46 50 52 55 58 60 62 65 61 51 61 65 62 60 58 55 52 50 46 40 36 35 29 23 17 12 7 8 1 2 3 9 13 32 31 
59 57 54 65 62 60 58 55 52 50 46 47 46 49 56 75 78 75 56 49 46 50 52 55 58 60 62 65 61 51 61 65 62 67 63 68 66 78 75 56 49 46 40 37 30 21 26 35 29 23 17 9 13 32 31 
59 57 54 65 62 60 58 55 52 50 46 47 46 49 56 75 78 75 56 49 46 50 52 55 58 60 62 65 61 51 61 65 62 67 63 68 77 73 72 75 56 49 46 40 37 30 21 26 35 29 23 17 9 13 32 31 
59 57 54 65 62 60 58 55 52 50 46 47 46 49 56 75 78 75 56 49 46 50 52 55 58 60 62 65 61 51 61 65 62 67 63 68 66 78 75 56 49 46 40 36 35 29 23 17 9 3 0 4 6 11 14 22 31 
59 57 54 65 62 60 58 55 52 50 46 47 46 49 56 75 78 75 56 49 46 50 52 55 58 60 62 65 61 51 61 65 62 60 58 55 52 50 46 40 37 30 21 26 35 29 23 17 9 3 0 4 6 11 14 22 31 
59 57 54 65 62 60 58 55 52 50 46 47 46 49 56 75 78 66 68 63 67 74 71 81 80 69 64 59 57 54 65 61 51 61 65 62 60 58 55 52 50 46 40 36 35 29 23 17 9 13 32 31 
59 57 54 65 62 60 58 55 52 50 46 47 46 49 56 75 78 66 68 63 67 74 71 81 80 69 64 59 57 54 65 61 51 61 65 62 67 63 68 66 78 75 56 49 46 40 36 35 29 23 17 9 13 32 31 
59 57 54 65 62 60 58 55 52 50 46 47 46 49 56 75 78 66 68 63 67 74 71 81 80 69 64 59 57 54 65 61 51 61 65 62 60 58 55 52 50 46 40 37 30 21 26 35 29 23 17 9 13 32 31 
59 57 54 65 62 60 58 55 52 50 46 47 46 49 56 75 78 66 68 63 67 74 71 81 80 69 64 59 57 54 65 61 51 61 65 62 67 63 68 77 73 72 75 56 49 46 40 36 35 29 23 17 9 13 32 31 
59 57 54 65 62 60 58 55 52 50 46 47 46 49 56 75 78 66 68 63 67 74 71 81 80 69 64 59 57 54 65 61 51 61 65 62 60 58 55 52 50 46 40 36 35 29 23 17 9 3 0 4 6 11 14 22 31 
59 57 54 65 62 60 58 55 52 50 46 47 46 49 56 75 78 66 68 63 67 74 71 81 80 69 64 59 57 54 65 61 51 61 65 62 60 58 55 52 50 46 40 36 35 29 23 17 12 7 8 1 2 3 9 13 32 31 
59 57 54 65 62 60 58 55 52 50 46 47 46 49 56 75 78 66 68 63 67 74 71 81 80 69 64 59 57 54 65 61 51 61 65 62 67 63 68 66 78 75 56 49 46 40 37 30 21 26 35 29 23 17 9 13 32 31 
59 57 54 65 62 60 58 55 52 50 46 47 46 49 56 75 78 66 68 63 67 74 71 81 80 69 64 59 57 54 65 61 51 61 65 62 67 63 68 77 73 72 75 56 49 46 40 37 30 21 26 35 29 23 17 9 13 32 31 
59 57 54 65 62 60 58 55 52 50 46 47 46 49 56 75 78 66 68 63 67 74 71 81 80 69 64 59 57 54 65 61 51 61 65 62 67 63 68 66 78 75 56 49 46 40 36 35 29 23 17 9 3 0 4 6 11 14 22 31 
59 57 54 65 62 60 58 55 52 50 46 47 46 49 56 75 78 66 68 63 67 74 71 81 80 69 64 59 57 54 65 61 51 61 65 62 60 58 55 52 50 46 40 37 30 21 26 35 29 23 17 9 3 0 4 6 11 14 22 31 
---------------
Request id 2
3 9 17 23 29 35 36 40 46 49 56 75 72 73 77 73 72 75 91 75 56 49 46 40 36 35 29 23 17 9 
3 9 17 23 29 35 36 40 46 49 56 75 72 73 77 73 72 75 91 75 56 49 46 40 37 30 21 26 35 29 23 17 9 
3 9 17 23 29 35 36 40 46 49 56 75 72 73 77 73 72 75 91 75 56 49 46 40 36 35 29 23 17 12 7 8 1 2 3 9 
3 9 17 23 29 35 36 40 46 49 56 75 72 73 77 73 72 75 91 75 56 49 46 40 37 30 21 26 35 29 23 17 12 7 8 1 2 3 9 
3 9 17 23 29 35 36 40 46 49 56 75 72 73 77 73 72 75 91 75 78 66 68 63 67 62 60 58 55 52 50 46 40 36 35 29 23 17 9 
3 9 17 23 29 35 36 40 46 49 56 75 72 73 77 73 72 75 91 75 72 73 77 68 63 67 62 60 58 55 52 50 46 40 36 35 29 23 17 9 
3 9 17 23 29 35 36 40 46 49 56 75 72 73 77 73 72 75 91 75 78 66 68 63 67 62 60 58 55 52 50 46 40 37 30 21 26 35 29 23 17 9 
3 9 17 23 29 35 36 40 46 49 56 75 72 73 77 73 72 75 91 75 72 73 77 68 63 67 62 60 58 55 52 50 46 40 37 30 21 26 35 29 23 17 9 
3 9 17 23 29 35 36 40 46 49 56 75 72 73 77 73 72 75 91 75 78 66 68 63 67 62 60 58 55 52 50 46 40 36 35 29 23 17 12 7 8 1 2 3 9 
3 9 17 23 29 35 36 40 46 49 56 75 72 73 77 73 72 75 91 75 56 49 46 40 36 35 29 23 17 12 7 8 1 2 3 0 4 6 11 14 22 31 32 13 9 
3 9 17 23 29 35 36 40 46 49 56 75 72 73 77 68 66 78 75 91 75 56 49 46 40 36 35 29 23 17 9 
3 9 17 23 29 35 36 40 46 49 56 75 72 73 77 68 66 78 75 91 75 56 49 46 40 37 30 21 26 35 29 23 17 9 
3 9 17 23 29 35 36 40 46 49 56 75 72 73 77 68 66 78 75 91 75 56 49 46 40 36 35 29 23 17 12 7 8 1 2 3 9 
3 9 17 23 29 35 36 40 46 49 56 75 72 73 77 68 66 78 75 91 75 56 49 46 40 37 30 21 26 35 29 23 17 12 7 8 1 2 3 9 
3 9 17 23 29 35 36 40 46 49 56 75 72 73 77 68 66 78 75 91 75 78 66 68 63 67 62 60 58 55 52 50 46 40 36 35 29 23 17 9 
3 9 17 23 29 35 36 40 46 49 56 75 72 73 77 68 66 78 75 91 75 72 73 77 68 63 67 62 60 58 55 52 50 46 40 36 35 29 23 17 9 
3 9 17 23 29 35 36 40 46 49 56 75 72 73 77 68 66 78 75 91 75 78 66 68 63 67 62 60 58 55 52 50 46 40 37 30 21 26 35 29 23 17 9 
3 9 17 23 29 35 36 40 46 49 56 75 72 73 77 68 66 78 75 91 75 72 73 77 68 63 67 62 60 58 55 52 50 46 40 37 30 21 26 35 29 23 17 9 
3 9 17 23 29 35 36 40 46 49 56 75 72 73 77 68 66 78 75 91 75 78 66 68 63 67 62 60 58 55 52 50 46 40 36 35 29 23 17 12 7 8 1 2 3 9 
3 9 17 23 29 35 36 40 46 49 56 75 72 73 77 68 66 78 75 91 75 56 49 46 40 36 35 29 23 17 12 7 8 1 2 3 0 4 6 11 14 22 31 32 13 9 
3 9 17 23 29 35 36 40 46 49 56 75 72 73 77 68 63 67 62 60 58 55 52 50 46 49 56 75 91 75 56 49 46 40 36 35 29 23 17 9 
3 9 17 23 29 35 36 40 46 49 56 75 72 73 77 68 63 67 62 60 58 55 52 50 46 49 56 75 91 75 56 49 46 40 37 30 21 26 35 29 23 17 9 
3 9 17 23 29 35 36 40 46 49 56 75 72 73 77 68 63 67 62 60 58 55 52 50 46 49 56 75 91 75 56 49 46 40 36 35 29 23 17 12 7 8 1 2 3 9 
3 9 17 23 29 35 36 40 46 49 56 75 72 73 77 68 63 67 62 60 58 55 52 50 46 49 56 75 91 75 56 49 46 40 37 30 21 26 35 29 23 17 12 7 8 1 2 3 9 
3 9 17 23 29 35 36 40 46 49 56 75 72 73 77 68 63 67 62 60 58 55 52 50 46 49 56 75 91 75 78 66 68 63 67 62 60 58 55 52 50 46 40 36 35 29 23 17 9 
3 9 17 23 29 35 36 40 46 49 56 75 72 73 77 68 63 67 62 60 58 55 52 50 46 49 56 75 91 75 72 73 77 68 63 67 62 60 58 55 52 50 46 40 36 35 29 23 17 9 
3 9 17 23 29 35 36 40 46 49 56 75 72 73 77 68 63 67 62 60 58 55 52 50 46 49 56 75 91 75 78 66 68 63 67 62 60 58 55 52 50 46 40 37 30 21 26 35 29 23 17 9 
3 9 17 23 29 35 36 40 46 49 56 75 72 73 77 68 63 67 62 60 58 55 52 50 46 49 56 75 91 75 72 73 77 68 63 67 62 60 58 55 52 50 46 40 37 30 21 26 35 29 23 17 9 
3 9 17 23 29 35 36 40 46 49 56 75 72 73 77 68 63 67 62 60 58 55 52 50 46 49 56 75 91 75 78 66 68 63 67 62 60 58 55 52 50 46 40 36 35 29 23 17 12 7 8 1 2 3 9 
3 9 17 23 29 35 36 40 46 49 56 75 72 73 77 68 63 67 62 60 58 55 52 50 46 49 56 75 91 75 56 49 46 40 36 35 29 23 17 12 7 8 1 2 3 0 4 6 11 14 22 31 32 13 9 
3 9 17 23 29 35 36 40 46 49 56 75 72 73 77 68 63 67 74 71 81 80 69 64 59 57 54 65 62 60 58 55 52 50 46 49 56 75 91 75 56 49 46 40 36 35 29 23 17 9 
3 9 17 23 29 35 36 40 46 49 56 75 72 73 77 68 63 67 74 71 81 80 69 64 59 57 54 65 62 60 58 55 52 50 46 49 56 75 91 75 56 49 46 40 37 30 21 26 35 29 23 17 9 
3 9 17 23 29 35 36 40 46 49 56 75 72 73 77 68 63 67 74 71 81 80 69 64 59 57 54 65 62 60 58 55 52 50 46 49 56 75 91 75 56 49 46 40 36 35 29 23 17 12 7 8 1 2 3 9 
3 9 17 23 29 35 36 40 46 49 56 75 72 73 77 68 63 67 74 71 81 80 69 64 59 57 54 65 62 60 58 55 52 50 46 49 56 75 91 75 56 49 46 40 37 30 21 26 35 29 23 17 12 7 8 1 2 3 9 
3 9 17 23 29 35 36 40 46 49 56 75 72 73 77 68 63 67 74 71 81 80 69 64 59 57 54 65 62 60 58 55 52 50 46 49 56 75 91 75 78 66 68 63 67 62 60 58 55 52 50 46 40 36 35 29 23 17 9 
3 9 17 23 29 35 36 40 46 49 56 75 72 73 77 68 63 67 74 71 81 80 69 64 59 57 54 65 62 60 58 55 52 50 46 49 56 75 91 75 72 73 77 68 63 67 62 60 58 55 52 50 46 40 36 35 29 23 17 9 
3 9 17 23 29 35 36 40 46 49 56 75 72 73 77 68 63 67 74 71 81 80 69 64 59 57 54 65 62 60 58 55 52 50 46 49 56 75 91 75 78 66 68 63 67 62 60 58 55 52 50 46 40 37 30 21 26 35 29 23 17 9 
3 9 17 23 29 35 36 40 46 49 56 75 72 73 77 68 63 67 74 71 81 80 69 64 59 57 54 65 62 60 58 55 52 50 46 49 56 75 91 75 72 73 77 68 63 67 62 60 58 55 52 50 46 40 37 30 21 26 35 29 23 17 9 
3 9 17 23 29 35 36 40 46 49 56 75 72 73 77 68 63 67 74 71 81 80 69 64 59 57 54 65 62 60 58 55 52 50 46 49 56 75 91 75 78 66 68 63 67 62 60 58 55 52 50 46 40 36 35 29 23 17 12 7 8 1 2 3 9 
3 9 17 23 29 35 36 40 46 49 56 75 72 73 77 68 63 67 74 71 81 80 69 64 59 57 54 65 62 60 58 55 52 50 46 49 56 75 91 75 56 49 46 40 36 35 29 23 17 12 7 8 1 2 3 0 4 6 11 14 22 31 32 13 9 
---------------
Request id 17
28 40 46 49 42 49 56 75 78 75 56 49 46 47 46 40 28 19 5 
28 40 46 49 42 49 56 75 78 75 56 49 46 47 46 40 41 33 20 15 5 
28 40 46 49 42 49 56 75 78 75 56 49 46 47 46 40 43 33 20 15 5 
28 40 46 49 42 49 56 75 78 75 56 49 46 47 46 40 41 33 20 25 24 16 10 15 5 
28 40 46 49 42 49 56 75 78 75 56 49 46 47 46 40 43 33 20 25 24 16 10 15 5 
28 40 46 49 42 49 56 75 78 66 68 77 73 72 75 56 49 46 47 46 40 28 19 5 
28 40 46 49 42 49 56 75 78 66 68 77 73 72 75 56 49 46 47 46 40 41 33 20 15 5 
28 40 46 49 42 49 56 75 78 66 68 77 73 72 75 56 49 46 47 46 40 43 33 20 15 5 
28 40 46 49 42 49 56 75 78 66 68 77 73 72 75 56 49 46 47 46 40 41 33 20 25 24 16 10 15 5 
28 40 46 49 42 49 56 75 78 66 68 77 73 72 75 56 49 46 47 46 40 43 33 20 25 24 16 10 15 5 
28 40 46 49 42 49 56 75 78 66 68 63 67 62 60 58 55 52 50 46 47 46 40 28 19 5 
28 40 46 49 42 49 56 75 78 66 68 63 67 62 60 58 55 52 50 46 47 46 40 41 33 20 15 5 
28 40 46 49 42 49 56 75 78 66 68 63 67 62 60 58 55 52 50 46 47 46 40 43 33 20 15 5 
28 40 46 49 42 49 56 75 78 66 68 63 67 62 60 58 55 52 50 46 47 46 40 41 33 20 25 24 16 10 15 5 
28 40 46 49 42 49 56 75 78 66 68 63 67 62 60 58 55 52 50 46 47 46 40 43 33 20 25 24 16 10 15 5 
28 40 46 49 42 49 56 75 78 75 72 73 77 68 63 67 62 60 58 55 52 50 46 47 46 40 28 19 5 
28 40 46 49 42 49 56 75 78 75 72 73 77 68 63 67 62 60 58 55 52 50 46 47 46 40 41 33 20 15 5 
28 40 46 49 42 49 56 75 78 75 72 73 77 68 63 67 62 60 58 55 52 50 46 47 46 40 43 33 20 15 5 
28 40 46 49 42 49 56 75 78 75 72 73 77 68 63 67 62 60 58 55 52 50 46 47 46 40 41 33 20 25 24 16 10 15 5 
28 40 46 49 42 49 56 75 78 75 72 73 77 68 63 67 62 60 58 55 52 50 46 47 46 40 43 33 20 25 24 16 10 15 5 
28 40 46 49 42 49 56 75 78 66 68 63 67 74 71 81 80 69 64 59 57 54 65 62 60 58 55 52 50 46 47 46 40 28 19 5 
28 40 46 49 42 49 56 75 78 66 68 63 67 74 71 81 80 69 64 59 57 54 65 62 60 58 55 52 50 46 47 46 40 41 33 20 15 5 
28 40 46 49 42 49 56 75 78 66 68 63 67 74 71 81 80 69 64 59 57 54 65 62 60 58 55 52 50 46 47 46 40 43 33 20 15 5 
28 40 46 49 42 49 56 75 78 66 68 63 67 74 71 81 80 69 64 59 57 54 65 62 60 58 55 52 50 46 47 46 40 41 33 20 25 24 16 10 15 5 
28 40 46 49 42 49 56 75 78 66 68 63 67 74 71 81 80 69 64 59 57 54 65 62 60 58 55 52 50 46 47 46 40 43 33 20 25 24 16 10 15 5 
28 40 46 49 42 49 56 75 78 66 68 63 67 74 83 84 82 81 80 69 64 59 57 54 65 62 60 58 55 52 50 46 47 46 40 28 19 5 
28 40 46 49 42 49 56 75 78 66 68 63 67 74 83 84 82 81 80 69 64 59 57 54 65 62 60 58 55 52 50 46 47 46 40 41 33 20 15 5 
28 40 46 49 42 49 56 75 78 66 68 63 67 74 83 84 82 81 80 69 64 59 57 54 65 62 60 58 55 52 50 46 47 46 40 43 33 20 15 5 
28 40 46 49 42 49 56 75 78 66 68 63 67 74 83 84 82 81 80 69 64 59 57 54 65 62 60 58 55 52 50 46 47 46 40 41 33 20 25 24 16 10 15 5 
28 40 46 49 42 49 56 75 78 66 68 63 67 74 83 84 82 81 80 69 64 59 57 54 65 62 60 58 55 52 50 46 47 46 40 43 33 20 25 24 16 10 15 5 
28 40 46 49 42 49 56 75 78 75 72 73 77 68 63 67 74 71 81 80 69 64 59 57 54 65 62 60 58 55 52 50 46 47 46 40 28 19 5 
28 40 46 49 42 49 56 75 78 75 72 73 77 68 63 67 74 71 81 80 69 64 59 57 54 65 62 60 58 55 52 50 46 47 46 40 41 33 20 15 5 
28 40 46 49 42 49 56 75 78 75 72 73 77 68 63 67 74 71 81 80 69 64 59 57 54 65 62 60 58 55 52 50 46 47 46 40 43 33 20 15 5 
28 40 46 49 42 49 56 75 78 75 72 73 77 68 63 67 74 71 81 80 69 64 59 57 54 65 62 60 58 55 52 50 46 47 46 40 41 33 20 25 24 16 10 15 5 
28 40 46 49 42 49 56 75 78 75 72 73 77 68 63 67 74 71 81 80 69 64 59 57 54 65 62 60 58 55 52 50 46 47 46 40 43 33 20 25 24 16 10 15 5 
28 40 46 49 42 49 56 75 78 66 68 63 67 74 71 81 80 69 64 59 57 54 53 48 34 45 65 62 60 58 55 52 50 46 47 46 40 28 19 5 
28 40 46 49 42 49 56 75 78 66 68 63 67 74 71 81 80 69 64 59 57 54 53 48 34 45 65 62 60 58 55 52 50 46 47 46 40 41 33 20 15 5 
28 40 46 49 42 49 56 75 78 66 68 63 67 74 71 81 80 69 64 59 57 54 53 48 34 45 65 62 60 58 55 52 50 46 47 46 40 43 33 20 15 5 
28 40 46 49 42 49 56 75 78 66 68 63 67 74 71 81 80 69 64 59 57 54 53 48 34 45 65 62 60 58 55 52 50 46 47 46 40 41 33 20 25 24 16 10 15 5 
28 40 46 49 42 49 56 75 78 66 68 63 67 74 71 81 80 69 64 59 57 54 53 48 34 45 65 62 60 58 55 52 50 46 47 46 40 43 33 20 25 24 16 10 15 5 
---------------
Request id 12
69 64 59 57 54 65 61 51 61 65 62 67 63 67 74 83 85 87 94 100 99 100 94 87 85 83 74 67 62 60 58 55 52 
69 64 59 57 54 65 61 51 61 65 62 67 63 67 74 83 85 87 94 100 99 100 94 98 102 101 85 83 74 67 62 60 58 55 52 
69 64 59 57 54 65 61 51 61 65 62 67 63 67 74 83 85 87 94 100 99 100 94 87 85 83 84 82 81 71 74 67 62 60 58 55 52 
69 64 59 57 54 65 61 51 61 65 62 67 63 67 74 83 85 87 94 100 99 100 94 87 85 83 74 67 63 68 66 78 75 56 49 46 50 52 
69 64 59 57 54 65 61 51 61 65 62 67 63 67 74 83 85 87 94 100 99 100 94 98 102 101 85 83 84 82 81 71 74 67 62 60 58 55 52 
69 64 59 57 54 65 61 51 61 65 62 67 63 67 74 83 85 87 94 100 99 100 94 87 85 83 74 67 63 68 77 73 72 75 56 49 46 50 52 
69 64 59 57 54 65 61 51 61 65 62 67 63 67 74 83 85 87 94 100 99 100 94 98 102 101 85 83 74 67 63 68 66 78 75 56 49 46 50 52 
69 64 59 57 54 65 61 51 61 65 62 67 63 67 74 83 85 87 94 100 99 100 94 87 85 83 74 71 81 80 69 64 59 57 54 65 62 60 58 55 52 
69 64 59 57 54 65 61 51 61 65 62 67 63 67 74 83 85 87 94 100 99 100 94 98 102 101 85 83 74 67 63 68 77 73 72 75 56 49 46 50 52 
69 64 59 57 54 65 61 51 61 65 62 67 63 67 74 83 85 87 94 100 99 100 94 87 85 83 84 82 81 80 69 64 59 57 54 65 62 60 58 55 52 
69 64 59 57 54 65 61 51 61 65 62 67 63 67 74 83 85 101 102 98 94 100 99 100 94 87 85 83 74 67 62 60 58 55 52 
69 64 59 57 54 65 61 51 61 65 62 67 63 67 74 83 85 101 102 98 94 100 99 100 94 98 102 101 85 83 74 67 62 60 58 55 52 
69 64 59 57 54 65 61 51 61 65 62 67 63 67 74 83 85 101 102 98 94 100 99 100 94 87 85 83 84 82 81 71 74 67 62 60 58 55 52 
69 64 59 57 54 65 61 51 61 65 62 67 63 67 74 83 85 101 102 98 94 100 99 100 94 87 85 83 74 67 63 68 66 78 75 56 49 46 50 52 
69 64 59 57 54 65 61 51 61 65 62 67 63 67 74 83 85 101 102 98 94 100 99 100 94 98 102 101 85 83 84 82 81 71 74 67 62 60 58 55 52 
69 64 59 57 54 65 61 51 61 65 62 67 63 67 74 83 85 101 102 98 94 100 99 100 94 87 85 83 74 67 63 68 77 73 72 75 56 49 46 50 52 
69 64 59 57 54 65 61 51 61 65 62 67 63 67 74 83 85 101 102 98 94 100 99 100 94 98 102 101 85 83 74 67 63 68 66 78 75 56 49 46 50 52 
69 64 59 57 54 65 61 51 61 65 62 67 63 67 74 83 85 101 102 98 94 100 99 100 94 87 85 83 74 71 81 80 69 64 59 57 54 65 62 60 58 55 52 
69 64 59 57 54 65 61 51 61 65 62 67 63 67 74 83 85 101 102 98 94 100 99 100 94 98 102 101 85 83 74 67 63 68 77 73 72 75 56 49 46 50 52 
69 64 59 57 54 65 61 51 61 65 62 67 63 67 74 83 85 101 102 98 94 100 99 100 94 87 85 83 84 82 81 80 69 64 59 57 54 65 62 60 58 55 52 
69 64 59 57 54 65 61 51 61 65 62 67 63 67 74 71 81 82 84 83 85 87 94 100 99 100 94 87 85 83 74 67 62 60 58 55 52 
69 64 59 57 54 65 61 51 61 65 62 67 63 67 74 71 81 82 84 83 85 87 94 100 99 100 94 98 102 101 85 83 74 67 62 60 58 55 52 
69 64 59 57 54 65 61 51 61 65 62 67 63 67 74 71 81 82 84 83 85 87 94 100 99 100 94 87 85 83 84 82 81 71 74 67 62 60 58 55 52 
69 64 59 57 54 65 61 51 61 65 62 67 63 67 74 71 81 82 84 83 85 87 94 100 99 100 94 87 85 83 74 67 63 68 66 78 75 56 49 46 50 52 
69 64 59 57 54 65 61 51 61 65 62 67 63 67 74 71 81 82 84 83 85 87 94 100 99 100 94 98 102 101 85 83 84 82 81 71 74 67 62 60 58 55 52 
69 64 59 57 54 65 61 51 61 65 62 67 63 67 74 71 81 82 84 83 85 87 94 100 99 100 94 87 85 83 74 67 63 68 77 73 72 75 56 49 46 50 52 
69 64 59 57 54 65 61 51 61 65 62 67 63 67 74 71 81 82 84 83 85 87 94 100 99 100 94 98 102 101 85 83 74 67 63 68 66 78 75 56 49 46 50 52 
69 64 59 57 54 65 61 51 61 65 62 67 63 67 74 71 81 82 84 83 85 87 94 100 99 100 94 87 85 83 74 71 81 80 69 64 59 57 54 65 62 60 58 55 52 
69 64 59 57 54 65 61 51 61 65 62 67 63 67 74 71 81 82 84 83 85 87 94 100 99 100 94 98 102 101 85 83 74 67 63 68 77 73 72 75 56 49 46 50 52 
69 64 59 57 54 65 61 51 61 65 62 67 63 67 74 71 81 82 84 83 85 87 94 100 99 100 94 87 85 83 84 82 81 80 69 64 59 57 54 65 62 60 58 55 52 
69 64 59 57 54 65 61 51 61 65 62 67 63 67 74 71 81 82 84 83 85 101 102 98 94 100 99 100 94 87 85 83 74 67 62 60 58 55 52 
69 64 59 57 54 65 61 51 61 65 62 67 63 67 74 71 81 82 84 83 85 101 102 98 94 100 99 100 94 98 102 101 85 83 74 67 62 60 58 55 52 
69 64 59 57 54 65 61 51 61 65 62 67 63 67 74 71 81 82 84 83 85 101 102 98 94 100 99 100 94 87 85 83 84 82 81 71 74 67 62 60 58 55 52 
69 64 59 57 54 65 61 51 61 65 62 67 63 67 74 71 81 82 84 83 85 101 102 98 94 100 99 100 94 87 85 83 74 67 63 68 66 78 75 56 49 46 50 52 
69 64 59 57 54 65 61 51 61 65 62 67 63 67 74 71 81 82 84 83 85 101 102 98 94 100 99 100 94 98 102 101 85 83 84 82 81 71 74 67 62 60 58 55 52 
69 64 59 57 54 65 61 51 61 65 62 67 63 67 74 71 81 82 84 83 85 101 102 98 94 100 99 100 94 87 85 83 74 67 63 68 77 73 72 75 56 49 46 50 52 
69 64 59 57 54 65 61 51 61 65 62 67 63 67 74 71 81 82 84 83 85 101 102 98 94 100 99 100 94 98 102 101 85 83 74 67 63 68 66 78 75 56 49 46 50 52 
69 64 59 57 54 65 61 51 61 65 62 67 63 67 74 71 81 82 84 83 85 101 102 98 94 100 99 100 94 87 85 83 74 71 81 80 69 64 59 57 54 65 62 60 58 55 52 
69 64 59 57 54 65 61 51 61 65 62 67 63 67 74 71 81 82 84 83 85 101 102 98 94 100 99 100 94 98 102 101 85 83 74 67 63 68 77 73 72 75 56 49 46 50 52 
69 64 59 57 54 65 61 51 61 65 62 67 63 67 74 71 81 82 84 83 85 101 102 98 94 100 99 100 94 87 85 83 84 82 81 80 69 64 59 57 54 65 62 60 58 55 52 
---------------
Request id 19
23 29 35 36 40 46 49 56 75 91 75 56 49 46 50 52 
23 29 35 36 40 46 49 56 75 91 75 78 66 68 63 67 62 60 58 55 52 
23 29 35 36 40 46 49 56 75 91 75 72 73 77 68 63 67 62 60 58 55 52 
23 29 35 36 40 46 49 56 75 91 75 78 66 68 63 67 74 71 81 80 69 64 59 57 54 65 62 60 58 55 52 
23 29 35 36 40 46 49 56 75 91 75 72 73 77 68 63 67 74 71 81 80 69 64 59 57 54 65 62 60 58 55 52 
23 29 35 36 40 46 49 56 75 91 75 78 66 68 63 67 74 83 84 82 81 80 69 64 59 57 54 65 62 60 58 55 52 
23 29 35 36 40 46 49 56 75 91 75 72 73 77 68 63 67 74 83 84 82 81 80 69 64 59 57 54 65 62 60 58 55 52 
23 29 35 36 40 46 49 56 75 91 75 78 66 68 63 67 74 71 81 80 69 64 59 57 54 53 48 34 45 65 62 60 58 55 52 
23 29 35 36 40 46 49 56 75 91 75 72 73 77 68 63 67 74 71 81 80 69 64 59 57 54 53 48 34 45 65 62 60 58 55 52 
23 29 35 36 40 46 49 56 75 91 75 78 66 68 63 67 74 83 84 82 81 80 69 64 59 57 54 53 48 34 45 65 62 60 58 55 52 
23 29 35 26 21 30 37 40 46 49 56 75 91 75 56 49 46 50 52 
23 29 35 26 21 30 37 40 46 49 56 75 91 75 78 66 68 63 67 62 60 58 55 52 
23 29 35 26 21 30 37 40 46 49 56 75 91 75 72 73 77 68 63 67 62 60 58 55 52 
23 29 35 26 21 30 37 40 46 49 56 75 91 75 78 66 68 63 67 74 71 81 80 69 64 59 57 54 65 62 60 58 55 52 
23 29 35 26 21 30 37 40 46 49 56 75 91 75 72 73 77 68 63 67 74 71 81 80 69 64 59 57 54 65 62 60 58 55 52 
23 29 35 26 21 30 37 40 46 49 56 75 91 75 78 66 68 63 67 74 83 84 82 81 80 69 64 59 57 54 65 62 60 58 55 52 
23 29 35 26 21 30 37 40 46 49 56 75 91 75 72 73 77 68 63 67 74 83 84 82 81 80 69 64 59 57 54 65 62 60 58 55 52 
23 29 35 26 21 30 37 40 46 49 56 75 91 75 78 66 68 63 67 74 71 81 80 69 64 59 57 54 53 48 34 45 65 62 60 58 55 52 
23 29 35 26 21 30 37 40 46 49 56 75 91 75 72 73 77 68 63 67 74 71 81 80 69 64 59 57 54 53 48 34 45 65 62 60 58 55 52 
23 29 35 26 21 30 37 40 46 49 56 75 91 75 78 66 68 63 67 74 83 84 82 81 80 69 64 59 57 54 53 48 34 45 65 62 60 58 55 52 
23 29 35 36 40 46 50 52 55 58 60 62 67 63 68 66 78 75 91 75 56 49 46 50 52 
23 29 35 36 40 46 50 52 55 58 60 62 67 63 68 66 78 75 91 75 78 66 68 63 67 62 60 58 55 52 
23 29 35 36 40 46 50 52 55 58 60 62 67 63 68 66 78 75 91 75 72 73 77 68 63 67 62 60 58 55 52 
23 29 35 36 40 46 50 52 55 58 60 62 67 63 68 66 78 75 91 75 78 66 68 63 67 74 71 81 80 69 64 59 57 54 65 62 60 58 55 52 
23 29 35 36 40 46 50 52 55 58 60 62 67 63 68 66 78 75 91 75 72 73 77 68 63 67 74 71 81 80 69 64 59 57 54 65 62 60 58 55 52 
23 29 35 36 40 46 50 52 55 58 60 62 67 63 68 66 78 75 91 75 78 66 68 63 67 74 83 84 82 81 80 69 64 59 57 54 65 62 60 58 55 52 
23 29 35 36 40 46 50 52 55 58 60 62 67 63 68 66 78 75 91 75 72 73 77 68 63 67 74 83 84 82 81 80 69 64 59 57 54 65 62 60 58 55 52 
23 29 35 36 40 46 50 52 55 58 60 62 67 63 68 66 78 75 91 75 78 66 68 63 67 74 71 81 80 69 64 59 57 54 53 48 34 45 65 62 60 58 55 52 
23 29 35 36 40 46 50 52 55 58 60 62 67 63 68 66 78 75 91 75 72 73 77 68 63 67 74 71 81 80 69 64 59 57 54 53 48 34 45 65 62 60 58 55 52 
23 29 35 36 40 46 50 52 55 58 60 62 67 63 68 66 78 75 91 75 78 66 68 63 67 74 83 84 82 81 80 69 64 59 57 54 53 48 34 45 65 62 60 58 55 52 
23 29 35 36 40 46 50 52 55 58 60 62 67 63 68 77 73 72 75 91 75 56 49 46 50 52 
23 29 35 36 40 46 50 52 55 58 60 62 67 63 68 77 73 72 75 91 75 78 66 68 63 67 62 60 58 55 52 
23 29 35 36 40 46 50 52 55 58 60 62 67 63 68 77 73 72 75 91 75 72 73 77 68 63 67 62 60 58 55 52 
23 29 35 36 40 46 50 52 55 58 60 62 67 63 68 77 73 72 75 91 75 78 66 68 63 67 74 71 81 80 69 64 59 57 54 65 62 60 58 55 52 
23 29 35 36 40 46 50 52 55 58 60 62 67 63 68 77 73 72 75 91 75 72 73 77 68 63 67 74 71 81 80 69 64 59 57 54 65 62 60 58 55 52 
23 29 35 36 40 46 50 52 55 58 60 62 67 63 68 77 73 72 75 91 75 78 66 68 63 67 74 83 84 82 81 80 69 64 59 57 54 65 62 60 58 55 52 
23 29 35 36 40 46 50 52 55 58 60 62 67 63 68 77 73 72 75 91 75 72 73 77 68 63 67 74 83 84 82 81 80 69 64 59 57 54 65 62 60 58 55 52 
23 29 35 36 40 46 50 52 55 58 60 62 67 63 68 77 73 72 75 91 75 78 66 68 63 67 74 71 81 80 69 64 59 57 54 53 48 34 45 65 62 60 58 55 52 
23 29 35 36 40 46 50 52 55 58 60 62 67 63 68 77 73 72 75 91 75 72 73 77 68 63 67 74 71 81 80 69 64 59 57 54 53 48 34 45 65 62 60 58 55 52 
23 29 35 36 40 46 50 52 55 58 60 62 67 63 68 77 73 72 75 91 75 78 66 68 63 67 74 83 84 82 81 80 69 64 59 57 54 53 48 34 45 65 62 60 58 55 52 
---------------
Request id 8
62 67 63 68 66 78 75 56 49 46 40 36 35 29 23 17 12 7 
62 67 63 68 66 68 77 73 72 75 56 49 46 40 36 35 29 23 17 12 7 
62 67 63 68 66 78 75 56 49 46 40 37 30 21 26 35 29 23 17 12 7 
62 67 63 68 66 78 75 56 49 46 40 36 35 29 23 17 9 3 2 1 8 7 
62 67 63 68 66 68 63 67 62 60 58 55 52 50 46 40 36 35 29 23 17 12 7 
62 67 63 68 66 68 77 73 72 75 56 49 46 40 37 30 21 26 35 29 23 17 12 7 
62 67 63 68 66 78 75 56 49 46 40 37 30 21 26 35 29 23 17 9 3 2 1 8 7 
62 67 63 68 66 68 77 73 72 75 56 49 46 40 36 35 29 23 17 9 3 2 1 8 7 
62 67 63 68 66 68 63 67 62 60 58 55 52 50 46 40 37 30 21 26 35 29 23 17 12 7 
62 67 63 68 66 68 63 67 62 60 58 55 52 50 46 40 36 35 29 23 17 9 3 2 1 8 7 
62 67 63 68 77 73 72 75 78 66 78 75 56 49 46 40 36 35 29 23 17 12 7 
62 67 63 68 77 73 72 75 78 66 68 77 73 72 75 56 49 46 40 36 35 29 23 17 12 7 
62 67 63 68 77 73 72 75 78 66 78 75 56 49 46 40 37 30 21 26 35 29 23 17 12 7 
62 67 63 68 77 73 72 75 78 66 78 75 56 49 46 40 36 35 29 23 17 9 3 2 1 8 7 
62 67 63 68 77 73 72 75 78 66 68 63 67 62 60 58 55 52 50 46 40 36 35 29 23 17 12 7 
62 67 63 68 77 73 72 75 78 66 68 77 73 72 75 56 49 46 40 37 30 21 26 35 29 23 17 12 7 
62 67 63 68 77 73 72 75 78 66 78 75 56 49 46 40 37 30 21 26 35 29 23 17 9 3 2 1 8 7 
62 67 63 68 77 73 72 75 78 66 68 77 73 72 75 56 49 46 40 36 35 29 23 17 9 3 2 1 8 7 
62 67 63 68 77 73 72 75 78 66 68 63 67 62 60 58 55 52 50 46 40 37 30 21 26 35 29 23 17 12 7 
62 67 63 68 77 73 72 75 78 66 68 63 67 62 60 58 55 52 50 46 40 36 35 29 23 17 9 3 2 1 8 7 
62 60 58 55 52 50 46 49 56 75 78 66 78 75 56 49 46 40 36 35 29 23 17 12 7 
62 60 58 55 52 50 46 49 56 75 78 66 68 77 73 72 75 56 49 46 40 36 35 29 23 17 12 7 
62 60 58 55 52 50 46 49 56 75 78 66 78 75 56 49 46 40 37 30 21 26 35 29 23 17 12 7 
62 60 58 55 52 50 46 49 56 75 78 66 78 75 56 49 46 40 36 35 29 23 17 9 3 2 1 8 7 
62 60 58 55 52 50 46 49 56 75 78 66 68 63 67 62 60 58 55 52 50 46 40 36 35 29 23 17 12 7 
62 60 58 55 52 50 46 49 56 75 78 66 68 77 73 72 75 56 49 46 40 37 30 21 26 35 29 23 17 12 7 
62 60 58 55 52 50 46 49 56 75 78 66 78 75 56 49 46 40 37 30 21 26 35 29 23 17 9 3 2 1 8 7 
62 60 58 55 52 50 46 49 56 75 78 66 68 77 73 72 75 56 49 46 40 36 35 29 23 17 9 3 2 1 8 7 
62 60 58 55 52 50 46 49 56 75 78 66 68 63 67 62 60 58 55 52 50 46 40 37 30 21 26 35 29 23 17 12 7 
62 60 58 55 52 50 46 49 56 75 78 66 68 63 67 62 60 58 55 52 50 46 40 36 35 29 23 17 9 3 2 1 8 7 
62 60 58 55 52 50 46 49 56 75 72 73 77 68 66 78 75 56 49 46 40 36 35 29 23 17 12 7 
62 60 58 55 52 50 46 49 56 75 72 73 77 68 66 68 77 73 72 75 56 49 46 40 36 35 29 23 17 12 7 
62 60 58 55 52 50 46 49 56 75 72 73 77 68 66 78 75 56 49 46 40 37 30 21 26 35 29 23 17 12 7 
62 60 58 55 52 50 46 49 56 75 72 73 77 68 66 78 75 56 49 46 40 36 35 29 23 17 9 3 2 1 8 7 
62 60 58 55 52 50 46 49 56 75 72 73 77 68 66 68 63 67 62 60 58 55 52 50 46 40 36 35 29 23 17 12 7 
62 60 58 55 52 50 46 49 56 75 72 73 77 68 66 68 77 73 72 75 56 49 46 40 37 30 21 26 35 29 23 17 12 7 
62 60 58 55 52 50 46 49 56 75 72 73 77 68 66 78 75 56 49 46 40 37 30 21 26 35 29 23 17 9 3 2 1 8 7 
62 60 58 55 52 50 46 49 56 75 72 73 77 68 66 68 77 73 72 75 56 49 46 40 36 35 29 23 17 9 3 2 1 8 7 
62 60 58 55 52 50 46 49 56 75 72 73 77 68 66 68 63 67 62 60 58 55 52 50 46 40 37 30 21 26 35 29 23 17 12 7 
62 60 58 55 52 50 46 49 56 75 72 73 77 68 66 68 63 67 62 60 58 55 52 50 46 40 36 35 29 23 17 9 3 2 1 8 7 
---------------
Request id 16
81 71 74 83 85 87 94 100 99 100 94 87 85 83 74 67 63 68 66 78 75 91 75 56 49 46 40 36 35 29 23 
81 71 74 83 85 87 94 100 99 100 94 87 85 83 74 67 63 68 66 78 75 91 75 56 49 46 40 37 30 21 26 35 29 23 
81 71 74 83 85 87 94 100 99 100 94 87 85 83 74 67 63 68 66 78 75 91 75 78 66 68 63 67 62 60 58 55 52 50 46 40 36 35 29 23 
81 71 74 83 85 87 94 100 99 100 94 87 85 83 74 67 63 68 66 78 75 91 75 72 73 77 68 63 67 62 60 58 55 52 50 46 40 36 35 29 23 
81 71 74 83 85 87 94 100 99 100 94 87 85 83 74 67 63 68 66 78 75 91 75 78 66 68 63 67 62 60 58 55 52 50 46 40 37 30 21 26 35 29 23 
81 71 74 83 85 87 94 100 99 100 94 87 85 83 74 67 63 68 66 78 75 91 75 72 73 77 68 63 67 62 60 58 55 52 50 46 40 37 30 21 26 35 29 23 
81 71 74 83 85 87 94 100 99 100 94 87 85 83 74 67 63 68 66 78 75 91 75 78 66 68 63 67 74 71 81 80 69 64 59 57 54 65 62 60 58 55 52 50 46 40 36 35 29 23 
81 71 74 83 85 87 94 100 99 100 94 87 85 83 74 67 63 68 66 78 75 91 75 72 73 77 68 63 67 74 71 81 80 69 64 59 57 54 65 62 60 58 55 52 50 46 40 36 35 29 23 
81 71 74 83 85 87 94 100 99 100 94 87 85 83 74 67 63 68 66 78 75 91 75 78 66 68 63 67 74 83 84 82 81 80 69 64 59 57 54 65 62 60 58 55 52 50 46 40 36 35 29 23 
81 71 74 83 85 87 94 100 99 100 94 87 85 83 74 67 63 68 66 78 75 91 75 78 66 68 63 67 74 71 81 80 69 64 59 57 54 65 62 60 58 55 52 50 46 40 37 30 21 26 35 29 23 
81 71 74 83 85 87 94 100 99 100 94 87 85 83 74 67 63 68 66 68 77 73 72 75 91 75 56 49 46 40 36 35 29 23 
81 71 74 83 85 87 94 100 99 100 94 87 85 83 74 67 63 68 66 68 77 73 72 75 91 75 56 49 46 40 37 30 21 26 35 29 23 
81 71 74 83 85 87 94 100 99 100 94 87 85 83 74 67 63 68 66 68 77 73 72 75 91 75 78 66 68 63 67 62 60 58 55 52 50 46 40 36 35 29 23 
81 71 74 83 85 87 94 100 99 100 94 87 85 83 74 67 63 68 66 68 77 73 72 75 91 75 72 73 77 68 63 67 62 60 58 55 52 50 46 40 36 35 29 23 
81 71 74 83 85 87 94 100 99 100 94 87 85 83 74 67 63 68 66 68 77 73 72 75 91 75 78 66 68 63 67 62 60 58 55 52 50 46 40 37 30 21 26 35 29 23 
81 71 74 83 85 87 94 100 99 100 94 87 85 83 74 67 63 68 66 68 77 73 72 75 91 75 72 73 77 68 63 67 62 60 58 55 52 50 46 40 37 30 21 26 35 29 23 
81 71 74 83 85 87 94 100 99 100 94 87 85 83 74 67 63 68 66 68 77 73 72 75 91 75 78 66 68 63 67 74 71 81 80 69 64 59 57 54 65 62 60 58 55 52 50 46 40 36 35 29 23 
81 71 74 83 85 87 94 100 99 100 94 87 85 83 74 67 63 68 66 68 77 73 72 75 91 75 72 73 77 68 63 67 74 71 81 80 69 64 59 57 54 65 62 60 58 55 52 50 46 40 36 35 29 23 
81 71 74 83 85 87 94 100 99 100 94 87 85 83 74 67 63 68 66 68 77 73 72 75 91 75 78 66 68 63 67 74 83 84 82 81 80 69 64 59 57 54 65 62 60 58 55 52 50 46 40 36 35 29 23 
81 71 74 83 85 87 94 100 99 100 94 87 85 83 74 67 63 68 66 68 77 73 72 75 91 75 78 66 68 63 67 74 71 81 80 69 64 59 57 54 65 62 60 58 55 52 50 46 40 37 30 21 26 35 29 23 
81 71 74 83 85 87 94 100 99 100 94 87 85 83 74 67 63 68 66 68 63 67 62 60 58 55 52 50 46 49 56 75 91 75 56 49 46 40 36 35 29 23 
81 71 74 83 85 87 94 100 99 100 94 87 85 83 74 67 63 68 66 68 63 67 62 60 58 55 52 50 46 49 56 75 91 75 56 49 46 40 37 30 21 26 35 29 23 
81 71 74 83 85 87 94 100 99 100 94 87 85 83 74 67 63 68 66 68 63 67 62 60 58 55 52 50 46 49 56 75 91 75 78 66 68 63 67 62 60 58 55 52 50 46 40 36 35 29 23 
81 71 74 83 85 87 94 100 99 100 94 87 85 83 74 67 63 68 66 68 63 67 62 60 58 55 52 50 46 49 56 75 91 75 72 73 77 68 63 67 62 60 58 55 52 50 46 40 36 35 29 23 
81 71 74 83 85 87 94 100 99 100 94 87 85 83 74 67 63 68 66 68 63 67 62 60 58 55 52 50 46 49 56 75 91 75 78 66 68 63 67 62 60 58 55 52 50 46 40 37 30 21 26 35 29 23 
81 71 74 83 85 87 94 100 99 100 94 87 85 83 74 67 63 68 66 68 63 67 62 60 58 55 52 50 46 49 56 75 91 75 72 73 77 68 63 67 62 60 58 55 52 50 46 40 37 30 21 26 35 29 23 
81 71 74 83 85 87 94 100 99 100 94 87 85 83 74 67 63 68 66 68 63 67 62 60 58 55 52 50 46 49 56 75 91 75 78 66 68 63 67 74 71 81 80 69 64 59 57 54 65 62 60 58 55 52 50 46 40 36 35 29 23 
81 71 74 83 85 87 94 100 99 100 94 87 85 83 74 67 63 68 66 68 63 67 62 60 58 55 52 50 46 49 56 75 91 75 72 73 77 68 63 67 74 71 81 80 69 64 59 57 54 65 62 60 58 55 52 50 46 40 36 35 29 23 
81 71 74 83 85 87 94 100 99 100 94 87 85 83 74 67 63 68 66 68 63 67 62 60 58 55 52 50 46 49 56 75 91 75 78 66 68 63 67 74 83 84 82 81 80 69 64 59 57 54 65 62 60 58 55 52 50 46 40 36 35 29 23 
81 71 74 83 85 87 94 100 99 100 94 87 85 83 74 67 63 68 66 68 63 67 62 60 58 55 52 50 46 49 56 75 91 75 78 66 68 63 67 74 71 81 80 69 64 59 57 54 65 62 60 58 55 52 50 46 40 37 30 21 26 35 29 23 
81 71 74 83 85 87 94 100 99 100 94 87 85 83 74 67 63 68 66 68 63 67 74 71 81 80 69 64 59 57 54 65 62 60 58 55 52 50 46 49 56 75 91 75 56 49 46 40 36 35 29 23 
81 71 74 83 85 87 94 100 99 100 94 87 85 83 74 67 63 68 66 68 63 67 74 71 81 80 69 64 59 57 54 65 62 60 58 55 52 50 46 49 56 75 91 75 56 49 46 40 37 30 21 26 35 29 23 
81 71 74 83 85 87 94 100 99 100 94 87 85 83 74 67 63 68 66 68 63 67 74 71 81 80 69 64 59 57 54 65 62 60 58 55 52 50 46 49 56 75 91 75 78 66 68 63 67 62 60 58 55 52 50 46 40 36 35 29 23 
81 71 74 83 85 87 94 100 99 100 94 87 85 83 74 67 63 68 66 68 63 67 74 71 81 80 69 64 59 57 54 65 62 60 58 55 52 50 46 49 56 75 91 75 72 73 77 68 63 67 62 60 58 55 52 50 46 40 36 35 29 23 
81 71 74 83 85 87 94 100 99 100 94 87 85 83 74 67 63 68 66 68 63 67 74 71 81 80 69 64 59 57 54 65 62 60 58 55 52 50 46 49 56 75 91 75 78 66 68 63 67 62 60 58 55 52 50 46 40 37 30 21 26 35 29 23 
81 71 74 83 85 87 94 100 99 100 94 87 85 83 74 67 63 68 66 68 63 67 74 71 81 80 69 64 59 57 54 65 62 60 58 55 52 50 46 49 56 75 91 75 72 73 77 68 63 67 62 60 58 55 52 50 46 40 37 30 21 26 35 29 23 
81 71 74 83 85 87 94 100 99 100 94 87 85 83 74 67 63 68 66 68 63 67 74 71 81 80 69 64 59 57 54 65 62 60 58 55 52 50 46 49 56 75 91 75 78 66 68 63 67 74 71 81 80 69 64 59 57 54 65 62 60 58 55 52 50 46 40 36 35 29 23 
81 71 74 83 85 87 94 100 99 100 94 87 85 83 74 67 63 68 66 68 63 67 74 71 81 80 69 64 59 57 54 65 62 60 58 55 52 50 46 49 56 75 91 75 72 73 77 68 63 67 74 71 81 80 69 64 59 57 54 65 62 60 58 55 52 50 46 40 36 35 29 23 
81 71 74 83 85 87 94 100 99 100 94 87 85 83 74 67 63 68 66 68 63 67 74 71 81 80 69 64 59 57 54 65 62 60 58 55 52 50 46 49 56 75 91 75 78 66 68 63 67 74 83 84 82 81 80 69 64 59 57 54 65 62 60 58 55 52 50 46 40 36 35 29 23 
81 71 74 83 85 87 94 100 99 100 94 87 85 83 74 67 63 68 66 68 63 67 74 71 81 80 69 64 59 57 54 65 62 60 58 55 52 50 46 49 56 75 91 75 78 66 68 63 67 74 71 81 80 69 64 59 57 54 65 62 60 58 55 52 50 46 40 37 30 21 26 35 29 23 
---------------
Request id 18
0 3 9 17 23 29 35 36 40 46 49 56 75 72 73 77 68 63 67 74 83 85 87 94 100 99 97 99 100 94 87 85 83 74 71 81 80 69 79 
0 3 9 17 23 29 35 36 40 46 49 56 75 72 73 77 68 63 67 74 83 85 87 94 100 99 97 99 100 94 87 85 83 84 82 81 80 69 79 
0 3 9 17 23 29 35 36 40 46 49 56 75 72 73 77 68 63 67 74 83 85 87 94 100 99 97 99 100 94 98 102 101 85 83 74 71 81 80 69 79 
0 3 9 17 23 29 35 36 40 46 49 56 75 72 73 77 68 63 67 74 83 85 87 94 100 99 97 99 100 94 98 102 101 85 83 84 82 81 80 69 79 
0 3 9 17 23 29 35 36 40 46 49 56 75 72 73 77 68 63 67 74 83 85 87 94 100 99 97 99 100 94 87 85 83 74 67 62 65 54 57 59 64 69 79 
0 3 9 17 23 29 35 36 40 46 49 56 75 72 73 77 68 63 67 74 83 85 87 94 100 99 97 99 100 94 98 102 101 85 83 74 67 62 65 54 57 59 64 69 79 
0 3 9 17 23 29 35 36 40 46 49 56 75 72 73 77 68 63 67 74 83 85 87 94 100 99 97 99 100 94 87 85 83 84 82 81 71 74 67 62 65 54 57 59 64 69 79 
0 3 9 17 23 29 35 36 40 46 49 56 75 72 73 77 68 63 67 74 83 85 87 94 100 99 97 99 100 94 87 85 83 74 67 62 65 45 34 48 53 54 57 59 64 69 79 
0 3 9 17 23 29 35 36 40 46 49 56 75 72 73 77 68 63 67 74 83 85 87 94 100 99 97 99 100 94 98 102 101 85 83 74 67 62 65 45 34 48 53 54 57 59 64 69 79 
0 3 9 17 23 29 35 36 40 46 49 56 75 72 73 77 68 63 67 74 83 85 87 94 100 99 97 99 100 94 98 102 101 85 83 84 82 81 71 74 67 62 65 54 57 59 64 69 79 
0 3 9 17 23 29 35 36 40 46 49 56 75 72 73 77 68 63 67 74 83 85 101 102 98 94 100 99 97 99 100 94 87 85 83 74 71 81 80 69 79 
0 3 9 17 23 29 35 36 40 46 49 56 75 72 73 77 68 63 67 74 83 85 101 102 98 94 100 99 97 99 100 94 87 85 83 84 82 81 80 69 79 
0 3 9 17 23 29 35 36 40 46 49 56 75 72 73 77 68 63 67 74 83 85 101 102 98 94 100 99 97 99 100 94 98 102 101 85 83 74 71 81 80 69 79 
0 3 9 17 23 29 35 36 40 46 49 56 75 72 73 77 68 63 67 74 83 85 101 102 98 94 100 99 97 99 100 94 98 102 101 85 83 84 82 81 80 69 79 
0 3 9 17 23 29 35 36 40 46 49 56 75 72 73 77 68 63 67 74 83 85 101 102 98 94 100 99 97 99 100 94 87 85 83 74 67 62 65 54 57 59 64 69 79 
0 3 9 17 23 29 35 36 40 46 49 56 75 72 73 77 68 63 67 74 83 85 101 102 98 94 100 99 97 99 100 94 98 102 101 85 83 74 67 62 65 54 57 59 64 69 79 
0 3 9 17 23 29 35 36 40 46 49 56 75 72 73 77 68 63 67 74 83 85 101 102 98 94 100 99 97 99 100 94 87 85 83 84 82 81 71 74 67 62 65 54 57 59 64 69 79 
0 3 9 17 23 29 35 36 40 46 49 56 75 72 73 77 68 63 67 74 83 85 101 102 98 94 100 99 97 99 100 94 87 85 83 74 67 62 65 45 34 48 53 54 57 59 64 69 79 
0 3 9 17 23 29 35 36 40 46 49 56 75 72 73 77 68 63 67 74 83 85 101 102 98 94 100 99 97 99 100 94 98 102 101 85 83 74 67 62 65 45 34 48 53 54 57 59 64 69 79 
0 3 9 17 23 29 35 36 40 46 49 56 75 72 73 77 68 63 67 74 83 85 101 102 98 94 100 99 97 99 100 94 98 102 101 85 83 84 82 81 71 74 67 62 65 54 57 59 64 69 79 
0 3 9 17 23 29 35 36 40 46 49 56 75 72 73 77 68 63 67 74 71 81 82 84 83 85 87 94 100 99 97 99 100 94 87 85 83 74 71 81 80 69 79 
0 3 9 17 23 29 35 36 40 46 49 56 75 72 73 77 68 63 67 74 71 81 82 84 83 85 87 94 100 99 97 99 100 94 87 85 83 84 82 81 80 69 79 
0 3 9 17 23 29 35 36 40 46 49 56 75 72 73 77 68 63 67 74 71 81 82 84 83 85 87 94 100 99 97 99 100 94 98 102 101 85 83 74 71 81 80 69 79 
0 3 9 17 23 29 35 36 40 46 49 56 75 72 73 77 68 63 67 74 71 81 82 84 83 85 87 94 100 99 97 99 100 94 98 102 101 85 83 84 82 81 80 69 79 
0 3 9 17 23 29 35 36 40 46 49 56 75 72 73 77 68 63 67 74 71 81 82 84 83 85 87 94 100 99 97 99 100 94 87 85 83 74 67 62 65 54 57 59 64 69 79 
0 3 9 17 23 29 35 36 40 46 49 56 75 72 73 77 68 63 67 74 71 81 82 84 83 85 87 94 100 99 97 99 100 94 98 102 101 85 83 74 67 62 65 54 57 59 64 69 79 
0 3 9 17 23 29 35 36 40 46 49 56 75 72 73 77 68 63 67 74 71 81 82 84 83 85 87 94 100 99 97 99 100 94 87 85 83 84 82 81 71 74 67 62 65 54 57 59 64 69 79 
0 3 9 17 23 29 35 36 40 46 49 56 75 72 73 77 68 63 67 74 71 81 82 84 83 85 87 94 100 99 97 99 100 94 87 85 83 74 67 62 65 45 34 48 53 54 57 59 64 69 79 
0 3 9 17 23 29 35 36 40 46 49 56 75 72 73 77 68 63 67 74 71 81 82 84 83 85 87 94 100 99 97 99 100 94 98 102 101 85 83 74 67 62 65 45 34 48 53 54 57 59 64 69 79 
0 3 9 17 23 29 35 36 40 46 49 56 75 72 73 77 68 63 67 74 71 81 82 84 83 85 87 94 100 99 97 99 100 94 98 102 101 85 83 84 82 81 71 74 67 62 65 54 57 59 64 69 79 
0 3 9 17 23 29 35 36 40 46 49 56 75 72 73 77 73 72 75 78 66 68 63 67 74 83 85 87 94 100 99 97 99 100 94 87 85 83 74 71 81 80 69 79 
0 3 9 17 23 29 35 36 40 46 49 56 75 72 73 77 73 72 75 78 66 68 63 67 74 83 85 87 94 100 99 97 99 100 94 87 85 83 84 82 81 80 69 79 
0 3 9 17 23 29 35 36 40 46 49 56 75 72 73 77 73 72 75 78 66 68 63 67 74 83 85 87 94 100 99 97 99 100 94 98 102 101 85 83 74 71 81 80 69 79 
0 3 9 17 23 29 35 36 40 46 49 56 75 72 73 77 73 72 75 78 66 68 63 67 74 83 85 87 94 100 99 97 99 100 94 98 102 101 85 83 84 82 81 80 69 79 
0 3 9 17 23 29 35 36 40 46 49 56 75 72 73 77 73 72 75 78 66 68 63 67 74 83 85 87 94 100 99 97 99 100 94 87 85 83 74 67 62 65 54 57 59 64 69 79 
0 3 9 17 23 29 35 36 40 46 49 56 75 72 73 77 73 72 75 78 66 68 63 67 74 83 85 87 94 100 99 97 99 100 94 98 102 101 85 83 74 67 62 65 54 57 59 64 69 79 
0 3 9 17 23 29 35 36 40 46 49 56 75 72 73 77 73 72 75 78 66 68 63 67 74 83 85 87 94 100 99 97 99 100 94 87 85 83 84 82 81 71 74 67 62 65 54 57 59 64 69 79 
0 3 9 17 23 29 35 36 40 46 49 56 75 72 73 77 73 72 75 78 66 68 63 67 74 83 85 87 94 100 99 97 99 100 94 87 85 83 74 67 62 65 45 34 48 53 54 57 59 64 69 79 
0 3 9 17 23 29 35 36 40 46 49 56 75 72 73 77 73 72 75 78 66 68 63 67 74 83 85 87 94 100 99 97 99 100 94 98 102 101 85 83 74 67 62 65 45 34 48 53 54 57 59 64 69 79 
0 3 9 17 23 29 35 36 40 46 49 56 75 72 73 77 73 72 75 78 66 68 63 67 74 83 85 87 94 100 99 97 99 100 94 98 102 101 85 83 84 82 81 71 74 67 62 65 54 57 59 64 69 79 
---------------
Request id 11
33 41 40 46 49 42 49 46 40 36 35 29 38 29 35 36 40 46 49 56 75 78 75 56 49 46 40 28 19 5 15 10 
33 41 40 46 49 42 49 46 40 36 35 29 38 29 35 36 40 46 49 56 75 78 75 56 49 46 40 43 33 20 15 10 
33 41 40 46 49 42 49 46 40 36 35 29 38 29 35 36 40 46 49 56 75 78 75 56 49 46 40 41 33 20 15 10 
33 41 40 46 49 42 49 46 40 36 35 29 38 29 35 36 40 46 49 56 75 78 75 56 49 46 40 43 33 20 25 24 16 10 
33 41 40 46 49 42 49 46 40 36 35 29 38 29 35 36 40 46 49 56 75 78 75 56 49 46 40 41 33 20 25 24 16 10 
33 41 40 46 49 42 49 46 40 36 35 29 38 29 35 36 40 46 49 56 75 78 75 56 49 46 40 28 19 5 15 20 25 24 16 10 
33 41 40 46 49 42 49 46 40 36 35 29 38 29 35 36 40 46 49 56 75 78 66 68 77 73 72 75 56 49 46 40 43 33 20 15 10 
33 41 40 46 49 42 49 46 40 36 35 29 38 29 35 36 40 46 49 56 75 78 66 68 77 73 72 75 56 49 46 40 28 19 5 15 10 
33 41 40 46 49 42 49 46 40 36 35 29 38 29 35 36 40 46 49 56 75 78 66 68 77 73 72 75 56 49 46 40 41 33 20 15 10 
33 41 40 46 49 42 49 46 40 36 35 29 38 29 35 36 40 46 49 56 75 78 66 68 77 73 72 75 56 49 46 40 43 33 20 25 24 16 10 
33 41 40 46 49 42 49 46 40 36 35 29 38 29 35 26 21 30 37 40 46 49 56 75 78 75 56 49 46 40 28 19 5 15 10 
33 41 40 46 49 42 49 46 40 36 35 29 38 29 35 26 21 30 37 40 46 49 56 75 78 75 56 49 46 40 43 33 20 15 10 
33 41 40 46 49 42 49 46 40 36 35 29 38 29 35 26 21 30 37 40 46 49 56 75 78 75 56 49 46 40 41 33 20 15 10 
33 41 40 46 49 42 49 46 40 36 35 29 38 29 35 26 21 30 37 40 46 49 56 75 78 75 56 49 46 40 43 33 20 25 24 16 10 
33 41 40 46 49 42 49 46 40 36 35 29 38 29 35 26 21 30 37 40 46 49 56 75 78 75 56 49 46 40 41 33 20 25 24 16 10 
33 41 40 46 49 42 49 46 40 36 35 29 38 29 35 26 21 30 37 40 46 49 56 75 78 75 56 49 46 40 28 19 5 15 20 25 24 16 10 
33 41 40 46 49 42 49 46 40 36 35 29 38 29 35 26 21 30 37 40 46 49 56 75 78 66 68 77 73 72 75 56 49 46 40 43 33 20 15 10 
33 41 40 46 49 42 49 46 40 36 35 29 38 29 35 26 21 30 37 40 46 49 56 75 78 66 68 77 73 72 75 56 49 46 40 28 19 5 15 10 
33 41 40 46 49 42 49 46 40 36 35 29 38 29 35 26 21 30 37 40 46 49 56 75 78 66 68 77 73 72 75 56 49 46 40 41 33 20 15 10 
33 41 40 46 49 42 49 46 40 36 35 29 38 29 35 26 21 30 37 40 46 49 56 75 78 66 68 77 73 72 75 56 49 46 40 43 33 20 25 24 16 10 
33 41 40 46 49 42 49 46 40 36 35 29 38 29 35 36 40 46 49 56 75 72 73 77 68 66 78 75 56 49 46 40 28 19 5 15 10 
33 41 40 46 49 42 49 46 40 36 35 29 38 29 35 36 40 46 49 56 75 72 73 77 68 66 78 75 56 49 46 40 43 33 20 15 10 
33 41 40 46 49 42 49 46 40 36 35 29 38 29 35 36 40 46 49 56 75 72 73 77 68 66 78 75 56 49 46 40 41 33 20 15 10 
33 41 40 46 49 42 49 46 40 36 35 29 38 29 35 36 40 46 49 56 75 72 73 77 68 66 78 75 56 49 46 40 43 33 20 25 24 16 10 
33 41 40 46 49 42 49 46 40 36 35 29 38 29 35 36 40 46 49 56 75 72 73 77 68 66 78 75 56 49 46 40 41 33 20 25 24 16 10 
33 41 40 46 49 42 49 46 40 36 35 29 38 29 35 36 40 46 49 56 75 72 73 77 68 66 78 75 56 49 46 40 28 19 5 15 20 25 24 16 10 
33 41 40 46 49 42 49 46 40 36 35 29 38 29 35 36 40 46 49 56 75 72 73 77 68 66 78 66 68 77 73 72 75 56 49 46 40 43 33 20 15 10 
33 41 40 46 49 42 49 46 40 36 35 29 38 29 35 36 40 46 49 56 75 72 73 77 68 66 78 66 68 77 73 72 75 56 49 46 40 28 19 5 15 10 
33 41 40 46 49 42 49 46 40 36 35 29 38 29 35 36 40 46 49 56 75 72 73 77 68 66 78 66 68 77 73 72 75 56 49 46 40 41 33 20 15 10 
33 41 40 46 49 42 49 46 40 36 35 29 38 29 35 36 40 46 49 56 75 72 73 77 68 66 78 66 68 77 73 72 75 56 49 46 40 43 33 20 25 24 16 10 
33 41 40 46 49 42 49 46 40 36 35 29 38 29 35 36 40 46 50 52 55 58 60 62 67 63 68 66 78 75 56 49 46 40 28 19 5 15 10 
33 41 40 46 49 42 49 46 40 36 35 29 38 29 35 36 40 46 50 52 55 58 60 62 67 63 68 66 78 75 56 49 46 40 43 33 20 15 10 
33 41 40 46 49 42 49 46 40 36 35 29 38 29 35 36 40 46 50 52 55 58 60 62 67 63 68 66 78 75 56 49 46 40 41 33 20 15 10 
33 41 40 46 49 42 49 46 40 36 35 29 38 29 35 36 40 46 50 52 55 58 60 62 67 63 68 66 78 75 56 49 46 40 43 33 20 25 24 16 10 
33 41 40 46 49 42 49 46 40 36 35 29 38 29 35 36 40 46 50 52 55 58 60 62 67 63 68 66 78 75 56 49 46 40 41 33 20 25 24 16 10 
33 41 40 46 49 42 49 46 40 36 35 29 38 29 35 36 40 46 50 52 55 58 60 62 67 63 68 66 78 75 56 49 46 40 28 19 5 15 20 25 24 16 10 
33 41 40 46 49 42 49 46 40 36 35 29 38 29 35 36 40 46 50 52 55 58 60 62 67 63 68 66 78 66 68 77 73 72 75 56 49 46 40 43 33 20 15 10 
33 41 40 46 49 42 49 46 40 36 35 29 38 29 35 36 40 46 50 52 55 58 60 62 67 63 68 66 78 66 68 77 73 72 75 56 49 46 40 28 19 5 15 10 
33 41 40 46 49 42 49 46 40 36 35 29 38 29 35 36 40 46 50 52 55 58 60 62 67 63 68 66 78 66 68 77 73 72 75 56 49 46 40 41 33 20 15 10 
33 41 40 46 49 42 49 46 40 36 35 29 38 29 35 36 40 46 50 52 55 58 60 62 67 63 68 66 78 66 68 77 73 72 75 56 49 46 40 43 33 20 25 24 16 10 
---------------
Request id 10
3 9 17 23 29 35 36 40 46 49 56 75 72 73 77 73 77 68 63 67 62 65 61 51 61 65 62 60 58 55 52 50 46 40 36 35 29 23 17 9 13 32 31 22 14 
3 9 17 23 29 35 36 40 46 49 56 75 72 73 77 73 77 68 63 67 62 65 61 51 61 65 62 60 58 55 52 50 46 40 36 35 29 23 17 9 3 0 4 6 11 14 
3 9 17 23 29 35 36 40 46 49 56 75 72 73 77 73 77 68 63 67 62 65 61 51 61 65 62 67 63 68 66 78 75 56 49 46 40 36 35 29 23 17 9 13 32 31 22 14 
3 9 17 23 29 35 36 40 46 49 56 75 72 73 77 73 77 68 63 67 62 65 61 51 61 65 62 60 58 55 52 50 46 40 37 30 21 26 35 29 23 17 9 13 32 31 22 14 
3 9 17 23 29 35 36 40 46 49 56 75 72 73 77 73 77 68 63 67 62 65 61 51 61 65 62 67 63 68 77 73 72 75 56 49 46 40 36 35 29 23 17 9 13 32 31 22 14 
3 9 17 23 29 35 36 40 46 49 56 75 72 73 77 73 77 68 63 67 62 65 61 51 61 65 62 67 63 68 66 78 75 56 49 46 40 36 35 29 23 17 9 3 0 4 6 11 14 
3 9 17 23 29 35 36 40 46 49 56 75 72 73 77 73 77 68 63 67 62 65 61 51 61 65 62 60 58 55 52 50 46 40 37 30 21 26 35 29 23 17 9 3 0 4 6 11 14 
3 9 17 23 29 35 36 40 46 49 56 75 72 73 77 73 77 68 63 67 62 65 61 51 61 65 62 60 58 55 52 50 46 40 36 35 29 23 17 12 7 8 1 2 3 0 4 6 11 14 
3 9 17 23 29 35 36 40 46 49 56 75 72 73 77 73 77 68 63 67 62 65 61 51 61 65 62 67 63 68 77 73 72 75 56 49 46 40 36 35 29 23 17 9 3 0 4 6 11 14 
3 9 17 23 29 35 36 40 46 49 56 75 72 73 77 73 77 68 63 67 62 65 61 51 61 65 62 67 63 68 66 78 75 56 49 46 40 37 30 21 26 35 29 23 17 9 13 32 31 22 14 
3 9 17 23 29 35 36 40 46 49 56 75 72 73 77 73 72 75 78 66 68 63 67 62 65 61 51 61 65 62 60 58 55 52 50 46 40 36 35 29 23 17 9 13 32 31 22 14 
3 9 17 23 29 35 36 40 46 49 56 75 72 73 77 73 72 75 78 66 68 63 67 62 65 61 51 61 65 62 60 58 55 52 50 46 40 36 35 29 23 17 9 3 0 4 6 11 14 
3 9 17 23 29 35 36 40 46 49 56 75 72 73 77 73 72 75 78 66 68 63 67 62 65 61 51 61 65 62 67 63 68 66 78 75 56 49 46 40 36 35 29 23 17 9 13 32 31 22 14 
3 9 17 23 29 35 36 40 46 49 56 75 72 73 77 73 72 75 78 66 68 63 67 62 65 61 51 61 65 62 60 58 55 52 50 46 40 37 30 21 26 35 29 23 17 9 13 32 31 22 14 
3 9 17 23 29 35 36 40 46 49 56 75 72 73 77 73 72 75 78 66 68 63 67 62 65 61 51 61 65 62 67 63 68 77 73 72 75 56 49 46 40 36 35 29 23 17 9 13 32 31 22 14 
3 9 17 23 29 35 36 40 46 49 56 75 72 73 77 73 72 75 78 66 68 63 67 62 65 61 51 61 65 62 67 63 68 66 78 75 56 49 46 40 36 35 29 23 17 9 3 0 4 6 11 14 
3 9 17 23 29 35 36 40 46 49 56 75 72 73 77 73 72 75 78 66 68 63 67 62 65 61 51 61 65 62 60 58 55 52 50 46 40 37 30 21 26 35 29 23 17 9 3 0 4 6 11 14 
3 9 17 23 29 35 36 40 46 49 56 75 72 73 77 73 72 75 78 66 68 63 67 62 65 61 51 61 65 62 60 58 55 52 50 46 40 36 35 29 23 17 12 7 8 1 2 3 0 4 6 11 14 
3 9 17 23 29 35 36 40 46 49 56 75 72 73 77 73 72 75 78 66 68 63 67 62 65 61 51 61 65 62 67 63 68 77 73 72 75 56 49 46 40 36 35 29 23 17 9 3 0 4 6 11 14 
3 9 17 23 29 35 36 40 46 49 56 75 72 73 77 73 72 75 78 66 68 63 67 62 65 61 51 61 65 62 67 63 68 66 78 75 56 49 46 40 37 30 21 26 35 29 23 17 9 13 32 31 22 14 
3 9 17 23 29 35 36 40 46 49 56 75 72 73 77 73 72 75 56 49 46 50 52 55 58 60 62 65 61 51 61 65 62 60 58 55 52 50 46 40 36 35 29 23 17 9 13 32 31 22 14 
3 9 17 23 29 35 36 40 46 49 56 75 72 73 77 73 72 75 56 49 46 50 52 55 58 60 62 65 61 51 61 65 62 60 58 55 52 50 46 40 36 35 29 23 17 9 3 0 4 6 11 14 
3 9 17 23 29 35 36 40 46 49 56 75 72 73 77 73 72 75 56 49 46 50 52 55 58 60 62 65 61 51 61 65 62 67 63 68 66 78 75 56 49 46 40 36 35 29 23 17 9 13 32 31 22 14 
3 9 17 23 29 35 36 40 46 49 56 75 72 73 77 73 72 75 56 49 46 50 52 55 58 60 62 65 61 51 61 65 62 60 58 55 52 50 46 40 37 30 21 26 35 29 23 17 9 13 32 31 22 14 
3 9 17 23 29 35 36 40 46 49 56 75 72 73 77 73 72 75 56 49 46 50 52 55 58 60 62 65 61 51 61 65 62 67 63 68 77 73 72 75 56 49 46 40 36 35 29 23 17 9 13 32 31 22 14 
3 9 17 23 29 35 36 40 46 49 56 75 72 73 77 73 72 75 56 49 46 50 52 55 58 60 62 65 61 51 61 65 62 67 63 68 66 78 75 56 49 46 40 36 35 29 23 17 9 3 0 4 6 11 14 
3 9 17 23 29 35 36 40 46 49 56 75 72 73 77 73 72 75 56 49 46 50 52 55 58 60 62 65 61 51 61 65 62 60 58 55 52 50 46 40 37 30 21 26 35 29 23 17 9 3 0 4 6 11 14 
3 9 17 23 29 35 36 40 46 49 56 75 72 73 77 73 72 75 56 49 46 50 52 55 58 60 62 65 61 51 61 65 62 60 58 55 52 50 46 40 36 35 29 23 17 12 7 8 1 2 3 0 4 6 11 14 
3 9 17 23 29 35 36 40 46 49 56 75 72 73 77 73 72 75 56 49 46 50 52 55 58 60 62 65 61 51 61 65 62 67 63 68 77 73 72 75 56 49 46 40 36 35 29 23 17 9 3 0 4 6 11 14 
3 9 17 23 29 35 36 40 46 49 56 75 72 73 77 73 72 75 56 49 46 50 52 55 58 60 62 65 61 51 61 65 62 67 63 68 66 78 75 56 49 46 40 37 30 21 26 35 29 23 17 9 13 32 31 22 14 
3 9 17 23 29 35 36 40 46 49 56 75 72 73 77 73 77 68 63 67 74 71 81 80 69 64 59 57 54 65 61 51 61 65 62 60 58 55 52 50 46 40 36 35 29 23 17 9 13 32 31 22 14 
3 9 17 23 29 35 36 40 46 49 56 75 72 73 77 73 77 68 63 67 74 71 81 80 69 64 59 57 54 65 61 51 61 65 62 60 58 55 52 50 46 40 36 35 29 23 17 9 3 0 4 6 11 14 
3 9 17 23 29 35 36 40 46 49 56 75 72 73 77 73 77 68 63 67 74 71 81 80 69 64 59 57 54 65 61 51 61 65 62 67 63 68 66 78 75 56 49 46 40 36 35 29 23 17 9 13 32 31 22 14 
3 9 17 23 29 35 36 40 46 49 56 75 72 73 77 73 77 68 63 67 74 71 81 80 69 64 59 57 54 65 61 51 61 65 62 60 58 55 52 50 46 40 37 30 21 26 35 29 23 17 9 13 32 31 22 14 
3 9 17 23 29 35 36 40 46 49 56 75 72 73 77 73 77 68 63 67 74 71 81 80 69 64 59 57 54 65 61 51 61 65 62 67 63 68 77 73 72 75 56 49 46 40 36 35 29 23 17 9 13 32 31 22 14 
3 9 17 23 29 35 36 40 46 49 56 75 72 73 77 73 77 68 63 67 74 71 81 80 69 64 59 57 54 65 61 51 61 65 62 67 63 68 66 78 75 56 49 46 40 36 35 29 23 17 9 3 0 4 6 11 14 
3 9 17 23 29 35 36 40 46 49 56 75 72 73 77 73 77 68 63 67 74 71 81 80 69 64 59 57 54 65 61 51 61 65 62 60 58 55 52 50 46 40 37 30 21 26 35 29 23 17 9 3 0 4 6 11 14 
3 9 17 23 29 35 36 40 46 49 56 75 72 73 77 73 77 68 63 67 74 71 81 80 69 64 59 57 54 65 61 51 61 65 62 60 58 55 52 50 46 40 36 35 29 23 17 12 7 8 1 2 3 0 4 6 11 14 
3 9 17 23 29 35 36 40 46 49 56 75 72 73 77 73 77 68 63 67 74 71 81 80 69 64 59 57 54 65 61 51 61 65 62 67 63 68 77 73 72 75 56 49 46 40 36 35 29 23 17 9 3 0 4 6 11 14 
3 9 17 23 29 35 36 40 46 49 56 75 72 73 77 73 77 68 63 67 74 71 81 80 69 64 59 57 54 65 61 51 61 65 62 67 63 68 66 78 75 56 49 46 40 37 30 21 26 35 29 23 17 9 13 32 31 22 14 
---------------
Request id 4
4 0 3 9 17 23 29 35 36 40 46 49 56 75 72 73 72 75 56 49 42 49 56 75 78 66 68 63 67 74 83 85 87 94 
4 0 3 9 17 23 29 35 36 40 46 49 56 75 72 73 72 75 56 49 42 49 46 50 52 55 58 60 62 67 74 83 85 87 94 
4 0 3 9 17 23 29 35 36 40 46 49 56 75 72 73 72 75 56 49 42 49 56 75 72 73 77 68 63 67 74 83 85 87 94 
4 0 3 9 17 23 29 35 36 40 46 49 56 75 72 73 72 75 56 49 42 49 56 75 78 66 68 63 67 74 83 85 101 102 98 94 
4 0 3 9 17 23 29 35 36 40 46 49 56 75 72 73 72 75 56 49 42 49 56 75 72 73 77 68 63 67 74 83 85 101 102 98 94 
4 0 3 9 17 23 29 35 36 40 46 49 56 75 72 73 72 75 56 49 42 49 46 50 52 55 58 60 62 67 74 83 85 101 102 98 94 
4 0 3 9 17 23 29 35 36 40 46 49 56 75 72 73 72 75 56 49 42 49 56 75 78 66 68 63 67 74 71 81 82 84 83 85 87 94 
4 0 3 9 17 23 29 35 36 40 46 49 56 75 72 73 72 75 56 49 42 49 46 50 52 55 58 60 62 67 74 71 81 82 84 83 85 87 94 
4 0 3 9 17 23 29 35 36 40 46 49 56 75 72 73 72 75 56 49 42 49 56 75 72 73 77 68 63 67 74 71 81 82 84 83 85 87 94 
4 0 3 9 17 23 29 35 36 40 46 49 56 75 72 73 72 75 56 49 42 49 56 75 78 66 68 63 67 74 71 81 82 84 83 85 101 102 98 94 
4 0 3 9 17 23 29 35 36 40 46 49 56 75 72 73 77 68 66 78 75 56 49 42 49 56 75 78 66 68 63 67 74 83 85 87 94 
4 0 3 9 17 23 29 35 36 40 46 49 56 75 72 73 77 68 66 78 75 56 49 42 49 46 50 52 55 58 60 62 67 74 83 85 87 94 
4 0 3 9 17 23 29 35 36 40 46 49 56 75 72 73 77 68 66 78 75 56 49 42 49 56 75 72 73 77 68 63 67 74 83 85 87 94 
4 0 3 9 17 23 29 35 36 40 46 49 56 75 72 73 77 68 66 78 75 56 49 42 49 56 75 78 66 68 63 67 74 83 85 101 102 98 94 
4 0 3 9 17 23 29 35 36 40 46 49 56 75 72 73 77 68 66 78 75 56 49 42 49 56 75 72 73 77 68 63 67 74 83 85 101 102 98 94 
4 0 3 9 17 23 29 35 36 40 46 49 56 75 72 73 77 68 66 78 75 56 49 42 49 46 50 52 55 58 60 62 67 74 83 85 101 102 98 94 
4 0 3 9 17 23 29 35 36 40 46 49 56 75 72 73 77 68 66 78 75 56 49 42 49 56 75 78 66 68 63 67 74 71 81 82 84 83 85 87 94 
4 0 3 9 17 23 29 35 36 40 46 49 56 75 72 73 77 68 66 78 75 56 49 42 49 46 50 52 55 58 60 62 67 74 71 81 82 84 83 85 87 94 
4 0 3 9 17 23 29 35 36 40 46 49 56 75 72 73 77 68 66 78 75 56 49 42 49 56 75 72 73 77 68 63 67 74 71 81 82 84 83 85 87 94 
4 0 3 9 17 23 29 35 36 40 46 49 56 75 72 73 77 68 66 78 75 56 49 42 49 56 75 78 66 68 63 67 74 71 81 82 84 83 85 101 102 98 94 
4 0 3 9 17 23 29 35 36 40 46 49 56 75 72 73 77 68 63 67 62 60 58 55 52 50 46 49 42 49 56 75 78 66 68 63 67 74 83 85 87 94 
4 0 3 9 17 23 29 35 36 40 46 49 56 75 72 73 77 68 63 67 62 60 58 55 52 50 46 49 42 49 46 50 52 55 58 60 62 67 74 83 85 87 94 
4 0 3 9 17 23 29 35 36 40 46 49 56 75 72 73 77 68 63 67 62 60 58 55 52 50 46 49 42 49 56 75 72 73 77 68 63 67 74 83 85 87 94 
4 0 3 9 17 23 29 35 36 40 46 49 56 75 72 73 77 68 63 67 62 60 58 55 52 50 46 49 42 49 56 75 78 66 68 63 67 74 83 85 101 102 98 94 
4 0 3 9 17 23 29 35 36 40 46 49 56 75 72 73 77 68 63 67 62 60 58 55 52 50 46 49 42 49 56 75 72 73 77 68 63 67 74 83 85 101 102 98 94 
4 0 3 9 17 23 29 35 36 40 46 49 56 75 72 73 77 68 63 67 62 60 58 55 52 50 46 49 42 49 46 50 52 55 58 60 62 67 74 83 85 101 102 98 94 
4 0 3 9 17 23 29 35 36 40 46 49 56 75 72 73 77 68 63 67 62 60 58 55 52 50 46 49 42 49 56 75 78 66 68 63 67 74 71 81 82 84 83 85 87 94 
4 0 3 9 17 23 29 35 36 40 46 49 56 75 72 73 77 68 63 67 62 60 58 55 52 50 46 49 42 49 46 50 52 55 58 60 62 67 74 71 81 82 84 83 85 87 94 
4 0 3 9 17 23 29 35 36 40 46 49 56 75 72 73 77 68 63 67 62 60 58 55 52 50 46 49 42 49 56 75 72 73 77 68 63 67 74 71 81 82 84 83 85 87 94 
4 0 3 9 17 23 29 35 36 40 46 49 56 75 72 73 77 68 63 67 62 60 58 55 52 50 46 49 42 49 56 75 78 66 68 63 67 74 71 81 82 84 83 85 101 102 98 94 
4 0 3 9 17 23 29 35 36 40 46 49 56 75 72 73 72 75 78 66 68 63 67 62 60 58 55 52 50 46 49 42 49 56 75 78 66 68 63 67 74 83 85 87 94 
4 0 3 9 17 23 29 35 36 40 46 49 56 75 72 73 72 75 78 66 68 63 67 62 60 58 55 52 50 46 49 42 49 46 50 52 55 58 60 62 67 74 83 85 87 94 
4 0 3 9 17 23 29 35 36 40 46 49 56 75 72 73 72 75 78 66 68 63 67 62 60 58 55 52 50 46 49 42 49 56 75 72 73 77 68 63 67 74 83 85 87 94 
4 0 3 9 17 23 29 35 36 40 46 49 56 75 72 73 72 75 78 66 68 63 67 62 60 58 55 52 50 46 49 42 49 56 75 78 66 68 63 67 74 83 85 101 102 98 94 
4 0 3 9 17 23 29 35 36 40 46 49 56 75 72 73 72 75 78 66 68 63 67 62 60 58 55 52 50 46 49 42 49 56 75 72 73 77 68 63 67 74 83 85 101 102 98 94 
4 0 3 9 17 23 29 35 36 40 46 49 56 75 72 73 72 75 78 66 68 63 67 62 60 58 55 52 50 46 49 42 49 46 50 52 55 58 60 62 67 74 83 85 101 102 98 94 
4 0 3 9 17 23 29 35 36 40 46 49 56 75 72 73 72 75 78 66 68 63 67 62 60 58 55 52 50 46 49 42 49 56 75 78 66 68 63 67 74 71 81 82 84 83 85 87 94 
4 0 3 9 17 23 29 35 36 40 46 49 56 75 72 73 72 75 78 66 68 63 67 62 60 58 55 52 50 46 49 42 49 46 50 52 55 58 60 62 67 74 71 81 82 84 83 85 87 94 
4 0 3 9 17 23 29 35 36 40 46 49 56 75 72 73 72 75 78 66 68 63 67 62 60 58 55 52 50 46 49 42 49 56 75 72 73 77 68 63 67 74 71 81 82 84 83 85 87 94 
4 0 3 9 17 23 29 35 36 40 46 49 56 75 72 73 72 75 78 66 68 63 67 62 60 58 55 52 50 46 49 42 49 56 75 78 66 68 63 67 74 71 81 82 84 83 85 101 102 98 94 
---------------
Request id 6
34 45 65 62 67 74 83 84 88 84 83 74 67 62 60 58 55 52 50 46 40 
34 45 65 62 67 74 83 84 88 84 83 74 67 63 68 66 78 75 56 49 46 40 
34 45 65 62 67 74 83 84 88 84 82 81 71 74 67 62 60 58 55 52 50 46 40 
34 45 65 62 67 74 83 84 88 84 83 74 67 63 68 77 73 72 75 56 49 46 40 
34 45 65 62 67 74 83 84 88 84 82 81 71 74 67 63 68 66 78 75 56 49 46 40 
34 45 65 62 67 74 83 84 88 84 82 81 71 74 67 63 68 77 73 72 75 56 49 46 40 
34 45 65 62 67 74 83 84 88 84 82 81 80 69 64 59 57 54 65 62 60 58 55 52 50 46 40 
34 45 65 62 67 74 83 84 88 84 83 74 71 81 80 69 64 59 57 54 65 62 60 58 55 52 50 46 40 
34 45 65 62 67 74 83 84 88 84 82 81 80 69 64 59 57 54 65 62 67 63 68 66 78 75 56 49 46 40 
34 45 65 62 67 74 83 84 88 84 82 81 80 69 64 59 57 54 65 62 67 63 68 77 73 72 75 56 49 46 40 
34 48 53 54 65 62 67 74 83 84 88 84 83 74 67 62 60 58 55 52 50 46 40 
34 48 53 54 65 62 67 74 83 84 88 84 83 74 67 63 68 66 78 75 56 49 46 40 
34 48 53 54 65 62 67 74 83 84 88 84 82 81 71 74 67 62 60 58 55 52 50 46 40 
34 48 53 54 65 62 67 74 83 84 88 84 83 74 67 63 68 77 73 72 75 56 49 46 40 
34 48 53 54 65 62 67 74 83 84 88 84 82 81 71 74 67 63 68 66 78 75 56 49 46 40 
34 48 53 54 65 62 67 74 83 84 88 84 82 81 71 74 67 63 68 77 73 72 75 56 49 46 40 
34 48 53 54 65 62 67 74 83 84 88 84 82 81 80 69 64 59 57 54 65 62 60 58 55 52 50 46 40 
34 48 53 54 65 62 67 74 83 84 88 84 83 74 71 81 80 69 64 59 57 54 65 62 60 58 55 52 50 46 40 
34 48 53 54 65 62 67 74 83 84 88 84 82 81 80 69 64 59 57 54 65 62 67 63 68 66 78 75 56 49 46 40 
34 48 53 54 65 62 67 74 83 84 88 84 82 81 80 69 64 59 57 54 65 62 67 63 68 77 73 72 75 56 49 46 40 
34 45 65 62 67 74 71 81 82 84 88 84 83 74 67 62 60 58 55 52 50 46 40 
34 45 65 62 67 74 71 81 82 84 88 84 83 74 67 63 68 66 78 75 56 49 46 40 
34 45 65 62 67 74 71 81 82 84 88 84 82 81 71 74 67 62 60 58 55 52 50 46 40 
34 45 65 62 67 74 71 81 82 84 88 84 83 74 67 63 68 77 73 72 75 56 49 46 40 
34 45 65 62 67 74 71 81 82 84 88 84 82 81 71 74 67 63 68 66 78 75 56 49 46 40 
34 45 65 62 67 74 71 81 82 84 88 84 82 81 71 74 67 63 68 77 73 72 75 56 49 46 40 
34 45 65 62 67 74 71 81 82 84 88 84 82 81 80 69 64 59 57 54 65 62 60 58 55 52 50 46 40 
34 45 65 62 67 74 71 81 82 84 88 84 83 74 71 81 80 69 64 59 57 54 65 62 60 58 55 52 50 46 40 
34 45 65 62 67 74 71 81 82 84 88 84 82 81 80 69 64 59 57 54 65 62 67 63 68 66 78 75 56 49 46 40 
34 45 65 62 67 74 71 81 82 84 88 84 82 81 80 69 64 59 57 54 65 62 67 63 68 77 73 72 75 56 49 46 40 
34 45 65 54 57 59 64 69 80 81 82 84 88 84 83 74 67 62 60 58 55 52 50 46 40 
34 45 65 54 57 59 64 69 80 81 82 84 88 84 83 74 67 63 68 66 78 75 56 49 46 40 
34 45 65 54 57 59 64 69 80 81 82 84 88 84 82 81 71 74 67 62 60 58 55 52 50 46 40 
34 45 65 54 57 59 64 69 80 81 82 84 88 84 83 74 67 63 68 77 73 72 75 56 49 46 40 
34 45 65 54 57 59 64 69 80 81 82 84 88 84 82 81 71 74 67 63 68 66 78 75 56 49 46 40 
34 45 65 54 57 59 64 69 80 81 82 84 88 84 82 81 71 74 67 63 68 77 73 72 75 56 49 46 40 
34 45 65 54 57 59 64 69 80 81 82 84 88 84 82 81 80 69 64 59 57 54 65 62 60 58 55 52 50 46 40 
34 45 65 54 57 59 64 69 80 81 82 84 88 84 83 74 71 81 80 69 64 59 57 54 65 62 60 58 55 52 50 46 40 
34 45 65 54 57 59 64 69 80 81 82 84 88 84 82 81 80 69 64 59 57 54 65 62 67 63 68 66 78 75 56 49 46 40 
34 45 65 54 57 59 64 69 80 81 82 84 88 84 82 81 80 69 64 59 57 54 65 62 67 63 68 77 73 72 75 56 49 46 40 
---------------
Request id 13
41 40 36 35 29 23 17 18 27 18 17 23 29 35 36 40 46 47 46 50 52 55 58 60 62 65 61 
41 40 36 35 29 23 17 18 27 18 17 23 29 35 36 40 46 47 46 49 56 75 78 66 68 63 67 62 65 61 
41 40 36 35 29 23 17 18 27 18 17 23 29 35 36 40 46 47 46 49 56 75 72 73 77 68 63 67 62 65 61 
41 40 36 35 29 23 17 18 27 18 17 23 29 35 36 40 46 47 46 50 52 55 58 60 62 67 74 71 81 80 69 64 59 57 54 65 61 
41 40 36 35 29 23 17 18 27 18 17 23 29 35 36 40 46 47 46 49 56 75 78 66 68 63 67 74 71 81 80 69 64 59 57 54 65 61 
41 40 36 35 29 23 17 18 27 18 17 23 29 35 36 40 46 47 46 49 56 75 72 73 77 68 63 67 74 71 81 80 69 64 59 57 54 65 61 
41 40 36 35 29 23 17 18 27 18 17 23 29 35 36 40 46 47 46 50 52 55 58 60 62 67 74 83 84 82 81 80 69 64 59 57 54 65 61 
41 40 36 35 29 23 17 18 27 18 17 23 29 35 36 40 46 47 46 49 56 75 78 66 68 63 67 74 83 84 82 81 80 69 64 59 57 54 65 61 
41 40 36 35 29 23 17 18 27 18 17 23 29 35 36 40 46 47 46 50 52 55 58 60 62 67 74 71 81 80 69 64 59 57 54 53 48 34 45 65 61 
41 40 36 35 29 23 17 18 27 18 17 23 29 35 36 40 46 47 46 49 56 75 72 73 77 68 63 67 74 83 84 82 81 80 69 64 59 57 54 65 61 
41 40 36 35 29 23 17 18 27 18 17 23 29 35 26 21 30 37 40 46 47 46 50 52 55 58 60 62 65 61 
41 40 36 35 29 23 17 18 27 18 17 23 29 35 26 21 30 37 40 46 47 46 49 56 75 78 66 68 63 67 62 65 61 
41 40 36 35 29 23 17 18 27 18 17 23 29 35 26 21 30 37 40 46 47 46 49 56 75 72 73 77 68 63 67 62 65 61 
41 40 36 35 29 23 17 18 27 18 17 23 29 35 26 21 30 37 40 46 47 46 50 52 55 58 60 62 67 74 71 81 80 69 64 59 57 54 65 61 
41 40 36 35 29 23 17 18 27 18 17 23 29 35 26 21 30 37 40 46 47 46 49 56 75 78 66 68 63 67 74 71 81 80 69 64 59 57 54 65 61 
41 40 36 35 29 23 17 18 27 18 17 23 29 35 26 21 30 37 40 46 47 46 49 56 75 72 73 77 68 63 67 74 71 81 80 69 64 59 57 54 65 61 
41 40 36 35 29 23 17 18 27 18 17 23 29 35 26 21 30 37 40 46 47 46 50 52 55 58 60 62 67 74 83 84 82 81 80 69 64 59 57 54 65 61 
41 40 36 35 29 23 17 18 27 18 17 23 29 35 26 21 30 37 40 46 47 46 49 56 75 78 66 68 63 67 74 83 84 82 81 80 69 64 59 57 54 65 61 
41 40 36 35 29 23 17 18 27 18 17 23 29 35 26 21 30 37 40 46 47 46 50 52 55 58 60 62 67 74 71 81 80 69 64 59 57 54 53 48 34 45 65 61 
41 40 36 35 29 23 17 18 27 18 17 23 29 35 26 21 30 37 40 46 47 46 49 56 75 72 73 77 68 63 67 74 83 84 82 81 80 69 64 59 57 54 65 61 
41 33 43 40 36 35 29 23 17 18 27 18 17 23 29 35 36 40 46 47 46 50 52 55 58 60 62 65 61 
41 33 43 40 36 35 29 23 17 18 27 18 17 23 29 35 36 40 46 47 46 49 56 75 78 66 68 63 67 62 65 61 
41 33 43 40 36 35 29 23 17 18 27 18 17 23 29 35 36 40 46 47 46 49 56 75 72 73 77 68 63 67 62 65 61 
41 33 43 40 36 35 29 23 17 18 27 18 17 23 29 35 36 40 46 47 46 50 52 55 58 60 62 67 74 71 81 80 69 64 59 57 54 65 61 
41 33 43 40 36 35 29 23 17 18 27 18 17 23 29 35 36 40 46 47 46 49 56 75 78 66 68 63 67 74 71 81 80 69 64 59 57 54 65 61 
41 33 43 40 36 35 29 23 17 18 27 18 17 23 29 35 36 40 46 47 46 49 56 75 72 73 77 68 63 67 74 71 81 80 69 64 59 57 54 65 61 
41 33 43 40 36 35 29 23 17 18 27 18 17 23 29 35 36 40 46 47 46 50 52 55 58 60 62 67 74 83 84 82 81 80 69 64 59 57 54 65 61 
41 33 43 40 36 35 29 23 17 18 27 18 17 23 29 35 36 40 46 47 46 49 56 75 78 66 68 63 67 74 83 84 82 81 80 69 64 59 57 54 65 61 
41 33 43 40 36 35 29 23 17 18 27 18 17 23 29 35 36 40 46 47 46 50 52 55 58 60 62 67 74 71 81 80 69 64 59 57 54 53 48 34 45 65 61 
41 33 43 40 36 35 29 23 17 18 27 18 17 23 29 35 36 40 46 47 46 49 56 75 72 73 77 68 63 67 74 83 84 82 81 80 69 64 59 57 54 65 61 
41 33 43 40 36 35 29 23 17 18 27 18 17 23 29 35 26 21 30 37 40 46 47 46 50 52 55 58 60 62 65 61 
41 33 43 40 36 35 29 23 17 18 27 18 17 23 29 35 26 21 30 37 40 46 47 46 49 56 75 78 66 68 63 67 62 65 61 
41 33 43 40 36 35 29 23 17 18 27 18 17 23 29 35 26 21 30 37 40 46 47 46 49 56 75 72 73 77 68 63 67 62 65 61 
41 33 43 40 36 35 29 23 17 18 27 18 17 23 29 35 26 21 30 37 40 46 47 46 50 52 55 58 60 62 67 74 71 81 80 69 64 59 57 54 65 61 
41 33 43 40 36 35 29 23 17 18 27 18 17 23 29 35 26 21 30 37 40 46 47 46 49 56 75 78 66 68 63 67 74 71 81 80 69 64 59 57 54 65 61 
41 33 43 40 36 35 29 23 17 18 27 18 17 23 29 35 26 21 30 37 40 46 47 46 49 56 75 72 73 77 68 63 67 74 71 81 80 69 64 59 57 54 65 61 
41 33 43 40 36 35 29 23 17 18 27 18 17 23 29 35 26 21 30 37 40 46 47 46 50 52 55 58 60 62 67 74 83 84 82 81 80 69 64 59 57 54 65 61 
41 33 43 40 36 35 29 23 17 18 27 18 17 23 29 35 26 21 30 37 40 46 47 46 49 56 75 78 66 68 63 67 74 83 84 82 81 80 69 64 59 57 54 65 61 
41 33 43 40 36 35 29 23 17 18 27 18 17 23 29 35 26 21 30 37 40 46 47 46 50 52 55 58 60 62 67 74 71 81 80 69 64 59 57 54 53 48 34 45 65 61 
41 33 43 40 36 35 29 23 17 18 27 18 17 23 29 35 26 21 30 37 40 46 47 46 49 56 75 72 73 77 68 63 67 74 83 84 82 81 80 69 64 59 57 54 65 61 
---------------
