Request id 14
20 24 30 24 16 11 6 3 1 
20 24 30 24 16 18 13 3 1 
20 24 30 24 16 11 13 3 1 
20 24 30 24 16 11 6 8 7 4 1 
20 24 30 24 16 18 13 0 5 3 1 
20 24 30 24 20 17 16 11 6 3 1 
20 24 30 24 20 17 16 18 13 3 1 
20 24 30 24 20 17 16 11 13 3 1 
20 24 30 24 16 18 13 11 6 3 1 
20 24 30 24 16 11 13 0 5 3 1 
20 17 16 24 30 24 16 11 6 3 1 
20 17 16 24 30 24 16 18 13 3 1 
20 17 16 24 30 24 16 11 13 3 1 
20 17 16 24 30 24 16 11 6 8 7 4 1 
20 17 16 24 30 24 16 18 13 0 5 3 1 
20 17 16 24 30 24 20 17 16 11 6 3 1 
20 17 16 24 30 24 20 17 16 18 13 3 1 
20 17 16 24 30 24 20 17 16 11 13 3 1 
20 17 16 24 30 24 16 18 13 11 6 3 1 
20 17 16 24 30 24 16 11 13 0 5 3 1 
20 17 21 22 27 24 30 24 16 11 6 3 1 
20 17 21 22 27 24 30 24 16 18 13 3 1 
20 17 21 22 27 24 30 24 16 11 13 3 1 
20 17 21 22 27 24 30 24 16 11 6 8 7 4 1 
20 17 21 22 27 24 30 24 16 18 13 0 5 3 1 
20 17 21 22 27 24 30 24 20 17 16 11 6 3 1 
20 17 21 22 27 24 30 24 20 17 16 18 13 3 1 
20 17 21 22 27 24 30 24 20 17 16 11 13 3 1 
20 17 21 22 27 24 30 24 16 18 13 11 6 3 1 
20 17 21 22 27 24 30 24 16 11 13 0 5 3 1 
20 17 14 12 11 16 24 30 24 16 11 6 3 1 
20 17 14 12 11 16 24 30 24 16 18 13 3 1 
20 17 14 12 11 16 24 30 24 16 11 13 3 1 
20 17 14 12 11 16 24 30 24 16 11 6 8 7 4 1 
20 17 14 12 11 16 24 30 24 16 18 13 0 5 3 1 
20 17 14 12 11 16 24 30 24 20 17 16 11 6 3 1 
20 17 14 12 11 16 24 30 24 20 17 16 18 13 3 1 
20 17 14 12 11 16 24 30 24 20 17 16 11 13 3 1 
20 17 14 12 11 16 24 30 24 16 18 13 11 6 3 1 
20 17 14 12 11 16 24 30 24 16 11 13 0 5 3 1 
---------------
Request id 10
8 6 11 16 24 27 31 34 38 42 49 50 49 42 38 39 40 41 46 48 
8 6 11 16 24 27 31 34 38 42 49 50 49 55 58 56 40 41 46 48 
8 6 11 16 24 27 31 34 38 42 49 50 49 42 51 56 40 41 46 48 
8 6 11 16 24 27 31 34 38 42 49 50 49 55 58 63 66 62 54 46 48 
8 6 11 16 24 27 31 34 38 42 49 50 49 55 58 56 59 61 41 46 48 
8 6 11 16 24 27 31 34 38 42 49 50 49 42 51 56 59 61 41 46 48 
8 6 11 16 24 27 31 34 38 42 49 50 49 55 58 63 66 62 61 41 46 48 
8 6 11 16 24 27 31 34 38 42 49 50 49 55 58 56 59 61 62 54 46 48 
8 6 11 16 24 27 31 34 38 42 49 50 49 42 51 56 59 61 62 54 46 48 
8 6 11 16 24 27 31 34 38 42 49 50 53 52 47 43 34 38 39 40 41 46 48 
8 6 11 16 24 30 33 39 38 42 49 50 49 42 38 39 40 41 46 48 
8 6 11 16 24 30 33 39 38 42 49 50 49 55 58 56 40 41 46 48 
8 6 11 16 24 30 33 39 38 42 49 50 49 42 51 56 40 41 46 48 
8 6 11 16 24 30 33 39 38 42 49 50 49 55 58 63 66 62 54 46 48 
8 6 11 16 24 30 33 39 38 42 49 50 49 55 58 56 59 61 41 46 48 
8 6 11 16 24 30 33 39 38 42 49 50 49 42 51 56 59 61 41 46 48 
8 6 11 16 24 30 33 39 38 42 49 50 49 55 58 63 66 62 61 41 46 48 
8 6 11 16 24 30 33 39 38 42 49 50 49 55 58 56 59 61 62 54 46 48 
8 6 11 16 24 30 33 39 38 42 49 50 49 42 51 56 59 61 62 54 46 48 
8 6 11 16 24 30 33 39 38 42 49 50 53 52 47 43 34 38 39 40 41 46 48 
8 10 12 11 16 24 30 33 39 38 42 49 50 49 42 38 39 40 41 46 48 
8 10 12 11 16 24 30 33 39 38 42 49 50 49 55 58 56 40 41 46 48 
8 10 12 11 16 24 30 33 39 38 42 49 50 49 42 51 56 40 41 46 48 
8 10 12 11 16 24 30 33 39 38 42 49 50 49 55 58 63 66 62 54 46 48 
8 10 12 11 16 24 30 33 39 38 42 49 50 49 55 58 56 59 61 41 46 48 
8 10 12 11 16 24 30 33 39 38 42 49 50 49 42 51 56 59 61 41 46 48 
8 10 12 11 16 24 30 33 39 38 42 49 50 49 55 58 63 66 62 61 41 46 48 
8 10 12 11 16 24 30 33 39 38 42 49 50 49 55 58 56 59 61 62 54 46 48 
8 10 12 11 16 24 30 33 39 38 42 49 50 49 42 51 56 59 61 62 54 46 48 
8 10 12 11 16 24 30 33 39 38 42 49 50 53 52 47 43 34 38 39 40 41 46 48 
8 10 12 11 16 24 27 31 34 38 42 49 50 49 42 38 39 40 41 46 48 
8 10 12 11 16 24 27 31 34 38 42 49 50 49 55 58 56 40 41 46 48 
8 10 12 11 16 24 27 31 34 38 42 49 50 49 42 51 56 40 41 46 48 
8 10 12 11 16 24 27 31 34 38 42 49 50 49 55 58 63 66 62 54 46 48 
8 10 12 11 16 24 27 31 34 38 42 49 50 49 55 58 56 59 61 41 46 48 
8 10 12 11 16 24 27 31 34 38 42 49 50 49 42 51 56 59 61 41 46 48 
8 10 12 11 16 24 27 31 34 38 42 49 50 49 55 58 63 66 62 61 41 46 48 
8 10 12 11 16 24 27 31 34 38 42 49 50 49 55 58 56 59 61 62 54 46 48 
8 10 12 11 16 24 27 31 34 38 42 49 50 49 42 51 56 59 61 62 54 46 48 
8 10 12 11 16 24 27 31 34 38 42 49 50 53 52 47 43 34 38 39 40 41 46 48 
---------------
Request id 19
39 38 42 51 56 40 32 28 25 18 13 3 6 8 
39 38 42 51 42 38 39 33 30 24 16 11 6 8 
39 38 42 51 56 40 32 28 25 18 13 11 6 8 
39 38 42 51 42 38 34 31 27 24 16 11 6 8 
39 38 42 51 56 40 39 33 30 24 16 11 6 8 
39 38 42 51 56 40 32 28 25 18 16 11 6 8 
39 38 42 51 56 40 32 28 26 23 24 16 11 6 8 
39 38 42 51 56 40 39 33 30 24 16 11 12 10 8 
39 38 42 51 56 40 32 28 25 18 13 11 12 10 8 
39 38 42 51 56 40 32 28 25 18 16 11 12 10 8 
39 40 56 51 56 40 32 28 25 18 13 3 6 8 
39 40 56 51 42 38 39 33 30 24 16 11 6 8 
39 40 56 51 56 40 32 28 25 18 13 11 6 8 
39 40 56 51 42 38 34 31 27 24 16 11 6 8 
39 40 56 51 56 40 39 33 30 24 16 11 6 8 
39 40 56 51 56 40 32 28 25 18 16 11 6 8 
39 40 56 51 56 40 32 28 26 23 24 16 11 6 8 
39 40 56 51 56 40 39 33 30 24 16 11 12 10 8 
39 40 56 51 56 40 32 28 25 18 13 11 12 10 8 
39 40 56 51 56 40 32 28 25 18 16 11 12 10 8 
39 40 41 61 59 56 51 56 40 32 28 25 18 13 3 6 8 
39 40 41 61 59 56 51 42 38 39 33 30 24 16 11 6 8 
39 40 41 61 59 56 51 56 40 32 28 25 18 13 11 6 8 
39 40 41 61 59 56 51 42 38 34 31 27 24 16 11 6 8 
39 40 41 61 59 56 51 56 40 39 33 30 24 16 11 6 8 
39 40 41 61 59 56 51 56 40 32 28 25 18 16 11 6 8 
39 40 41 61 59 56 51 56 40 32 28 26 23 24 16 11 6 8 
39 40 41 61 59 56 51 56 40 39 33 30 24 16 11 12 10 8 
39 40 41 61 59 56 51 56 40 32 28 25 18 13 11 12 10 8 
39 40 41 61 59 56 51 56 40 32 28 25 18 16 11 12 10 8 
39 40 56 58 55 49 42 51 56 40 32 28 25 18 13 3 6 8 
39 40 56 58 55 49 42 51 42 38 39 33 30 24 16 11 6 8 
39 40 56 58 55 49 42 51 56 40 32 28 25 18 13 11 6 8 
39 40 56 58 55 49 42 51 42 38 34 31 27 24 16 11 6 8 
39 40 56 58 55 49 42 51 56 40 39 33 30 24 16 11 6 8 
39 40 56 58 55 49 42 51 56 40 32 28 25 18 16 11 6 8 
39 40 56 58 55 49 42 51 56 40 32 28 26 23 24 16 11 6 8 
39 40 56 58 55 49 42 51 56 40 39 33 30 24 16 11 12 10 8 
39 40 56 58 55 49 42 51 56 40 32 28 25 18 13 11 12 10 8 
39 40 56 58 55 49 42 51 56 40 32 28 25 18 16 11 12 10 8 
---------------
Request id 3
41 40 39 38 34 43 47 52 53 50 49 55 58 56 59 56 40 39 33 30 24 16 
41 40 39 38 34 43 47 52 53 50 49 55 58 56 59 56 40 32 28 25 18 16 
41 40 39 38 34 43 47 52 53 50 49 55 58 56 59 61 41 40 32 28 25 18 16 
41 40 39 38 34 43 47 52 53 50 49 55 58 56 59 56 40 32 28 26 23 24 16 
41 40 39 38 34 43 47 52 53 50 49 55 58 56 59 61 41 40 39 33 30 24 16 
41 40 39 38 34 43 47 52 53 50 49 55 58 56 59 56 40 32 28 25 18 13 11 16 
41 40 39 38 34 43 47 52 53 50 49 55 58 56 59 56 40 39 38 34 31 27 24 16 
41 40 39 38 34 43 47 52 53 50 49 55 58 56 59 56 51 42 38 34 31 27 24 16 
41 40 39 38 34 43 47 52 53 50 49 55 58 56 59 61 41 40 32 28 26 23 24 16 
41 40 39 38 34 43 47 52 53 50 49 55 58 56 59 56 51 42 38 39 33 30 24 16 
41 40 39 38 34 43 47 52 53 50 49 42 51 56 59 56 40 39 33 30 24 16 
41 40 39 38 34 43 47 52 53 50 49 42 51 56 59 56 40 32 28 25 18 16 
41 40 39 38 34 43 47 52 53 50 49 42 51 56 59 61 41 40 32 28 25 18 16 
41 40 39 38 34 43 47 52 53 50 49 42 51 56 59 56 40 32 28 26 23 24 16 
41 40 39 38 34 43 47 52 53 50 49 42 51 56 59 61 41 40 39 33 30 24 16 
41 40 39 38 34 43 47 52 53 50 49 42 51 56 59 56 40 32 28 25 18 13 11 16 
41 40 39 38 34 43 47 52 53 50 49 42 51 56 59 56 40 39 38 34 31 27 24 16 
41 40 39 38 34 43 47 52 53 50 49 42 51 56 59 56 51 42 38 34 31 27 24 16 
41 40 39 38 34 43 47 52 53 50 49 42 51 56 59 61 41 40 32 28 26 23 24 16 
41 40 39 38 34 43 47 52 53 50 49 42 51 56 59 56 51 42 38 39 33 30 24 16 
41 40 39 38 34 43 47 52 47 43 34 38 42 51 56 59 56 40 39 33 30 24 16 
41 40 39 38 34 43 47 52 47 43 34 38 42 51 56 59 56 40 32 28 25 18 16 
41 40 39 38 34 43 47 52 47 43 34 38 42 51 56 59 61 41 40 32 28 25 18 16 
41 40 39 38 34 43 47 52 47 43 34 38 42 51 56 59 56 40 32 28 26 23 24 16 
41 40 39 38 34 43 47 52 47 43 34 38 42 51 56 59 61 41 40 39 33 30 24 16 
41 40 39 38 34 43 47 52 47 43 34 38 42 51 56 59 56 40 32 28 25 18 13 11 16 
41 40 39 38 34 43 47 52 47 43 34 38 42 51 56 59 56 40 39 38 34 31 27 24 16 
41 40 39 38 34 43 47 52 47 43 34 38 42 51 56 59 56 51 42 38 34 31 27 24 16 
41 40 39 38 34 43 47 52 47 43 34 38 42 51 56 59 61 41 40 32 28 26 23 24 16 
41 40 39 38 34 43 47 52 47 43 34 38 42 51 56 59 56 51 42 38 39 33 30 24 16 
41 40 39 38 34 43 47 52 47 43 34 38 39 40 56 59 56 40 39 33 30 24 16 
41 40 39 38 34 43 47 52 47 43 34 38 39 40 56 59 56 40 32 28 25 18 16 
41 40 39 38 34 43 47 52 47 43 34 38 39 40 56 59 61 41 40 32 28 25 18 16 
41 40 39 38 34 43 47 52 47 43 34 38 39 40 56 59 56 40 32 28 26 23 24 16 
41 40 39 38 34 43 47 52 47 43 34 38 39 40 56 59 61 41 40 39 33 30 24 16 
41 40 39 38 34 43 47 52 47 43 34 38 39 40 56 59 56 40 32 28 25 18 13 11 16 
41 40 39 38 34 43 47 52 47 43 34 38 39 40 56 59 56 40 39 38 34 31 27 24 16 
41 40 39 38 34 43 47 52 47 43 34 38 39 40 56 59 56 51 42 38 34 31 27 24 16 
41 40 39 38 34 43 47 52 47 43 34 38 39 40 56 59 61 41 40 32 28 26 23 24 16 
41 40 39 38 34 43 47 52 47 43 34 38 39 40 56 59 56 51 42 38 39 33 30 24 16 
---------------
Request id 7
16 24 27 31 34 43 47 52 53 50 49 42 51 56 59 56 40 39 
16 24 27 31 34 43 47 52 53 50 49 42 51 56 59 61 41 40 39 
16 24 27 31 34 43 47 52 53 50 49 42 51 56 59 56 51 42 38 39 
16 24 27 31 34 43 47 52 53 50 49 42 51 56 59 61 62 54 46 41 40 39 
16 24 27 31 34 43 47 52 53 50 49 42 51 56 59 56 58 55 49 42 38 39 
16 24 27 31 34 43 47 52 53 50 49 42 51 56 59 61 41 40 56 51 42 38 39 
16 24 27 31 34 43 47 52 53 50 49 42 51 56 59 61 62 66 63 58 56 40 39 
16 24 27 31 34 43 47 52 53 50 49 42 51 56 59 56 58 63 66 62 61 41 40 39 
16 24 27 31 34 43 47 52 53 50 49 42 51 56 59 61 62 66 63 58 55 49 42 38 39 
16 24 27 31 34 43 47 52 53 50 49 42 51 56 59 61 62 66 63 58 56 51 42 38 39 
16 24 27 31 34 43 47 52 53 50 49 55 58 56 59 56 40 39 
16 24 27 31 34 43 47 52 53 50 49 55 58 56 59 61 41 40 39 
16 24 27 31 34 43 47 52 53 50 49 55 58 56 59 56 51 42 38 39 
16 24 27 31 34 43 47 52 53 50 49 55 58 56 59 61 62 54 46 41 40 39 
16 24 27 31 34 43 47 52 53 50 49 55 58 56 59 56 58 55 49 42 38 39 
16 24 27 31 34 43 47 52 53 50 49 55 58 56 59 61 41 40 56 51 42 38 39 
16 24 27 31 34 43 47 52 53 50 49 55 58 56 59 61 62 66 63 58 56 40 39 
16 24 27 31 34 43 47 52 53 50 49 55 58 56 59 56 58 63 66 62 61 41 40 39 
16 24 27 31 34 43 47 52 53 50 49 55 58 56 59 61 62 66 63 58 55 49 42 38 39 
16 24 27 31 34 43 47 52 53 50 49 55 58 56 59 61 62 66 63 58 56 51 42 38 39 
16 24 27 31 34 43 47 52 47 43 34 38 39 40 56 59 56 40 39 
16 24 27 31 34 43 47 52 47 43 34 38 39 40 56 59 61 41 40 39 
16 24 27 31 34 43 47 52 47 43 34 38 39 40 56 59 56 51 42 38 39 
16 24 27 31 34 43 47 52 47 43 34 38 39 40 56 59 61 62 54 46 41 40 39 
16 24 27 31 34 43 47 52 47 43 34 38 39 40 56 59 56 58 55 49 42 38 39 
16 24 27 31 34 43 47 52 47 43 34 38 39 40 56 59 61 41 40 56 51 42 38 39 
16 24 27 31 34 43 47 52 47 43 34 38 39 40 56 59 61 62 66 63 58 56 40 39 
16 24 27 31 34 43 47 52 47 43 34 38 39 40 56 59 56 58 63 66 62 61 41 40 39 
16 24 27 31 34 43 47 52 47 43 34 38 39 40 56 59 61 62 66 63 58 55 49 42 38 39 
16 24 27 31 34 43 47 52 47 43 34 38 39 40 56 59 61 62 66 63 58 56 51 42 38 39 
16 24 27 31 34 43 47 52 47 43 34 38 42 51 56 59 56 40 39 
16 24 27 31 34 43 47 52 47 43 34 38 42 51 56 59 61 41 40 39 
16 24 27 31 34 43 47 52 47 43 34 38 42 51 56 59 56 51 42 38 39 
16 24 27 31 34 43 47 52 47 43 34 38 42 51 56 59 61 62 54 46 41 40 39 
16 24 27 31 34 43 47 52 47 43 34 38 42 51 56 59 56 58 55 49 42 38 39 
16 24 27 31 34 43 47 52 47 43 34 38 42 51 56 59 61 41 40 56 51 42 38 39 
16 24 27 31 34 43 47 52 47 43 34 38 42 51 56 59 61 62 66 63 58 56 40 39 
16 24 27 31 34 43 47 52 47 43 34 38 42 51 56 59 56 58 63 66 62 61 41 40 39 
16 24 27 31 34 43 47 52 47 43 34 38 42 51 56 59 61 62 66 63 58 55 49 42 38 39 
16 24 27 31 34 43 47 52 47 43 34 38 42 51 56 59 61 62 66 63 58 56 51 42 38 39 
---------------
Request id 18
2 9 15 19 29 36 37 35 32 40 56 51 42 38 34 43 47 43 34 
2 9 15 19 29 36 37 35 32 40 56 51 42 38 34 43 47 52 53 50 49 42 38 34 
2 9 15 19 29 36 37 35 32 40 56 51 42 38 34 43 47 52 53 50 49 55 58 56 51 42 38 34 
2 9 15 19 29 36 37 35 32 40 56 51 42 38 34 43 47 52 53 50 49 42 51 56 40 39 38 34 
2 9 15 19 29 36 37 35 32 40 56 51 42 38 34 43 47 52 53 50 49 55 58 56 40 39 38 34 
2 9 15 19 29 36 37 35 32 40 56 51 42 38 34 43 47 52 53 50 49 42 38 39 33 30 24 27 31 34 
2 9 15 19 29 36 37 35 32 40 56 51 42 38 34 43 47 52 53 50 49 42 51 56 59 61 41 40 39 38 34 
2 9 15 19 29 36 37 35 32 40 56 51 42 38 34 43 47 52 53 50 49 55 58 56 59 61 41 40 39 38 34 
2 9 15 19 29 36 37 35 32 40 56 51 42 38 34 43 47 52 53 50 49 55 58 56 40 39 33 30 24 27 31 34 
2 9 15 19 29 36 37 35 32 40 56 51 42 38 34 43 47 52 53 50 49 42 51 56 40 39 33 30 24 27 31 34 
2 9 15 19 29 36 37 35 32 40 56 51 42 49 50 53 52 47 43 34 
2 9 15 19 29 36 37 35 32 40 56 51 42 49 50 53 52 47 52 53 50 49 42 38 34 
2 9 15 19 29 36 37 35 32 40 56 51 42 49 50 53 52 47 52 53 50 49 55 58 56 51 42 38 34 
2 9 15 19 29 36 37 35 32 40 56 51 42 49 50 53 52 47 52 53 50 49 42 51 56 40 39 38 34 
2 9 15 19 29 36 37 35 32 40 56 51 42 49 50 53 52 47 52 53 50 49 55 58 56 40 39 38 34 
2 9 15 19 29 36 37 35 32 40 56 51 42 49 50 53 52 47 52 53 50 49 42 38 39 33 30 24 27 31 34 
2 9 15 19 29 36 37 35 32 40 56 51 42 49 50 53 52 47 52 53 50 49 42 51 56 59 61 41 40 39 38 34 
2 9 15 19 29 36 37 35 32 40 56 51 42 49 50 53 52 47 52 53 50 49 55 58 56 59 61 41 40 39 38 34 
2 9 15 19 29 36 37 35 32 40 56 51 42 49 50 53 52 47 52 53 50 49 55 58 56 40 39 33 30 24 27 31 34 
2 9 15 19 29 36 37 35 32 40 56 51 42 49 50 53 52 47 52 53 50 49 42 51 56 40 39 33 30 24 27 31 34 
2 9 15 19 29 36 37 35 32 40 56 51 56 40 39 38 34 43 47 43 34 
2 9 15 19 29 36 37 35 32 40 56 51 56 40 39 38 34 43 47 52 53 50 49 42 38 34 
2 9 15 19 29 36 37 35 32 40 56 51 56 40 39 38 34 43 47 52 53 50 49 55 58 56 51 42 38 34 
2 9 15 19 29 36 37 35 32 40 56 51 56 40 39 38 34 43 47 52 53 50 49 42 51 56 40 39 38 34 
2 9 15 19 29 36 37 35 32 40 56 51 56 40 39 38 34 43 47 52 53 50 49 55 58 56 40 39 38 34 
2 9 15 19 29 36 37 35 32 40 56 51 56 40 39 38 34 43 47 52 53 50 49 42 38 39 33 30 24 27 31 34 
2 9 15 19 29 36 37 35 32 40 56 51 56 40 39 38 34 43 47 52 53 50 49 42 51 56 59 61 41 40 39 38 34 
2 9 15 19 29 36 37 35 32 40 56 51 56 40 39 38 34 43 47 52 53 50 49 55 58 56 59 61 41 40 39 38 34 
2 9 15 19 29 36 37 35 32 40 56 51 56 40 39 38 34 43 47 52 53 50 49 55 58 56 40 39 33 30 24 27 31 34 
2 9 15 19 29 36 37 35 32 40 56 51 56 40 39 38 34 43 47 52 53 50 49 42 51 56 40 39 33 30 24 27 31 34 
2 9 15 19 29 36 37 35 32 40 56 51 56 58 55 49 50 53 52 47 43 34 
2 9 15 19 29 36 37 35 32 40 56 51 56 58 55 49 50 53 52 47 52 53 50 49 42 38 34 
2 9 15 19 29 36 37 35 32 40 56 51 56 58 55 49 50 53 52 47 52 53 50 49 55 58 56 51 42 38 34 
2 9 15 19 29 36 37 35 32 40 56 51 56 58 55 49 50 53 52 47 52 53 50 49 42 51 56 40 39 38 34 
2 9 15 19 29 36 37 35 32 40 56 51 56 58 55 49 50 53 52 47 52 53 50 49 55 58 56 40 39 38 34 
2 9 15 19 29 36 37 35 32 40 56 51 56 58 55 49 50 53 52 47 52 53 50 49 42 38 39 33 30 24 27 31 34 
2 9 15 19 29 36 37 35 32 40 56 51 56 58 55 49 50 53 52 47 52 53 50 49 42 51 56 59 61 41 40 39 38 34 
2 9 15 19 29 36 37 35 32 40 56 51 56 58 55 49 50 53 52 47 52 53 50 49 55 58 56 59 61 41 40 39 38 34 
2 9 15 19 29 36 37 35 32 40 56 51 56 58 55 49 50 53 52 47 52 53 50 49 55 58 56 40 39 33 30 24 27 31 34 
2 9 15 19 29 36 37 35 32 40 56 51 56 58 55 49 50 53 52 47 52 53 50 49 42 51 56 40 39 33 30 24 27 31 34 
---------------
Request id 2
14 17 16 24 27 31 34 38 39 40 41 
14 17 16 24 27 31 27 24 30 33 39 40 41 
14 17 16 24 27 31 34 38 42 51 56 40 41 
14 17 16 24 27 31 34 38 39 40 56 59 61 41 
14 17 16 24 27 31 34 38 42 51 56 59 61 41 
14 17 16 24 27 31 27 24 23 26 28 32 40 41 
14 17 16 24 27 31 34 38 42 49 55 58 56 40 41 
14 17 16 24 27 31 27 24 16 18 25 28 32 40 41 
14 17 16 24 27 31 27 24 30 33 39 40 56 59 61 41 
14 17 16 24 27 31 34 38 42 49 55 58 56 59 61 41 
14 17 20 24 27 31 34 38 39 40 41 
14 17 20 24 27 31 27 24 30 33 39 40 41 
14 17 20 24 27 31 34 38 42 51 56 40 41 
14 17 20 24 27 31 34 38 39 40 56 59 61 41 
14 17 20 24 27 31 34 38 42 51 56 59 61 41 
14 17 20 24 27 31 27 24 23 26 28 32 40 41 
14 17 20 24 27 31 34 38 42 49 55 58 56 40 41 
14 17 20 24 27 31 27 24 16 18 25 28 32 40 41 
14 17 20 24 27 31 27 24 30 33 39 40 56 59 61 41 
14 17 20 24 27 31 34 38 42 49 55 58 56 59 61 41 
14 17 21 22 27 31 34 38 39 40 41 
14 17 21 22 27 31 27 24 30 33 39 40 41 
14 17 21 22 27 31 34 38 42 51 56 40 41 
14 17 21 22 27 31 34 38 39 40 56 59 61 41 
14 17 21 22 27 31 34 38 42 51 56 59 61 41 
14 17 21 22 27 31 27 24 23 26 28 32 40 41 
14 17 21 22 27 31 34 38 42 49 55 58 56 40 41 
14 17 21 22 27 31 27 24 16 18 25 28 32 40 41 
14 17 21 22 27 31 27 24 30 33 39 40 56 59 61 41 
14 17 21 22 27 31 34 38 42 49 55 58 56 59 61 41 
14 12 11 16 24 27 31 34 38 39 40 41 
14 12 11 16 24 27 31 27 24 30 33 39 40 41 
14 12 11 16 24 27 31 34 38 42 51 56 40 41 
14 12 11 16 24 27 31 34 38 39 40 56 59 61 41 
14 12 11 16 24 27 31 34 38 42 51 56 59 61 41 
14 12 11 16 24 27 31 27 24 23 26 28 32 40 41 
14 12 11 16 24 27 31 34 38 42 49 55 58 56 40 41 
14 12 11 16 24 27 31 27 24 16 18 25 28 32 40 41 
14 12 11 16 24 27 31 27 24 30 33 39 40 56 59 61 41 
14 12 11 16 24 27 31 34 38 42 49 55 58 56 59 61 41 
---------------
Request id 11
1 3 13 18 25 29 36 37 35 32 40 56 
1 3 13 18 25 29 36 29 25 28 32 40 56 
1 3 13 18 25 29 36 37 35 32 40 41 61 59 56 
1 3 13 18 25 29 36 37 45 44 48 46 41 40 56 
1 3 13 18 25 29 36 29 25 28 32 40 41 61 59 56 
1 3 13 18 25 29 36 29 19 15 18 25 28 32 40 56 
1 3 13 18 25 29 36 37 45 44 48 46 41 61 59 56 
1 3 13 18 25 29 36 37 35 32 40 39 38 42 51 56 
1 3 13 18 25 29 36 37 45 44 48 46 54 62 61 59 56 
1 3 13 18 25 29 36 29 25 18 16 24 30 33 39 40 56 
1 3 13 18 15 19 29 36 37 35 32 40 56 
1 3 13 18 15 19 29 36 29 25 28 32 40 56 
1 3 13 18 15 19 29 36 37 35 32 40 41 61 59 56 
1 3 13 18 15 19 29 36 37 45 44 48 46 41 40 56 
1 3 13 18 15 19 29 36 29 25 28 32 40 41 61 59 56 
1 3 13 18 15 19 29 36 29 19 15 18 25 28 32 40 56 
1 3 13 18 15 19 29 36 37 45 44 48 46 41 61 59 56 
1 3 13 18 15 19 29 36 37 35 32 40 39 38 42 51 56 
1 3 13 18 15 19 29 36 37 45 44 48 46 54 62 61 59 56 
1 3 13 18 15 19 29 36 29 25 18 16 24 30 33 39 40 56 
1 3 5 0 13 18 25 29 36 37 35 32 40 56 
1 3 5 0 13 18 25 29 36 29 25 28 32 40 56 
1 3 5 0 13 18 25 29 36 37 35 32 40 41 61 59 56 
1 3 5 0 13 18 25 29 36 37 45 44 48 46 41 40 56 
1 3 5 0 13 18 25 29 36 29 25 28 32 40 41 61 59 56 
1 3 5 0 13 18 25 29 36 29 19 15 18 25 28 32 40 56 
1 3 5 0 13 18 25 29 36 37 45 44 48 46 41 61 59 56 
1 3 5 0 13 18 25 29 36 37 35 32 40 39 38 42 51 56 
1 3 5 0 13 18 25 29 36 37 45 44 48 46 54 62 61 59 56 
1 3 5 0 13 18 25 29 36 29 25 18 16 24 30 33 39 40 56 
1 3 13 11 16 18 25 29 36 37 35 32 40 56 
1 3 13 11 16 18 25 29 36 29 25 28 32 40 56 
1 3 13 11 16 18 25 29 36 37 35 32 40 41 61 59 56 
1 3 13 11 16 18 25 29 36 37 45 44 48 46 41 40 56 
1 3 13 11 16 18 25 29 36 29 25 28 32 40 41 61 59 56 
1 3 13 11 16 18 25 29 36 29 19 15 18 25 28 32 40 56 
1 3 13 11 16 18 25 29 36 37 45 44 48 46 41 61 59 56 
1 3 13 11 16 18 25 29 36 37 35 32 40 39 38 42 51 56 
1 3 13 11 16 18 25 29 36 37 45 44 48 46 54 62 61 59 56 
1 3 13 11 16 18 25 29 36 29 25 18 16 24 30 33 39 40 56 
---------------
Request id 13
21 17 16 18 25 28 32 35 32 28 25 18 15 
21 17 16 18 25 28 32 35 37 36 29 19 15 
21 17 16 18 25 28 32 35 32 28 25 29 19 15 
21 17 16 18 25 28 32 35 37 36 29 25 18 15 
21 17 16 18 25 28 32 35 32 28 26 23 24 16 18 15 
21 17 16 18 25 28 32 35 32 28 25 18 13 0 2 9 15 
21 17 16 18 25 28 32 35 32 40 39 33 30 24 16 18 15 
21 17 16 18 25 28 32 35 37 36 29 25 18 13 0 2 9 15 
21 17 16 18 25 28 32 35 32 28 26 23 24 20 17 16 18 15 
21 17 16 18 25 28 32 35 32 28 26 23 24 16 11 13 18 15 
21 22 27 24 23 26 28 32 35 32 28 25 18 15 
21 22 27 24 23 26 28 32 35 37 36 29 19 15 
21 22 27 24 23 26 28 32 35 32 28 25 29 19 15 
21 22 27 24 23 26 28 32 35 37 36 29 25 18 15 
21 22 27 24 23 26 28 32 35 32 28 26 23 24 16 18 15 
21 22 27 24 23 26 28 32 35 32 28 25 18 13 0 2 9 15 
21 22 27 24 23 26 28 32 35 32 40 39 33 30 24 16 18 15 
21 22 27 24 23 26 28 32 35 37 36 29 25 18 13 0 2 9 15 
21 22 27 24 23 26 28 32 35 32 28 26 23 24 20 17 16 18 15 
21 22 27 24 23 26 28 32 35 32 28 26 23 24 16 11 13 18 15 
21 17 20 24 23 26 28 32 35 32 28 25 18 15 
21 17 20 24 23 26 28 32 35 37 36 29 19 15 
21 17 20 24 23 26 28 32 35 32 28 25 29 19 15 
21 17 20 24 23 26 28 32 35 37 36 29 25 18 15 
21 17 20 24 23 26 28 32 35 32 28 26 23 24 16 18 15 
21 17 20 24 23 26 28 32 35 32 28 25 18 13 0 2 9 15 
21 17 20 24 23 26 28 32 35 32 40 39 33 30 24 16 18 15 
21 17 20 24 23 26 28 32 35 37 36 29 25 18 13 0 2 9 15 
21 17 20 24 23 26 28 32 35 32 28 26 23 24 20 17 16 18 15 
21 17 20 24 23 26 28 32 35 32 28 26 23 24 16 11 13 18 15 
21 17 16 18 25 29 36 37 35 32 28 25 18 15 
21 17 16 18 25 29 36 37 35 37 36 29 19 15 
21 17 16 18 25 29 36 37 35 32 28 25 29 19 15 
21 17 16 18 25 29 36 37 35 37 36 29 25 18 15 
21 17 16 18 25 29 36 37 35 32 28 26 23 24 16 18 15 
21 17 16 18 25 29 36 37 35 32 28 25 18 13 0 2 9 15 
21 17 16 18 25 29 36 37 35 32 40 39 33 30 24 16 18 15 
21 17 16 18 25 29 36 37 35 37 36 29 25 18 13 0 2 9 15 
21 17 16 18 25 29 36 37 35 32 28 26 23 24 20 17 16 18 15 
21 17 16 18 25 29 36 37 35 32 28 26 23 24 16 11 13 18 15 
---------------
Request id 4
11 16 24 27 31 34 43 47 52 47 43 34 38 39 40 41 46 
11 16 24 27 31 34 43 47 52 53 50 49 55 58 56 40 41 46 
11 16 24 27 31 34 43 47 52 53 50 49 42 51 56 40 41 46 
11 16 24 27 31 34 43 47 52 53 50 49 42 38 39 40 41 46 
11 16 24 27 31 34 43 47 52 53 50 49 55 58 56 59 61 41 46 
11 16 24 27 31 34 43 47 52 53 50 49 42 51 56 59 61 41 46 
11 16 24 27 31 34 43 47 52 53 50 49 55 58 63 66 62 54 46 
11 16 24 27 31 34 43 47 52 47 43 34 38 42 51 56 40 41 46 
11 16 24 27 31 34 43 47 52 47 43 34 38 39 40 56 59 61 41 46 
11 16 24 27 31 34 43 47 52 53 50 49 55 58 56 59 61 62 54 46 
11 13 18 16 24 27 31 34 43 47 52 47 43 34 38 39 40 41 46 
11 13 18 16 24 27 31 34 43 47 52 53 50 49 55 58 56 40 41 46 
11 13 18 16 24 27 31 34 43 47 52 53 50 49 42 51 56 40 41 46 
11 13 18 16 24 27 31 34 43 47 52 53 50 49 42 38 39 40 41 46 
11 13 18 16 24 27 31 34 43 47 52 53 50 49 55 58 56 59 61 41 46 
11 13 18 16 24 27 31 34 43 47 52 53 50 49 42 51 56 59 61 41 46 
11 13 18 16 24 27 31 34 43 47 52 53 50 49 55 58 63 66 62 54 46 
11 13 18 16 24 27 31 34 43 47 52 47 43 34 38 42 51 56 40 41 46 
11 13 18 16 24 27 31 34 43 47 52 47 43 34 38 39 40 56 59 61 41 46 
11 13 18 16 24 27 31 34 43 47 52 53 50 49 55 58 56 59 61 62 54 46 
11 16 17 21 22 27 31 34 43 47 52 47 43 34 38 39 40 41 46 
11 16 17 21 22 27 31 34 43 47 52 53 50 49 55 58 56 40 41 46 
11 16 17 21 22 27 31 34 43 47 52 53 50 49 42 51 56 40 41 46 
11 16 17 21 22 27 31 34 43 47 52 53 50 49 42 38 39 40 41 46 
11 16 17 21 22 27 31 34 43 47 52 53 50 49 55 58 56 59 61 41 46 
11 16 17 21 22 27 31 34 43 47 52 53 50 49 42 51 56 59 61 41 46 
11 16 17 21 22 27 31 34 43 47 52 53 50 49 55 58 63 66 62 54 46 
11 16 17 21 22 27 31 34 43 47 52 47 43 34 38 42 51 56 40 41 46 
11 16 17 21 22 27 31 34 43 47 52 47 43 34 38 39 40 56 59 61 41 46 
11 16 17 21 22 27 31 34 43 47 52 53 50 49 55 58 56 59 61 62 54 46 
11 16 24 30 33 39 38 34 43 47 52 47 43 34 38 39 40 41 46 
11 16 24 30 33 39 38 34 43 47 52 53 50 49 55 58 56 40 41 46 
11 16 24 30 33 39 38 34 43 47 52 53 50 49 42 51 56 40 41 46 
11 16 24 30 33 39 38 34 43 47 52 53 50 49 42 38 39 40 41 46 
11 16 24 30 33 39 38 34 43 47 52 53 50 49 55 58 56 59 61 41 46 
11 16 24 30 33 39 38 34 43 47 52 53 50 49 42 51 56 59 61 41 46 
11 16 24 30 33 39 38 34 43 47 52 53 50 49 55 58 63 66 62 54 46 
11 16 24 30 33 39 38 34 43 47 52 47 43 34 38 42 51 56 40 41 46 
11 16 24 30 33 39 38 34 43 47 52 47 43 34 38 39 40 56 59 61 41 46 
11 16 24 30 33 39 38 34 43 47 52 53 50 49 55 58 56 59 61 62 54 46 
---------------
Request id 16
20 24 27 31 34 43 47 52 47 43 34 31 34 38 39 40 41 46 48 
20 24 27 31 34 43 47 52 47 43 34 31 27 24 30 33 39 40 41 46 48 
20 24 27 31 34 43 47 52 47 43 34 31 34 38 42 51 56 40 41 46 48 
20 24 27 31 34 43 47 52 47 43 34 31 34 38 39 40 56 59 61 41 46 48 
20 24 27 31 34 43 47 52 47 43 34 31 27 24 23 26 28 32 40 41 46 48 
20 24 27 31 34 43 47 52 47 43 34 31 34 38 39 40 32 35 37 45 44 48 
20 24 27 31 34 43 47 52 47 43 34 31 34 38 39 40 41 61 62 54 46 48 
20 24 27 31 34 43 47 52 47 43 34 31 34 38 42 51 56 59 61 41 46 48 
20 24 27 31 34 43 47 52 47 43 34 31 34 38 39 40 56 59 61 62 54 46 48 
20 24 27 31 34 43 47 52 47 43 34 31 27 24 16 18 25 28 32 40 41 46 48 
20 24 27 31 34 43 47 52 53 50 49 42 38 34 31 34 38 39 40 41 46 48 
20 24 27 31 34 43 47 52 53 50 49 42 38 34 31 27 24 30 33 39 40 41 46 48 
20 24 27 31 34 43 47 52 53 50 49 42 38 34 31 34 38 42 51 56 40 41 46 48 
20 24 27 31 34 43 47 52 53 50 49 42 38 34 31 34 38 39 40 56 59 61 41 46 48 
20 24 27 31 34 43 47 52 53 50 49 42 38 34 31 27 24 23 26 28 32 40 41 46 48 
20 24 27 31 34 43 47 52 53 50 49 42 38 34 31 34 38 39 40 32 35 37 45 44 48 
20 24 27 31 34 43 47 52 53 50 49 42 38 34 31 34 38 39 40 41 61 62 54 46 48 
20 24 27 31 34 43 47 52 53 50 49 42 38 34 31 34 38 42 51 56 59 61 41 46 48 
20 24 27 31 34 43 47 52 53 50 49 42 38 34 31 34 38 39 40 56 59 61 62 54 46 48 
20 24 27 31 34 43 47 52 53 50 49 42 38 34 31 27 24 16 18 25 28 32 40 41 46 48 
20 24 27 31 34 43 47 52 47 43 34 38 39 33 30 24 27 31 34 38 39 40 41 46 48 
20 24 27 31 34 43 47 52 47 43 34 38 39 33 30 24 27 31 27 24 30 33 39 40 41 46 48 
20 24 27 31 34 43 47 52 47 43 34 38 39 33 30 24 27 31 34 38 42 51 56 40 41 46 48 
20 24 27 31 34 43 47 52 47 43 34 38 39 33 30 24 27 31 34 38 39 40 56 59 61 41 46 48 
20 24 27 31 34 43 47 52 47 43 34 38 39 33 30 24 27 31 27 24 23 26 28 32 40 41 46 48 
20 24 27 31 34 43 47 52 47 43 34 38 39 33 30 24 27 31 34 38 39 40 32 35 37 45 44 48 
20 24 27 31 34 43 47 52 47 43 34 38 39 33 30 24 27 31 34 38 39 40 41 61 62 54 46 48 
20 24 27 31 34 43 47 52 47 43 34 38 39 33 30 24 27 31 34 38 42 51 56 59 61 41 46 48 
20 24 27 31 34 43 47 52 47 43 34 38 39 33 30 24 27 31 34 38 39 40 56 59 61 62 54 46 48 
20 24 27 31 34 43 47 52 47 43 34 38 39 33 30 24 27 31 27 24 16 18 25 28 32 40 41 46 48 
20 24 27 31 34 43 47 52 53 50 49 42 38 39 33 30 24 27 31 34 38 39 40 41 46 48 
20 24 27 31 34 43 47 52 53 50 49 42 38 39 33 30 24 27 31 27 24 30 33 39 40 41 46 48 
20 24 27 31 34 43 47 52 53 50 49 42 38 39 33 30 24 27 31 34 38 42 51 56 40 41 46 48 
20 24 27 31 34 43 47 52 53 50 49 42 38 39 33 30 24 27 31 34 38 39 40 56 59 61 41 46 48 
20 24 27 31 34 43 47 52 53 50 49 42 38 39 33 30 24 27 31 27 24 23 26 28 32 40 41 46 48 
20 24 27 31 34 43 47 52 53 50 49 42 38 39 33 30 24 27 31 34 38 39 40 32 35 37 45 44 48 
20 24 27 31 34 43 47 52 53 50 49 42 38 39 33 30 24 27 31 34 38 39 40 41 61 62 54 46 48 
20 24 27 31 34 43 47 52 53 50 49 42 38 39 33 30 24 27 31 34 38 42 51 56 59 61 41 46 48 
20 24 27 31 34 43 47 52 53 50 49 42 38 39 33 30 24 27 31 34 38 39 40 56 59 61 62 54 46 48 
20 24 27 31 34 43 47 52 53 50 49 42 38 39 33 30 24 27 31 27 24 16 18 25 28 32 40 41 46 48 
---------------
Request id 1
64 65 54 62 66 63 58 55 49 50 53 52 47 43 34 31 27 22 21 
64 65 54 62 66 63 58 55 49 50 53 52 47 43 34 31 27 24 20 17 21 
64 65 54 62 66 63 58 55 49 50 53 52 47 43 34 31 27 24 16 17 21 
64 65 54 62 66 63 58 55 49 50 53 52 53 50 49 42 38 34 31 27 22 21 
64 65 54 62 66 63 58 55 49 50 53 52 47 43 34 38 39 33 30 24 27 22 21 
64 65 54 62 66 63 58 55 49 50 53 52 47 43 34 38 39 33 30 24 20 17 21 
64 65 54 62 66 63 58 55 49 50 53 52 47 43 34 38 39 33 30 24 16 17 21 
64 65 54 62 66 63 58 55 49 50 53 52 47 43 34 31 27 24 16 11 12 14 17 21 
64 65 54 62 66 63 58 55 49 50 53 52 53 50 49 42 38 39 33 30 24 16 17 21 
64 65 54 62 66 63 58 55 49 50 53 52 53 50 49 42 38 34 31 27 24 20 17 21 
64 65 68 67 66 63 58 55 49 50 53 52 47 43 34 31 27 22 21 
64 65 68 67 66 63 58 55 49 50 53 52 47 43 34 31 27 24 20 17 21 
64 65 68 67 66 63 58 55 49 50 53 52 47 43 34 31 27 24 16 17 21 
64 65 68 67 66 63 58 55 49 50 53 52 53 50 49 42 38 34 31 27 22 21 
64 65 68 67 66 63 58 55 49 50 53 52 47 43 34 38 39 33 30 24 27 22 21 
64 65 68 67 66 63 58 55 49 50 53 52 47 43 34 38 39 33 30 24 20 17 21 
64 65 68 67 66 63 58 55 49 50 53 52 47 43 34 38 39 33 30 24 16 17 21 
64 65 68 67 66 63 58 55 49 50 53 52 47 43 34 31 27 24 16 11 12 14 17 21 
64 65 68 67 66 63 58 55 49 50 53 52 53 50 49 42 38 39 33 30 24 16 17 21 
64 65 68 67 66 63 58 55 49 50 53 52 53 50 49 42 38 34 31 27 24 20 17 21 
64 65 54 46 41 40 39 38 34 43 47 52 47 43 34 31 27 22 21 
64 65 54 46 41 40 39 38 34 43 47 52 47 43 34 31 27 24 20 17 21 
64 65 54 46 41 40 39 38 34 43 47 52 47 43 34 31 27 24 16 17 21 
64 65 54 46 41 40 39 38 34 43 47 52 53 50 49 42 38 34 31 27 22 21 
64 65 54 46 41 40 39 38 34 43 47 52 47 43 34 38 39 33 30 24 27 22 21 
64 65 54 46 41 40 39 38 34 43 47 52 47 43 34 38 39 33 30 24 20 17 21 
64 65 54 46 41 40 39 38 34 43 47 52 47 43 34 38 39 33 30 24 16 17 21 
64 65 54 46 41 40 39 38 34 43 47 52 47 43 34 31 27 24 16 11 12 14 17 21 
64 65 54 46 41 40 39 38 34 43 47 52 53 50 49 42 38 39 33 30 24 16 17 21 
64 65 54 46 41 40 39 38 34 43 47 52 53 50 49 42 38 34 31 27 24 20 17 21 
64 60 57 48 46 41 40 39 38 34 43 47 52 47 43 34 31 27 22 21 
64 60 57 48 46 41 40 39 38 34 43 47 52 47 43 34 31 27 24 20 17 21 
64 60 57 48 46 41 40 39 38 34 43 47 52 47 43 34 31 27 24 16 17 21 
64 60 57 48 46 41 40 39 38 34 43 47 52 53 50 49 42 38 34 31 27 22 21 
64 60 57 48 46 41 40 39 38 34 43 47 52 47 43 34 38 39 33 30 24 27 22 21 
64 60 57 48 46 41 40 39 38 34 43 47 52 47 43 34 38 39 33 30 24 20 17 21 
64 60 57 48 46 41 40 39 38 34 43 47 52 47 43 34 38 39 33 30 24 16 17 21 
64 60 57 48 46 41 40 39 38 34 43 47 52 47 43 34 31 27 24 16 11 12 14 17 21 
64 60 57 48 46 41 40 39 38 34 43 47 52 53 50 49 42 38 39 33 30 24 16 17 21 
64 60 57 48 46 41 40 39 38 34 43 47 52 53 50 49 42 38 34 31 27 24 20 17 21 
---------------
Request id 5
56 58 63 58 56 40 39 33 30 24 16 11 6 8 
56 58 63 58 56 40 39 33 30 24 16 11 12 10 8 
56 58 63 58 56 40 39 33 30 24 20 17 14 12 10 8 
56 58 63 58 56 40 39 33 30 24 16 11 13 3 6 8 
56 58 63 58 56 40 39 33 30 24 20 17 16 11 6 8 
56 58 63 58 56 40 39 33 30 24 16 18 13 3 6 8 
56 58 63 58 56 40 39 33 30 24 16 17 14 12 10 8 
56 58 63 58 56 40 39 33 30 24 16 18 13 11 6 8 
56 58 63 58 56 40 39 33 30 24 20 17 14 12 11 6 8 
56 58 63 58 56 40 39 33 30 24 16 17 14 12 11 6 8 
56 58 63 66 62 61 41 40 39 33 30 24 16 11 6 8 
56 58 63 66 62 61 41 40 39 33 30 24 16 11 12 10 8 
56 58 63 66 62 61 41 40 39 33 30 24 20 17 14 12 10 8 
56 58 63 66 62 61 41 40 39 33 30 24 16 11 13 3 6 8 
56 58 63 66 62 61 41 40 39 33 30 24 20 17 16 11 6 8 
56 58 63 66 62 61 41 40 39 33 30 24 16 18 13 3 6 8 
56 58 63 66 62 61 41 40 39 33 30 24 16 17 14 12 10 8 
56 58 63 66 62 61 41 40 39 33 30 24 16 18 13 11 6 8 
56 58 63 66 62 61 41 40 39 33 30 24 20 17 14 12 11 6 8 
56 58 63 66 62 61 41 40 39 33 30 24 16 17 14 12 11 6 8 
56 58 63 58 55 49 42 38 39 33 30 24 16 11 6 8 
56 58 63 58 55 49 42 38 39 33 30 24 16 11 12 10 8 
56 58 63 58 55 49 42 38 39 33 30 24 20 17 14 12 10 8 
56 58 63 58 55 49 42 38 39 33 30 24 16 11 13 3 6 8 
56 58 63 58 55 49 42 38 39 33 30 24 20 17 16 11 6 8 
56 58 63 58 55 49 42 38 39 33 30 24 16 18 13 3 6 8 
56 58 63 58 55 49 42 38 39 33 30 24 16 17 14 12 10 8 
56 58 63 58 55 49 42 38 39 33 30 24 16 18 13 11 6 8 
56 58 63 58 55 49 42 38 39 33 30 24 20 17 14 12 11 6 8 
56 58 63 58 55 49 42 38 39 33 30 24 16 17 14 12 11 6 8 
56 58 63 58 56 51 42 38 39 33 30 24 16 11 6 8 
56 58 63 58 56 51 42 38 39 33 30 24 16 11 12 10 8 
56 58 63 58 56 51 42 38 39 33 30 24 20 17 14 12 10 8 
56 58 63 58 56 51 42 38 39 33 30 24 16 11 13 3 6 8 
56 58 63 58 56 51 42 38 39 33 30 24 20 17 16 11 6 8 
56 58 63 58 56 51 42 38 39 33 30 24 16 18 13 3 6 8 
56 58 63 58 56 51 42 38 39 33 30 24 16 17 14 12 10 8 
56 58 63 58 56 51 42 38 39 33 30 24 16 18 13 11 6 8 
56 58 63 58 56 51 42 38 39 33 30 24 20 17 14 12 11 6 8 
56 58 63 58 56 51 42 38 39 33 30 24 16 17 14 12 11 6 8 
---------------
Request id 17
6 11 16 18 25 28 32 35 32 40 56 58 55 49 50 49 55 58 56 40 32 28 25 
6 11 16 18 25 28 32 35 32 40 56 58 55 49 50 49 42 51 56 40 32 28 25 
6 11 16 18 25 28 32 35 32 40 56 58 55 49 50 49 42 38 39 40 32 28 25 
6 11 16 18 25 28 32 35 32 40 56 58 55 49 50 49 42 38 34 31 27 24 16 18 25 
6 11 16 18 25 28 32 35 32 40 56 58 55 49 50 49 42 38 39 33 30 24 16 18 25 
6 11 16 18 25 28 32 35 32 40 56 58 55 49 50 49 55 58 56 59 61 41 40 32 28 25 
6 11 16 18 25 28 32 35 32 40 56 58 55 49 50 49 42 51 56 59 61 41 40 32 28 25 
6 11 16 18 25 28 32 35 32 40 56 58 55 49 50 49 42 38 39 40 32 35 37 36 29 25 
6 11 16 18 25 28 32 35 32 40 56 58 55 49 50 53 52 47 43 34 38 39 40 32 28 25 
6 11 16 18 25 28 32 35 32 40 56 58 55 49 50 49 42 38 34 31 27 24 23 26 28 25 
6 11 16 18 25 28 32 35 32 40 39 38 42 49 50 49 55 58 56 40 32 28 25 
6 11 16 18 25 28 32 35 32 40 39 38 42 49 50 49 42 51 56 40 32 28 25 
6 11 16 18 25 28 32 35 32 40 39 38 42 49 50 49 42 38 39 40 32 28 25 
6 11 16 18 25 28 32 35 32 40 39 38 42 49 50 49 42 38 34 31 27 24 16 18 25 
6 11 16 18 25 28 32 35 32 40 39 38 42 49 50 49 42 38 39 33 30 24 16 18 25 
6 11 16 18 25 28 32 35 32 40 39 38 42 49 50 49 55 58 56 59 61 41 40 32 28 25 
6 11 16 18 25 28 32 35 32 40 39 38 42 49 50 49 42 51 56 59 61 41 40 32 28 25 
6 11 16 18 25 28 32 35 32 40 39 38 42 49 50 49 42 38 39 40 32 35 37 36 29 25 
6 11 16 18 25 28 32 35 32 40 39 38 42 49 50 53 52 47 43 34 38 39 40 32 28 25 
6 11 16 18 25 28 32 35 32 40 39 38 42 49 50 49 42 38 34 31 27 24 23 26 28 25 
6 11 16 18 25 28 32 35 32 40 56 51 42 49 50 49 55 58 56 40 32 28 25 
6 11 16 18 25 28 32 35 32 40 56 51 42 49 50 49 42 51 56 40 32 28 25 
6 11 16 18 25 28 32 35 32 40 56 51 42 49 50 49 42 38 39 40 32 28 25 
6 11 16 18 25 28 32 35 32 40 56 51 42 49 50 49 42 38 34 31 27 24 16 18 25 
6 11 16 18 25 28 32 35 32 40 56 51 42 49 50 49 42 38 39 33 30 24 16 18 25 
6 11 16 18 25 28 32 35 32 40 56 51 42 49 50 49 55 58 56 59 61 41 40 32 28 25 
6 11 16 18 25 28 32 35 32 40 56 51 42 49 50 49 42 51 56 59 61 41 40 32 28 25 
6 11 16 18 25 28 32 35 32 40 56 51 42 49 50 49 42 38 39 40 32 35 37 36 29 25 
6 11 16 18 25 28 32 35 32 40 56 51 42 49 50 53 52 47 43 34 38 39 40 32 28 25 
6 11 16 18 25 28 32 35 32 40 56 51 42 49 50 49 42 38 34 31 27 24 23 26 28 25 
6 11 16 18 25 28 32 35 32 40 41 61 59 56 51 42 49 50 49 55 58 56 40 32 28 25 
6 11 16 18 25 28 32 35 32 40 41 61 59 56 51 42 49 50 49 42 51 56 40 32 28 25 
6 11 16 18 25 28 32 35 32 40 41 61 59 56 51 42 49 50 49 42 38 39 40 32 28 25 
6 11 16 18 25 28 32 35 32 40 41 61 59 56 51 42 49 50 49 42 38 34 31 27 24 16 18 25 
6 11 16 18 25 28 32 35 32 40 41 61 59 56 51 42 49 50 49 42 38 39 33 30 24 16 18 25 
6 11 16 18 25 28 32 35 32 40 41 61 59 56 51 42 49 50 49 55 58 56 59 61 41 40 32 28 25 
6 11 16 18 25 28 32 35 32 40 41 61 59 56 51 42 49 50 49 42 51 56 59 61 41 40 32 28 25 
6 11 16 18 25 28 32 35 32 40 41 61 59 56 51 42 49 50 49 42 38 39 40 32 35 37 36 29 25 
6 11 16 18 25 28 32 35 32 40 41 61 59 56 51 42 49 50 53 52 47 43 34 38 39 40 32 28 25 
6 11 16 18 25 28 32 35 32 40 41 61 59 56 51 42 49 50 49 42 38 34 31 27 24 23 26 28 25 
---------------
Request id 6
54 46 41 40 56 51 56 40 32 28 25 18 13 3 1 4 
54 46 41 40 56 51 42 38 39 33 30 24 16 11 6 8 7 4 
54 46 41 40 56 51 56 40 32 28 25 18 13 0 5 3 1 4 
54 46 41 40 56 51 56 40 32 28 25 18 13 3 6 8 7 4 
54 46 41 40 56 51 42 38 34 31 27 24 16 11 6 8 7 4 
54 46 41 40 56 51 56 40 39 33 30 24 16 11 13 3 1 4 
54 46 41 40 56 51 42 38 39 40 32 28 25 18 13 3 1 4 
54 46 41 40 56 51 42 38 34 31 27 24 16 18 13 3 1 4 
54 46 41 40 56 51 42 38 34 31 27 24 16 11 13 3 1 4 
54 46 41 40 56 51 42 38 34 31 27 24 16 11 6 3 1 4 
54 62 61 59 56 51 56 40 32 28 25 18 13 3 1 4 
54 62 61 59 56 51 42 38 39 33 30 24 16 11 6 8 7 4 
54 62 61 59 56 51 56 40 32 28 25 18 13 0 5 3 1 4 
54 62 61 59 56 51 56 40 32 28 25 18 13 3 6 8 7 4 
54 62 61 59 56 51 42 38 34 31 27 24 16 11 6 8 7 4 
54 62 61 59 56 51 56 40 39 33 30 24 16 11 13 3 1 4 
54 62 61 59 56 51 42 38 39 40 32 28 25 18 13 3 1 4 
54 62 61 59 56 51 42 38 34 31 27 24 16 18 13 3 1 4 
54 62 61 59 56 51 42 38 34 31 27 24 16 11 13 3 1 4 
54 62 61 59 56 51 42 38 34 31 27 24 16 11 6 3 1 4 
54 46 41 61 59 56 51 56 40 32 28 25 18 13 3 1 4 
54 46 41 61 59 56 51 42 38 39 33 30 24 16 11 6 8 7 4 
54 46 41 61 59 56 51 56 40 32 28 25 18 13 0 5 3 1 4 
54 46 41 61 59 56 51 56 40 32 28 25 18 13 3 6 8 7 4 
54 46 41 61 59 56 51 42 38 34 31 27 24 16 11 6 8 7 4 
54 46 41 61 59 56 51 56 40 39 33 30 24 16 11 13 3 1 4 
54 46 41 61 59 56 51 42 38 39 40 32 28 25 18 13 3 1 4 
54 46 41 61 59 56 51 42 38 34 31 27 24 16 18 13 3 1 4 
54 46 41 61 59 56 51 42 38 34 31 27 24 16 11 13 3 1 4 
54 46 41 61 59 56 51 42 38 34 31 27 24 16 11 6 3 1 4 
54 62 66 63 58 56 51 56 40 32 28 25 18 13 3 1 4 
54 62 66 63 58 56 51 42 38 39 33 30 24 16 11 6 8 7 4 
54 62 66 63 58 56 51 56 40 32 28 25 18 13 0 5 3 1 4 
54 62 66 63 58 56 51 56 40 32 28 25 18 13 3 6 8 7 4 
54 62 66 63 58 56 51 42 38 34 31 27 24 16 11 6 8 7 4 
54 62 66 63 58 56 51 56 40 39 33 30 24 16 11 13 3 1 4 
54 62 66 63 58 56 51 42 38 39 40 32 28 25 18 13 3 1 4 
54 62 66 63 58 56 51 42 38 34 31 27 24 16 18 13 3 1 4 
54 62 66 63 58 56 51 42 38 34 31 27 24 16 11 13 3 1 4 
54 62 66 63 58 56 51 42 38 34 31 27 24 16 11 6 3 1 4 
---------------
Request id 15
67 66 63 58 55 49 50 53 52 47 43 34 38 39 33 39 40 56 59 56 40 32 
67 66 63 58 55 49 50 53 52 47 43 34 38 39 33 39 40 56 59 61 41 40 32 
67 66 63 58 55 49 50 53 52 47 43 34 38 39 33 39 40 56 59 56 51 42 38 39 40 32 
67 66 63 58 55 49 50 53 52 47 43 34 38 39 33 39 40 56 59 61 62 54 46 41 40 32 
67 66 63 58 55 49 50 53 52 47 43 34 38 39 33 39 40 56 59 61 62 66 63 58 56 40 32 
67 66 63 58 55 49 50 53 52 47 43 34 38 39 33 39 40 56 59 61 41 46 48 44 45 37 35 32 
67 66 63 58 55 49 50 53 52 47 43 34 38 39 33 39 40 56 59 56 58 63 66 62 61 41 40 32 
67 66 63 58 55 49 50 53 52 47 43 34 38 39 33 39 40 56 59 56 58 55 49 42 38 39 40 32 
67 66 63 58 55 49 50 53 52 47 43 34 38 39 33 39 40 56 59 56 40 41 46 48 44 45 37 35 32 
67 66 63 58 55 49 50 53 52 47 43 34 38 39 33 39 40 56 59 61 62 54 46 48 44 45 37 35 32 
67 66 63 58 55 49 50 53 52 47 43 34 38 39 33 39 40 41 61 59 56 40 32 
67 66 63 58 55 49 50 53 52 47 43 34 38 39 33 39 40 41 61 59 61 41 40 32 
67 66 63 58 55 49 50 53 52 47 43 34 38 39 33 39 40 41 61 59 56 51 42 38 39 40 32 
67 66 63 58 55 49 50 53 52 47 43 34 38 39 33 39 40 41 61 59 61 62 54 46 41 40 32 
67 66 63 58 55 49 50 53 52 47 43 34 38 39 33 39 40 41 61 59 61 62 66 63 58 56 40 32 
67 66 63 58 55 49 50 53 52 47 43 34 38 39 33 39 40 41 61 59 61 41 46 48 44 45 37 35 32 
67 66 63 58 55 49 50 53 52 47 43 34 38 39 33 39 40 41 61 59 56 58 63 66 62 61 41 40 32 
67 66 63 58 55 49 50 53 52 47 43 34 38 39 33 39 40 41 61 59 56 58 55 49 42 38 39 40 32 
67 66 63 58 55 49 50 53 52 47 43 34 38 39 33 39 40 41 61 59 56 40 41 46 48 44 45 37 35 32 
67 66 63 58 55 49 50 53 52 47 43 34 38 39 33 39 40 41 61 59 61 62 54 46 48 44 45 37 35 32 
67 66 63 58 55 49 50 53 52 47 43 34 38 39 33 39 38 42 51 56 59 56 40 32 
67 66 63 58 55 49 50 53 52 47 43 34 38 39 33 39 38 42 51 56 59 61 41 40 32 
67 66 63 58 55 49 50 53 52 47 43 34 38 39 33 39 38 42 51 56 59 56 51 42 38 39 40 32 
67 66 63 58 55 49 50 53 52 47 43 34 38 39 33 39 38 42 51 56 59 61 62 54 46 41 40 32 
67 66 63 58 55 49 50 53 52 47 43 34 38 39 33 39 38 42 51 56 59 61 62 66 63 58 56 40 32 
67 66 63 58 55 49 50 53 52 47 43 34 38 39 33 39 38 42 51 56 59 61 41 46 48 44 45 37 35 32 
67 66 63 58 55 49 50 53 52 47 43 34 38 39 33 39 38 42 51 56 59 56 58 63 66 62 61 41 40 32 
67 66 63 58 55 49 50 53 52 47 43 34 38 39 33 39 38 42 51 56 59 56 58 55 49 42 38 39 40 32 
67 66 63 58 55 49 50 53 52 47 43 34 38 39 33 39 38 42 51 56 59 56 40 41 46 48 44 45 37 35 32 
67 66 63 58 55 49 50 53 52 47 43 34 38 39 33 39 38 42 51 56 59 61 62 54 46 48 44 45 37 35 32 
67 66 63 58 55 49 50 53 52 47 43 34 38 39 33 39 38 42 49 55 58 56 59 56 40 32 
67 66 63 58 55 49 50 53 52 47 43 34 38 39 33 39 38 42 49 55 58 56 59 61 41 40 32 
67 66 63 58 55 49 50 53 52 47 43 34 38 39 33 39 38 42 49 55 58 56 59 56 51 42 38 39 40 32 
67 66 63 58 55 49 50 53 52 47 43 34 38 39 33 39 38 42 49 55 58 56 59 61 62 54 46 41 40 32 
67 66 63 58 55 49 50 53 52 47 43 34 38 39 33 39 38 42 49 55 58 56 59 61 62 66 63 58 56 40 32 
67 66 63 58 55 49 50 53 52 47 43 34 38 39 33 39 38 42 49 55 58 56 59 61 41 46 48 44 45 37 35 32 
67 66 63 58 55 49 50 53 52 47 43 34 38 39 33 39 38 42 49 55 58 56 59 56 58 63 66 62 61 41 40 32 
67 66 63 58 55 49 50 53 52 47 43 34 38 39 33 39 38 42 49 55 58 56 59 56 58 55 49 42 38 39 40 32 
67 66 63 58 55 49 50 53 52 47 43 34 38 39 33 39 38 42 49 55 58 56 59 56 40 41 46 48 44 45 37 35 32 
67 66 63 58 55 49 50 53 52 47 43 34 38 39 33 39 38 42 49 55 58 56 59 61 62 54 46 48 44 45 37 35 32 
---------------
Request id 20
17 16 18 25 29 36 29 25 18 16 24 30 33 39 40 56 59 56 40 32 28 
17 16 18 25 29 36 29 25 18 16 24 30 33 39 40 56 59 61 41 40 32 28 
17 16 18 25 29 36 29 25 18 16 24 30 33 39 40 56 59 56 51 42 38 39 40 32 28 
17 16 18 25 29 36 29 25 18 16 24 30 33 39 40 56 59 61 62 54 46 41 40 32 28 
17 16 18 25 29 36 29 25 18 16 24 30 33 39 40 56 59 56 40 32 35 37 36 29 25 28 
17 16 18 25 29 36 29 25 18 16 24 30 33 39 40 56 59 56 40 39 33 30 24 23 26 28 
17 16 18 25 29 36 29 25 18 16 24 30 33 39 40 56 59 61 62 66 63 58 56 40 32 28 
17 16 18 25 29 36 29 25 18 16 24 30 33 39 40 56 59 61 41 40 32 35 37 36 29 25 28 
17 16 18 25 29 36 29 25 18 16 24 30 33 39 40 56 59 56 58 55 49 42 38 39 40 32 28 
17 16 18 25 29 36 29 25 18 16 24 30 33 39 40 56 59 61 41 46 48 44 45 37 35 32 28 
17 16 18 25 29 36 29 25 18 16 24 30 33 39 40 41 61 59 56 40 32 28 
17 16 18 25 29 36 29 25 18 16 24 30 33 39 40 41 61 59 61 41 40 32 28 
17 16 18 25 29 36 29 25 18 16 24 30 33 39 40 41 61 59 56 51 42 38 39 40 32 28 
17 16 18 25 29 36 29 25 18 16 24 30 33 39 40 41 61 59 61 62 54 46 41 40 32 28 
17 16 18 25 29 36 29 25 18 16 24 30 33 39 40 41 61 59 56 40 32 35 37 36 29 25 28 
17 16 18 25 29 36 29 25 18 16 24 30 33 39 40 41 61 59 56 40 39 33 30 24 23 26 28 
17 16 18 25 29 36 29 25 18 16 24 30 33 39 40 41 61 59 61 62 66 63 58 56 40 32 28 
17 16 18 25 29 36 29 25 18 16 24 30 33 39 40 41 61 59 61 41 40 32 35 37 36 29 25 28 
17 16 18 25 29 36 29 25 18 16 24 30 33 39 40 41 61 59 56 58 55 49 42 38 39 40 32 28 
17 16 18 25 29 36 29 25 18 16 24 30 33 39 40 41 61 59 61 41 46 48 44 45 37 35 32 28 
17 16 18 25 29 36 29 25 18 16 24 30 33 39 38 42 51 56 59 56 40 32 28 
17 16 18 25 29 36 29 25 18 16 24 30 33 39 38 42 51 56 59 61 41 40 32 28 
17 16 18 25 29 36 29 25 18 16 24 30 33 39 38 42 51 56 59 56 51 42 38 39 40 32 28 
17 16 18 25 29 36 29 25 18 16 24 30 33 39 38 42 51 56 59 61 62 54 46 41 40 32 28 
17 16 18 25 29 36 29 25 18 16 24 30 33 39 38 42 51 56 59 56 40 32 35 37 36 29 25 28 
17 16 18 25 29 36 29 25 18 16 24 30 33 39 38 42 51 56 59 56 40 39 33 30 24 23 26 28 
17 16 18 25 29 36 29 25 18 16 24 30 33 39 38 42 51 56 59 61 62 66 63 58 56 40 32 28 
17 16 18 25 29 36 29 25 18 16 24 30 33 39 38 42 51 56 59 61 41 40 32 35 37 36 29 25 28 
17 16 18 25 29 36 29 25 18 16 24 30 33 39 38 42 51 56 59 56 58 55 49 42 38 39 40 32 28 
17 16 18 25 29 36 29 25 18 16 24 30 33 39 38 42 51 56 59 61 41 46 48 44 45 37 35 32 28 
17 16 18 25 29 36 29 25 18 16 24 30 24 23 26 28 32 40 56 59 56 40 32 28 
17 16 18 25 29 36 29 25 18 16 24 30 24 23 26 28 32 40 56 59 61 41 40 32 28 
17 16 18 25 29 36 29 25 18 16 24 30 24 23 26 28 32 40 56 59 56 51 42 38 39 40 32 28 
17 16 18 25 29 36 29 25 18 16 24 30 24 23 26 28 32 40 56 59 61 62 54 46 41 40 32 28 
17 16 18 25 29 36 29 25 18 16 24 30 24 23 26 28 32 40 56 59 56 40 32 35 37 36 29 25 28 
17 16 18 25 29 36 29 25 18 16 24 30 24 23 26 28 32 40 56 59 56 40 39 33 30 24 23 26 28 
17 16 18 25 29 36 29 25 18 16 24 30 24 23 26 28 32 40 56 59 61 62 66 63 58 56 40 32 28 
17 16 18 25 29 36 29 25 18 16 24 30 24 23 26 28 32 40 56 59 61 41 40 32 35 37 36 29 25 28 
17 16 18 25 29 36 29 25 18 16 24 30 24 23 26 28 32 40 56 59 56 58 55 49 42 38 39 40 32 28 
17 16 18 25 29 36 29 25 18 16 24 30 24 23 26 28 32 40 56 59 61 41 46 48 44 45 37 35 32 28 
---------------
Request id 8
39 38 34 43 47 52 47 43 34 31 27 24 
39 38 34 43 47 52 47 43 34 31 34 38 39 33 30 24 
39 38 34 43 47 52 47 43 34 31 27 22 21 17 16 24 
39 38 34 43 47 52 47 43 34 31 27 22 21 17 20 24 
39 38 34 43 47 52 47 43 34 31 34 38 39 40 32 28 26 23 24 
39 38 34 43 47 52 47 43 34 31 27 22 21 17 14 12 11 16 24 
39 38 34 43 47 52 47 43 34 31 34 38 39 40 32 28 25 18 16 24 
39 38 34 43 47 52 47 43 34 31 34 38 42 51 56 40 39 33 30 24 
39 38 34 43 47 52 47 43 34 31 27 22 21 17 16 18 25 28 26 23 24 
39 38 34 43 47 52 47 43 34 31 27 22 21 17 14 12 11 13 18 16 24 
39 38 34 43 47 52 53 50 49 42 38 34 31 27 24 
39 38 34 43 47 52 53 50 49 42 38 34 31 34 38 39 33 30 24 
39 38 34 43 47 52 53 50 49 42 38 34 31 27 22 21 17 16 24 
39 38 34 43 47 52 53 50 49 42 38 34 31 27 22 21 17 20 24 
39 38 34 43 47 52 53 50 49 42 38 34 31 34 38 39 40 32 28 26 23 24 
39 38 34 43 47 52 53 50 49 42 38 34 31 27 22 21 17 14 12 11 16 24 
39 38 34 43 47 52 53 50 49 42 38 34 31 34 38 39 40 32 28 25 18 16 24 
39 38 34 43 47 52 53 50 49 42 38 34 31 34 38 42 51 56 40 39 33 30 24 
39 38 34 43 47 52 53 50 49 42 38 34 31 27 22 21 17 16 18 25 28 26 23 24 
39 38 34 43 47 52 53 50 49 42 38 34 31 27 22 21 17 14 12 11 13 18 16 24 
39 38 34 43 47 52 47 43 34 38 39 33 30 24 27 31 27 24 
39 38 34 43 47 52 47 43 34 38 39 33 30 24 27 31 34 38 39 33 30 24 
39 38 34 43 47 52 47 43 34 38 39 33 30 24 27 31 27 22 21 17 16 24 
39 38 34 43 47 52 47 43 34 38 39 33 30 24 27 31 27 22 21 17 20 24 
39 38 34 43 47 52 47 43 34 38 39 33 30 24 27 31 34 38 39 40 32 28 26 23 24 
39 38 34 43 47 52 47 43 34 38 39 33 30 24 27 31 27 22 21 17 14 12 11 16 24 
39 38 34 43 47 52 47 43 34 38 39 33 30 24 27 31 34 38 39 40 32 28 25 18 16 24 
39 38 34 43 47 52 47 43 34 38 39 33 30 24 27 31 34 38 42 51 56 40 39 33 30 24 
39 38 34 43 47 52 47 43 34 38 39 33 30 24 27 31 27 22 21 17 16 18 25 28 26 23 24 
39 38 34 43 47 52 47 43 34 38 39 33 30 24 27 31 27 22 21 17 14 12 11 13 18 16 24 
39 38 34 43 47 52 53 50 49 42 38 39 33 30 24 27 31 27 24 
39 38 34 43 47 52 53 50 49 42 38 39 33 30 24 27 31 34 38 39 33 30 24 
39 38 34 43 47 52 53 50 49 42 38 39 33 30 24 27 31 27 22 21 17 16 24 
39 38 34 43 47 52 53 50 49 42 38 39 33 30 24 27 31 27 22 21 17 20 24 
39 38 34 43 47 52 53 50 49 42 38 39 33 30 24 27 31 34 38 39 40 32 28 26 23 24 
39 38 34 43 47 52 53 50 49 42 38 39 33 30 24 27 31 27 22 21 17 14 12 11 16 24 
39 38 34 43 47 52 53 50 49 42 38 39 33 30 24 27 31 34 38 39 40 32 28 25 18 16 24 
39 38 34 43 47 52 53 50 49 42 38 39 33 30 24 27 31 34 38 42 51 56 40 39 33 30 24 
39 38 34 43 47 52 53 50 49 42 38 39 33 30 24 27 31 27 22 21 17 16 18 25 28 26 23 24 
39 38 34 43 47 52 53 50 49 42 38 39 33 30 24 27 31 27 22 21 17 14 12 11 13 18 16 24 
---------------
Request id 9
58 55 49 50 53 52 47 43 34 38 39 40 32 35 32 28 25 18 13 11 12 10 
58 55 49 50 53 52 47 43 34 38 39 40 32 35 32 28 25 18 16 11 12 10 
58 55 49 50 53 52 47 43 34 38 39 40 32 35 37 36 29 25 18 13 11 12 10 
58 55 49 50 53 52 47 43 34 38 39 40 32 35 32 28 26 23 24 16 11 12 10 
58 55 49 50 53 52 47 43 34 38 39 40 32 35 37 36 29 25 18 16 11 12 10 
58 55 49 50 53 52 47 43 34 38 39 40 32 35 32 28 25 18 13 3 6 8 10 
58 55 49 50 53 52 47 43 34 38 39 40 32 35 32 28 25 18 16 17 14 12 10 
58 55 49 50 53 52 47 43 34 38 39 40 32 35 32 28 25 18 13 11 6 8 10 
58 55 49 50 53 52 47 43 34 38 39 40 32 35 32 28 25 18 16 11 6 8 10 
58 55 49 50 53 52 47 43 34 38 39 40 32 35 37 36 29 19 15 18 13 11 12 10 
58 55 49 50 53 52 53 50 49 42 38 39 40 32 35 32 28 25 18 13 11 12 10 
58 55 49 50 53 52 53 50 49 42 38 39 40 32 35 32 28 25 18 16 11 12 10 
58 55 49 50 53 52 53 50 49 42 38 39 40 32 35 37 36 29 25 18 13 11 12 10 
58 55 49 50 53 52 53 50 49 42 38 39 40 32 35 32 28 26 23 24 16 11 12 10 
58 55 49 50 53 52 53 50 49 42 38 39 40 32 35 37 36 29 25 18 16 11 12 10 
58 55 49 50 53 52 53 50 49 42 38 39 40 32 35 32 28 25 18 13 3 6 8 10 
58 55 49 50 53 52 53 50 49 42 38 39 40 32 35 32 28 25 18 16 17 14 12 10 
58 55 49 50 53 52 53 50 49 42 38 39 40 32 35 32 28 25 18 13 11 6 8 10 
58 55 49 50 53 52 53 50 49 42 38 39 40 32 35 32 28 25 18 16 11 6 8 10 
58 55 49 50 53 52 53 50 49 42 38 39 40 32 35 37 36 29 19 15 18 13 11 12 10 
58 55 49 50 53 52 53 50 49 55 58 56 40 32 35 32 28 25 18 13 11 12 10 
58 55 49 50 53 52 53 50 49 55 58 56 40 32 35 32 28 25 18 16 11 12 10 
58 55 49 50 53 52 53 50 49 55 58 56 40 32 35 37 36 29 25 18 13 11 12 10 
58 55 49 50 53 52 53 50 49 55 58 56 40 32 35 32 28 26 23 24 16 11 12 10 
58 55 49 50 53 52 53 50 49 55 58 56 40 32 35 37 36 29 25 18 16 11 12 10 
58 55 49 50 53 52 53 50 49 55 58 56 40 32 35 32 28 25 18 13 3 6 8 10 
58 55 49 50 53 52 53 50 49 55 58 56 40 32 35 32 28 25 18 16 17 14 12 10 
58 55 49 50 53 52 53 50 49 55 58 56 40 32 35 32 28 25 18 13 11 6 8 10 
58 55 49 50 53 52 53 50 49 55 58 56 40 32 35 32 28 25 18 16 11 6 8 10 
58 55 49 50 53 52 53 50 49 55 58 56 40 32 35 37 36 29 19 15 18 13 11 12 10 
58 55 49 50 53 52 53 50 49 42 51 56 40 32 35 32 28 25 18 13 11 12 10 
58 55 49 50 53 52 53 50 49 42 51 56 40 32 35 32 28 25 18 16 11 12 10 
58 55 49 50 53 52 53 50 49 42 51 56 40 32 35 37 36 29 25 18 13 11 12 10 
58 55 49 50 53 52 53 50 49 42 51 56 40 32 35 32 28 26 23 24 16 11 12 10 
58 55 49 50 53 52 53 50 49 42 51 56 40 32 35 37 36 29 25 18 16 11 12 10 
58 55 49 50 53 52 53 50 49 42 51 56 40 32 35 32 28 25 18 13 3 6 8 10 
58 55 49 50 53 52 53 50 49 42 51 56 40 32 35 32 28 25 18 16 17 14 12 10 
58 55 49 50 53 52 53 50 49 42 51 56 40 32 35 32 28 25 18 13 11 6 8 10 
58 55 49 50 53 52 53 50 49 42 51 56 40 32 35 32 28 25 18 16 11 6 8 10 
58 55 49 50 53 52 53 50 49 42 51 56 40 32 35 37 36 29 19 15 18 13 11 12 10 
---------------
Request id 12
39 40 32 35 32 28 25 18 13 3 6 8 
39 40 32 35 32 28 25 18 16 11 6 8 
39 40 32 35 32 28 25 18 13 11 6 8 
39 40 32 35 37 36 29 25 18 13 3 6 8 
39 40 32 35 32 28 26 23 24 16 11 6 8 
39 40 32 35 37 36 29 25 18 13 11 6 8 
39 40 32 35 32 28 25 18 13 11 12 10 8 
39 40 32 35 37 36 29 25 18 16 11 6 8 
39 40 32 35 32 28 25 18 16 11 12 10 8 
39 40 32 35 32 40 39 33 30 24 16 11 6 8 
39 38 42 51 56 40 32 35 32 28 25 18 13 3 6 8 
39 38 42 51 56 40 32 35 32 28 25 18 16 11 6 8 
39 38 42 51 56 40 32 35 32 28 25 18 13 11 6 8 
39 38 42 51 56 40 32 35 37 36 29 25 18 13 3 6 8 
39 38 42 51 56 40 32 35 32 28 26 23 24 16 11 6 8 
39 38 42 51 56 40 32 35 37 36 29 25 18 13 11 6 8 
39 38 42 51 56 40 32 35 32 28 25 18 13 11 12 10 8 
39 38 42 51 56 40 32 35 37 36 29 25 18 16 11 6 8 
39 38 42 51 56 40 32 35 32 28 25 18 16 11 12 10 8 
39 38 42 51 56 40 32 35 32 40 39 33 30 24 16 11 6 8 
39 40 32 28 25 29 36 37 35 32 28 25 18 13 3 6 8 
39 40 32 28 25 29 36 37 35 32 28 25 18 16 11 6 8 
39 40 32 28 25 29 36 37 35 32 28 25 18 13 11 6 8 
39 40 32 28 25 29 36 37 35 37 36 29 25 18 13 3 6 8 
39 40 32 28 25 29 36 37 35 32 28 26 23 24 16 11 6 8 
39 40 32 28 25 29 36 37 35 37 36 29 25 18 13 11 6 8 
39 40 32 28 25 29 36 37 35 32 28 25 18 13 11 12 10 8 
39 40 32 28 25 29 36 37 35 37 36 29 25 18 16 11 6 8 
39 40 32 28 25 29 36 37 35 32 28 25 18 16 11 12 10 8 
39 40 32 28 25 29 36 37 35 32 40 39 33 30 24 16 11 6 8 
39 40 41 46 48 44 45 37 35 32 28 25 18 13 3 6 8 
39 40 41 46 48 44 45 37 35 32 28 25 18 16 11 6 8 
39 40 41 46 48 44 45 37 35 32 28 25 18 13 11 6 8 
39 40 41 46 48 44 45 37 35 37 36 29 25 18 13 3 6 8 
39 40 41 46 48 44 45 37 35 32 28 26 23 24 16 11 6 8 
39 40 41 46 48 44 45 37 35 37 36 29 25 18 13 11 6 8 
39 40 41 46 48 44 45 37 35 32 28 25 18 13 11 12 10 8 
39 40 41 46 48 44 45 37 35 37 36 29 25 18 16 11 6 8 
39 40 41 46 48 44 45 37 35 32 28 25 18 16 11 12 10 8 
39 40 41 46 48 44 45 37 35 32 40 39 33 30 24 16 11 6 8 
---------------
