Request id 2
4 3 10 11 12 5 9 8 11 12 13 12 5 9 8 7 6 4 5 9 8 
4 3 10 11 12 5 9 5 2 0 7 8 13 12 5 4 6 4 5 2 0 7 8 
4 5 9 5 4 3 10 13 10 3 4 6 4 3 10 11 8 
4 5 12 13 8 9 5 12 13 8 7 6 7 8 
4 5 12 11 8 9 5 12 13 10 11 8 7 6 4 3 1 0 7 8 
4 3 1 2 5 9 8 11 10 13 8 9 5 4 6 4 3 10 11 8 
4 3 10 11 8 9 5 12 13 12 11 8 7 6 4 5 12 13 8 
4 3 10 11 8 9 5 4 3 10 13 12 5 4 6 4 5 12 11 8 
4 3 10 11 8 9 5 4 6 7 8 13 12 11 8 7 6 7 8 
4 3 10 11 8 9 5 4 6 7 8 13 12 11 8 7 6 4 3 10 11 8 
4 5 9 5 12 11 8 13 10 3 4 6 7 0 2 5 12 11 8 
4 3 1 2 5 9 8 13 10 11 8 7 6 7 0 2 5 9 8 
4 6 7 8 9 5 4 3 10 13 10 3 1 0 7 6 4 5 12 13 8 
4 6 7 8 9 5 12 13 8 11 12 5 4 6 7 8 
4 3 10 13 8 9 8 13 12 11 8 7 6 4 5 9 8 
4 5 12 13 8 9 5 2 1 3 10 13 10 11 12 5 4 6 7 8 
4 3 10 11 12 5 9 5 2 0 7 8 13 12 11 8 7 6 4 5 12 11 8 
4 3 10 11 8 9 5 4 6 7 8 13 12 11 8 7 6 7 0 2 5 12 11 8 
4 3 1 0 2 5 9 5 2 0 7 8 13 10 3 4 6 4 5 12 13 8 
4 3 1 2 5 9 5 2 0 7 8 13 10 3 4 6 4 5 12 13 8 
4 5 9 5 4 6 7 8 13 8 9 5 4 6 4 5 2 0 7 8 
4 5 12 13 8 9 5 4 3 10 13 10 3 4 6 4 3 10 11 8 
4 5 12 13 8 9 5 4 3 10 13 10 3 1 0 7 6 7 0 2 5 9 8 
4 3 10 13 12 5 9 5 12 11 8 13 10 3 4 6 7 0 2 5 12 11 8 
4 6 7 8 9 5 4 3 10 13 8 9 5 4 6 7 0 2 5 9 8 
4 3 10 11 12 5 9 5 2 0 7 8 13 8 7 6 7 8 
4 5 12 13 8 9 8 11 10 13 12 5 9 8 7 6 4 5 2 0 7 8 
4 3 1 2 5 9 5 12 13 12 5 9 8 7 6 4 5 9 8 
4 3 1 2 5 9 8 13 12 11 8 7 6 4 5 12 13 8 
4 3 10 13 8 9 5 12 13 8 11 12 5 4 6 4 3 10 13 8 
4 3 10 11 12 5 9 5 4 6 7 8 13 12 11 8 7 6 4 5 12 13 8 
4 3 10 11 12 5 9 5 4 3 10 13 12 11 8 7 6 7 0 2 5 9 8 
4 5 12 11 8 9 8 11 10 13 10 11 12 5 4 6 4 5 12 11 8 
4 3 10 13 8 9 5 12 11 10 13 12 5 9 8 7 6 4 3 10 11 8 
4 3 1 2 5 9 5 2 1 3 10 13 10 11 12 5 4 6 4 3 1 0 7 8 
4 5 9 5 2 0 7 8 13 10 3 1 0 7 6 7 0 2 5 12 11 8 
4 3 10 13 12 5 9 5 12 11 8 13 10 11 8 7 6 4 5 12 13 8 
4 3 10 11 8 9 8 11 12 13 8 9 5 4 6 7 0 2 5 9 8 
4 3 10 11 8 9 5 12 13 12 5 9 8 7 6 7 0 2 5 9 8 
4 6 7 8 9 8 11 12 13 10 11 8 7 6 7 0 2 5 9 8 
---------------
Request id 3
10 11 12 13 8 7 6 4 5 12 11 8 13 8 7 6 4 5 
10 11 12 13 8 7 6 4 5 9 8 13 10 3 4 5 
10 3 1 0 7 6 7 0 2 5 12 13 12 5 
10 13 12 5 4 6 7 8 11 10 13 10 11 12 5 
10 3 4 6 7 0 1 3 10 13 12 11 8 9 5 
10 13 12 5 4 6 4 5 12 13 12 5 
10 13 8 9 5 4 6 4 5 9 8 13 8 7 6 4 5 
10 3 1 0 7 6 7 8 11 12 13 8 7 6 4 5 
10 13 8 9 5 4 6 7 0 2 5 12 13 8 11 12 5 
10 11 12 5 4 6 7 8 13 10 3 1 2 5 
10 3 1 2 0 7 6 7 0 2 5 12 13 10 11 12 5 
10 3 1 0 7 6 7 8 11 12 13 10 11 12 5 
10 13 8 7 6 7 0 1 3 10 13 10 11 8 9 5 
10 11 8 7 6 7 8 11 10 13 8 7 0 2 5 
10 11 8 7 6 4 3 10 13 10 11 12 5 
10 13 8 9 5 4 6 4 5 12 11 8 13 8 7 6 4 5 
10 13 12 5 4 6 4 3 10 13 8 9 5 
10 3 1 2 0 7 6 4 5 12 13 12 11 8 9 5 
10 3 1 0 7 6 4 5 9 8 13 10 3 4 5 
10 11 12 13 8 7 6 7 0 1 3 10 13 10 3 4 5 
10 11 8 7 6 4 5 12 11 8 13 8 9 5 
10 3 4 6 7 8 11 12 13 10 3 1 2 5 
10 11 8 9 5 4 6 7 0 1 3 10 13 10 11 12 5 
10 11 8 7 6 4 5 12 13 10 11 12 5 
10 11 12 5 4 6 7 8 13 10 11 12 5 
10 11 8 7 6 7 0 2 5 12 13 10 3 1 2 5 
10 3 1 0 7 6 4 3 10 13 10 3 4 5 
10 11 8 9 5 4 6 4 5 12 13 10 11 12 5 
10 3 1 2 0 7 6 7 8 13 8 7 6 4 5 
10 13 8 9 5 4 6 7 8 11 12 13 8 7 0 2 5 
10 13 8 7 6 7 8 11 10 13 8 9 5 
10 11 8 7 6 7 8 11 12 13 8 9 5 
10 11 12 13 8 7 6 4 5 12 13 12 11 8 9 5 
10 11 8 7 6 7 8 11 10 13 10 11 12 5 
10 13 8 7 6 4 5 12 13 10 11 8 9 5 
10 3 1 0 7 6 4 5 12 13 8 9 5 
10 11 12 5 4 6 4 3 10 13 8 7 0 2 5 
10 13 8 9 5 4 6 4 3 10 13 10 3 4 5 
10 13 8 7 6 7 0 1 3 10 13 12 5 
10 11 12 13 8 7 6 4 5 9 8 13 8 11 12 5 
---------------
Request id 10
5 12 13 8 11 8 
5 12 13 10 11 8 
5 4 3 10 11 10 3 4 5 9 8 
5 9 8 11 12 5 2 0 7 8 
5 9 8 11 10 3 4 6 7 8 
5 2 0 7 8 11 8 
5 9 8 13 10 11 10 3 4 5 9 8 
5 4 3 10 11 12 13 8 
5 12 13 10 11 10 3 1 0 7 8 
5 4 6 7 8 11 10 3 4 6 7 8 
5 12 13 10 11 10 13 8 
5 12 13 8 11 12 5 2 0 7 8 
5 9 8 13 12 11 10 3 1 0 7 8 
5 4 3 10 11 12 5 9 8 
5 9 8 11 10 3 1 0 7 8 
5 9 8 13 12 11 12 5 4 6 7 8 
5 4 6 7 8 11 10 3 4 5 9 8 
5 9 8 13 10 11 10 3 1 0 7 8 
5 2 1 3 10 11 12 5 9 8 
5 4 3 10 11 10 3 4 6 7 8 
5 9 8 11 12 5 4 6 7 8 
5 4 3 10 11 10 13 8 
5 2 1 3 10 11 10 3 1 0 7 8 
5 2 0 7 8 11 10 13 8 
5 4 6 7 8 11 12 13 8 
5 4 6 7 8 11 8 
5 12 11 10 3 4 6 7 8 
5 9 8 13 10 11 12 5 4 6 7 8 
5 12 13 10 11 12 5 4 6 7 8 
5 4 6 7 8 11 10 13 12 5 9 8 
5 12 13 8 11 12 5 4 6 7 8 
5 9 8 13 12 11 12 13 8 
5 9 8 11 12 5 9 8 
5 12 13 10 11 10 13 12 5 9 8 
5 12 13 10 11 12 5 2 0 7 8 
5 9 8 11 10 13 12 5 9 8 
5 12 13 10 11 12 5 9 8 
5 2 0 7 8 11 10 13 12 5 9 8 
5 9 8 13 12 11 10 13 12 5 9 8 
5 2 0 7 8 11 12 5 4 6 7 8 
---------------
Request id 6
10 11 12 5 9 9 8 7 6 4 5 
10 11 8 13 12 5 9 9 8 7 0 1 2 5 
10 13 12 5 9 9 8 11 12 5 
10 3 1 2 5 9 9 8 7 0 1 2 5 
10 11 8 9 9 8 11 12 5 
10 3 1 2 5 9 9 8 13 12 5 
10 11 12 13 8 9 9 8 13 12 5 
10 13 12 11 8 9 9 8 11 10 3 4 5 
10 3 4 5 9 9 8 7 0 2 5 
10 3 1 0 7 8 9 9 8 7 0 2 5 
10 13 8 9 9 8 13 12 5 
10 3 1 2 5 9 9 8 13 10 11 12 5 
10 11 12 13 8 9 9 8 7 0 2 5 
10 13 8 9 9 8 7 6 4 5 
10 3 4 5 9 9 8 7 6 4 5 
10 13 12 5 9 9 8 11 10 13 12 5 
10 11 8 13 12 5 9 9 8 13 12 5 
10 11 8 13 12 5 9 9 5 
10 3 1 2 5 9 9 8 11 10 3 4 5 
10 3 4 5 9 9 8 7 0 1 2 5 
10 13 8 9 9 8 7 0 2 5 
10 11 12 13 8 9 9 8 7 6 4 5 
10 13 8 9 9 8 13 10 11 12 5 
10 11 12 5 9 9 8 11 10 13 12 5 
10 13 12 5 9 9 5 
10 13 12 11 8 9 9 8 13 10 11 12 5 
10 13 8 9 9 8 11 12 5 
10 13 8 9 9 8 7 0 1 2 5 
10 13 8 9 9 8 11 10 3 4 5 
10 3 1 0 7 8 9 9 5 
10 3 4 5 9 9 8 11 10 13 12 5 
10 11 12 13 8 9 9 8 7 0 1 2 5 
10 11 8 13 12 5 9 9 8 11 10 13 12 5 
10 11 12 5 9 9 8 13 10 3 4 5 
10 13 12 11 8 9 9 8 7 0 1 2 5 
10 13 8 9 9 5 
10 11 8 9 9 8 11 10 13 12 5 
10 13 8 9 9 8 13 10 3 4 5 
10 13 12 5 9 9 8 7 6 4 5 
10 3 1 0 7 8 9 9 8 13 12 5 
---------------
Request id 8
7 6 4 5 12 11 8 9 8 11 10 
7 8 13 12 5 9 5 12 13 10 
7 0 1 2 5 9 8 11 12 13 10 
7 6 4 5 9 8 13 12 11 10 
7 8 13 12 5 9 8 7 0 1 3 10 
7 0 1 2 5 9 8 13 12 11 10 
7 0 2 5 12 11 8 9 5 12 11 8 13 10 
7 8 11 12 5 9 5 12 11 10 
7 6 4 5 12 11 8 9 5 4 3 10 
7 8 11 12 5 9 8 13 12 11 10 
7 8 13 12 5 9 8 11 12 13 10 
7 0 1 2 5 9 5 12 11 8 13 10 
7 8 13 12 5 9 5 12 11 8 13 10 
7 0 2 5 12 11 8 9 5 4 3 10 
7 0 1 3 4 5 9 5 12 11 10 
7 0 2 5 12 11 8 9 8 11 10 
7 8 11 12 5 9 8 7 0 1 3 10 
7 0 1 3 4 5 9 8 13 12 11 10 
7 8 9 8 11 12 13 10 
7 8 9 8 11 10 
7 8 9 5 12 13 10 
7 0 2 5 12 11 8 9 8 7 0 1 3 10 
7 8 11 10 13 12 5 9 8 11 10 
7 0 1 3 4 5 9 5 4 3 10 
7 6 4 5 9 5 12 11 8 13 10 
7 0 1 2 5 9 5 2 1 3 10 
7 6 4 5 12 11 8 9 8 13 10 
7 6 4 5 12 11 8 9 8 7 0 1 3 10 
7 0 1 3 4 5 9 8 11 10 
7 0 1 3 4 5 9 5 2 1 3 10 
7 0 2 5 9 5 2 1 3 10 
7 0 1 3 4 5 9 5 12 13 10 
7 0 2 5 12 11 8 9 5 12 13 10 
7 6 4 5 9 5 2 1 3 10 
7 8 11 10 13 12 5 9 5 12 11 8 13 10 
7 8 9 5 12 11 10 
7 8 13 12 5 9 5 4 3 10 
7 6 4 5 12 11 8 9 8 11 12 13 10 
7 8 11 12 5 9 5 2 1 3 10 
7 0 2 5 12 11 8 9 5 12 11 10 
---------------
Request id 1
1 0 7 8 11 10 3 4 5 9 8 13 12 11 8 7 0 
1 0 7 8 11 10 13 12 5 4 6 7 8 11 10 13 8 7 0 
1 3 10 13 8 11 10 3 4 5 9 8 13 12 11 12 13 8 7 0 
1 0 7 8 11 12 5 4 6 7 8 13 12 5 4 3 10 11 10 3 4 6 7 0 
1 0 2 5 12 11 10 3 4 5 9 8 13 8 11 12 5 2 1 0 
1 0 7 8 11 10 3 4 5 12 13 8 9 5 12 11 10 3 1 0 
1 0 2 5 12 11 8 13 12 5 4 3 10 11 8 7 0 
1 3 10 13 8 11 10 3 4 5 12 13 10 11 12 5 2 0 
1 2 5 12 11 12 5 9 8 13 10 11 12 5 2 0 
1 0 7 8 13 10 11 10 3 4 5 12 13 12 5 4 6 7 8 11 12 13 8 7 0 
1 0 7 8 11 10 3 4 5 9 8 13 10 3 4 5 12 11 12 13 8 7 0 
1 2 0 7 8 11 12 13 8 11 8 9 5 2 0 
1 3 10 13 8 11 10 3 4 5 12 13 10 3 4 5 12 11 12 13 8 7 0 
1 0 7 8 11 12 13 12 11 10 13 8 7 0 
1 3 10 13 12 11 10 3 4 5 12 13 12 11 12 13 8 7 0 
1 0 2 5 12 11 12 13 10 3 4 5 12 11 10 3 1 0 
1 3 10 11 8 13 10 3 4 5 12 11 10 3 4 6 7 0 
1 3 4 5 12 11 8 9 5 4 3 10 13 10 3 4 5 12 11 10 3 1 2 0 
1 3 4 5 12 11 12 5 9 8 13 12 5 4 6 7 8 11 12 13 8 7 0 
1 3 10 11 8 13 8 9 5 4 3 10 11 12 5 2 0 
1 3 10 13 8 11 10 3 4 5 12 13 10 3 4 5 9 8 11 12 5 2 0 
1 2 5 9 8 11 10 3 4 5 9 8 13 10 11 12 13 8 7 0 
1 0 7 8 13 10 11 8 13 8 9 5 12 11 8 9 5 2 0 
1 2 5 12 11 12 5 4 3 10 13 10 11 8 9 5 2 0 
1 2 0 7 8 11 12 5 4 6 7 8 13 12 11 8 9 5 2 0 
1 0 7 8 11 10 3 4 5 9 8 13 8 11 8 7 0 
1 0 7 8 13 10 11 10 3 4 5 12 13 12 5 4 3 10 11 10 3 1 0 
1 0 7 8 13 10 11 10 13 10 3 4 5 12 11 12 13 8 7 0 
1 3 10 13 8 11 12 13 12 5 9 8 11 12 5 2 0 
1 0 7 8 11 10 3 4 5 12 13 8 11 8 9 5 2 0 
1 2 0 7 8 11 12 5 9 8 13 12 11 8 13 12 5 2 0 
1 0 2 5 12 11 10 3 4 5 9 8 13 10 3 4 5 9 8 11 8 9 5 2 0 
1 2 5 9 8 11 8 9 5 4 3 10 13 12 11 10 3 1 0 
1 3 10 11 12 5 4 6 7 8 13 8 11 12 13 8 7 0 
1 3 4 5 12 11 10 3 4 5 9 8 13 8 9 5 4 3 10 11 12 5 2 1 0 
1 2 5 9 8 11 10 13 10 11 10 13 8 7 0 
1 2 5 12 11 8 9 5 12 13 12 5 9 8 11 10 3 1 2 0 
1 3 10 13 8 11 12 5 4 6 7 8 13 10 3 4 5 12 11 10 13 8 7 0 
1 0 7 8 11 12 5 4 3 10 13 12 5 9 8 11 12 13 8 7 0 
1 3 4 5 12 11 10 3 4 5 9 8 13 10 11 12 5 2 1 0 
---------------
Request id 5
3 10 11 8 7 0 1 2 5 12 13 10 3 1 0 7 
3 1 2 5 9 8 11 10 13 12 13 10 3 1 0 7 
3 1 2 5 12 11 8 13 12 13 10 11 8 7 
3 4 5 12 11 10 13 8 9 5 12 5 2 0 7 
3 10 11 10 13 12 5 4 3 1 0 7 
3 1 0 7 8 11 8 7 6 4 5 12 13 10 11 8 7 
3 1 2 5 12 11 8 7 6 4 5 12 5 9 8 7 
3 4 5 12 11 12 5 2 0 7 
3 1 2 5 9 8 11 8 7 0 1 2 5 12 5 4 3 1 0 7 
3 1 2 5 12 11 8 7 6 4 5 12 11 10 13 8 7 
3 4 6 7 8 11 8 13 12 5 2 1 0 7 
3 4 6 7 8 11 10 3 1 2 5 12 5 4 3 1 0 7 
3 4 5 12 11 10 13 12 5 9 8 7 
3 4 5 12 11 8 7 6 4 5 12 5 2 0 7 
3 1 2 5 9 8 11 8 7 0 2 5 12 5 9 8 7 
3 4 5 12 13 10 11 10 13 12 11 8 7 
3 10 13 8 11 10 3 1 2 5 12 11 8 7 
3 1 2 5 12 11 8 9 5 12 13 8 7 
3 1 0 7 8 11 8 7 6 4 5 12 11 8 7 
3 10 13 8 11 8 9 5 12 5 4 6 7 
3 4 5 9 8 11 10 3 1 2 5 12 13 10 3 1 0 7 
3 10 13 8 11 8 7 0 2 5 12 5 2 0 7 
3 1 2 5 12 11 8 7 0 1 2 5 12 5 4 6 7 
3 10 13 12 11 10 13 12 5 2 1 0 7 
3 4 5 12 11 10 3 1 2 5 12 5 9 8 7 
3 1 2 5 12 11 8 7 0 2 5 12 5 9 8 7 
3 1 2 5 12 11 10 3 1 2 5 12 11 10 13 8 7 
3 1 2 5 9 8 11 8 9 5 12 5 9 8 7 
3 1 0 7 8 11 8 13 12 11 10 13 8 7 
3 4 5 12 13 10 11 12 5 2 1 0 7 
3 4 5 12 11 8 13 12 5 2 0 7 
3 10 13 8 11 10 3 4 5 12 11 8 7 
3 10 11 8 9 5 12 13 8 7 
3 10 11 8 7 0 1 2 5 12 5 2 0 7 
3 4 5 9 8 11 8 7 0 1 2 5 12 13 8 7 
3 1 2 5 9 8 11 8 13 12 11 10 13 8 7 
3 10 13 8 11 8 7 0 1 2 5 12 13 10 11 8 7 
3 4 6 7 8 11 12 5 2 1 0 7 
3 4 5 9 8 11 10 13 12 11 8 7 
3 1 2 5 9 8 11 8 7 0 1 2 5 12 13 10 11 8 7 
---------------
Request id 4
4 6 7 8 13 12 5 2 1 
4 6 7 8 13 12 13 8 11 10 3 1 
4 5 9 8 11 12 5 9 8 7 0 1 
4 6 7 0 2 5 12 13 10 3 1 
4 5 12 5 9 8 7 0 1 
4 3 10 11 8 13 12 13 10 3 1 
4 3 10 11 12 11 8 7 0 1 
4 5 9 8 11 12 5 2 1 
4 3 10 11 8 13 12 5 2 0 1 
4 3 10 11 8 13 12 5 9 8 7 0 1 
4 3 1 2 5 12 11 8 7 0 1 
4 6 7 8 11 12 5 4 6 7 0 1 
4 5 9 8 11 12 13 8 11 10 3 1 
4 6 7 8 11 12 13 8 7 0 1 
4 3 10 13 12 5 4 6 7 0 1 
4 5 9 8 13 12 13 8 7 0 1 
4 3 1 2 5 12 5 9 8 7 0 1 
4 3 10 13 12 5 2 0 1 
4 3 10 13 12 11 10 3 1 
4 3 10 11 8 13 12 11 8 7 0 1 
4 5 12 5 2 1 
4 3 10 11 8 13 12 11 10 3 1 
4 3 1 2 5 12 11 10 3 1 
4 3 1 2 5 12 13 8 11 10 3 1 
4 3 10 13 12 5 9 8 7 0 1 
4 6 7 8 11 12 13 10 3 1 
4 3 10 11 12 5 2 1 
4 6 7 8 11 12 11 8 7 0 1 
4 6 7 0 2 5 12 5 4 6 7 0 1 
4 3 10 11 8 13 12 13 8 11 10 3 1 
4 6 7 0 2 5 12 11 8 7 0 1 
4 6 7 8 11 12 5 9 8 7 0 1 
4 6 7 8 13 12 5 4 3 1 
4 3 10 11 8 13 12 5 4 3 1 
4 5 12 5 4 6 7 0 1 
4 3 10 11 12 11 10 3 1 
4 6 7 8 11 12 11 10 3 1 
4 5 12 13 10 3 1 
4 3 10 11 12 5 4 3 1 
4 6 7 8 11 12 5 2 1 
---------------
Request id 7
7 0 1 2 5 9 5 2 1 3 10 13 12 5 4 6 7 8 11 8 9 5 2 0 
7 0 2 5 9 5 12 13 12 5 4 3 10 11 10 3 1 2 0 
7 0 2 5 9 5 12 11 8 13 12 5 4 6 7 8 11 10 3 4 5 2 0 
7 8 9 5 4 3 10 13 8 7 6 4 5 12 11 8 9 5 2 0 
7 0 2 5 9 5 12 13 8 11 8 9 5 2 0 
7 6 4 5 9 5 4 3 10 13 8 7 6 4 5 12 11 8 13 10 3 1 0 
7 0 2 5 12 13 8 9 5 4 3 10 13 12 5 9 8 11 10 3 1 2 0 
7 0 2 5 12 13 8 9 5 2 0 7 8 13 10 3 4 5 12 11 12 5 2 1 0 
7 8 9 5 12 13 12 5 4 3 10 11 10 3 4 5 2 0 
7 6 4 5 9 5 2 1 3 10 13 10 11 10 3 4 5 2 0 
7 8 11 12 5 9 8 13 10 11 10 3 4 5 2 0 
7 0 2 5 12 13 8 9 5 2 0 7 8 13 10 3 4 5 9 8 11 12 5 2 1 0 
7 0 1 2 5 9 5 12 11 8 13 12 5 9 8 11 12 5 2 1 0 
7 8 11 12 5 9 8 13 12 11 10 13 8 7 0 
7 6 4 5 12 13 8 9 8 11 12 13 8 9 5 12 11 8 7 0 
7 8 11 12 5 9 5 12 11 8 13 10 3 4 5 12 11 12 5 2 0 
7 0 1 2 5 9 5 4 6 7 8 13 12 5 9 8 11 12 13 8 7 0 
7 8 13 12 5 9 5 12 13 10 3 4 5 9 8 11 10 3 1 0 
7 8 11 12 5 9 5 12 11 8 13 8 11 10 3 4 5 2 0 
7 6 4 5 9 8 11 12 13 8 7 6 4 5 12 11 12 13 8 7 0 
7 8 11 12 5 9 8 11 10 13 10 11 8 13 10 3 1 0 
7 8 11 12 5 9 8 11 10 13 12 5 4 3 10 11 10 3 4 5 2 0 
7 0 2 5 9 5 2 0 7 8 13 10 3 4 5 9 8 11 12 13 8 7 0 
7 8 13 12 5 9 8 13 10 11 8 9 5 2 0 
7 0 1 3 4 5 9 5 12 13 12 5 4 3 10 11 10 3 1 0 
7 0 1 2 5 9 8 11 10 13 10 11 8 13 10 3 1 0 
7 8 13 10 11 12 5 9 5 2 1 3 10 13 10 3 4 5 12 11 12 5 2 1 0 
7 6 4 5 12 13 8 9 5 12 13 8 7 6 4 5 12 11 12 5 2 1 0 
7 0 1 2 5 9 5 12 11 10 13 8 11 12 13 8 7 0 
7 0 1 2 5 9 8 11 10 13 8 9 5 12 11 8 7 0 
7 6 4 5 12 13 8 9 5 4 6 7 8 13 8 11 8 13 10 3 1 0 
7 6 4 5 9 5 2 1 3 10 13 12 11 8 7 0 
7 6 4 5 9 5 12 11 10 13 12 5 4 3 10 11 10 3 1 2 0 
7 6 4 5 9 8 11 12 13 10 3 4 5 12 11 12 5 2 1 0 
7 0 1 3 4 5 9 8 13 10 3 4 5 9 8 11 10 3 1 0 
7 0 2 5 12 13 8 9 5 2 0 7 8 13 10 3 4 5 9 8 11 8 13 10 3 1 0 
7 0 2 5 12 13 8 9 5 2 1 3 10 13 12 5 4 3 10 11 8 7 0 
7 0 2 5 9 5 12 11 10 13 8 7 6 4 5 12 11 12 5 2 1 0 
7 0 2 5 9 5 12 11 8 13 12 5 9 8 11 10 13 8 7 0 
7 0 2 5 9 5 4 3 10 13 10 3 4 5 12 11 10 3 4 5 2 0 
---------------
Request id 9
1 2 5 9 9 5 12 11 8 13 8 7 0 2 5 
1 3 10 13 12 5 9 9 8 11 10 13 12 11 8 9 5 
1 2 5 9 9 8 11 10 13 8 7 6 4 5 
1 3 10 13 12 5 9 9 5 4 3 10 13 12 11 8 9 5 
1 0 2 5 9 9 8 13 8 7 6 4 5 
1 0 7 8 9 9 8 13 8 9 5 
1 2 0 7 8 9 9 5 4 3 10 13 8 11 12 5 
1 0 7 8 9 9 8 13 12 11 8 9 5 
1 3 10 11 8 9 9 5 2 0 7 8 13 8 9 5 
1 2 5 9 9 5 4 6 7 8 13 10 3 1 2 5 
1 0 7 6 4 5 9 9 5 12 11 8 13 10 11 8 9 5 
1 2 5 12 11 8 9 9 5 4 3 10 13 10 3 4 5 
1 2 5 12 11 8 9 9 5 12 11 10 13 12 5 
1 3 10 13 12 5 9 9 8 11 10 13 8 7 0 2 5 
1 0 7 6 4 5 9 9 8 13 8 11 12 5 
1 0 2 5 9 9 5 2 1 3 10 13 10 3 1 2 5 
1 0 7 8 9 9 8 13 12 5 
1 3 4 5 9 9 5 12 11 8 13 8 7 0 2 5 
1 3 10 13 8 9 9 5 2 0 7 8 13 10 11 8 9 5 
1 2 5 9 9 5 4 3 10 13 12 5 
1 3 4 5 9 9 5 2 0 7 8 13 12 5 
1 3 10 11 8 9 9 8 13 10 11 12 5 
1 3 10 13 8 9 9 5 12 11 8 13 10 11 12 5 
1 0 7 6 4 5 9 9 8 11 12 13 12 5 
1 2 0 7 8 9 9 5 12 11 10 13 8 9 5 
1 3 4 5 9 9 5 2 1 3 10 13 10 3 4 5 
1 3 10 11 8 9 9 5 4 3 10 13 12 5 
1 3 10 13 12 5 9 9 8 11 12 13 8 7 6 4 5 
1 3 10 11 8 9 9 5 12 11 8 13 8 9 5 
1 3 10 13 8 9 9 8 11 10 13 8 7 0 2 5 
1 3 4 5 9 9 5 12 13 10 3 4 5 
1 3 10 11 8 9 9 8 13 10 11 8 9 5 
1 2 5 9 9 5 2 1 3 10 13 8 7 6 4 5 
1 2 5 12 11 8 9 9 8 11 10 13 8 11 12 5 
1 2 5 9 9 5 12 11 8 13 10 3 1 2 5 
1 3 10 13 8 9 9 8 13 12 5 
1 3 10 13 8 9 9 5 12 11 8 13 10 3 4 5 
1 3 10 13 8 9 9 5 12 11 10 13 8 11 12 5 
1 3 10 11 8 9 9 5 4 6 7 8 13 10 11 8 9 5 
1 0 7 6 4 5 9 9 5 12 11 8 13 8 7 6 4 5 
---------------
