Request id 6
38 34 31 27 24 24 24 16 18 15 9 
38 34 31 27 24 24 24 20 17 16 18 15 9 
38 34 31 27 24 24 24 16 11 13 0 2 9 
38 34 31 27 24 24 24 16 18 13 0 2 9 
38 34 31 27 24 24 24 16 11 13 18 15 9 
38 34 31 27 24 24 24 23 26 28 25 18 15 9 
38 34 31 27 24 24 24 16 18 25 29 19 15 9 
38 34 31 27 24 24 24 16 11 6 3 13 18 15 9 
38 34 31 27 24 24 24 27 22 21 17 16 18 15 9 
38 34 31 27 24 24 24 16 11 13 3 5 0 2 9 
---------------
Request id 12
2 0 13 13 18 25 28 32 40 41 61 62 66 
2 0 13 13 18 25 28 32 40 56 58 63 66 
2 0 13 13 18 25 28 32 40 41 46 54 62 66 
2 0 13 13 18 25 28 32 40 56 59 61 62 66 
2 0 13 13 18 16 24 30 33 39 40 56 58 63 66 
2 0 13 13 11 16 18 25 28 32 40 56 58 63 66 
2 0 13 13 11 16 18 25 28 32 40 41 61 62 66 
2 0 13 13 18 16 24 30 33 39 40 41 61 62 66 
2 0 13 13 11 16 24 30 33 39 40 41 61 62 66 
2 0 13 13 11 16 24 30 33 39 40 56 58 63 66 
---------------
Request id 4
7 8 6 11 13 18 25 28 32 40 41 61 
7 8 6 11 16 18 25 28 32 40 41 61 
7 8 6 11 16 24 30 33 39 40 41 61 
7 8 6 11 13 18 25 28 32 40 56 59 61 
7 8 6 11 16 24 23 26 28 32 40 41 61 
7 8 6 11 16 24 30 33 39 40 56 59 61 
7 8 6 11 16 18 25 28 32 40 56 59 61 
7 8 6 11 16 17 20 24 30 33 39 40 41 61 
7 8 6 11 6 3 13 18 25 28 32 40 41 61 
7 8 6 11 16 24 23 26 28 32 40 56 59 61 
---------------
Request id 18
25 18 18 18 25 28 32 40 56 
25 18 18 18 16 24 30 33 39 40 56 
25 18 18 18 25 28 32 40 41 61 59 56 
25 18 18 18 25 29 36 37 35 32 40 56 
25 18 18 18 15 19 29 25 28 32 40 56 
25 18 18 18 16 24 23 26 28 32 40 56 
25 18 18 18 16 24 30 33 39 38 42 51 56 
25 18 18 18 13 11 16 24 30 33 39 40 56 
25 18 18 18 16 17 20 24 30 33 39 40 56 
25 18 18 18 16 24 27 31 34 38 42 51 56 
---------------
Request id 1
22 27 24 30 33 39 40 41 61 62 66 
22 27 24 30 33 39 40 56 58 63 66 
22 27 24 30 33 39 40 41 46 54 62 66 
22 27 24 30 33 39 40 56 59 61 62 66 
22 27 24 23 26 28 32 40 41 61 62 66 
22 27 24 23 26 28 32 40 56 58 63 66 
22 27 24 30 33 39 38 42 51 56 58 63 66 
22 27 24 23 26 28 32 40 56 59 61 62 66 
22 27 24 27 31 34 38 39 40 41 61 62 66 
22 27 24 16 18 25 28 32 40 56 58 63 66 
---------------
Request id 15
72 71 69 67 66 63 58 56 40 32 28 25 18 18 18 13 3 1 4 7 
72 71 69 67 66 63 58 56 40 32 28 25 18 18 18 16 11 6 8 7 
72 71 69 67 66 63 58 56 40 32 28 25 18 18 18 13 3 6 8 7 
72 71 69 67 66 63 58 56 40 32 28 25 18 18 18 13 11 6 8 7 
72 71 69 67 66 63 58 56 40 32 28 25 18 18 18 16 11 12 10 8 7 
72 71 69 67 66 63 58 56 40 32 28 25 18 18 18 13 11 12 10 8 7 
72 71 69 67 66 63 58 56 40 32 28 25 18 18 18 16 17 14 12 10 8 7 
72 71 69 67 66 63 58 56 40 32 28 25 18 18 18 13 11 6 3 1 4 7 
72 71 69 67 66 63 58 56 40 32 28 25 18 18 18 13 0 5 3 1 4 7 
72 71 69 67 66 63 58 56 40 32 28 25 18 18 18 16 11 13 3 6 8 7 
---------------
Request id 5
22 21 17 16 18 25 28 32 40 56 59 
22 21 17 20 24 30 33 39 40 56 59 
22 21 17 16 24 30 33 39 40 56 59 
22 21 17 20 24 23 26 28 32 40 56 59 
22 21 17 20 24 30 33 39 40 41 61 59 
22 21 17 16 24 30 33 39 40 41 61 59 
22 21 17 16 18 25 28 32 40 41 61 59 
22 21 17 16 24 23 26 28 32 40 56 59 
22 21 17 21 22 27 31 34 38 42 51 56 59 
22 21 17 16 11 13 18 25 28 32 40 56 59 
---------------
Request id 8
59 56 40 39 33 30 24 24 24 23 26 
59 56 40 39 33 30 24 24 24 16 18 25 28 26 
59 56 40 39 33 30 24 24 24 20 17 16 18 25 28 26 
59 56 40 39 33 30 24 24 24 16 11 13 18 25 28 26 
59 56 40 39 33 30 24 24 24 30 33 39 40 32 28 26 
59 56 40 39 33 30 24 24 24 16 18 15 19 29 25 28 26 
59 56 40 39 33 30 24 24 24 16 11 6 3 13 18 25 28 26 
59 56 40 39 33 30 24 24 24 27 22 21 17 16 18 25 28 26 
59 56 40 39 33 30 24 24 24 27 31 34 38 39 40 32 28 26 
59 56 40 39 33 30 24 24 24 20 17 16 11 13 18 25 28 26 
---------------
Request id 16
37 36 29 25 18 18 25 28 32 40 56 51 
37 36 29 25 18 18 16 24 30 33 39 38 42 51 
37 36 29 25 18 18 25 28 32 40 39 38 42 51 
37 36 29 25 18 18 16 24 27 31 34 38 42 51 
37 36 29 25 18 18 16 24 30 33 39 40 56 51 
37 36 29 25 18 18 25 29 36 37 35 32 40 56 51 
37 36 29 25 18 18 15 19 29 25 28 32 40 56 51 
37 36 29 25 18 18 16 24 23 26 28 32 40 56 51 
37 36 29 25 18 18 25 28 32 40 41 61 59 56 51 
37 36 29 25 18 18 16 17 21 22 27 31 34 38 42 51 
---------------
Request id 2
68 65 54 46 41 40 39 33 30 24 24 30 33 39 40 41 46 48 57 
68 65 54 46 41 40 39 33 30 24 24 23 26 28 32 40 41 46 48 57 
68 65 54 46 41 40 39 33 30 24 24 16 18 25 29 36 37 45 44 48 57 
68 65 54 46 41 40 39 33 30 24 24 23 26 28 32 35 37 45 44 48 57 
68 65 54 46 41 40 39 33 30 24 24 27 31 34 38 39 40 41 46 48 57 
68 65 54 46 41 40 39 33 30 24 24 16 18 25 28 32 40 41 46 48 57 
68 65 54 46 41 40 39 33 30 24 24 30 33 39 40 41 46 54 65 64 60 57 
68 65 54 46 41 40 39 33 30 24 24 23 26 28 25 29 36 37 45 44 48 57 
68 65 54 46 41 40 39 33 30 24 24 16 18 15 19 29 36 37 45 44 48 57 
68 65 54 46 41 40 39 33 30 24 24 16 18 25 28 32 35 37 45 44 48 57 
---------------
Request id 19
40 32 28 25 18 25 28 32 40 56 51 42 49 
40 32 28 25 18 16 24 27 31 34 38 42 49 
40 32 28 25 18 25 28 32 40 39 38 42 49 
40 32 28 25 18 16 24 30 33 39 38 42 49 
40 32 28 25 18 25 28 32 40 56 58 55 49 
40 32 28 25 18 16 17 21 22 27 31 34 38 42 49 
40 32 28 25 18 13 11 16 24 27 31 34 38 42 49 
40 32 28 25 18 16 17 20 24 27 31 34 38 42 49 
40 32 28 25 18 16 24 30 33 39 40 56 51 42 49 
40 32 28 25 18 13 11 16 24 30 33 39 38 42 49 
---------------
Request id 9
68 65 54 46 41 40 32 28 25 18 25 28 32 40 41 46 54 65 
68 65 54 46 41 40 32 28 25 18 25 28 32 40 41 61 62 54 65 
68 65 54 46 41 40 32 28 25 18 25 29 36 37 45 44 48 46 54 65 
68 65 54 46 41 40 32 28 25 18 25 28 32 40 56 59 61 62 54 65 
68 65 54 46 41 40 32 28 25 18 16 24 30 33 39 40 41 46 54 65 
68 65 54 46 41 40 32 28 25 18 25 28 32 35 37 45 44 48 46 54 65 
68 65 54 46 41 40 32 28 25 18 25 29 36 37 35 32 40 41 46 54 65 
68 65 54 46 41 40 32 28 25 18 16 24 30 33 39 40 41 61 62 54 65 
68 65 54 46 41 40 32 28 25 18 15 19 29 25 28 32 40 41 46 54 65 
68 65 54 46 41 40 32 28 25 18 25 29 36 37 45 44 48 57 60 64 65 
---------------
Request id 11
1 3 13 18 16 24 27 31 34 43 
1 3 6 11 16 24 27 31 34 43 
1 3 13 11 16 24 27 31 34 43 
1 3 13 18 16 17 20 24 27 31 34 43 
1 3 6 11 13 18 16 24 27 31 34 43 
1 3 6 11 16 17 21 22 27 31 34 43 
1 3 5 0 13 11 16 24 27 31 34 43 
1 3 13 18 25 28 32 40 39 38 34 43 
1 3 6 11 16 17 20 24 27 31 34 43 
1 3 5 0 13 18 16 24 27 31 34 43 
---------------
Request id 10
0 13 13 13 11 6 8 
0 13 13 13 3 6 8 
0 13 13 13 11 12 10 8 
0 13 13 13 3 1 4 7 8 
0 13 13 13 18 16 11 6 8 
0 13 13 13 0 5 3 6 8 
0 13 13 13 3 6 11 12 10 8 
0 13 13 13 18 16 11 12 10 8 
0 13 13 13 11 6 3 1 4 7 8 
0 13 13 13 0 5 3 1 4 7 8 
---------------
Request id 7
12 11 11 13 18 25 28 32 
12 11 11 16 18 25 28 32 
12 11 11 16 24 23 26 28 32 
12 11 11 6 3 13 18 25 28 32 
12 11 11 16 24 30 33 39 40 32 
12 11 11 13 18 25 29 36 37 35 32 
12 11 11 16 18 25 29 36 37 35 32 
12 11 11 12 14 17 16 18 25 28 32 
12 11 11 16 17 20 24 23 26 28 32 
12 11 11 16 18 15 19 29 25 28 32 
---------------
Request id 20
44 45 37 36 29 25 18 18 18 25 28 32 40 41 46 54 65 68 
44 45 37 36 29 25 18 18 18 25 28 32 40 56 58 63 66 67 68 
44 45 37 36 29 25 18 18 18 25 28 32 40 41 61 62 66 67 68 
44 45 37 36 29 25 18 18 18 25 28 32 40 41 61 62 54 65 68 
44 45 37 36 29 25 18 18 18 16 24 30 33 39 40 41 46 54 65 68 
44 45 37 36 29 25 18 18 18 25 28 32 40 56 58 63 66 67 69 68 
44 45 37 36 29 25 18 18 18 25 29 36 37 45 44 48 46 54 65 68 
44 45 37 36 29 25 18 18 18 25 28 32 40 41 46 54 62 66 67 68 
44 45 37 36 29 25 18 18 18 25 28 32 40 56 59 61 62 66 67 68 
44 45 37 36 29 25 18 18 18 25 28 32 40 41 61 62 66 67 69 68 
---------------
Request id 13
69 67 66 63 58 56 40 32 28 25 18 18 16 24 27 31 34 43 47 
69 67 66 63 58 56 40 32 28 25 18 18 25 28 32 40 39 38 34 43 47 
69 67 66 63 58 56 40 32 28 25 18 18 16 17 21 22 27 31 34 43 47 
69 67 66 63 58 56 40 32 28 25 18 18 13 11 16 24 27 31 34 43 47 
69 67 66 63 58 56 40 32 28 25 18 18 16 24 30 33 39 38 34 43 47 
69 67 66 63 58 56 40 32 28 25 18 18 16 17 20 24 27 31 34 43 47 
69 67 66 63 58 56 40 32 28 25 18 18 25 28 26 23 24 27 31 34 43 47 
69 67 66 63 58 56 40 32 28 25 18 18 25 28 32 40 56 51 42 38 34 43 47 
69 67 66 63 58 56 40 32 28 25 18 18 13 3 6 11 16 24 27 31 34 43 47 
69 67 66 63 58 56 40 32 28 25 18 18 13 11 16 17 21 22 27 31 34 43 47 
---------------
Request id 3
61 41 40 32 28 25 18 18 18 25 28 32 40 41 46 54 65 68 
61 41 40 32 28 25 18 18 18 25 28 32 40 56 58 63 66 67 68 
61 41 40 32 28 25 18 18 18 25 28 32 40 41 61 62 66 67 68 
61 41 40 32 28 25 18 18 18 25 28 32 40 41 61 62 54 65 68 
61 41 40 32 28 25 18 18 18 16 24 30 33 39 40 41 46 54 65 68 
61 41 40 32 28 25 18 18 18 25 28 32 40 56 58 63 66 67 69 68 
61 41 40 32 28 25 18 18 18 25 29 36 37 45 44 48 46 54 65 68 
61 41 40 32 28 25 18 18 18 25 28 32 40 41 46 54 62 66 67 68 
61 41 40 32 28 25 18 18 18 25 28 32 40 56 59 61 62 54 65 68 
61 41 40 32 28 25 18 18 18 25 28 32 40 41 61 62 66 67 69 68 
---------------
Request id 17
58 56 40 32 28 25 18 16 24 30 33 
58 56 40 32 28 25 18 13 11 16 24 30 33 
58 56 40 32 28 25 18 16 17 20 24 30 33 
58 56 40 32 28 25 18 25 28 32 40 39 33 
58 56 40 32 28 25 18 25 28 26 23 24 30 33 
58 56 40 32 28 25 18 16 24 27 31 34 38 39 33 
58 56 40 32 28 25 18 13 3 6 11 16 24 30 33 
58 56 40 32 28 25 18 16 17 21 22 27 24 30 33 
58 56 40 32 28 25 18 13 11 16 17 20 24 30 33 
58 56 40 32 28 25 18 25 29 36 37 35 32 40 39 33 
---------------
Request id 14
33 30 24 24 20 
33 30 24 24 16 17 20 
33 30 24 24 27 22 21 17 20 
33 30 24 24 16 11 12 14 17 20 
33 30 24 24 23 26 28 25 18 16 17 20 
33 30 24 24 16 18 13 11 12 14 17 20 
33 30 24 24 16 11 6 8 10 12 14 17 20 
33 30 24 24 23 26 28 25 18 13 11 16 17 20 
33 30 24 24 16 18 13 3 6 11 12 14 17 20 
33 30 24 24 23 26 28 25 29 19 15 18 16 17 20 
---------------
