Request id 8
2 3 3 3 9 17 23 29 35 26 21 30 37 40 46 50 52 55 58 60 62 67 74 83 85 87 94 100 99 97 96 95 
2 1 8 7 12 17 9 13 32 31 22 14 11 6 4 0 3 3 3 9 17 23 29 35 36 40 46 50 52 55 58 60 62 67 74 83 85 101 102 98 94 100 99 97 96 95 
2 3 3 3 9 17 23 29 35 36 40 46 49 56 75 72 73 77 68 63 67 74 83 85 101 102 98 94 100 99 97 96 95 
2 3 3 3 9 17 23 29 35 36 40 46 50 52 55 58 60 62 67 74 71 81 82 84 83 85 87 94 100 99 97 96 95 
2 3 3 3 2 1 8 7 12 17 23 29 35 36 40 46 50 52 55 58 60 62 67 74 83 85 87 94 100 99 97 96 95 
2 3 3 3 9 17 23 29 35 36 40 46 49 56 75 72 73 77 68 63 67 74 83 85 87 94 100 99 97 96 95 
2 1 8 7 12 17 9 13 32 31 22 14 11 6 4 0 3 3 3 9 17 23 29 35 36 40 46 50 52 55 58 60 62 67 74 83 85 87 94 100 99 97 96 95 
2 1 8 7 12 17 9 3 3 3 9 17 23 29 35 36 40 46 50 52 55 58 60 62 67 74 83 85 87 94 100 99 97 96 95 
2 1 8 7 12 17 9 3 3 3 9 17 23 29 35 36 40 46 49 56 75 78 66 68 63 67 74 83 85 87 94 100 99 97 96 95 
2 1 8 7 12 17 9 3 3 3 9 17 23 29 35 36 40 46 49 56 75 72 73 77 68 63 67 74 83 85 101 102 98 94 100 99 97 96 95 
2 3 3 3 9 17 23 29 35 26 21 30 37 40 46 49 56 75 78 66 68 63 67 74 83 85 87 94 100 99 97 96 95 
2 1 8 7 12 17 9 13 32 31 22 14 11 6 4 0 3 3 3 9 17 23 29 35 26 21 30 37 40 46 50 52 55 58 60 62 67 74 83 85 87 94 100 99 97 96 95 
2 1 8 7 12 17 9 13 32 31 22 14 11 6 4 0 3 3 3 9 17 23 29 35 36 40 46 49 56 75 72 73 77 68 63 67 74 83 85 101 102 98 94 100 99 97 96 95 
2 1 8 7 12 17 9 13 32 31 22 14 11 6 4 0 3 3 3 2 1 8 7 12 17 23 29 35 36 40 46 50 52 55 58 60 62 67 74 83 85 87 94 100 99 97 96 95 
2 3 3 3 9 17 23 29 35 36 40 46 49 56 75 78 66 68 63 67 74 83 85 87 94 100 99 97 96 95 
2 1 8 7 12 17 9 3 3 3 9 17 23 29 35 36 40 46 50 52 55 58 60 62 67 74 83 85 101 102 98 94 100 99 97 96 95 
2 1 8 7 12 17 9 13 32 31 22 14 11 6 4 0 3 3 3 9 17 23 29 35 36 40 46 49 56 75 78 66 68 63 67 74 83 85 101 102 98 94 100 99 97 96 95 
2 1 8 7 12 17 9 3 3 3 9 17 23 29 35 36 40 46 49 56 75 72 73 77 68 63 67 74 83 85 87 94 100 99 97 96 95 
2 3 3 3 9 17 23 29 35 36 40 46 50 52 55 58 60 62 67 74 83 85 87 94 100 99 97 96 95 
2 1 8 7 12 17 9 13 32 31 22 14 11 6 4 0 3 3 3 9 17 23 29 35 36 40 46 49 56 75 72 73 77 68 63 67 74 83 85 87 94 100 99 97 96 95 
2 3 3 3 9 17 23 29 35 36 40 46 50 52 55 58 60 62 67 74 83 85 101 102 98 94 100 99 97 96 95 
2 1 8 7 12 17 9 13 32 31 22 14 11 6 4 0 3 3 3 9 17 23 29 35 26 21 30 37 40 46 49 56 75 78 66 68 63 67 74 83 85 87 94 100 99 97 96 95 
2 3 3 3 9 17 23 29 35 36 40 46 49 56 75 78 66 68 63 67 74 83 85 101 102 98 94 100 99 97 96 95 
2 1 8 7 12 17 9 3 3 3 9 17 23 29 35 26 21 30 37 40 46 50 52 55 58 60 62 67 74 83 85 87 94 100 99 97 96 95 
2 1 8 7 12 17 9 3 3 3 9 17 23 29 35 36 40 46 50 52 55 58 60 62 67 74 71 81 82 84 83 85 87 94 100 99 97 96 95 
2 1 8 7 12 17 9 3 3 3 9 17 23 29 35 36 40 46 49 56 75 78 66 68 63 67 74 83 85 101 102 98 94 100 99 97 96 95 
2 1 8 7 12 17 9 3 3 3 2 1 8 7 12 17 23 29 35 36 40 46 50 52 55 58 60 62 67 74 83 85 87 94 100 99 97 96 95 
2 1 8 7 12 17 9 13 32 31 22 14 11 6 4 0 3 3 3 9 17 23 29 35 36 40 46 49 56 75 78 66 68 63 67 74 83 85 87 94 100 99 97 96 95 
2 1 8 7 12 17 9 3 3 3 9 17 23 29 35 26 21 30 37 40 46 49 56 75 78 66 68 63 67 74 83 85 87 94 100 99 97 96 95 
2 1 8 7 12 17 9 13 32 31 22 14 11 6 4 0 3 3 3 9 17 23 29 35 36 40 46 50 52 55 58 60 62 67 74 71 81 82 84 83 85 87 94 100 99 97 96 95 
---------------
Request id 2
7 12 17 17 23 29 35 26 21 30 37 40 46 50 52 55 58 60 62 67 74 83 85 101 
7 8 1 2 3 9 17 17 23 29 35 36 40 46 50 52 55 58 60 62 67 74 71 81 82 84 83 85 101 
7 8 1 2 3 0 4 6 11 14 22 31 32 13 9 17 17 23 29 35 36 40 46 49 56 75 78 66 68 63 67 74 71 81 82 84 83 85 101 
7 8 1 2 3 0 4 6 11 14 22 31 32 13 9 17 17 23 29 35 36 40 46 50 52 55 58 60 62 67 74 83 85 101 
7 8 1 2 3 9 17 17 23 29 35 26 21 30 37 40 46 49 56 75 78 66 68 63 67 74 83 85 101 
7 12 17 17 23 29 35 36 40 46 49 56 75 78 66 68 63 67 74 71 81 82 84 83 85 101 
7 8 1 2 3 0 4 6 11 14 22 31 32 13 9 17 17 23 29 35 26 21 30 37 40 46 50 52 55 58 60 62 67 74 83 85 101 
7 8 1 2 3 0 4 6 11 14 22 31 32 13 9 17 17 23 29 35 36 40 46 50 52 55 58 60 62 67 74 83 85 87 94 98 102 101 
7 12 17 17 23 29 35 36 40 46 50 52 55 58 60 62 67 74 83 85 87 94 98 102 101 
7 8 1 2 3 0 4 6 11 14 22 31 32 13 9 17 17 23 29 35 36 40 46 50 52 55 58 60 62 67 74 71 81 82 84 83 85 101 
7 12 17 17 23 29 35 36 40 46 49 56 75 78 66 68 63 67 74 83 85 87 94 98 102 101 
7 8 1 2 3 9 17 17 23 29 35 36 40 46 49 56 75 78 66 68 63 67 74 83 85 87 94 98 102 101 
7 8 1 2 3 9 17 17 23 29 35 36 40 46 50 52 55 58 60 62 67 74 83 85 101 
7 12 17 17 23 29 35 36 40 46 50 52 55 58 60 62 67 74 83 85 101 
7 12 17 17 23 29 35 26 21 30 37 40 46 49 56 75 78 66 68 63 67 74 83 85 101 
7 8 1 2 3 9 17 17 23 29 35 26 21 30 37 40 46 50 52 55 58 60 62 67 74 83 85 101 
7 8 1 2 3 0 4 6 11 14 22 31 32 13 9 17 17 23 29 35 36 40 46 49 56 75 72 73 77 68 63 67 74 83 85 101 
7 8 1 2 3 0 4 6 11 14 22 31 32 13 9 17 17 23 29 35 36 40 46 49 56 75 78 66 68 63 67 74 83 85 87 94 98 102 101 
7 12 17 17 23 29 35 36 40 46 50 52 55 58 60 62 67 74 71 81 82 84 83 85 101 
7 8 1 2 3 0 4 6 11 14 22 31 32 13 9 17 17 23 29 35 26 21 30 37 40 46 49 56 75 72 73 77 68 63 67 74 83 85 101 
7 8 1 2 3 9 17 17 23 29 35 36 40 46 49 56 75 78 66 68 63 67 74 71 81 82 84 83 85 101 
7 8 1 2 3 9 17 17 23 29 35 26 21 30 37 40 46 49 56 75 72 73 77 68 63 67 74 83 85 101 
7 8 1 2 3 0 4 6 11 14 22 31 32 13 9 17 17 23 29 35 26 21 30 37 40 46 49 56 75 78 66 68 63 67 74 83 85 101 
7 8 1 2 3 0 4 6 11 14 22 31 32 13 9 17 17 23 29 35 36 40 46 49 56 75 78 66 68 63 67 74 83 85 101 
7 8 1 2 3 9 17 17 23 29 35 36 40 46 49 56 75 78 66 68 63 67 74 83 85 101 
7 8 1 2 3 9 17 17 23 29 35 36 40 46 49 56 75 72 73 77 68 63 67 74 83 85 101 
7 12 17 17 23 29 35 26 21 30 37 40 46 49 56 75 72 73 77 68 63 67 74 83 85 101 
7 12 17 17 23 29 35 36 40 46 49 56 75 78 66 68 63 67 74 83 85 101 
7 12 17 17 23 29 35 36 40 46 49 56 75 72 73 77 68 63 67 74 83 85 101 
7 8 1 2 3 9 17 17 23 29 35 36 40 46 50 52 55 58 60 62 67 74 83 85 87 94 98 102 101 
---------------
Request id 4
66 68 63 67 74 83 84 82 81 80 69 64 59 57 54 65 62 60 58 55 52 50 46 49 56 75 78 66 68 63 67 62 60 58 55 52 50 46 40 43 33 20 15 5 19 28 
66 68 63 67 74 83 84 82 81 80 69 64 59 57 54 53 48 34 45 65 62 60 58 55 52 50 46 49 56 75 56 49 46 40 43 33 20 25 24 16 10 15 5 19 28 
66 68 63 67 74 71 81 80 69 64 59 57 54 53 48 34 45 65 62 60 58 55 52 50 46 49 56 75 78 66 68 63 67 62 60 58 55 52 50 46 40 41 33 20 15 5 19 28 
66 68 63 67 74 83 84 82 81 80 69 64 59 57 54 65 62 60 58 55 52 50 46 49 56 75 72 73 77 68 63 67 62 60 58 55 52 50 46 40 28 
66 68 63 67 62 60 58 55 52 50 46 49 56 75 78 66 68 63 67 62 60 58 55 52 50 46 40 41 33 20 15 5 19 28 
66 78 75 56 49 46 40 28 
66 68 63 67 74 83 84 82 81 80 69 64 59 57 54 65 62 60 58 55 52 50 46 49 56 75 78 66 68 63 67 62 60 58 55 52 50 46 40 28 
66 68 63 67 62 60 58 55 52 50 46 49 56 75 56 49 46 40 28 
66 68 63 67 74 71 81 80 69 64 59 57 54 65 62 60 58 55 52 50 46 49 56 75 56 49 46 40 41 33 20 25 24 16 10 15 5 19 28 
66 68 63 67 74 83 84 82 81 80 69 64 59 57 54 65 62 60 58 55 52 50 46 49 56 75 72 73 77 68 63 67 62 60 58 55 52 50 46 40 41 33 20 15 5 19 28 
66 68 77 73 72 75 78 66 68 63 67 62 60 58 55 52 50 46 40 41 33 20 15 5 19 28 
66 68 63 67 74 83 84 82 81 80 69 64 59 57 54 53 48 34 45 65 62 60 58 55 52 50 46 49 56 75 56 49 46 40 28 
66 68 63 67 74 71 81 80 69 64 59 57 54 53 48 34 45 65 62 60 58 55 52 50 46 49 56 75 78 66 68 63 67 62 60 58 55 52 50 46 40 28 
66 68 77 73 72 75 78 66 68 63 67 62 60 58 55 52 50 46 40 43 33 20 15 5 19 28 
66 68 63 67 74 71 81 80 69 64 59 57 54 53 48 34 45 65 62 60 58 55 52 50 46 49 56 75 56 49 46 40 43 33 20 25 24 16 10 15 5 19 28 
66 78 75 56 49 46 40 43 33 20 25 24 16 10 15 5 19 28 
66 68 63 67 62 60 58 55 52 50 46 49 56 75 56 49 46 40 41 33 20 15 5 19 28 
66 68 63 67 74 71 81 80 69 64 59 57 54 53 48 34 45 65 62 60 58 55 52 50 46 49 56 75 56 49 46 40 43 33 20 15 5 19 28 
66 68 63 67 74 83 84 82 81 80 69 64 59 57 54 65 62 60 58 55 52 50 46 49 56 75 78 66 68 63 67 62 60 58 55 52 50 46 40 41 33 20 15 5 19 28 
66 68 63 67 74 71 81 80 69 64 59 57 54 53 48 34 45 65 62 60 58 55 52 50 46 49 56 75 56 49 46 40 28 
66 68 63 67 74 83 84 82 81 80 69 64 59 57 54 65 62 60 58 55 52 50 46 49 56 75 56 49 46 40 43 33 20 15 5 19 28 
66 68 63 67 74 71 81 80 69 64 59 57 54 65 62 60 58 55 52 50 46 49 56 75 56 49 46 40 41 33 20 15 5 19 28 
66 78 75 56 49 46 40 41 33 20 25 24 16 10 15 5 19 28 
66 68 63 67 74 71 81 80 69 64 59 57 54 65 62 60 58 55 52 50 46 49 56 75 56 49 46 40 43 33 20 25 24 16 10 15 5 19 28 
66 68 63 67 74 83 84 82 81 80 69 64 59 57 54 53 48 34 45 65 62 60 58 55 52 50 46 49 56 75 56 49 46 40 41 33 20 25 24 16 10 15 5 19 28 
66 68 77 73 72 75 56 49 46 40 28 
66 68 63 67 74 83 84 82 81 80 69 64 59 57 54 53 48 34 45 65 62 60 58 55 52 50 46 49 56 75 56 49 46 40 43 33 20 15 5 19 28 
66 68 63 67 74 83 84 82 81 80 69 64 59 57 54 53 48 34 45 65 62 60 58 55 52 50 46 49 56 75 78 66 68 63 67 62 60 58 55 52 50 46 40 43 33 20 15 5 19 28 
66 68 63 67 74 71 81 80 69 64 59 57 54 53 48 34 45 65 62 60 58 55 52 50 46 49 56 75 56 49 46 40 41 33 20 25 24 16 10 15 5 19 28 
66 68 63 67 74 71 81 80 69 64 59 57 54 53 48 34 45 65 62 60 58 55 52 50 46 49 56 75 56 49 46 40 41 33 20 15 5 19 28 
66 68 63 67 62 60 58 55 52 50 46 49 56 75 56 49 46 40 41 33 20 25 24 16 10 15 5 19 28 
66 68 77 73 72 75 56 49 46 40 43 33 20 25 24 16 10 15 5 19 28 
66 68 63 67 74 71 81 80 69 64 59 57 54 53 48 34 45 65 62 60 58 55 52 50 46 49 56 75 78 66 68 63 67 62 60 58 55 52 50 46 40 43 33 20 15 5 19 28 
66 68 63 67 62 60 58 55 52 50 46 49 56 75 56 49 46 40 43 33 20 15 5 19 28 
66 68 63 67 74 83 84 82 81 80 69 64 59 57 54 65 62 60 58 55 52 50 46 49 56 75 56 49 46 40 41 33 20 25 24 16 10 15 5 19 28 
66 68 77 73 72 75 56 49 46 40 41 33 20 15 5 19 28 
66 78 75 78 66 68 63 67 62 60 58 55 52 50 46 40 28 
66 78 75 78 66 68 63 67 62 60 58 55 52 50 46 40 43 33 20 15 5 19 28 
66 68 63 67 62 60 58 55 52 50 46 49 56 75 72 73 77 68 63 67 62 60 58 55 52 50 46 40 28 
66 68 63 67 74 71 81 80 69 64 59 57 54 53 48 34 45 65 62 60 58 55 52 50 46 49 56 75 72 73 77 68 63 67 62 60 58 55 52 50 46 40 28 
---------------
Request id 5
7 8 1 2 3 9 17 17 23 29 35 36 40 46 49 56 75 72 73 77 68 63 67 74 71 81 80 69 79 86 93 
7 8 1 2 3 0 4 6 11 14 22 31 32 13 9 17 17 23 29 35 36 40 46 49 56 75 72 73 77 68 63 67 74 71 81 80 69 79 86 93 
7 8 1 2 3 9 17 17 23 29 35 36 40 46 49 56 75 78 66 68 63 67 74 71 81 80 69 79 76 70 86 93 
7 8 1 2 3 9 17 17 23 29 35 36 40 46 50 52 55 58 60 62 67 74 71 81 80 69 79 76 70 86 93 
7 8 1 2 3 9 17 17 23 29 35 36 40 46 50 52 55 58 60 62 65 54 57 59 64 69 79 76 70 86 93 
7 8 1 2 3 0 4 6 11 14 22 31 32 13 9 17 17 23 29 35 36 40 46 50 52 55 58 60 62 65 54 57 59 64 69 79 86 93 
7 12 17 17 23 29 35 36 40 46 49 56 75 78 66 68 63 67 74 83 84 82 81 80 69 79 86 93 
7 12 17 17 23 29 35 36 40 46 49 56 75 78 66 68 63 67 74 71 81 80 69 79 76 70 86 93 
7 12 17 17 23 29 35 26 21 30 37 40 46 50 52 55 58 60 62 65 54 57 59 64 69 79 86 93 
7 8 1 2 3 0 4 6 11 14 22 31 32 13 9 17 17 23 29 35 36 40 46 50 52 55 58 60 62 67 74 71 81 80 69 79 76 70 86 93 
7 8 1 2 3 9 17 17 23 29 35 36 40 46 49 56 75 78 66 68 63 67 74 83 84 82 81 80 69 79 86 93 
7 8 1 2 3 0 4 6 11 14 22 31 32 13 9 17 17 23 29 35 36 40 46 50 52 55 58 60 62 65 54 57 59 64 69 79 76 70 86 93 
7 8 1 2 3 0 4 6 11 14 22 31 32 13 9 17 17 23 29 35 36 40 46 49 56 75 78 66 68 63 67 74 71 81 80 69 79 76 70 86 93 
7 12 17 17 23 29 35 36 40 46 50 52 55 58 60 62 65 54 57 59 64 69 79 76 70 86 93 
7 8 1 2 3 0 4 6 11 14 22 31 32 13 9 17 17 23 29 35 36 40 46 49 56 75 78 66 68 63 67 74 83 84 82 81 80 69 79 86 93 
7 8 1 2 3 9 17 17 23 29 35 36 40 46 50 52 55 58 60 62 67 74 71 81 80 69 79 86 93 
7 8 1 2 3 9 17 17 23 29 35 36 40 46 50 52 55 58 60 62 65 54 57 59 64 69 79 86 93 
7 12 17 17 23 29 35 36 40 46 49 56 75 78 66 68 63 67 74 71 81 80 69 79 86 93 
7 8 1 2 3 0 4 6 11 14 22 31 32 13 9 17 17 23 29 35 26 21 30 37 40 46 50 52 55 58 60 62 65 54 57 59 64 69 79 86 93 
7 8 1 2 3 0 4 6 11 14 22 31 32 13 9 17 17 23 29 35 36 40 46 50 52 55 58 60 62 67 74 83 84 82 81 80 69 79 86 93 
7 8 1 2 3 0 4 6 11 14 22 31 32 13 9 17 17 23 29 35 36 40 46 49 56 75 78 66 68 63 67 74 71 81 80 69 79 86 93 
7 12 17 17 23 29 35 36 40 46 49 56 75 72 73 77 68 63 67 74 71 81 80 69 79 86 93 
7 12 17 17 23 29 35 36 40 46 50 52 55 58 60 62 67 74 71 81 80 69 79 86 93 
7 12 17 17 23 29 35 36 40 46 50 52 55 58 60 62 65 54 57 59 64 69 79 86 93 
7 8 1 2 3 0 4 6 11 14 22 31 32 13 9 17 17 23 29 35 36 40 46 50 52 55 58 60 62 67 74 71 81 80 69 79 86 93 
7 12 17 17 23 29 35 36 40 46 50 52 55 58 60 62 67 74 71 81 80 69 79 76 70 86 93 
7 8 1 2 3 9 17 17 23 29 35 26 21 30 37 40 46 50 52 55 58 60 62 65 54 57 59 64 69 79 86 93 
7 8 1 2 3 9 17 17 23 29 35 36 40 46 50 52 55 58 60 62 67 74 83 84 82 81 80 69 79 86 93 
7 12 17 17 23 29 35 36 40 46 50 52 55 58 60 62 67 74 83 84 82 81 80 69 79 86 93 
7 8 1 2 3 9 17 17 23 29 35 36 40 46 49 56 75 78 66 68 63 67 74 71 81 80 69 79 86 93 
---------------
Request id 14
99 100 94 87 85 83 84 82 81 80 69 64 59 57 54 53 48 34 45 65 62 60 58 55 52 50 46 40 37 30 21 26 35 29 23 17 9 3 0 4 6 11 14 
99 100 94 87 85 83 84 82 81 80 69 64 59 57 54 53 48 34 45 65 62 67 63 68 77 73 72 75 56 49 46 40 36 35 29 23 17 9 3 0 4 6 11 14 
99 100 94 87 85 83 84 82 81 80 69 64 59 57 54 53 48 34 45 65 62 67 63 68 66 78 75 56 49 46 40 37 30 21 26 35 29 23 17 9 13 32 31 22 14 
99 100 94 98 102 101 85 83 74 67 62 65 62 60 58 55 52 50 46 40 36 35 29 23 17 9 3 0 4 6 11 14 
99 100 94 98 102 101 85 83 74 67 62 65 62 60 58 55 52 50 46 40 36 35 29 23 17 9 13 32 31 22 14 
99 100 94 87 85 83 74 71 81 80 69 64 59 57 54 53 48 34 45 65 62 67 63 68 77 73 72 75 56 49 46 40 36 35 29 23 17 9 3 0 4 6 11 14 
99 100 94 87 85 83 84 82 81 71 74 67 62 65 62 60 58 55 52 50 46 40 37 30 21 26 35 29 23 17 9 13 32 31 22 14 
99 100 94 87 85 83 74 71 81 80 69 64 59 57 54 53 48 34 45 65 62 67 63 68 66 78 75 56 49 46 40 36 35 29 23 17 9 3 0 4 6 11 14 
99 100 94 98 102 101 85 83 84 82 81 80 69 64 59 57 54 65 62 60 58 55 52 50 46 40 36 35 29 23 17 9 13 32 31 22 14 
99 100 94 87 85 83 74 67 62 65 62 60 58 55 52 50 46 40 37 30 21 26 35 29 23 17 9 3 0 4 6 11 14 
99 100 94 87 85 83 84 82 81 80 69 64 59 57 54 53 48 34 45 65 62 60 58 55 52 50 46 40 36 35 29 23 17 9 13 32 31 22 14 
99 100 94 87 85 83 74 67 62 65 62 67 63 68 77 73 72 75 56 49 46 40 36 35 29 23 17 9 13 32 31 22 14 
99 100 94 87 85 83 74 71 81 80 69 64 59 57 54 65 62 60 58 55 52 50 46 40 36 35 29 23 17 9 3 0 4 6 11 14 
99 100 94 98 102 101 85 83 84 82 81 80 69 64 59 57 54 65 62 67 63 68 77 73 72 75 56 49 46 40 36 35 29 23 17 9 3 0 4 6 11 14 
99 100 94 87 85 83 84 82 81 71 74 67 62 65 62 67 63 68 66 78 75 56 49 46 40 36 35 29 23 17 9 13 32 31 22 14 
99 100 94 98 102 101 85 83 84 82 81 71 74 67 62 65 62 67 63 68 66 78 75 56 49 46 40 37 30 21 26 35 29 23 17 9 13 32 31 22 14 
99 100 94 98 102 101 85 83 84 82 81 71 74 67 62 65 62 67 63 68 77 73 72 75 56 49 46 40 36 35 29 23 17 9 3 0 4 6 11 14 
99 100 94 98 102 101 85 83 84 82 81 80 69 64 59 57 54 65 62 60 58 55 52 50 46 40 37 30 21 26 35 29 23 17 9 13 32 31 22 14 
99 100 94 87 85 83 74 71 81 80 69 64 59 57 54 65 62 60 58 55 52 50 46 40 37 30 21 26 35 29 23 17 9 13 32 31 22 14 
99 100 94 87 85 83 84 82 81 71 74 67 62 65 62 67 63 68 66 78 75 56 49 46 40 36 35 29 23 17 9 3 0 4 6 11 14 
99 100 94 98 102 101 85 83 84 82 81 80 69 64 59 57 54 65 62 67 63 68 66 78 75 56 49 46 40 37 30 21 26 35 29 23 17 9 13 32 31 22 14 
99 100 94 87 85 83 74 67 62 65 62 67 63 68 77 73 72 75 56 49 46 40 36 35 29 23 17 9 3 0 4 6 11 14 
99 100 94 87 85 83 74 71 81 80 69 64 59 57 54 53 48 34 45 65 62 60 58 55 52 50 46 40 36 35 29 23 17 12 7 8 1 2 3 0 4 6 11 14 
99 100 94 87 85 83 84 82 81 80 69 64 59 57 54 65 62 67 63 68 77 73 72 75 56 49 46 40 36 35 29 23 17 9 13 32 31 22 14 
99 100 94 98 102 101 85 83 84 82 81 80 69 64 59 57 54 65 62 67 63 68 66 78 75 56 49 46 40 36 35 29 23 17 9 13 32 31 22 14 
99 100 94 87 85 83 74 71 81 80 69 64 59 57 54 65 62 60 58 55 52 50 46 40 36 35 29 23 17 12 7 8 1 2 3 0 4 6 11 14 
99 100 94 87 85 83 84 82 81 71 74 67 62 65 62 67 63 68 77 73 72 75 56 49 46 40 36 35 29 23 17 9 3 0 4 6 11 14 
99 100 94 98 102 101 85 83 74 71 81 80 69 64 59 57 54 65 62 67 63 68 66 78 75 56 49 46 40 36 35 29 23 17 9 3 0 4 6 11 14 
99 100 94 87 85 83 74 71 81 80 69 64 59 57 54 53 48 34 45 65 62 60 58 55 52 50 46 40 36 35 29 23 17 9 13 32 31 22 14 
99 100 94 87 85 83 84 82 81 71 74 67 62 65 62 60 58 55 52 50 46 40 36 35 29 23 17 9 3 0 4 6 11 14 
99 100 94 87 85 83 74 71 81 80 69 64 59 57 54 53 48 34 45 65 62 60 58 55 52 50 46 40 36 35 29 23 17 9 3 0 4 6 11 14 
99 100 94 98 102 101 85 83 74 67 62 65 62 67 63 68 66 78 75 56 49 46 40 36 35 29 23 17 9 13 32 31 22 14 
99 100 94 98 102 101 85 83 74 71 81 80 69 64 59 57 54 65 62 67 63 68 77 73 72 75 56 49 46 40 36 35 29 23 17 9 3 0 4 6 11 14 
99 100 94 87 85 83 84 82 81 71 74 67 62 65 62 60 58 55 52 50 46 40 37 30 21 26 35 29 23 17 9 3 0 4 6 11 14 
99 100 94 98 102 101 85 83 74 71 81 80 69 64 59 57 54 65 62 67 63 68 66 78 75 56 49 46 40 37 30 21 26 35 29 23 17 9 13 32 31 22 14 
99 100 94 98 102 101 85 83 74 71 81 80 69 64 59 57 54 65 62 67 63 68 66 78 75 56 49 46 40 36 35 29 23 17 9 13 32 31 22 14 
99 100 94 98 102 101 85 83 74 71 81 80 69 64 59 57 54 65 62 60 58 55 52 50 46 40 36 35 29 23 17 12 7 8 1 2 3 0 4 6 11 14 
99 100 94 98 102 101 85 83 74 67 62 65 62 67 63 68 66 78 75 56 49 46 40 37 30 21 26 35 29 23 17 9 13 32 31 22 14 
99 100 94 87 85 83 84 82 81 80 69 64 59 57 54 65 62 67 63 68 77 73 72 75 56 49 46 40 36 35 29 23 17 9 3 0 4 6 11 14 
99 100 94 98 102 101 85 83 74 67 62 65 62 67 63 68 77 73 72 75 56 49 46 40 36 35 29 23 17 9 3 0 4 6 11 14 
---------------
Request id 10
56 49 46 50 52 55 58 60 62 65 45 34 48 53 54 57 59 64 69 80 81 82 84 83 74 67 63 68 66 78 75 75 75 78 66 68 63 67 62 60 58 55 52 50 46 40 37 30 21 26 35 29 23 17 12 7 8 
56 49 46 50 52 55 58 60 62 65 45 34 48 53 54 57 59 64 69 80 81 71 74 67 63 68 77 73 72 75 75 75 72 73 77 68 63 67 62 60 58 55 52 50 46 40 36 35 29 23 17 12 7 8 
56 49 46 50 52 55 58 60 62 65 54 57 59 64 69 80 81 71 74 67 63 68 66 78 75 75 75 56 49 46 40 36 35 29 23 17 9 3 2 1 8 
56 49 46 50 52 55 58 60 62 65 54 57 59 64 69 80 81 71 74 67 63 68 66 78 75 75 75 56 49 46 40 36 35 29 23 17 9 13 32 31 22 14 11 6 4 0 3 2 1 8 
56 49 46 50 52 55 58 60 62 65 54 57 59 64 69 80 81 82 84 83 74 67 63 68 66 78 75 75 75 78 66 68 63 67 62 60 58 55 52 50 46 40 37 30 21 26 35 29 23 17 12 7 8 
56 49 46 50 52 55 58 60 62 65 45 34 48 53 54 57 59 64 69 80 81 82 84 83 74 67 63 68 66 78 75 75 75 56 49 46 40 36 35 29 23 17 12 7 8 
56 49 46 50 52 55 58 60 62 65 54 57 59 64 69 80 81 82 84 83 74 67 63 68 77 73 72 75 75 75 56 49 46 40 36 35 29 23 17 12 7 8 
56 49 46 50 52 55 58 60 62 67 63 68 66 78 75 75 75 56 49 46 40 37 30 21 26 35 29 23 17 12 7 8 
56 49 46 50 52 55 58 60 62 65 54 57 59 64 69 80 81 82 84 83 74 67 63 68 77 73 72 75 75 75 78 66 68 63 67 62 60 58 55 52 50 46 40 37 30 21 26 35 29 23 17 12 7 8 
56 75 75 75 56 49 46 40 37 30 21 26 35 29 23 17 12 7 8 
56 49 46 50 52 55 58 60 62 67 63 68 66 78 75 75 75 72 73 77 68 63 67 62 60 58 55 52 50 46 40 36 35 29 23 17 9 3 2 1 8 
56 49 46 50 52 55 58 60 62 67 63 68 66 78 75 75 75 56 49 46 40 37 30 21 26 35 29 23 17 9 3 2 1 8 
56 49 46 50 52 55 58 60 62 65 54 57 59 64 69 80 81 82 84 83 74 67 63 68 66 78 75 75 75 72 73 77 68 63 67 62 60 58 55 52 50 46 40 36 35 29 23 17 12 7 8 
56 49 46 50 52 55 58 60 62 65 54 57 59 64 69 80 81 71 74 67 63 68 66 78 75 75 75 78 66 68 63 67 62 60 58 55 52 50 46 40 37 30 21 26 35 29 23 17 12 7 8 
56 49 46 50 52 55 58 60 62 67 63 68 66 78 75 75 75 72 73 77 68 63 67 62 60 58 55 52 50 46 40 36 35 29 23 17 12 7 8 
56 49 46 50 52 55 58 60 62 65 45 34 48 53 54 57 59 64 69 80 81 82 84 83 74 67 63 68 66 78 75 75 75 56 49 46 40 36 35 29 23 17 9 3 2 1 8 
56 49 46 50 52 55 58 60 62 67 63 68 66 78 75 75 75 56 49 46 40 36 35 29 23 17 9 3 2 1 8 
56 49 46 50 52 55 58 60 62 67 63 68 77 73 72 75 75 75 78 66 68 63 67 62 60 58 55 52 50 46 40 36 35 29 23 17 12 7 8 
56 49 46 50 52 55 58 60 62 65 45 34 48 53 54 57 59 64 69 80 81 71 74 67 63 68 77 73 72 75 75 75 56 49 46 40 36 35 29 23 17 12 7 8 
56 49 46 50 52 55 58 60 62 65 54 57 59 64 69 80 81 82 84 83 74 67 63 68 77 73 72 75 75 75 56 49 46 40 36 35 29 23 17 9 13 32 31 22 14 11 6 4 0 3 2 1 8 
56 49 46 50 52 55 58 60 62 65 54 57 59 64 69 80 81 82 84 83 74 67 63 68 66 78 75 75 75 56 49 46 40 36 35 29 23 17 12 7 8 
56 75 75 75 56 49 46 40 37 30 21 26 35 29 23 17 9 3 2 1 8 
56 49 46 50 52 55 58 60 62 65 45 34 48 53 54 57 59 64 69 80 81 82 84 83 74 67 63 68 66 78 75 75 75 78 66 68 63 67 62 60 58 55 52 50 46 40 36 35 29 23 17 12 7 8 
56 49 46 50 52 55 58 60 62 65 54 57 59 64 69 80 81 82 84 83 74 67 63 68 66 78 75 75 75 56 49 46 40 36 35 29 23 17 9 13 32 31 22 14 11 6 4 0 3 2 1 8 
56 49 46 50 52 55 58 60 62 65 45 34 48 53 54 57 59 64 69 80 81 71 74 67 63 68 66 78 75 75 75 78 66 68 63 67 62 60 58 55 52 50 46 40 36 35 29 23 17 9 3 2 1 8 
56 49 46 50 52 55 58 60 62 65 54 57 59 64 69 80 81 71 74 67 63 68 66 78 75 75 75 72 73 77 68 63 67 62 60 58 55 52 50 46 40 36 35 29 23 17 9 3 2 1 8 
56 75 75 75 78 66 68 63 67 62 60 58 55 52 50 46 40 36 35 29 23 17 12 7 8 
56 49 46 50 52 55 58 60 62 65 54 57 59 64 69 80 81 82 84 83 74 67 63 68 77 73 72 75 75 75 56 49 46 40 37 30 21 26 35 29 23 17 9 3 2 1 8 
56 49 46 50 52 55 58 60 62 65 45 34 48 53 54 57 59 64 69 80 81 82 84 83 74 67 63 68 66 78 75 75 75 56 49 46 40 37 30 21 26 35 29 23 17 12 7 8 
56 49 46 50 52 55 58 60 62 67 63 68 66 78 75 75 75 56 49 46 40 36 35 29 23 17 9 13 32 31 22 14 11 6 4 0 3 2 1 8 
56 49 46 50 52 55 58 60 62 67 63 68 66 78 75 75 75 56 49 46 40 36 35 29 23 17 12 7 8 
56 49 46 50 52 55 58 60 62 65 45 34 48 53 54 57 59 64 69 80 81 82 84 83 74 67 63 68 66 78 75 75 75 56 49 46 40 37 30 21 26 35 29 23 17 9 3 2 1 8 
56 49 46 50 52 55 58 60 62 67 63 68 66 78 75 75 75 78 66 68 63 67 62 60 58 55 52 50 46 40 36 35 29 23 17 12 7 8 
56 49 46 50 52 55 58 60 62 65 54 57 59 64 69 80 81 82 84 83 74 67 63 68 66 78 75 75 75 56 49 46 40 37 30 21 26 35 29 23 17 12 7 8 
56 49 46 50 52 55 58 60 62 65 45 34 48 53 54 57 59 64 69 80 81 71 74 67 63 68 66 78 75 75 75 56 49 46 40 36 35 29 23 17 9 13 32 31 22 14 11 6 4 0 3 2 1 8 
56 75 75 75 56 49 46 40 36 35 29 23 17 9 3 2 1 8 
56 75 75 75 72 73 77 68 63 67 62 60 58 55 52 50 46 40 36 35 29 23 17 9 3 2 1 8 
56 49 46 50 52 55 58 60 62 65 45 34 48 53 54 57 59 64 69 80 81 71 74 67 63 68 66 78 75 75 75 78 66 68 63 67 62 60 58 55 52 50 46 40 37 30 21 26 35 29 23 17 12 7 8 
56 49 46 50 52 55 58 60 62 67 63 68 77 73 72 75 75 75 78 66 68 63 67 62 60 58 55 52 50 46 40 36 35 29 23 17 9 3 2 1 8 
56 49 46 50 52 55 58 60 62 65 45 34 48 53 54 57 59 64 69 80 81 71 74 67 63 68 66 78 75 75 75 56 49 46 40 37 30 21 26 35 29 23 17 9 3 2 1 8 
---------------
Request id 12
76 70 86 79 69 80 81 82 84 83 74 67 62 65 65 65 62 67 63 68 66 78 75 56 49 46 40 43 33 41 
76 79 69 80 81 71 74 67 63 68 66 78 75 56 49 46 50 52 55 58 60 62 65 65 65 62 60 58 55 52 50 46 40 28 19 5 15 20 33 41 
76 79 69 64 59 57 54 65 65 65 62 67 63 68 77 73 72 75 56 49 46 40 28 19 5 15 20 33 41 
76 79 69 80 81 82 84 83 74 67 62 65 65 65 62 60 58 55 52 50 46 40 41 
76 79 69 64 59 57 54 53 48 34 45 65 65 65 62 60 58 55 52 50 46 40 41 
76 79 69 64 59 57 54 65 65 65 62 67 63 68 77 73 72 75 56 49 46 40 43 33 41 
76 79 69 80 81 71 74 67 63 68 66 78 75 56 49 46 50 52 55 58 60 62 65 65 65 62 67 63 68 77 73 72 75 56 49 46 40 28 19 5 15 20 33 41 
76 79 69 80 81 71 74 67 63 68 77 73 72 75 56 49 46 50 52 55 58 60 62 65 65 65 62 67 63 68 77 73 72 75 56 49 46 40 41 
76 70 86 79 69 80 81 71 74 67 62 65 65 65 62 60 58 55 52 50 46 40 28 19 5 15 20 33 41 
76 70 86 79 69 64 59 57 54 65 65 65 62 60 58 55 52 50 46 40 41 
76 70 86 79 69 64 59 57 54 65 65 65 62 67 63 68 77 73 72 75 56 49 46 40 28 19 5 15 20 33 41 
76 70 86 79 69 80 81 71 74 67 62 65 65 65 62 67 63 68 77 73 72 75 56 49 46 40 43 33 41 
76 79 69 64 59 57 54 65 65 65 62 60 58 55 52 50 46 40 41 
76 70 86 79 69 64 59 57 54 53 48 34 45 65 65 65 62 67 63 68 77 73 72 75 56 49 46 40 41 
76 79 69 80 81 71 74 67 63 68 77 73 72 75 56 49 46 50 52 55 58 60 62 65 65 65 62 67 63 68 66 78 75 56 49 46 40 41 
76 70 86 79 69 64 59 57 54 65 65 65 62 60 58 55 52 50 46 40 28 19 5 15 20 33 41 
76 70 86 79 69 64 59 57 54 65 65 65 62 67 63 68 66 78 75 56 49 46 40 28 19 5 15 20 33 41 
76 79 69 64 59 57 54 53 48 34 45 65 65 65 62 60 58 55 52 50 46 40 28 19 5 15 20 33 41 
76 70 86 79 69 80 81 71 74 67 62 65 65 65 62 67 63 68 66 78 75 56 49 46 40 43 33 41 
76 79 69 80 81 71 74 67 62 65 65 65 62 60 58 55 52 50 46 40 41 
76 79 69 64 59 57 54 53 48 34 45 65 65 65 62 67 63 68 66 78 75 56 49 46 40 43 33 41 
76 79 69 64 59 57 54 53 48 34 45 65 65 65 62 67 63 68 66 78 75 56 49 46 40 28 19 5 15 20 33 41 
76 79 69 64 59 57 54 65 65 65 62 67 63 68 66 78 75 56 49 46 40 41 
76 79 69 80 81 71 74 67 63 68 77 73 72 75 56 49 46 50 52 55 58 60 62 65 65 65 62 67 63 68 66 78 75 56 49 46 40 43 33 41 
76 79 69 80 81 71 74 67 62 65 65 65 62 60 58 55 52 50 46 40 28 19 5 15 20 33 41 
76 79 69 80 81 71 74 67 63 68 66 78 75 56 49 46 50 52 55 58 60 62 65 65 65 62 60 58 55 52 50 46 40 43 33 41 
76 79 69 80 81 71 74 67 62 65 65 65 62 67 63 68 66 78 75 56 49 46 40 43 33 41 
76 70 86 79 69 64 59 57 54 65 65 65 62 67 63 68 66 78 75 56 49 46 40 43 33 41 
76 79 69 80 81 71 74 67 63 68 66 78 75 56 49 46 50 52 55 58 60 62 65 65 65 62 67 63 68 77 73 72 75 56 49 46 40 43 33 41 
76 79 69 64 59 57 54 65 65 65 62 60 58 55 52 50 46 40 28 19 5 15 20 33 41 
76 79 69 64 59 57 54 53 48 34 45 65 65 65 62 60 58 55 52 50 46 40 43 33 41 
76 70 86 79 69 64 59 57 54 53 48 34 45 65 65 65 62 60 58 55 52 50 46 40 43 33 41 
76 79 69 80 81 82 84 83 74 67 62 65 65 65 62 60 58 55 52 50 46 40 28 19 5 15 20 33 41 
76 79 69 80 81 71 74 67 63 68 77 73 72 75 56 49 46 50 52 55 58 60 62 65 65 65 62 60 58 55 52 50 46 40 43 33 41 
76 79 69 64 59 57 54 65 65 65 62 67 63 68 77 73 72 75 56 49 46 40 41 
76 79 69 80 81 71 74 67 62 65 65 65 62 67 63 68 66 78 75 56 49 46 40 41 
76 79 69 80 81 71 74 67 63 68 66 78 75 56 49 46 50 52 55 58 60 62 65 65 65 62 67 63 68 66 78 75 56 49 46 40 43 33 41 
76 79 69 64 59 57 54 53 48 34 45 65 65 65 62 67 63 68 66 78 75 56 49 46 40 41 
76 70 86 79 69 64 59 57 54 65 65 65 62 67 63 68 77 73 72 75 56 49 46 40 43 33 41 
76 79 69 80 81 82 84 83 74 67 62 65 65 65 62 67 63 68 66 78 75 56 49 46 40 28 19 5 15 20 33 41 
---------------
Request id 9
54 65 65 65 45 34 48 53 54 57 59 64 69 80 81 82 84 83 85 101 103 
54 57 59 64 69 80 81 71 74 67 62 65 65 65 62 67 74 83 85 101 103 
54 57 59 64 69 80 81 71 74 67 62 65 65 65 54 57 59 64 69 80 81 71 74 83 85 101 103 
54 57 59 64 69 80 81 71 74 67 63 68 77 73 72 75 56 49 46 50 52 55 58 60 62 65 65 65 54 57 59 64 69 80 81 71 74 83 85 101 103 
54 57 59 64 69 80 81 82 84 83 74 67 62 65 65 65 45 34 48 53 54 57 59 64 69 80 81 82 84 83 85 101 103 
54 53 48 34 45 65 65 65 54 57 59 64 69 80 81 82 84 83 85 87 94 98 102 101 103 
54 57 59 64 69 80 81 82 84 83 74 67 62 65 65 65 54 57 59 64 69 80 81 82 84 83 85 101 103 
54 57 59 64 69 80 81 71 74 67 62 65 65 65 45 34 48 53 54 57 59 64 69 80 81 82 84 83 85 101 103 
54 57 59 64 69 80 81 71 74 67 63 68 77 73 72 75 56 49 46 50 52 55 58 60 62 65 65 65 54 57 59 64 69 80 81 82 84 83 85 87 94 98 102 101 103 
54 57 59 64 69 80 81 71 74 67 63 68 77 73 72 75 56 49 46 50 52 55 58 60 62 65 65 65 62 67 74 83 85 101 103 
54 57 59 64 69 80 81 71 74 67 63 68 66 78 75 56 49 46 50 52 55 58 60 62 65 65 65 54 57 59 64 69 80 81 82 84 83 85 101 103 
54 53 48 34 45 65 65 65 62 67 74 83 85 101 103 
54 57 59 64 69 80 81 71 74 67 63 68 77 73 72 75 56 49 46 50 52 55 58 60 62 65 65 65 62 67 74 71 81 82 84 83 85 87 94 98 102 101 103 
54 53 48 34 45 65 65 65 45 34 48 53 54 57 59 64 69 80 81 71 74 83 85 101 103 
54 57 59 64 69 80 81 82 84 83 74 67 63 68 77 73 72 75 56 49 46 50 52 55 58 60 62 65 65 65 54 57 59 64 69 80 81 71 74 83 85 87 94 98 102 101 103 
54 57 59 64 69 80 81 82 84 83 74 67 62 65 65 65 45 34 48 53 54 57 59 64 69 80 81 71 74 83 85 101 103 
54 57 59 64 69 80 81 82 84 83 74 67 63 68 66 78 75 56 49 46 50 52 55 58 60 62 65 65 65 62 67 74 83 85 101 103 
54 65 65 65 45 34 48 53 54 57 59 64 69 80 81 71 74 83 85 101 103 
54 53 48 34 45 65 65 65 54 57 59 64 69 80 81 71 74 83 85 101 103 
54 57 59 64 69 80 81 71 74 67 63 68 66 78 75 56 49 46 50 52 55 58 60 62 65 65 65 45 34 48 53 54 57 59 64 69 80 81 82 84 83 85 101 103 
54 53 48 34 45 65 65 65 45 34 48 53 54 57 59 64 69 80 81 82 84 83 85 101 103 
54 57 59 64 69 80 81 71 74 67 62 65 65 65 62 67 74 71 81 82 84 83 85 101 103 
54 53 48 34 45 65 65 65 62 67 74 71 81 82 84 83 85 87 94 98 102 101 103 
54 57 59 64 69 80 81 71 74 67 63 68 77 73 72 75 56 49 46 50 52 55 58 60 62 65 65 65 62 67 74 71 81 82 84 83 85 101 103 
54 65 65 65 54 57 59 64 69 80 81 71 74 83 85 101 103 
54 57 59 64 69 80 81 71 74 67 63 68 77 73 72 75 56 49 46 50 52 55 58 60 62 65 65 65 45 34 48 53 54 57 59 64 69 80 81 71 74 83 85 101 103 
54 57 59 64 69 80 81 82 84 83 74 67 63 68 66 78 75 56 49 46 50 52 55 58 60 62 65 65 65 45 34 48 53 54 57 59 64 69 80 81 71 74 83 85 101 103 
54 57 59 64 69 80 81 82 84 83 74 67 63 68 66 78 75 56 49 46 50 52 55 58 60 62 65 65 65 54 57 59 64 69 80 81 82 84 83 85 101 103 
54 57 59 64 69 80 81 71 74 67 63 68 77 73 72 75 56 49 46 50 52 55 58 60 62 65 65 65 54 57 59 64 69 80 81 82 84 83 85 101 103 
54 57 59 64 69 80 81 82 84 83 74 67 62 65 65 65 62 67 74 83 85 101 103 
54 57 59 64 69 80 81 71 74 67 63 68 77 73 72 75 56 49 46 50 52 55 58 60 62 65 65 65 62 67 74 83 85 87 94 98 102 101 103 
54 53 48 34 45 65 65 65 54 57 59 64 69 80 81 82 84 83 85 101 103 
54 57 59 64 69 80 81 71 74 67 62 65 65 65 54 57 59 64 69 80 81 82 84 83 85 101 103 
54 53 48 34 45 65 65 65 62 67 74 83 85 87 94 98 102 101 103 
54 57 59 64 69 80 81 71 74 67 63 68 66 78 75 56 49 46 50 52 55 58 60 62 65 65 65 45 34 48 53 54 57 59 64 69 80 81 71 74 83 85 101 103 
54 65 65 65 54 57 59 64 69 80 81 71 74 83 85 87 94 98 102 101 103 
54 57 59 64 69 80 81 82 84 83 74 67 63 68 66 78 75 56 49 46 50 52 55 58 60 62 65 65 65 54 57 59 64 69 80 81 71 74 83 85 101 103 
54 57 59 64 69 80 81 82 84 83 74 67 62 65 65 65 62 67 74 83 85 87 94 98 102 101 103 
54 65 65 65 62 67 74 83 85 101 103 
54 53 48 34 45 65 65 65 54 57 59 64 69 80 81 71 74 83 85 87 94 98 102 101 103 
---------------
Request id 17
98 94 87 85 83 74 71 81 80 69 64 59 57 54 65 65 62 60 58 55 52 50 46 49 56 75 78 66 68 63 67 74 71 81 80 69 64 59 
98 102 101 85 83 84 82 81 80 69 64 59 57 54 65 65 45 34 48 53 54 57 59 
98 102 101 85 83 84 82 81 80 69 64 59 57 54 53 48 34 45 65 65 62 67 74 83 84 82 81 80 69 64 59 
98 94 87 85 83 84 82 81 80 69 64 59 57 54 65 65 45 34 48 53 54 57 59 
98 102 101 85 83 84 82 81 80 69 64 59 57 54 53 48 34 45 65 65 62 60 58 55 52 50 46 49 56 75 72 73 77 68 63 67 74 83 84 82 81 80 69 64 59 
98 102 101 85 83 74 67 62 65 65 62 60 58 55 52 50 46 49 56 75 72 73 77 68 63 67 74 71 81 80 69 64 59 
98 102 101 85 83 74 71 81 80 69 64 59 57 54 65 65 62 67 74 83 84 82 81 80 69 64 59 
98 94 87 85 83 84 82 81 71 74 67 62 65 65 62 60 58 55 52 50 46 49 56 75 78 66 68 63 67 74 83 84 82 81 80 69 64 59 
98 94 87 85 83 84 82 81 80 69 64 59 57 54 65 65 62 67 74 71 81 80 69 64 59 
98 102 101 85 83 84 82 81 71 74 67 62 65 65 62 60 58 55 52 50 46 49 56 75 78 66 68 63 67 74 71 81 80 69 64 59 
98 94 87 85 83 74 67 62 65 65 45 34 48 53 54 57 59 
98 102 101 85 83 74 71 81 80 69 64 59 57 54 65 65 62 60 58 55 52 50 46 49 56 75 78 66 68 63 67 74 83 84 82 81 80 69 64 59 
98 102 101 85 83 84 82 81 80 69 64 59 57 54 53 48 34 45 65 65 62 60 58 55 52 50 46 49 56 75 72 73 77 68 63 67 74 71 81 80 69 64 59 
98 94 87 85 83 74 71 81 80 69 64 59 57 54 65 65 62 67 74 83 84 82 81 80 69 64 59 
98 94 87 85 83 84 82 81 71 74 67 62 65 65 62 60 58 55 52 50 46 49 56 75 72 73 77 68 63 67 74 83 84 82 81 80 69 64 59 
98 102 101 85 83 84 82 81 80 69 64 59 57 54 53 48 34 45 65 65 62 67 74 71 81 80 69 64 59 
98 94 87 85 83 84 82 81 71 74 67 62 65 65 62 60 58 55 52 50 46 49 56 75 72 73 77 68 63 67 74 71 81 80 69 64 59 
98 102 101 85 83 74 67 62 65 65 62 60 58 55 52 50 46 49 56 75 78 66 68 63 67 74 83 84 82 81 80 69 64 59 
98 102 101 85 83 84 82 81 80 69 64 59 57 54 53 48 34 45 65 65 62 60 58 55 52 50 46 49 56 75 78 66 68 63 67 74 71 81 80 69 64 59 
98 94 87 85 83 84 82 81 71 74 67 62 65 65 45 34 48 53 54 57 59 
98 94 87 85 83 84 82 81 80 69 64 59 57 54 53 48 34 45 65 65 54 57 59 
98 102 101 85 83 84 82 81 80 69 64 59 57 54 65 65 62 60 58 55 52 50 46 49 56 75 72 73 77 68 63 67 74 71 81 80 69 64 59 
98 94 87 85 83 84 82 81 80 69 64 59 57 54 53 48 34 45 65 65 62 60 58 55 52 50 46 49 56 75 72 73 77 68 63 67 74 71 81 80 69 64 59 
98 94 87 85 83 84 82 81 80 69 64 59 57 54 65 65 62 60 58 55 52 50 46 49 56 75 72 73 77 68 63 67 74 71 81 80 69 64 59 
98 94 87 85 83 84 82 81 71 74 67 62 65 65 62 67 74 71 81 80 69 64 59 
98 102 101 85 83 74 67 62 65 65 62 67 74 83 84 82 81 80 69 64 59 
98 94 87 85 83 84 82 81 80 69 64 59 57 54 53 48 34 45 65 65 62 60 58 55 52 50 46 49 56 75 78 66 68 63 67 74 83 84 82 81 80 69 64 59 
98 102 101 85 83 84 82 81 80 69 64 59 57 54 65 65 62 67 74 71 81 80 69 64 59 
98 94 87 85 83 74 71 81 80 69 64 59 57 54 65 65 62 60 58 55 52 50 46 49 56 75 72 73 77 68 63 67 74 71 81 80 69 64 59 
98 102 101 85 83 74 71 81 80 69 64 59 57 54 65 65 62 60 58 55 52 50 46 49 56 75 72 73 77 68 63 67 74 83 84 82 81 80 69 64 59 
98 102 101 85 83 74 71 81 80 69 64 59 57 54 65 65 45 34 48 53 54 57 59 
98 102 101 85 83 84 82 81 80 69 64 59 57 54 65 65 62 60 58 55 52 50 46 49 56 75 72 73 77 68 63 67 74 83 84 82 81 80 69 64 59 
98 94 87 85 83 84 82 81 80 69 64 59 57 54 53 48 34 45 65 65 62 60 58 55 52 50 46 49 56 75 78 66 68 63 67 74 71 81 80 69 64 59 
98 102 101 85 83 74 67 62 65 65 62 60 58 55 52 50 46 49 56 75 78 66 68 63 67 74 71 81 80 69 64 59 
98 102 101 85 83 84 82 81 71 74 67 62 65 65 45 34 48 53 54 57 59 
98 102 101 85 83 84 82 81 71 74 67 62 65 65 62 60 58 55 52 50 46 49 56 75 72 73 77 68 63 67 74 71 81 80 69 64 59 
98 102 101 85 83 84 82 81 80 69 64 59 57 54 65 65 62 60 58 55 52 50 46 49 56 75 78 66 68 63 67 74 71 81 80 69 64 59 
98 102 101 85 83 74 67 62 65 65 62 60 58 55 52 50 46 49 56 75 72 73 77 68 63 67 74 83 84 82 81 80 69 64 59 
98 94 87 85 83 84 82 81 80 69 64 59 57 54 65 65 62 60 58 55 52 50 46 49 56 75 72 73 77 68 63 67 74 83 84 82 81 80 69 64 59 
98 94 87 85 83 84 82 81 71 74 67 62 65 65 62 60 58 55 52 50 46 49 56 75 78 66 68 63 67 74 71 81 80 69 64 59 
---------------
Request id 1
70 86 79 69 80 81 71 74 67 62 65 65 65 54 57 59 64 69 80 81 71 74 67 63 68 77 73 72 75 56 49 46 40 36 35 29 23 17 18 27 
70 86 79 69 80 81 82 84 83 74 67 62 65 65 65 54 57 59 64 69 80 81 82 84 83 74 67 62 60 58 55 52 50 46 40 36 35 29 23 17 18 27 
70 76 79 69 80 81 71 74 67 62 65 65 65 62 60 58 55 52 50 46 40 37 30 21 26 35 29 23 17 18 27 
70 76 79 69 64 59 57 54 65 65 65 62 67 63 68 77 73 72 75 56 49 46 40 37 30 21 26 35 29 23 17 18 27 
70 86 79 69 64 59 57 54 53 48 34 45 65 65 65 62 67 63 68 77 73 72 75 56 49 46 40 37 30 21 26 35 29 23 17 18 27 
70 86 79 69 64 59 57 54 65 65 65 62 67 63 68 77 73 72 75 56 49 46 40 36 35 29 23 17 18 27 
70 86 79 69 64 59 57 54 65 65 65 62 67 63 68 66 78 75 56 49 46 40 36 35 29 23 17 18 27 
70 86 79 69 80 81 71 74 67 63 68 66 78 75 56 49 46 50 52 55 58 60 62 65 65 65 62 67 63 68 77 73 72 75 56 49 46 40 37 30 21 26 35 29 23 17 18 27 
70 76 79 69 64 59 57 54 53 48 34 45 65 65 65 54 57 59 64 69 80 81 82 84 83 74 67 62 60 58 55 52 50 46 40 36 35 29 23 17 18 27 
70 76 79 69 80 81 71 74 67 63 68 66 78 75 56 49 46 50 52 55 58 60 62 65 65 65 62 67 63 68 77 73 72 75 56 49 46 40 36 35 29 23 17 18 27 
70 76 79 69 64 59 57 54 65 65 65 62 67 63 68 66 78 75 56 49 46 40 36 35 29 23 17 18 27 
70 76 79 69 80 81 71 74 67 62 65 65 65 54 57 59 64 69 80 81 71 74 67 63 68 66 78 75 56 49 46 40 36 35 29 23 17 18 27 
70 86 79 69 80 81 71 74 67 63 68 66 78 75 56 49 46 50 52 55 58 60 62 65 65 65 54 57 59 64 69 80 81 71 74 67 63 68 77 73 72 75 56 49 46 40 36 35 29 23 17 18 27 
70 76 79 69 64 59 57 54 53 48 34 45 65 65 65 62 67 63 68 66 78 75 56 49 46 40 37 30 21 26 35 29 23 17 18 27 
70 86 79 69 80 81 71 74 67 62 65 65 65 62 60 58 55 52 50 46 40 37 30 21 26 35 29 23 17 18 27 
70 76 79 69 64 59 57 54 53 48 34 45 65 65 65 54 57 59 64 69 80 81 71 74 67 62 60 58 55 52 50 46 40 36 35 29 23 17 18 27 
70 76 79 69 80 81 71 74 67 62 65 65 65 54 57 59 64 69 80 81 82 84 83 74 67 62 60 58 55 52 50 46 40 36 35 29 23 17 18 27 
70 76 79 69 80 81 71 74 67 62 65 65 65 62 60 58 55 52 50 46 40 36 35 29 23 17 18 27 
70 76 79 69 80 81 82 84 83 74 67 62 65 65 65 62 67 63 68 77 73 72 75 56 49 46 40 36 35 29 23 17 18 27 
70 86 79 69 64 59 57 54 53 48 34 45 65 65 65 62 60 58 55 52 50 46 40 37 30 21 26 35 29 23 17 18 27 
70 86 79 69 80 81 82 84 83 74 67 62 65 65 65 62 67 63 68 77 73 72 75 56 49 46 40 37 30 21 26 35 29 23 17 18 27 
70 76 79 69 80 81 71 74 67 62 65 65 65 62 67 63 68 77 73 72 75 56 49 46 40 37 30 21 26 35 29 23 17 18 27 
70 86 79 69 80 81 82 84 83 74 67 62 65 65 65 54 57 59 64 69 80 81 71 74 67 62 60 58 55 52 50 46 40 36 35 29 23 17 18 27 
70 76 79 69 80 81 71 74 67 63 68 66 78 75 56 49 46 50 52 55 58 60 62 65 65 65 54 57 59 64 69 80 81 82 84 83 74 67 62 60 58 55 52 50 46 40 36 35 29 23 17 18 27 
70 86 79 69 80 81 71 74 67 62 65 65 65 54 57 59 64 69 80 81 71 74 67 62 60 58 55 52 50 46 40 36 35 29 23 17 18 27 
70 86 79 69 80 81 71 74 67 62 65 65 65 54 57 59 64 69 80 81 82 84 83 74 67 62 60 58 55 52 50 46 40 36 35 29 23 17 18 27 
70 86 79 69 80 81 71 74 67 63 68 66 78 75 56 49 46 50 52 55 58 60 62 65 65 65 54 57 59 64 69 80 81 71 74 67 62 60 58 55 52 50 46 40 36 35 29 23 17 18 27 
70 86 79 69 80 81 71 74 67 62 65 65 65 62 67 63 68 66 78 75 56 49 46 40 36 35 29 23 17 18 27 
70 86 79 69 64 59 57 54 65 65 65 62 67 63 68 66 78 75 56 49 46 40 37 30 21 26 35 29 23 17 18 27 
70 86 79 69 64 59 57 54 53 48 34 45 65 65 65 62 67 63 68 66 78 75 56 49 46 40 37 30 21 26 35 29 23 17 18 27 
70 76 79 69 80 81 82 84 83 74 67 62 65 65 65 62 67 63 68 66 78 75 56 49 46 40 36 35 29 23 17 18 27 
70 76 79 69 80 81 71 74 67 63 68 66 78 75 56 49 46 50 52 55 58 60 62 65 65 65 62 60 58 55 52 50 46 40 36 35 29 23 17 18 27 
70 86 79 69 64 59 57 54 65 65 65 62 60 58 55 52 50 46 40 37 30 21 26 35 29 23 17 18 27 
70 86 79 69 80 81 71 74 67 63 68 66 78 75 56 49 46 50 52 55 58 60 62 65 65 65 62 67 63 68 66 78 75 56 49 46 40 37 30 21 26 35 29 23 17 18 27 
70 86 79 69 64 59 57 54 65 65 65 62 60 58 55 52 50 46 40 36 35 29 23 17 18 27 
70 76 79 69 64 59 57 54 65 65 65 54 57 59 64 69 80 81 71 74 67 63 68 77 73 72 75 56 49 46 40 36 35 29 23 17 18 27 
70 86 79 69 64 59 57 54 65 65 65 54 57 59 64 69 80 81 71 74 67 63 68 77 73 72 75 56 49 46 40 36 35 29 23 17 18 27 
70 76 79 69 64 59 57 54 53 48 34 45 65 65 65 54 57 59 64 69 80 81 71 74 67 63 68 77 73 72 75 56 49 46 40 36 35 29 23 17 18 27 
70 76 79 69 80 81 82 84 83 74 67 62 65 65 65 62 60 58 55 52 50 46 40 36 35 29 23 17 18 27 
70 86 79 69 80 81 71 74 67 63 68 66 78 75 56 49 46 50 52 55 58 60 62 65 65 65 54 57 59 64 69 80 81 71 74 67 63 68 66 78 75 56 49 46 40 36 35 29 23 17 18 27 
---------------
Request id 6
82 81 80 69 64 59 57 54 53 48 34 45 65 45 34 48 53 54 57 59 64 69 80 81 71 74 67 63 68 66 78 
82 81 71 74 67 63 68 77 73 72 75 56 49 46 50 52 55 58 60 62 65 54 57 59 64 69 80 81 82 84 83 74 67 63 68 66 78 
82 84 83 74 71 81 80 69 64 59 57 54 65 62 67 63 68 66 78 
82 81 71 74 67 63 68 66 78 75 56 49 46 50 52 55 58 60 62 65 62 67 63 68 77 73 72 75 78 
82 84 83 74 67 63 68 66 78 75 56 49 46 50 52 55 58 60 62 65 62 60 58 55 52 50 46 49 56 75 78 
82 81 80 69 64 59 57 54 65 54 57 59 64 69 80 81 82 84 83 74 67 63 68 77 73 72 75 78 
82 84 83 74 67 62 65 54 57 59 64 69 80 81 71 74 67 63 68 77 73 72 75 78 
82 84 83 74 67 63 68 66 78 75 56 49 46 50 52 55 58 60 62 65 45 34 48 53 54 57 59 64 69 80 81 82 84 83 74 67 63 68 66 78 
82 84 83 74 67 63 68 66 78 75 56 49 46 50 52 55 58 60 62 65 62 67 63 68 77 73 72 75 78 
82 84 83 74 71 81 80 69 64 59 57 54 65 54 57 59 64 69 80 81 82 84 83 74 67 63 68 66 78 
82 84 83 74 67 63 68 66 78 75 56 49 46 50 52 55 58 60 62 65 54 57 59 64 69 80 81 82 84 83 74 67 63 68 66 78 
82 81 80 69 64 59 57 54 53 48 34 45 65 62 60 58 55 52 50 46 49 56 75 78 
82 84 83 74 67 63 68 77 73 72 75 56 49 46 50 52 55 58 60 62 65 45 34 48 53 54 57 59 64 69 80 81 82 84 83 74 67 63 68 66 78 
82 81 71 74 67 63 68 66 78 75 56 49 46 50 52 55 58 60 62 65 54 57 59 64 69 80 81 82 84 83 74 67 63 68 77 73 72 75 78 
82 84 83 74 71 81 80 69 64 59 57 54 65 62 60 58 55 52 50 46 49 56 75 78 
82 84 83 74 71 81 80 69 64 59 57 54 53 48 34 45 65 45 34 48 53 54 57 59 64 69 80 81 82 84 83 74 67 63 68 66 78 
82 81 80 69 64 59 57 54 53 48 34 45 65 54 57 59 64 69 80 81 71 74 67 63 68 77 73 72 75 78 
82 84 83 74 71 81 80 69 64 59 57 54 53 48 34 45 65 62 67 63 68 77 73 72 75 78 
82 81 80 69 64 59 57 54 65 45 34 48 53 54 57 59 64 69 80 81 71 74 67 63 68 66 78 
82 84 83 74 67 63 68 66 78 75 56 49 46 50 52 55 58 60 62 65 62 60 58 55 52 50 46 49 56 75 72 73 77 68 66 78 
82 84 83 74 67 63 68 77 73 72 75 56 49 46 50 52 55 58 60 62 65 54 57 59 64 69 80 81 71 74 67 63 68 77 73 72 75 78 
82 81 71 74 67 62 65 45 34 48 53 54 57 59 64 69 80 81 82 84 83 74 67 63 68 66 78 
82 84 83 74 71 81 80 69 64 59 57 54 53 48 34 45 65 62 67 63 68 66 78 
82 84 83 74 71 81 80 69 64 59 57 54 53 48 34 45 65 54 57 59 64 69 80 81 71 74 67 63 68 77 73 72 75 78 
82 84 83 74 67 62 65 45 34 48 53 54 57 59 64 69 80 81 71 74 67 63 68 66 78 
82 81 80 69 64 59 57 54 65 62 60 58 55 52 50 46 49 56 75 72 73 77 68 66 78 
82 81 71 74 67 63 68 66 78 75 56 49 46 50 52 55 58 60 62 65 62 60 58 55 52 50 46 49 56 75 78 
82 81 71 74 67 62 65 62 60 58 55 52 50 46 49 56 75 78 
82 84 83 74 71 81 80 69 64 59 57 54 65 45 34 48 53 54 57 59 64 69 80 81 82 84 83 74 67 63 68 66 78 
82 81 71 74 67 63 68 77 73 72 75 56 49 46 50 52 55 58 60 62 65 45 34 48 53 54 57 59 64 69 80 81 82 84 83 74 67 63 68 66 78 
82 81 80 69 64 59 57 54 53 48 34 45 65 45 34 48 53 54 57 59 64 69 80 81 82 84 83 74 67 63 68 66 78 
82 84 83 74 67 63 68 77 73 72 75 56 49 46 50 52 55 58 60 62 65 45 34 48 53 54 57 59 64 69 80 81 71 74 67 63 68 66 78 
82 84 83 74 67 63 68 66 78 75 56 49 46 50 52 55 58 60 62 65 54 57 59 64 69 80 81 71 74 67 63 68 77 73 72 75 78 
82 84 83 74 71 81 80 69 64 59 57 54 53 48 34 45 65 62 60 58 55 52 50 46 49 56 75 72 73 77 68 66 78 
82 84 83 74 67 63 68 77 73 72 75 56 49 46 50 52 55 58 60 62 65 62 67 63 68 77 73 72 75 78 
82 84 83 74 71 81 80 69 64 59 57 54 53 48 34 45 65 62 60 58 55 52 50 46 49 56 75 78 
82 84 83 74 71 81 80 69 64 59 57 54 65 45 34 48 53 54 57 59 64 69 80 81 71 74 67 63 68 66 78 
82 81 71 74 67 63 68 66 78 75 56 49 46 50 52 55 58 60 62 65 62 67 63 68 66 78 
82 84 83 74 71 81 80 69 64 59 57 54 65 62 67 63 68 77 73 72 75 78 
82 84 83 74 67 62 65 54 57 59 64 69 80 81 82 84 83 74 67 63 68 66 78 
---------------
Request id 11
71 74 67 63 68 77 73 72 75 56 49 46 50 52 55 58 60 62 65 65 65 62 60 58 55 52 50 46 49 56 75 72 73 77 68 63 67 74 83 84 88 
71 81 80 69 64 59 57 54 65 65 65 62 60 58 55 52 50 46 49 56 75 72 73 77 68 63 67 74 71 81 82 84 88 
71 81 82 84 83 74 67 63 68 66 78 75 56 49 46 50 52 55 58 60 62 65 65 65 62 60 58 55 52 50 46 49 56 75 72 73 77 68 63 67 74 71 81 82 84 88 
71 74 83 84 82 81 80 69 64 59 57 54 65 65 65 62 60 58 55 52 50 46 49 56 75 72 73 77 68 63 67 74 83 84 88 
71 81 82 84 83 74 67 62 65 65 65 54 57 59 64 69 80 81 71 74 83 84 88 
71 81 82 84 83 74 67 62 65 65 65 62 67 74 71 81 82 84 88 
71 74 67 62 65 65 65 45 34 48 53 54 57 59 64 69 80 81 82 84 88 
71 74 67 63 68 77 73 72 75 56 49 46 50 52 55 58 60 62 65 65 65 45 34 48 53 54 57 59 64 69 80 81 82 84 88 
71 81 80 69 64 59 57 54 53 48 34 45 65 65 65 62 67 74 71 81 82 84 88 
71 74 83 84 82 81 80 69 64 59 57 54 53 48 34 45 65 65 65 62 60 58 55 52 50 46 49 56 75 78 66 68 63 67 74 71 81 82 84 88 
71 74 67 63 68 66 78 75 56 49 46 50 52 55 58 60 62 65 65 65 62 67 74 83 84 88 
71 74 83 84 82 81 80 69 64 59 57 54 53 48 34 45 65 65 65 62 60 58 55 52 50 46 49 56 75 78 66 68 63 67 74 83 84 88 
71 81 82 84 83 74 67 62 65 65 65 54 57 59 64 69 80 81 82 84 88 
71 81 82 84 83 74 67 62 65 65 65 62 60 58 55 52 50 46 49 56 75 78 66 68 63 67 74 71 81 82 84 88 
71 81 82 84 83 74 67 63 68 77 73 72 75 56 49 46 50 52 55 58 60 62 65 65 65 62 60 58 55 52 50 46 49 56 75 78 66 68 63 67 74 83 84 88 
71 81 82 84 83 74 67 63 68 77 73 72 75 56 49 46 50 52 55 58 60 62 65 65 65 62 60 58 55 52 50 46 49 56 75 72 73 77 68 63 67 74 83 84 88 
71 74 67 63 68 66 78 75 56 49 46 50 52 55 58 60 62 65 65 65 62 60 58 55 52 50 46 49 56 75 78 66 68 63 67 74 83 84 88 
71 81 82 84 83 74 67 63 68 66 78 75 56 49 46 50 52 55 58 60 62 65 65 65 54 57 59 64 69 80 81 82 84 88 
71 74 67 63 68 66 78 75 56 49 46 50 52 55 58 60 62 65 65 65 45 34 48 53 54 57 59 64 69 80 81 71 74 83 84 88 
71 81 82 84 83 74 67 62 65 65 65 62 60 58 55 52 50 46 49 56 75 72 73 77 68 63 67 74 71 81 82 84 88 
71 81 80 69 64 59 57 54 53 48 34 45 65 65 65 45 34 48 53 54 57 59 64 69 80 81 71 74 83 84 88 
71 74 67 62 65 65 65 54 57 59 64 69 80 81 82 84 88 
71 74 83 84 82 81 80 69 64 59 57 54 53 48 34 45 65 65 65 62 67 74 71 81 82 84 88 
71 74 67 63 68 66 78 75 56 49 46 50 52 55 58 60 62 65 65 65 62 60 58 55 52 50 46 49 56 75 78 66 68 63 67 74 71 81 82 84 88 
71 74 83 84 82 81 80 69 64 59 57 54 65 65 65 62 67 74 71 81 82 84 88 
71 74 67 63 68 66 78 75 56 49 46 50 52 55 58 60 62 65 65 65 62 67 74 71 81 82 84 88 
71 74 83 84 82 81 80 69 64 59 57 54 65 65 65 54 57 59 64 69 80 81 71 74 83 84 88 
71 74 67 63 68 77 73 72 75 56 49 46 50 52 55 58 60 62 65 65 65 45 34 48 53 54 57 59 64 69 80 81 71 74 83 84 88 
71 81 82 84 83 74 67 63 68 66 78 75 56 49 46 50 52 55 58 60 62 65 65 65 45 34 48 53 54 57 59 64 69 80 81 71 74 83 84 88 
71 74 83 84 82 81 80 69 64 59 57 54 65 65 65 62 60 58 55 52 50 46 49 56 75 78 66 68 63 67 74 83 84 88 
71 81 80 69 64 59 57 54 65 65 65 54 57 59 64 69 80 81 71 74 83 84 88 
71 81 80 69 64 59 57 54 65 65 65 62 60 58 55 52 50 46 49 56 75 78 66 68 63 67 74 71 81 82 84 88 
71 81 82 84 83 74 67 62 65 65 65 45 34 48 53 54 57 59 64 69 80 81 82 84 88 
71 81 82 84 83 74 67 63 68 77 73 72 75 56 49 46 50 52 55 58 60 62 65 65 65 54 57 59 64 69 80 81 71 74 83 84 88 
71 81 80 69 64 59 57 54 53 48 34 45 65 65 65 62 60 58 55 52 50 46 49 56 75 72 73 77 68 63 67 74 71 81 82 84 88 
71 74 67 63 68 66 78 75 56 49 46 50 52 55 58 60 62 65 65 65 54 57 59 64 69 80 81 82 84 88 
71 81 80 69 64 59 57 54 53 48 34 45 65 65 65 62 60 58 55 52 50 46 49 56 75 72 73 77 68 63 67 74 83 84 88 
71 81 80 69 64 59 57 54 65 65 65 45 34 48 53 54 57 59 64 69 80 81 82 84 88 
71 74 83 84 82 81 80 69 64 59 57 54 65 65 65 54 57 59 64 69 80 81 82 84 88 
71 81 80 69 64 59 57 54 53 48 34 45 65 65 65 62 67 74 83 84 88 
---------------
Request id 15
69 80 81 82 84 83 74 67 63 68 66 78 75 56 49 46 50 52 55 58 60 62 65 65 65 62 67 74 83 84 82 81 80 69 79 86 70 76 
69 80 81 71 74 67 63 68 66 78 75 56 49 46 50 52 55 58 60 62 65 65 65 62 67 74 71 81 80 69 79 86 70 76 
69 80 81 71 74 67 63 68 66 78 75 56 49 46 50 52 55 58 60 62 65 65 65 62 67 74 83 84 82 81 80 69 79 86 70 76 
69 80 81 82 84 83 74 67 63 68 66 78 75 56 49 46 50 52 55 58 60 62 65 65 65 62 67 74 83 84 82 81 80 69 79 76 
69 80 81 82 84 83 74 67 63 68 66 78 75 56 49 46 50 52 55 58 60 62 65 65 65 54 57 59 64 69 79 86 70 76 
69 80 81 82 84 83 74 67 62 65 65 65 62 67 74 83 84 82 81 80 69 79 76 
69 64 59 57 54 53 48 34 45 65 65 65 45 34 48 53 54 57 59 64 69 79 76 
69 80 81 71 74 67 63 68 77 73 72 75 56 49 46 50 52 55 58 60 62 65 65 65 62 67 74 83 84 82 81 80 69 79 76 
69 64 59 57 54 65 65 65 62 67 74 71 81 80 69 79 86 70 76 
69 80 81 71 74 67 62 65 65 65 62 67 74 71 81 80 69 79 76 
69 80 81 82 84 83 74 67 62 65 65 65 62 67 74 71 81 80 69 79 86 70 76 
69 80 81 71 74 67 63 68 77 73 72 75 56 49 46 50 52 55 58 60 62 65 65 65 62 60 58 55 52 50 46 49 56 75 72 73 77 68 63 67 74 71 81 80 69 79 76 
69 80 81 71 74 67 62 65 65 65 54 57 59 64 69 79 86 70 76 
69 80 81 82 84 83 74 67 63 68 77 73 72 75 56 49 46 50 52 55 58 60 62 65 65 65 62 67 74 71 81 80 69 79 76 
69 80 81 71 74 67 63 68 66 78 75 56 49 46 50 52 55 58 60 62 65 65 65 62 67 74 71 81 80 69 79 76 
69 64 59 57 54 53 48 34 45 65 65 65 54 57 59 64 69 79 86 70 76 
69 80 81 71 74 67 62 65 65 65 62 67 74 71 81 80 69 79 86 70 76 
69 64 59 57 54 53 48 34 45 65 65 65 62 67 74 83 84 82 81 80 69 79 86 70 76 
69 64 59 57 54 65 65 65 62 67 74 71 81 80 69 79 76 
69 80 81 82 84 83 74 67 63 68 77 73 72 75 56 49 46 50 52 55 58 60 62 65 65 65 54 57 59 64 69 79 76 
69 80 81 82 84 83 74 67 62 65 65 65 62 60 58 55 52 50 46 49 56 75 78 66 68 63 67 74 71 81 80 69 79 76 
69 80 81 71 74 67 62 65 65 65 54 57 59 64 69 79 76 
69 64 59 57 54 65 65 65 62 67 74 83 84 82 81 80 69 79 86 70 76 
69 80 81 71 74 67 63 68 66 78 75 56 49 46 50 52 55 58 60 62 65 65 65 45 34 48 53 54 57 59 64 69 79 76 
69 64 59 57 54 53 48 34 45 65 65 65 62 67 74 71 81 80 69 79 76 
69 80 81 71 74 67 63 68 77 73 72 75 56 49 46 50 52 55 58 60 62 65 65 65 45 34 48 53 54 57 59 64 69 79 76 
69 80 81 82 84 83 74 67 63 68 66 78 75 56 49 46 50 52 55 58 60 62 65 65 65 62 67 74 71 81 80 69 79 76 
69 80 81 82 84 83 74 67 63 68 77 73 72 75 56 49 46 50 52 55 58 60 62 65 65 65 62 67 74 83 84 82 81 80 69 79 76 
69 64 59 57 54 65 65 65 62 60 58 55 52 50 46 49 56 75 78 66 68 63 67 74 71 81 80 69 79 76 
69 64 59 57 54 53 48 34 45 65 65 65 62 60 58 55 52 50 46 49 56 75 72 73 77 68 63 67 74 71 81 80 69 79 76 
69 80 81 82 84 83 74 67 63 68 77 73 72 75 56 49 46 50 52 55 58 60 62 65 65 65 62 60 58 55 52 50 46 49 56 75 78 66 68 63 67 74 71 81 80 69 79 76 
69 80 81 82 84 83 74 67 62 65 65 65 45 34 48 53 54 57 59 64 69 79 86 70 76 
69 64 59 57 54 53 48 34 45 65 65 65 62 67 74 83 84 82 81 80 69 79 76 
69 80 81 71 74 67 62 65 65 65 45 34 48 53 54 57 59 64 69 79 86 70 76 
69 80 81 71 74 67 63 68 66 78 75 56 49 46 50 52 55 58 60 62 65 65 65 62 67 74 83 84 82 81 80 69 79 76 
69 80 81 82 84 83 74 67 62 65 65 65 54 57 59 64 69 79 76 
69 80 81 71 74 67 63 68 77 73 72 75 56 49 46 50 52 55 58 60 62 65 65 65 62 67 74 71 81 80 69 79 86 70 76 
69 80 81 71 74 67 62 65 65 65 62 60 58 55 52 50 46 49 56 75 72 73 77 68 63 67 74 71 81 80 69 79 76 
69 80 81 71 74 67 63 68 66 78 75 56 49 46 50 52 55 58 60 62 65 65 65 62 60 58 55 52 50 46 49 56 75 78 66 68 63 67 74 71 81 80 69 79 76 
69 80 81 71 74 67 62 65 65 65 62 60 58 55 52 50 46 49 56 75 78 66 68 63 67 74 71 81 80 69 79 76 
---------------
Request id 20
39 32 32 32 13 9 3 2 1 8 7 12 17 23 29 35 36 40 46 49 42 
39 32 32 32 31 22 14 11 6 4 0 3 2 1 8 7 12 17 23 29 35 36 40 46 49 42 
39 32 32 32 31 22 14 11 6 4 0 3 9 17 23 29 35 36 40 46 49 42 
39 32 32 32 13 9 17 23 29 35 36 40 46 50 52 55 58 60 62 67 63 68 77 73 72 75 56 49 42 
39 32 32 32 13 9 17 23 29 35 36 40 46 49 42 
39 32 32 32 31 22 14 11 6 4 0 3 2 1 8 7 12 17 23 29 35 26 21 30 37 40 46 49 42 
39 32 32 32 13 9 3 2 1 8 7 12 17 23 29 35 26 21 30 37 40 46 49 42 
39 32 32 32 13 9 17 23 29 35 36 40 46 50 52 55 58 60 62 67 63 68 66 78 75 56 49 42 
39 32 32 32 13 9 17 23 29 35 26 21 30 37 40 46 49 42 
39 32 32 32 31 22 14 11 6 4 0 3 9 17 23 29 35 26 21 30 37 40 46 49 42 
---------------
Request id 19
70 86 79 69 64 59 57 54 65 65 65 62 67 63 68 66 78 75 56 49 46 40 43 33 20 25 24 
70 76 79 69 80 81 71 74 67 63 68 66 78 75 56 49 46 50 52 55 58 60 62 65 65 65 62 60 58 55 52 50 46 40 43 33 20 15 10 16 24 
70 76 79 69 80 81 82 84 83 74 67 62 65 65 65 62 60 58 55 52 50 46 40 28 19 5 15 10 16 24 
70 76 79 69 64 59 57 54 65 65 65 62 60 58 55 52 50 46 40 43 33 20 25 24 
70 86 79 69 80 81 82 84 83 74 67 62 65 65 65 62 60 58 55 52 50 46 40 43 33 20 25 24 
70 86 79 69 80 81 71 74 67 63 68 66 78 75 56 49 46 50 52 55 58 60 62 65 65 65 62 60 58 55 52 50 46 40 43 33 20 25 24 
70 86 79 69 64 59 57 54 53 48 34 45 65 65 65 62 60 58 55 52 50 46 40 28 19 5 15 10 16 24 
70 76 79 69 64 59 57 54 53 48 34 45 65 65 65 62 60 58 55 52 50 46 40 28 19 5 15 20 25 24 
70 86 79 69 80 81 82 84 83 74 67 62 65 65 65 62 67 63 68 66 78 75 56 49 46 40 41 33 20 25 24 
70 76 79 69 64 59 57 54 53 48 34 45 65 65 65 62 67 63 68 77 73 72 75 56 49 46 40 43 33 20 25 24 
70 76 79 69 80 81 82 84 83 74 67 62 65 65 65 62 60 58 55 52 50 46 40 43 33 20 15 10 16 24 
70 76 79 69 80 81 71 74 67 63 68 66 78 75 56 49 46 50 52 55 58 60 62 65 65 65 62 60 58 55 52 50 46 40 41 33 20 25 24 
70 86 79 69 64 59 57 54 65 65 65 62 60 58 55 52 50 46 40 28 19 5 15 20 25 24 
70 86 79 69 80 81 71 74 67 62 65 65 65 62 60 58 55 52 50 46 40 28 19 5 15 10 16 24 
70 86 79 69 64 59 57 54 65 65 65 62 60 58 55 52 50 46 40 41 33 20 15 10 16 24 
70 76 79 69 80 81 71 74 67 63 68 66 78 75 56 49 46 50 52 55 58 60 62 65 65 65 62 67 63 68 77 73 72 75 56 49 46 40 41 33 20 25 24 
70 76 79 69 80 81 71 74 67 62 65 65 65 62 60 58 55 52 50 46 40 41 33 20 15 10 16 24 
70 86 79 69 64 59 57 54 65 65 65 62 60 58 55 52 50 46 40 43 33 20 25 24 
70 86 79 69 80 81 82 84 83 74 67 62 65 65 65 62 67 63 68 77 73 72 75 56 49 46 40 43 33 20 25 24 
70 86 79 69 80 81 71 74 67 62 65 65 65 62 67 63 68 77 73 72 75 56 49 46 40 43 33 20 25 24 
70 86 79 69 80 81 82 84 83 74 67 62 65 65 65 62 67 63 68 66 78 75 56 49 46 40 43 33 20 25 24 
70 76 79 69 64 59 57 54 65 65 65 62 67 63 68 77 73 72 75 56 49 46 40 43 33 20 25 24 
70 76 79 69 64 59 57 54 53 48 34 45 65 65 65 62 60 58 55 52 50 46 40 28 19 5 15 10 16 24 
70 76 79 69 64 59 57 54 65 65 65 62 60 58 55 52 50 46 40 43 33 20 15 10 16 24 
70 86 79 69 64 59 57 54 65 65 65 62 60 58 55 52 50 46 40 41 33 20 25 24 
70 86 79 69 64 59 57 54 53 48 34 45 65 65 65 62 60 58 55 52 50 46 40 28 19 5 15 20 25 24 
70 86 79 69 80 81 71 74 67 63 68 66 78 75 56 49 46 50 52 55 58 60 62 65 65 65 62 67 63 68 66 78 75 56 49 46 40 43 33 20 25 24 
70 76 79 69 80 81 82 84 83 74 67 62 65 65 65 62 60 58 55 52 50 46 40 28 19 5 15 20 25 24 
70 76 79 69 80 81 82 84 83 74 67 62 65 65 65 62 60 58 55 52 50 46 40 43 33 20 25 24 
70 86 79 69 80 81 71 74 67 62 65 65 65 62 60 58 55 52 50 46 40 43 33 20 25 24 
70 76 79 69 80 81 71 74 67 62 65 65 65 62 67 63 68 66 78 75 56 49 46 40 41 33 20 25 24 
70 76 79 69 80 81 71 74 67 62 65 65 65 62 60 58 55 52 50 46 40 43 33 20 15 10 16 24 
70 86 79 69 80 81 71 74 67 63 68 66 78 75 56 49 46 50 52 55 58 60 62 65 65 65 62 60 58 55 52 50 46 40 28 19 5 15 10 16 24 
70 76 79 69 64 59 57 54 53 48 34 45 65 65 65 62 60 58 55 52 50 46 40 43 33 20 25 24 
70 76 79 69 80 81 71 74 67 63 68 66 78 75 56 49 46 50 52 55 58 60 62 65 65 65 62 60 58 55 52 50 46 40 41 33 20 15 10 16 24 
70 76 79 69 80 81 71 74 67 62 65 65 65 62 60 58 55 52 50 46 40 41 33 20 25 24 
70 86 79 69 80 81 71 74 67 62 65 65 65 62 67 63 68 66 78 75 56 49 46 40 41 33 20 25 24 
70 76 79 69 64 59 57 54 65 65 65 62 67 63 68 66 78 75 56 49 46 40 41 33 20 25 24 
70 86 79 69 64 59 57 54 53 48 34 45 65 65 65 62 60 58 55 52 50 46 40 43 33 20 25 24 
70 76 79 69 80 81 82 84 83 74 67 62 65 65 65 62 67 63 68 66 78 75 56 49 46 40 43 33 20 25 24 
---------------
Request id 7
41 40 43 33 33 43 40 46 50 52 55 58 60 62 67 63 68 77 
41 40 28 19 5 15 20 33 33 43 40 46 49 56 75 78 66 68 77 
41 33 33 41 40 46 50 52 55 58 60 62 67 63 68 77 
41 40 28 19 5 15 20 33 33 20 15 5 19 28 40 46 50 52 55 58 60 62 67 63 68 77 
41 40 28 19 5 15 20 33 33 41 40 46 50 52 55 58 60 62 67 63 68 77 
41 33 33 43 40 46 50 52 55 58 60 62 67 63 68 77 
41 40 28 19 5 15 20 33 33 20 15 5 19 28 40 46 49 56 75 72 73 77 
41 33 33 41 40 46 49 56 75 72 73 77 
41 40 28 19 5 15 20 33 33 41 40 46 49 56 75 78 66 68 77 
41 40 28 19 5 15 20 33 33 20 15 5 19 28 40 46 49 56 75 78 66 68 77 
41 40 43 33 33 20 15 5 19 28 40 46 49 56 75 72 73 77 
41 33 33 41 40 46 49 56 75 78 66 68 77 
41 40 28 19 5 15 10 16 24 25 20 33 33 43 40 46 49 56 75 78 66 68 77 
41 40 28 19 5 15 20 33 33 41 40 46 49 56 75 72 73 77 
41 40 43 33 33 43 40 46 49 56 75 72 73 77 
41 40 28 19 5 15 10 16 24 25 20 33 33 20 15 5 19 28 40 46 50 52 55 58 60 62 67 63 68 77 
41 40 43 33 33 20 25 24 16 10 15 5 19 28 40 46 49 56 75 72 73 77 
41 40 28 19 5 15 10 16 24 25 20 33 33 41 40 46 49 56 75 78 66 68 77 
41 40 28 19 5 15 10 16 24 25 20 33 33 41 40 46 49 56 75 72 73 77 
41 40 28 19 5 15 10 16 24 25 20 33 33 43 40 46 50 52 55 58 60 62 67 63 68 77 
41 33 33 20 15 5 19 28 40 46 49 56 75 78 66 68 77 
41 40 43 33 33 41 40 46 50 52 55 58 60 62 67 63 68 77 
41 40 43 33 33 20 15 5 19 28 40 46 50 52 55 58 60 62 67 63 68 77 
41 33 33 20 15 5 19 28 40 46 49 56 75 72 73 77 
41 40 28 19 5 15 10 16 24 25 20 33 33 41 40 46 50 52 55 58 60 62 67 63 68 77 
41 40 43 33 33 43 40 46 49 56 75 78 66 68 77 
41 40 28 19 5 15 10 16 24 25 20 33 33 43 40 46 49 56 75 72 73 77 
41 40 28 19 5 15 10 16 24 25 20 33 33 20 25 24 16 10 15 5 19 28 40 46 49 56 75 72 73 77 
41 40 28 19 5 15 10 16 24 25 20 33 33 20 15 5 19 28 40 46 49 56 75 78 66 68 77 
41 33 33 43 40 46 49 56 75 72 73 77 
41 40 28 19 5 15 20 33 33 43 40 46 49 56 75 72 73 77 
41 33 33 20 15 5 19 28 40 46 50 52 55 58 60 62 67 63 68 77 
41 33 33 20 25 24 16 10 15 5 19 28 40 46 49 56 75 72 73 77 
41 40 28 19 5 15 10 16 24 25 20 33 33 20 15 5 19 28 40 46 49 56 75 72 73 77 
41 40 43 33 33 20 15 5 19 28 40 46 49 56 75 78 66 68 77 
41 40 43 33 33 41 40 46 49 56 75 72 73 77 
41 40 43 33 33 41 40 46 49 56 75 78 66 68 77 
41 40 28 19 5 15 20 33 33 20 25 24 16 10 15 5 19 28 40 46 49 56 75 72 73 77 
41 33 33 43 40 46 49 56 75 78 66 68 77 
41 40 28 19 5 15 20 33 33 43 40 46 50 52 55 58 60 62 67 63 68 77 
---------------
Request id 18
1 8 7 12 17 9 3 3 9 17 23 29 35 36 40 37 30 21 
1 8 7 12 17 9 13 32 31 22 14 11 6 4 0 3 3 0 4 6 11 14 22 31 32 13 9 17 23 29 35 26 21 
1 8 7 12 17 9 13 32 31 22 14 11 6 4 0 3 3 9 17 23 29 35 36 40 37 30 21 
1 8 7 12 17 9 3 3 2 1 8 7 12 17 23 29 35 36 40 37 30 21 
1 2 3 3 0 4 6 11 14 22 31 32 13 9 17 23 29 35 36 40 37 30 21 
1 2 3 3 0 4 6 11 14 22 31 32 13 9 17 23 29 35 26 21 
1 8 7 12 17 9 13 32 31 22 14 11 6 4 0 3 3 9 17 23 29 35 26 21 
1 2 3 3 9 17 23 29 35 26 21 
1 8 7 12 17 9 13 32 31 22 14 11 6 4 0 3 3 0 4 6 11 14 22 31 32 13 9 17 23 29 35 36 40 37 30 21 
1 2 3 3 2 1 8 7 12 17 23 29 35 26 21 
1 8 7 12 17 9 3 3 0 4 6 11 14 22 31 32 13 9 17 23 29 35 36 40 37 30 21 
1 2 3 3 2 1 8 7 12 17 23 29 35 36 40 37 30 21 
1 8 7 12 17 9 3 3 2 1 8 7 12 17 23 29 35 26 21 
1 8 7 12 17 9 3 3 9 17 23 29 35 26 21 
1 8 7 12 17 9 13 32 31 22 14 11 6 4 0 3 3 2 1 8 7 12 17 23 29 35 26 21 
1 8 7 12 17 9 13 32 31 22 14 11 6 4 0 3 3 2 1 8 7 12 17 23 29 35 36 40 37 30 21 
1 2 3 3 9 17 23 29 35 36 40 37 30 21 
1 8 7 12 17 9 3 3 0 4 6 11 14 22 31 32 13 9 17 23 29 35 26 21 
---------------
Request id 16
93 86 79 69 80 81 71 74 67 63 68 77 73 72 75 56 49 46 50 52 55 58 60 62 65 65 65 62 67 63 68 66 78 75 56 49 46 40 43 33 20 15 10 
93 86 70 76 79 69 64 59 57 54 53 48 34 45 65 65 65 62 67 63 68 66 78 75 56 49 46 40 43 33 20 15 10 
93 86 70 76 79 69 64 59 57 54 65 65 65 62 60 58 55 52 50 46 40 41 33 20 25 24 16 10 
93 86 70 76 79 69 64 59 57 54 53 48 34 45 65 65 65 62 67 63 68 66 78 75 56 49 46 40 28 19 5 15 10 
93 86 79 69 64 59 57 54 65 65 65 62 60 58 55 52 50 46 40 41 33 20 25 24 16 10 
93 86 79 69 80 81 71 74 67 63 68 77 73 72 75 56 49 46 50 52 55 58 60 62 65 65 65 62 67 63 68 66 78 75 56 49 46 40 41 33 20 15 10 
93 86 79 69 80 81 71 74 67 62 65 65 65 62 67 63 68 77 73 72 75 56 49 46 40 41 33 20 15 10 
93 86 70 76 79 69 64 59 57 54 65 65 65 62 67 63 68 66 78 75 56 49 46 40 28 19 5 15 10 
93 86 79 69 80 81 71 74 67 62 65 65 65 62 60 58 55 52 50 46 40 41 33 20 25 24 16 10 
93 86 70 76 79 69 80 81 82 84 83 74 67 62 65 65 65 62 60 58 55 52 50 46 40 28 19 5 15 10 
93 86 70 76 79 69 80 81 71 74 67 62 65 65 65 62 60 58 55 52 50 46 40 43 33 20 25 24 16 10 
93 86 79 69 80 81 71 74 67 62 65 65 65 62 67 63 68 77 73 72 75 56 49 46 40 28 19 5 15 10 
93 86 79 69 80 81 82 84 83 74 67 62 65 65 65 62 60 58 55 52 50 46 40 28 19 5 15 10 
93 86 79 69 80 81 82 84 83 74 67 62 65 65 65 62 67 63 68 66 78 75 56 49 46 40 28 19 5 15 10 
93 86 79 69 80 81 71 74 67 63 68 66 78 75 56 49 46 50 52 55 58 60 62 65 65 65 62 67 63 68 77 73 72 75 56 49 46 40 41 33 20 15 10 
93 86 70 76 79 69 64 59 57 54 65 65 65 62 60 58 55 52 50 46 40 28 19 5 15 10 
93 86 79 69 80 81 71 74 67 63 68 77 73 72 75 56 49 46 50 52 55 58 60 62 65 65 65 62 60 58 55 52 50 46 40 41 33 20 25 24 16 10 
93 86 70 76 79 69 64 59 57 54 53 48 34 45 65 65 65 62 67 63 68 77 73 72 75 56 49 46 40 41 33 20 15 10 
93 86 70 76 79 69 80 81 71 74 67 62 65 65 65 62 60 58 55 52 50 46 40 41 33 20 15 10 
93 86 70 76 79 69 64 59 57 54 65 65 65 62 60 58 55 52 50 46 40 43 33 20 15 10 
93 86 70 76 79 69 64 59 57 54 65 65 65 62 67 63 68 77 73 72 75 56 49 46 40 41 33 20 15 10 
93 86 79 69 80 81 71 74 67 63 68 77 73 72 75 56 49 46 50 52 55 58 60 62 65 65 65 62 67 63 68 77 73 72 75 56 49 46 40 41 33 20 15 10 
93 86 79 69 64 59 57 54 53 48 34 45 65 65 65 62 60 58 55 52 50 46 40 41 33 20 15 10 
93 86 79 69 80 81 82 84 83 74 67 62 65 65 65 62 60 58 55 52 50 46 40 43 33 20 25 24 16 10 
93 86 79 69 80 81 71 74 67 63 68 77 73 72 75 56 49 46 50 52 55 58 60 62 65 65 65 62 60 58 55 52 50 46 40 43 33 20 15 10 
93 86 70 76 79 69 80 81 82 84 83 74 67 62 65 65 65 62 60 58 55 52 50 46 40 43 33 20 15 10 
93 86 79 69 80 81 71 74 67 63 68 77 73 72 75 56 49 46 50 52 55 58 60 62 65 65 65 62 60 58 55 52 50 46 40 43 33 20 25 24 16 10 
93 86 79 69 80 81 71 74 67 63 68 66 78 75 56 49 46 50 52 55 58 60 62 65 65 65 62 67 63 68 66 78 75 56 49 46 40 28 19 5 15 10 
93 86 79 69 64 59 57 54 53 48 34 45 65 65 65 62 60 58 55 52 50 46 40 41 33 20 25 24 16 10 
93 86 70 76 79 69 64 59 57 54 53 48 34 45 65 65 65 62 60 58 55 52 50 46 40 41 33 20 15 10 
93 86 79 69 80 81 82 84 83 74 67 62 65 65 65 62 60 58 55 52 50 46 40 41 33 20 15 10 
93 86 79 69 80 81 71 74 67 62 65 65 65 62 60 58 55 52 50 46 40 43 33 20 15 10 
93 86 79 69 64 59 57 54 65 65 65 62 67 63 68 77 73 72 75 56 49 46 40 41 33 20 15 10 
93 86 70 76 79 69 80 81 71 74 67 62 65 65 65 62 67 63 68 66 78 75 56 49 46 40 41 33 20 15 10 
93 86 70 76 79 69 64 59 57 54 53 48 34 45 65 65 65 62 60 58 55 52 50 46 40 28 19 5 15 10 
93 86 70 76 79 69 80 81 71 74 67 62 65 65 65 62 60 58 55 52 50 46 40 43 33 20 15 10 
93 86 79 69 80 81 71 74 67 62 65 65 65 62 60 58 55 52 50 46 40 28 19 5 15 10 
93 86 79 69 80 81 71 74 67 63 68 66 78 75 56 49 46 50 52 55 58 60 62 65 65 65 62 67 63 68 66 78 75 56 49 46 40 43 33 20 15 10 
93 86 79 69 64 59 57 54 53 48 34 45 65 65 65 62 67 63 68 66 78 75 56 49 46 40 43 33 20 15 10 
93 86 70 76 79 69 80 81 82 84 83 74 67 62 65 65 65 62 60 58 55 52 50 46 40 43 33 20 25 24 16 10 
---------------
Request id 3
37 40 40 36 35 26 
37 40 40 37 30 21 26 
37 30 21 26 35 36 40 40 37 30 21 26 
37 30 21 26 35 36 40 40 36 35 26 
---------------
Request id 13
5 19 28 40 41 33 20 15 15 20 33 43 40 36 35 29 23 17 9 3 2 1 
5 19 28 40 41 33 20 15 15 20 33 41 40 36 35 29 23 17 9 3 2 1 
5 19 28 40 41 33 20 15 15 20 33 43 40 36 35 29 23 17 12 7 8 1 
5 19 28 40 41 33 20 25 24 16 10 15 15 20 33 41 40 37 30 21 26 35 29 23 17 9 3 2 1 
5 19 28 40 43 33 20 25 24 16 10 15 15 20 33 43 40 37 30 21 26 35 29 23 17 9 3 2 1 
5 19 28 40 43 33 20 15 15 20 33 41 40 36 35 29 23 17 9 3 2 1 
5 19 28 40 41 33 20 25 24 16 10 15 15 20 33 43 40 37 30 21 26 35 29 23 17 12 7 8 1 
5 19 28 40 43 33 20 15 15 20 33 41 40 37 30 21 26 35 29 23 17 9 3 2 1 
5 19 28 40 43 33 20 25 24 16 10 15 15 20 33 41 40 36 35 29 23 17 9 3 2 1 
5 19 28 40 43 33 20 15 15 5 19 28 40 36 35 29 23 17 12 7 8 1 
5 19 28 40 41 33 20 25 24 16 10 15 15 20 33 41 40 37 30 21 26 35 29 23 17 12 7 8 1 
5 19 28 40 41 33 20 25 24 16 10 15 15 20 33 43 40 36 35 29 23 17 12 7 8 1 
5 19 28 40 43 33 20 15 15 20 33 43 40 37 30 21 26 35 29 23 17 12 7 8 1 
5 15 15 20 33 41 40 37 30 21 26 35 29 23 17 9 3 2 1 
5 19 28 40 43 33 20 25 24 16 10 15 15 20 33 43 40 36 35 29 23 17 9 3 2 1 
5 19 28 40 41 33 20 25 24 16 10 15 15 5 19 28 40 36 35 29 23 17 9 3 2 1 
5 19 28 40 41 33 20 15 15 20 33 41 40 37 30 21 26 35 29 23 17 12 7 8 1 
5 19 28 40 43 33 20 25 24 16 10 15 15 20 33 41 40 37 30 21 26 35 29 23 17 9 3 2 1 
5 19 28 40 41 33 20 25 24 16 10 15 15 20 33 43 40 37 30 21 26 35 29 23 17 9 3 2 1 
5 15 15 20 33 43 40 37 30 21 26 35 29 23 17 12 7 8 1 
5 15 15 20 33 43 40 37 30 21 26 35 29 23 17 9 3 2 1 
5 19 28 40 43 33 20 25 24 16 10 15 15 20 33 41 40 36 35 29 23 17 12 7 8 1 
5 19 28 40 43 33 20 25 24 16 10 15 15 20 33 43 40 37 30 21 26 35 29 23 17 12 7 8 1 
5 19 28 40 43 33 20 25 24 16 10 15 15 20 33 43 40 36 35 29 23 17 12 7 8 1 
5 19 28 40 41 33 20 15 15 20 33 43 40 37 30 21 26 35 29 23 17 12 7 8 1 
5 19 28 40 43 33 20 15 15 20 33 41 40 36 35 29 23 17 12 7 8 1 
5 19 28 40 43 33 20 25 24 16 10 15 15 5 19 28 40 36 35 29 23 17 12 7 8 1 
5 19 28 40 41 33 20 25 24 16 10 15 15 20 33 43 40 36 35 29 23 17 9 3 2 1 
5 15 15 5 19 28 40 36 35 29 23 17 12 7 8 1 
5 19 28 40 41 33 20 15 15 20 33 43 40 37 30 21 26 35 29 23 17 9 3 2 1 
5 19 28 40 41 33 20 15 15 5 19 28 40 36 35 29 23 17 9 3 2 1 
5 19 28 40 41 33 20 15 15 5 19 28 40 36 35 29 23 17 12 7 8 1 
5 15 15 20 33 43 40 36 35 29 23 17 12 7 8 1 
5 19 28 40 43 33 20 25 24 16 10 15 15 5 19 28 40 36 35 29 23 17 9 3 2 1 
5 19 28 40 41 33 20 25 24 16 10 15 15 20 33 41 40 36 35 29 23 17 12 7 8 1 
5 15 15 20 33 41 40 36 35 29 23 17 12 7 8 1 
5 15 15 20 33 41 40 37 30 21 26 35 29 23 17 12 7 8 1 
5 19 28 40 43 33 20 15 15 20 33 41 40 37 30 21 26 35 29 23 17 12 7 8 1 
5 19 28 40 41 33 20 15 15 20 33 41 40 37 30 21 26 35 29 23 17 9 3 2 1 
5 19 28 40 43 33 20 25 24 16 10 15 15 20 33 41 40 37 30 21 26 35 29 23 17 12 7 8 1 
---------------
