Request id 10
8 9 5 5 5 12 11 
8 9 5 5 5 9 8 11 
8 9 5 5 5 12 13 10 11 
8 9 5 5 5 4 3 10 11 
8 9 5 5 5 12 13 8 11 
8 9 5 5 5 9 8 13 12 11 
8 9 5 5 5 2 0 7 8 11 
8 9 5 5 5 4 6 7 8 11 
8 9 5 5 5 2 1 3 10 11 
8 9 5 5 5 9 8 13 10 11 
---------------
Request id 4
6 4 5 5 12 11 
6 4 5 5 9 8 11 
6 4 5 5 12 13 8 11 
6 4 5 5 4 3 10 11 
6 4 5 5 12 13 10 11 
6 4 5 5 9 8 13 12 11 
6 4 5 5 2 0 7 8 11 
6 4 5 5 4 6 7 8 11 
6 4 5 5 2 1 3 10 11 
6 4 5 5 9 8 13 10 11 
---------------
Request id 3
7 6 4 5 4 
7 6 4 5 2 1 3 4 
7 6 4 5 12 11 10 3 4 
7 6 4 5 2 0 1 3 4 
7 6 4 5 9 8 7 6 4 
7 6 4 5 12 13 10 3 4 
7 6 4 5 2 0 7 6 4 
7 6 4 5 9 8 13 10 3 4 
7 6 4 5 12 13 8 7 6 4 
7 6 4 5 2 1 0 7 6 4 
---------------
Request id 5
7 0 2 5 5 9 8 
7 0 2 5 5 12 11 8 
7 0 2 5 5 12 13 8 
7 0 2 5 5 4 6 7 8 
7 0 2 5 5 2 0 7 8 
7 0 2 5 5 12 11 10 13 8 
7 0 2 5 5 2 1 0 7 8 
7 0 2 5 5 4 3 10 11 8 
7 0 2 5 5 12 13 10 11 8 
7 0 2 5 5 4 3 10 13 8 
---------------
Request id 1
8 9 5 5 5 12 
8 9 5 5 5 9 8 11 12 
8 9 5 5 5 9 8 13 12 
8 9 5 5 5 4 3 10 13 12 
8 9 5 5 5 4 3 10 11 12 
8 9 5 5 5 9 8 11 10 13 12 
8 9 5 5 5 2 0 7 8 11 12 
8 9 5 5 5 4 6 7 8 13 12 
8 9 5 5 5 2 0 7 8 13 12 
8 9 5 5 5 2 1 3 10 13 12 
---------------
Request id 7
8 9 5 4 
8 9 5 2 1 3 4 
8 9 5 12 13 10 3 4 
8 9 5 2 0 1 3 4 
8 9 5 9 8 7 6 4 
8 9 5 12 11 10 3 4 
8 9 5 2 0 7 6 4 
8 9 5 9 8 11 10 3 4 
8 9 5 12 11 8 7 6 4 
8 9 5 2 1 0 7 6 4 
---------------
Request id 9
3 4 5 2 0 
3 4 5 2 1 0 
3 4 5 4 3 1 0 
3 4 5 4 6 7 0 
3 4 5 9 8 7 0 
3 4 5 4 3 1 2 0 
3 4 5 12 13 8 7 0 
3 4 5 12 11 8 7 0 
3 4 5 12 13 10 3 1 0 
3 4 5 12 11 10 3 1 0 
---------------
Request id 2
7 6 4 5 12 
7 6 4 5 9 8 11 12 
7 6 4 5 9 8 13 12 
7 6 4 5 4 3 10 13 12 
7 6 4 5 4 3 10 11 12 
7 6 4 5 9 8 11 10 13 12 
7 6 4 5 2 1 3 10 11 12 
7 6 4 5 2 1 3 10 13 12 
7 6 4 5 4 6 7 8 13 12 
7 6 4 5 2 0 7 8 11 12 
---------------
Request id 6
4 5 5 5 2 1 
4 5 5 5 4 3 1 
4 5 5 5 2 0 1 
4 5 5 5 9 8 7 0 1 
4 5 5 5 12 13 10 3 1 
4 5 5 5 12 11 10 3 1 
4 5 5 5 4 6 7 0 1 
4 5 5 5 9 8 13 10 3 1 
4 5 5 5 12 11 8 7 0 1 
4 5 5 5 9 8 7 0 2 1 
---------------
Request id 8
1 2 5 12 
1 2 5 9 8 13 12 
1 2 5 9 8 11 12 
1 2 5 4 3 10 13 12 
1 2 5 4 3 10 11 12 
1 2 5 9 8 13 10 11 12 
1 2 5 2 0 7 8 11 12 
1 2 5 4 6 7 8 13 12 
1 2 5 2 0 7 8 13 12 
1 2 5 2 1 3 10 13 12 
---------------
