Request id 7
49 42 38 39 33 30 24 24 30 33 39 40 56 51 
49 42 38 39 33 30 24 24 27 31 34 38 42 51 
49 42 38 39 33 30 24 24 30 33 39 38 42 51 
49 42 38 39 33 30 24 24 23 26 28 32 40 56 51 
49 42 38 39 33 30 24 24 16 18 25 28 32 40 56 51 
---------------
Request id 1
14 17 16 24 23 26 
14 17 20 24 23 26 
14 17 16 18 25 28 26 
14 17 21 22 27 24 23 26 
14 17 20 24 16 18 25 28 26 
---------------
Request id 8
57 48 44 45 37 36 29 25 18 18 18 16 11 12 
57 48 44 45 37 36 29 25 18 18 18 13 11 12 
57 48 44 45 37 36 29 25 18 18 18 16 17 14 12 
57 48 44 45 37 36 29 25 18 18 18 13 3 6 11 12 
57 48 44 45 37 36 29 25 18 18 18 13 11 6 8 10 12 
---------------
Request id 15
50 49 42 38 39 33 30 24 24 27 31 34 38 42 
50 49 42 38 39 33 30 24 24 30 33 39 38 42 
50 49 42 38 39 33 30 24 24 30 33 39 40 56 51 42 
50 49 42 38 39 33 30 24 24 23 26 28 32 40 56 51 42 
50 49 42 38 39 33 30 24 24 23 26 28 32 40 39 38 42 
---------------
Request id 11
37 36 29 25 18 18 25 28 32 40 41 46 54 65 64 
37 36 29 25 18 18 25 29 36 37 45 44 48 57 60 64 
37 36 29 25 18 18 25 28 32 40 41 61 62 54 65 64 
37 36 29 25 18 18 25 28 32 40 41 46 48 57 60 64 
37 36 29 25 18 18 16 24 30 33 39 40 41 46 54 65 64 
---------------
Request id 17
63 58 56 40 39 33 30 24 24 27 31 34 43 47 
63 58 56 40 39 33 30 24 24 30 33 39 38 34 43 47 
63 58 56 40 39 33 30 24 24 16 17 21 22 27 31 34 43 47 
63 58 56 40 39 33 30 24 24 20 17 21 22 27 31 34 43 47 
63 58 56 40 39 33 30 24 24 30 33 39 38 42 49 50 53 52 47 
---------------
Request id 4
10 12 11 11 6 
10 12 11 11 13 3 6 
10 12 11 11 12 10 8 6 
10 12 11 11 13 0 5 3 6 
10 12 11 11 16 18 13 3 6 
---------------
Request id 6
61 41 40 32 28 25 18 18 16 24 27 31 34 43 
61 41 40 32 28 25 18 18 13 11 16 24 27 31 34 43 
61 41 40 32 28 25 18 18 16 17 21 22 27 31 34 43 
61 41 40 32 28 25 18 18 25 28 32 40 39 38 34 43 
61 41 40 32 28 25 18 18 16 24 30 33 39 38 34 43 
---------------
Request id 10
9 15 18 25 28 32 35 
9 15 18 25 29 36 37 35 
9 15 18 15 19 29 36 37 35 
9 15 18 15 19 29 25 28 32 35 
9 15 18 16 24 23 26 28 32 35 
---------------
Request id 2
31 27 24 23 
31 27 24 16 18 25 28 26 23 
31 27 24 20 17 16 18 25 28 26 23 
31 27 24 16 11 13 18 25 28 26 23 
31 27 24 30 33 39 40 32 28 26 23 
---------------
Request id 9
9 15 18 18 18 25 28 32 40 56 59 
9 15 18 18 18 25 28 32 40 41 61 59 
9 15 18 18 18 16 24 30 33 39 40 56 59 
9 15 18 18 18 25 29 36 37 35 32 40 56 59 
9 15 18 18 18 16 24 30 33 39 40 41 61 59 
---------------
Request id 18
58 56 40 39 33 30 24 24 27 31 34 43 47 52 53 
58 56 40 39 33 30 24 24 30 33 39 38 42 49 50 53 
58 56 40 39 33 30 24 24 27 31 34 38 42 49 50 53 
58 56 40 39 33 30 24 24 30 33 39 38 34 43 47 52 53 
58 56 40 39 33 30 24 24 30 33 39 40 56 58 55 49 50 53 
---------------
Request id 5
35 32 28 25 18 25 28 32 40 41 46 54 65 64 70 74 
35 32 28 25 18 25 29 36 37 45 44 48 57 60 64 70 74 
35 32 28 25 18 25 28 32 40 41 61 62 54 65 64 70 74 
35 32 28 25 18 25 28 32 40 41 46 48 57 60 64 70 74 
35 32 28 25 18 15 19 29 36 37 45 44 48 57 60 64 70 74 
---------------
Request id 20
68 65 54 46 41 40 32 28 25 18 25 28 32 40 41 61 62 66 67 69 
68 65 54 46 41 40 32 28 25 18 25 28 32 40 56 58 63 66 67 69 
68 65 54 46 41 40 32 28 25 18 25 28 32 40 41 46 54 65 68 69 
68 65 54 46 41 40 32 28 25 18 25 28 32 40 41 61 62 54 65 68 69 
68 65 54 46 41 40 32 28 25 18 25 28 32 40 56 58 63 66 67 68 69 
---------------
Request id 14
12 11 13 18 25 28 32 40 56 58 63 66 67 
12 11 16 18 25 28 32 40 41 61 62 66 67 
12 11 13 18 25 28 32 40 41 61 62 66 67 
12 11 16 24 30 33 39 40 56 58 63 66 67 
12 11 16 18 25 28 32 40 56 58 63 66 67 
---------------
Request id 19
34 31 27 24 24 30 33 
34 31 27 24 24 27 31 34 38 39 33 
34 31 27 24 24 23 26 28 32 40 39 33 
34 31 27 24 24 16 18 25 28 32 40 39 33 
34 31 27 24 24 27 31 34 38 42 51 56 40 39 33 
---------------
Request id 3
55 49 42 38 39 33 30 24 30 33 39 40 41 46 48 
55 49 42 38 39 33 30 24 23 26 28 32 40 41 46 48 
55 49 42 38 39 33 30 24 27 31 34 38 39 40 41 46 48 
55 49 42 38 39 33 30 24 23 26 28 32 35 37 45 44 48 
55 49 42 38 39 33 30 24 16 18 25 28 32 40 41 46 48 
---------------
Request id 12
6 11 11 11 13 18 25 28 32 40 56 
6 11 11 11 16 24 30 33 39 40 56 
6 11 11 11 16 18 25 28 32 40 56 
6 11 11 11 16 24 23 26 28 32 40 56 
6 11 11 11 13 18 16 24 30 33 39 40 56 
---------------
Request id 16
19 15 18 18 25 28 32 40 56 59 
19 15 18 18 25 28 32 40 41 61 59 
19 15 18 18 16 24 30 33 39 40 56 59 
19 15 18 18 25 29 36 37 35 32 40 56 59 
19 15 18 18 16 24 30 33 39 40 41 61 59 
---------------
Request id 13
49 42 38 39 33 30 24 27 31 34 43 47 
49 42 38 39 33 30 24 30 33 39 38 34 43 47 
49 42 38 39 33 30 24 16 17 21 22 27 31 34 43 47 
49 42 38 39 33 30 24 20 17 21 22 27 31 34 43 47 
49 42 38 39 33 30 24 30 33 39 38 42 49 50 53 52 47 
---------------
