Request id 15
6 4 3 10 13 12 5 5 5 2 0 
6 7 8 13 12 5 5 5 12 11 10 3 1 0 
6 4 3 10 11 12 5 5 5 4 3 1 2 0 
6 4 5 5 5 2 1 0 
6 7 0 1 3 4 5 5 5 12 13 8 7 0 
6 7 8 9 5 5 5 9 8 7 0 
6 7 0 1 2 5 5 5 4 6 7 0 
6 4 3 10 13 12 5 5 5 4 3 1 0 
6 7 0 1 2 5 5 5 4 3 1 0 
6 7 8 11 12 5 5 5 12 13 8 7 0 
6 4 3 1 2 5 5 5 12 11 8 7 0 
6 4 5 5 5 12 11 10 3 1 0 
6 4 3 10 11 12 5 5 5 4 6 7 0 
6 4 3 10 11 12 5 5 5 12 13 8 7 0 
6 7 8 13 12 5 5 5 12 13 8 7 0 
6 4 3 1 2 5 5 5 12 13 8 7 0 
6 7 8 11 12 5 5 5 12 11 8 7 0 
6 7 8 9 5 5 5 12 13 10 3 1 0 
6 7 0 2 5 5 5 12 13 8 7 0 
6 7 0 1 3 4 5 5 5 12 13 10 3 1 0 
6 4 3 1 2 5 5 5 2 1 0 
6 4 5 5 5 4 3 1 0 
6 4 3 1 2 5 5 5 12 13 10 3 1 0 
6 4 3 10 13 12 5 5 5 12 13 10 3 1 0 
6 4 3 1 2 5 5 5 12 11 10 3 1 0 
6 7 8 9 5 5 5 12 11 8 7 0 
6 7 8 13 12 5 5 5 9 8 7 0 
6 7 8 11 12 5 5 5 12 13 10 3 1 0 
6 7 8 11 12 5 5 5 4 6 7 0 
6 7 0 1 3 4 5 5 5 12 11 10 3 1 0 
6 4 3 10 13 12 5 5 5 4 3 1 2 0 
6 4 3 10 13 12 5 5 5 9 8 7 0 
6 7 0 1 3 4 5 5 5 9 8 7 0 
6 7 0 2 5 5 5 4 3 1 2 0 
6 7 0 2 5 5 5 9 8 7 0 
6 4 5 5 5 12 11 8 7 0 
6 4 3 1 2 5 5 5 2 0 
6 4 5 5 5 12 13 8 7 0 
6 7 0 1 2 5 5 5 2 0 
6 7 0 1 3 4 5 5 5 4 6 7 0 
---------------
Request id 5
2 1 0 7 8 9 5 5 2 1 0 7 8 9 
2 1 3 4 5 5 12 13 8 9 
2 0 7 8 9 5 5 9 
2 0 7 6 4 5 5 12 11 8 9 
2 0 1 3 4 5 5 12 13 8 9 
2 0 7 8 13 12 5 5 12 11 10 13 8 9 
2 1 3 10 11 12 5 5 12 13 8 9 
2 0 7 8 13 12 5 5 4 6 7 8 9 
2 1 3 4 5 5 12 13 10 11 8 9 
2 0 7 8 9 5 5 2 0 7 8 9 
2 0 7 6 4 5 5 12 13 10 11 8 9 
2 1 0 7 6 4 5 5 4 6 7 8 9 
2 1 0 7 6 4 5 5 2 1 0 7 8 9 
2 1 0 7 6 4 5 5 4 3 10 11 8 9 
2 0 7 8 9 5 5 2 1 0 7 8 9 
2 0 7 6 4 5 5 4 6 7 8 9 
2 0 7 8 9 5 5 4 3 10 13 8 9 
2 0 7 6 4 5 5 2 1 0 7 8 9 
2 5 5 12 13 8 9 
2 1 0 7 8 9 5 5 12 13 10 11 8 9 
2 1 0 7 8 9 5 5 4 3 10 13 8 9 
2 1 3 10 11 12 5 5 2 1 0 7 8 9 
2 0 7 8 13 12 5 5 12 13 10 11 8 9 
2 5 5 9 
2 1 3 4 5 5 12 11 8 9 
2 0 7 8 13 12 5 5 12 13 8 9 
2 0 7 6 4 5 5 4 3 10 13 8 9 
2 1 0 7 8 9 5 5 12 11 10 13 8 9 
2 0 7 8 13 12 5 5 12 11 8 9 
2 1 3 10 13 12 5 5 4 3 10 11 8 9 
2 1 3 10 13 12 5 5 4 6 7 8 9 
2 1 3 10 13 12 5 5 12 11 10 13 8 9 
2 0 7 8 13 12 5 5 4 3 10 11 8 9 
2 0 1 3 4 5 5 12 13 10 11 8 9 
2 1 0 7 8 9 5 5 4 6 7 8 9 
2 5 5 12 11 10 13 8 9 
2 5 5 4 3 10 11 8 9 
2 0 7 8 13 12 5 5 9 
2 1 3 10 13 12 5 5 12 13 10 11 8 9 
2 1 3 10 13 12 5 5 12 13 8 9 
---------------
Request id 12
7 8 13 12 5 5 12 11 10 3 4 
7 0 2 1 3 4 5 5 2 1 0 7 6 4 
7 0 1 2 5 5 2 0 7 6 4 
7 0 1 2 5 5 12 13 10 3 4 
7 6 4 5 5 9 8 11 10 3 4 
7 6 4 3 1 2 5 5 9 8 7 6 4 
7 0 1 2 5 5 4 
7 0 2 5 5 12 11 10 3 4 
7 8 9 5 5 9 8 11 10 3 4 
7 8 11 12 5 5 2 1 3 4 
7 8 11 10 3 4 5 5 2 1 3 4 
7 6 4 3 1 2 5 5 4 
7 8 13 12 5 5 4 
7 6 4 5 5 2 0 7 6 4 
7 8 9 5 5 4 
7 0 2 1 3 4 5 5 12 13 10 3 4 
7 0 2 1 3 4 5 5 4 
7 0 1 3 4 5 5 9 8 11 10 3 4 
7 0 2 1 3 4 5 5 12 11 10 3 4 
7 8 13 12 5 5 12 13 10 3 4 
7 8 11 12 5 5 12 11 10 3 4 
7 0 2 5 5 9 8 11 10 3 4 
7 6 4 5 5 12 11 8 7 6 4 
7 0 2 1 3 4 5 5 9 8 7 6 4 
7 6 4 3 1 2 5 5 12 13 10 3 4 
7 8 9 5 5 9 8 7 6 4 
7 0 2 5 5 2 1 0 7 6 4 
7 0 2 1 3 4 5 5 12 11 8 7 6 4 
7 0 1 3 4 5 5 2 0 7 6 4 
7 0 1 2 5 5 2 1 3 4 
7 8 9 5 5 2 0 1 3 4 
7 8 11 12 5 5 12 11 8 7 6 4 
7 8 9 5 5 2 1 3 4 
7 0 1 2 5 5 9 8 7 6 4 
7 8 11 10 3 4 5 5 9 8 7 6 4 
7 8 11 10 3 4 5 5 2 0 7 6 4 
7 0 2 5 5 4 
7 6 4 5 5 2 1 3 4 
7 8 13 12 5 5 2 0 1 3 4 
7 8 11 10 3 4 5 5 12 11 10 3 4 
---------------
Request id 7
1 3 10 13 12 5 5 5 2 0 7 8 11 
1 3 10 13 12 5 5 5 12 13 10 11 
1 3 4 5 5 5 12 11 
1 2 0 7 6 4 5 5 5 2 0 7 8 11 
1 2 0 7 6 4 5 5 5 9 8 13 10 11 
1 3 4 5 5 5 9 8 13 10 11 
1 0 7 8 9 5 5 5 4 3 10 11 
1 3 10 13 12 5 5 5 9 8 13 10 11 
1 3 4 5 5 5 4 3 10 11 
1 0 7 8 13 12 5 5 5 2 0 7 8 11 
1 2 0 7 6 4 5 5 5 4 3 10 11 
1 0 7 8 13 12 5 5 5 12 13 8 11 
1 0 7 8 13 12 5 5 5 2 1 3 10 11 
1 0 7 8 11 12 5 5 5 9 8 13 10 11 
1 3 4 5 5 5 12 13 10 11 
1 3 4 5 5 5 9 8 11 
1 3 4 5 5 5 9 8 13 12 11 
1 0 7 8 13 12 5 5 5 9 8 13 12 11 
1 0 7 8 11 12 5 5 5 2 1 3 10 11 
1 0 2 5 5 5 12 13 10 11 
1 0 2 5 5 5 12 13 8 11 
1 2 0 7 6 4 5 5 5 4 6 7 8 11 
1 0 7 8 11 12 5 5 5 12 13 8 11 
1 2 0 7 6 4 5 5 5 12 13 10 11 
1 2 5 5 5 2 1 3 10 11 
1 2 5 5 5 12 13 8 11 
1 0 7 8 13 12 5 5 5 4 3 10 11 
1 0 7 6 4 5 5 5 9 8 13 12 11 
1 0 7 8 9 5 5 5 9 8 13 12 11 
1 0 2 5 5 5 9 8 11 
1 2 5 5 5 2 0 7 8 11 
1 3 10 11 12 5 5 5 12 11 
1 0 7 6 4 5 5 5 2 0 7 8 11 
1 3 10 13 12 5 5 5 12 11 
1 0 2 5 5 5 4 6 7 8 11 
1 3 10 11 12 5 5 5 9 8 11 
1 2 0 7 6 4 5 5 5 9 8 11 
1 0 7 8 13 12 5 5 5 9 8 13 10 11 
1 2 5 5 5 4 6 7 8 11 
1 0 7 6 4 5 5 5 9 8 11 
---------------
Request id 6
3 10 11 8 9 5 5 5 2 1 0 7 6 
3 4 5 5 5 12 11 10 3 4 6 
3 4 6 7 0 2 5 5 5 12 11 10 3 4 6 
3 1 0 2 5 5 5 12 11 8 7 6 
3 4 6 7 0 2 5 5 5 4 6 
3 1 2 5 5 5 12 13 10 3 4 6 
3 10 11 12 5 5 5 12 11 10 3 4 6 
3 10 11 8 13 12 5 5 5 9 8 7 6 
3 10 13 8 9 5 5 5 9 8 7 6 
3 10 13 12 5 5 5 4 6 
3 4 5 5 5 2 1 3 4 6 
3 10 11 8 9 5 5 5 2 0 7 6 
3 1 2 5 5 5 12 11 10 3 4 6 
3 4 6 7 0 2 5 5 5 12 11 8 7 6 
3 4 5 5 5 2 1 0 7 6 
3 10 13 8 9 5 5 5 4 3 1 0 7 6 
3 10 13 8 11 12 5 5 5 4 3 1 0 7 6 
3 4 5 5 5 2 0 7 6 
3 10 13 12 5 5 5 2 1 0 7 6 
3 10 13 8 11 12 5 5 5 12 13 10 3 4 6 
3 4 6 7 0 2 5 5 5 9 8 7 6 
3 10 13 8 9 5 5 5 12 13 8 7 6 
3 4 5 5 5 12 13 10 3 4 6 
3 10 11 8 9 5 5 5 9 8 7 6 
3 10 13 8 9 5 5 5 12 13 10 3 4 6 
3 10 11 12 5 5 5 12 13 8 7 6 
3 1 2 5 5 5 2 1 3 4 6 
3 1 0 2 5 5 5 2 0 7 6 
3 4 5 5 5 9 8 7 6 
3 1 0 2 5 5 5 12 11 10 3 4 6 
3 1 2 5 5 5 4 6 
3 4 6 7 0 2 5 5 5 12 13 8 7 6 
3 10 11 8 9 5 5 5 4 6 
3 4 5 5 5 12 11 8 7 6 
3 10 11 8 9 5 5 5 12 13 8 7 6 
3 1 0 2 5 5 5 12 13 10 3 4 6 
3 1 2 5 5 5 2 1 0 7 6 
3 10 11 8 13 12 5 5 5 12 11 8 7 6 
3 10 11 8 13 12 5 5 5 4 6 
3 10 13 8 9 5 5 5 12 11 10 3 4 6 
---------------
Request id 9
1 2 0 7 6 4 5 9 8 11 
1 3 4 5 2 1 3 10 11 
1 3 10 13 12 5 2 1 3 10 11 
1 2 0 7 6 4 5 2 0 7 8 11 
1 0 7 6 4 5 2 0 7 8 11 
1 0 7 8 9 5 2 0 7 8 11 
1 0 7 8 9 5 12 13 8 11 
1 2 5 9 8 11 
1 0 2 5 12 11 
1 3 10 13 12 5 12 13 8 11 
1 2 5 2 1 3 10 11 
1 0 7 8 11 12 5 4 6 7 8 11 
1 0 7 6 4 5 9 8 13 10 11 
1 3 4 5 2 0 7 8 11 
1 3 10 11 12 5 12 13 10 11 
1 0 7 8 9 5 12 13 10 11 
1 3 10 13 12 5 4 6 7 8 11 
1 0 7 8 9 5 9 8 11 
1 0 7 8 9 5 4 6 7 8 11 
1 3 10 13 12 5 9 8 13 10 11 
1 2 5 12 11 
1 2 0 7 6 4 5 12 13 8 11 
1 0 7 6 4 5 4 3 10 11 
1 0 2 5 4 6 7 8 11 
1 2 5 4 6 7 8 11 
1 3 10 13 12 5 12 13 10 11 
1 2 5 2 0 7 8 11 
1 3 4 5 12 11 
1 0 7 8 11 12 5 12 11 
1 0 7 6 4 5 2 1 3 10 11 
1 0 2 5 9 8 13 12 11 
1 2 0 7 6 4 5 4 6 7 8 11 
1 0 7 8 13 12 5 9 8 11 
1 0 2 5 9 8 11 
1 2 0 7 6 4 5 9 8 13 10 11 
1 3 10 13 12 5 2 0 7 8 11 
1 3 10 11 12 5 12 13 8 11 
1 0 2 5 12 13 8 11 
1 2 5 12 13 8 11 
1 3 10 13 12 5 12 11 
---------------
Request id 8
4 3 10 13 12 5 12 11 10 3 1 0 
4 6 7 8 9 5 4 6 7 0 
4 6 7 8 9 5 12 11 8 7 0 
4 6 7 8 9 5 12 13 10 3 1 0 
4 6 7 0 2 5 4 6 7 0 
4 5 4 3 1 2 0 
4 3 1 2 5 2 1 0 
4 6 7 0 2 5 9 8 7 0 
4 6 7 8 13 12 5 4 6 7 0 
4 6 7 0 2 5 4 3 1 0 
4 3 1 2 5 12 13 10 3 1 0 
4 3 10 13 12 5 9 8 7 0 
4 5 4 6 7 0 
4 6 7 8 9 5 9 8 7 0 
4 3 1 2 5 12 13 8 7 0 
4 6 7 8 13 12 5 2 1 0 
4 6 7 8 13 12 5 12 11 8 7 0 
4 3 1 2 5 9 8 7 0 
4 6 7 8 11 12 5 2 1 0 
4 3 1 2 5 12 11 8 7 0 
4 6 7 8 11 12 5 4 3 1 0 
4 3 10 13 12 5 4 6 7 0 
4 3 1 0 2 5 2 0 
4 6 7 8 11 12 5 12 13 8 7 0 
4 6 7 8 9 5 12 13 8 7 0 
4 3 10 13 8 9 5 4 3 1 2 0 
4 6 7 8 11 12 5 12 11 8 7 0 
4 3 1 0 2 5 12 13 10 3 1 0 
4 6 7 8 11 12 5 2 0 
4 6 7 8 13 12 5 2 0 
4 3 1 2 5 2 0 
4 3 10 11 12 5 2 0 
4 6 7 0 2 5 12 13 10 3 1 0 
4 6 7 0 2 5 12 13 8 7 0 
4 3 10 13 8 9 5 2 0 
4 3 10 13 12 5 2 0 
4 3 1 0 2 5 12 11 10 3 1 0 
4 3 10 11 12 5 12 13 8 7 0 
4 6 7 0 2 5 12 11 10 3 1 0 
4 6 7 8 13 12 5 9 8 7 0 
---------------
Request id 16
9 8 7 0 2 5 5 5 9 8 7 6 4 
9 8 11 10 13 12 5 5 5 2 0 7 6 4 
9 8 7 0 2 5 5 5 12 11 10 3 4 
9 5 5 5 2 1 3 4 
9 8 7 6 4 5 5 5 2 1 3 4 
9 8 13 10 3 4 5 5 5 4 
9 8 7 0 1 2 5 5 5 2 1 0 7 6 4 
9 5 5 5 12 13 8 7 6 4 
9 8 7 0 1 2 5 5 5 2 1 3 4 
9 8 11 12 5 5 5 4 
9 8 11 10 3 4 5 5 5 2 1 0 7 6 4 
9 8 11 10 3 4 5 5 5 12 11 10 3 4 
9 8 11 10 13 12 5 5 5 2 1 0 7 6 4 
9 8 7 0 1 2 5 5 5 4 
9 8 7 6 4 5 5 5 4 
9 8 13 10 11 12 5 5 5 2 1 0 7 6 4 
9 8 7 0 1 2 5 5 5 9 8 7 6 4 
9 8 11 10 3 4 5 5 5 2 1 3 4 
9 8 13 10 11 12 5 5 5 12 13 8 7 6 4 
9 8 11 10 3 4 5 5 5 9 8 7 6 4 
9 8 11 10 13 12 5 5 5 12 13 10 3 4 
9 8 7 6 4 5 5 5 12 13 8 7 6 4 
9 8 7 0 2 5 5 5 2 0 1 3 4 
9 5 5 5 12 13 10 3 4 
9 8 13 10 3 4 5 5 5 12 11 10 3 4 
9 8 7 0 1 2 5 5 5 12 11 10 3 4 
9 8 13 12 5 5 5 2 0 1 3 4 
9 8 13 10 11 12 5 5 5 9 8 7 6 4 
9 8 11 10 13 12 5 5 5 12 13 8 7 6 4 
9 8 11 12 5 5 5 9 8 7 6 4 
9 5 5 5 2 0 7 6 4 
9 8 7 0 2 5 5 5 4 
9 8 11 10 13 12 5 5 5 9 8 7 6 4 
9 8 7 6 4 5 5 5 2 0 7 6 4 
9 8 13 10 11 12 5 5 5 12 13 10 3 4 
9 8 7 6 4 5 5 5 12 11 10 3 4 
9 8 11 10 3 4 5 5 5 9 8 13 10 3 4 
9 5 5 5 2 1 0 7 6 4 
9 8 11 10 13 12 5 5 5 2 1 3 4 
9 8 7 0 1 2 5 5 5 2 0 7 6 4 
---------------
Request id 4
9 8 13 10 11 12 5 5 5 12 13 10 3 
9 8 7 0 2 5 5 5 9 8 13 10 3 
9 8 11 10 3 4 5 5 5 2 1 3 
9 5 5 5 9 8 13 10 3 
9 8 13 12 5 5 5 4 3 
9 8 11 10 3 4 5 5 5 4 6 7 0 1 3 
9 8 13 12 5 5 5 2 0 7 6 4 3 
9 8 7 0 1 2 5 5 5 12 11 10 3 
9 8 11 12 5 5 5 2 1 3 
9 8 13 10 3 4 5 5 5 4 6 7 0 1 3 
9 8 11 10 13 12 5 5 5 12 13 10 3 
9 8 7 6 4 5 5 5 9 8 13 10 3 
9 8 11 10 3 4 5 5 5 12 13 10 3 
9 8 13 10 11 12 5 5 5 4 6 7 0 1 3 
9 8 13 10 11 12 5 5 5 2 0 1 3 
9 5 5 5 4 6 7 0 1 3 
9 8 7 6 4 5 5 5 2 1 3 
9 8 13 12 5 5 5 12 11 10 3 
9 8 7 0 1 2 5 5 5 12 13 8 11 10 3 
9 8 7 6 4 5 5 5 2 0 7 6 4 3 
9 8 13 10 3 4 5 5 5 12 11 10 3 
9 8 11 10 13 12 5 5 5 2 0 1 3 
9 8 7 0 1 2 5 5 5 12 13 10 3 
9 8 11 12 5 5 5 12 13 8 11 10 3 
9 8 13 10 11 12 5 5 5 12 11 10 3 
9 8 7 6 4 5 5 5 9 8 11 10 3 
9 8 7 0 1 2 5 5 5 4 3 
9 8 7 0 2 5 5 5 12 13 8 11 10 3 
9 8 11 10 13 12 5 5 5 12 11 10 3 
9 5 5 5 12 13 8 11 10 3 
9 8 11 10 3 4 5 5 5 4 3 
9 8 7 0 1 2 5 5 5 2 0 1 3 
9 8 11 10 13 12 5 5 5 9 8 13 10 3 
9 8 7 0 2 5 5 5 12 11 10 3 
9 8 11 10 3 4 5 5 5 12 13 8 11 10 3 
9 8 11 12 5 5 5 4 6 7 0 1 3 
9 8 13 10 3 4 5 5 5 2 0 7 6 4 3 
9 8 13 12 5 5 5 9 8 13 10 3 
9 8 11 10 13 12 5 5 5 2 1 3 
9 8 13 10 3 4 5 5 5 9 8 13 10 3 
---------------
Request id 14
12 11 8 9 5 5 5 9 8 7 6 
12 11 8 9 5 5 5 2 0 7 6 
12 13 8 7 6 4 5 5 5 9 8 7 6 
12 5 5 5 9 8 7 6 
12 11 10 3 4 5 5 5 12 13 10 3 4 6 
12 5 5 5 4 3 1 0 7 6 
12 13 10 11 8 9 5 5 5 2 0 7 6 
12 13 10 3 4 5 5 5 2 0 1 3 4 6 
12 13 8 7 0 2 5 5 5 4 6 
12 5 5 5 12 13 8 7 6 
12 11 8 7 6 4 5 5 5 2 1 0 7 6 
12 13 8 7 0 2 5 5 5 4 3 1 0 7 6 
12 13 8 9 5 5 5 12 13 8 7 6 
12 11 8 9 5 5 5 2 1 3 4 6 
12 13 8 7 6 4 5 5 5 2 1 0 7 6 
12 13 8 7 6 4 5 5 5 2 0 7 6 
12 5 5 5 2 0 7 6 
12 11 10 3 4 5 5 5 2 1 0 7 6 
12 13 10 3 4 5 5 5 12 13 10 3 4 6 
12 11 10 3 4 5 5 5 2 0 7 6 
12 13 10 3 1 2 5 5 5 4 3 1 0 7 6 
12 13 10 3 4 5 5 5 4 3 1 0 7 6 
12 11 8 7 6 4 5 5 5 12 11 8 7 6 
12 11 8 7 6 4 5 5 5 2 1 3 4 6 
12 11 8 7 6 4 5 5 5 4 6 
12 13 8 7 6 4 5 5 5 2 1 3 4 6 
12 13 10 11 8 9 5 5 5 4 6 
12 13 8 9 5 5 5 4 3 1 0 7 6 
12 13 8 7 6 4 5 5 5 4 3 1 0 7 6 
12 5 5 5 2 1 0 7 6 
12 11 8 7 6 4 5 5 5 12 13 8 7 6 
12 13 10 3 1 2 5 5 5 4 6 
12 11 10 3 4 5 5 5 4 3 1 0 7 6 
12 11 10 3 4 5 5 5 4 6 
12 13 8 7 0 2 5 5 5 12 13 8 7 6 
12 13 8 9 5 5 5 4 6 
12 11 10 3 4 5 5 5 12 13 8 7 6 
12 13 10 11 8 9 5 5 5 9 8 7 6 
12 13 10 3 4 5 5 5 12 13 8 7 6 
12 13 10 11 8 9 5 5 5 12 13 8 7 6 
---------------
Request id 3
0 1 3 10 11 12 5 5 2 0 1 3 
0 7 8 9 5 5 12 11 10 3 
0 7 8 9 5 5 2 0 7 6 4 3 
0 1 3 4 5 5 9 8 13 10 3 
0 7 6 4 5 5 2 0 1 3 
0 7 6 4 5 5 12 13 8 11 10 3 
0 2 5 5 2 0 7 6 4 3 
0 7 8 13 12 5 5 9 8 13 10 3 
0 1 2 5 5 4 6 7 0 1 3 
0 1 2 5 5 2 1 3 
0 7 8 13 12 5 5 12 13 10 3 
0 7 8 13 12 5 5 9 8 11 10 3 
0 7 8 11 12 5 5 12 13 10 3 
0 1 3 10 11 12 5 5 2 0 7 6 4 3 
0 7 8 11 12 5 5 2 0 7 6 4 3 
0 2 1 3 4 5 5 2 1 3 
0 1 3 10 13 12 5 5 12 13 10 3 
0 1 3 10 13 12 5 5 4 3 
0 1 3 10 11 12 5 5 9 8 13 10 3 
0 1 3 10 11 12 5 5 9 8 11 10 3 
0 1 2 5 5 9 8 13 10 3 
0 2 1 3 4 5 5 9 8 13 10 3 
0 7 8 13 12 5 5 4 3 
0 7 6 4 5 5 4 3 
0 1 2 5 5 2 0 7 6 4 3 
0 1 3 10 13 12 5 5 9 8 11 10 3 
0 1 3 10 11 12 5 5 2 1 3 
0 2 5 5 2 0 1 3 
0 7 8 9 5 5 2 0 1 3 
0 1 3 10 11 12 5 5 4 3 
0 1 3 10 13 12 5 5 9 8 13 10 3 
0 7 8 13 12 5 5 2 0 1 3 
0 7 8 11 12 5 5 12 13 8 11 10 3 
0 7 8 9 5 5 4 6 7 0 1 3 
0 7 8 9 5 5 9 8 13 10 3 
0 7 8 11 12 5 5 4 6 7 0 1 3 
0 7 8 11 12 5 5 9 8 13 10 3 
0 1 2 5 5 12 13 10 3 
0 7 8 9 5 5 9 8 11 10 3 
0 1 3 10 13 12 5 5 2 1 3 
---------------
Request id 19
7 0 1 2 5 2 1 0 
7 0 1 2 5 12 11 10 3 1 0 
7 6 4 5 4 3 1 0 
7 8 11 10 13 12 5 12 11 8 7 0 
7 0 2 5 4 3 1 0 
7 0 1 2 5 12 13 10 3 1 0 
7 8 13 12 5 12 11 8 7 0 
7 0 2 1 3 4 5 12 13 10 3 1 0 
7 6 4 3 1 2 5 4 3 1 2 0 
7 8 13 12 5 12 13 10 3 1 0 
7 0 1 3 4 5 12 13 10 3 1 0 
7 0 1 3 4 5 2 1 0 
7 0 2 5 4 6 7 0 
7 0 2 5 12 13 8 7 0 
7 6 4 3 1 2 5 2 1 0 
7 8 13 12 5 4 3 1 0 
7 6 4 3 1 2 5 2 0 
7 8 11 10 13 12 5 2 1 0 
7 0 2 1 3 4 5 4 3 1 0 
7 8 11 10 13 12 5 12 11 10 3 1 0 
7 0 2 1 3 4 5 2 0 
7 8 11 10 13 12 5 12 13 8 7 0 
7 0 1 3 4 5 4 3 1 2 0 
7 6 4 5 2 0 
7 6 4 5 2 1 0 
7 8 13 12 5 12 11 10 3 1 0 
7 6 4 3 1 2 5 12 13 10 3 1 0 
7 0 2 5 12 13 10 3 1 0 
7 8 13 12 5 4 3 1 2 0 
7 8 11 12 5 2 1 0 
7 0 2 1 3 4 5 4 6 7 0 
7 0 1 3 4 5 12 11 8 7 0 
7 0 2 1 3 4 5 4 3 1 2 0 
7 8 13 12 5 4 6 7 0 
7 8 11 12 5 12 11 10 3 1 0 
7 0 1 3 4 5 4 6 7 0 
7 0 1 2 5 4 3 1 2 0 
7 8 9 5 2 1 0 
7 0 2 1 3 4 5 2 1 0 
7 8 9 5 4 3 1 2 0 
---------------
Request id 2
1 2 0 7 6 4 5 12 13 8 
1 0 7 8 9 5 2 0 7 8 
1 0 2 5 9 8 
1 3 4 5 4 3 10 11 8 
1 3 10 13 8 9 5 4 6 7 8 
1 0 7 8 13 12 5 12 13 8 
1 0 7 6 4 5 4 3 10 11 8 
1 0 7 8 9 5 12 13 8 
1 2 5 4 3 10 13 8 
1 0 7 6 4 5 4 6 7 8 
1 0 7 8 9 5 4 3 10 13 8 
1 0 2 5 2 0 7 8 
1 2 5 12 11 10 13 8 
1 3 10 13 8 9 5 2 0 7 8 
1 2 5 12 13 8 
1 0 7 6 4 5 12 11 10 13 8 
1 3 4 5 12 13 10 11 8 
1 0 7 8 13 12 5 2 0 7 8 
1 3 10 11 12 5 2 0 7 8 
1 0 7 6 4 5 4 3 10 13 8 
1 2 5 4 3 10 11 8 
1 3 10 13 8 9 5 12 13 10 11 8 
1 0 2 5 4 3 10 13 8 
1 3 10 11 12 5 12 13 8 
1 3 10 13 12 5 9 8 
1 3 10 11 12 5 4 6 7 8 
1 0 2 5 12 11 10 13 8 
1 3 4 5 12 13 8 
1 3 4 5 2 1 0 7 8 
1 0 7 8 13 12 5 12 11 10 13 8 
1 0 2 5 2 1 0 7 8 
1 0 7 8 9 5 4 3 10 11 8 
1 3 10 11 12 5 12 13 10 11 8 
1 3 10 13 8 9 5 2 1 0 7 8 
1 0 2 5 12 11 8 
1 3 10 13 12 5 12 13 10 11 8 
1 3 10 13 12 5 12 13 8 
1 3 4 5 12 11 10 13 8 
1 0 7 8 9 5 2 1 0 7 8 
1 0 7 8 9 5 12 13 10 11 8 
---------------
Request id 17
6 7 8 11 12 5 5 5 9 8 11 10 13 
6 4 3 10 13 12 5 5 5 12 13 
6 7 8 13 12 5 5 5 2 0 7 8 13 
6 7 0 2 5 5 5 4 3 10 13 
6 4 5 5 5 12 11 10 13 
6 7 0 1 3 4 5 5 5 9 8 13 
6 7 8 9 5 5 5 4 3 10 13 
6 4 3 10 13 12 5 5 5 9 8 11 12 13 
6 4 3 1 2 5 5 5 9 8 11 10 13 
6 4 5 5 5 2 1 3 10 13 
6 4 3 10 13 12 5 5 5 2 1 3 10 13 
6 4 5 5 5 9 8 13 
6 7 8 9 5 5 5 9 8 11 12 13 
6 7 8 11 12 5 5 5 2 0 7 8 13 
6 4 3 1 2 5 5 5 9 8 11 12 13 
6 7 0 1 3 4 5 5 5 9 8 11 10 13 
6 7 0 1 2 5 5 5 4 6 7 8 13 
6 4 3 1 2 5 5 5 4 3 10 13 
6 7 8 11 12 5 5 5 12 11 8 13 
6 4 5 5 5 12 13 
6 7 0 1 2 5 5 5 12 11 8 13 
6 7 0 1 2 5 5 5 9 8 11 10 13 
6 7 0 1 3 4 5 5 5 12 11 8 13 
6 4 5 5 5 9 8 11 10 13 
6 7 0 2 5 5 5 4 6 7 8 13 
6 4 3 1 2 5 5 5 2 0 7 8 13 
6 7 0 2 5 5 5 12 11 10 13 
6 7 0 1 2 5 5 5 9 8 13 
6 7 8 13 12 5 5 5 12 11 10 13 
6 7 0 1 3 4 5 5 5 2 1 3 10 13 
6 7 8 11 12 5 5 5 12 11 10 13 
6 4 3 10 13 12 5 5 5 9 8 11 10 13 
6 7 0 1 2 5 5 5 12 11 10 13 
6 4 3 1 0 2 5 5 5 12 11 8 13 
6 4 5 5 5 2 0 7 8 13 
6 4 3 1 0 2 5 5 5 2 0 7 8 13 
6 4 3 1 2 5 5 5 2 1 3 10 13 
6 7 8 11 12 5 5 5 4 3 10 13 
6 4 3 10 13 12 5 5 5 2 0 7 8 13 
6 4 3 1 0 2 5 5 5 9 8 11 12 13 
---------------
Request id 11
13 12 11 8 9 5 4 3 10 11 
13 12 5 9 8 13 10 11 
13 8 7 6 4 5 12 11 
13 8 11 12 5 2 1 3 10 11 
13 10 3 1 2 5 4 6 7 8 11 
13 8 7 0 2 5 12 13 8 11 
13 8 7 0 2 5 4 3 10 11 
13 12 5 9 8 13 12 11 
13 12 11 8 9 5 12 13 8 11 
13 8 9 5 9 8 13 10 11 
13 12 5 2 1 3 10 11 
13 8 9 5 9 8 13 12 11 
13 10 11 12 5 12 11 
13 10 11 12 5 12 13 8 11 
13 10 11 12 5 9 8 13 10 11 
13 8 7 0 2 5 12 13 10 11 
13 10 3 4 5 12 13 10 11 
13 10 3 1 2 5 2 0 7 8 11 
13 8 7 0 2 5 4 6 7 8 11 
13 8 11 12 5 9 8 13 10 11 
13 10 11 8 9 5 9 8 13 10 11 
13 10 3 1 2 5 2 1 3 10 11 
13 8 9 5 4 6 7 8 11 
13 12 5 4 6 7 8 11 
13 8 7 6 4 5 12 13 8 11 
13 12 11 8 9 5 9 8 11 
13 10 3 4 5 9 8 11 
13 8 11 12 5 12 11 
13 12 11 8 9 5 2 1 3 10 11 
13 10 11 8 9 5 12 11 
13 12 5 12 11 
13 10 11 8 9 5 4 3 10 11 
13 10 3 4 5 12 13 8 11 
13 12 11 8 9 5 12 11 
13 10 3 1 2 5 4 3 10 11 
13 10 3 4 5 4 3 10 11 
13 12 5 2 0 7 8 11 
13 10 3 4 5 4 6 7 8 11 
13 8 7 6 4 5 9 8 13 12 11 
13 8 7 0 2 5 2 0 7 8 11 
---------------
Request id 18
13 8 9 5 4 3 1 2 0 7 
13 8 7 0 2 5 4 6 7 
13 10 11 12 5 4 3 1 0 7 
13 8 9 5 2 1 0 7 
13 10 3 4 5 2 1 0 7 
13 8 7 0 2 5 12 13 8 7 
13 8 7 0 2 5 4 3 1 2 0 7 
13 10 11 12 5 12 13 10 11 8 7 
13 10 11 8 9 5 2 0 7 
13 8 9 5 12 11 10 13 8 7 
13 8 7 6 4 5 4 3 1 0 7 
13 10 3 1 2 5 4 6 7 
13 8 7 0 2 5 12 11 8 7 
13 8 11 12 5 4 3 1 2 0 7 
13 8 11 12 5 12 11 10 13 8 7 
13 10 3 4 5 4 3 1 0 7 
13 8 11 12 5 12 11 8 7 
13 10 11 12 5 4 6 7 
13 8 9 5 12 11 8 7 
13 8 7 6 4 5 12 11 8 7 
13 10 11 12 5 2 1 0 7 
13 10 11 12 5 4 3 1 2 0 7 
13 10 11 12 5 12 11 8 7 
13 12 5 4 6 7 
13 12 5 12 13 10 11 8 7 
13 8 7 0 2 5 2 1 0 7 
13 8 9 5 12 13 10 11 8 7 
13 8 11 12 5 2 1 0 7 
13 10 3 1 2 5 9 8 7 
13 8 7 0 2 5 9 8 7 
13 10 11 8 9 5 4 3 1 0 7 
13 12 5 12 13 8 7 
13 8 7 6 4 5 12 13 8 7 
13 10 3 4 5 12 11 10 13 8 7 
13 8 7 0 2 5 4 3 1 0 7 
13 12 11 8 9 5 9 8 7 
13 8 9 5 9 8 7 
13 8 9 5 12 13 8 7 
13 8 7 6 4 5 2 0 7 
13 10 3 1 2 5 2 1 0 7 
---------------
Request id 10
9 8 11 10 13 12 5 5 9 8 7 6 4 
9 8 13 10 11 12 5 5 2 1 3 4 
9 5 5 2 1 3 4 
9 8 11 10 3 4 5 5 4 
9 8 13 10 3 4 5 5 12 13 8 7 6 4 
9 8 11 12 5 5 2 0 7 6 4 
9 8 13 10 11 12 5 5 12 13 8 7 6 4 
9 8 11 10 3 4 5 5 12 13 8 7 6 4 
9 8 7 0 1 2 5 5 4 
9 8 13 12 5 5 12 11 10 3 4 
9 8 13 10 3 4 5 5 2 1 3 4 
9 8 7 0 2 5 5 2 1 3 4 
9 8 13 10 11 12 5 5 12 11 10 3 4 
9 8 13 10 11 12 5 5 12 13 10 3 4 
9 8 11 12 5 5 4 
9 8 13 12 5 5 12 13 8 7 6 4 
9 8 11 10 13 12 5 5 2 1 3 4 
9 8 7 0 2 5 5 2 0 7 6 4 
9 8 7 0 2 5 5 2 1 0 7 6 4 
9 8 7 0 2 5 5 4 
9 5 5 2 0 1 3 4 
9 5 5 9 8 13 10 3 4 
9 8 13 12 5 5 12 13 10 3 4 
9 8 11 10 13 12 5 5 4 
9 8 11 12 5 5 12 11 10 3 4 
9 8 13 10 3 4 5 5 12 13 10 3 4 
9 8 11 10 13 12 5 5 2 1 0 7 6 4 
9 8 7 6 4 5 5 9 8 13 10 3 4 
9 8 11 10 3 4 5 5 2 1 0 7 6 4 
9 8 7 0 2 5 5 12 13 8 7 6 4 
9 8 13 12 5 5 9 8 7 6 4 
9 8 13 12 5 5 4 
9 8 13 10 3 4 5 5 9 8 13 10 3 4 
9 8 7 6 4 5 5 12 11 10 3 4 
9 8 13 10 11 12 5 5 2 0 1 3 4 
9 8 13 10 11 12 5 5 2 0 7 6 4 
9 8 7 0 1 2 5 5 2 1 3 4 
9 8 7 0 1 2 5 5 2 1 0 7 6 4 
9 5 5 4 
9 8 11 12 5 5 12 13 8 7 6 4 
---------------
Request id 13
2 0 7 8 13 12 5 9 8 7 0 2 1 
2 5 12 13 10 3 1 
2 0 7 8 11 12 5 12 11 10 3 1 
2 1 3 4 5 12 13 10 3 1 
2 0 7 6 4 5 2 0 1 
2 0 7 8 11 12 5 2 0 1 
2 1 0 7 6 4 5 2 1 
2 1 3 4 5 12 11 8 7 0 1 
2 0 7 6 4 5 12 13 8 7 0 1 
2 0 7 6 4 5 12 11 8 7 0 1 
2 1 0 7 6 4 5 12 11 8 7 0 1 
2 1 3 4 5 9 8 7 0 1 
2 1 0 7 6 4 5 4 3 1 
2 1 3 10 11 12 5 2 0 1 
2 5 9 8 7 0 1 
2 0 7 8 13 12 5 9 8 7 0 1 
2 0 7 6 4 5 9 8 7 0 1 
2 1 3 4 5 4 6 7 0 1 
2 0 7 8 11 12 5 2 1 
2 5 12 11 8 7 0 1 
2 1 3 10 13 12 5 12 11 10 3 1 
2 0 1 3 4 5 9 8 7 0 2 1 
2 5 12 11 10 3 1 
2 0 7 8 11 12 5 9 8 7 0 1 
2 1 3 4 5 4 3 1 
2 1 3 10 13 12 5 12 13 10 3 1 
2 0 1 3 4 5 2 0 1 
2 0 7 8 9 5 12 13 10 3 1 
2 1 3 10 11 12 5 9 8 7 0 2 1 
2 0 1 3 4 5 12 13 8 7 0 1 
2 1 3 4 5 9 8 7 0 2 1 
2 0 7 8 11 12 5 9 8 7 0 2 1 
2 5 4 6 7 0 1 
2 1 3 10 13 12 5 9 8 7 0 2 1 
2 5 4 3 1 
2 0 7 8 9 5 4 3 1 
2 0 1 3 4 5 12 11 8 7 0 1 
2 0 7 8 9 5 4 6 7 0 1 
2 1 0 7 6 4 5 9 8 7 0 2 1 
2 0 7 8 11 12 5 12 13 8 7 0 1 
---------------
Request id 1
1 0 7 8 13 12 5 5 2 0 1 3 4 
1 3 4 5 5 12 13 8 7 6 4 
1 0 7 8 11 12 5 5 2 0 7 6 4 
1 0 7 6 4 5 5 12 13 8 7 6 4 
1 3 10 13 12 5 5 4 
1 0 7 8 11 12 5 5 9 8 7 6 4 
1 3 4 5 5 2 1 0 7 6 4 
1 3 4 5 5 2 0 1 3 4 
1 0 2 5 5 9 8 13 10 3 4 
1 0 2 5 5 12 13 8 7 6 4 
1 0 7 6 4 5 5 2 1 0 7 6 4 
1 0 7 8 11 12 5 5 12 13 8 7 6 4 
1 0 7 8 9 5 5 9 8 13 10 3 4 
1 2 0 7 6 4 5 5 9 8 7 6 4 
1 0 2 5 5 12 11 10 3 4 
1 0 2 5 5 9 8 7 6 4 
1 0 7 8 9 5 5 4 
1 0 7 6 4 5 5 2 0 7 6 4 
1 0 7 8 13 12 5 5 4 
1 0 2 5 5 4 
1 0 7 8 13 12 5 5 9 8 7 6 4 
1 0 7 8 11 12 5 5 12 11 10 3 4 
1 2 5 5 2 1 3 4 
1 0 7 6 4 5 5 12 13 10 3 4 
1 0 7 8 13 12 5 5 2 0 7 6 4 
1 0 7 8 9 5 5 2 1 3 4 
1 0 2 5 5 2 0 7 6 4 
1 3 4 5 5 12 13 10 3 4 
1 0 7 6 4 5 5 2 1 3 4 
1 0 7 8 11 12 5 5 4 
1 3 10 11 12 5 5 2 0 1 3 4 
1 3 4 5 5 4 
1 2 5 5 9 8 13 10 3 4 
1 3 10 13 12 5 5 9 8 7 6 4 
1 0 7 8 9 5 5 2 0 1 3 4 
1 2 0 7 6 4 5 5 12 13 8 7 6 4 
1 0 7 6 4 5 5 9 8 7 6 4 
1 2 5 5 2 0 7 6 4 
1 3 10 13 12 5 5 2 0 7 6 4 
1 0 2 5 5 2 0 1 3 4 
---------------
Request id 20
13 10 3 4 5 5 12 13 8 7 
13 8 7 0 2 5 5 4 3 1 2 0 7 
13 10 3 1 2 5 5 12 11 10 13 8 7 
13 12 5 5 9 8 7 
13 8 7 6 4 5 5 2 0 7 
13 10 11 8 9 5 5 2 0 7 
13 10 11 8 9 5 5 2 1 0 7 
13 12 11 8 9 5 5 12 11 8 7 
13 8 9 5 5 9 8 7 
13 8 7 0 2 5 5 9 8 7 
13 10 3 1 2 5 5 4 3 1 2 0 7 
13 8 7 6 4 5 5 4 6 7 
13 10 3 1 2 5 5 12 11 8 7 
13 10 11 12 5 5 9 8 7 
13 8 7 6 4 5 5 12 13 10 11 8 7 
13 12 11 8 9 5 5 9 8 7 
13 10 11 12 5 5 4 6 7 
13 8 7 6 4 5 5 12 11 8 7 
13 8 7 0 2 5 5 2 0 7 
13 12 5 5 4 6 7 
13 10 11 12 5 5 12 13 8 7 
13 10 3 1 2 5 5 9 8 7 
13 8 11 12 5 5 4 3 1 2 0 7 
13 8 9 5 5 4 6 7 
13 8 11 12 5 5 9 8 7 
13 10 3 1 2 5 5 2 1 0 7 
13 12 11 8 9 5 5 4 6 7 
13 8 9 5 5 12 13 10 11 8 7 
13 12 11 8 9 5 5 4 3 1 0 7 
13 10 3 1 2 5 5 2 0 7 
13 12 5 5 4 3 1 2 0 7 
13 10 11 8 9 5 5 4 6 7 
13 12 5 5 12 13 8 7 
13 8 7 6 4 5 5 12 13 8 7 
13 12 11 8 9 5 5 12 13 8 7 
13 8 7 0 2 5 5 2 1 0 7 
13 8 7 6 4 5 5 2 1 0 7 
13 12 11 8 9 5 5 2 0 7 
13 10 3 1 2 5 5 12 13 8 7 
13 12 11 8 9 5 5 12 13 10 11 8 7 
---------------
