Request id 2
71 69 67 66 63 58 56 40 32 28 25 18 18 18 25 28 32 40 56 58 
71 69 67 66 63 58 56 40 32 28 25 18 18 18 16 24 30 33 39 40 56 58 
71 69 67 66 63 58 56 40 32 28 25 18 18 18 25 29 36 37 35 32 40 56 58 
71 69 67 66 63 58 56 40 32 28 25 18 18 18 25 28 32 40 41 61 59 56 58 
71 69 67 66 63 58 56 40 32 28 25 18 18 18 16 24 23 26 28 32 40 56 58 
71 69 67 66 63 58 56 40 32 28 25 18 18 18 15 19 29 25 28 32 40 56 58 
71 69 67 66 63 58 56 40 32 28 25 18 18 18 16 24 30 33 39 38 42 51 56 58 
71 69 67 66 63 58 56 40 32 28 25 18 18 18 25 28 32 40 39 38 42 51 56 58 
71 69 67 66 63 58 56 40 32 28 25 18 18 18 13 11 16 24 30 33 39 40 56 58 
71 69 67 66 63 58 56 40 32 28 25 18 18 18 15 19 29 36 37 35 32 40 56 58 
---------------
Request id 8
67 66 62 61 41 40 32 28 25 18 25 28 26 
67 66 62 61 41 40 32 28 25 18 16 24 23 26 
67 66 62 61 41 40 32 28 25 18 15 19 29 25 28 26 
67 66 62 61 41 40 32 28 25 18 16 17 20 24 23 26 
67 66 62 61 41 40 32 28 25 18 13 11 16 24 23 26 
67 66 62 61 41 40 32 28 25 18 16 17 21 22 27 24 23 26 
67 66 62 61 41 40 32 28 25 18 13 3 6 11 16 24 23 26 
67 66 62 61 41 40 32 28 25 18 13 11 16 17 20 24 23 26 
67 66 62 61 41 40 32 28 25 18 25 29 36 37 35 32 28 26 
67 66 62 61 41 40 32 28 25 18 16 24 30 33 39 40 32 28 26 
---------------
Request id 1
66 63 58 56 40 32 28 25 18 18 25 28 32 40 56 51 
66 63 58 56 40 32 28 25 18 18 16 24 27 31 34 38 42 51 
66 63 58 56 40 32 28 25 18 18 25 28 32 40 39 38 42 51 
66 63 58 56 40 32 28 25 18 18 16 24 30 33 39 38 42 51 
66 63 58 56 40 32 28 25 18 18 16 24 30 33 39 40 56 51 
66 63 58 56 40 32 28 25 18 18 25 29 36 37 35 32 40 56 51 
66 63 58 56 40 32 28 25 18 18 15 19 29 25 28 32 40 56 51 
66 63 58 56 40 32 28 25 18 18 25 28 32 40 41 61 59 56 51 
66 63 58 56 40 32 28 25 18 18 16 24 23 26 28 32 40 56 51 
66 63 58 56 40 32 28 25 18 18 13 11 16 24 27 31 34 38 42 51 
---------------
Request id 7
30 24 24 24 16 11 13 3 1 4 
30 24 24 24 16 18 13 3 1 4 
30 24 24 24 16 11 6 8 7 4 
30 24 24 24 16 11 6 3 1 4 
30 24 24 24 16 11 12 10 8 7 4 
30 24 24 24 16 18 13 3 6 8 7 4 
30 24 24 24 16 11 13 0 5 3 1 4 
30 24 24 24 16 18 13 11 6 8 7 4 
30 24 24 24 20 17 16 11 13 3 1 4 
30 24 24 24 16 17 14 12 10 8 7 4 
---------------
Request id 9
40 39 33 30 24 24 24 16 18 25 
40 39 33 30 24 24 24 23 26 28 25 
40 39 33 30 24 24 24 16 11 13 18 25 
40 39 33 30 24 24 24 20 17 16 18 25 
40 39 33 30 24 24 24 16 18 15 19 29 25 
40 39 33 30 24 24 24 30 33 39 40 32 28 25 
40 39 33 30 24 24 24 20 17 16 11 13 18 25 
40 39 33 30 24 24 24 27 22 21 17 16 18 25 
40 39 33 30 24 24 24 16 11 6 3 13 18 25 
40 39 33 30 24 24 24 16 11 13 18 15 19 29 25 
---------------
Request id 5
27 24 24 24 30 33 39 40 56 58 
27 24 24 24 23 26 28 32 40 56 58 
27 24 24 24 30 33 39 38 42 51 56 58 
27 24 24 24 27 31 34 38 42 51 56 58 
27 24 24 24 30 33 39 38 42 49 55 58 
27 24 24 24 16 18 25 28 32 40 56 58 
27 24 24 24 27 31 34 38 39 40 56 58 
27 24 24 24 27 31 34 38 42 49 55 58 
27 24 24 24 30 33 39 40 41 61 59 56 58 
27 24 24 24 30 33 39 40 56 51 42 49 55 58 
---------------
Request id 10
61 41 40 32 28 25 18 18 18 25 29 
61 41 40 32 28 25 18 18 18 15 19 29 
61 41 40 32 28 25 18 18 18 25 28 32 35 37 36 29 
61 41 40 32 28 25 18 18 18 13 0 2 9 15 19 29 
61 41 40 32 28 25 18 18 18 16 24 23 26 28 25 29 
61 41 40 32 28 25 18 18 18 13 3 5 0 2 9 15 19 29 
61 41 40 32 28 25 18 18 18 16 17 20 24 23 26 28 25 29 
61 41 40 32 28 25 18 18 18 13 11 16 24 23 26 28 25 29 
61 41 40 32 28 25 18 18 18 16 11 13 0 2 9 15 19 29 
61 41 40 32 28 25 18 18 18 16 24 30 33 39 40 32 28 25 29 
---------------
Request id 6
19 15 18 18 25 29 36 
19 15 18 18 15 19 29 36 
19 15 18 18 25 28 32 35 37 36 
19 15 18 18 13 0 2 9 15 19 29 36 
19 15 18 18 16 24 23 26 28 25 29 36 
19 15 18 18 15 19 29 25 28 32 35 37 36 
19 15 18 18 16 24 23 26 28 32 35 37 36 
19 15 18 18 16 11 13 0 2 9 15 19 29 36 
19 15 18 18 13 11 16 24 23 26 28 25 29 36 
19 15 18 18 16 24 30 33 39 40 32 35 37 36 
---------------
Request id 3
9 15 18 18 18 25 28 32 40 41 61 62 66 67 69 71 72 
9 15 18 18 18 25 28 32 40 56 58 63 66 67 69 71 72 
9 15 18 18 18 25 28 32 40 41 46 54 65 68 69 71 72 
9 15 18 18 18 25 28 32 40 41 61 62 54 65 68 69 71 72 
9 15 18 18 18 25 28 32 40 56 59 61 62 66 67 69 71 72 
9 15 18 18 18 25 28 32 40 56 58 63 66 67 68 69 71 72 
9 15 18 18 18 25 28 32 40 41 61 62 66 67 68 69 71 72 
9 15 18 18 18 25 28 32 40 41 46 54 62 66 67 69 71 72 
9 15 18 18 18 25 28 32 40 41 46 54 65 64 70 74 73 72 
9 15 18 18 18 25 28 32 40 41 46 54 65 68 67 69 71 72 
---------------
Request id 4
22 27 24 24 30 33 39 40 56 
22 27 24 24 23 26 28 32 40 56 
22 27 24 24 30 33 39 38 42 51 56 
22 27 24 24 27 31 34 38 39 40 56 
22 27 24 24 16 18 25 28 32 40 56 
22 27 24 24 27 31 34 38 42 51 56 
22 27 24 24 30 33 39 40 41 61 59 56 
22 27 24 24 30 33 39 38 42 49 55 58 56 
22 27 24 24 20 17 16 18 25 28 32 40 56 
22 27 24 24 16 11 13 18 25 28 32 40 56 
---------------
