Request id 12
35 37 36 29 25 18 16 17 21 17 16 18 25 
35 37 36 29 25 18 16 17 21 22 27 24 16 18 25 
35 37 36 29 25 18 16 17 21 17 20 24 16 18 25 
35 37 36 29 25 18 16 17 21 17 16 11 13 18 25 
35 37 36 29 25 18 16 17 21 17 16 18 15 19 29 25 
35 37 36 29 25 18 16 17 21 17 20 24 23 26 28 25 
35 37 36 29 25 18 16 17 21 22 27 24 23 26 28 25 
35 37 36 29 25 18 16 17 21 17 14 12 11 16 18 25 
35 37 36 29 25 18 16 17 21 17 16 24 23 26 28 25 
35 37 36 29 25 18 16 17 21 17 14 12 11 13 18 25 
---------------
Request id 19
37 36 29 25 18 16 17 21 22 27 31 34 38 42 49 55 58 63 
37 36 29 25 18 16 17 21 17 20 24 30 33 39 40 56 58 63 
37 36 29 25 18 16 17 21 22 27 24 30 33 39 40 56 58 63 
37 36 29 25 18 16 17 21 22 27 31 34 38 39 40 56 58 63 
37 36 29 25 18 16 17 21 22 27 31 34 38 42 51 56 58 63 
37 36 29 25 18 16 17 21 17 16 24 30 33 39 40 56 58 63 
37 36 29 25 18 16 17 21 17 16 18 25 28 32 40 56 58 63 
37 36 29 25 18 16 17 21 22 27 24 23 26 28 32 40 56 58 63 
37 36 29 25 18 16 17 21 17 16 24 23 26 28 32 40 56 58 63 
37 36 29 25 18 16 17 21 17 20 24 23 26 28 32 40 56 58 63 
---------------
Request id 14
56 40 32 28 25 18 16 17 21 17 16 18 15 9 
56 40 32 28 25 18 16 17 21 22 27 24 16 18 15 9 
56 40 32 28 25 18 16 17 21 17 16 18 13 0 2 9 
56 40 32 28 25 18 16 17 21 17 20 24 16 18 15 9 
56 40 32 28 25 18 16 17 21 17 16 11 13 0 2 9 
56 40 32 28 25 18 16 17 21 17 16 11 13 18 15 9 
56 40 32 28 25 18 16 17 21 17 16 18 25 29 19 15 9 
56 40 32 28 25 18 16 17 21 17 14 12 11 16 18 15 9 
56 40 32 28 25 18 16 17 21 17 14 12 11 13 0 2 9 
56 40 32 28 25 18 16 17 21 17 14 12 11 13 18 15 9 
---------------
Request id 8
68 67 66 63 58 56 40 32 28 25 29 36 37 45 44 48 57 60 64 70 
68 67 66 63 58 56 40 32 28 25 29 25 28 32 40 41 46 54 65 64 70 
68 67 66 63 58 56 40 32 28 25 29 36 37 45 44 48 46 54 65 64 70 
68 67 66 63 58 56 40 32 28 25 29 36 37 35 32 40 41 46 54 65 64 70 
68 67 66 63 58 56 40 32 28 25 29 25 28 32 40 41 61 62 54 65 64 70 
68 67 66 63 58 56 40 32 28 25 29 25 28 32 40 41 46 48 57 60 64 70 
68 67 66 63 58 56 40 32 28 25 29 25 28 32 40 56 59 61 62 54 65 64 70 
68 67 66 63 58 56 40 32 28 25 29 36 37 35 32 40 41 61 62 54 65 64 70 
68 67 66 63 58 56 40 32 28 25 29 25 28 32 35 37 45 44 48 57 60 64 70 
68 67 66 63 58 56 40 32 28 25 29 36 37 35 32 40 41 46 48 57 60 64 70 
---------------
Request id 7
26 28 32 40 39 40 41 46 54 65 
26 28 32 40 39 40 41 61 62 54 65 
26 28 32 40 39 40 56 59 61 62 54 65 
26 28 32 40 39 40 41 46 48 57 60 64 65 
26 28 32 40 39 40 41 61 62 66 67 68 65 
26 28 32 40 39 40 56 58 63 66 67 68 65 
26 28 32 40 39 40 56 59 61 41 46 54 65 
26 28 32 40 39 40 56 58 63 66 62 54 65 
26 28 32 40 39 40 56 58 63 66 67 69 68 65 
26 28 32 40 39 38 42 51 56 40 41 46 54 65 
---------------
Request id 6
65 54 46 48 44 45 37 36 29 25 28 32 40 56 59 
65 54 46 48 44 45 37 36 29 36 37 35 32 40 56 59 
65 54 46 48 44 45 37 36 29 25 28 32 40 41 61 59 
65 54 46 48 44 45 37 36 29 36 37 35 32 40 41 61 59 
65 54 46 48 44 45 37 36 29 19 15 18 25 28 32 40 56 59 
65 54 46 48 44 45 37 36 29 36 37 45 44 48 46 41 61 59 
65 54 46 48 44 45 37 36 29 25 18 16 24 30 33 39 40 56 59 
65 54 46 48 44 45 37 36 29 36 37 45 44 48 46 54 62 61 59 
65 54 46 48 44 45 37 36 29 36 37 45 44 48 46 41 40 56 59 
65 54 46 48 44 45 37 36 29 19 15 18 25 28 32 40 41 61 59 
---------------
Request id 4
50 49 42 38 39 40 32 35 37 
50 49 42 38 39 40 41 46 48 44 45 37 
50 49 42 38 39 40 32 28 25 29 36 37 
50 49 42 38 39 38 42 51 56 40 32 35 37 
50 49 42 38 39 33 30 24 23 26 28 32 35 37 
50 49 42 38 39 33 30 24 16 18 25 29 36 37 
50 49 42 38 39 40 56 59 61 41 46 48 44 45 37 
50 49 42 38 39 38 42 49 55 58 56 40 32 35 37 
50 49 42 38 39 33 30 24 16 18 15 19 29 36 37 
50 49 42 38 39 33 30 24 16 18 25 28 32 35 37 
---------------
Request id 15
67 66 62 61 41 40 32 28 25 18 15 
67 66 62 54 46 41 40 32 28 25 18 15 
67 66 62 61 59 56 40 32 28 25 18 15 
67 66 62 61 41 40 32 28 25 29 19 15 
67 66 62 61 41 40 39 33 30 24 16 18 15 
67 66 62 66 63 58 56 40 32 28 25 18 15 
67 66 62 61 41 40 32 35 37 36 29 19 15 
67 66 62 54 46 48 44 45 37 36 29 19 15 
67 66 62 61 59 56 40 32 28 25 29 19 15 
67 66 62 54 46 41 40 32 28 25 29 19 15 
---------------
Request id 11
48 44 45 37 36 29 25 28 32 40 41 46 54 65 68 
48 44 45 37 36 29 36 37 45 44 48 46 54 65 68 
48 44 45 37 36 29 25 28 32 40 56 58 63 66 67 68 
48 44 45 37 36 29 36 37 35 32 40 41 46 54 65 68 
48 44 45 37 36 29 36 37 45 44 48 57 60 64 65 68 
48 44 45 37 36 29 25 28 32 40 41 61 62 66 67 68 
48 44 45 37 36 29 25 28 32 40 41 61 62 54 65 68 
48 44 45 37 36 29 25 28 32 40 56 59 61 62 54 65 68 
48 44 45 37 36 29 25 28 32 40 41 46 54 62 66 67 68 
48 44 45 37 36 29 25 28 32 40 41 61 62 66 67 69 68 
---------------
Request id 13
66 63 58 55 49 42 38 39 40 41 46 54 65 68 69 71 72 
66 63 58 55 49 42 38 42 51 56 58 63 66 67 69 71 72 
66 63 58 55 49 42 38 39 40 41 61 62 66 67 69 71 72 
66 63 58 55 49 42 38 42 49 55 58 63 66 67 69 71 72 
66 63 58 55 49 42 38 39 40 56 58 63 66 67 69 71 72 
66 63 58 55 49 42 38 39 40 41 46 54 65 68 67 69 71 72 
66 63 58 55 49 42 38 39 40 41 61 62 54 65 68 69 71 72 
66 63 58 55 49 42 38 39 40 56 58 63 66 67 68 69 71 72 
66 63 58 55 49 42 38 39 40 56 59 61 62 66 67 69 71 72 
66 63 58 55 49 42 38 42 51 56 59 61 62 66 67 69 71 72 
---------------
Request id 16
72 71 69 67 66 63 58 56 40 32 28 25 18 25 29 29 25 28 32 40 41 
72 71 69 67 66 63 58 56 40 32 28 25 18 25 29 29 36 37 35 32 40 41 
72 71 69 67 66 63 58 56 40 32 28 25 18 25 29 29 36 37 45 44 48 46 41 
72 71 69 67 66 63 58 56 40 32 28 25 18 25 29 29 19 15 18 25 28 32 40 41 
72 71 69 67 66 63 58 56 40 32 28 25 18 25 29 29 25 28 32 40 56 59 61 41 
72 71 69 67 66 63 58 56 40 32 28 25 18 25 29 29 36 37 35 32 40 56 59 61 41 
72 71 69 67 66 63 58 56 40 32 28 25 18 25 29 29 25 18 16 24 30 33 39 40 41 
72 71 69 67 66 63 58 56 40 32 28 25 18 25 29 29 25 28 32 35 37 45 44 48 46 41 
72 71 69 67 66 63 58 56 40 32 28 25 18 25 29 29 36 37 45 44 48 46 54 62 61 41 
72 71 69 67 66 63 58 56 40 32 28 25 18 25 29 29 25 28 26 23 24 30 33 39 40 41 
---------------
Request id 5
19 29 25 18 16 17 21 17 16 18 25 
19 29 25 18 16 17 21 22 27 24 16 18 25 
19 29 25 18 16 17 21 17 20 24 16 18 25 
19 29 25 18 16 17 21 17 16 11 13 18 25 
19 29 25 18 16 17 21 17 16 18 15 19 29 25 
19 29 25 18 16 17 21 17 20 24 23 26 28 25 
19 29 25 18 16 17 21 22 27 24 23 26 28 25 
19 29 25 18 16 17 21 17 14 12 11 13 18 25 
19 29 25 18 16 17 21 17 16 24 23 26 28 25 
19 29 25 18 16 17 21 17 14 12 11 16 18 25 
---------------
Request id 1
26 28 25 29 36 37 45 44 48 57 60 64 70 
26 28 25 29 25 28 32 40 41 46 54 65 64 70 
26 28 25 29 36 37 45 44 48 46 54 65 64 70 
26 28 25 29 36 37 35 32 40 41 46 54 65 64 70 
26 28 25 29 25 28 32 40 41 61 62 54 65 64 70 
26 28 25 29 25 28 32 40 41 46 48 57 60 64 70 
26 28 25 29 25 28 32 40 56 59 61 62 54 65 64 70 
26 28 25 29 36 37 35 32 40 41 61 62 54 65 64 70 
26 28 25 29 25 28 32 35 37 45 44 48 57 60 64 70 
26 28 25 29 36 37 35 32 40 41 46 48 57 60 64 70 
---------------
Request id 18
1 3 13 18 25 29 36 29 19 15 
1 3 13 18 25 29 36 29 25 18 15 
1 3 13 18 25 29 36 37 35 32 28 25 18 15 
1 3 13 18 25 29 36 29 25 18 13 0 2 9 15 
1 3 13 18 25 29 36 37 35 32 28 25 29 19 15 
1 3 13 18 25 29 36 29 25 28 26 23 24 16 18 15 
1 3 13 18 25 29 36 37 35 32 28 26 23 24 16 18 15 
1 3 13 18 25 29 36 29 25 18 13 3 5 0 2 9 15 
1 3 13 18 25 29 36 29 25 18 16 11 13 0 2 9 15 
1 3 13 18 25 29 36 37 35 32 40 39 33 30 24 16 18 15 
---------------
Request id 20
33 30 24 16 17 21 17 16 11 
33 30 24 16 17 21 17 14 12 11 
33 30 24 16 17 21 17 16 18 13 11 
33 30 24 16 17 21 22 27 24 16 11 
33 30 24 16 17 21 17 20 24 16 11 
33 30 24 16 17 21 22 27 24 16 18 13 11 
33 30 24 16 17 21 17 14 12 10 8 6 11 
33 30 24 16 17 21 17 20 24 16 18 13 11 
33 30 24 16 17 21 22 27 24 20 17 16 11 
33 30 24 16 17 21 17 16 18 13 3 6 11 
---------------
Request id 3
48 46 41 40 56 58 55 58 56 40 32 28 25 29 25 28 32 40 56 58 63 66 67 69 71 
48 46 41 40 56 58 55 58 56 40 32 28 25 29 36 37 45 44 48 46 54 65 68 69 71 
48 46 41 40 56 58 55 58 56 40 32 28 25 29 25 28 32 40 41 61 62 66 67 69 71 
48 46 41 40 56 58 55 58 56 40 32 28 25 29 25 28 32 40 41 46 54 65 68 69 71 
48 46 41 40 56 58 55 58 56 40 32 28 25 29 25 28 32 40 56 58 63 66 67 68 69 71 
48 46 41 40 56 58 55 58 56 40 32 28 25 29 36 37 35 32 40 41 46 54 65 68 69 71 
48 46 41 40 56 58 55 58 56 40 32 28 25 29 25 28 32 40 41 46 54 65 68 67 69 71 
48 46 41 40 56 58 55 58 56 40 32 28 25 29 25 28 32 40 56 59 61 62 66 67 69 71 
48 46 41 40 56 58 55 58 56 40 32 28 25 29 36 37 45 44 48 57 60 64 65 68 69 71 
48 46 41 40 56 58 55 58 56 40 32 28 25 29 36 37 35 32 40 56 58 63 66 67 69 71 
---------------
Request id 9
69 67 66 63 58 55 49 42 38 34 31 
69 67 66 63 58 55 58 56 51 42 38 34 31 
69 67 66 63 58 55 58 56 40 39 38 34 31 
69 67 66 63 58 55 49 50 53 52 47 43 34 31 
69 67 66 63 58 55 49 42 38 39 33 30 24 27 31 
69 67 66 63 58 55 58 56 40 39 33 30 24 27 31 
69 67 66 63 58 55 49 42 51 56 40 39 38 34 31 
69 67 66 63 58 55 58 56 40 32 28 26 23 24 27 31 
69 67 66 63 58 55 58 56 59 61 41 40 39 38 34 31 
69 67 66 63 58 55 49 42 51 56 40 39 33 30 24 27 31 
---------------
Request id 2
43 34 31 27 22 27 24 30 33 
43 34 31 27 22 21 17 20 24 30 33 
43 34 31 27 22 27 31 34 38 39 33 
43 34 31 27 22 21 17 16 24 30 33 
43 34 31 27 22 27 24 23 26 28 32 40 39 33 
43 34 31 27 22 21 17 14 12 11 16 24 30 33 
43 34 31 27 22 27 31 34 38 42 51 56 40 39 33 
43 34 31 27 22 21 17 16 24 27 31 34 38 39 33 
43 34 31 27 22 27 24 16 18 25 28 32 40 39 33 
43 34 31 27 22 21 17 16 18 25 28 32 40 39 33 
---------------
Request id 10
70 74 70 64 60 57 48 44 45 37 36 29 25 18 13 11 6 
70 74 70 64 60 57 48 44 45 37 36 29 25 18 16 11 6 
70 74 70 64 60 57 48 44 45 37 36 29 25 18 13 3 6 
70 74 70 64 60 57 48 44 45 37 36 29 19 15 18 13 11 6 
70 74 70 64 60 57 48 44 45 37 36 29 19 15 18 13 3 6 
70 74 70 64 60 57 48 44 45 37 36 29 19 15 18 16 11 6 
70 74 70 64 60 57 48 44 45 37 36 29 25 18 16 11 13 3 6 
70 74 70 64 60 57 48 44 45 37 36 29 25 18 13 0 5 3 6 
70 74 70 64 60 57 48 44 45 37 36 29 25 18 16 17 14 12 11 6 
70 74 70 64 60 57 48 44 45 37 36 29 19 15 18 13 0 5 3 6 
---------------
Request id 17
8 10 12 14 17 21 17 20 17 21 17 16 11 
8 10 12 14 17 21 17 20 17 21 17 14 12 11 
8 10 12 14 17 21 17 20 17 21 17 16 18 13 11 
8 10 12 14 17 21 17 20 17 21 22 27 24 16 11 
8 10 12 14 17 21 17 20 17 21 17 20 24 16 11 
8 10 12 14 17 21 17 20 17 21 22 27 24 16 18 13 11 
8 10 12 14 17 21 17 20 17 21 17 14 12 10 8 6 11 
8 10 12 14 17 21 17 20 17 21 17 20 24 16 18 13 11 
8 10 12 14 17 21 17 20 17 21 22 27 24 20 17 16 11 
8 10 12 14 17 21 17 20 17 21 17 16 18 13 3 6 11 
---------------
