Request id 12
8 13 13 12 
8 13 13 8 11 12 
8 13 13 10 11 12 
8 13 13 8 9 5 12 
8 13 13 10 3 4 5 12 
---------------
Request id 5
1 2 1 3 10 3 1 2 0 
1 2 1 3 10 3 1 2 1 0 
1 2 1 3 10 3 1 2 5 4 6 7 0 
1 2 1 3 10 3 1 2 5 9 8 7 0 
1 2 1 3 10 3 1 2 5 4 3 1 0 
---------------
Request id 3
8 13 13 8 7 
8 13 13 12 11 8 7 
8 13 13 10 11 8 7 
8 13 13 12 5 9 8 7 
8 13 13 10 3 4 6 7 
---------------
Request id 1
11 8 7 6 7 
11 8 7 6 4 5 9 8 7 
11 8 7 6 4 3 1 0 7 
11 8 7 6 4 5 2 0 7 
11 8 7 6 4 3 1 2 0 7 
---------------
Request id 13
12 11 10 3 4 6 7 8 13 10 3 
12 11 10 3 4 6 7 8 13 12 11 10 3 
12 11 10 3 4 6 7 8 13 8 11 10 3 
12 11 10 3 4 6 7 8 13 12 5 4 3 
12 11 10 3 4 6 7 8 13 8 7 0 1 3 
---------------
Request id 20
1 3 10 13 13 13 12 5 
1 3 10 13 13 13 8 9 5 
1 3 10 13 13 13 10 11 12 5 
1 3 10 13 13 13 8 11 12 5 
1 3 10 13 13 13 10 3 4 5 
---------------
Request id 19
4 3 10 13 12 5 2 5 
4 3 10 13 12 5 2 1 3 4 5 
4 3 10 13 12 5 2 0 7 8 9 5 
4 3 10 13 12 5 2 0 1 3 4 5 
4 3 10 13 12 5 2 0 7 6 4 5 
---------------
Request id 2
11 8 7 6 4 3 10 13 8 9 
11 8 7 6 4 3 10 13 12 5 9 
11 8 7 6 4 3 10 13 10 11 8 9 
11 8 7 6 4 3 10 13 12 11 8 9 
11 8 7 6 4 3 10 13 8 11 12 5 9 
---------------
Request id 6
1 0 7 6 4 5 2 5 12 13 12 5 4 
1 0 7 6 4 5 2 5 12 13 10 3 4 
1 0 7 6 4 5 2 5 12 13 8 9 5 4 
1 0 7 6 4 5 2 5 12 13 8 7 6 4 
1 0 7 6 4 5 2 5 12 13 10 11 12 5 4 
---------------
Request id 4
5 2 1 3 10 3 4 6 4 3 1 
5 2 1 3 10 3 4 6 7 0 1 
5 2 1 3 10 3 4 6 4 5 2 1 
5 2 1 3 10 3 4 6 7 0 2 1 
5 2 1 3 10 3 4 6 4 5 2 0 1 
---------------
Request id 8
1 2 0 7 6 4 
1 2 0 7 6 7 0 1 3 4 
1 2 0 7 6 7 8 9 5 4 
1 2 0 7 6 7 0 2 5 4 
1 2 0 7 6 7 8 13 10 3 4 
---------------
Request id 18
3 1 2 5 12 13 12 5 2 0 
3 1 2 5 12 13 12 5 2 1 0 
3 1 2 5 12 13 12 5 2 5 4 3 1 0 
3 1 2 5 12 13 12 5 2 5 9 8 7 0 
3 1 2 5 12 13 12 5 2 5 4 6 7 0 
---------------
Request id 7
0 7 8 13 10 3 
0 7 8 13 12 5 4 3 
0 7 8 13 8 11 10 3 
0 7 8 13 12 11 10 3 
0 7 8 13 12 5 2 1 3 
---------------
Request id 15
7 6 7 8 13 12 5 2 5 12 11 
7 6 7 8 13 12 5 2 1 3 10 11 
7 6 7 8 13 12 5 2 5 9 8 11 
7 6 7 8 13 12 5 2 0 7 8 11 
7 6 7 8 13 12 5 2 5 12 13 10 11 
---------------
Request id 16
11 8 13 12 5 2 1 3 
11 8 13 12 5 2 0 1 3 
11 8 13 12 5 2 5 4 3 
11 8 13 12 5 2 0 7 6 4 3 
11 8 13 12 5 2 5 12 13 10 3 
---------------
Request id 10
7 0 2 1 
7 0 2 0 1 
7 0 2 5 4 3 1 
7 0 2 0 7 6 4 3 1 
7 0 2 5 9 8 7 0 1 
---------------
Request id 11
12 13 8 7 6 4 
12 13 8 7 6 7 0 1 3 4 
12 13 8 7 6 7 8 9 5 4 
12 13 8 7 6 7 0 2 5 4 
12 13 8 7 6 7 8 11 12 5 4 
---------------
Request id 14
7 8 13 12 5 2 0 7 8 
7 8 13 12 5 2 5 9 8 
7 8 13 12 5 2 1 0 7 8 
7 8 13 12 5 2 5 12 11 8 
7 8 13 12 5 2 5 12 13 8 
---------------
Request id 17
0 2 5 12 
0 2 0 7 8 13 12 
0 2 5 9 8 13 12 
0 2 1 3 4 5 12 
0 2 0 7 8 11 12 
---------------
Request id 9
7 8 13 8 7 6 4 
7 8 13 8 7 6 7 0 1 3 4 
7 8 13 8 7 6 7 8 9 5 4 
7 8 13 8 7 6 7 0 2 5 4 
7 8 13 8 7 6 7 8 11 12 5 4 
---------------
