Request id 9
5 0 5 3 6 8 7 
5 0 5 3 1 4 7 
5 0 5 3 13 11 6 8 7 
5 0 5 3 6 11 12 10 8 7 
5 0 5 3 13 11 12 10 8 7 
---------------
Request id 15
41 40 39 38 34 38 42 49 
41 40 39 38 34 43 47 52 53 50 49 
41 40 39 38 34 38 42 51 56 58 55 49 
41 40 39 38 34 38 39 40 56 51 42 49 
41 40 39 38 34 38 39 40 56 58 55 49 
---------------
Request id 10
62 61 41 40 39 33 30 24 27 24 20 17 20 
62 61 41 40 39 33 30 24 27 24 20 17 16 24 20 
62 61 41 40 39 33 30 24 27 24 20 17 21 22 27 24 20 
62 61 41 40 39 33 30 24 27 24 20 17 14 12 11 16 24 20 
62 61 41 40 39 33 30 24 27 24 20 17 16 18 25 28 26 23 24 20 
---------------
Request id 19
71 69 68 65 54 46 41 40 39 38 39 33 
71 69 68 65 54 46 41 40 39 38 42 51 56 40 39 33 
71 69 68 65 54 46 41 40 39 38 34 31 27 24 30 33 
71 69 68 65 54 46 41 40 39 38 42 49 55 58 56 40 39 33 
71 69 68 65 54 46 41 40 39 38 39 40 32 28 26 23 24 30 33 
---------------
Request id 20
45 37 36 29 25 18 16 24 27 31 34 43 47 52 53 
45 37 36 29 25 18 25 28 32 40 56 51 42 49 50 53 
45 37 36 29 25 18 16 24 27 31 34 38 42 49 50 53 
45 37 36 29 25 18 25 28 32 40 39 38 42 49 50 53 
45 37 36 29 25 18 25 28 32 40 56 58 55 49 50 53 
---------------
Request id 8
67 66 62 61 41 40 39 38 34 31 
67 66 62 61 41 40 56 51 42 38 34 31 
67 66 62 61 41 40 39 33 30 24 27 31 
67 66 62 61 41 40 32 28 26 23 24 27 31 
67 66 62 61 41 40 56 58 55 49 42 38 34 31 
---------------
Request id 3
36 29 25 18 13 0 13 11 16 24 30 
36 29 25 18 13 0 13 18 16 24 30 
36 29 25 18 13 0 5 3 6 11 16 24 30 
36 29 25 18 13 0 13 11 16 17 20 24 30 
36 29 25 18 13 0 13 18 16 17 20 24 30 
---------------
Request id 18
26 28 32 40 39 38 34 38 42 49 50 
26 28 32 40 39 38 34 43 47 52 53 50 
26 28 32 40 39 38 34 38 42 51 56 58 55 49 50 
26 28 32 40 39 38 34 38 39 40 56 58 55 49 50 
26 28 32 40 39 38 34 38 39 40 56 51 42 49 50 
---------------
Request id 2
60 57 48 46 41 40 32 28 25 18 13 0 13 3 13 18 25 28 32 40 56 58 55 
60 57 48 46 41 40 32 28 25 18 13 0 13 3 6 11 16 24 30 33 39 38 42 49 55 
60 57 48 46 41 40 32 28 25 18 13 0 13 3 13 11 16 24 30 33 39 40 56 58 55 
60 57 48 46 41 40 32 28 25 18 13 0 13 3 13 18 25 28 32 40 56 51 42 49 55 
60 57 48 46 41 40 32 28 25 18 13 0 13 3 5 0 13 18 25 28 32 40 56 58 55 
---------------
Request id 6
64 65 54 46 41 40 39 38 34 38 39 40 32 35 37 
64 65 54 46 41 40 39 38 34 38 39 40 41 46 48 44 45 37 
64 65 54 46 41 40 39 38 34 38 39 40 32 28 25 29 36 37 
64 65 54 46 41 40 39 38 34 38 39 38 42 51 56 40 32 35 37 
64 65 54 46 41 40 39 38 34 38 39 33 30 24 23 26 28 32 35 37 
---------------
Request id 16
1 3 13 18 25 18 16 11 16 24 30 33 39 40 41 46 54 65 64 
1 3 13 18 25 18 16 11 13 18 25 28 32 40 41 46 54 65 64 
1 3 13 18 25 18 16 11 16 18 25 28 32 40 41 46 54 65 64 
1 3 13 18 25 18 16 11 13 18 25 28 32 40 41 61 62 54 65 64 
1 3 13 18 25 18 16 11 13 18 25 28 32 40 41 46 48 57 60 64 
---------------
Request id 7
14 17 16 18 25 29 36 37 
14 17 16 18 15 19 29 36 37 
14 17 16 18 25 28 32 35 37 
14 17 16 24 23 26 28 32 35 37 
14 17 16 11 13 18 25 29 36 37 
---------------
Request id 1
23 24 16 11 16 24 30 33 39 40 41 46 48 57 
23 24 16 11 13 18 25 28 32 40 41 46 48 57 
23 24 16 11 16 18 25 29 36 37 45 44 48 57 
23 24 16 11 13 18 25 29 36 37 45 44 48 57 
23 24 16 11 16 18 25 28 32 40 41 46 48 57 
---------------
Request id 13
68 65 54 46 41 40 39 40 56 58 
68 65 54 46 41 40 39 38 42 49 55 58 
68 65 54 46 41 40 39 38 42 51 56 58 
68 65 54 46 41 40 39 40 41 61 59 56 58 
68 65 54 46 41 40 39 40 56 51 42 49 55 58 
---------------
Request id 5
71 69 67 66 63 58 56 40 32 28 32 40 56 58 63 
71 69 67 66 63 58 56 40 32 28 32 40 41 61 62 66 63 
71 69 67 66 63 58 56 40 32 28 32 40 56 59 61 62 66 63 
71 69 67 66 63 58 56 40 32 28 32 40 41 46 54 62 66 63 
71 69 67 66 63 58 56 40 32 28 32 40 41 61 59 56 58 63 
---------------
Request id 4
58 56 40 39 39 39 38 34 31 
58 56 40 39 39 39 33 30 24 27 31 
58 56 40 39 39 39 40 56 51 42 38 34 31 
58 56 40 39 39 39 40 32 28 26 23 24 27 31 
58 56 40 39 39 39 33 30 24 16 17 21 22 27 31 
---------------
Request id 12
65 54 62 61 59 56 40 41 46 48 57 60 
65 54 62 61 59 56 59 61 62 54 65 64 60 
65 54 62 61 59 56 40 41 46 54 65 64 60 
65 54 62 61 59 56 59 61 41 46 48 57 60 
65 54 62 61 59 56 58 63 66 62 54 65 64 60 
---------------
Request id 11
68 65 54 46 41 40 32 28 25 18 13 0 13 18 25 28 32 40 56 51 
68 65 54 46 41 40 32 28 25 18 13 0 13 18 16 24 30 33 39 40 56 51 
68 65 54 46 41 40 32 28 25 18 13 0 13 18 25 28 32 40 39 38 42 51 
68 65 54 46 41 40 32 28 25 18 13 0 13 18 16 24 27 31 34 38 42 51 
68 65 54 46 41 40 32 28 25 18 13 0 13 18 16 24 30 33 39 38 42 51 
---------------
Request id 14
71 69 67 66 63 58 56 40 32 28 25 18 15 18 16 11 16 11 12 10 
71 69 67 66 63 58 56 40 32 28 25 18 15 18 16 11 16 17 14 12 10 
71 69 67 66 63 58 56 40 32 28 25 18 15 18 16 11 16 11 6 8 10 
71 69 67 66 63 58 56 40 32 28 25 18 15 18 16 11 16 18 13 11 12 10 
71 69 67 66 63 58 56 40 32 28 25 18 15 18 16 11 16 24 20 17 14 12 10 
---------------
Request id 17
23 24 16 11 12 11 13 18 25 28 32 35 
23 24 16 11 12 11 16 18 25 28 32 35 
23 24 16 11 12 14 17 16 18 25 28 32 35 
23 24 16 11 12 11 13 18 25 29 36 37 35 
23 24 16 11 12 11 16 24 23 26 28 32 35 
---------------
