Request id 7
4 6 7 8 11 12 5 12 11 10 13 
4 3 10 11 12 5 12 11 8 13 
4 3 1 2 5 12 11 10 13 
4 3 10 13 8 9 5 2 0 7 8 13 
4 3 10 13 12 5 9 8 11 10 13 
4 6 7 8 11 12 5 2 0 7 8 13 
4 6 7 0 1 2 5 12 13 
4 3 10 11 12 5 9 8 13 
4 5 12 11 8 13 
4 3 10 11 12 5 12 13 
4 3 1 0 2 5 12 11 10 13 
4 3 10 13 8 9 5 9 8 11 10 13 
4 3 10 13 12 5 2 0 7 8 13 
4 3 10 13 8 9 5 2 1 3 10 13 
4 6 7 8 9 5 9 8 11 10 13 
4 5 12 13 
4 5 12 11 10 13 
4 6 7 0 2 5 2 1 3 10 13 
4 6 7 8 11 12 5 4 6 7 8 13 
4 6 7 8 9 5 4 3 10 13 
4 3 10 13 8 9 5 4 6 7 8 13 
4 6 7 0 1 2 5 2 0 7 8 13 
4 3 10 13 8 9 5 4 3 10 13 
4 3 10 11 12 5 2 1 3 10 13 
4 3 10 13 8 9 5 12 11 10 13 
4 3 1 0 2 5 4 6 7 8 13 
4 6 7 0 2 5 12 11 10 13 
4 6 7 0 2 5 9 8 13 
4 3 10 11 12 5 4 3 10 13 
4 6 7 8 9 5 12 11 10 13 
4 6 7 8 11 12 5 12 13 
4 3 10 13 12 5 4 6 7 8 13 
4 6 7 0 2 5 12 11 8 13 
4 5 2 0 7 8 13 
4 5 9 8 11 12 13 
4 3 10 11 12 5 12 11 10 13 
4 3 1 2 5 2 0 7 8 13 
4 6 7 0 1 2 5 12 11 8 13 
4 6 7 0 1 2 5 9 8 13 
4 3 1 0 2 5 9 8 11 10 13 
---------------
Request id 4
2 0 7 8 13 12 5 5 5 4 3 10 11 12 
2 0 7 8 13 12 5 5 5 12 
2 1 3 10 11 12 5 5 5 2 0 7 8 13 12 
2 0 1 3 4 5 5 5 9 8 13 12 
2 0 7 8 9 5 5 5 2 1 3 10 13 12 
2 1 3 4 5 5 5 2 1 3 10 11 12 
2 1 0 7 6 4 5 5 5 2 1 3 10 13 12 
2 5 5 5 9 8 11 12 
2 1 3 10 13 12 5 5 5 4 3 10 11 12 
2 1 0 7 6 4 5 5 5 12 
2 1 3 4 5 5 5 9 8 11 10 13 12 
2 0 7 8 13 12 5 5 5 2 0 7 8 13 12 
2 1 3 4 5 5 5 2 1 3 10 13 12 
2 0 7 8 13 12 5 5 5 4 6 7 8 13 12 
2 0 7 8 11 12 5 5 5 4 3 10 13 12 
2 5 5 5 12 
2 1 3 4 5 5 5 4 3 10 11 12 
2 1 3 10 13 12 5 5 5 9 8 11 12 
2 1 3 10 11 12 5 5 5 9 8 13 12 
2 1 3 10 11 12 5 5 5 2 1 3 10 11 12 
2 0 1 3 4 5 5 5 12 
2 1 3 10 13 12 5 5 5 2 0 7 8 13 12 
2 0 7 6 4 5 5 5 2 1 3 10 13 12 
2 0 7 6 4 5 5 5 4 6 7 8 13 12 
2 0 1 3 4 5 5 5 4 3 10 13 12 
2 0 7 8 13 12 5 5 5 9 8 13 12 
2 1 0 7 6 4 5 5 5 4 3 10 11 12 
2 1 3 10 13 12 5 5 5 9 8 11 10 13 12 
2 1 0 7 6 4 5 5 5 4 6 7 8 13 12 
2 0 7 8 13 12 5 5 5 9 8 11 10 13 12 
2 0 7 6 4 5 5 5 4 3 10 13 12 
2 0 7 8 13 12 5 5 5 2 1 3 10 13 12 
2 1 0 7 6 4 5 5 5 9 8 11 12 
2 0 1 3 4 5 5 5 4 6 7 8 13 12 
2 0 7 6 4 5 5 5 9 8 13 12 
2 1 3 4 5 5 5 9 8 11 12 
2 0 7 8 13 12 5 5 5 9 8 11 12 
2 1 3 10 13 12 5 5 5 4 6 7 8 13 12 
2 1 3 4 5 5 5 9 8 13 12 
2 1 3 10 11 12 5 5 5 9 8 11 12 
---------------
Request id 6
3 1 2 5 5 12 13 8 7 0 1 
3 1 2 5 5 4 6 7 0 1 
3 10 13 8 11 12 5 5 12 13 10 3 1 
3 4 6 7 8 9 5 5 12 11 10 3 1 
3 10 13 8 11 12 5 5 2 0 1 
3 10 11 8 13 12 5 5 12 11 10 3 1 
3 1 0 2 5 5 4 6 7 0 1 
3 10 11 12 5 5 2 1 
3 1 0 2 5 5 12 13 8 7 0 1 
3 10 11 8 13 12 5 5 2 0 1 
3 1 0 2 5 5 9 8 7 0 1 
3 10 13 12 5 5 9 8 7 0 2 1 
3 1 2 5 5 12 11 8 7 0 1 
3 10 13 8 9 5 5 4 3 1 
3 1 0 2 5 5 12 11 8 7 0 1 
3 10 13 12 5 5 4 6 7 0 1 
3 1 0 2 5 5 9 8 7 0 2 1 
3 10 11 12 5 5 12 11 10 3 1 
3 10 11 12 5 5 12 11 8 7 0 1 
3 4 6 7 8 9 5 5 12 13 10 3 1 
3 4 6 7 8 9 5 5 2 0 1 
3 10 13 8 11 12 5 5 4 3 1 
3 10 11 8 13 12 5 5 2 1 
3 10 11 12 5 5 2 0 1 
3 10 13 12 5 5 12 11 10 3 1 
3 10 11 8 9 5 5 4 3 1 
3 10 13 8 9 5 5 2 1 
3 10 13 8 11 12 5 5 9 8 7 0 1 
3 10 13 8 11 12 5 5 4 6 7 0 1 
3 4 6 7 8 9 5 5 12 11 8 7 0 1 
3 10 11 8 9 5 5 2 0 1 
3 10 13 12 5 5 12 13 8 7 0 1 
3 10 11 8 9 5 5 9 8 7 0 2 1 
3 4 5 5 9 8 7 0 2 1 
3 10 11 8 13 12 5 5 4 6 7 0 1 
3 10 13 8 11 12 5 5 12 11 10 3 1 
3 10 13 8 11 12 5 5 9 8 7 0 2 1 
3 1 2 5 5 9 8 7 0 2 1 
3 10 13 8 11 12 5 5 2 1 
3 4 5 5 12 13 10 3 1 
---------------
Request id 8
7 0 2 5 9 8 13 12 
7 6 4 5 4 3 10 13 12 
7 6 4 5 9 8 11 12 
7 8 11 10 13 12 5 2 0 7 8 13 12 
7 0 1 2 5 9 8 13 12 
7 8 11 10 13 12 5 4 6 7 8 13 12 
7 8 11 12 5 9 8 13 12 
7 8 11 12 5 4 6 7 8 13 12 
7 6 4 3 1 2 5 9 8 13 12 
7 0 1 3 4 5 9 8 11 12 
7 8 9 5 4 3 10 11 12 
7 8 13 12 5 2 0 7 8 11 12 
7 8 13 12 5 4 3 10 13 12 
7 0 2 5 2 0 7 8 13 12 
7 0 1 3 4 5 4 3 10 11 12 
7 8 9 5 4 6 7 8 13 12 
7 8 11 12 5 12 
7 6 4 5 2 0 7 8 11 12 
7 6 4 3 1 2 5 4 3 10 11 12 
7 8 9 5 9 8 11 10 13 12 
7 0 2 5 9 8 11 12 
7 8 11 10 13 12 5 12 
7 6 4 5 12 
7 8 13 12 5 9 8 11 12 
7 6 4 3 1 2 5 2 0 7 8 11 12 
7 0 1 3 4 5 4 6 7 8 13 12 
7 6 4 3 1 2 5 4 6 7 8 13 12 
7 0 2 5 9 8 11 10 13 12 
7 0 1 2 5 4 6 7 8 13 12 
7 8 11 12 5 4 3 10 13 12 
7 0 2 5 12 
7 8 11 12 5 9 8 11 12 
7 8 11 12 5 4 3 10 11 12 
7 0 1 3 4 5 9 8 13 12 
7 6 4 5 9 8 13 12 
7 8 11 12 5 2 0 7 8 13 12 
7 8 11 10 13 12 5 4 3 10 11 12 
7 0 1 2 5 4 3 10 13 12 
7 6 4 5 2 0 7 8 13 12 
7 0 2 1 3 4 5 4 6 7 8 13 12 
---------------
Request id 3
7 6 4 3 1 2 5 2 0 7 8 13 
7 8 9 5 4 6 7 8 13 
7 8 9 5 2 1 3 10 13 
7 0 1 2 5 4 6 7 8 13 
7 8 11 10 13 12 5 9 8 11 10 13 
7 8 13 12 5 2 0 7 8 13 
7 8 11 12 5 9 8 13 
7 6 4 3 1 2 5 9 8 11 12 13 
7 0 2 5 12 11 10 13 
7 6 4 5 12 11 8 13 
7 0 2 5 9 8 11 10 13 
7 6 4 3 1 2 5 12 13 
7 8 11 12 5 2 0 7 8 13 
7 8 9 5 9 8 11 10 13 
7 0 2 5 2 1 3 10 13 
7 8 11 12 5 4 6 7 8 13 
7 0 1 2 5 12 11 8 13 
7 0 1 3 4 5 12 11 10 13 
7 6 4 3 1 2 5 2 1 3 10 13 
7 8 13 12 5 9 8 11 12 13 
7 0 1 2 5 9 8 13 
7 6 4 3 1 2 5 12 11 10 13 
7 8 13 12 5 9 8 13 
7 0 1 2 5 9 8 11 10 13 
7 0 2 5 2 0 7 8 13 
7 8 11 10 13 12 5 4 3 10 13 
7 0 2 1 3 4 5 2 0 7 8 13 
7 8 9 5 12 13 
7 0 1 3 4 5 12 11 8 13 
7 8 9 5 12 11 10 13 
7 0 2 5 12 13 
7 0 2 1 3 4 5 4 6 7 8 13 
7 0 2 5 9 8 13 
7 8 13 12 5 9 8 11 10 13 
7 0 1 3 4 5 4 6 7 8 13 
7 8 9 5 12 11 8 13 
7 6 4 3 1 2 5 4 6 7 8 13 
7 0 1 2 5 2 1 3 10 13 
7 6 4 5 9 8 11 10 13 
7 0 1 2 5 12 13 
---------------
Request id 9
8 7 6 4 5 5 5 12 11 10 13 
8 13 10 11 12 5 5 5 4 6 7 8 13 
8 13 10 11 12 5 5 5 2 0 7 8 13 
8 13 10 3 4 5 5 5 12 11 8 13 
8 7 0 1 2 5 5 5 12 11 8 13 
8 11 10 3 4 5 5 5 9 8 11 12 13 
8 9 5 5 5 9 8 11 12 13 
8 13 10 11 12 5 5 5 9 8 11 10 13 
8 13 12 5 5 5 9 8 11 10 13 
8 11 12 5 5 5 9 8 13 
8 11 10 3 4 5 5 5 9 8 11 10 13 
8 7 0 2 5 5 5 9 8 11 12 13 
8 13 12 5 5 5 2 1 3 10 13 
8 13 10 3 4 5 5 5 12 13 
8 11 12 5 5 5 9 8 11 12 13 
8 7 6 4 5 5 5 9 8 13 
8 11 10 3 4 5 5 5 2 0 7 8 13 
8 9 5 5 5 4 3 10 13 
8 13 10 11 12 5 5 5 12 11 8 13 
8 11 10 3 4 5 5 5 12 11 8 13 
8 13 12 5 5 5 12 13 
8 13 10 3 4 5 5 5 9 8 11 10 13 
8 7 0 1 2 5 5 5 9 8 11 12 13 
8 7 0 2 5 5 5 4 3 10 13 
8 11 10 13 12 5 5 5 9 8 11 12 13 
8 13 10 11 12 5 5 5 12 11 10 13 
8 7 6 4 5 5 5 2 0 7 8 13 
8 13 10 11 12 5 5 5 9 8 13 
8 11 10 3 4 5 5 5 2 1 3 10 13 
8 7 6 4 5 5 5 2 1 3 10 13 
8 7 0 1 2 5 5 5 9 8 11 10 13 
8 13 12 5 5 5 4 6 7 8 13 
8 7 6 4 5 5 5 4 6 7 8 13 
8 13 10 11 12 5 5 5 12 13 
8 11 10 13 12 5 5 5 12 11 8 13 
8 13 12 5 5 5 12 11 10 13 
8 13 10 3 4 5 5 5 9 8 11 12 13 
8 13 12 5 5 5 12 11 8 13 
8 13 10 11 12 5 5 5 2 1 3 10 13 
8 7 0 1 2 5 5 5 2 1 3 10 13 
---------------
Request id 18
2 0 7 8 11 12 5 4 3 1 0 
2 0 7 8 11 12 5 4 3 1 2 0 
2 0 1 3 4 5 4 6 7 0 
2 0 1 3 4 5 4 3 1 2 0 
2 1 0 7 8 9 5 2 1 0 
2 1 3 10 11 12 5 9 8 7 0 
2 0 1 3 4 5 4 3 1 0 
2 1 0 7 8 9 5 4 6 7 0 
2 0 7 6 4 5 9 8 7 0 
2 1 3 4 5 4 3 1 0 
2 1 3 10 11 12 5 4 3 1 0 
2 1 3 10 13 12 5 12 11 8 7 0 
2 0 7 6 4 5 2 0 
2 1 3 4 5 4 6 7 0 
2 1 3 10 11 12 5 2 0 
2 1 0 7 6 4 5 12 13 8 7 0 
2 1 3 10 13 12 5 4 6 7 0 
2 1 0 7 8 9 5 12 11 8 7 0 
2 1 0 7 6 4 5 4 3 1 2 0 
2 5 12 13 10 3 1 0 
2 1 0 7 8 9 5 9 8 7 0 
2 0 1 3 4 5 12 11 10 3 1 0 
2 1 3 10 11 12 5 12 13 8 7 0 
2 1 3 4 5 12 13 8 7 0 
2 1 3 4 5 12 11 8 7 0 
2 0 7 6 4 5 12 13 8 7 0 
2 5 9 8 7 0 
2 1 3 4 5 2 0 
2 1 0 7 6 4 5 9 8 7 0 
2 1 3 10 13 12 5 12 13 8 7 0 
2 0 1 3 4 5 9 8 7 0 
2 0 7 8 9 5 4 6 7 0 
2 0 7 6 4 5 2 1 0 
2 0 7 6 4 5 4 6 7 0 
2 0 7 8 11 12 5 4 6 7 0 
2 1 3 10 11 12 5 12 11 8 7 0 
2 1 0 7 6 4 5 4 3 1 0 
2 1 3 10 11 12 5 12 11 10 3 1 0 
2 1 0 7 6 4 5 12 13 10 3 1 0 
2 0 7 6 4 5 12 11 10 3 1 0 
---------------
Request id 5
2 0 7 8 13 12 5 2 1 
2 0 7 6 4 5 12 11 10 3 1 
2 1 3 4 5 2 1 
2 0 7 8 13 12 5 4 6 7 0 1 
2 1 0 7 6 4 5 2 0 1 
2 1 0 7 6 4 5 9 8 7 0 1 
2 0 1 3 4 5 12 11 8 7 0 1 
2 0 1 3 4 5 9 8 7 0 2 1 
2 1 3 10 11 12 5 4 6 7 0 1 
2 0 7 6 4 5 9 8 7 0 1 
2 0 7 6 4 5 9 8 7 0 2 1 
2 0 7 8 13 12 5 9 8 7 0 1 
2 0 1 3 4 5 9 8 7 0 1 
2 1 3 4 5 12 11 8 7 0 1 
2 1 3 10 11 12 5 9 8 7 0 1 
2 0 7 8 9 5 9 8 7 0 2 1 
2 1 3 10 13 12 5 9 8 7 0 2 1 
2 0 7 6 4 5 4 6 7 0 1 
2 0 7 8 9 5 4 6 7 0 1 
2 1 3 10 11 12 5 9 8 7 0 2 1 
2 1 3 10 13 12 5 4 3 1 
2 1 3 4 5 12 11 10 3 1 
2 1 3 4 5 2 0 1 
2 1 3 10 13 12 5 9 8 13 10 3 1 
2 0 7 8 11 12 5 12 13 10 3 1 
2 0 7 6 4 5 2 0 1 
2 1 3 10 13 12 5 9 8 7 0 1 
2 5 12 11 10 3 1 
2 1 3 10 13 12 5 2 0 1 
2 0 7 8 13 12 5 9 8 13 10 3 1 
2 5 4 6 7 0 1 
2 0 7 6 4 5 12 13 10 3 1 
2 0 7 8 13 12 5 4 3 1 
2 0 7 8 9 5 12 11 10 3 1 
2 1 3 10 13 12 5 12 11 10 3 1 
2 1 3 10 11 12 5 2 1 
2 1 0 7 6 4 5 12 11 10 3 1 
2 1 3 10 13 12 5 12 11 8 7 0 1 
2 0 1 3 4 5 9 8 13 10 3 1 
2 1 3 10 11 12 5 12 13 10 3 1 
---------------
Request id 13
0 2 5 5 5 9 8 11 10 
0 7 8 9 5 5 5 12 11 10 
0 7 6 4 5 5 5 4 6 7 8 11 10 
0 7 8 13 12 5 5 5 2 0 1 3 10 
0 1 3 4 5 5 5 12 13 10 
0 2 1 3 4 5 5 5 4 3 10 
0 1 3 4 5 5 5 9 8 11 10 
0 2 5 5 5 12 13 10 
0 7 6 4 5 5 5 4 3 10 
0 1 3 10 13 12 5 5 5 9 8 11 10 
0 2 1 3 4 5 5 5 2 0 1 3 10 
0 7 8 9 5 5 5 4 3 10 
0 1 2 5 5 5 9 8 13 10 
0 2 5 5 5 12 11 8 13 10 
0 2 1 3 4 5 5 5 4 6 7 8 11 10 
0 7 8 13 12 5 5 5 12 13 10 
0 1 2 5 5 5 9 8 11 10 
0 1 3 10 11 12 5 5 5 4 6 7 8 11 10 
0 7 8 11 12 5 5 5 2 0 1 3 10 
0 2 1 3 4 5 5 5 12 13 10 
0 7 8 9 5 5 5 2 1 3 10 
0 7 8 9 5 5 5 12 11 8 13 10 
0 2 5 5 5 4 6 7 8 11 10 
0 1 3 4 5 5 5 12 11 10 
0 1 3 10 11 12 5 5 5 12 11 8 13 10 
0 1 3 10 11 12 5 5 5 12 13 8 11 10 
0 7 6 4 5 5 5 9 8 13 10 
0 1 2 5 5 5 12 11 10 
0 2 1 3 4 5 5 5 9 8 11 10 
0 1 2 5 5 5 12 13 10 
0 2 5 5 5 4 3 10 
0 2 1 3 4 5 5 5 12 13 8 11 10 
0 2 1 3 4 5 5 5 12 11 10 
0 2 5 5 5 2 1 3 10 
0 1 2 5 5 5 2 0 1 3 10 
0 1 3 10 11 12 5 5 5 2 1 3 10 
0 7 8 11 12 5 5 5 4 3 10 
0 7 8 11 12 5 5 5 9 8 11 10 
0 2 5 5 5 12 13 8 11 10 
0 1 3 10 13 12 5 5 5 12 11 8 13 10 
---------------
Request id 16
10 13 8 9 5 12 11 10 13 
10 11 8 9 5 12 13 
10 3 4 5 2 0 7 8 13 
10 13 8 9 5 9 8 11 12 13 
10 3 4 5 4 6 7 8 13 
10 11 12 5 4 6 7 8 13 
10 3 1 2 5 12 11 10 13 
10 3 1 0 2 5 9 8 13 
10 13 8 9 5 4 6 7 8 13 
10 3 4 5 12 13 
10 11 12 5 4 3 10 13 
10 11 8 9 5 4 3 10 13 
10 11 12 5 9 8 13 
10 13 8 9 5 9 8 13 
10 13 8 7 6 4 5 4 6 7 8 13 
10 13 8 7 6 4 5 9 8 13 
10 3 1 2 5 9 8 11 12 13 
10 3 4 5 9 8 13 
10 13 8 9 5 2 1 3 10 13 
10 3 1 0 2 5 12 11 10 13 
10 11 8 13 12 5 12 11 10 13 
10 3 1 0 2 5 9 8 11 12 13 
10 13 8 7 6 4 5 12 11 10 13 
10 11 12 5 9 8 11 10 13 
10 13 12 5 12 11 10 13 
10 3 1 0 2 5 4 3 10 13 
10 13 8 11 12 5 2 0 7 8 13 
10 3 1 2 5 4 3 10 13 
10 13 8 7 6 4 5 9 8 11 12 13 
10 13 8 11 12 5 12 13 
10 11 8 9 5 2 1 3 10 13 
10 11 8 13 12 5 9 8 13 
10 13 12 5 2 1 3 10 13 
10 3 1 2 5 2 1 3 10 13 
10 13 8 9 5 9 8 11 10 13 
10 11 8 9 5 9 8 13 
10 3 1 0 2 5 2 1 3 10 13 
10 3 1 0 2 5 12 13 
10 11 8 13 12 5 2 1 3 10 13 
10 3 1 2 5 2 0 7 8 13 
---------------
Request id 12
12 13 8 7 0 2 5 5 2 0 1 3 10 
12 13 8 7 6 4 5 5 4 3 10 
12 13 8 7 6 4 5 5 12 13 8 11 10 
12 13 10 3 4 5 5 12 11 8 13 10 
12 13 10 3 1 2 5 5 9 8 11 10 
12 11 8 9 5 5 12 11 8 13 10 
12 11 8 9 5 5 9 8 13 10 
12 13 10 3 1 2 5 5 12 13 8 11 10 
12 13 10 11 8 9 5 5 4 3 10 
12 13 10 3 1 2 5 5 9 8 11 12 13 10 
12 13 10 3 4 5 5 9 8 13 10 
12 11 8 7 6 4 5 5 4 3 10 
12 13 10 3 1 2 5 5 9 8 13 10 
12 13 8 9 5 5 4 3 10 
12 13 10 3 4 5 5 12 13 8 11 10 
12 13 8 7 0 2 5 5 12 13 10 
12 13 8 9 5 5 12 13 10 
12 13 10 3 1 2 5 5 12 11 8 13 10 
12 11 8 7 6 4 5 5 2 0 1 3 10 
12 13 8 9 5 5 9 8 11 10 
12 5 5 4 3 10 
12 11 8 7 6 4 5 5 9 8 11 12 13 10 
12 13 8 7 6 4 5 5 12 11 8 13 10 
12 13 10 11 8 9 5 5 12 13 8 11 10 
12 5 5 12 11 10 
12 13 8 7 6 4 5 5 12 13 10 
12 13 10 11 8 9 5 5 9 8 13 10 
12 5 5 9 8 13 10 
12 5 5 9 8 11 10 
12 13 8 7 0 2 5 5 12 11 8 13 10 
12 11 10 3 4 5 5 12 13 8 11 10 
12 13 8 7 6 4 5 5 2 1 3 10 
12 5 5 12 13 8 11 10 
12 11 10 3 4 5 5 12 11 10 
12 13 10 11 8 9 5 5 9 8 11 10 
12 11 8 9 5 5 12 11 10 
12 11 8 9 5 5 2 0 1 3 10 
12 13 10 11 8 9 5 5 12 11 10 
12 13 10 3 1 2 5 5 12 11 10 
12 11 8 9 5 5 9 8 11 10 
---------------
Request id 10
3 10 13 12 5 4 3 1 2 
3 4 6 7 0 2 5 9 8 7 0 1 2 
3 1 2 5 9 8 7 0 1 2 
3 10 11 8 9 5 4 3 1 2 
3 10 13 8 9 5 12 13 8 7 0 2 
3 4 5 4 3 1 0 2 
3 10 13 8 9 5 12 11 8 7 0 2 
3 10 13 12 5 9 8 7 0 1 2 
3 1 0 2 5 4 6 7 0 2 
3 4 5 12 11 10 3 1 2 
3 10 13 12 5 4 3 1 0 2 
3 10 13 8 9 5 4 6 7 0 2 
3 10 13 12 5 12 13 8 7 0 2 
3 10 11 12 5 2 
3 10 11 12 5 12 11 8 7 0 2 
3 10 11 8 9 5 4 6 7 0 1 2 
3 10 11 8 9 5 4 6 7 0 2 
3 10 11 8 13 12 5 4 6 7 0 1 2 
3 4 6 7 0 2 5 12 13 8 7 0 2 
3 10 11 8 13 12 5 12 11 8 7 0 2 
3 10 13 8 11 12 5 4 3 1 2 
3 1 0 2 5 9 8 7 0 2 
3 4 5 4 6 7 0 2 
3 1 2 5 12 13 8 7 0 2 
3 10 11 8 13 12 5 9 8 7 0 1 2 
3 4 5 4 6 7 0 1 2 
3 10 11 8 13 12 5 12 13 8 7 0 2 
3 1 2 5 12 11 10 3 1 2 
3 10 13 8 9 5 12 11 10 3 1 2 
3 1 2 5 12 11 8 7 0 2 
3 10 13 8 9 5 4 3 1 0 2 
3 10 13 8 11 12 5 2 
3 10 11 8 9 5 9 8 7 0 1 2 
3 4 6 7 0 2 5 4 6 7 0 2 
3 10 11 8 13 12 5 12 11 10 3 1 2 
3 10 11 8 13 12 5 4 3 1 2 
3 10 11 8 13 12 5 2 
3 1 2 5 4 6 7 0 2 
3 10 13 8 11 12 5 4 6 7 0 2 
3 4 6 7 0 2 5 4 3 1 2 
---------------
Request id 19
6 7 8 11 12 5 5 9 8 11 
6 7 8 11 12 5 5 4 3 10 11 
6 7 0 1 2 5 5 4 3 10 11 
6 7 8 9 5 5 4 3 10 11 
6 4 3 1 2 5 5 12 11 
6 7 0 2 5 5 9 8 13 12 11 
6 7 0 2 5 5 12 13 10 11 
6 7 8 11 12 5 5 12 13 8 11 
6 7 0 1 3 4 5 5 4 6 7 8 11 
6 7 0 2 5 5 12 11 
6 7 8 11 12 5 5 12 13 10 11 
6 7 8 13 12 5 5 2 1 3 10 11 
6 4 3 10 13 12 5 5 12 13 10 11 
6 7 8 9 5 5 4 6 7 8 11 
6 7 8 11 12 5 5 2 0 7 8 11 
6 4 3 10 11 12 5 5 12 13 8 11 
6 7 0 1 3 4 5 5 12 11 
6 7 8 9 5 5 9 8 13 10 11 
6 4 3 10 11 12 5 5 9 8 13 12 11 
6 7 8 11 12 5 5 12 11 
6 4 5 5 4 3 10 11 
6 4 3 10 11 12 5 5 2 0 7 8 11 
6 7 0 1 3 4 5 5 2 1 3 10 11 
6 7 0 1 2 5 5 12 13 10 11 
6 4 3 10 13 12 5 5 12 13 8 11 
6 7 0 2 5 5 2 0 7 8 11 
6 7 0 2 5 5 4 6 7 8 11 
6 4 3 1 2 5 5 2 0 7 8 11 
6 7 8 13 12 5 5 2 0 7 8 11 
6 4 5 5 9 8 13 10 11 
6 4 5 5 12 11 
6 7 8 13 12 5 5 4 6 7 8 11 
6 4 5 5 2 1 3 10 11 
6 4 3 1 2 5 5 4 6 7 8 11 
6 7 0 1 2 5 5 2 0 7 8 11 
6 7 0 2 5 5 9 8 11 
6 4 3 10 11 12 5 5 12 11 
6 7 8 13 12 5 5 9 8 13 10 11 
6 4 5 5 9 8 13 12 11 
6 4 3 1 2 5 5 12 13 8 11 
---------------
Request id 1
4 3 1 0 2 5 12 13 10 11 8 
4 3 10 13 12 5 4 3 10 13 8 
4 6 7 8 9 5 4 3 10 13 8 
4 3 10 13 12 5 4 6 7 8 
4 5 12 13 8 
4 3 10 11 12 5 12 13 8 
4 6 7 8 13 12 5 12 13 10 11 8 
4 3 10 13 12 5 2 1 0 7 8 
4 3 10 13 12 5 12 13 8 
4 6 7 8 11 12 5 4 3 10 13 8 
4 6 7 8 13 12 5 9 8 
4 3 1 2 5 2 1 0 7 8 
4 6 7 0 2 5 9 8 
4 3 1 2 5 12 11 8 
4 3 1 2 5 4 3 10 13 8 
4 3 1 2 5 9 8 
4 6 7 8 11 12 5 12 11 10 13 8 
4 6 7 0 2 5 2 0 7 8 
4 5 12 11 10 13 8 
4 5 2 0 7 8 
4 3 1 0 2 5 12 13 8 
4 6 7 8 13 12 5 12 11 8 
4 6 7 8 9 5 12 11 8 
4 5 4 3 10 11 8 
4 3 1 0 2 5 2 1 0 7 8 
4 3 1 0 2 5 2 0 7 8 
4 3 10 11 8 9 5 9 8 
4 5 12 11 8 
4 6 7 8 11 12 5 4 6 7 8 
4 3 1 0 2 5 9 8 
4 3 1 2 5 12 11 10 13 8 
4 6 7 0 2 5 12 13 8 
4 3 10 11 12 5 12 13 10 11 8 
4 3 10 11 8 9 5 4 6 7 8 
4 6 7 8 9 5 2 1 0 7 8 
4 3 10 11 8 9 5 12 11 10 13 8 
4 6 7 8 9 5 12 11 10 13 8 
4 3 10 11 8 9 5 2 0 7 8 
4 3 1 0 2 5 4 3 10 11 8 
4 3 1 2 5 12 13 8 
---------------
Request id 2
10 13 8 11 12 5 5 5 2 0 1 3 4 
10 11 12 5 5 5 2 0 1 3 4 
10 11 8 13 12 5 5 5 4 
10 11 8 7 6 4 5 5 5 12 11 8 7 6 4 
10 13 8 9 5 5 5 2 0 7 6 4 
10 11 8 7 6 4 5 5 5 12 11 10 3 4 
10 11 12 5 5 5 12 11 8 7 6 4 
10 13 12 5 5 5 12 11 8 7 6 4 
10 3 4 5 5 5 2 0 7 6 4 
10 11 8 13 12 5 5 5 9 8 7 6 4 
10 13 8 11 12 5 5 5 4 
10 3 1 2 5 5 5 2 1 0 7 6 4 
10 13 8 9 5 5 5 2 1 3 4 
10 11 8 7 6 4 5 5 5 9 8 11 10 3 4 
10 11 8 13 12 5 5 5 2 1 0 7 6 4 
10 3 4 5 5 5 9 8 7 6 4 
10 3 1 0 2 5 5 5 2 0 1 3 4 
10 13 12 5 5 5 9 8 7 6 4 
10 13 8 9 5 5 5 12 11 8 7 6 4 
10 3 4 5 5 5 12 11 8 7 6 4 
10 11 12 5 5 5 12 13 10 3 4 
10 11 8 9 5 5 5 2 0 7 6 4 
10 13 8 9 5 5 5 9 8 11 10 3 4 
10 3 4 5 5 5 12 13 10 3 4 
10 11 8 9 5 5 5 12 11 10 3 4 
10 3 1 0 2 5 5 5 12 11 10 3 4 
10 3 1 2 5 5 5 9 8 7 6 4 
10 11 8 7 6 4 5 5 5 2 0 1 3 4 
10 3 1 2 5 5 5 12 13 10 3 4 
10 11 8 13 12 5 5 5 12 11 8 7 6 4 
10 11 8 13 12 5 5 5 12 11 10 3 4 
10 11 8 9 5 5 5 12 13 10 3 4 
10 13 8 9 5 5 5 2 0 1 3 4 
10 3 1 0 2 5 5 5 2 0 7 6 4 
10 13 8 11 12 5 5 5 2 1 0 7 6 4 
10 3 1 2 5 5 5 12 11 10 3 4 
10 11 8 13 12 5 5 5 2 0 7 6 4 
10 11 8 9 5 5 5 2 1 0 7 6 4 
10 13 8 11 12 5 5 5 9 8 7 6 4 
10 3 1 0 2 5 5 5 12 13 10 3 4 
---------------
Request id 17
3 4 6 7 0 2 5 5 5 12 13 8 9 
3 1 0 2 5 5 5 12 11 8 9 
3 10 11 8 9 5 5 5 12 13 8 9 
3 10 11 12 5 5 5 12 13 8 9 
3 4 6 7 0 2 5 5 5 4 6 7 8 9 
3 10 11 12 5 5 5 4 3 10 11 8 9 
3 10 13 8 11 12 5 5 5 12 13 10 11 8 9 
3 1 2 5 5 5 9 
3 4 6 7 0 2 5 5 5 4 3 10 13 8 9 
3 10 11 12 5 5 5 12 13 10 11 8 9 
3 4 5 5 5 12 13 10 11 8 9 
3 10 13 8 9 5 5 5 9 
3 10 11 12 5 5 5 4 3 10 13 8 9 
3 4 5 5 5 12 13 8 9 
3 10 13 8 9 5 5 5 2 0 7 8 9 
3 4 5 5 5 12 11 8 9 
3 10 11 8 13 12 5 5 5 12 11 10 13 8 9 
3 10 11 8 9 5 5 5 2 1 0 7 8 9 
3 10 11 12 5 5 5 4 6 7 8 9 
3 10 11 8 13 12 5 5 5 4 3 10 13 8 9 
3 10 13 8 9 5 5 5 4 3 10 13 8 9 
3 1 2 5 5 5 12 13 10 11 8 9 
3 10 11 12 5 5 5 2 1 0 7 8 9 
3 10 13 8 11 12 5 5 5 2 0 7 8 9 
3 1 2 5 5 5 4 3 10 11 8 9 
3 10 11 8 13 12 5 5 5 9 
3 10 11 8 13 12 5 5 5 12 13 10 11 8 9 
3 10 13 8 9 5 5 5 12 13 8 9 
3 10 11 8 9 5 5 5 12 11 8 9 
3 1 2 5 5 5 12 13 8 9 
3 1 0 2 5 5 5 9 
3 4 6 7 0 2 5 5 5 4 3 10 11 8 9 
3 1 2 5 5 5 2 0 7 8 9 
3 10 13 8 11 12 5 5 5 2 1 0 7 8 9 
3 1 0 2 5 5 5 4 3 10 13 8 9 
3 10 11 12 5 5 5 2 0 7 8 9 
3 10 13 12 5 5 5 4 6 7 8 9 
3 10 13 8 11 12 5 5 5 12 11 8 9 
3 4 5 5 5 4 6 7 8 9 
3 4 6 7 0 2 5 5 5 12 11 10 13 8 9 
---------------
Request id 20
3 1 2 5 9 
3 10 11 8 13 12 5 12 13 8 9 
3 1 2 5 12 13 10 11 8 9 
3 1 2 5 12 11 8 9 
3 4 5 9 
3 10 13 8 9 5 4 3 10 11 8 9 
3 10 11 12 5 4 3 10 11 8 9 
3 1 2 5 4 3 10 11 8 9 
3 10 11 12 5 12 11 8 9 
3 1 0 2 5 12 11 8 9 
3 10 11 12 5 4 6 7 8 9 
3 4 5 2 1 0 7 8 9 
3 1 0 2 5 2 1 0 7 8 9 
3 4 6 7 0 2 5 2 1 0 7 8 9 
3 4 5 2 0 7 8 9 
3 1 0 2 5 4 3 10 11 8 9 
3 1 2 5 4 3 10 13 8 9 
3 10 11 8 9 5 12 11 8 9 
3 1 0 2 5 9 
3 10 13 8 11 12 5 9 
3 10 13 12 5 12 13 8 9 
3 10 11 12 5 12 13 8 9 
3 1 2 5 2 1 0 7 8 9 
3 1 2 5 2 0 7 8 9 
3 10 11 8 13 12 5 12 11 10 13 8 9 
3 1 2 5 12 11 10 13 8 9 
3 10 13 8 11 12 5 4 3 10 13 8 9 
3 10 13 12 5 2 0 7 8 9 
3 4 6 7 0 2 5 4 6 7 8 9 
3 10 13 8 11 12 5 12 13 10 11 8 9 
3 1 0 2 5 12 11 10 13 8 9 
3 10 11 12 5 4 3 10 13 8 9 
3 10 11 12 5 12 11 10 13 8 9 
3 10 13 8 9 5 2 0 7 8 9 
3 4 5 4 3 10 13 8 9 
3 10 11 12 5 2 1 0 7 8 9 
3 10 13 8 11 12 5 4 6 7 8 9 
3 10 13 12 5 12 11 8 9 
3 10 11 8 9 5 4 3 10 13 8 9 
3 10 13 8 11 12 5 12 13 8 9 
---------------
Request id 11
9 8 13 10 11 12 5 5 5 4 3 
9 8 13 10 11 12 5 5 5 12 11 10 3 
9 8 7 0 2 5 5 5 2 0 1 3 
9 8 13 10 11 12 5 5 5 4 6 7 0 1 3 
9 8 13 12 5 5 5 4 3 
9 8 11 12 5 5 5 9 8 13 10 3 
9 8 13 10 11 12 5 5 5 9 8 13 10 3 
9 8 7 6 4 5 5 5 9 8 13 10 3 
9 8 11 12 5 5 5 2 0 7 6 4 3 
9 8 11 10 3 4 5 5 5 4 6 7 0 1 3 
9 8 13 10 3 4 5 5 5 2 0 7 6 4 3 
9 8 11 12 5 5 5 9 8 11 10 3 
9 8 13 10 11 12 5 5 5 9 8 11 10 3 
9 5 5 5 2 0 1 3 
9 5 5 5 2 0 7 6 4 3 
9 8 7 0 2 5 5 5 2 0 7 6 4 3 
9 8 11 10 13 12 5 5 5 12 13 10 3 
9 8 7 0 2 5 5 5 9 8 11 10 3 
9 8 11 12 5 5 5 4 6 7 0 1 3 
9 8 13 12 5 5 5 2 0 7 6 4 3 
9 5 5 5 12 13 10 3 
9 8 7 6 4 5 5 5 4 3 
9 5 5 5 9 8 13 10 3 
9 8 11 10 3 4 5 5 5 9 8 13 10 3 
9 8 13 10 3 4 5 5 5 4 6 7 0 1 3 
9 8 11 10 3 4 5 5 5 12 13 10 3 
9 8 13 10 3 4 5 5 5 2 0 1 3 
9 8 13 10 3 4 5 5 5 2 1 3 
9 8 11 10 13 12 5 5 5 9 8 11 10 3 
9 8 13 12 5 5 5 2 0 1 3 
9 8 13 12 5 5 5 4 6 7 0 1 3 
9 8 7 6 4 5 5 5 2 0 7 6 4 3 
9 8 13 10 3 4 5 5 5 12 11 8 13 10 3 
9 8 11 10 13 12 5 5 5 12 11 8 13 10 3 
9 8 7 0 2 5 5 5 9 8 13 10 3 
9 8 11 10 3 4 5 5 5 2 0 1 3 
9 8 7 0 1 2 5 5 5 2 1 3 
9 8 13 12 5 5 5 12 11 8 13 10 3 
9 8 7 0 1 2 5 5 5 9 8 13 10 3 
9 8 11 12 5 5 5 12 11 8 13 10 3 
---------------
Request id 14
6 7 8 9 5 12 11 8 13 
6 7 8 9 5 4 6 7 8 13 
6 7 0 1 3 4 5 4 6 7 8 13 
6 7 0 1 3 4 5 9 8 11 12 13 
6 4 5 4 3 10 13 
6 7 8 13 12 5 9 8 13 
6 4 3 10 13 12 5 4 3 10 13 
6 7 0 2 5 12 13 
6 4 3 1 2 5 4 3 10 13 
6 4 3 1 2 5 12 13 
6 4 3 1 2 5 9 8 13 
6 4 3 10 13 12 5 2 1 3 10 13 
6 4 5 4 6 7 8 13 
6 7 0 1 2 5 2 0 7 8 13 
6 4 3 1 2 5 2 0 7 8 13 
6 7 0 2 5 2 1 3 10 13 
6 7 8 11 12 5 2 0 7 8 13 
6 7 0 2 5 9 8 11 12 13 
6 7 0 1 2 5 12 13 
6 4 3 10 13 12 5 2 0 7 8 13 
6 4 3 10 13 12 5 12 11 8 13 
6 4 3 1 0 2 5 12 13 
6 7 0 1 3 4 5 12 11 10 13 
6 7 8 13 12 5 4 6 7 8 13 
6 4 3 1 0 2 5 12 11 8 13 
6 7 8 11 12 5 9 8 11 12 13 
6 7 8 9 5 12 11 10 13 
6 7 0 1 3 4 5 2 1 3 10 13 
6 7 8 13 12 5 2 0 7 8 13 
6 7 0 2 5 4 3 10 13 
6 4 5 9 8 11 10 13 
6 7 8 11 12 5 9 8 11 10 13 
6 4 3 1 0 2 5 9 8 11 10 13 
6 7 0 2 5 12 11 8 13 
6 4 5 2 1 3 10 13 
6 4 3 1 0 2 5 2 1 3 10 13 
6 7 0 1 2 5 9 8 11 10 13 
6 7 0 1 3 4 5 2 0 7 8 13 
6 7 0 1 3 4 5 12 11 8 13 
6 7 0 1 2 5 12 11 10 13 
---------------
Request id 15
10 13 8 11 12 5 5 12 11 8 
10 11 12 5 5 4 6 7 8 
10 13 12 5 5 4 3 10 13 8 
10 3 4 5 5 4 3 10 11 8 
10 13 8 7 6 4 5 5 2 1 0 7 8 
10 13 8 11 12 5 5 12 11 10 13 8 
10 13 8 11 12 5 5 9 8 
10 13 8 11 12 5 5 2 0 7 8 
10 11 8 13 12 5 5 12 11 10 13 8 
10 13 8 9 5 5 12 11 8 
10 11 12 5 5 9 8 
10 11 12 5 5 12 13 8 
10 3 4 5 5 4 3 10 13 8 
10 3 1 0 2 5 5 4 3 10 11 8 
10 3 4 5 5 2 1 0 7 8 
10 13 12 5 5 4 6 7 8 
10 13 12 5 5 2 0 7 8 
10 13 8 9 5 5 4 3 10 11 8 
10 11 12 5 5 12 13 10 11 8 
10 3 1 2 5 5 12 13 8 
10 13 8 9 5 5 4 3 10 13 8 
10 11 12 5 5 4 3 10 13 8 
10 13 12 5 5 9 8 
10 11 8 9 5 5 2 0 7 8 
10 3 1 0 2 5 5 12 13 8 
10 3 1 2 5 5 12 11 10 13 8 
10 13 8 7 6 4 5 5 12 11 8 
10 3 1 0 2 5 5 12 13 10 11 8 
10 13 12 5 5 12 11 8 
10 11 8 9 5 5 4 3 10 11 8 
10 13 8 9 5 5 12 11 10 13 8 
10 11 12 5 5 12 11 8 
10 13 8 11 12 5 5 12 13 10 11 8 
10 11 8 13 12 5 5 12 13 10 11 8 
10 11 8 13 12 5 5 2 1 0 7 8 
10 11 8 9 5 5 4 3 10 13 8 
10 11 8 9 5 5 2 1 0 7 8 
10 11 8 9 5 5 4 6 7 8 
10 3 1 2 5 5 4 3 10 13 8 
10 11 8 9 5 5 12 13 8 
---------------
